+21  -115  -110  -108  -93  -88  -83  -82  -77  -72  -69  -67  -62  -57  -57  -55  -51  -46  -44  -39  -39  -28  -18  -13  +15  +19  +27  +34  +37  +49  +67  +77  +158  +282  +345  +347  
+22  -109  -93  -89  -88  -81  -80  -75  -72  -71  -67  -65  -62  -61  -59  -50  -49  -43  -42  -41  -37  -37  -35  -33  -20  -20  -19  -9  -5  +10  +15  +17  +23  +34  +40  +58  +60  +63  +115  +153  +168  +185  +210  +349  
+23  -145  -123  -116  -115  -112  -112  -96  -94  -68  -66  -65  -65  -60  -60  -44  -40  -35  -25  +0  +20  +22  +50  +105  +110  +124  +170  +325  +520  
+24  -95  -91  -88  -81  -78  -76  -75  -65  -60  -54  -49  -45  -41  -26  -26  -11  -11  -3  -1  +1  +4  +9  +27  +37  +47  +63  +73  +84  +119  +244  +256  
+25  -119  -115  -95  -92  -81  -77  -76  -74  -70  -67  -59  -57  -48  -39  -33  -33  -27  -23  -18  -4  +2  +27  +43  +47  +47  +72  +77  +142  +332  +407  
+26  -89  -76  -76  -69  -62  -55  -54  -51  -37  -33  -31  -31  -26  -26  -5  +5  +5  +15  +20  +40  +45  +75  +130  +385  
+27  -100  -74  -48  -44  -44  -39  -38  -19  -4  +8  +46  +91  +128  +141  
+28  -112  -109  -88  -84  -81  -77  -68  -53  -43  -43  -38  -18  -3  +0  +2  +8  +9  +87  +116  +167  +421  
+29  -130  -119  -108  -106  -79  -54  +7  +10  +26  +36  +65  +134  +141  +176  
+30  -151  -110  -91  -62  -39  -18  +31  +51  +119  +266  
+31  -112  -112  -108  -97  -82  -40  -37  -2  +8  +9  +55  +522  
+33  -77  -74  -57  -49  +12  +33  +36  +36  +39  +44  +60  
+34  -180  -140  -129  -83  -29  +133  +143  +286  
+36  -79  -77  -20  +25  +44  +50  +60  
+37  -73  -54  -31  -15  -1  +14  +74  +84  
+39  -75  -49  -9  -2  +16  +51  +69  
+42  -110  -53  -31  -28  -3  +38  +184  
+43  -152  -114  -71  -56  -1  +9  +34  +50  +299  
