-180
-152
-151
-145
-140
-130
-129
-123
-119
-116
-115
-114
-112
-110
-109
-108
-106
-100
-97
-96
-95
-94
-93
-92
-91
-89
-88
-84
-83
-82
-81
-80
-79
-78
-77
-76
-75
-74
-73
-72
-71
-70
-69
-68
-67
-66
-65
-62
-61
-60
-59
-57
-56
-55
-54
-53
-51
-50
-49
-48
-46
-45
-44
-43
-42
-41
-40
-39
-38
-37
-35
-33
-31
-29
-28
-27
-26
-25
-23
-20
-19
-18
-15
-13
-11
-9
-5
-4
-3
-2
-1
+0
+1
+2
+4
+5
+7
+8
+9
+10
+12
+14
+15
+16
+17
+19
+20
+22
+23
+25
+26
+27
+31
+33
+34
+36
+37
+38
+39
+40
+43
+44
+45
+46
+47
+49
+50
+51
+55
+58
+60
+63
+65
+67
+69
+72
+73
+74
+75
+77
+84
+87
+91
+105
+110
+115
+116
+119
+124
+128
+130
+133
+134
+141
+142
+143
+153
+158
+167
+168
+170
+176
+184
+185
+210
+244
+256
+266
+282
+286
+299
+325
+332
+345
+347
+349
+385
+407
+421
+520
+522
