+21  +18  +23  +25  +40  +45  +50  +51  +56  +61  +64  +66  +71  +76  +76  +78  +82  +87  +89  +94  +94  +105  +115  +120  +148  +152  +160  +167  +170  +182  +200  +210  +291  +415  +478  +480  
+22  +16  +32  +36  +37  +44  +45  +50  +53  +54  +58  +60  +63  +64  +66  +75  +76  +82  +83  +84  +88  +88  +90  +92  +105  +105  +106  +116  +120  +135  +140  +142  +148  +159  +165  +183  +185  +188  +240  +278  +293  +310  +335  +474  
+23  +15  +37  +44  +45  +48  +48  +64  +66  +92  +94  +95  +95  +100  +100  +116  +120  +125  +135  +160  +180  +182  +210  +265  +270  +284  +330  +485  +680  
+24  +36  +40  +43  +50  +53  +55  +56  +66  +71  +77  +82  +86  +90  +105  +105  +120  +120  +128  +130  +132  +135  +140  +158  +168  +178  +194  +204  +215  +250  +375  +387  
+25  +14  +18  +38  +41  +52  +56  +57  +59  +63  +66  +74  +76  +85  +94  +100  +100  +106  +110  +115  +129  +135  +160  +176  +180  +180  +205  +210  +275  +465  +540  
+26  +36  +49  +49  +56  +63  +70  +71  +74  +88  +92  +94  +94  +99  +99  +120  +130  +130  +140  +145  +165  +170  +200  +255  +510  
+27  +44  +70  +96  +100  +100  +105  +106  +125  +140  +152  +190  +235  +272  +285  
+28  +46  +49  +70  +74  +77  +81  +90  +105  +115  +115  +120  +140  +155  +158  +160  +166  +167  +245  +274  +325  +579  
+29  +54  +65  +76  +78  +105  +130  +191  +194  +210  +220  +249  +318  +325  +360  
+30  +23  +64  +83  +112  +135  +156  +205  +225  +293  +440  
+31  +110  +110  +114  +125  +140  +182  +185  +220  +230  +231  +277  +744  
+33  +55  +58  +75  +83  +144  +165  +168  +168  +171  +176  +192  
+34  +79  +119  +130  +176  +230  +392  +402  +545  
+36  +71  +73  +130  +175  +194  +200  +210  
+37  +68  +87  +110  +126  +140  +155  +215  +225  
+39  +49  +75  +115  +122  +140  +175  +193  
+42  +48  +105  +127  +130  +155  +196  +342  
+43  +29  +67  +110  +125  +180  +190  +215  +231  +480  
