+14  +25  
+15  +23  
+16  +22  
+18  +25  +21  
+22  +40  
+23  +30  +21  
+25  +21  
+29  +43  
+32  +22  
+36  +26  +24  +22  
+37  +23  +22  
+38  +25  
+40  +24  +21  
+41  +25  
+42  +35  
+43  +24  
+44  +27  +23  +22  
+45  +23  +21  +22  
+46  +28  
+48  +42  +23  +23  
+49  +26  +26  +39  +28  +47  
+50  +21  +24  +22  
+51  +21  
+52  +25  
+53  +22  +24  
+54  +22  +48  +32  +29  
+55  +33  +24  
+56  +26  +21  +48  +24  +25  
+57  +25  +32  
+58  +33  +22  
+59  +25  
+60  +22  +81  
+61  +21  
+63  +22  +26  +25  
+64  +21  +23  +30  +22  
+65  +29  
+66  +22  +21  +24  +25  +23  
+67  +43  +50  
+68  +37  
+70  +26  +28  +27  
+71  +36  +26  +24  +21  
+72  +35  
+73  +36  
+74  +25  +26  +28  
+75  +33  +22  +39  
+76  +22  +21  +25  +21  +29  
+77  +24  +28  
+78  +29  +21  
+79  +41  +34  
+81  +28  
+82  +22  +24  +21  
+83  +33  +22  +30  
+84  +22  
+85  +25  +38  
+86  +24  
+87  +21  +37  
+88  +26  +22  +35  +22  
+89  +21  
+90  +28  +35  +24  +22  
+91  +32  
+92  +22  +23  +26  
+94  +21  +23  +21  +40  +26  +25  +26  
+95  +23  +23  
+96  +32  +27  
+99  +26  +26  
+100  +27  +25  +23  +25  +23  +45  +27  
+105  +45  +29  +22  +24  +21  +28  +24  +27  +22  +42  +46  
+106  +22  +25  +27  
+108  +49  
+110  +57  +31  +43  +25  +31  +37  
+112  +30  
+114  +47  +31  
+115  +41  +39  +28  +28  +25  +21  
+116  +23  +22  
+119  +34  
+120  +32  +28  +23  +24  +22  +26  +24  +21  
+122  +39  +45  
+125  +27  +23  +43  +31  
+126  +46  +37  +54  
+127  +42  
+128  +24  
+129  +25  
+130  +29  +36  +26  +24  +34  +26  +35  +42  +40  
+132  +47  +24  
+135  +24  +30  +23  +51  +25  +22  
+140  +22  +26  +37  +31  +28  +45  +27  +24  +39  
+142  +22  
+144  +50  +33  
+145  +40  +26  +55  
+146  +51  
+148  +21  +22  
+150  +51  +48  
+152  +21  +27  
+155  +42  +37  +32  +28  
+156  +41  +30  +52  
+158  +28  +24  
+159  +22  
+160  +25  +28  +23  +21  
+165  +26  +53  +33  +22  
+166  +28  
+167  +28  +21  
+168  +33  +33  +24  +49  
+170  +26  +21  
+171  +33  
+175  +51  +39  +36  
+176  +34  +33  +25  
+178  +24  
+180  +25  +38  +43  +23  +46  +25  +63  
+182  +31  +21  +23  
+183  +22  
+184  +46  
+185  +22  +31  
+188  +22  
+190  +55  +61  +27  +43  
+191  +29  
+192  +33  +51  
+193  +39  
+194  +29  +24  +36  
+196  +42  
+200  +41  +26  +21  +36  
+204  +24  
+205  +30  +25  
+207  +56  +53  
+210  +29  +36  +25  +21  +23  
+215  +24  +43  +37  
+220  +31  +29  
+225  +30  +37  
+228  +40  
+230  +31  +34  
+231  +31  +43  
+235  +27  
+237  +51  
+240  +54  +22  
+245  +28  
+249  +29  
+250  +24  
+255  +26  
+258  +44  
+265  +58  +23  
+270  +23  
+271  +38  
+272  +27  
+274  +28  
+275  +25  
+277  +31  
+278  +22  
+280  +57  
+284  +23  
+285  +27  +58  
+291  +21  
+293  +30  +22  
+300  +58  
+304  +41  
+310  +22  
+318  +29  
+321  +40  
+325  +28  +29  +58  
+326  +60  
+328  +35  
+330  +23  
+335  +22  
+342  +42  
+360  +29  
+370  +46  
+375  +24  
+387  +24  
+392  +34  
+402  +34  
+415  +21  
+440  +30  
+465  +25  
+474  +22  
+478  +21  
+480  +21  +43  
+485  +23  
+495  +46  +60  
+510  +26  
+540  +25  
+543  +53  
+545  +34  
+579  +28  
+600  +52  
+680  +23  
+744  +31  
+846  +59  
