+200  -13  -12  -11  -10  -6  -4  -2  +1  +6  +6  +20  +23  
+213  -15  -12  -10  -8  -6  -4  -3  -2  -2  -2  +22  +23  +25  
+250  -21  -15  -15  -6  +8  +25  +26  
+300  -10  -10  -10  -6  -3  -2  +0  +5  +5  +10  +16  
+400  -20  -19  -19  -19  -19  -18  -18  -18  -18  -18  -18  -18  -17  -17  -17  -17  -17  -16  -16  -15  -15  -15  -15  -14  -13  -10  -9  -9  -8  -8  -8  -4  -4  -3  -3  -3  -2  -2  -2  -2  -2  -1  +0  +2  +5  +5  +5  +6  +6  +7  +9  +9  +10  +11  +14  +15  +17  +18  +19  +23  +24  +27  +30  +31  +32  +32  +38  +41  +43  
+425  -13  -13  -13  -13  -12  -12  -12  -12  -12  -12  -12  -12  -12  -12  -12  -12  -12  -11  -11  -11  -11  -11  -11  -11  -11  -11  -11  -11  -11  -11  -11  -10  -10  -10  -10  -10  -10  -10  -10  -10  -10  -10  -10  -10  -10  -10  -10  -9  -9  -9  -9  -9  -9  -9  -9  -9  -9  -9  -9  -9  -9  -9  -8  -8  -8  -8  -8  -8  -8  -8  -8  -7  -7  -7  -7  -7  -6  -6  -6  -6  -6  -6  -6  -6  -5  -5  -5  -5  -5  -5  -4  -4  -4  -4  -4  -4  -4  -4  -3  -3  -3  -2  -2  -2  -1  -1  +0  +0  +0  +0  +1  +1  +1  +1  +1  +1  +2  +3  +3  +4  +4  +5  +6  +6  +6  +6  +7  +7  +8  +8  +8  +9  +9  +9  +10  +11  +12  +12  +13  +14  +15  +15  +16  +16  +17  +17  +18  +19  +23  +23  +24  +24  +27  +28  +30  +30  +30  +32  +36  +36  +39  +39  +40  +43  +44  +45  +50  
+435  -14  -14  -14  -14  -13  -13  -13  -12  -12  -12  -12  -11  -11  -11  -11  -10  -10  -10  -10  -9  -9  -8  -8  -7  -7  -7  -7  -6  -5  -4  -1  -1  -1  +5  +12  +12  +13  +17  +21  +27  +36  +40  +46  +47  +50  
+445  -12  -12  -11  -4  -4  -4  +18  +25  
+450  -12  -11  -11  -11  -11  -11  -11  -11  -10  -10  -10  -10  -10  -10  -10  -10  -10  -10  -10  -10  -10  -10  -9  -9  -9  -9  -9  -9  -9  -9  -9  -8  -8  -8  -8  -8  -8  -8  -7  -7  -7  -7  -6  -6  -6  -6  -6  -5  -5  -5  -5  -4  -4  -4  -3  -3  -2  -2  -1  -1  -1  +0  +4  +4  +5  +6  +6  +6  +6  +7  +7  +8  +8  +9  +9  +10  +10  +11  +14  +15  +15  +15  +16  +17  +17  +18  +18  +18  +22  +22  +22  +22  +26  +32  +35  
+460  -14  -12  -9  -8  -5  +4  +12  +30  
+465  -12  -12  -12  -12  -11  -11  -9  -9  -8  -7  -7  -6  -5  -2  +2  +9  +20  +28  +34  +37  
+475  -13  -12  -12  -12  -12  -12  -11  -11  -11  -11  -11  -10  -10  -10  -10  -9  -9  -9  -9  -8  -8  -7  -7  -7  -6  -5  -5  -5  -5  -5  -4  -4  -2  -1  +2  +3  +7  +11  +11  +11  +13  +15  +17  +20  +21  +25  +27  +43  +45  
+485  -21  -21  -20  -19  -18  +0  +8  +10  +13  +29  +37  
+495  -16  -13  -13  +0  +0  +10  +30  
+500  -17  -17  -17  -16  -16  -16  -16  -16  -16  -16  -16  -16  -16  -16  -16  -15  -15  -15  -15  -15  -15  -15  -15  -15  -15  -15  -15  -15  -15  -15  -15  -14  -14  -14  -14  -14  -14  -14  -14  -14  -14  -14  -14  -14  -14  -14  -14  -14  -14  -14  -14  -14  -14  -14  -13  -13  -13  -13  -13  -13  -13  -13  -13  -13  -13  -13  -13  -13  -13  -13  -13  -13  -13  -13  -13  -13  -13  -13  -13  -12  -12  -12  -12  -12  -12  -12  -12  -12  -12  -12  -11  -11  -11  -11  -11  -11  -11  -11  -11  -11  -11  -11  -11  -10  -10  -10  -10  -10  -10  -10  -10  -10  -9  -9  -9  -9  -9  -9  -9  -9  -9  -9  -8  -8  -8  -8  -8  -8  -8  -7  -7  -7  -7  -7  -7  -6  -6  -6  -6  -5  -5  -5  -5  -5  -5  -5  -5  -4  -4  -4  -4  -3  -3  -3  -3  -3  -3  -3  -3  -3  -2  -2  -1  +0  +0  +0  +0  +1  +1  +1  +1  +1  +1  +1  +1  +1  +2  +2  +2  +3  +3  +3  +3  +3  +3  +3  +4  +4  +4  +4  +4  +4  +5  +5  +5  +5  +5  +5  +6  +6  +6  +6  +6  +7  +7  +7  +8  +8  +9  +9  +9  +9  +10  +10  +10  +10  +11  +11  +11  +12  +12  +12  +13  +13  +13  +13  +14  +14  +14  +14  +14  +15  +15  +15  +15  +15  +16  +16  +16  +17  +17  +17  +17  +18  +18  +18  +18  +19  +19  +19  +19  +19  +19  +20  +21  +21  +21  +21  +22  +22  +23  +23  +23  +23  +23  +24  +24  +24  +24  +25  +26  +26  +26  +26  +26  +26  +27  +27  +27  +28  +28  +29  +30  +31  +32  +33  +34  +35  +36  +37  +38  +42  
+515  -9  -8  -6  -5  -4  -1  -1  +0  +12  +24  
+525  -15  -14  -14  -14  -13  -13  -13  -13  -13  -13  -12  -12  -12  -12  -11  -11  -11  -11  -11  -11  -10  -10  -10  -9  -9  -9  -9  -8  -8  -7  -7  -6  -5  -4  -3  -2  -1  +3  +6  +6  +6  +6  +6  +7  +8  +10  +12  +12  +13  +14  +15  +16  +18  +18  +19  +19  +21  +22  +24  +37  +38  
+530  -28  -17  -12  -7  -4  -3  +5  +6  +15  +19  +22  
+535  -10  -9  -6  -3  +0  +5  +11  +15  
+540  -11  -10  -9  -6  -6  -6  +2  +11  +12  +23  
+545  -14  -11  -9  -7  -1  +1  +12  +30  
+550  -18  -17  -17  -17  -16  -16  -15  -15  -15  -15  -15  -15  -15  -15  -14  -14  -14  -14  -14  -14  -14  -14  -13  -13  -13  -13  -13  -13  -13  -13  -13  -12  -12  -12  -12  -12  -12  -11  -11  -11  -11  -11  -11  -11  -11  -11  -10  -10  -10  -9  -9  -9  -8  -8  -8  -8  -8  -6  -5  -4  -4  -3  -3  -3  -3  -2  -2  -1  -1  +0  +0  +0  +0  +0  +1  +2  +2  +3  +3  +3  +4  +4  +4  +4  +5  +5  +5  +5  +6  +7  +8  +9  +9  +9  +14  +14  +14  +15  +16  +17  +17  +18  +18  +19  +20  +21  +22  +23  +24  +25  +25  +25  +25  +29  +29  +30  +32  +35  +37  +37  
+560  -17  -9  -5  -2  -2  +0  +1  +3  +27  
+565  -15  -12  -11  -9  +0  +5  +9  +31  
+575  -21  -20  -19  -16  -16  -16  -15  -13  -12  -11  -9  -9  -8  -7  -3  +1  +1  +2  +2  +8  +9  +18  +19  +20  +20  +21  +21  +30  +31  
+580  -18  -17  -17  -7  -4  +18  +20  +22  
+585  -11  -11  -7  -7  -1  +0  +18  +22  
+600  -19  -18  -18  -17  -17  -17  -17  -16  -16  -16  -16  -16  -16  -16  -16  -16  -16  -15  -15  -15  -15  -15  -15  -15  -15  -15  -14  -14  -14  -14  -14  -14  -14  -14  -14  -14  -13  -13  -13  -13  -13  -13  -13  -13  -13  -13  -13  -13  -12  -12  -12  -12  -12  -12  -12  -12  -11  -11  -11  -11  -11  -11  -11  -11  -11  -11  -11  -11  -11  -11  -10  -10  -10  -10  -10  -10  -10  -10  -10  -10  -10  -9  -9  -9  -9  -9  -9  -9  -9  -9  -9  -9  -9  -8  -8  -8  -8  -8  -8  -8  -7  -7  -7  -6  -6  -6  -6  -6  -6  -6  -6  -5  -5  -5  -5  -5  -5  -5  -5  -4  -4  -3  -3  -3  -3  -3  -3  -3  -3  -3  -2  -2  -2  -2  -2  -2  -2  -2  -1  -1  -1  -1  +0  +0  +0  +0  +1  +1  +1  +2  +2  +2  +2  +3  +3  +3  +3  +3  +4  +4  +4  +5  +5  +5  +5  +5  +5  +5  +6  +6  +6  +6  +6  +7  +7  +7  +7  +7  +7  +7  +8  +8  +8  +9  +9  +9  +10  +10  +11  +12  +12  +13  +13  +13  +13  +13  +14  +14  +14  +14  +14  +15  +16  +16  +17  +18  +18  +18  +18  +18  +20  +20  +20  +20  +20  +20  +20  +21  +21  +21  +21  +22  +22  +22  +22  +23  +24  +24  +25  +25  +26  +27  +28  +28  +29  +30  +31  +32  +33  +33  +35  +35  
+625  -17  -16  -16  -15  -15  -13  -12  -7  -7  -6  -6  -5  +0  +2  +3  +3  +3  +4  +6  +16  +16  +18  +19  +35  
+640  -10  -10  -5  -4  +2  +3  +4  +5  +8  +9  
+650  -15  -14  -14  -14  -13  -13  -13  -12  -12  -12  -12  -11  -11  -11  -11  -11  -10  -10  -10  -10  -10  -10  -9  -9  -9  -9  -9  -9  -8  -8  -8  -7  -7  -7  -7  -7  -7  -7  -6  -6  -6  -6  -5  -5  -5  -4  -4  -4  -4  -3  -3  -2  -2  -1  -1  -1  +0  +0  +0  +1  +4  +4  +4  +5  +6  +6  +7  +8  +8  +9  +9  +11  +12  +13  +13  +13  +14  +14  +15  +16  +17  +19  +20  +20  +20  +22  +32  +34  +34  
+660  -7  -6  +0  +0  +1  +3  +10  
+675  -22  -22  -21  -20  -18  -15  -14  -13  -12  -11  -8  -6  -2  -1  -1  -1  -1  +5  +6  +11  +14  +14  +14  +16  +16  +17  +23  +24  +31  
+700  -20  -19  -19  -19  -19  -19  -18  -18  -18  -18  -18  -18  -18  -18  -18  -18  -18  -17  -17  -17  -17  -17  -16  -15  -15  -15  -15  -15  -15  -15  -15  -15  -15  -14  -14  -14  -14  -14  -14  -14  -14  -14  -13  -13  -13  -13  -13  -13  -13  -13  -12  -12  -12  -12  -11  -11  -11  -11  -11  -11  -11  -10  -10  -10  -10  -10  -10  -9  -9  -9  -9  -9  -9  -8  -8  -8  -8  -8  -7  -7  -7  -7  -7  -7  -7  -7  -6  -6  -6  -6  -6  -6  -6  -6  -5  -5  -4  -4  -4  -4  -4  -4  -4  -4  -4  -4  -3  -3  -3  -3  -3  -3  -2  -2  -2  -2  -2  -1  -1  -1  -1  -1  +0  +0  +0  +0  +0  +1  +1  +1  +1  +1  +1  +2  +2  +2  +2  +2  +2  +2  +2  +3  +3  +3  +3  +4  +4  +4  +4  +4  +4  +4  +5  +5  +5  +5  +5  +5  +6  +6  +6  +6  +6  +7  +7  +7  +7  +8  +8  +8  +8  +9  +9  +9  +9  +9  +10  +10  +10  +11  +11  +11  +11  +12  +12  +12  +13  +13  +13  +13  +13  +13  +13  +13  +14  +14  +14  +15  +15  +16  +17  +17  +17  +18  +18  +18  +19  +19  +19  +19  +20  +20  +21  +21  +21  +21  +22  +22  +22  +22  +22  +22  +22  +23  +24  +25  +26  +28  +29  +30  +30  +31  +53  
+710  -9  -8  -8  -6  -5  +1  +8  +29  
+715  -25  -13  -11  -5  -4  +2  +2  +5  +5  +7  +12  +12  +15  
+720  -15  -14  -11  -10  -8  +1  +3  +16  +16  +22  
+725  -22  -21  -19  -18  -17  -17  -17  -17  -13  -13  -10  -7  -3  -2  -2  +2  +3  +6  +7  +8  +10  +11  +12  +13  +13  +13  +14  +15  +18  +20  +22  
+730  -20  -16  -15  -12  -8  -4  -3  +4  +12  +13  +21  +24  
+735  -19  -17  -16  -8  -5  -4  +22  +49  
+750  -17  -16  -15  -15  -15  -15  -15  -15  -15  -14  -14  -14  -13  -13  -13  -13  -12  -11  -11  -11  -11  -11  -11  -10  -9  -9  -9  -9  -8  -8  -8  -8  -7  -6  -6  -5  -5  -4  -3  -3  -3  -2  -2  -1  -1  -1  +0  +0  +0  +0  +0  +1  +1  +1  +2  +2  +3  +3  +5  +5  +6  +6  +6  +7  +8  +8  +8  +12  +12  +14  +15  +15  +16  +16  +17  +19  +19  +20  +21  +21  +22  +22  +23  +27  +30  +32  
+756  -9  -8  +0  +0  +1  +6  +13  
+760  -15  -8  -7  +3  +3  +4  +5  +17  
+775  -11  -9  -8  -7  +2  +2  +4  +5  +11  +15  
+800  -21  -19  -18  -18  -18  -17  -17  -17  -17  -17  -17  -17  -16  -16  -16  -16  -16  -16  -15  -15  -15  -15  -15  -15  -15  -15  -14  -14  -14  -14  -14  -14  -14  -14  -14  -14  -13  -13  -13  -13  -13  -13  -13  -13  -13  -13  -12  -12  -12  -12  -12  -12  -12  -12  -11  -11  -11  -11  -11  -11  -11  -11  -11  -10  -10  -10  -10  -10  -10  -10  -10  -9  -9  -9  -9  -9  -9  -9  -9  -8  -8  -8  -8  -7  -7  -7  -7  -7  -7  -6  -6  -6  -6  -6  -6  -6  -6  -6  -5  -5  -5  -5  -5  -5  -5  -5  -4  -4  -4  -3  -3  -3  -3  -3  -2  -2  -2  -2  -2  -2  -2  -2  -1  -1  -1  -1  -1  -1  +0  +0  +0  +0  +0  +0  +1  +1  +1  +1  +1  +1  +1  +2  +3  +3  +3  +3  +3  +4  +4  +4  +4  +4  +4  +5  +5  +5  +5  +5  +5  +6  +6  +6  +7  +7  +7  +7  +7  +8  +8  +8  +8  +8  +9  +9  +10  +10  +10  +10  +10  +10  +10  +10  +11  +11  +11  +11  +11  +12  +12  +13  +13  +13  +14  +14  +14  +14  +15  +15  +15  +15  +16  +17  +17  +18  +18  +18  +18  +19  +20  +20  +20  +22  +22  +23  +23  +23  +23  +23  +24  +24  +24  +25  +26  +28  +29  +29  +30  +33  +35  
+820  -18  -17  -14  -3  -1  +1  +13  +15  +21  
+825  -16  -15  -15  -14  -14  -13  -12  -11  -9  -8  -7  -6  -5  -4  -3  +1  +1  +4  +4  +4  +8  +12  +13  +14  +14  +14  +16  +17  +27  
+830  -9  -7  -5  -2  +0  +8  +13  
+850  -15  -15  -15  -14  -13  -13  -13  -12  -12  -11  -11  -11  -11  -10  -10  -10  -10  -10  -9  -8  -7  -6  -6  -6  -5  -5  -5  -4  -4  -4  -4  -4  -4  -4  -2  -2  -1  -1  -1  +0  +0  +1  +1  +1  +1  +1  +1  +2  +3  +3  +4  +6  +6  +6  +6  +7  +7  +8  +8  +8  +9  +11  +11  +12  +14  +14  +17  +17  +18  +18  +22  +23  +23  +31  
+860  -11  -10  -8  -8  -1  +1  +1  +7  +11  +22  
+865  -8  -7  -3  -1  +0  +2  +18  
+875  -19  -14  -13  -13  -12  -10  -8  -2  -2  +1  +3  +5  +5  +7  +13  +14  +17  +21  
+900  -18  -17  -17  -17  -17  -16  -16  -15  -15  -15  -15  -14  -14  -14  -14  -14  -14  -13  -13  -13  -13  -13  -13  -13  -13  -13  -12  -12  -11  -11  -11  -11  -11  -10  -10  -10  -10  -10  -9  -8  -7  -7  -7  -7  -7  -7  -6  -6  -6  -6  -6  -6  -6  -6  -5  -5  -5  -5  -5  -4  -4  -4  -4  -4  -3  -3  -3  -2  -2  -2  -2  -2  -2  -2  -1  +0  +0  +0  +0  +0  +0  +0  +1  +1  +1  +1  +1  +2  +2  +3  +3  +3  +3  +3  +4  +4  +4  +5  +5  +5  +5  +6  +6  +6  +6  +6  +7  +7  +8  +8  +8  +8  +9  +9  +9  +10  +10  +12  +12  +13  +13  +13  +13  +13  +14  +14  +14  +14  +15  +15  +16  +17  +17  +18  +20  +22  +24  +24  +25  +27  +28  +30  +30  +38  +39  
+920  -17  -9  -5  -5  -4  +8  +9  +11  +15  
+925  -14  -11  -8  -7  -6  +1  +1  +13  +15  +19  
+950  -19  -18  -17  -15  -15  -12  -12  -12  -11  -11  -9  -8  -8  -6  -6  -6  -5  -4  -3  -3  -1  +1  +2  +3  +5  +6  +6  +6  +7  +8  +8  +12  +17  +19  +21  +22  +35  +37  
+975  -9  -5  -5  -3  -1  +4  +8  +13  
+1000  -20  -20  -19  -18  -18  -17  -17  -16  -16  -16  -16  -16  -15  -15  -15  -15  -15  -14  -14  -14  -13  -13  -13  -13  -13  -12  -12  -12  -12  -12  -12  -12  -12  -12  -12  -12  -12  -11  -11  -11  -11  -11  -11  -10  -10  -10  -10  -10  -10  -10  -9  -9  -9  -9  -9  -9  -9  -9  -9  -9  -9  -8  -8  -8  -8  -8  -8  -8  -8  -7  -7  -7  -7  -7  -7  -6  -6  -6  -6  -6  -5  -5  -5  -5  -5  -5  -4  -4  -4  -4  -3  -3  -2  -2  -2  -2  -1  -1  -1  -1  -1  +0  +0  +0  +1  +2  +2  +2  +2  +3  +3  +3  +4  +4  +4  +4  +4  +4  +4  +4  +4  +5  +5  +5  +6  +6  +7  +7  +7  +7  +8  +8  +8  +8  +8  +8  +8  +9  +9  +9  +9  +10  +10  +10  +10  +11  +11  +11  +11  +12  +12  +12  +12  +13  +13  +14  +14  +14  +15  +15  +15  +15  +16  +16  +17  +18  +18  +19  +19  +20  +20  +20  +20  +23  +24  +25  +26  +26  +26  +28  +30  +32  
+1025  -17  -12  -12  -11  -9  -8  -7  -4  -2  +1  +1  +5  +13  +23  +33  
+1050  -19  -18  -17  -17  -16  -10  -10  -10  -9  -9  -9  -7  -7  -5  -3  -3  -1  +1  +2  +2  +3  +3  +3  +6  +6  +10  +11  +15  +17  +18  +18  +20  +28  
+1100  -21  -18  -18  -17  -17  -16  -16  -16  -16  -16  -15  -15  -15  -15  -15  -15  -15  -14  -12  -11  -11  -11  -10  -9  -9  -9  -8  -8  -8  -8  -7  -7  -7  -6  -6  -6  -6  -5  -5  -5  -5  -5  -4  -4  -3  -3  -3  -2  -2  -2  -1  -1  +0  +0  +1  +1  +1  +1  +2  +3  +3  +3  +3  +4  +4  +5  +5  +6  +6  +6  +6  +7  +7  +7  +8  +8  +8  +9  +9  +9  +10  +10  +10  +11  +11  +12  +12  +15  +16  +16  +16  +17  +17  +17  +18  +18  +18  +18  +21  +26  +29  
+1150  -16  -15  -15  -13  -13  -12  -10  -9  -8  -5  -2  -1  +0  +1  +1  +3  +3  +8  +10  +12  +13  +14  +16  +16  +17  
+1175  -10  -9  -8  -7  +6  +12  +18  
+1200  -18  -17  -16  -15  -15  -14  -13  -13  -13  -13  -13  -13  -12  -12  -12  -12  -12  -12  -11  -11  -11  -10  -10  -10  -10  -10  -10  -9  -9  -9  -9  -9  -9  -9  -9  -8  -8  -8  -7  -7  -7  -6  -6  -6  -6  -5  -5  -4  -4  -4  -4  -4  -4  -4  -3  -3  -3  -3  -2  -2  -1  -1  -1  +0  +1  +1  +1  +2  +2  +2  +2  +2  +2  +3  +3  +4  +5  +5  +6  +6  +6  +6  +6  +6  +6  +6  +7  +7  +7  +7  +8  +8  +8  +8  +8  +9  +9  +10  +11  +11  +12  +12  +13  +13  +13  +14  +15  +15  +16  +16  +17  +19  +19  +19  +19  +21  +21  +22  +31  
+1240  -12  -9  -4  -2  +2  +2  +10  +16  
+1250  -16  -14  -13  -12  -8  -5  -5  -1  +0  +1  +1  +2  +3  +3  +3  +5  +5  +9  +11  +11  +25  
+1300  -19  -19  -17  -17  -17  -16  -16  -15  -15  -14  -14  -14  -13  -13  -13  -12  -12  -12  -11  -11  -11  -11  -10  -10  -9  -8  -8  -7  -7  -6  -5  -5  -5  -5  -4  -4  -4  -3  -3  -2  -2  -1  -1  +0  +0  +1  +2  +2  +3  +3  +3  +3  +3  +3  +4  +4  +4  +4  +4  +5  +5  +5  +5  +6  +7  +8  +8  +8  +8  +9  +9  +9  +10  +10  +11  +11  +12  +12  +13  +14  +15  +16  +16  +17  +18  +19  +20  +23  +24  +30  
+1350  -16  -15  -13  -10  -6  -2  -1  +0  +0  +3  +4  +4  +6  +19  +21  
+1400  -17  -15  -14  -12  -12  -11  -10  -10  -9  -9  -8  -8  -8  -7  -7  -7  -7  -7  -6  -6  -6  -6  -5  -5  -4  -4  -4  -4  -3  -2  -2  -1  +0  +0  +1  +1  +1  +2  +2  +2  +3  +4  +5  +5  +7  +7  +11  +11  +12  +12  +13  +13  +14  +16  +17  +18  +18  +19  
+1450  -19  -16  -9  +2  +8  +13  +22  
+1500  -23  -19  -15  -15  -14  -14  -14  -13  -13  -12  -12  -12  -12  -12  -12  -11  -11  -11  -10  -10  -9  -9  -8  -8  -7  -7  -7  -7  -7  -7  -7  -7  -7  -7  -6  -6  -6  -5  -5  -5  -4  -3  -3  -3  -2  -2  -2  -2  -2  -1  -1  -1  -1  -1  -1  +0  +0  +0  +0  +0  +0  +1  +1  +1  +1  +2  +2  +2  +3  +3  +3  +3  +5  +5  +6  +6  +7  +7  +7  +8  +9  +9  +9  +9  +10  +11  +11  +11  +12  +13  +14  +14  +14  +15  +15  +16  +16  +17  +20  +21  +22  +23  +23  +34  
+1550  -10  -7  -6  -3  -3  -1  +5  +6  +8  +14  
+1600  -18  -17  -16  -16  -14  -13  -12  -10  -10  -10  -9  -8  -7  -7  -6  -6  -5  -5  -5  -4  -4  -4  -4  -3  -2  -2  -1  -1  +0  +1  +1  +1  +2  +2  +2  +3  +3  +4  +4  +5  +6  +7  +8  +8  +9  +10  +10  +10  +11  +11  +14  +14  +14  +16  +19  +20  +27  
+1650  -10  -9  -9  -7  -4  +0  +6  +10  +24  
+1700  -18  -16  -14  -13  -12  -12  -11  -10  -10  -9  -8  -8  -7  -6  -6  -6  -5  -5  -5  -5  -5  -4  -2  -1  +1  +1  +1  +1  +2  +3  +4  +4  +4  +5  +5  +6  +6  +7  +8  +9  +10  +10  +10  +12  +12  +14  +15  +15  +16  +18  
+1800  -18  -13  -12  -12  -11  -11  -11  -10  -9  -9  -9  -9  -8  -7  -7  -6  -6  -5  -4  -2  -2  -2  -1  -1  -1  -1  +1  +1  +2  +3  +3  +4  +4  +4  +5  +5  +6  +6  +7  +7  +8  +9  +9  +9  +9  +11  +14  +14  +15  +16  +18  +18  
+1850  -8  -8  -7  -1  +0  +2  +7  +14  
+1875  -14  -7  -3  +1  +5  +7  +9  
+1900  -14  -13  -11  -10  -9  -6  -6  -4  -3  -3  -2  +0  +1  +5  +6  +7  +9  +9  +9  +14  +14  
+2000  -15  -12  -9  -9  -8  -8  -7  -7  -6  -6  -6  -5  -5  -4  -3  -2  -2  -2  -2  -2  -1  -1  -1  +0  +0  +1  +2  +2  +2  +3  +3  +4  +6  +6  +7  +7  +8  +8  +9  +9  +10  +12  +17  
+2100  -12  -12  -11  -11  -10  -8  -7  -6  -6  -6  -5  -3  -2  -2  +0  +1  +3  +3  +4  +4  +4  +5  +9  +12  +16  +19  +20  
+2200  -19  -18  -17  -15  -14  -13  -11  -11  -9  -8  -7  -7  -2  -2  -1  -1  +3  +4  +5  +5  +5  +6  +9  +11  +12  +18  +21  +32  +33  
+2300  -10  -10  -3  -3  -2  -1  -1  +2  +6  +6  +15  
+2400  -11  -8  -6  -1  +0  +2  +23  
+2500  -21  -14  -13  -10  -10  -9  -8  -5  -5  -3  -1  -1  +0  +2  +3  +3  +4  +5  +7  +8  +11  +12  +13  +15  +22  
