+200  +15  +16  +17  +18  +22  +24  +26  +29  +34  +34  +48  +51  
+213  +17  +20  +22  +24  +26  +28  +29  +30  +30  +30  +54  +55  +57  
+250  +18  +24  +24  +33  +47  +64  +65  
+300  +15  +15  +15  +19  +22  +23  +25  +30  +30  +35  +41  
+400  +15  +16  +16  +16  +16  +17  +17  +17  +17  +17  +17  +17  +18  +18  +18  +18  +18  +19  +19  +20  +20  +20  +20  +21  +22  +25  +26  +26  +27  +27  +27  +31  +31  +32  +32  +32  +33  +33  +33  +33  +33  +34  +35  +37  +40  +40  +40  +41  +41  +42  +44  +44  +45  +46  +49  +50  +52  +53  +54  +58  +59  +62  +65  +66  +67  +67  +73  +76  +78  
+425  +15  +15  +15  +15  +16  +16  +16  +16  +16  +16  +16  +16  +16  +16  +16  +16  +16  +17  +17  +17  +17  +17  +17  +17  +17  +17  +17  +17  +17  +17  +17  +18  +18  +18  +18  +18  +18  +18  +18  +18  +18  +18  +18  +18  +18  +18  +18  +19  +19  +19  +19  +19  +19  +19  +19  +19  +19  +19  +19  +19  +19  +19  +20  +20  +20  +20  +20  +20  +20  +20  +20  +21  +21  +21  +21  +21  +22  +22  +22  +22  +22  +22  +22  +22  +23  +23  +23  +23  +23  +23  +24  +24  +24  +24  +24  +24  +24  +24  +25  +25  +25  +26  +26  +26  +27  +27  +28  +28  +28  +28  +29  +29  +29  +29  +29  +29  +30  +31  +31  +32  +32  +33  +34  +34  +34  +34  +35  +35  +36  +36  +36  +37  +37  +37  +38  +39  +40  +40  +41  +42  +43  +43  +44  +44  +45  +45  +46  +47  +51  +51  +52  +52  +55  +56  +58  +58  +58  +60  +64  +64  +67  +67  +68  +71  +72  +73  +78  
+435  +15  +15  +15  +15  +16  +16  +16  +17  +17  +17  +17  +18  +18  +18  +18  +19  +19  +19  +19  +20  +20  +21  +21  +22  +22  +22  +22  +23  +24  +25  +28  +28  +28  +34  +41  +41  +42  +46  +50  +56  +65  +69  +75  +76  +79  
+445  +17  +17  +18  +25  +25  +25  +47  +54  
+450  +15  +16  +16  +16  +16  +16  +16  +16  +17  +17  +17  +17  +17  +17  +17  +17  +17  +17  +17  +17  +17  +17  +18  +18  +18  +18  +18  +18  +18  +18  +18  +19  +19  +19  +19  +19  +19  +19  +20  +20  +20  +20  +21  +21  +21  +21  +21  +22  +22  +22  +22  +23  +23  +23  +24  +24  +25  +25  +26  +26  +26  +27  +31  +31  +32  +33  +33  +33  +33  +34  +34  +35  +35  +36  +36  +37  +37  +38  +41  +42  +42  +42  +43  +44  +44  +45  +45  +45  +49  +49  +49  +49  +53  +59  +62  
+460  +16  +18  +21  +22  +25  +34  +42  +60  
+465  +17  +17  +17  +17  +18  +18  +20  +20  +21  +22  +22  +23  +24  +27  +31  +38  +49  +57  +63  +66  
+475  +15  +16  +16  +16  +16  +16  +17  +17  +17  +17  +17  +18  +18  +18  +18  +19  +19  +19  +19  +20  +20  +21  +21  +21  +22  +23  +23  +23  +23  +23  +24  +24  +26  +27  +30  +31  +35  +39  +39  +39  +41  +43  +45  +48  +49  +53  +55  +71  +73  
+485  +17  +17  +18  +19  +20  +38  +46  +48  +51  +67  +75  
+495  +16  +19  +19  +32  +32  +42  +62  
+500  +15  +15  +15  +16  +16  +16  +16  +16  +16  +16  +16  +16  +16  +16  +16  +17  +17  +17  +17  +17  +17  +17  +17  +17  +17  +17  +17  +17  +17  +17  +17  +18  +18  +18  +18  +18  +18  +18  +18  +18  +18  +18  +18  +18  +18  +18  +18  +18  +18  +18  +18  +18  +18  +18  +19  +19  +19  +19  +19  +19  +19  +19  +19  +19  +19  +19  +19  +19  +19  +19  +19  +19  +19  +19  +19  +19  +19  +19  +19  +20  +20  +20  +20  +20  +20  +20  +20  +20  +20  +20  +21  +21  +21  +21  +21  +21  +21  +21  +21  +21  +21  +21  +21  +22  +22  +22  +22  +22  +22  +22  +22  +22  +23  +23  +23  +23  +23  +23  +23  +23  +23  +23  +24  +24  +24  +24  +24  +24  +24  +25  +25  +25  +25  +25  +25  +26  +26  +26  +26  +27  +27  +27  +27  +27  +27  +27  +27  +28  +28  +28  +28  +29  +29  +29  +29  +29  +29  +29  +29  +29  +30  +30  +31  +32  +32  +32  +32  +33  +33  +33  +33  +33  +33  +33  +33  +33  +34  +34  +34  +35  +35  +35  +35  +35  +35  +35  +36  +36  +36  +36  +36  +36  +37  +37  +37  +37  +37  +37  +38  +38  +38  +38  +38  +39  +39  +39  +40  +40  +41  +41  +41  +41  +42  +42  +42  +42  +43  +43  +43  +44  +44  +44  +45  +45  +45  +45  +46  +46  +46  +46  +46  +47  +47  +47  +47  +47  +48  +48  +48  +49  +49  +49  +49  +50  +50  +50  +50  +51  +51  +51  +51  +51  +51  +52  +53  +53  +53  +53  +54  +54  +55  +55  +55  +55  +55  +56  +56  +56  +56  +57  +58  +58  +58  +58  +58  +58  +59  +59  +59  +60  +60  +61  +62  +63  +64  +65  +66  +67  +68  +69  +70  +74  
+515  +16  +17  +19  +20  +21  +24  +24  +25  +37  +49  
+525  +16  +17  +17  +17  +18  +18  +18  +18  +18  +18  +19  +19  +19  +19  +20  +20  +20  +20  +20  +20  +21  +21  +21  +22  +22  +22  +22  +23  +23  +24  +24  +25  +26  +27  +28  +29  +30  +34  +37  +37  +37  +37  +37  +38  +39  +41  +43  +43  +44  +45  +46  +47  +49  +49  +50  +50  +52  +53  +55  +68  +69  
+530  +17  +28  +33  +38  +41  +42  +50  +51  +60  +64  +67  
+535  +21  +22  +25  +28  +31  +36  +42  +46  
+540  +16  +17  +18  +21  +21  +21  +29  +38  +39  +50  
+545  +27  +30  +32  +34  +40  +42  +53  +71  
+550  +16  +17  +17  +17  +18  +18  +19  +19  +19  +19  +19  +19  +19  +19  +20  +20  +20  +20  +20  +20  +20  +20  +21  +21  +21  +21  +21  +21  +21  +21  +21  +22  +22  +22  +22  +22  +22  +23  +23  +23  +23  +23  +23  +23  +23  +23  +24  +24  +24  +25  +25  +25  +26  +26  +26  +26  +26  +28  +29  +30  +30  +31  +31  +31  +31  +32  +32  +33  +33  +34  +34  +34  +34  +34  +35  +36  +36  +37  +37  +37  +38  +38  +38  +38  +39  +39  +39  +39  +40  +41  +42  +43  +43  +43  +48  +48  +48  +49  +50  +51  +51  +52  +52  +53  +54  +55  +56  +57  +58  +59  +59  +59  +59  +63  +63  +64  +66  +69  +71  +71  
+560  +19  +27  +31  +34  +34  +36  +37  +39  +63  
+565  +17  +20  +21  +23  +32  +37  +41  +63  
+575  +17  +18  +19  +22  +22  +22  +23  +25  +26  +27  +29  +29  +30  +31  +35  +39  +39  +40  +40  +46  +47  +56  +57  +58  +58  +59  +59  +68  +69  
+580  +20  +21  +21  +31  +34  +56  +58  +60  
+585  +19  +19  +23  +23  +29  +30  +48  +52  
+600  +15  +16  +16  +17  +17  +17  +17  +18  +18  +18  +18  +18  +18  +18  +18  +18  +18  +19  +19  +19  +19  +19  +19  +19  +19  +19  +20  +20  +20  +20  +20  +20  +20  +20  +20  +20  +21  +21  +21  +21  +21  +21  +21  +21  +21  +21  +21  +21  +22  +22  +22  +22  +22  +22  +22  +22  +23  +23  +23  +23  +23  +23  +23  +23  +23  +23  +23  +23  +23  +23  +24  +24  +24  +24  +24  +24  +24  +24  +24  +24  +24  +25  +25  +25  +25  +25  +25  +25  +25  +25  +25  +25  +25  +26  +26  +26  +26  +26  +26  +26  +27  +27  +27  +28  +28  +28  +28  +28  +28  +28  +28  +29  +29  +29  +29  +29  +29  +29  +29  +30  +30  +31  +31  +31  +31  +31  +31  +31  +31  +31  +32  +32  +32  +32  +32  +32  +32  +32  +33  +33  +33  +33  +34  +34  +34  +34  +35  +35  +35  +36  +36  +36  +36  +37  +37  +37  +37  +37  +38  +38  +38  +39  +39  +39  +39  +39  +39  +39  +40  +40  +40  +40  +40  +41  +41  +41  +41  +41  +41  +41  +42  +42  +42  +43  +43  +43  +44  +44  +45  +46  +46  +47  +47  +47  +47  +47  +48  +48  +48  +48  +48  +49  +50  +50  +51  +52  +52  +52  +52  +52  +54  +54  +54  +54  +54  +54  +54  +55  +55  +55  +55  +56  +56  +56  +56  +57  +58  +58  +59  +59  +60  +61  +62  +62  +63  +64  +65  +66  +67  +67  +69  +69  
+625  +19  +20  +20  +21  +21  +23  +24  +29  +29  +30  +30  +31  +36  +38  +39  +39  +39  +40  +42  +52  +52  +54  +55  +71  
+640  +25  +25  +30  +31  +37  +38  +39  +40  +43  +44  
+650  +18  +19  +19  +19  +20  +20  +20  +21  +21  +21  +21  +22  +22  +22  +22  +22  +23  +23  +23  +23  +23  +23  +24  +24  +24  +24  +24  +24  +25  +25  +25  +26  +26  +26  +26  +26  +26  +26  +27  +27  +27  +27  +28  +28  +28  +29  +29  +29  +29  +30  +30  +31  +31  +32  +32  +32  +33  +33  +33  +34  +37  +37  +37  +38  +39  +39  +40  +41  +41  +42  +42  +44  +45  +46  +46  +46  +47  +47  +48  +49  +50  +52  +53  +53  +53  +55  +65  +67  +67  
+660  +22  +23  +29  +29  +30  +32  +39  
+675  +19  +19  +20  +21  +23  +26  +27  +28  +29  +30  +33  +35  +39  +40  +40  +40  +40  +46  +47  +52  +55  +55  +55  +57  +57  +58  +64  +65  +72  
+700  +17  +18  +18  +18  +18  +18  +19  +19  +19  +19  +19  +19  +19  +19  +19  +19  +19  +20  +20  +20  +20  +20  +21  +22  +22  +22  +22  +22  +22  +22  +22  +22  +22  +23  +23  +23  +23  +23  +23  +23  +23  +23  +24  +24  +24  +24  +24  +24  +24  +24  +25  +25  +25  +25  +26  +26  +26  +26  +26  +26  +26  +27  +27  +27  +27  +27  +27  +28  +28  +28  +28  +28  +28  +29  +29  +29  +29  +29  +30  +30  +30  +30  +30  +30  +30  +30  +31  +31  +31  +31  +31  +31  +31  +31  +32  +32  +33  +33  +33  +33  +33  +33  +33  +33  +33  +33  +34  +34  +34  +34  +34  +34  +35  +35  +35  +35  +35  +36  +36  +36  +36  +36  +37  +37  +37  +37  +37  +38  +38  +38  +38  +38  +38  +39  +39  +39  +39  +39  +39  +39  +39  +40  +40  +40  +40  +41  +41  +41  +41  +41  +41  +41  +42  +42  +42  +42  +42  +42  +43  +43  +43  +43  +43  +44  +44  +44  +44  +45  +45  +45  +45  +46  +46  +46  +46  +46  +47  +47  +47  +48  +48  +48  +48  +49  +49  +49  +50  +50  +50  +50  +50  +50  +50  +50  +51  +51  +51  +52  +52  +53  +54  +54  +54  +55  +55  +55  +56  +56  +56  +56  +57  +57  +58  +58  +58  +58  +59  +59  +59  +59  +59  +59  +59  +60  +61  +62  +63  +65  +66  +67  +67  +68  +90  
+710  +23  +24  +24  +26  +27  +33  +40  +61  
+715  +19  +31  +33  +39  +40  +46  +46  +49  +49  +51  +56  +56  +59  
+720  +24  +25  +28  +29  +31  +40  +42  +55  +55  +61  
+725  +19  +20  +22  +23  +24  +24  +24  +24  +28  +28  +31  +34  +38  +39  +39  +43  +44  +47  +48  +49  +51  +52  +53  +54  +54  +54  +55  +56  +59  +61  +63  
+730  +19  +23  +24  +27  +31  +35  +36  +43  +51  +52  +60  +63  
+735  +22  +24  +25  +33  +36  +37  +63  +90  
+750  +18  +19  +20  +20  +20  +20  +20  +20  +20  +21  +21  +21  +22  +22  +22  +22  +23  +24  +24  +24  +24  +24  +24  +25  +26  +26  +26  +26  +27  +27  +27  +27  +28  +29  +29  +30  +30  +31  +32  +32  +32  +33  +33  +34  +34  +34  +35  +35  +35  +35  +35  +36  +36  +36  +37  +37  +38  +38  +40  +40  +41  +41  +41  +42  +43  +43  +43  +47  +47  +49  +50  +50  +51  +51  +52  +54  +54  +55  +56  +56  +57  +57  +58  +62  +65  +67  
+756  +25  +26  +34  +34  +35  +40  +47  
+760  +25  +32  +33  +43  +43  +44  +45  +57  
+775  +23  +25  +26  +27  +36  +36  +38  +39  +45  +49  
+800  +16  +18  +19  +19  +19  +20  +20  +20  +20  +20  +20  +20  +21  +21  +21  +21  +21  +21  +22  +22  +22  +22  +22  +22  +22  +22  +23  +23  +23  +23  +23  +23  +23  +23  +23  +23  +24  +24  +24  +24  +24  +24  +24  +24  +24  +24  +25  +25  +25  +25  +25  +25  +25  +25  +26  +26  +26  +26  +26  +26  +26  +26  +26  +27  +27  +27  +27  +27  +27  +27  +27  +28  +28  +28  +28  +28  +28  +28  +28  +29  +29  +29  +29  +30  +30  +30  +30  +30  +30  +31  +31  +31  +31  +31  +31  +31  +31  +31  +32  +32  +32  +32  +32  +32  +32  +32  +33  +33  +33  +34  +34  +34  +34  +34  +35  +35  +35  +35  +35  +35  +35  +35  +36  +36  +36  +36  +36  +36  +37  +37  +37  +37  +37  +37  +38  +38  +38  +38  +38  +38  +38  +39  +40  +40  +40  +40  +40  +41  +41  +41  +41  +41  +41  +42  +42  +42  +42  +42  +42  +43  +43  +43  +44  +44  +44  +44  +44  +45  +45  +45  +45  +45  +46  +46  +47  +47  +47  +47  +47  +47  +47  +47  +48  +48  +48  +48  +48  +49  +49  +50  +50  +50  +51  +51  +51  +51  +52  +52  +52  +52  +53  +54  +54  +55  +55  +55  +55  +56  +57  +57  +57  +59  +59  +60  +60  +60  +60  +60  +61  +61  +61  +62  +63  +65  +66  +66  +67  +70  +72  
+820  +23  +24  +27  +38  +40  +42  +54  +56  +62  
+825  +19  +20  +20  +21  +21  +22  +23  +24  +26  +27  +28  +29  +30  +31  +32  +36  +36  +39  +39  +39  +43  +47  +48  +49  +49  +49  +51  +52  +62  
+830  +32  +34  +36  +39  +41  +49  +54  
+850  +20  +20  +20  +21  +22  +22  +22  +23  +23  +24  +24  +24  +24  +25  +25  +25  +25  +25  +26  +27  +28  +29  +29  +29  +30  +30  +30  +31  +31  +31  +31  +31  +31  +31  +33  +33  +34  +34  +34  +35  +35  +36  +36  +36  +36  +36  +36  +37  +38  +38  +39  +41  +41  +41  +41  +42  +42  +43  +43  +43  +44  +46  +46  +47  +49  +49  +52  +52  +53  +53  +57  +58  +58  +66  
+860  +25  +26  +28  +28  +35  +37  +37  +43  +47  +58  
+865  +26  +27  +31  +33  +34  +36  +52  
+875  +22  +27  +28  +28  +29  +31  +33  +39  +39  +42  +44  +46  +46  +48  +54  +55  +58  +62  
+900  +19  +20  +20  +20  +20  +21  +21  +22  +22  +22  +22  +23  +23  +23  +23  +23  +23  +24  +24  +24  +24  +24  +24  +24  +24  +24  +25  +25  +26  +26  +26  +26  +26  +27  +27  +27  +27  +27  +28  +29  +30  +30  +30  +30  +30  +30  +31  +31  +31  +31  +31  +31  +31  +31  +32  +32  +32  +32  +32  +33  +33  +33  +33  +33  +34  +34  +34  +35  +35  +35  +35  +35  +35  +35  +36  +37  +37  +37  +37  +37  +37  +37  +38  +38  +38  +38  +38  +39  +39  +40  +40  +40  +40  +40  +41  +41  +41  +42  +42  +42  +42  +43  +43  +43  +43  +43  +44  +44  +45  +45  +45  +45  +46  +46  +46  +47  +47  +49  +49  +50  +50  +50  +50  +50  +51  +51  +51  +51  +52  +52  +53  +54  +54  +55  +57  +59  +61  +61  +62  +64  +65  +67  +67  +75  +76  
+920  +20  +28  +32  +32  +33  +45  +46  +48  +52  
+925  +22  +25  +28  +29  +30  +37  +37  +49  +51  +55  
+950  +21  +22  +23  +25  +25  +28  +28  +28  +29  +29  +31  +32  +32  +34  +34  +34  +35  +36  +37  +37  +39  +41  +42  +43  +45  +46  +46  +46  +47  +48  +48  +52  +57  +59  +61  +62  +75  +77  
+975  +22  +26  +26  +28  +30  +35  +39  +44  
+1000  +19  +19  +20  +21  +21  +22  +22  +23  +23  +23  +23  +23  +24  +24  +24  +24  +24  +25  +25  +25  +26  +26  +26  +26  +26  +27  +27  +27  +27  +27  +27  +27  +27  +27  +27  +27  +27  +28  +28  +28  +28  +28  +28  +29  +29  +29  +29  +29  +29  +29  +30  +30  +30  +30  +30  +30  +30  +30  +30  +30  +30  +31  +31  +31  +31  +31  +31  +31  +31  +32  +32  +32  +32  +32  +32  +33  +33  +33  +33  +33  +34  +34  +34  +34  +34  +34  +35  +35  +35  +35  +36  +36  +37  +37  +37  +37  +38  +38  +38  +38  +38  +39  +39  +39  +40  +41  +41  +41  +41  +42  +42  +42  +43  +43  +43  +43  +43  +43  +43  +43  +43  +44  +44  +44  +45  +45  +46  +46  +46  +46  +47  +47  +47  +47  +47  +47  +47  +48  +48  +48  +48  +49  +49  +49  +49  +50  +50  +50  +50  +51  +51  +51  +51  +52  +52  +53  +53  +53  +54  +54  +54  +54  +55  +55  +56  +57  +57  +58  +58  +59  +59  +59  +59  +62  +63  +64  +65  +65  +65  +67  +69  +71  
+1025  +20  +25  +25  +26  +28  +29  +30  +33  +35  +38  +38  +42  +50  +60  +70  
+1050  +21  +22  +23  +23  +24  +30  +30  +30  +31  +31  +31  +33  +33  +35  +37  +37  +39  +41  +42  +42  +43  +43  +43  +46  +46  +50  +51  +55  +57  +58  +58  +60  +68  
+1100  +19  +22  +22  +23  +23  +24  +24  +24  +24  +24  +25  +25  +25  +25  +25  +25  +25  +26  +28  +29  +29  +29  +30  +31  +31  +31  +32  +32  +32  +32  +33  +33  +33  +34  +34  +34  +34  +35  +35  +35  +35  +35  +36  +36  +37  +37  +37  +38  +38  +38  +39  +39  +40  +40  +41  +41  +41  +41  +42  +43  +43  +43  +43  +44  +44  +45  +45  +46  +46  +46  +46  +47  +47  +47  +48  +48  +48  +49  +49  +49  +50  +50  +50  +51  +51  +52  +52  +55  +56  +56  +56  +57  +57  +57  +58  +58  +58  +58  +61  +66  +69  
+1150  +24  +25  +25  +27  +27  +28  +30  +31  +32  +35  +38  +39  +40  +41  +41  +43  +43  +48  +50  +52  +53  +54  +56  +56  +57  
+1175  +34  +35  +36  +37  +50  +56  +62  
+1200  +22  +23  +24  +25  +25  +26  +27  +27  +27  +27  +27  +27  +28  +28  +28  +28  +28  +28  +29  +29  +29  +30  +30  +30  +30  +30  +30  +31  +31  +31  +31  +31  +31  +31  +31  +32  +32  +32  +33  +33  +33  +34  +34  +34  +34  +35  +35  +36  +36  +36  +36  +36  +36  +36  +37  +37  +37  +37  +38  +38  +39  +39  +39  +40  +41  +41  +41  +42  +42  +42  +42  +42  +42  +43  +43  +44  +45  +45  +46  +46  +46  +46  +46  +46  +46  +46  +47  +47  +47  +47  +48  +48  +48  +48  +48  +49  +49  +50  +51  +51  +52  +52  +53  +53  +53  +54  +55  +55  +56  +56  +57  +59  +59  +59  +59  +61  +61  +62  +71  
+1240  +26  +29  +34  +36  +40  +40  +48  +54  
+1250  +25  +27  +28  +29  +33  +36  +36  +40  +41  +42  +42  +43  +44  +44  +44  +46  +46  +50  +52  +52  +66  
+1300  +23  +23  +25  +25  +25  +26  +26  +27  +27  +28  +28  +28  +29  +29  +29  +30  +30  +30  +31  +31  +31  +31  +32  +32  +33  +34  +34  +35  +35  +36  +37  +37  +37  +37  +38  +38  +38  +39  +39  +40  +40  +41  +41  +42  +42  +43  +44  +44  +45  +45  +45  +45  +45  +45  +46  +46  +46  +46  +46  +47  +47  +47  +47  +48  +49  +50  +50  +50  +50  +51  +51  +51  +52  +52  +53  +53  +54  +54  +55  +56  +57  +58  +58  +59  +60  +61  +62  +65  +66  +72  
+1350  +26  +27  +29  +32  +36  +40  +41  +42  +42  +45  +46  +46  +48  +61  +63  
+1400  +24  +26  +27  +29  +29  +30  +31  +31  +32  +32  +33  +33  +33  +34  +34  +34  +34  +34  +35  +35  +35  +35  +36  +36  +37  +37  +37  +37  +38  +39  +39  +40  +41  +41  +42  +42  +42  +43  +43  +43  +44  +45  +46  +46  +48  +48  +52  +52  +53  +53  +54  +54  +55  +57  +58  +59  +59  +60  
+1450  +25  +28  +35  +46  +52  +57  +66  
+1500  +17  +21  +25  +25  +26  +26  +26  +27  +27  +28  +28  +28  +28  +28  +28  +29  +29  +29  +30  +30  +31  +31  +32  +32  +33  +33  +33  +33  +33  +33  +33  +33  +33  +33  +34  +34  +34  +35  +35  +35  +36  +37  +37  +37  +38  +38  +38  +38  +38  +39  +39  +39  +39  +39  +39  +40  +40  +40  +40  +40  +40  +41  +41  +41  +41  +42  +42  +42  +43  +43  +43  +43  +45  +45  +46  +46  +47  +47  +47  +48  +49  +49  +49  +49  +50  +51  +51  +51  +52  +53  +54  +54  +54  +55  +55  +56  +56  +57  +60  +61  +62  +63  +63  +74  
+1550  +30  +33  +34  +37  +37  +39  +45  +46  +48  +54  
+1600  +26  +27  +28  +28  +30  +31  +32  +34  +34  +34  +35  +36  +37  +37  +38  +38  +39  +39  +39  +40  +40  +40  +40  +41  +42  +42  +43  +43  +44  +45  +45  +45  +46  +46  +46  +47  +47  +48  +48  +49  +50  +51  +52  +52  +53  +54  +54  +54  +55  +55  +58  +58  +58  +60  +63  +64  +71  
+1650  +34  +35  +35  +37  +40  +44  +50  +54  +68  
+1700  +24  +26  +28  +29  +30  +30  +31  +32  +32  +33  +34  +34  +35  +36  +36  +36  +37  +37  +37  +37  +37  +38  +40  +41  +43  +43  +43  +43  +44  +45  +46  +46  +46  +47  +47  +48  +48  +49  +50  +51  +52  +52  +52  +54  +54  +56  +57  +57  +58  +60  
+1800  +24  +29  +30  +30  +31  +31  +31  +32  +33  +33  +33  +33  +34  +35  +35  +36  +36  +37  +38  +40  +40  +40  +41  +41  +41  +41  +43  +43  +44  +45  +45  +46  +46  +46  +47  +47  +48  +48  +49  +49  +50  +51  +51  +51  +51  +53  +56  +56  +57  +58  +60  +60  
+1850  +42  +42  +43  +49  +50  +52  +57  +64  
+1875  +27  +34  +38  +42  +46  +48  +50  
+1900  +27  +28  +30  +31  +32  +35  +35  +37  +38  +38  +39  +41  +42  +46  +47  +48  +50  +50  +50  +55  +55  
+2000  +29  +32  +35  +35  +36  +36  +37  +37  +38  +38  +38  +39  +39  +40  +41  +42  +42  +42  +42  +42  +43  +43  +43  +44  +44  +45  +46  +46  +46  +47  +47  +48  +50  +50  +51  +51  +52  +52  +53  +53  +54  +56  +61  
+2100  +25  +25  +26  +26  +27  +29  +30  +31  +31  +31  +32  +34  +35  +35  +37  +38  +40  +40  +41  +41  +41  +42  +46  +49  +53  +56  +57  
+2200  +25  +26  +27  +29  +30  +31  +33  +33  +35  +36  +37  +37  +42  +42  +43  +43  +47  +48  +49  +49  +49  +50  +53  +55  +56  +62  +65  +76  +77  
+2300  +28  +28  +35  +35  +36  +37  +37  +40  +44  +44  +53  
+2400  +34  +37  +39  +44  +45  +47  +68  
+2500  +26  +33  +34  +37  +37  +38  +39  +42  +42  +44  +46  +46  +47  +49  +50  +50  +51  +52  +54  +55  +58  +59  +60  +62  +69  
