+20  +50  
+70  +20  
+100  +36  +64  +18  +19  +56  +52  
+125  +17  
+135  +33  
+143  +30  
+150  +17  +37  
+170  +25  
+190  +16  
+200  +26  +48  +34  +29  +22  +16  +18  +51  +17  +24  +34  +15  
+205  +35  
+210  +25  +38  
+212  +41  +33  
+213  +20  +57  +26  +30  +17  +29  +54  +55  +30  +30  +24  +22  +28  
+215  +62  
+225  +29  +26  
+230  +23  
+233  +24  
+250  +24  +18  +33  +64  +47  +65  +24  
+252  +34  
+255  +32  
+275  +18  
+285  +77  
+289  +23  
+290  +18  
+300  +25  +15  +15  +23  +30  +22  +41  +30  +35  +15  +19  
+303  +21  +18  
+310  +27  +50  
+325  +18  +21  +71  
+327  +32  
+345  +31  +18  +27  
+350  +48  +21  +22  +23  
+355  +19  +42  
+367  +48  
+385  +21  
+390  +18  +32  
+400  +66  +67  +20  +52  +46  +40  +33  +31  +59  +17  +62  +32  +20  +31  +16  +44  +18  +67  +76  +32  +16  +27  +22  +35  +50  +16  +37  +17  +27  +25  +33  +17  +20  +32  +58  +15  +49  +33  +27  +17  +26  +16  +33  +40  +26  +40  +42  +18  +17  +53  +20  +33  +19  +18  +41  +41  +17  +45  +21  +65  +34  +18  +44  +54  +73  +18  +17  +19  +78  
+417  +37  
+425  +44  +19  +45  +22  +22  +22  +17  +18  +36  +17  +17  +24  +26  +19  +15  +30  +67  +45  +35  +23  +18  +18  +24  +35  +64  +31  +18  +37  +19  +19  +29  +22  +18  +18  +26  +52  +71  +20  +24  +37  +19  +33  +24  +16  +15  +17  +67  +16  +17  +16  +18  +29  +42  +19  +44  +16  +16  +16  +26  +58  +29  +24  +17  +51  +19  +28  +23  +78  +27  +43  +17  +17  +21  +47  +21  +20  +25  +20  +40  +18  +19  +18  +56  +16  +18  +51  +29  +16  +15  +21  +19  +37  +36  +15  +39  +73  +24  +17  +19  +40  +58  +46  +17  +19  +24  +24  +34  +52  +18  +17  +17  +23  +16  +25  +25  +28  +23  +20  +68  +18  +21  +22  +19  +22  +31  +38  +21  +58  +22  +18  +23  +16  +36  +55  +20  +16  +19  +27  +18  +20  +28  +34  +34  +64  +16  +34  +16  +20  +32  +19  +20  +23  +18  +28  +43  +17  +29  +18  +29  +72  +60  +19  +20  +41  +17  +22  +32  
+430  +17  +18  +17  
+435  +19  +18  +79  +18  +34  +46  +18  +20  +19  +28  +23  +16  +17  +56  +21  +22  +41  +18  +17  +76  +50  +17  +16  +28  +19  +21  +25  +69  +15  +65  +75  +24  +15  +22  +15  +28  +22  +19  +22  +17  +41  +15  +42  +20  +16  
+440  +25  +33  +29  +28  +19  +18  
+442  +57  
+443  +18  
+445  +25  +25  +18  +17  +47  +25  +54  +17  
+448  +44  +46  
+449  +43  
+450  +23  +42  +31  +20  +31  +35  +20  +18  +19  +16  +26  +18  +45  +19  +17  +44  +24  +36  +21  +19  +43  +20  +16  +62  +17  +49  +21  +33  +18  +49  +15  +37  +18  +22  +42  +44  +35  +16  +36  +17  +18  +34  +38  +21  +33  +16  +26  +24  +53  +17  +33  +25  +32  +21  +45  +17  +17  +49  +17  +18  +21  +16  +45  +19  +49  +37  +22  +26  +19  +41  +33  +34  +27  +22  +17  +25  +16  +17  +18  +23  +17  +18  +23  +17  +59  +20  +42  +16  +17  +17  +19  +19  +18  +22  +17  
+455  +48  +18  +20  +17  +24  
+458  +23  
+460  +18  +25  +22  +34  +21  +42  +60  +16  
+465  +31  +18  +20  +18  +66  +20  +57  +22  +63  +21  +38  +24  +27  +17  +23  +49  +17  +17  +17  +22  
+470  +48  +18  +18  +23  +26  
+472  +53  
+473  +50  
+474  +59  
+475  +18  +55  +39  +16  +16  +24  +23  +19  +23  +19  +18  +27  +71  +22  +35  +20  +23  +17  +23  +18  +16  +39  +30  +53  +17  +43  +45  +73  +18  +21  +17  +24  +19  +31  +39  +21  +41  +23  +17  +20  +15  +21  +16  +26  +48  +49  +16  +17  +19  
+480  +23  +21  +29  +32  
+485  +17  +51  +75  +46  +18  +67  +20  +38  +48  +17  +19  
+486  +20  +22  
+487  +17  
+490  +17  +20  +28  +68  +21  +48  
+492  +57  
+495  +32  +19  +19  +16  +62  +32  +42  
+496  +41  
+500  +56  +18  +22  +58  +47  +17  +57  +36  +21  +23  +45  +51  +20  +19  +17  +16  +17  +26  +55  +35  +27  +36  +58  +24  +55  +48  +18  +19  +62  +42  +43  +18  +15  +22  +21  +37  +16  +54  +46  +51  +33  +18  +22  +44  +37  +17  +38  +33  +19  +34  +25  +25  +18  +16  +17  +41  +27  +46  +43  +50  +25  +35  +20  +18  +19  +24  +44  +19  +46  +33  +38  +18  +33  +33  +17  +23  +74  +37  +21  +52  +19  +19  +26  +24  +44  +18  +23  +40  +23  +21  +18  +56  +18  +27  +47  +46  +33  +22  +21  +24  +45  +17  +16  +38  +21  +56  +16  +33  +16  +19  +19  +53  +35  +64  +50  +27  +67  +19  +19  +18  +58  +23  +26  +18  +17  +17  +36  +58  +39  +20  +48  +22  +50  +42  +66  +23  +49  +25  +19  +19  +19  +20  +32  +35  +33  +28  +28  +20  +21  +19  +51  +43  +51  +20  +70  +15  +35  +21  +28  +59  +19  +23  +18  +51  +29  +55  +17  +19  +17  +68  +54  +38  +29  +22  +23  +47  +21  +29  +47  +41  +51  +39  +19  +65  +16  +41  +19  +21  +21  +27  +19  +18  +29  +55  +42  +25  +31  +16  +29  +18  +59  +49  +18  +23  +27  +37  +23  +29  +19  +36  +17  +24  +25  +32  +18  +18  +18  +27  +21  +29  +30  +20  +56  +37  +36  +26  +22  +58  +24  +45  +36  +35  +20  +61  +19  +41  +22  +29  +16  +29  +49  +58  +63  +17  +35  +47  +48  +17  +55  +18  +20  +17  +53  +16  +30  +20  +22  +46  +60  +27  +20  +17  +42  +45  +19  +50  +53  +24  +18  +69  +38  +19  +59  +32  +18  +53  +37  +15  +16  +40  +21  +32  +60  +34  +28  +16  +39  +19  +34  +18  +49  +33  
+505  +19  +25  +65  +23  +20  +19  
+509  +63  
+510  +47  +25  +21  +22  
+511  +59  
+512  +24  +20  
+515  +24  +17  +49  +20  +25  +19  +24  +37  +21  +16  
+518  +63  
+520  +28  +57  +19  +66  
+522  +50  
+525  +34  +21  +18  +22  +18  +16  +19  +19  +49  +19  +20  +17  +45  +18  +28  +18  +26  +50  +37  +49  +30  +18  +37  +43  +47  +41  +22  +20  +50  +20  +68  +43  +53  +23  +38  +18  +24  +44  +55  +17  +20  +20  +22  +37  +24  +39  +52  +37  +46  +19  +69  +37  +27  +22  +29  +25  +17  +23  +20  +21  +21  
+528  +17  +27  +34  
+530  +64  +41  +17  +42  +28  +60  +67  +33  +51  +50  +38  
+532  +63  +37  
+535  +42  +28  +22  +36  +21  +46  +31  +25  
+540  +50  +16  +39  +29  +38  +18  +21  +21  +21  +17  
+544  +19  
+545  +40  +27  +30  +34  +32  +53  +71  +42  
+546  +50  +27  
+547  +24  +24  
+549  +24  
+550  +24  +40  +20  +22  +20  +21  +43  +31  +56  +50  +19  +20  +22  +20  +52  +20  +33  +19  +26  +17  +21  +51  +19  +48  +34  +57  +26  +66  +26  +36  +59  +25  +26  +39  +53  +71  +23  +17  +18  +24  +36  +21  +25  +55  +43  +28  +21  +23  +23  +63  +71  +29  +42  +51  +23  +39  +38  +39  +26  +49  +31  +22  +21  +34  +30  +32  +20  +21  +23  +19  +23  +23  +22  +38  +37  +31  +39  +19  +22  +19  +18  +59  +34  +48  +59  +22  +38  +63  +59  +37  +23  +48  +25  +24  +34  +30  +34  +52  +20  +16  +17  +31  +43  +54  +69  +35  +37  +33  +41  +64  +32  +19  +21  +19  +21  +23  +58  +38  +21  +20  
+555  +35  +44  +39  +24  +21  +29  
+558  +34  
+560  +37  +34  +19  +27  +34  +63  +31  +36  +39  
+561  +30  +46  
+562  +25  +31  
+564  +19  
+565  +21  +32  +41  +20  +23  +63  +37  +17  
+568  +23  +40  +19  
+570  +38  +18  +20  +36  
+571  +56  
+575  +30  +59  +19  +58  +17  +22  +29  +69  +40  +39  +23  +22  +56  +40  +58  +47  +68  +26  +57  +39  +22  +25  +27  +59  +31  +35  +18  +29  +46  
+576  +51  
+577  +39  
+579  +36  
+580  +34  +31  +21  +20  +56  +60  +21  +58  
+582  +29  
+585  +52  +48  +23  +19  +19  +23  +29  +30  
+590  +65  +25  +49  +44  +22  +62  
+592  +42  
+595  +38  +41  
+599  +46  
+600  +22  +16  +41  +41  +25  +67  +36  +20  +29  +60  +21  +19  +29  +55  +19  +43  +22  +37  +23  +20  +19  +20  +48  +31  +21  +36  +25  +16  +67  +30  +69  +23  +45  +23  +22  +40  +48  +62  +25  +28  +35  +19  +38  +41  +20  +65  +23  +31  +29  +33  +19  +20  +34  +32  +33  +57  +54  +32  +32  +28  +24  +55  +20  +42  +49  +25  +56  +69  +18  +56  +23  +54  +54  +64  +31  +25  +51  +21  +18  +21  +41  +21  +26  +21  +46  +31  +28  +26  +58  +30  +20  +19  +31  +23  +47  +28  +52  +54  +24  +18  +33  +27  +55  +52  +21  +17  +32  +24  +54  +18  +24  +27  +39  +23  +18  +39  +54  +39  +50  +24  +44  +42  +40  +29  +61  +22  +55  +28  +21  +21  +25  +23  +18  +40  +31  +31  +22  +17  +23  +38  +21  +36  +25  +32  +37  +47  +29  +23  +18  +18  +56  +24  +17  +56  +28  +41  +34  +63  +38  +43  +59  +37  +19  +35  +35  +23  +41  +32  +24  +54  +17  +62  +36  +41  +50  +59  +25  +47  +21  +31  +23  +24  +34  +42  +19  +29  +37  +22  +21  +39  +39  +25  +40  +48  +23  +22  +34  +29  +33  +47  +47  +39  +22  +26  +18  +25  +20  +18  +25  +24  +19  +26  +26  +40  +52  +26  +39  +44  +58  +52  +23  +32  +24  +46  +52  +26  +48  +32  +28  +66  +15  +29  +31  +43  +24  +28  +48  +20  +20  +37  +25  +27  
+602  +24  
+604  +39  
+605  +41  +58  +35  
+608  +19  
+610  +51  +32  +34  +36  +53  
+611  +68  +37  
+612  +43  +30  
+615  +17  +19  +50  +24  
+619  +42  
+620  +38  +38  +52  
+622  +28  
+623  +24  
+624  +20  
+625  +21  +54  +30  +52  +52  +29  +39  +29  +23  +40  +31  +38  +24  +30  +39  +42  +19  +21  +20  +39  +55  +20  +36  +71  
+626  +31  
+627  +33  +59  +34  
+629  +24  
+630  +44  +34  +39  +18  +62  +31  
+633  +23  
+635  +31  +38  +45  +42  +29  
+636  +47  
+637  +20  +41  
+638  +29  
+640  +25  +25  +40  +37  +30  +38  +43  +31  +39  +44  
+642  +27  
+645  +25  +30  +40  +35  
+646  +42  +51  +38  +39  
+647  +53  
+649  +43  
+650  +28  +42  +22  +26  +26  +23  +31  +29  +41  +25  +26  +37  +25  +24  +22  +48  +33  +27  +19  +67  +30  +44  +53  +29  +52  +34  +29  +27  +22  +28  +45  +46  +32  +65  +23  +28  +67  +46  +21  +20  +20  +26  +20  +19  +41  +19  +23  +47  +25  +30  +27  +40  +24  +31  +23  +26  +27  +23  +53  +24  +18  +24  +32  +24  +22  +23  +37  +22  +37  +26  +50  +33  +38  +21  +32  +49  +46  +21  +53  +33  +47  +24  +29  +39  +21  +55  +39  +26  +42  
+653  +43  +34  
+655  +34  +25  +32  
+657  +46  
+658  +27  
+660  +29  +22  +23  +32  +29  +30  +39  
+663  +24  
+665  +24  +41  +29  +37  +37  +36  
+667  +27  
+669  +47  
+670  +34  +26  +52  +57  
+671  +57  
+672  +26  
+675  +30  +35  +26  +57  +28  +27  +47  +33  +21  +72  +29  +23  +40  +55  +40  +40  +40  +55  +19  +20  +46  +55  +52  +39  +65  +19  +64  +57  +58  
+676  +22  
+677  +26  
+678  +46  +37  +39  
+680  +29  +38  
+683  +23  +22  
+684  +25  
+685  +18  +22  +47  
+688  +52  
+689  +55  +63  
+690  +55  +51  +26  
+691  +42  
+692  +34  
+694  +32  
+695  +24  +31  +27  +43  +39  
+696  +29  
+697  +60  +32  +53  
+698  +27  
+699  +25  +29  
+700  +59  +31  +55  +31  +30  +46  +62  +20  +30  +18  +19  +39  +57  +46  +42  +33  +20  +59  +25  +56  +50  +63  +30  +48  +29  +19  +19  +38  +45  +19  +38  +26  +50  +30  +30  +39  +36  +59  +20  +34  +36  +30  +35  +23  +50  +44  +36  +27  +41  +36  +40  +19  +22  +20  +18  +38  +42  +39  +51  +43  +40  +22  +68  +35  +26  +41  +46  +19  +90  +19  +49  +60  +51  +23  +22  +33  +57  +39  +34  +26  +28  +41  +39  +52  +26  +24  +56  +27  +18  +50  +31  +43  +37  +45  +49  +54  +41  +39  +23  +28  +59  +27  +42  +48  +50  +45  +23  +46  +50  +36  +46  +19  +39  +41  +28  +54  +41  +67  +38  +45  +22  +31  +59  +41  +24  +66  +35  +24  +26  +44  +59  +33  +23  +25  +24  +40  +24  +40  +33  +44  +37  +30  +22  +22  +28  +42  +44  +56  +22  +31  +51  +27  +18  +43  +61  +19  +67  +22  +35  +25  +56  +28  +33  +34  +23  +55  +24  +29  +35  +43  +39  +58  +27  +31  +37  +29  +50  +38  +33  +17  +34  +22  +54  +47  +31  +34  +19  +26  +32  +37  +49  +28  +37  +47  +59  +42  +25  +48  +33  +52  +55  +21  +58  +58  +33  +53  +43  +32  +48  +29  +58  +24  +65  +24  +34  +31  +47  +33  +22  +20  +33  +19  +23  +23  +42  +38  +27  +50  +18  +30  +23  +26  +29  
+703  +22  
+705  +31  +22  
+706  +41  +29  
+707  +40  +69  +30  +18  
+708  +28  +33  +39  
+709  +30  
+710  +23  +27  +33  +24  +26  +40  +24  +61  
+712  +42  
+713  +39  +32  +32  
+715  +40  +39  +56  +19  +51  +49  +49  +59  +31  +56  +46  +46  +33  
+716  +43  +31  +24  
+718  +40  
+720  +29  +55  +40  +25  +61  +31  +42  +28  +24  +55  
+721  +51  +38  +56  +37  
+725  +38  +63  +55  +56  +51  +59  +39  +47  +34  +43  +39  +54  +49  +52  +54  +24  +54  +28  +20  +24  +48  +24  +53  +61  +22  +28  +44  +23  +31  +24  +19  
+727  +62  
+730  +36  +31  +52  +43  +23  +60  +51  +27  +63  +35  +19  +24  
+731  +44  
+732  +51  +57  
+735  +33  +25  +37  +90  +24  +36  +22  +63  
+736  +23  
+738  +25  
+740  +29  +21  +47  
+742  +32  
+744  +19  +22  
+745  +62  +38  +25  +19  
+747  +41  +48  +42  
+748  +20  +22  
+750  +41  +22  +35  +35  +58  +24  +37  +65  +21  +35  +20  +36  +62  +54  +23  +26  +32  +43  +22  +43  +36  +22  +50  +41  +33  +35  +27  +20  +38  +51  +29  +19  +51  +54  +57  +42  +24  +31  +52  +38  +40  +26  +41  +27  +26  +22  +50  +20  +32  +35  +34  +24  +56  +24  +33  +20  +34  +40  +57  +30  +18  +20  +24  +55  +27  +56  +36  +49  +37  +26  +30  +20  +47  +20  +34  +43  +47  +28  +29  +21  +32  +24  +25  +67  +21  +27  
+754  +53  
+755  +49  +30  +37  +31  +44  
+756  +40  +34  +25  +47  +26  +34  +35  
+757  +44  +21  +49  +23  
+760  +32  +43  +33  +25  +57  +43  +44  +45  
+762  +52  
+763  +48  
+764  +59  
+765  +46  +33  +35  +45  
+766  +36  
+769  +47  +15  +52  
+770  +37  +66  +22  +30  +24  +20  
+771  +40  
+772  +34  
+775  +27  +26  +36  +38  +36  +39  +49  +23  +25  +45  
+777  +24  +29  
+779  +39  
+780  +25  +29  +43  +38  
+781  +29  +22  
+782  +51  +36  
+784  +42  
+785  +40  +43  +29  +39  +61  
+786  +48  +22  
+787  +42  +45  
+788  +19  +26  +28  
+789  +30  
+790  +26  +40  +40  
+791  +55  +29  
+792  +32  
+793  +52  
+796  +48  
+797  +61  
+798  +31  +28  
+799  +22  +22  
+800  +22  +70  +28  +31  +33  +28  +36  +52  +47  +44  +26  +41  +23  +45  +35  +25  +47  +28  +23  +26  +54  +66  +42  +23  +48  +40  +27  +43  +36  +42  +40  +36  +35  +60  +26  +34  +42  +20  +27  +31  +29  +25  +32  +37  +16  +40  +55  +20  +21  +24  +45  +47  +26  +26  +57  +33  +32  +42  +27  +28  +31  +63  +30  +36  +32  +61  +52  +22  +46  +35  +31  +49  +31  +47  +61  +35  +30  +32  +39  +22  +53  +37  +52  +41  +22  +32  +28  +30  +24  +50  +48  +35  +28  +18  +38  +50  +25  +57  +26  +25  +46  +23  +32  +47  +38  +26  +48  +34  +32  +25  +32  +22  +37  +47  +20  +34  +30  +19  +29  +50  +30  +35  +24  +24  +51  +38  +36  +41  +20  +67  +27  +42  +51  +21  +22  +44  +37  +22  +21  +21  +48  +36  +60  +65  +60  +41  +19  +20  +45  +38  +33  +23  +23  +52  +31  +31  +23  +24  +38  +27  +37  +51  +25  +44  +35  +37  +43  +41  +38  +55  +62  +24  +59  +60  +44  +26  +34  +21  +60  +26  +57  +42  +47  +38  +41  +55  +22  +20  +55  +40  +35  +29  +48  +27  +30  +25  +23  +66  +72  +49  +25  +28  +54  +20  +61  +56  +24  +31  +19  +24  +23  +40  +28  +24  +27  +24  +43  +23  +27  +44  +29  +47  +31  +59  +21  +45  +51  +45  +34  
+803  +45  +51  +26  +30  +37  
+805  +49  +47  +28  
+807  +43  
+808  +57  +24  
+809  +32  
+810  +32  +43  +28  +38  +33  
+811  +39  
+812  +47  
+815  +24  
+817  +25  +35  +57  
+819  +35  +37  +31  
+820  +27  +56  +24  +23  +62  +38  +40  +54  +42  
+822  +61  
+825  +32  +52  +39  +24  +21  +22  +27  +47  +28  +36  +48  +51  +20  +26  +49  +29  +43  +31  +39  +21  +20  +36  +39  +62  +49  +30  +19  +23  +49  
+826  +34  
+827  +43  
+829  +31  
+830  +32  +36  +54  +49  +34  +41  +39  
+832  +32  +28  +39  +45  
+834  +32  
+835  +35  +23  +39  +33  +28  
+836  +30  
+837  +47  +44  
+839  +57  
+840  +46  +61  +31  +31  
+843  +62  +22  
+844  +37  +29  +34  
+845  +24  +56  +23  +64  
+846  +57  +59  
+847  +37  +33  
+850  +31  +25  +41  +25  +38  +34  +31  +22  +53  +25  +24  +29  +53  +21  +36  +31  +58  +44  +42  +39  +46  +35  +37  +58  +28  +29  +36  +52  +20  +31  +49  +36  +36  +66  +33  +41  +33  +42  +23  +24  +52  +22  +36  +49  +22  +20  +36  +26  +41  +31  +24  +57  +34  +25  +31  +43  +41  +30  +25  +30  +20  +35  +38  +27  +47  +29  +43  +34  +24  +43  +30  +23  +46  +31  
+854  +28  
+855  +28  +27  +43  
+858  +39  
+859  +31  
+860  +58  +25  +28  +35  +28  +47  +37  +37  +26  +43  
+863  +39  +64  
+864  +33  +72  
+865  +27  +26  +31  +34  +52  +36  +33  
+866  +22  
+868  +38  
+869  +46  
+870  +26  +48  +41  +44  
+871  +42  
+872  +24  
+874  +45  
+875  +33  +27  +31  +39  +22  +42  +46  +39  +58  +48  +28  +29  +44  +55  +54  +28  +46  +62  
+876  +47  +27  
+879  +38  +57  
+880  +49  
+882  +27  
+883  +39  
+885  +52  +33  +51  +32  
+887  +41  
+888  +36  
+890  +24  +51  +38  +26  
+891  +45  +35  +36  
+892  +61  
+895  +32  
+896  +28  
+897  +62  
+900  +31  +36  +42  +38  +37  +57  +23  +39  +20  +33  +47  +20  +26  +31  +31  +42  +24  +20  +61  +49  +38  +19  +26  +49  +32  +43  +37  +39  +32  +38  +24  +43  +46  +51  +33  +23  +24  +47  +64  +75  +24  +42  +32  +35  +26  +26  +35  +41  +33  +21  +25  +30  +35  +45  +40  +52  +53  +65  +30  +24  +37  +20  +30  +38  +24  +37  +35  +45  +37  +44  +50  +33  +22  +27  +30  +40  +52  +34  +40  +23  +51  +25  +24  +46  +24  +22  +67  +62  +27  +50  +44  +32  +59  +31  +31  +34  +24  +22  +31  +21  +32  +40  +23  +51  +45  +30  +51  +67  +54  +29  +43  +54  +26  +50  +28  +23  +37  +27  +31  +61  +35  +30  +45  +33  +42  +23  +35  +50  +27  +38  +22  +40  +27  +43  +34  +55  +50  +46  +41  +35  +41  +76  +43  +37  +31  
+901  +37  +53  
+902  +27  
+905  +55  +50  +47  +28  +30  +45  
+906  +39  +39  +42  
+910  +28  +39  +49  +47  
+912  +41  
+913  +33  
+915  +24  +31  +27  
+916  +40  +34  
+917  +30  
+918  +35  
+920  +32  +32  +45  +33  +48  +20  +46  +28  +52  
+925  +30  +22  +37  +28  +37  +51  +29  +55  +49  +25  
+928  +68  +33  
+930  +30  +25  
+932  +29  
+935  +33  +43  
+936  +24  
+937  +56  +52  
+938  +28  
+940  +45  +27  +50  
+942  +38  +45  +45  
+943  +32  +20  
+944  +41  
+945  +36  +43  +53  +31  +48  +39  
+946  +60  +57  +62  
+947  +79  
+950  +45  +23  +59  +35  +34  +28  +29  +46  +37  +46  +32  +22  +25  +77  +75  +46  +57  +61  +31  +39  +47  +36  +32  +43  +48  +28  +52  +41  +29  +34  +34  +28  +37  +21  +62  +48  +42  +25  
+951  +40  +38  
+952  +44  
+953  +21  +45  +53  
+954  +55  +56  
+955  +25  +33  +30  
+956  +52  +59  +27  +35  
+957  +90  
+958  +33  
+960  +35  +50  +45  +37  +29  +23  
+962  +33  
+963  +25  +36  
+964  +52  +53  
+965  +68  +42  +55  +50  +47  +61  
+967  +55  
+968  +35  +33  
+969  +27  
+970  +21  +29  
+972  +22  
+975  +22  +26  +39  +35  +28  +26  +44  +30  
+976  +44  
+979  +51  +30  
+980  +39  +51  +48  +43  
+984  +28  
+985  +22  +24  
+986  +33  
+987  +62  +62  
+988  +44  +38  
+990  +29  +30  +26  
+991  +24  
+993  +31  
+995  +31  
+996  +46  
+998  +31  +34  +25  
+999  +25  
+1000  +23  +48  +43  +33  +38  +28  +42  +30  +30  +34  +54  +28  +41  +39  +35  +33  +47  +43  +38  +27  +35  +42  +31  +52  +25  +50  +34  +38  +26  +24  +53  +32  +47  +55  +23  +31  +34  +27  +45  +54  +45  +33  +19  +26  +71  +43  +29  +49  +63  +32  +47  +40  +38  +52  +46  +57  +35  +62  +46  +33  +48  +59  +29  +29  +47  +43  +37  +51  +37  +43  +43  +48  +27  +24  +27  +47  +22  +23  +64  +54  +29  +39  +32  +19  +26  +53  +57  +37  +25  +30  +69  +41  +36  +42  +46  +38  +24  +51  +28  +59  +23  +30  +27  +26  +20  +49  +43  +34  +29  +65  +32  +27  +39  +27  +31  +32  +41  +32  +34  +43  +58  +44  +35  +50  +28  +30  +30  +67  +50  +54  +30  +55  +49  +56  +31  +31  +27  +33  +31  +47  +30  +22  +51  +25  +58  +29  +36  +23  +44  +24  +27  +65  +65  +30  +41  +47  +24  +48  +30  +53  +21  +59  +46  +31  +49  +43  +21  +59  +27  +27  +51  +28  +44  +50  +28  +27  +31  +26  +30  +29  +34  +37  
+1003  +53  +33  
+1004  +39  
+1005  +35  +37  
+1010  +26  +31  
+1011  +31  
+1014  +28  
+1015  +32  +65  
+1016  +43  +40  
+1017  +44  
+1020  +42  +26  
+1022  +54  
+1024  +40  
+1025  +60  +50  +25  +28  +38  +26  +25  +38  +70  +35  +20  +42  +30  +29  +33  
+1026  +50  
+1027  +39  +52  +44  +40  +44  
+1028  +56  
+1030  +50  +51  +39  +26  +45  +26  
+1032  +46  +34  
+1035  +22  +27  +27  +31  +26  
+1036  +48  
+1038  +35  +77  
+1039  +36  
+1040  +22  +54  +28  +64  
+1041  +55  +57  
+1042  +63  +43  
+1043  +46  +24  
+1044  +23  +30  
+1045  +44  +37  +30  
+1050  +30  +43  +37  +33  +31  +35  +31  +55  +58  +68  +30  +23  +46  +46  +51  +39  +42  +31  +33  +24  +42  +60  +43  +41  +21  +43  +57  +37  +23  +50  +30  +22  +58  
+1053  +45  +28  
+1055  +30  
+1056  +33  +33  
+1057  +42  +53  
+1058  +22  +28  
+1059  +27  
+1060  +58  +56  
+1062  +60  +44  
+1065  +50  +47  +29  +37  +43  
+1067  +26  +37  +36  
+1073  +41  
+1074  +25  
+1075  +40  +37  +52  +33  +34  +24  
+1077  +65  
+1079  +34  +54  
+1080  +32  +40  +24  +35  +52  
+1082  +49  
+1083  +34  
+1085  +51  +37  +45  +33  +53  
+1087  +38  +34  
+1088  +50  +52  
+1090  +40  
+1094  +31  
+1095  +58  
+1096  +46  
+1097  +28  
+1098  +44  +35  
+1099  +68  
+1100  +24  +31  +35  +46  +36  +25  +34  +38  +30  +49  +25  +51  +55  +44  +43  +29  +34  +29  +47  +24  +50  +50  +28  +26  +45  +49  +61  +35  +58  +48  +31  +58  +25  +48  +24  +38  +41  +57  +35  +46  +25  +40  +43  +25  +43  +40  +31  +37  +39  +32  +32  +50  +24  +32  +39  +52  +47  +25  +32  +34  +24  +35  +46  +42  +33  +56  +57  +49  +22  +29  +51  +56  +25  +33  +36  +57  +38  +69  +52  +22  +47  +35  +41  +37  +45  +41  +23  +34  +46  +48  +19  +58  +33  +44  +56  +37  +43  +23  +66  +41  +58  
+1102  +58  
+1104  +44  +38  
+1105  +44  +25  +25  +31  +28  
+1107  +25  
+1110  +40  
+1112  +35  
+1113  +46  
+1115  +54  
+1117  +34  
+1119  +28  
+1120  +44  +27  +40  +40  
+1121  +59  
+1123  +50  
+1125  +46  +43  +42  +60  +37  
+1127  +35  +34  +39  +48  
+1130  +66  +31  +34  +26  
+1131  +33  +39  
+1134  +31  
+1135  +44  +51  
+1136  +24  
+1140  +49  +42  
+1145  +48  +44  
+1149  +35  +55  +56  
+1150  +50  +27  +38  +25  +52  +28  +39  +56  +40  +48  +35  +25  +43  +30  +24  +41  +41  +54  +56  +43  +27  +31  +32  +53  +57  
+1152  +28  
+1153  +45  
+1155  +32  
+1156  +33  +37  
+1157  +22  +40  
+1158  +29  
+1160  +29  +29  +41  +41  
+1162  +51  
+1163  +35  
+1164  +46  +39  +37  
+1165  +48  +30  +61  +30  
+1167  +58  +56  
+1173  +44  
+1175  +62  +36  +50  +35  +37  +34  +56  
+1179  +38  
+1180  +32  
+1185  +50  
+1186  +30  
+1187  +31  
+1188  +50  +36  
+1195  +53  
+1198  +44  
+1199  +28  
+1200  +48  +47  +39  +62  +46  +53  +36  +53  +42  +37  +36  +48  +36  +42  +27  +27  +38  +36  +49  +48  +34  +34  +32  +30  +41  +42  +48  +47  +24  +57  +25  +31  +38  +33  +30  +45  +25  +36  +52  +59  +31  +37  +30  +22  +35  +37  +46  +31  +34  +41  +27  +48  +31  +30  +61  +49  +31  +31  +59  +34  +47  +55  +31  +28  +45  +28  +27  +59  +33  +42  +29  +55  +71  +42  +26  +37  +41  +32  +59  +54  +51  +36  +33  +31  +40  +42  +52  +27  +47  +56  +46  +29  +46  +50  +43  +29  +23  +30  +46  +46  +61  +56  +28  +28  +46  +44  +32  +39  +43  +28  +30  +28  +27  +39  +53  +51  +35  +36  +46  
+1201  +48  +59  
+1202  +52  +46  +43  +41  
+1210  +57  +25  +25  +50  
+1211  +57  
+1214  +46  
+1215  +42  +48  +29  +33  
+1217  +52  
+1219  +34  
+1220  +33  +39  +55  +45  +38  +40  
+1222  +36  
+1225  +46  +45  +35  +33  
+1226  +47  
+1228  +50  
+1230  +47  +33  
+1235  +25  +34  +63  +30  +41  
+1236  +21  
+1239  +43  
+1240  +29  +40  +54  +34  +26  +36  +40  +48  
+1245  +43  
+1249  +68  
+1250  +41  +36  +40  +25  +36  +33  +44  +46  +46  +28  +42  +43  +44  +44  +52  +50  +52  +29  +27  +42  +66  
+1251  +27  +46  
+1253  +44  
+1255  +35  +34  
+1256  +27  
+1257  +46  
+1258  +43  +45  +33  
+1260  +39  +41  +35  
+1268  +44  
+1269  +43  
+1270  +37  +39  +32  +50  
+1272  +40  +35  +36  +43  +30  
+1275  +36  +28  +47  +49  +27  
+1276  +34  
+1280  +47  +34  +40  
+1284  +39  
+1285  +38  
+1286  +60  
+1287  +40  
+1288  +44  +39  
+1290  +40  +42  
+1295  +41  
+1296  +51  
+1297  +46  +50  +38  
+1300  +29  +52  +44  +58  +30  +50  +25  +48  +56  +54  +46  +31  +45  +35  +39  +59  +45  +72  +46  +53  +54  +28  +41  +38  +35  +44  +45  +51  +65  +34  +49  +39  +37  +29  +45  +37  +31  +55  +47  +31  +32  +26  +50  +61  +42  +38  +50  +37  +51  +46  +53  +30  +38  +28  +58  +62  +31  +47  +30  +47  +41  +27  +40  +34  +45  +57  +32  +66  +33  +28  +46  +45  +37  +52  +46  +51  +25  +23  +36  +47  +40  +25  +42  +26  +50  +43  +23  +29  +27  +60  
+1303  +33  
+1305  +41  +41  +42  
+1307  +34  
+1308  +39  
+1310  +28  +40  
+1311  +42  +42  +32  
+1313  +30  
+1315  +39  
+1320  +32  
+1325  +43  +32  +30  +28  
+1329  +57  
+1330  +39  
+1334  +41  
+1335  +43  +42  +37  
+1339  +31  
+1342  +51  +46  
+1345  +51  
+1349  +59  
+1350  +27  +26  +29  +42  +61  +32  +36  +46  +63  +45  +40  +46  +41  +42  +48  
+1356  +38  
+1358  +53  
+1360  +37  +39  
+1363  +37  
+1365  +47  +41  +48  
+1367  +39  +48  
+1369  +38  
+1370  +32  
+1371  +37  +39  +35  
+1375  +39  +30  +37  
+1383  +30  +55  
+1384  +58  
+1385  +20  
+1386  +23  
+1388  +34  
+1390  +55  
+1394  +43  
+1395  +53  
+1396  +57  
+1397  +55  
+1399  +51  
+1400  +35  +39  +37  +32  +59  +39  +34  +43  +57  +54  +42  +42  +27  +54  +29  +34  +45  +60  +53  +35  +32  +52  +35  +41  +33  +44  +48  +42  +36  +31  +26  +33  +58  +55  +37  +43  +34  +37  +30  +53  +38  +35  +59  +36  +37  +34  +46  +48  +33  +41  +24  +43  +40  +34  +31  +52  +46  +29  
+1410  +26  
+1412  +35  
+1414  +24  +52  
+1419  +53  
+1422  +45  
+1425  +52  +31  
+1428  +39  
+1429  +45  
+1430  +31  
+1433  +29  
+1435  +41  
+1440  +45  +36  
+1442  +52  
+1446  +36  
+1449  +45  
+1450  +46  +35  +52  +57  +66  +25  +28  
+1460  +39  +27  
+1461  +39  
+1463  +42  
+1465  +25  +38  +52  
+1466  +42  +43  
+1467  +24  
+1470  +26  
+1471  +25  
+1473  +53  
+1474  +39  
+1475  +47  
+1478  +70  
+1479  +27  +42  +56  
+1480  +37  +45  
+1485  +42  +51  
+1486  +25  
+1488  +30  
+1489  +47  
+1490  +57  
+1493  +40  
+1497  +46  +61  
+1500  +43  +39  +25  +37  +55  +62  +28  +40  +34  +26  +55  +28  +53  +42  +33  +38  +28  +74  +46  +38  +41  +33  +38  +34  +41  +40  +38  +29  +54  +50  +26  +37  +33  +35  +27  +32  +47  +43  +41  +33  +33  +63  +47  +40  +35  +52  +39  +43  +49  +39  +31  +51  +54  +49  +45  +39  +40  +49  +46  +21  +42  +49  +43  +33  +25  +30  +48  +33  +26  +60  +56  +45  +41  +51  +34  +61  +54  +30  +28  +29  +39  +33  +40  +47  +28  +27  +38  +17  +33  +33  +42  +28  +39  +57  +35  +51  +36  +29  +37  +31  +40  +32  +56  +63  
+1506  +50  
+1510  +45  +44  
+1513  +30  +31  
+1515  +28  
+1516  +51  +52  
+1518  +42  
+1519  +45  
+1530  +36  +30  
+1532  +59  
+1533  +37  +39  
+1535  +41  +49  
+1538  +35  +34  +55  
+1540  +35  +46  
+1548  +50  
+1549  +41  +48  
+1550  +48  +34  +45  +46  +37  +54  +39  +37  +30  +33  
+1555  +29  
+1556  +52  +35  
+1560  +53  
+1561  +45  
+1565  +39  +45  
+1566  +39  +30  
+1567  +58  
+1568  +33  
+1570  +37  +38  +39  
+1571  +46  
+1572  +38  
+1575  +45  +30  
+1576  +28  +33  
+1582  +57  
+1584  +30  
+1590  +34  
+1592  +39  +46  
+1600  +37  +54  +64  +47  +36  +40  +47  +37  +30  +48  +58  +54  +43  +63  +35  +38  +48  +55  +44  +55  +45  +34  +34  +27  +42  +43  +53  +31  +38  +26  +50  +39  +39  +58  +52  +40  +42  +40  +34  +39  +41  +46  +49  +45  +46  +45  +52  +54  +71  +28  +32  +58  +51  +28  +46  +40  +60  
+1607  +28  +37  
+1613  +32  
+1615  +37  
+1619  +32  
+1622  +43  
+1624  +42  
+1625  +34  +35  +35  
+1626  +43  +44  
+1630  +44  
+1634  +47  
+1638  +37  
+1643  +46  
+1650  +40  +35  +44  +54  +35  +37  +50  +68  +34  
+1651  +45  
+1660  +51  
+1667  +46  +40  
+1670  +53  +43  
+1675  +26  
+1677  +28  
+1680  +26  
+1682  +56  
+1683  +45  +37  +43  +47  
+1684  +62  
+1685  +30  
+1700  +52  +54  +49  +36  +46  +29  +37  +45  +47  +32  +40  +33  +56  +30  +35  +24  +30  +48  +57  +51  +43  +46  +37  +44  +57  +52  +54  +34  +43  +50  +37  +43  +37  +36  +60  +38  +26  +46  +43  +52  +31  +47  +28  +32  +36  +48  +34  +37  +58  +41  
+1701  +42  
+1706  +40  
+1715  +45  +54  
+1716  +53  
+1718  +35  
+1719  +32  
+1720  +32  
+1721  +29  
+1722  +38  
+1724  +29  
+1725  +45  +42  
+1727  +41  
+1729  +39  
+1730  +25  +25  
+1731  +51  
+1735  +40  
+1744  +43  
+1750  +36  +51  +44  +27  +42  +43  
+1751  +34  
+1756  +41  +44  
+1757  +38  
+1758  +42  +46  
+1759  +47  +36  
+1762  +36  
+1774  +38  
+1775  +29  +33  
+1783  +38  
+1784  +50  +27  
+1786  +41  +52  
+1787  +44  
+1789  +47  
+1790  +63  
+1792  +38  
+1800  +35  +41  +45  +56  +47  +60  +34  +30  +51  +44  +35  +51  +48  +49  +46  +36  +40  +31  +41  +31  +36  +33  +33  +41  +46  +31  +29  +43  +43  +45  +51  +46  +41  +33  +56  +33  +47  +58  +24  +51  +37  +32  +30  +40  +40  +38  +48  +49  +50  +60  +53  +57  
+1805  +41  +44  +52  
+1808  +53  
+1810  +54  +41  
+1817  +36  
+1820  +52  +45  
+1824  +41  
+1825  +49  +47  +42  +38  
+1830  +28  
+1832  +46  
+1836  +38  
+1840  +64  +48  
+1850  +43  +42  +52  +50  +49  +64  +57  +42  
+1854  +31  +39  
+1860  +62  
+1862  +44  
+1863  +40  
+1864  +58  +62  +58  
+1870  +41  +33  
+1871  +38  +35  +46  
+1875  +27  +42  +46  +50  +34  +38  +48  
+1880  +37  +45  
+1882  +50  +49  
+1898  +39  
+1900  +30  +50  +50  +47  +31  +38  +28  +42  +27  +46  +32  +38  +55  +35  +39  +41  +35  +37  +55  +50  +48  
+1905  +36  
+1915  +36  +31  
+1919  +58  +55  +56  
+1923  +38  +53  
+1925  +34  
+1927  +39  
+1929  +28  
+1935  +42  
+1940  +48  
+1950  +52  +38  +46  +36  +39  
+1960  +24  
+1973  +57  
+1976  +44  
+1986  +40  
+1987  +60  
+1993  +43  
+1994  +58  +49  
+2000  +52  +53  +42  +37  +37  +39  +48  +44  +39  +46  +56  +36  +53  +42  +51  +47  +38  +36  +61  +41  +42  +43  +44  +42  +46  +45  +40  +46  +51  +54  +32  +35  +38  +47  +52  +50  +29  +50  +43  +35  +43  +38  +42  
+2012  +41  
+2018  +42  
+2019  +31  +26  
+2020  +40  
+2026  +43  +51  +47  
+2029  +43  
+2030  +35  
+2035  +35  
+2038  +42  +25  
+2050  +38  +47  +45  
+2067  +39  
+2072  +42  
+2073  +46  
+2100  +46  +40  +31  +27  +49  +41  +35  +56  +26  +35  +31  +25  +32  +34  +29  +30  +53  +42  +37  +38  +25  +26  +31  +41  +57  +41  +40  
+2110  +53  
+2116  +35  +45  
+2132  +47  
+2136  +26  
+2138  +47  
+2141  +34  
+2150  +37  +53  
+2155  +37  
+2160  +32  
+2178  +51  
+2190  +35  
+2200  +62  +48  +53  +37  +29  +33  +25  +35  +37  +47  +43  +33  +31  +65  +36  +27  +49  +76  +42  +49  +42  +30  +55  +26  +50  +77  +43  +56  +49  
+2202  +45  
+2208  +35  
+2218  +39  
+2250  +45  +40  
+2258  +42  
+2290  +48  
+2295  +51  
+2299  +30  
+2300  +44  +37  +35  +36  +28  +44  +28  +35  +53  +37  +40  
+2317  +55  
+2350  +46  +42  
+2355  +37  
+2360  +42  
+2366  +61  
+2370  +49  
+2373  +45  
+2375  +36  +53  
+2377  +53  
+2395  +47  
+2400  +45  +47  +37  +34  +44  +68  +39  
+2429  +45  
+2450  +40  
+2451  +33  
+2485  +36  
+2500  +46  +62  +38  +46  +59  +58  +51  +26  +42  +50  +52  +54  +60  +49  +33  +50  +69  +37  +34  +37  +39  +42  +44  +55  +47  
+2532  +40  
+2536  +56  
+2538  +54  +42  
+2540  +39  
+2552  +52  
+2582  +51  
+2600  +60  +52  +31  
+2613  +53  
+2650  +36  
+2700  +36  +35  +35  +46  
+2730  +32  
+2740  +37  
+2751  +46  +42  
+2800  +44  
+2825  +25  
+2850  +44  
+2900  +54  +46  
+2915  +53  
+2952  +68  +69  +78  +71  
+2966  +51  
+3000  +59  +40  +39  +37  +31  
+3100  +57  
+3150  +41  
+3190  +54  
+3200  +48  +30  +37  
+3205  +47  
+3300  +39  +29  +52  +65  
+3350  +46  +44  
+3400  +45  
+3500  +31  
+3600  +54  +53  +30  
+3745  +45  
+3750  +39  
+4000  +52  +37  
+4500  +59  
+4807  +21  +57  +30  
+4900  +24  
+5000  +29  +43  +59  +20  
+5500  +54  
+6000  +39  
+6410  +36  
+6500  +46  +44  
+7000  +31  
+7700  +35  
+8000  +35  
+8500  +31  
+8600  +34  
+9000  +27  
+9400  +60  +62  
+9916  +40  
