+44  +68  +66  +69  +74  +74  +74  +74  +70  
+45  +74  +68  +74  +71  +71  +70  +69  +74  
+47  +64  +68  +70  +68  
+48  +61  +60  +58  +68  +62  +66  +71  +68  +69  
+49  +72  +65  +65  +68  
+50  +62  +57  +60  +62  +63  +67  +61  +62  
+51  +57  +54  +60  +57  +67  +61  +64  +60  +62  +60  +62  +66  +66  +65  
+52  +56  +57  +58  +63  +62  +59  +61  +62  
+53  +54  +58  +63  +62  +62  
+54  +53  +62  +59  +58  +55  +57  +58  
+55  +56  +55  +59  +58  
+56  +53  +56  +54  
+57  +57  
+58  +55  +53  +55  
+59  +52  +53  +55  
+60  +50  +51  
+61  +54  +50  
+62  +49  +48  
+63  +31  +49  +49  +53  +54  
+64  +49  +54  
+65  +48  +50  
+66  +50  
+67  +48  
+69  +48  
+71  +43  
+76  +44  +45  +45  
+98  +23  
+111  +19  
+113  +39  
