+24  +19  
+25  +0  +3  +0  +1  +7  +7  +5  +16  
+26  +24  +7  +10  +0  +11  +0  +24  +25  +23  +26  
+27  +33  +7  +9  +7  +6  +0  +8  +34  +18  +5  +38  +42  +41  
+28  +0  +0  +29  +19  +47  
+29  +0  +14  +30  +39  +56  +60  +61  
+30  +43  +39  +32  +34  +38  +48  +68  +64  +69  
+32  +54  +68  +53  
+33  +75  +73  
+34  +67  +72  +92  +98  
+35  +89  
+36  +86  +110  
+37  +107  
+38  +83  +112  +116  
+39  +110  
+40  +106  
+41  +113  +122  +124  
+42  +114  +128  
+43  +135  
+44  +124  
+45  +145  
+49  +143  +159  
+50  +149  
+51  +158  +158  
+52  +152  +165  
+55  +164  +167  +173  +174  
+57  +179  +179  +179  +181  
+58  +184  
+59  +173  
+61  +182  +183  
+62  +193  
+64  +192  +194  +197  
+65  +190  +199  
+68  +195  +200  +201  +205  
+69  +199  
+70  +205  +208  
+71  +209  +211  +212  
+72  +206  +210  +210  +215  
+74  +214  +218  +217  +218  +218  +219  
+75  +210  +211  +222  
+76  +215  
+77  +217  +223  +225  
+78  +218  +218  +220  +223  +225  +226  
+79  +218  +224  +223  +225  +227  
+80  +220  +221  +224  +227  +227  +231  
+81  +225  +224  +221  +223  +226  +228  +230  +229  +232  
+82  +227  +228  +227  +229  +230  +232  +233  
+83  +227  +230  +231  +234  +233  +234  +234  +235  
+84  +227  +227  +228  +230  +228  +229  +231  +233  +231  +235  +236  
+85  +231  +231  +228  +235  +236  
+86  +231  +237  +231  +232  +232  +233  +233  +235  +237  +237  +237  +237  +238  +239  
+87  +233  +234  +232  +238  +238  +239  +239  +240  +239  +240  +240  
+88  +234  +234  +238  +240  +240  +240  +241  
+89  +237  +239  +239  +240  +241  +242  +242  
+90  +237  +241  +237  +240  +242  +242  +243  
+91  +238  +238  +239  +241  +242  
+92  +239  +241  +242  +244  
+93  +242  +241  +242  +245  +246  +246  +246  +247  
+94  +242  +244  +244  +244  +245  +246  
+95  +242  +242  +243  +243  +243  +245  +244  +248  +248  +249  
+96  +244  +244  +244  
+97  +246  +247  +247  +251  
+98  +247  +247  +248  
+99  +247  +250  +251  +252  
+100  +248  +249  
+101  +249  +249  +251  +252  +253  
+102  +253  
+103  +251  +252  
+105  +252  +253  
+106  +253  
+110  +255  +255  
+111  +255  +255  
+112  +255  +255  
