+3  +90  
+4  +92  +92  
+5  +98  
+10  +92  
+11  +97  
+14  +87  
+16  +87  
+21  +89  
+22  +113  
+24  +88  
+25  +98  +91  +101  +94  
+27  +103  +88  +96  +95  
+28  +98  +106  +86  +89  +88  +95  
+29  +91  +99  
+30  +111  +100  +91  +100  +97  +104  
+31  +84  +94  +93  +93  +86  +98  +92  +92  +93  +87  +99  +96  +115  
+32  +88  +87  +100  +94  +92  +103  +93  
+33  +89  +91  +95  +104  
+34  +100  
+35  +94  +100  +91  
+38  +93  +100  +100  +95  +96  +90  
+40  +85  
+41  +95  +94  +84  
+43  +99  +92  +90  
+44  +96  +92  
+45  +94  +93  +88  +86  +93  
+46  +106  +94  +98  
+48  +101  +90  +97  +91  
+49  +107  +88  +107  +97  +96  +96  +92  +91  
+51  +93  
+52  +94  +92  +98  
+53  +89  
+55  +96  +101  +94  +89  
+56  +103  
+57  +90  
+62  +93  
+64  +94  
