+11  -5  -3  -2  -2  -2  -2  -2  -2  -1  -1  -1  -1  +0  +0  +0  +0  +0  +0  +1  +1  +2  +2  +2  +2  +3  +3  +4  +16  
+13  -126  +2  +19  +20  +21  +21  +23  +23  
+14  -11  -7  -6  -3  -3  -3  -3  -2  -2  -2  +0  +0  +0  +0  +0  +0  +1  +1  +1  +1  +2  +2  +2  +2  +3  +3  +3  +3  +3  +4  +6  
+15  -51397  -1493  -1412  -1403  -1399  -1376  -1352  -1345  -1310  -1310  -1308  -1306  -1303  +1130  +1132  +1133  +1133  +1133  +1133  +1133  +1133  +1134  +1134  +1134  +1134  +1134  +1134  +1135  +1135  +1135  +1135  +1135  +1136  +1136  +1136  +1136  +1136  +1136  +1136  +1137  +1138  +1138  +1138  +1156  +1157  +1157  +1158  +1159  +1159  +1159  +1159  +1159  +1159  +1159  +1160  +1160  +1160  +1160  +1160  +1161  +1161  +1161  +1161  +1161  +1162  +1162  +1162  +1162  +1163  +1163  +1163  +1165  
+16  -2261  -2248  -2232  -2212  -2170  -2080  +234  +237  +258  +261  +265  +266  +301  +304  +318  +318  +339  +340  +341  +341  +341  +343  +344  +344  +345  +346  +346  +347  +347  +347  +347  +347  +347  +348  +348  +348  +349  +349  +350  +350  +350  +351  +352  +353  +361  +364  
+17  -2540  -2499  -2400  -2350  -52  -52  -27  -24  -24  +50  +54  +55  +62  +63  +76  +77  +78  +79  +79  +79  +81  +81  +82  +83  +85  +86  +86  +87  +87  +88  +88  +89  +90  +91  +91  +92  +107  +107  +107  +108  +109  +109  +110  +110  +110  +110  +112  +112  +112  +112  +112  +112  +113  +113  +113  +114  +114  +114  +115  +115  +116  +117  +117  +124  +129  +130  +130  +130  +130  +130  +130  +130  +131  +131  +131  +131  +131  +131  +132  +132  +132  +132  +132  +132  +132  +132  +132  +133  +133  +133  +133  +134  +134  +134  +135  +135  +138  +155  +157  
+18  -3040  -2935  -634  -521  -519  -475  -472  -470  -470  -469  -468  -468  -468  -467  -465  -464  -464  -464  -463  -462  -442  -425  -425  -425  -424  -423  -423  -422  -422  -422  -421  -420  -418  -418  -402  -397  -232  +12  +17  +37  +21538  
+19  -1678  -1589  -1560  -1526  -1478  -1450  -1450  -1231  -1229  -985  -961  -857  -856  -833  -832  -831  -829  -311  +20484  
+20  -2795  -278  -277  -258  -241  -208  -206  -180  -179  -176  -140  +11  +13  +20  +411  +492  +522  +3473  
+21  -3395  -849  -825  -772  -32  -27  -23  -2  +14  +19  +5888  
+22  -2118  -956  -942  -874  -394  -164  -130  -128  -125  +5834  
+23  -3072  -2100  -2064  -2064  -2063  -2063  -2062  -2062  -1959  -1732  +2383  +4684  +4686  +4731  +4755  
+29  -1745  -1688  -1686  -1577  -1436  -1209  -854  +4899  +5296  
+30  -13971  -11416  -11232  -11127  -10809  -5006  +63562  
