+0  +1  +0  
+0  +0  +0  
+0  +0  +0  
+0  +0  +0  
+0  +0  +0  
+0  +0  +0  
+0  +0  +0  
+0  +0  +0  
+0  +0  +0  
+0  +0  +0  
+0  +0  +0  
+0  +0  +0  
+0  +0  +0  
+0  +0  +0  
+0  +0  +0  
+0  +0  +0  
+0  +0  +0  
+1  +0  +0  
+0  +0  +0  
+0  +0  +0  
+0  +0  +0  
+0  +0  +0  
+0  +0  +0  
+0  +0  +0  
+0  +0  +0  
+0  +0  +0  
+0  +0  +0  
+0  +0  +0  
+0  +0  +0  
+0  +0  +0  
+0  +0  +0  
+0  +0  +0  
+4  +0  +0  
+0  +0  +0  
+0  +0  +0  
+0  +0  +2  
+0  +0  +0  
+1  +0  +0  
+0  +0  +0  
+0  +0  +0  
+0  +0  +0  
+0  +0  +0  
+3  +0  +0  
+0  +0  +0  
+0  +0  +0  
+0  +0  +1  
+0  +0  +0  
+2  +0  +0  
+0  +0  +0  
+0  +0  +0  
+0  +1  +1  
+0  +0  +0  
+2  +0  +0  
+0  +0  +0  
+0  +0  +0  
+0  +3  +2  
+0  +0  +0  
+7  +0  +0  
+0  +0  +0  
+0  +0  +0  
+0  +2  +4  
+0  +0  +0  
+2  +0  +0  
+0  +0  +0  
+0  +0  +0  
+0  +4  +6  
+0  +0  +0  
+12  +0  +0  
+0  +0  +0  
+0  +0  +0  
+0  +2  +6  
+0  +0  +0  
+16  +0  +0  
+0  +0  +0  
+0  +0  +0  
+0  +9  +9  
+0  +0  +0  
+14  +0  +0  
+0  +0  +0  
+0  +0  +0  
+0  +4  +10  
+0  +0  +0  
+27  +0  +0  
+0  +0  +0  
+0  +0  +0  
+0  +12  +15  
+0  +0  +0  
+19  +0  +0  
+0  +0  +0  
+0  +0  +0  
+0  +24  +23  
+0  +0  +0  
+28  +0  +0  
+0  +0  +0  
+0  +0  +0  
+0  +25  +24  
+0  +0  +0  
+24  +0  +0  
+0  +0  +0  
+0  +0  +0  
+0  +44  +31  
+0  +0  +0  
+21  +0  +0  
+0  +0  +0  
+0  +0  +0  
+0  +35  +42  
+0  +0  +0  
+29  +0  +0  
+0  +0  +0  
+0  +0  +0  
+0  +51  +47  
+0  +0  +0  
+58  +0  +0  
+0  +0  +0  
+0  +0  +0  
+0  +42  +56  
+0  +0  +0  
+66  +0  +0  
+0  +0  +0  
+0  +0  +0  
+0  +62  +58  
+0  +0  +0  
+69  +0  +0  
+0  +0  +0  
+0  +0  +0  
+0  +68  +88  
+0  +0  +0  
+68  +0  +0  
+0  +0  +0  
+0  +0  +0  
+0  +55  +68  
+0  +0  +0  
+88  +0  +0  
+0  +0  +0  
+0  +0  +0  
+0  +113  +105  
+0  +0  +0  
+74  +0  +0  
+0  +0  +0  
+0  +0  +0  
+0  +82  +66  
+0  +0  +0  
+115  +0  +0  
+0  +0  +0  
+0  +0  +0  
+0  +91  +89  
+0  +0  +0  
+111  +0  +0  
+0  +0  +0  
+0  +0  +0  
+0  +90  +60  
+0  +0  +0  
+98  +0  +0  
+0  +0  +0  
+0  +0  +0  
+0  +86  +76  
+0  +0  +0  
+92  +0  +0  
+0  +0  +0  
+0  +0  +0  
+0  +96  +85  
+0  +0  +0  
+57  +0  +0  
+0  +0  +0  
+0  +0  +0  
+0  +62  +58  
+0  +0  +0  
+109  +0  +0  
+0  +0  +0  
+0  +0  +0  
+0  +45  +59  
+0  +0  +0  
+58  +0  +0  
+0  +0  +0  
+0  +0  +0  
+0  +50  +64  
+0  +0  +0  
+55  +0  +0  
+0  +0  +0  
+0  +0  +0  
+0  +40  +53  
+0  +0  +0  
+51  +0  +0  
+0  +0  +0  
+0  +0  +0  
+0  +30  +39  
+0  +0  +0  
+36  +0  +0  
+0  +0  +0  
+0  +0  +0  
+0  +25  +24  
+0  +0  +0  
+37  +0  +0  
+0  +0  +0  
+0  +0  +0  
+0  +13  +16  
+0  +0  +0  
+20  +0  +0  
+0  +0  +0  
+0  +0  +0  
+0  +13  +11  
+0  +0  +0  
+10  +0  +0  
+0  +0  +0  
+0  +0  +0  
+0  +9  +17  
+0  +0  +0  
+17  +0  +0  
+0  +0  +0  
+0  +0  +0  
+0  +8  +6  
+0  +0  +0  
+7  +0  +0  
+0  +0  +0  
+0  +0  +0  
+0  +3  +11  
+0  +0  +0  
+5  +0  +0  
+0  +0  +0  
+0  +0  +0  
+0  +3  +3  
+0  +0  +0  
+7  +0  +0  
+0  +0  +0  
+0  +0  +0  
+0  +1  +2  
+0  +0  +0  
+3  +0  +0  
+0  +0  +0  
+0  +0  +0  
+0  +0  +2  
+0  +0  +0  
+3  +0  +0  
+0  +0  +0  
+0  +0  +0  
+0  +2  +1  
+0  +0  +0  
+0  +0  +0  
+0  +0  +0  
+0  +0  +0  
+0  +0  +0  
+0  +0  +0  
+1  +0  +0  
+0  +0  +0  
+0  +0  +0  
+0  +0  +0  
+0  +0  +0  
+0  +0  +0  
+0  +0  +0  
+0  +0  +0  
+0  +0  +1  
+0  +0  +0  
+0  +0  +0  
+0  +0  +0  
+0  +0  +0  
+0  +0  +1  
+0  +0  +0  
+0  +0  +0  
+0  +0  +0  
+0  +0  +0  
+0  +0  +0  
+0  +0  +0  
+0  +0  +0  
+0  +0  +0  
+0  +0  +0  
+0  +0  +0  
+0  +0  +0  
+0  +0  +0  
+0  +0  +0  
+0  +0  +0  
+0  +0  +0  
+0  +0  +0  
+0  +0  +0  
+0  +0  +0  
+0  +0  +0  
+0  +0  +0  
+0  +0  +0  
+0  +0  +0  
+0  +0  +0  
+0  +0  +0  
+0  +0  +0  
+0  +0  +0  
+0  +0  +0  
+0  +0  +0  
+0  +0  +0  
+0  +0  +0  
+0  +0  +0  
+0  +0  +0  
+0  +0  +0  
+0  +0  +0  
+0  +0  +0  
+0  +0  +0  
+0  +0  +0  
+0  +0  +0  
+0  +0  +0  
+0  +0  +0  
+0  +0  +0  
+0  +0  +0  
+0  +0  +0  
+0  +0  +0  
+0  +0  +0  
+0  +0  +0  
+0  +0  +0  
+0  +0  +0  
+0  +0  +0  
+0  +0  +0  
+0  +0  +0  
+0  +0  +0  
+0  +0  +0  
+0  +0  +0  
+0  +0  +0  
+0  +0  +0  
+0  +0  +0  
+0  +0  +0  
+0  +0  +0  
+0  +0  +0  
+0  +0  +0  
+0  +0  +0  
+0  +0  +0  
+0  +0  +0  
+0  +0  +0  
+0  +0  +0  
+0  +0  +0  
+0  +0  +0  
+0  +0  +0  
+0  +0  +0  
+0  +0  +0  
+0  +0  +0  
+0  +0  +0  
+0  +0  +0  
+0  +0  +0  
+0  +0  +0  
+0  +0  +0  
+0  +0  +0  
+0  +0  +0  
+0  +0  +0  
+0  +0  +0  
+0  +0  +0  
+0  +0  +0  
+0  +0  +0  
+0  +0  +0  
+0  +0  +0  
+0  +0  +0  
+0  +0  +0  
+0  +0  +0  
+0  +0  +0  
+0  +0  +0  
+0  +0  +0  
+0  +0  +0  
+0  +0  +0  
+0  +0  +0  
+0  +0  +0  
+0  +0  +0  
+0  +0  +0  
+0  +0  +0  
+0  +0  +0  
+0  +0  +0  
+0  +0  +0  
+0  +0  +0  
+0  +0  +0  
+0  +0  +0  
+0  +0  +0  
+0  +0  +0  
+0  +0  +0  
+0  +0  +0  
+0  +0  +0  
+0  +0  +0  
+0  +0  +0  
+0  +0  +0  
+0  +0  +0  
+0  +0  +0  
+0  +0  +0  
+0  +0  +0  
+0  +0  +0  
+0  +0  +0  
+0  +0  +0  
+0  +0  +0  
+0  +0  +0  
+0  +0  +0  
+0  +0  +0  
+0  +0  +0  
+0  +0  +0  
+0  +0  +0  
+0  +0  +0  
+0  +0  +0  
+0  +0  +0  
+0  +0  +0  
+0  +0  +0  
+0  +0  +0  
+0  +0  +0  
+0  +0  +0  
+0  +0  +0  
+0  +0  +0  
+0  +0  +0  
+0  +0  +0  
+0  +0  +0  
+0  +0  +0  
+0  +0  +0  
+0  +0  +0  
+0  +0  +0  
+0  +0  +0  
+0  +0  +0  
+0  +0  +0  
+0  +0  +0  
+0  +0  +0  
+0  +0  +0  
+0  +0  +0  
+0  +0  +0  
+0  +0  +0  
+0  +0  +0  
+0  +0  +0  
+0  +0  +0  
+0  +0  +0  
+0  +0  +0  
+0  +0  +0  
+0  +0  +0  
+0  +0  +0  
+0  +0  +0  
+0  +0  +0  
+0  +0  +0  
+0  +0  +0  
+0  +0  +0  
+0  +0  +0  
+0  +0  +0  
+0  +0  +0  
+0  +0  +0  
+0  +0  +0  
+0  +0  +0  
+0  +0  +0  
+0  +0  +0  
+0  +0  +0  
+0  +0  +0  
+0  +0  +0  
+0  +0  +0  
+0  +0  +0  
+0  +0  +0  
+0  +0  +0  
+0  +0  +0  
+0  +0  +0  
+0  +0  +0  
+0  +0  +0  
+0  +0  +0  
+0  +0  +0  
+0  +0  +0  
+0  +0  +0  
+0  +0  +0  
+0  +0  +0  
+0  +0  +0  
+0  +0  +0  
+0  +0  +0  
+0  +0  +0  
+0  +0  +0  
+0  +0  +0  
+0  +0  +0  
+0  +0  +0  
+0  +0  +0  
+0  +0  +0  
+0  +0  +0  
+0  +0  +0  
+0  +0  +0  
+0  +0  +0  
+0  +0  +0  
+0  +0  +0  
+0  +0  +0  
+0  +0  +0  
+0  +0  +0  
+0  +0  +0  
+0  +0  +0  
+0  +0  +0  
+0  +0  +0  
+0  +0  +0  
+0  +0  +0  
+0  +0  +0  
+0  +0  +0  
+0  +0  +0  
+0  +0  +0  
+0  +0  +0  
+0  +0  +0  
+0  +0  +0  
+0  +0  +0  
+0  +0  +0  
+0  +0  +0  
+0  +0  +0  
+0  +0  +0  
+0  +0  +0  
+0  +0  +0  
+0  +0  +0  
+0  +0  +0  
+0  +0  +0  
+0  +0  +0  
+0  +0  +0  
+0  +0  +0  
+0  +0  +0  
+0  +0  +0  
+0  +0  +0  
+0  +0  +0  
+0  +0  +0  
+0  +0  +0  
+0  +0  +0  
+0  +0  +0  
+0  +0  +0  
+0  +0  +0  
+0  +0  +0  
+0  +0  +0  
+0  +0  +0  
+0  +0  +0  
+0  +0  +0  
+1  +0  +0  
+0  +0  +0  
+0  +0  +0  
+0  +0  +0  
+0  +0  +0  
+0  +0  +0  
+0  +0  +0  
+0  +0  +0  
+0  +0  +0  
+0  +0  +0  
+0  +0  +0  
+0  +0  +0  
+0  +0  +0  
+0  +0  +0  
+0  +0  +0  
+0  +0  +0  
+0  +0  +0  
+0  +0  +0  
+0  +0  +0  
+0  +0  +0  
+0  +0  +0  
+0  +0  +0  
+0  +0  +0  
+0  +0  +0  
+0  +0  +0  
+0  +0  +0  
+0  +0  +0  
+0  +0  +0  
+0  +0  +0  
+0  +0  +0  
+0  +0  +0  
+0  +0  +0  
+0  +0  +0  
+0  +0  +0  
+0  +0  +0  
+0  +0  +0  
+0  +0  +0  
+0  +0  +0  
+0  +0  +0  
+0  +0  +0  
+0  +0  +0  
+0  +0  +0  
+0  +0  +0  
+0  +0  +0  
+0  +0  +0  
+0  +0  +0  
+0  +0  +0  
+0  +0  +0  
+0  +0  +0  
+0  +0  +0  
+0  +0  +0  
+0  +0  +0  
+0  +0  +0  
+0  +0  +0  
+0  +0  +0  
+0  +0  +0  
+0  +0  +0  
+0  +0  +0  
+0  +0  +0  
+0  +0  +0  
+0  +0  +0  
+0  +0  +0  
+0  +0  +0  
+0  +0  +0  
+0  +0  +0  
+0  +0  +0  
+0  +0  +0  
+0  +0  +0  
+0  +0  +0  
+0  +0  +0  
+0  +0  +0  
+0  +0  +0  
+0  +0  +0  
+0  +0  +0  
+0  +0  +0  
+0  +0  +0  
+0  +0  +0  
+0  +0  +0  
+0  +0  +0  
+0  +0  +0  
+0  +0  +0  
+0  +0  +0  
+0  +0  +0  
+0  +0  +0  
+0  +0  +0  
+0  +0  +0  
+0  +0  +0  
+0  +0  +0  
+0  +0  +0  
+0  +0  +0  
+0  +0  +0  
+0  +0  +0  
+0  +0  +0  
+0  +0  +0  
+0  +0  +0  
+0  +0  +0  
+0  +0  +0  
+0  +0  +0  
+0  +0  +0  
+0  +0  +0  
+0  +0  +0  
+0  +0  +0  
+0  +0  +0  
+0  +0  +0  
+0  +0  +0  
+0  +0  +0  
+0  +0  +0  
+0  +0  +0  
+0  +0  +0  
+0  +0  +0  
+0  +0  +0  
+0  +0  +0  
+0  +0  +0  
+0  +0  +0  
+0  +0  +0  
+0  +0  +0  
+0  +0  +0  
+0  +0  +0  
+0  +0  +0  
+0  +0  +0  
+0  +0  +0  
+0  +0  +0  
+0  +0  +0  
+0  +0  +0  
+0  +0  +0  
+0  +0  +0  
+0  +0  +0  
+0  +0  +0  
+0  +0  +0  
+0  +0  +0  
+0  +0  +0  
+0  +0  +0  
+0  +0  +0  
+0  +0  +0  
+0  +0  +0  
+0  +0  +0  
+0  +0  +0  
+0  +0  +0  
+0  +0  +0  
+0  +0  +0  
+0  +0  +0  
+0  +0  +0  
+0  +0  +0  
+0  +0  +0  
+0  +0  +0  
+0  +0  +0  
+0  +0  +0  
+0  +0  +0  
+0  +0  +0  
+0  +0  +0  
+0  +0  +0  
+0  +0  +0  
+0  +0  +0  
+0  +0  +0  
+0  +0  +0  
+0  +0  +0  
+0  +0  +0  
+0  +0  +0  
+0  +0  +0  
+0  +0  +0  
+0  +0  +0  
+0  +0  +0  
+0  +0  +0  
+0  +0  +0  
+0  +0  +0  
+0  +0  +0  
+0  +0  +0  
+0  +0  +0  
+0  +0  +0  
+0  +0  +0  
+0  +0  +0  
+0  +0  +0  
+0  +0  +0  
+0  +0  +0  
+0  +0  +0  
+0  +0  +0  
+0  +0  +0  
+0  +0  +0  
+0  +0  +0  
+0  +0  +0  
+0  +0  +0  
+0  +0  +0  
+0  +0  +0  
+0  +0  +0  
+0  +0  +0  
+0  +0  +0  
+0  +0  +0  
+0  +0  +0  
+0  +0  +0  
+0  +0  +0  
+0  +0  +0  
+0  +0  +0  
+0  +0  +0  
+0  +0  +0  
+0  +0  +0  
+0  +0  +0  
+0  +0  +0  
+0  +0  +0  
+0  +0  +0  
+0  +0  +0  
+0  +0  +0  
+0  +0  +0  
+0  +0  +0  
+0  +0  +0  
+0  +0  +0  
+0  +0  +0  
+0  +0  +0  
+0  +0  +0  
+0  +0  +0  
+0  +0  +0  
+0  +0  +0  
+0  +0  +0  
+0  +0  +0  
+0  +0  +0  
+0  +0  +0  
+0  +0  +0  
+0  +0  +0  
+0  +0  +0  
+0  +0  +0  
+0  +0  +0  
+0  +0  +0  
+0  +0  +0  
+0  +0  +0  
+0  +0  +0  
+0  +0  +0  
+0  +0  +0  
+0  +0  +0  
+0  +0  +0  
+0  +0  +0  
+0  +0  +0  
+0  +0  +0  
+0  +0  +0  
+0  +0  +0  
+0  +0  +0  
+0  +0  +0  
+0  +0  +0  
+0  +0  +0  
+0  +0  +0  
+0  +0  +0  
+0  +0  +0  
+0  +0  +0  
+0  +0  +0  
+0  +0  +0  
+0  +0  +0  
+0  +0  +0  
+0  +0  +0  
+0  +0  +0  
+0  +0  +0  
+0  +0  +0  
+0  +0  +0  
+0  +0  +0  
+0  +0  +0  
+0  +0  +0  
+0  +0  +0  
+0  +0  +0  
+0  +0  +0  
+0  +0  +0  
+0  +0  +0  
+0  +0  +0  
+0  +0  +0  
+0  +0  +0  
+0  +0  +0  
+0  +0  +0  
+0  +0  +0  
+0  +0  +0  
+0  +0  +0  
+0  +0  +0  
+0  +0  +0  
+0  +0  +0  
+0  +0  +0  
+0  +0  +0  
+0  +0  +0  
+0  +0  +0  
+0  +0  +0  
+0  +0  +0  
+0  +0  +0  
+0  +0  +0  
+0  +0  +0  
+0  +0  +0  
+0  +0  +0  
+0  +0  +0  
+0  +0  +0  
+0  +0  +0  
+0  +0  +0  
+0  +0  +0  
+0  +0  +0  
+0  +0  +0  
+0  +0  +0  
+0  +0  +0  
+0  +0  +0  
+0  +0  +0  
+0  +0  +0  
+0  +0  +0  
+0  +0  +0  
+0  +0  +0  
+0  +0  +0  
+0  +0  +0  
+0  +0  +0  
+0  +0  +0  
+0  +0  +0  
+0  +0  +0  
+0  +0  +0  
+0  +0  +0  
+0  +0  +0  
+0  +0  +0  
+0  +0  +0  
+0  +0  +0  
+0  +0  +0  
+0  +0  +0  
+0  +0  +0  
+0  +0  +0  
+0  +0  +0  
+0  +0  +0  
+0  +0  +0  
+0  +0  +0  
+0  +0  +0  
+0  +0  +0  
+0  +0  +0  
+0  +0  +0  
+0  +0  +0  
+0  +0  +0  
+0  +0  +0  
+0  +0  +0  
+0  +0  +0  
+0  +0  +0  
+0  +0  +0  
+0  +0  +0  
+0  +0  +0  
+0  +0  +0  
+0  +0  +0  
+0  +0  +0  
+0  +0  +0  
+0  +0  +0  
+0  +0  +0  
+0  +0  +0  
+0  +0  +0  
+0  +0  +0  
+0  +0  +0  
+0  +0  +0  
+0  +0  +0  
+0  +0  +0  
+0  +0  +0  
+0  +0  +0  
+0  +0  +0  
+0  +0  +0  
+0  +0  +0  
+0  +0  +0  
+0  +0  +0  
+0  +0  +0  
+0  +0  +0  
+0  +0  +0  
+0  +0  +0  
+0  +0  +0  
+0  +0  +0  
+0  +0  +0  
+0  +0  +0  
+0  +0  +0  
+0  +0  +0  
+0  +0  +0  
+0  +0  +0  
+0  +0  +0  
+0  +0  +0  
+0  +0  +0  
+0  +0  +0  
+0  +0  +0  
+0  +0  +0  
+0  +0  +0  
+0  +0  +0  
+0  +0  +0  
+0  +0  +0  
+0  +0  +0  
+0  +0  +0  
+0  +0  +0  
+0  +0  +0  
+0  +0  +0  
+0  +0  +0  
+0  +0  +0  
+0  +0  +0  
+0  +0  +0  
+0  +0  +0  
+0  +0  +0  
+0  +0  +0  
+0  +0  +0  
+0  +0  +0  
+0  +0  +0  
+0  +0  +0  
+0  +0  +0  
+0  +0  +0  
+0  +0  +0  
+0  +0  +0  
+0  +0  +0  
+0  +0  +0  
+0  +0  +0  
+0  +0  +0  
+0  +0  +0  
+0  +0  +0  
+0  +0  +0  
+0  +0  +0  
+0  +0  +0  
+0  +0  +0  
+0  +0  +0  
+0  +0  +0  
+0  +0  +0  
+0  +0  +0  
+0  +0  +0  
+0  +0  +0  
+0  +0  +0  
+0  +0  +0  
+0  +0  +0  
+0  +0  +0  
+0  +0  +0  
+0  +0  +0  
+0  +0  +0  
+0  +0  +0  
+0  +0  +0  
+0  +0  +0  
+0  +0  +0  
+0  +0  +0  
+0  +0  +0  
+0  +0  +0  
+0  +0  +0  
+0  +0  +0  
+0  +0  +0  
+0  +0  +0  
+0  +0  +0  
+0  +0  +0  
+0  +0  +0  
+0  +0  +0  
+0  +0  +0  
+0  +0  +0  
+0  +0  +0  
+0  +0  +0  
+0  +0  +0  
+0  +0  +0  
+0  +0  +0  
+0  +0  +0  
+0  +0  +0  
+0  +0  +0  
+0  +0  +0  
+0  +0  +0  
+0  +0  +0  
+0  +0  +0  
+0  +0  +0  
+0  +0  +0  
+0  +0  +0  
+0  +0  +0  
+0  +0  +0  
+0  +0  +0  
+0  +0  +0  
+0  +0  +0  
+0  +0  +0  
+0  +0  +0  
+0  +0  +0  
+0  +0  +0  
+0  +0  +0  
+0  +0  +0  
+0  +0  +0  
+0  +0  +0  
+0  +0  +0  
+0  +0  +0  
+0  +0  +0  
+0  +0  +0  
+0  +0  +0  
+0  +0  +0  
+0  +0  +0  
+0  +0  +0  
+0  +0  +0  
+0  +0  +0  
+0  +0  +0  
+0  +0  +0  
+0  +0  +0  
+0  +0  +0  
+0  +0  +0  
+0  +0  +0  
+0  +0  +0  
+0  +0  +0  
+0  +0  +0  
+0  +0  +0  
+0  +0  +0  
+0  +0  +0  
+0  +0  +0  
+0  +0  +0  
+0  +0  +0  
+0  +0  +0  
+0  +0  +0  
+0  +0  +0  
+0  +0  +0  
+0  +0  +0  
+0  +0  +0  
+0  +0  +0  
+0  +0  +0  
+0  +0  +0  
+0  +0  +0  
+0  +0  +0  
+0  +0  +0  
+0  +0  +0  
+0  +0  +0  
+0  +0  +0  
+0  +0  +0  
+0  +0  +0  
+0  +0  +0  
+0  +0  +0  
+0  +0  +0  
+0  +0  +0  
+0  +0  +0  
+0  +0  +0  
+0  +0  +0  
+0  +0  +0  
+0  +0  +0  
+0  +0  +0  
+0  +0  +0  
+0  +0  +0  
+0  +0  +0  
+0  +0  +0  
+0  +0  +0  
+0  +0  +0  
+0  +0  +0  
+0  +0  +0  
+0  +0  +0  
+0  +0  +0  
+0  +0  +0  
+0  +0  +0  
+0  +0  +0  
+0  +0  +0  
+0  +0  +0  
+0  +0  +0  
+0  +0  +0  
+0  +0  +0  
+0  +0  +0  
+0  +0  +0  
+0  +0  +0  
+0  +0  +0  
+0  +0  +0  
+0  +0  +0  
+0  +0  +0  
+0  +0  +0  
+0  +0  +0  
+0  +0  +0  
+0  +0  +0  
+0  +0  +0  
+0  +0  +0  
+0  +0  +0  
+0  +0  +0  
+0  +0  +0  
+0  +0  +0  
+0  +0  +0  
+0  +0  +0  
+0  +0  +0  
+0  +0  +0  
+0  +0  +0  
+0  +0  +0  
+0  +0  +0  
+0  +0  +0  
+0  +0  +0  
+0  +0  +0  
+0  +0  +0  
+0  +0  +0  
+0  +0  +0  
+0  +0  +0  
+0  +0  +0  
+0  +0  +0  
+0  +0  +0  
+0  +0  +0  
+0  +0  +0  
+0  +0  +0  
+0  +0  +0  
+0  +0  +0  
+0  +0  +0  
+0  +0  +0  
+0  +0  +0  
+0  +0  +0  
+0  +0  +0  
+0  +0  +0  
+0  +0  +0  
+0  +0  +0  
+0  +0  +0  
+0  +0  +0  
+0  +0  +0  
+0  +0  +0  
+0  +0  +0  
+0  +0  +0  
+0  +0  +0  
+0  +0  +0  
+0  +0  +0  
+0  +0  +0  
+0  +0  +0  
+0  +0  +0  
+0  +0  +0  
+0  +0  +0  
+0  +0  +0  
+0  +0  +0  
+0  +0  +0  
+0  +0  +0  
+0  +0  +0  
+0  +0  +0  
+0  +0  +0  
+0  +0  +0  
+0  +0  +0  
+0  +0  +0  
+0  +0  +0  
+0  +0  +0  
+0  +0  +0  
+0  +0  +0  
+0  +0  +0  
+0  +0  +0  
+0  +0  +0  
+0  +0  +0  
+0  +0  +0  
+0  +1  +0  
