+0  +3  +3  
+10  +3  
+15  +2  +3  
+20  +3  +3  
+25  +3  +3  +3  +1  +3  
+30  +3  +3  +3  +3  +3  +3  
+35  +3  +3  +3  +3  +3  +3  
+40  +3  +3  +3  +1  +1  +3  +3  +3  +3  +1  +3  +1  +3  
+45  +3  +3  +1  +3  +3  +3  +3  +3  +3  +3  +3  
+50  +3  +3  +1  +1  +3  +3  +3  +3  +1  +3  +3  +3  +3  +3  +3  +3  +3  +3  
+55  +3  +3  +3  +1  +1  +3  +3  +3  +3  +3  +3  +3  +3  +3  +3  +3  +3  +3  +3  +3  +3  +3  +3  +3  +3  
+60  +3  +3  +3  +3  +3  +3  +1  +3  +3  +3  +3  +3  +3  +3  +3  +3  +1  +3  +3  +3  +3  +3  +3  +3  +3  +3  
+65  +3  +3  +1  +1  +1  +3  +3  +3  +3  +3  +3  +3  +3  +3  +3  +3  +3  +1  +3  +3  +3  +3  +3  +3  +3  +3  +3  +1  +1  +3  +3  +3  +3  +3  +1  +2  +3  +3  +3  
+70  +3  +3  +3  +3  +3  +3  +3  +3  +2  +1  +3  +3  +3  +3  +3  +3  +3  +3  +3  +3  +3  +3  +3  +3  +3  +1  +3  +3  +3  +3  +3  +3  +3  +3  +3  +3  +2  +3  +3  +2  +3  +3  +3  +3  +3  +3  +3  
+75  +1  +3  +3  +3  +1  +1  +1  +1  +1  +1  +3  +3  +3  +3  +3  +3  +3  +3  +3  +3  +3  +3  +3  +3  +3  +3  +2  +3  +3  +1  +2  +3  +1  +3  +3  +3  +3  +3  +3  +3  +3  +3  +3  +3  +3  +3  +3  +1  +1  +3  +3  +3  +3  +3  +3  +3  +1  +3  +3  +3  +3  
+80  +3  +1  +3  +3  +2  +3  +3  +3  +3  +1  +3  +3  +1  +1  +1  +1  +1  +3  +1  +1  +3  +3  +3  +3  +3  +3  +3  +3  +3  +3  +3  +3  +3  +3  +3  +3  +3  +3  +3  +3  +3  +1  +3  +2  +1  +3  +3  +3  +3  +3  +1  +3  +3  +1  +2  +2  +3  +3  +3  +3  +3  +1  +3  +3  +3  +3  +3  +1  +3  +3  +1  +3  +3  +3  +3  +3  
+85  +3  +1  +3  +3  +3  +3  +3  +3  +3  +3  +3  +3  +1  +1  +1  +1  +1  +1  +1  +3  +3  +3  +3  +3  +3  +3  +3  +3  +3  +3  +3  +3  +3  +3  +1  +3  +3  +3  +3  +3  +3  +3  +3  +3  +3  +2  +1  +1  +3  +3  +3  +3  +3  +3  +3  +2  +1  +1  +3  +3  +3  +3  +3  +3  +3  +3  +3  +3  +3  +1  +3  +3  +3  +3  
+90  +1  +1  +3  +2  +1  +3  +1  +3  +3  +1  +1  +2  +2  +1  +1  +1  +3  +3  +1  +2  +3  +1  +2  +3  +3  +3  +3  +3  +3  +3  +3  +3  +3  +3  +3  +3  +3  +3  +3  +3  +3  +3  +3  +3  +3  +3  +3  +3  +3  +3  +3  +3  +3  +3  +3  +3  +3  +3  +3  +3  +3  +3  +1  +1  +3  +1  +3  +2  +3  +3  +1  +2  +1  +1  +3  +2  +1  +3  +3  +3  +3  +1  +3  +3  +3  +3  +3  +3  +3  +3  +3  +3  +3  +3  +2  +1  +1  +1  +1  +1  +1  +3  +3  +3  +3  +3  +3  +3  +3  +3  +3  +3  +3  +3  +3  +1  +3  +3  +3  +3  +3  +3  +1  +3  
+95  +1  +3  +1  +3  +1  +1  +3  +3  +1  +3  +3  +2  +3  +3  +3  +1  +3  +3  +1  +2  +2  +1  +2  +1  +3  +3  +3  +3  +3  +3  +3  +3  +3  +3  +3  +3  +3  +3  +3  +3  +3  +3  +3  +3  +3  +3  +3  +3  +3  +3  +3  +3  +3  +3  +1  +1  +1  +1  +3  +1  +3  +3  +3  +3  +3  +3  +3  +3  +3  +1  +1  +1  +3  +3  +3  +3  +3  +3  +3  +3  +3  +3  +3  +3  +3  +1  +1  +3  +3  +3  +3  
+100  +2  +2  +1  +3  +1  +1  +1  +1  +1  +3  +3  +3  +3  +3  +3  +1  +2  +2  +1  +1  +1  +2  +3  +1  +1  +3  +3  +3  +3  +1  +3  +3  +3  +3  +3  +3  +3  +3  +3  +1  +3  +3  +3  +3  +3  +3  +3  +3  +3  +3  +3  +3  +3  +3  +3  +3  +3  +3  +3  +1  +3  +3  +3  +3  +3  +3  +3  +1  +1  +1  +3  +1  +1  +3  +1  +3  +3  +3  +3  +3  +3  +2  +3  +3  +3  +3  +3  +3  +1  +3  +3  +3  +3  +3  +3  +3  +3  +3  +3  +3  +3  +3  +3  +3  +3  +3  +3  +3  +2  +2  +1  +1  +2  +2  +3  +3  +1  +3  +3  +1  +3  +3  +3  +3  +3  +3  +3  +3  +3  +3  +3  +3  +2  +1  +3  +2  +3  +3  +3  +3  +3  +3  +3  +1  +3  
+105  +1  +2  +2  +1  +2  +1  +1  +1  +2  +2  +3  +3  +3  +1  +1  +1  +2  +2  +3  +2  +2  +2  +3  +2  +2  +1  +2  +2  +2  +3  +3  +3  +3  +3  +3  +3  +1  +3  +3  +3  +3  +3  +3  +3  +3  +3  +3  +1  +3  +3  +3  +3  +3  +3  +3  +3  +3  +1  +3  +1  +1  +3  +1  +3  +2  +3  +2  +2  +2  +1  +2  +1  +3  +3  +3  +1  +3  +3  +3  +3  +3  +1  +3  +3  +3  +3  +3  +3  +1  +2  +3  +2  +2  +3  +3  +1  +3  +2  +3  +3  +3  +3  +3  +3  +3  +3  +3  +3  +1  +3  +1  +1  +3  +3  
+110  +1  +1  +2  +2  +3  +3  +3  +1  +3  +2  +3  +3  +2  +2  +2  +2  +1  +2  +3  +2  +3  +3  +3  +3  +3  +3  +3  +3  +3  +3  +3  +3  +3  +3  +3  +3  +3  +3  +3  +3  +3  +3  +3  +3  +3  +2  +3  +3  +3  +3  +3  +1  +3  +3  +3  +3  +1  +1  +3  +3  +3  +1  +3  +1  +3  +3  +3  +2  +2  +1  +2  +3  +2  +3  +2  +1  +3  +3  +3  +3  +3  +3  +1  +3  +3  +3  +3  +3  +3  +2  +3  +3  +3  +2  +3  +3  +3  +3  +1  +1  +2  +1  +1  +1  +2  +2  +3  +3  +3  +2  +3  +3  +3  +3  +1  +3  +3  +3  +3  +2  +3  +3  +1  +2  +2  +1  +2  +3  +3  +3  +3  +3  +3  +1  +3  
+115  +2  +2  +2  +1  +3  +1  +2  +1  +3  +2  +2  +1  +1  +2  +2  +2  +3  +2  +3  +2  +2  +2  +1  +1  +1  +2  +3  +3  +3  +3  +3  +1  +2  +3  +3  +3  +3  +2  +3  +1  +3  +2  +3  +3  +1  +3  +3  +3  +1  +3  +3  +3  +2  +2  +2  +1  +2  +2  +2  +1  +2  +1  +1  +3  +3  +3  +2  +2  +1  +3  +2  +3  +3  +3  +3  +3  +1  +3  +3  +3  +1  +3  +3  +3  +3  +3  +2  +3  +2  +1  +1  +2  +1  +2  +3  +3  +3  +3  +2  +2  +3  +2  +2  +3  +3  +3  +3  +1  +3  +3  +3  +2  +1  +3  +3  +2  +2  +1  +1  +2  +1  +2  +2  +1  +2  +2  +3  +1  +2  +3  +3  +3  +3  
+120  +1  +2  +3  +2  +1  +1  +1  +2  +1  +2  +3  +2  +2  +2  +1  +3  +2  +3  +1  +1  +2  +1  +3  +2  +3  +2  +3  +3  +3  +2  +2  +3  +3  +3  +3  +1  +1  +2  +2  +1  +1  +1  +1  +1  +1  +3  +3  +1  +2  +2  +1  +3  +1  +3  +3  +1  +3  +1  +3  +3  +3  +3  +3  +1  +3  +3  +1  +3  +3  +2  +3  +3  +3  +3  +3  +3  +3  +3  +1  +3  +3  +3  +2  +3  +3  +2  +3  +3  +1  +3  +3  +1  +1  +2  +2  +1  +1  +2  +2  +2  +3  +1  +1  +1  +2  +3  +2  +1  +2  +3  +1  +3  +3  +2  +3  +3  +1  +3  +3  +1  +1  +1  +3  +3  +3  +3  +3  +1  +1  +1  +1  +3  +3  +1  +3  +1  +3  +1  +2  +1  +3  +1  +1  +2  +1  +3  +2  +2  +3  +3  +3  +3  +3  +3  +1  +1  +1  +1  +1  +2  +3  +3  +1  +3  +1  +2  +1  +3  +3  
+125  +1  +2  +1  +2  +2  +2  +1  +2  +2  +2  +2  +2  +2  +2  +1  +1  +1  +1  +2  +2  +1  +3  +3  +3  +3  +3  +1  +2  +2  +1  +1  +1  +2  +3  +1  +2  +3  +1  +2  +1  +1  +2  +3  +2  +1  +1  +1  +1  +3  +1  +3  +3  +3  +1  +3  +1  +2  +3  +2  +3  +3  +3  +3  +3  +2  +3  +3  +3  +3  +2  +1  +1  +1  +3  +1  +3  +3  +3  +1  +1  +3  +3  +3  +3  +3  +3  +3  +3  +1  +3  +3  +3  +1  +1  +3  +3  +1  +2  +1  +1  +2  +3  +2  +2  +2  +2  +1  +2  +1  +3  +2  +1  +1  +2  +1  +2  +1  +1  +2  +2  +3  +1  +2  +3  +3  +3  +1  +3  +3  +3  +3  +3  +3  +3  +3  +2  +2  +3  +3  +3  +3  +1  +1  +1  +1  +1  +1  +2  +3  +3  +3  +2  +3  +1  +2  +1  +1  +1  +2  +3  +3  +2  +1  +2  +1  +1  +3  +1  +2  +3  +3  +3  +3  +3  +3  +3  +1  +3  +2  +3  +3  +3  +1  +1  +1  +1  +3  +2  +2  +2  +3  +3  +1  +3  +1  +3  +3  +3  +3  +3  +1  +2  
+130  +1  +1  +2  +1  +2  +1  +1  +1  +1  +1  +2  +2  +2  +1  +1  +1  +2  +3  +2  +3  +3  +3  +2  +1  +3  +2  +1  +1  +1  +1  +1  +1  +2  +1  +2  +2  +1  +2  +2  +3  +1  +1  +1  +3  +3  +3  +2  +2  +2  +1  +3  +3  +3  +3  +3  +3  +3  +2  +3  +3  +2  +1  +3  +3  +3  +3  +3  +3  +3  +3  +3  +3  +3  +1  +3  +3  +3  +3  +3  +1  +1  +1  +1  +2  +1  +1  +2  +2  +1  +1  +1  +2  +1  +1  +1  +2  +2  +1  +1  +1  +1  +2  +2  +2  +1  +1  +1  +2  +1  +3  +3  +3  +1  +1  +3  +3  +2  +2  +1  +2  +1  +3  +3  +3  +3  +3  +3  +3  +2  +3  +1  +2  +1  +2  +2  +1  +2  +1  +1  +2  +3  +2  +1  +1  +1  +3  +3  +1  +3  +3  +3  +3  +3  +3  +1  +1  +1  +1  +1  +1  +2  +2  +2  +3  +1  +1  +1  +3  +1  
+135  +2  +1  +2  +2  +2  +1  +1  +2  +2  +2  +1  +2  +1  +3  +2  +1  +1  +1  +1  +2  +2  +2  +1  +3  +1  +2  +1  +2  +1  +1  +2  +1  +1  +3  +2  +2  +1  +1  +1  +1  +1  +3  +2  +3  +1  +2  +1  +1  +1  +3  +1  +3  +3  +3  +3  +3  +3  +3  +3  +2  +2  +1  +3  +3  +3  +2  +3  +3  +3  +3  +3  +1  +2  +3  +3  +3  +2  +3  +1  +2  +3  +3  +3  +1  +1  +3  +3  +2  +3  +1  +1  +3  +3  +1  +1  +2  +1  +1  +1  +1  +2  +1  +1  +2  +1  +2  +2  +2  +2  +1  +1  +1  +2  +1  +2  +3  +2  +1  +1  +1  +2  +1  +2  +1  +1  +3  +2  +1  +3  +2  +3  +3  +2  +2  +3  +3  +2  +2  +3  +1  +3  +3  +1  +2  +1  +2  +2  +1  +2  +2  +1  +1  +2  +2  +2  +3  +2  +2  +3  +1  +1  +2  +3  +3  +1  +3  +3  +1  +3  +2  +2  +1  +3  +1  +3  +2  +2  +2  +1  +3  +1  +3  +3  +3  +3  +2  +3  +2  +1  
+140  +2  +2  +1  +1  +2  +1  +2  +2  +1  +1  +1  +2  +2  +2  +1  +1  +1  +1  +1  +1  +1  +2  +2  +2  +1  +1  +2  +1  +2  +2  +3  +3  +2  +3  +2  +2  +3  +3  +1  +2  +3  +3  +2  +3  +1  +1  +1  +2  +1  +3  +1  +1  +1  +1  +3  +1  +2  +2  +2  +2  +2  +1  +1  +1  +2  +1  +2  +3  +3  +3  +1  +1  +1  +1  +3  +3  +3  +3  +1  +3  +1  +3  +1  +2  +2  +2  +1  +3  +3  +3  +3  +1  +3  +1  +3  +1  +2  +1  +2  +3  +3  +1  +2  +3  +3  +3  +3  +3  +3  +3  +1  +1  +1  +1  +2  +1  +2  +2  +2  +2  +1  +1  +2  +2  +1  +3  +1  +2  +3  +3  +2  +1  +1  +1  +2  +1  +1  +1  +1  +2  +2  +1  +2  +2  +2  +1  +1  +3  +3  +1  +3  +1  +1  +2  +1  +1  +2  +1  +3  +2  +1  +2  +3  +2  +1  +1  +2  +1  +2  +1  +1  +1  +1  +2  +2  +2  +2  +2  +2  +1  +3  +3  +1  +2  +3  +3  +1  +3  +2  +3  +1  +1  +3  +3  +3  +3  +3  +2  +3  +1  +1  +1  +1  +3  +3  +3  +1  +2  +2  +2  +3  +3  +3  +3  +3  +3  +3  +1  +2  +1  
+145  +2  +1  +2  +1  +2  +2  +2  +2  +1  +1  +1  +1  +1  +1  +1  +1  +2  +3  +2  +3  +3  +3  +3  +1  +2  +1  +1  +2  +1  +2  +1  +1  +1  +1  +1  +2  +2  +3  +1  +1  +1  +2  +2  +1  +1  +1  +1  +1  +3  +2  +3  +3  +3  +3  +2  +3  +2  +1  +3  +1  +2  +1  +2  +3  +3  +1  +3  +3  +3  +3  +3  +3  +3  +1  +2  +1  +3  +1  +2  +1  +3  +3  +3  +3  +3  +1  +1  +3  +2  +2  +1  +2  +2  +1  +1  +2  +2  +2  +1  +2  +1  +2  +2  +3  +3  +2  +1  +2  +2  +1  +2  +1  +1  +2  +2  +2  +1  +1  +3  +3  +3  +3  +2  +3  +3  +1  +1  +3  +3  +3  +2  +3  +3  +1  +1  +3  +2  +1  +1  +1  +1  +1  +2  +2  +2  +3  +3  +2  +2  +1  +3  +2  +3  +1  +1  +2  +1  +1  +2  +2  +1  +3  +2  +3  +3  +1  +2  +3  +1  +1  +2  +2  +3  +1  +1  +1  +1  +1  +1  +1  +1  +3  
+150  +2  +2  +2  +2  +1  +1  +2  +1  +2  +1  +2  +2  +2  +1  +1  +1  +2  +2  +1  +1  +1  +2  +1  +2  +2  +2  +2  +3  +3  +2  +3  +3  +3  +3  +1  +2  +1  +2  +2  +1  +1  +1  +2  +1  +1  +1  +1  +2  +1  +2  +2  +1  +2  +3  +1  +2  +2  +2  +1  +2  +1  +2  +1  +1  +2  +2  +2  +1  +1  +1  +1  +3  +1  +1  +2  +2  +3  +1  +2  +3  +1  +1  +2  +1  +2  +3  +3  +1  +3  +2  +2  +2  +1  +1  +1  +1  +2  +1  +1  +3  +3  +3  +2  +1  +2  +2  +2  +3  +2  +2  +1  +3  +1  +1  +2  +1  +1  +2  +3  +1  +2  +2  +3  +1  +1  +1  +1  +1  +1  +3  +2  +1  +2  +2  +2  +2  +2  +1  +1  +2  +1  +2  +1  +2  +2  +2  +2  +1  +1  +1  +1  +2  +3  +2  +1  +2  +2  +2  +2  +2  +2  +1  +1  +3  +2  +2  +1  +2  +2  +1  +1  +1  +1  +1  +2  +2  +3  +3  +2  +2  +1  +1  +2  +2  +1  +1  +3  +2  +1  +1  +2  +1  +1  +2  +1  +2  +2  +2  +1  +1  +3  +1  +1  +1  +2  +2  +2  +1  +1  +1  +1  +2  +1  +1  +1  +1  +2  +2  +2  +2  +3  +2  +1  +2  +1  +1  +1  +1  +2  +1  +3  +1  +3  +3  +3  +3  +2  +2  +1  +3  +1  +1  +3  +2  +2  +1  +1  +2  +2  +2  +2  +3  +2  +1  +3  +1  +2  +1  +3  +2  +1  +1  +3  +2  +2  +1  +2  
+155  +2  +2  +2  +2  +1  +1  +1  +2  +2  +1  +1  +2  +2  +1  +2  +1  +2  +1  +2  +1  +2  +2  +3  +2  +3  +2  +1  +2  +1  +1  +2  +2  +1  +1  +2  +2  +2  +1  +2  +1  +1  +1  +2  +1  +1  +1  +1  +2  +2  +2  +1  +2  +1  +1  +2  +1  +3  +3  +2  +1  +1  +1  +1  +2  +1  +2  +1  +2  +2  +2  +1  +1  +1  +2  +1  +1  +3  +3  +2  +1  +2  +2  +1  +2  +3  +2  +2  +1  +1  +1  +3  +1  +1  +1  +1  +2  +2  +1  +1  +1  +2  +1  +2  +1  +1  +1  +1  +1  +1  +2  +1  +1  +1  +3  +3  +3  +2  +3  +1  +1  +2  +1  +2  +2  +1  +2  +1  +2  +3  +2  +1  +2  +1  +2  +1  +3  +2  +2  +2  +1  +1  +1  +1  +2  +1  +3  +3  +1  +1  +2  +2  +2  +1  +1  +2  +1  +1  +2  +2  +1  +1  +1  +2  +1  +2  +1  +1  +1  +1  +1  +3  +1  +3  +1  +2  +2  +1  +1  +3  +2  +2  +1  +3  +2  +1  +1  +1  +2  +1  +1  +2  +1  +1  +2  +2  +2  +3  +2  +1  +1  +1  +1  +3  +3  +2  +1  +1  +1  +3  +1  +2  +1  +2  +2  +1  +1  +1  
+160  +2  +2  +1  +1  +2  +1  +1  +1  +2  +2  +2  +2  +1  +2  +2  +1  +1  +2  +2  +2  +1  +2  +1  +2  +2  +2  +2  +3  +2  +2  +1  +2  +2  +1  +1  +2  +2  +1  +2  +2  +2  +2  +1  +2  +1  +2  +2  +1  +2  +1  +2  +1  +2  +1  +2  +1  +1  +3  +2  +1  +2  +2  +1  +1  +1  +1  +1  +2  +2  +2  +1  +1  +1  +1  +2  +1  +2  +1  +3  +1  +1  +2  +1  +1  +2  +1  +1  +3  +2  +1  +1  +1  +3  +2  +1  +1  +2  +2  +1  +2  +1  +2  +1  +1  +2  +2  +2  +2  +1  +1  +2  +1  +2  +3  +1  +1  +1  +3  +3  +1  +1  +1  +1  +2  +2  +2  +1  +2  +2  +1  +1  +1  +1  +2  +1  +2  +2  +3  +3  +2  +1  +2  +1  +1  +3  +2  +2  +3  +2  +1  +1  +1  +2  +2  +2  +2  +2  +1  +1  +1  +2  +3  +1  +1  +1  +2  +2  +2  +2  +3  +2  +1  +1  +1  +2  +2  +1  +2  +1  +1  +1  +1  +1  +2  +3  +1  +1  +1  +1  +1  +2  +1  +2  +2  +3  +2  +1  +1  +1  +2  +2  +1  +1  +2  +1  
+165  +2  +1  +2  +1  +2  +2  +2  +1  +1  +2  +1  +1  +2  +1  +1  +1  +2  +1  +1  +2  +2  +1  +2  +2  +3  +2  +2  +2  +2  +2  +2  +1  +1  +2  +1  +1  +1  +1  +1  +2  +2  +1  +1  +1  +2  +2  +2  +1  +2  +2  +2  +1  +1  +1  +2  +1  +1  +1  +1  +2  +2  +2  +1  +2  +1  +2  +1  +1  +1  +1  +1  +1  +2  +1  +1  +3  +2  +1  +1  +1  +3  +2  +1  +3  +2  +3  +2  +2  +2  +1  +1  +1  +2  +1  +1  +1  +1  +2  +1  +1  +2  +1  +2  +2  +2  +1  +2  +1  +1  +2  +3  +2  +2  +1  +2  +2  +2  +2  +2  +2  +1  +1  +1  +2  +1  +1  +2  +1  +1  +3  +1  +1  +2  +1  +2  +3  +1  +1  +2  +1  +1  +1  +2  +1  +1  +2  +1  +1  +2  +2  +2  +3  +1  +2  +2  +2  +1  +2  +2  +2  +1  +2  +2  +2  +1  +2  +2  +1  +2  +1  +2  +1  +1  +2  +2  +1  +2  +1  +2  +1  +3  +2  +3  +1  +2  +1  +2  +2  +1  +2  +2  +1  +2  
+170  +2  +2  +2  +2  +1  +2  +2  +2  +2  +2  +1  +1  +2  +2  +2  +2  +1  +2  +2  +3  +2  +2  +3  +1  +2  +2  +1  +1  +2  +1  +2  +2  +1  +1  +1  +1  +2  +3  +2  +2  +1  +1  +1  +1  +1  +1  +1  +2  +1  +2  +2  +2  +2  +2  +2  +1  +2  +3  +3  +3  +3  +1  +1  +1  +1  +1  +2  +2  +1  +2  +1  +2  +1  +1  +1  +2  +2  +1  +2  +2  +2  +1  +2  +3  +3  +2  +3  +3  +3  +2  +1  +2  +2  +1  +2  +1  +2  +1  +2  +2  +2  +2  +2  +2  +1  +2  +2  +1  +2  +1  +2  +1  +2  +2  +2  +1  +1  +2  +2  +2  +1  +2  +1  +3  +3  +3  +1  +2  +1  +1  +2  +2  +1  +1  +2  +2  +1  +2  +2  +2  +3  +1  +1  +2  +1  +2  +2  +2  +2  +2  +1  +1  +2  +2  +2  +1  +2  +3  +2  +2  
+175  +2  +1  +1  +1  +1  +2  +2  +1  +2  +1  +1  +1  +2  +2  +1  +2  +2  +1  +1  +2  +1  +2  +2  +1  +1  +1  +2  +1  +1  +2  +2  +2  +3  +1  +1  +1  +1  +1  +2  +2  +1  +1  +2  +1  +2  +1  +1  +1  +2  +1  +2  +1  +2  +2  +1  +2  +3  +2  +1  +1  +2  +2  +1  +1  +2  +2  +1  +2  +2  +2  +1  +1  +1  +1  +2  +2  +1  +2  +1  +1  +2  +1  +1  +1  +2  +1  +2  +1  +1  +1  +1  +2  +2  +3  +1  +2  +1  +2  +1  +1  +1  +2  +1  +1  +2  +1  +1  +1  +2  +2  +2  +2  +2  +2  +3  +1  +1  +2  +2  +1  +2  +2  +2  +2  +1  +1  +1  +1  +1  +2  +1  +1  +2  +1  +1  +1  +1  +1  +2  +1  +1  +1  +2  +3  +1  +1  +1  +1  +2  +1  +1  +1  +1  +1  +2  +2  +2  +2  +2  +1  +1  +2  +2  +1  +2  +3  +2  +2  +2  +1  +1  +2  +2  +2  +2  +2  +2  +2  +1  +2  +1  +1  +1  +2  +1  +1  +2  +2  +2  +2  +1  +1  +2  +2  +1  +2  +2  +1  +1  +1  +2  +2  +1  +1  +1  +2  +2  +2  +2  +2  +1  
+180  +1  +2  +1  +1  +1  +1  +2  +2  +1  +1  +1  +2  +1  +3  +2  +3  +3  +3  +2  +1  +2  +2  +2  +2  +1  +2  +3  +1  +1  +1  +3  +1  +2  +2  +1  +2  +1  +1  +2  +2  +2  +3  +2  +2  +1  +1  +2  +3  +2  +1  +1  +2  +2  +2  +1  +1  +2  +2  +2  +2  +2  +2  +2  +2  +1  +2  +2  +2  +2  +3  +2  +1  +2  +2  +2  +1  +2  +2  +1  +1  +2  +2  +1  +1  +1  +1  +2  +1  +2  +1  +1  +2  +1  +1  +2  +2  +1  +2  +3  +2  +1  +2  +1  +1  +1  +1  +1  +1  +1  +1  +1  +1  +2  +1  +3  +2  +2  +2  +2  +2  +1  +2  +2  +1  +1  +1  +1  +1  +2  +2  +1  
+185  +2  +2  +2  +2  +1  +1  +2  +1  +2  +2  +1  +1  +1  +2  +1  +2  +1  +1  +1  +2  +3  +3  +2  +1  +1  +1  +1  +1  +2  +1  +2  +1  +2  +1  +1  +2  +1  +1  +1  +1  +2  +1  +1  +1  +1  +1  +2  +2  +1  +2  +2  +2  +1  +2  +1  +1  +1  +2  +1  +2  +2  +3  +1  +1  +2  +1  +1  +1  +1  +1  +2  +2  +1  +1  +2  +1  +2  +2  +2  +1  +2  +1  +2  +2  +1  +1  +2  +2  +2  +1  +2  +2  +1  +1  +1  +2  +2  +1  +2  +2  +2  +1  +1  
+190  +1  +1  +2  +2  +1  +1  +2  +2  +1  +1  +2  +1  +2  +2  +2  +2  +2  +2  +1  +1  +1  +2  +1  +2  +1  +1  +1  +2  +2  +2  +2  +1  +1  +1  +2  +2  +1  +2  +2  +2  +1  +1  +1  +1  +1  +2  +2  +1  +1  +2  +1  +3  +1  +2  +1  +2  +2  +2  +1  +1  +2  +1  +1  +2  +2  +1  +2  +1  +1  +1  +1  +2  +2  +1  +2  +2  +2  +1  +1  +2  +2  +2  +1  +2  +1  +2  +2  +1  +1  +1  +1  +1  +1  +2  +2  +1  +3  +2  +2  +1  +2  +2  +1  
+195  +2  +1  +1  +1  +2  +2  +2  +2  +2  +1  +1  +2  +3  +2  +1  +2  +1  +1  +2  +1  +2  +1  +2  +1  +2  +2  +1  +2  +1  +1  +2  +2  +1  +1  +2  +1  +2  +1  +2  +2  +1  +2  +2  +1  +2  +1  +1  +2  +1  +1  +1  +2  +1  +1  +1  +2  +2  +1  +3  +2  +1  +2  +2  +2  +2  +2  +1  +2  +2  +2  +1  +1  +2  +2  +2  +1  +1  +1  
+200  +2  +2  +1  +2  +2  +1  +2  +2  +2  +1  +1  +2  +2  +1  +1  +1  +1  +1  +2  +2  +1  +2  +2  +1  +1  +1  +2  +1  +2  +2  +1  +1  +2  +1  +1  +2  +2  +1  +2  +2  +1  +1  +1  +2  +1  +2  +2  +1  +2  +2  +1  +2  +1  +2  +3  +1  +1  +1  +2  +1  +1  +1  +2  +1  +1  +1  +1  +1  
+205  +2  +1  +1  +2  +1  +1  +1  +1  +2  +1  +1  +1  +2  +2  +2  +1  +2  +1  +2  +2  +2  +2  +1  +2  +2  +2  +2  +2  +1  +2  +1  +2  +1  +2  +2  +2  +2  +2  +1  +2  +1  +1  +1  +2  +1  
+210  +2  +2  +2  +1  +1  +2  +2  +2  +2  +1  +2  +2  +1  +2  +1  +1  +2  +2  +1  +1  +1  +2  +1  
+215  +1  +1  +1  +2  +1  +1  +2  +1  +2  +1  +2  +1  +1  +2  +2  +1  +1  +1  +2  +1  +2  +2  +2  +2  +3  +1  +1  +1  +2  +2  +1  
+220  +1  +2  +2  +1  +2  +1  +2  +1  +1  +1  +2  +2  +2  +1  +2  +3  +2  
+225  +1  +1  +2  +2  +1  +2  +2  +2  +1  +2  +1  +2  +2  
+230  +2  +1  +1  +1  +2  +1  +1  +2  +1  +1  
+235  +1  +2  +2  +2  +1  +1  
+240  +1  +1  +1  +2  
+250  +2  +1  +2  
+515  +1  
+1130  +2  
