+105  +0  +0  +0  +0  
+110  -2  +0  +0  +0  
+120  +0  +0  +0  +0  +0  
+125  -1  -1  -1  +1  +1  +1  +1  
+130  +0  +0  +0  +0  +0  +0  +0  +0  
+135  -2  +0  +0  +0  +0  
+140  -1  +1  +1  
+145  -2  +0  +0  +0  +0  
+150  -2  +0  +0  +0  +0  +0  +0  +0  +0  +0  +0  
+155  -2  +0  +0  +0  
+160  -2  +0  +0  +0  
+165  +0  +0  +0  +0  
+170  -2  +0  +0  +0  +0  +0  +0  +0  
+175  +0  +0  +0  +0  +0  +0  +0  +0  +0  +0  +0  
+180  -2  -2  +0  +0  +0  +0  +0  +0  +0  +0  
+185  +0  +0  +0  +0  +0  +0  +0  +0  
+190  -2  +0  +0  +0  +0  +0  +0  +0  +0  +0  
+195  -2  -2  -2  -1  +0  +0  +0  +0  +0  +0  +0  +0  +0  +0  +0  
+200  -1  -1  -1  -1  -1  +1  +1  +1  +1  +1  +1  +1  +1  +1  +1  +1  +1  
+205  -2  -2  +0  +0  +0  +0  +0  +0  +0  +0  +0  +0  +0  +0  +0  +0  +0  +0  
+210  -2  -2  -2  -1  +0  +0  +0  +0  +0  +0  +0  +0  +0  +0  +0  +0  +0  +0  
+215  -2  -2  -2  +0  +0  +0  +0  +0  +0  +0  +0  +0  +0  +0  +0  +0  +0  +0  
+220  -2  -1  +0  +0  +0  +0  +0  +0  +0  +0  +0  +0  +0  +0  +0  
+225  -1  -1  -1  -1  +0  +0  +1  +1  +1  +1  +1  +1  +1  +1  +1  +1  +1  +1  +1  
+230  -2  -2  -2  -1  +0  +0  +0  +0  +0  +0  +0  +0  +0  +0  +0  +0  +0  +0  +0  +0  +0  
+235  -2  -2  -2  -2  +0  +0  +0  +0  +0  +0  +0  +0  +0  +0  +0  +0  +0  
+240  -1  -1  -1  -1  -1  +1  +1  +1  +1  +1  +1  +1  +1  +1  +1  +1  +1  +1  +1  
+245  -2  -2  -2  +0  +0  +0  +0  +0  +0  +0  +0  +0  +0  
+250  -2  -2  -2  -1  +0  +0  +0  +0  +0  +0  +0  +0  +0  +0  +0  +0  +0  +0  +0  +0  +0  +0  +0  +0  +0  +0  +0  +0  +0  
+255  -1  -1  -1  -1  -1  -1  -1  -1  -1  +0  +0  +1  +1  +1  +1  +1  +1  +1  +1  +1  +1  +1  +1  +1  +1  
+260  -2  -2  -2  -2  -1  -1  -1  +0  +0  +0  +0  +0  +0  +0  +0  +0  +0  +0  +0  +0  +0  +0  +0  +0  +0  +0  +0  
+265  -1  -1  -1  -1  -1  -1  -1  -1  -1  -1  -1  -1  +0  +0  +0  +1  +1  +1  +1  +1  +1  +1  +1  +1  +1  +1  +1  +1  +1  +1  +1  +1  +1  +1  +1  +1  +1  
+270  -2  -2  -2  -2  -2  -1  -1  +0  +0  +0  +0  +0  +0  +0  +0  +0  +0  +0  +0  +0  +0  +0  +0  +0  +0  +0  +0  +0  +0  +0  +0  +0  +0  +0  +0  +0  +0  
+275  -2  -2  -2  -1  -1  -1  -1  +0  +0  +0  +0  +0  +0  +0  +0  +0  +0  +0  +0  +0  +0  +0  +0  +0  +0  +0  +0  +0  +0  +0  +0  +0  +0  +0  +0  +0  
+280  -2  -2  -2  -2  -2  -2  -2  -2  -1  +0  +0  +0  +0  +0  +0  +0  +0  +0  +0  +0  +0  +0  +0  +0  +0  +0  +0  +0  +0  +0  +0  +0  +0  +0  +0  +0  +0  +0  +0  +0  +0  +0  
+285  -1  -1  -1  -1  -1  -1  +0  +1  +1  +1  +1  +1  +1  +1  +1  +1  +1  +1  +1  +1  +1  +1  +1  
+290  -2  -2  -2  -2  -2  -1  -1  -1  -1  -1  +0  +0  +0  +0  +0  +0  +0  +0  +0  +0  +0  +0  +0  +0  +0  +0  +0  +0  +0  +0  +0  +0  +0  +0  +0  +0  +0  +0  +0  
+295  -1  -1  -1  -1  -1  -1  +0  +0  +0  +1  +1  +1  +1  +1  +1  +1  +1  +1  
+300  -2  -2  -2  -2  -2  -2  -2  -2  -1  -1  -1  -1  -1  +0  +0  +0  +0  +0  +0  +0  +0  +0  +0  +0  +0  +0  +0  +0  +0  +0  +0  +0  +0  +0  +0  +0  +0  +0  +0  +0  +0  +0  +0  +0  +0  +0  +0  +0  
+305  -1  -1  -1  -1  -1  -1  -1  -1  -1  +0  +0  +0  +0  +0  +0  +0  +0  +0  +1  +1  +1  +1  +1  +1  +1  +1  +1  +1  +1  +1  +1  +1  +1  +1  
+310  -2  -2  -2  -2  -2  -2  -1  -1  +0  +0  +0  +0  +0  +0  +0  +0  +0  +0  +0  +0  +0  +0  +0  +0  +0  +0  +0  +0  +0  +0  +0  +0  +0  +0  +0  +0  +0  +0  +0  
+315  -1  -1  -1  -1  -1  -1  +0  +0  +0  +1  +1  +1  +1  +1  +1  +1  +1  +1  +1  +1  +1  +1  +1  +1  +1  +1  +1  +1  +1  
+320  -1  -1  -1  -1  -1  +0  +0  +0  +0  +0  +1  +1  +1  +1  +1  +1  +1  +1  +1  +1  +1  +1  +1  +1  +1  +1  +1  +1  +1  
+325  -1  -1  -1  -1  -1  -1  -1  -1  -1  -1  +0  +0  +0  +0  +0  +0  +0  +0  +0  +0  +0  +0  +0  +0  +1  +1  +1  +1  +1  +1  +1  +1  +1  +1  +1  +1  +1  +1  +1  +1  +1  +1  +1  +1  +1  +1  +1  +1  +1  +1  +1  +1  +1  +1  +1  +1  +1  +1  +1  +1  +1  +1  +1  
+330  -2  -2  -2  -2  -1  -1  -1  -1  -1  +0  +0  +0  +0  +0  +0  +0  +0  +0  +0  +0  +0  +0  +0  +0  +0  +0  +0  +0  +0  +0  +0  +0  +0  +0  +0  
+335  -1  -1  -1  -1  -1  -1  -1  -1  -1  -1  -1  +0  +0  +0  +0  +0  +0  +0  +1  +1  +1  +1  +1  +1  +1  +1  +1  +1  +1  +1  +1  +1  +1  +1  +1  +1  +1  +1  +1  +1  +1  +1  +1  +1  
+340  -1  -1  -1  -1  -1  -1  -1  -1  -1  +0  +0  +0  +0  +0  +0  +0  +0  +0  +1  +1  +1  +1  +1  +1  +1  +1  +1  +1  +1  +1  +1  +1  +1  +1  +1  +1  +1  +1  +1  +1  +1  +1  +1  +1  +1  +1  +1  +1  +1  
+345  -1  -1  -1  -1  -1  -1  -1  -1  -1  -1  +0  +0  +0  +0  +0  +1  +1  +1  +1  +1  +1  +1  +1  +1  +1  +1  +1  +1  +1  +1  +1  +1  +1  +1  +1  +1  +1  +1  +1  +1  +1  +1  +1  +1  +1  
+350  -1  -1  -1  -1  -1  -1  -1  -1  -1  -1  -1  -1  -1  -1  -1  -1  -1  -1  -1  -1  +0  +0  +0  +0  +0  +0  +0  +0  +0  +0  +0  +0  +0  +0  +0  +0  +0  +0  +0  +0  +0  +0  +0  +0  +0  +1  +1  +1  +1  +1  +1  +1  +1  +1  +1  +1  +1  +1  +1  +1  +1  +1  +1  +1  +1  +1  +1  +1  +1  +1  +1  +1  +1  +1  +1  +1  +1  +1  +1  +1  
+355  -1  -1  -1  -1  -1  -1  -1  -1  -1  -1  -1  -1  -1  -1  -1  -1  -1  -1  +0  +0  +0  +0  +0  +0  +0  +0  +0  +0  +0  +0  +0  +1  +1  +1  +1  +1  +1  +1  +1  +1  +1  +1  +1  +1  +1  +1  +1  +1  +1  +1  +1  +1  +1  +1  +1  +1  +1  +1  +1  +1  +1  +1  +1  +1  +1  +1  +1  +1  +1  +1  +1  
+360  -1  -1  -1  -1  -1  -1  -1  -1  -1  -1  -1  -1  -1  -1  -1  -1  -1  +0  +0  +0  +0  +0  +0  +0  +0  +0  +0  +0  +0  +0  +0  +0  +1  +1  +1  +1  +1  +1  +1  +1  +1  +1  +1  +1  +1  +1  +1  +1  +1  +1  +1  +1  
+365  -1  -1  -1  -1  -1  -1  -1  -1  -1  -1  -1  -1  -1  +0  +0  +0  +0  +0  +0  +0  +0  +0  +0  +0  +0  +0  +0  +0  +0  +1  +1  +1  +1  +1  +1  +1  +1  +1  +1  +1  +1  +1  +1  +1  +1  +1  +1  +1  +1  +1  +1  +1  +1  
+370  -1  -1  -1  -1  -1  -1  -1  -1  -1  -1  -1  -1  -1  -1  -1  -1  -1  -1  -1  +0  +0  +0  +0  +0  +0  +0  +0  +0  +1  +1  +1  +1  +1  +1  +1  +1  +1  +1  +1  +1  +1  +1  +1  +1  +1  +1  +1  +1  +1  +1  +1  +1  +1  +1  
+375  -1  -1  -1  -1  -1  -1  -1  -1  -1  -1  -1  -1  -1  -1  -1  -1  -1  -1  -1  -1  -1  -1  +0  +0  +0  +0  +0  +0  +0  +0  +0  +0  +0  +0  +0  +0  +0  +0  +0  +0  +0  +0  +0  +0  +0  +0  +1  +1  +1  +1  +1  +1  +1  +1  +1  +1  +1  +1  +1  +1  +1  +1  +1  +1  +1  +1  +1  +1  +1  +1  +1  +1  +1  +1  +1  +1  +1  +1  +1  +1  +1  +1  
+380  -1  -1  -1  -1  -1  -1  -1  -1  -1  -1  -1  -1  -1  -1  -1  -1  -1  -1  -1  -1  -1  +0  +0  +0  +0  +0  +0  +0  +0  +0  +0  +0  +0  +0  +0  +0  +0  +0  +0  +0  +0  +0  +0  +0  +1  +1  +1  +1  +1  +1  +1  +1  +1  +1  +1  +1  +1  +1  +1  +1  +1  +1  +1  +1  +1  +1  +1  +1  +1  +1  +1  +1  +1  +1  +1  +1  
+385  -1  -1  -1  -1  -1  -1  -1  -1  -1  -1  -1  -1  -1  -1  -1  -1  -1  -1  -1  -1  -1  -1  -1  -1  -1  -1  -1  +0  +0  +0  +0  +0  +0  +0  +0  +0  +0  +0  +0  +0  +0  +0  +1  +1  +1  +1  +1  +1  +1  +1  +1  +1  +1  +1  +1  +1  +1  +1  +1  +1  +1  +1  +1  +1  
+390  -1  -1  -1  -1  -1  -1  -1  -1  -1  -1  -1  -1  -1  -1  -1  -1  -1  -1  -1  -1  -1  -1  -1  -1  +0  +0  +0  +0  +0  +0  +0  +0  +0  +0  +0  +0  +0  +0  +0  +0  +0  +0  +1  +1  +1  +1  +1  +1  +1  +1  +1  +1  +1  +1  +1  +1  +1  +1  +1  +1  +1  +1  +1  
+395  -1  -1  -1  -1  -1  -1  -1  -1  -1  -1  -1  -1  -1  -1  -1  -1  -1  -1  -1  +0  +0  +0  +0  +0  +0  +0  +0  +0  +0  +0  +0  +1  +1  +1  +1  +1  +1  +1  +1  +1  +1  +1  +1  +1  +1  +1  +1  +1  +1  +1  +1  +1  
+400  -1  -1  -1  -1  -1  -1  -1  -1  -1  -1  -1  -1  -1  -1  -1  -1  -1  -1  -1  -1  -1  -1  -1  -1  -1  -1  -1  -1  -1  -1  -1  -1  -1  -1  -1  -1  -1  -1  +0  +0  +0  +0  +0  +0  +0  +0  +0  +0  +0  +0  +0  +0  +0  +0  +0  +0  +0  +0  +0  +0  +0  +0  +0  +0  +0  +0  +0  +0  +0  +0  +0  +1  +1  +1  +1  +1  +1  +1  +1  +1  +1  +1  +1  +1  +1  +1  +1  +1  +1  +1  +1  +1  +1  +1  +1  +1  +1  +1  +1  +1  +1  +1  +1  +1  +1  +1  +1  +1  +1  +1  +1  
+405  -1  -1  -1  -1  -1  -1  -1  -1  -1  -1  -1  -1  -1  -1  -1  -1  -1  -1  -1  -1  -1  -1  -1  -1  -1  -1  -1  -1  -1  -1  +0  +0  +0  +0  +0  +0  +0  +0  +0  +0  +0  +0  +0  +0  +0  +0  +0  +0  +0  +0  +0  +1  +1  +1  +1  +1  +1  +1  +1  +1  +1  +1  +1  +1  +1  +1  +1  +1  +1  
+410  -1  -1  -1  -1  -1  -1  -1  -1  -1  -1  -1  -1  -1  -1  -1  -1  -1  -1  -1  -1  -1  -1  -1  -1  -1  -1  -1  -1  -1  -1  +0  +0  +0  +0  +0  +0  +0  +0  +0  +0  +0  +0  +0  +0  +0  +0  +0  +0  +0  +0  +0  +0  +0  +1  +1  +1  +1  +1  +1  +1  +1  +1  +1  +1  +1  
+415  -1  -1  -1  -1  -1  -1  -1  -1  -1  -1  -1  -1  -1  -1  -1  -1  -1  -1  -1  -1  -1  -1  +0  +0  +0  +0  +0  +0  +0  +0  +0  +0  +0  +0  +0  +0  +0  +0  +0  +0  +0  +0  +0  +0  +0  +1  +1  +1  +1  +1  +1  +1  +1  +1  +1  +1  +1  +1  +1  +1  +1  
+420  -1  -1  -1  -1  -1  -1  -1  -1  -1  -1  -1  -1  -1  -1  -1  -1  -1  -1  -1  -1  -1  -1  -1  -1  -1  -1  -1  -1  -1  -1  -1  -1  -1  +0  +0  +0  +0  +0  +0  +0  +0  +0  +0  +0  +0  +0  +0  +0  +0  +0  +0  +0  +0  +0  +0  +1  +1  +1  +1  +1  +1  +1  +1  +1  +1  +1  +1  +1  +1  +1  +1  +1  +1  +1  +1  +1  +1  +1  +1  +1  +1  +1  
+425  -1  -1  -1  -1  -1  -1  -1  -1  -1  -1  -1  -1  -1  -1  -1  -1  -1  -1  -1  -1  -1  -1  -1  -1  -1  +0  +0  +0  +0  +0  +0  +0  +0  +0  +0  +0  +0  +0  +0  +0  +0  +0  +0  +0  +0  +0  +0  +0  +0  +0  +0  +0  +0  +0  +1  +1  +1  +1  +1  +1  +1  +1  +1  +1  +1  +1  +1  +1  +1  +1  +1  +1  +1  +1  +1  +1  +1  +1  +1  +1  +1  
+430  -1  -1  -1  -1  -1  -1  -1  -1  -1  -1  -1  -1  -1  -1  -1  -1  -1  -1  +0  +0  +0  +0  +0  +0  +0  +0  +0  +0  +0  +0  +0  +0  +0  +0  +0  +0  +0  +0  +0  +0  +0  +0  +0  +0  +0  +0  +1  +1  +1  +1  +1  +1  +1  +1  +1  +1  +1  +1  +1  +1  +1  +1  +1  +1  +1  +1  +1  +1  +1  +1  +1  +1  
+435  -1  -1  -1  -1  -1  -1  -1  -1  -1  -1  -1  -1  -1  -1  -1  -1  -1  -1  -1  -1  -1  -1  -1  -1  -1  -1  -1  -1  -1  -1  -1  -1  -1  -1  -1  -1  +0  +0  +0  +0  +0  +0  +0  +0  +0  +0  +0  +0  +0  +0  +0  +0  +0  +0  +0  +0  +0  +0  +0  +0  +1  +1  +1  +1  +1  +1  +1  +1  +1  +1  +1  +1  +1  +1  +1  +1  +1  
+440  -1  -1  -1  -1  -1  -1  -1  -1  -1  -1  -1  -1  -1  -1  -1  -1  -1  -1  -1  -1  -1  -1  -1  -1  -1  -1  -1  -1  -1  -1  -1  -1  -1  -1  -1  -1  -1  -1  -1  -1  +0  +0  +0  +0  +0  +0  +0  +0  +0  +0  +0  +0  +0  +0  +0  +0  +0  +0  +0  +0  +0  +0  +0  +0  +0  +0  +0  +0  +0  +0  +0  +0  +0  +0  +1  +1  +1  +1  +1  +1  +1  +1  +1  +1  +1  +1  +1  
+445  -1  -1  -1  -1  -1  -1  -1  -1  -1  -1  -1  -1  -1  -1  -1  -1  -1  -1  -1  +0  +0  +0  +0  +0  +0  +0  +0  +0  +0  +0  +0  +0  +0  +0  +0  +0  +0  +0  +0  +0  +0  +1  +1  +1  +1  +1  +1  +1  +1  +1  +1  +1  +1  +1  +1  +1  +1  +1  
+450  -1  -1  -1  -1  -1  -1  -1  -1  -1  -1  -1  -1  -1  -1  -1  -1  -1  -1  -1  -1  -1  -1  -1  -1  -1  -1  -1  -1  -1  -1  -1  -1  -1  -1  -1  -1  -1  -1  -1  -1  -1  -1  -1  -1  -1  -1  -1  -1  -1  -1  -1  -1  -1  -1  -1  -1  -1  -1  -1  -1  -1  -1  -1  -1  -1  -1  -1  +0  +0  +0  +0  +0  +0  +0  +0  +0  +0  +0  +0  +0  +0  +0  +0  +0  +0  +0  +0  +0  +0  +0  +0  +0  +0  +0  +0  +0  +0  +0  +0  +0  +0  +0  +0  +0  +0  +0  +0  +0  +0  +0  +0  +0  +0  +0  +0  +0  +1  +1  +1  +1  +1  +1  +1  +1  +1  +1  +1  +1  +1  +1  +1  +1  +1  +1  +1  +1  +1  +1  +1  
+455  -1  -1  -1  -1  -1  -1  -1  -1  -1  -1  -1  -1  -1  -1  -1  -1  -1  -1  -1  -1  -1  -1  -1  -1  -1  -1  -1  -1  -1  -1  -1  -1  -1  -1  -1  -1  -1  -1  -1  -1  -1  -1  -1  -1  -1  -1  -1  -1  -1  +0  +0  +0  +0  +0  +0  +0  +0  +0  +0  +0  +0  +0  +0  +0  +0  +0  +0  +0  +0  +0  +0  +0  +0  +0  +0  +0  +0  +0  +0  +0  +0  +0  +0  +1  +1  +1  +1  +1  +1  +1  
+460  -1  -1  -1  -1  -1  -1  -1  -1  -1  -1  -1  -1  -1  -1  -1  -1  -1  -1  -1  -1  -1  -1  -1  -1  -1  -1  -1  -1  -1  -1  -1  -1  -1  -1  -1  -1  -1  -1  -1  +0  +0  +0  +0  +0  +0  +0  +0  +0  +0  +0  +0  +0  +0  +0  +0  +0  +0  +0  +0  +0  +0  +0  +0  +0  +0  +0  +0  +0  +0  +0  +0  +0  +0  +0  +0  +0  +0  +1  +1  +1  +1  +1  +1  +1  +1  +1  +1  +1  +1  
+465  -1  -1  -1  -1  -1  -1  -1  -1  -1  -1  -1  -1  -1  -1  -1  -1  -1  -1  -1  -1  -1  -1  -1  -1  -1  -1  -1  -1  -1  -1  -1  -1  -1  -1  -1  -1  +0  +0  +0  +0  +0  +0  +0  +0  +0  +0  +0  +0  +0  +0  +0  +0  +0  +0  +0  +0  +0  +0  +0  +0  +0  +0  +0  +0  +0  +0  +0  +0  +0  +0  +0  +0  +0  +0  +1  +1  +1  +1  +1  +1  +1  
+470  +0  +0  +0  +0  +0  +0  +0  +0  +0  +0  +0  +0  +0  +0  +0  +0  +0  +0  +0  +0  +0  +0  +0  +0  +0  +0  +0  +0  +0  +0  +0  +0  +0  +0  +0  +0  +0  +0  +0  +0  +0  +0  +0  +0  +0  +0  +0  +0  +0  +0  +0  +0  +0  +0  +0  +0  +0  +0  +0  +0  +1  +1  +1  +1  +1  +1  +1  +1  +1  +1  +1  +1  +1  +1  +1  +1  +1  +1  +1  +1  +1  +1  +1  +1  +1  +1  +1  +1  +1  +1  +1  +2  +2  +2  +2  +2  +2  +2  +2  +2  
+475  -1  -1  -1  -1  -1  -1  -1  -1  -1  -1  -1  -1  -1  -1  -1  -1  -1  -1  -1  -1  -1  -1  -1  -1  -1  -1  -1  -1  -1  -1  -1  -1  -1  -1  -1  -1  -1  -1  -1  -1  -1  -1  -1  -1  -1  -1  -1  -1  -1  -1  -1  -1  -1  -1  +0  +0  +0  +0  +0  +0  +0  +0  +0  +0  +0  +0  +0  +0  +0  +0  +0  +0  +0  +0  +0  +0  +0  +0  +0  +0  +0  +0  +0  +0  +0  +0  +0  +0  +0  +0  +0  +0  +0  +0  +0  +0  +0  +0  +0  +0  +0  +0  +0  +0  +0  +0  +0  +0  +0  +0  +1  +1  +1  +1  +1  +1  +1  +1  +1  +1  
+480  -1  -1  -1  -1  -1  -1  -1  -1  -1  -1  -1  -1  -1  -1  -1  -1  -1  -1  -1  -1  -1  -1  -1  -1  -1  -1  -1  -1  -1  -1  -1  -1  -1  -1  -1  -1  -1  -1  -1  -1  -1  -1  -1  -1  -1  -1  -1  +0  +0  +0  +0  +0  +0  +0  +0  +0  +0  +0  +0  +0  +0  +0  +0  +0  +0  +0  +0  +0  +0  +0  +0  +0  +0  +0  +0  +0  +0  +0  +0  +0  +0  +0  +0  +0  +0  +0  +1  +1  +1  +1  +1  
+485  -1  -1  -1  -1  -1  -1  -1  -1  -1  -1  -1  -1  -1  -1  -1  -1  -1  -1  -1  -1  -1  -1  -1  -1  -1  -1  -1  -1  -1  -1  -1  -1  -1  -1  +0  +0  +0  +0  +0  +0  +0  +0  +0  +0  +0  +0  +0  +0  +0  +0  +0  +0  +0  +0  +0  +0  +0  +0  +0  +0  +0  +0  +0  +0  +0  +0  +0  +0  +0  +0  +0  +0  +0  +0  +0  +0  +1  +1  +1  +1  +1  +1  +1  
+490  -1  -1  -1  -1  -1  -1  -1  -1  -1  -1  -1  -1  -1  -1  -1  -1  -1  -1  -1  -1  -1  -1  -1  -1  -1  -1  -1  -1  -1  -1  -1  -1  -1  -1  -1  -1  -1  -1  -1  -1  -1  -1  +0  +0  +0  +0  +0  +0  +0  +0  +0  +0  +0  +0  +0  +0  +0  +0  +0  +0  +0  +0  +0  +0  +0  +0  +0  +0  +0  +0  +0  +0  +1  +1  +1  +1  +1  +1  +1  
+495  -1  -1  -1  -1  -1  -1  -1  -1  -1  -1  -1  -1  -1  -1  -1  -1  -1  -1  -1  -1  -1  -1  -1  -1  -1  -1  -1  -1  -1  -1  -1  -1  -1  -1  -1  -1  +0  +0  +0  +0  +0  +0  +0  +0  +0  +0  +0  +0  +0  +0  +0  +0  +0  +0  +0  +0  +0  +0  +0  +0  +0  +0  +0  +0  +0  +0  +0  +0  +0  +1  
+500  -1  -1  -1  -1  -1  -1  -1  -1  -1  -1  -1  -1  -1  -1  -1  -1  -1  -1  -1  -1  -1  -1  -1  -1  -1  -1  -1  -1  -1  -1  -1  -1  -1  -1  -1  -1  -1  -1  -1  -1  -1  -1  -1  +0  +0  +0  +0  +0  +0  +0  +0  +0  +0  +0  +0  +0  +0  +0  +0  +0  +0  +0  +0  +0  +0  +0  +0  +0  +0  +0  +0  +0  +0  +0  +0  +0  +0  +0  +0  +0  +0  +0  +0  +0  +0  +0  +0  +0  +0  +0  +0  +0  +0  +0  +0  +0  +0  +0  +0  +0  +0  +0  +0  +0  +0  +0  +0  +1  +1  +1  
+505  -1  -1  -1  -1  -1  -1  -1  -1  -1  -1  -1  -1  -1  -1  -1  -1  -1  -1  -1  -1  -1  -1  -1  -1  -1  -1  -1  -1  -1  -1  -1  -1  -1  +0  +0  +0  +0  +0  +0  +0  +0  +0  +0  +0  +0  +0  +0  +0  +0  +0  +0  +0  +0  +0  +0  +0  +0  +0  +0  +0  +0  +0  +0  +0  +0  +0  +1  +1  
+510  +0  +0  +0  +0  +0  +0  +0  +0  +0  +0  +0  +0  +0  +0  +0  +0  +0  +0  +0  +0  +0  +0  +0  +0  +0  +0  +0  +0  +0  +0  +0  +0  +0  +0  +0  +0  +0  +0  +0  +0  +0  +1  +1  +1  +1  +1  +1  +1  +1  +1  +1  +1  +1  +1  +1  +1  +1  +1  +1  +1  +1  +1  +1  +1  +1  +1  +1  +1  +1  +1  +1  +1  +1  
+515  +0  +0  +0  +0  +0  +0  +0  +0  +0  +0  +0  +0  +0  +0  +0  +0  +0  +0  +0  +0  +0  +0  +0  +0  +0  +0  +0  +0  +0  +0  +0  +0  +0  +0  +0  +0  +0  +0  +0  +0  +1  +1  +1  +1  +1  +1  +1  +1  +1  +1  +1  +1  +1  +1  +1  +1  +1  +1  +1  +1  +1  +1  +1  +1  +1  +1  +2  +2  
+520  -1  -1  -1  -1  -1  -1  -1  -1  -1  -1  -1  -1  -1  -1  -1  -1  -1  -1  -1  -1  -1  -1  -1  -1  -1  -1  -1  +0  +0  +0  +0  +0  +0  +0  +0  +0  +0  +0  +0  +0  +0  +0  +0  +0  +0  +0  +0  +0  +0  +0  +0  +1  
+525  -1  -1  -1  -1  -1  -1  -1  -1  -1  -1  -1  -1  -1  -1  -1  -1  -1  -1  -1  -1  -1  -1  -1  -1  -1  -1  -1  -1  -1  -1  -1  -1  -1  -1  -1  -1  -1  -1  -1  -1  -1  -1  -1  +0  +0  +0  +0  +0  +0  +0  +0  +0  +0  +0  +0  +0  +0  +0  +0  +0  +0  +0  +0  +0  +0  +0  +0  +0  +0  +0  +0  +0  +0  +0  +0  +0  +0  +0  +1  +1  +1  
+530  -1  -1  -1  -1  -1  -1  -1  -1  -1  -1  -1  -1  -1  -1  -1  -1  -1  -1  -1  +0  +0  +0  +0  +0  +0  +0  +0  +0  +0  +0  +0  +0  +0  +0  +0  +0  +0  +0  +1  
+535  -1  -1  -1  -1  -1  -1  -1  -1  -1  -1  -1  -1  -1  +0  +0  +0  +0  +0  +0  +0  +0  +0  +0  +0  +0  +0  +0  +0  +0  +0  +0  
+540  -1  -1  -1  -1  -1  -1  -1  -1  -1  -1  -1  -1  -1  -1  -1  +0  +0  +0  +0  +0  +0  +0  +0  +0  +0  +0  +0  +0  +0  +0  +0  +0  +0  
+545  -1  -1  -1  -1  -1  -1  -1  -1  -1  -1  -1  -1  +0  +0  +0  +0  +0  +0  +0  +0  +0  +0  +0  +0  +0  +0  +0  +0  
+550  -1  -1  -1  -1  -1  -1  -1  -1  -1  -1  -1  -1  -1  -1  -1  -1  -1  -1  -1  -1  -1  -1  +0  +0  +0  +0  +0  +0  +0  +0  +0  +0  +0  +0  +0  +0  +0  +0  +0  +0  +0  +0  +0  +0  +0  +0  +0  +1  
+555  -1  -1  -1  -1  -1  -1  -1  +0  +0  +0  +0  +0  +0  +0  +0  
+560  -1  -1  -1  -1  -1  -1  -1  +0  +0  +0  +0  +0  +0  +0  +0  +0  +0  +0  +0  +0  +0  
+565  -1  -1  -1  -1  -1  -1  -1  -1  -1  -1  -1  -1  -1  +0  +0  +0  +0  +0  +0  +0  +0  +0  +0  +0  +0  +0  +0  +0  +0  
+570  -1  -1  -1  -1  -1  -1  -1  -1  -1  -1  +0  +0  +0  +0  +0  +0  +0  +0  +0  +0  
+575  -1  -1  -1  -1  -1  -1  -1  -1  -1  +0  +0  +0  +0  +0  +0  +0  +0  +0  +0  +0  +0  +0  +0  
+580  +0  +0  +0  +0  +0  +0  +1  +1  +1  +1  +1  
+585  +0  +0  +0  +0  +0  +0  +1  +1  +1  +1  
+590  +0  +0  +0  +0  +1  +1  
+595  +0  +0  +0  +1  
+600  +0  +0  +0  +0  +0  +1  +1  +1  
+605  +0  +0  +0  
+630  -1  +0  +0  
