+1
+1
+3
+1
+1
+1
+1
+1
+1
+1
+1
+1
+2
+1
+1
+3
+5
+1
+1
+2
+1
+2
+3
+2
+1
+3
+4
+1
+3
+4
+1
+3
+5
+1
+4
+4
+2
+5
+8
+3
+3
+4
+3
+3
+2
+2
+9
+4
+4
+4
+10
+1
+12
+3
+1
+5
+3
+5
+3
+4
+3
+8
+7
+5
+6
+11
+9
+5
+8
+2
+6
+8
+3
+8
+9
+5
+9
+11
+14
+6
+12
+5
+6
+16
+7
+5
+14
+9
+10
+15
+5
+4
+13
+25
+11
+13
+13
+9
+17
+15
+10
+13
+16
+20
+14
+9
+18
+10
+24
+17
+25
+23
+13
+14
+15
+19
+20
+18
+22
+22
+12
+21
+30
+33
+27
+29
+21
+24
+33
+23
+19
+16
+23
+38
+29
+22
+30
+9
+29
+30
+35
+28
+22
+16
+24
+33
+31
+34
+25
+20
+22
+18
+19
+49
+36
+39
+34
+40
+26
+38
+19
+26
+38
+67
+31
+31
+49
+30
+56
+39
+35
+39
+36
+40
+42
+60
+20
+30
+54
+24
+33
+47
+26
+64
+34
+36
+33
+42
+32
+32
+36
+22
+26
+43
+21
+24
+33
+21
+35
+41
+40
+19
+40
+18
+18
+27
+12
+18
+43
+16
+16
+19
+27
+25
+13
+27
+8
+15
+26
+14
+12
+17
+16
+22
+13
+10
+7
+17
+14
+7
+23
+5
+13
+7
+4
+10
+12
+2
+9
+7
+1
+6
+9
+3
+6
+10
+4
+5
+1
+3
+7
+1
+5
+7
+3
+1
+1
+3
+2
+2
+1
+2
+1
+1
+1
+3
+1
+1
