-329
-324
-314
-304
-299
-294
-289
-284
-279
-271
-269
-260
-259
-249
-245
-244
-239
-236
-235
-234
-231
-230
-229
-226
-225
-224
-221
-219
-216
-214
-211
-209
-206
-205
-204
-201
-200
-199
-196
-195
-194
-191
-190
-189
-186
-185
-184
-181
-180
-179
-176
-175
-174
-171
-170
-169
-166
-165
-164
-161
-160
-159
-156
-155
-154
-151
-150
-149
-146
-145
-144
-141
-140
-139
-136
-135
-134
-131
-130
-129
-126
-125
-124
-121
-120
-119
-116
-115
-114
-111
-110
-109
-106
-105
-104
-101
-100
-99
-96
-95
-94
-91
-90
-89
-86
-85
-84
-81
-80
-79
-76
-75
-74
-71
-70
-69
-66
-65
-64
-61
-60
-59
-56
-55
-54
-51
-50
-49
-46
-45
-44
-41
-40
-39
-36
-35
-34
-31
-30
-29
-26
-25
-24
-21
-20
-19
-16
-15
-14
-11
-10
-9
-6
-5
-4
-1
+0
+1
+4
+5
+6
+9
+10
+11
+14
+15
+16
+19
+20
+21
+24
+25
+26
+29
+30
+31
+34
+35
+36
+39
+40
+41
+44
+45
+46
+49
+50
+51
+54
+55
+56
+59
+60
+61
+64
+65
+66
+69
+70
+71
+74
+75
+76
+79
+80
+81
+84
+85
+86
+89
+90
+91
+94
+95
+96
+99
+100
+101
+104
+105
+106
+109
+110
+111
+114
+115
+116
+119
+120
+121
+124
+125
+126
+129
+130
+131
+134
+135
+136
+139
+140
+141
+144
+145
+146
+149
+151
+154
+155
+156
+159
+160
+161
+164
+166
+169
+170
+174
+175
+179
+181
+189
+191
+194
+195
+199
+204
+224
