+125  +1  +1  +1  +3  +3  +3  +3  
+130  +3  +3  +3  +3  +3  +3  +3  +3  
+150  +1  +3  +3  +3  +3  +3  +3  +3  +3  +3  +3  
+170  +1  +3  +3  +3  +3  +3  +3  +3  
+175  +3  +3  +3  +3  +3  +3  +3  +3  +3  +3  +3  
+180  +1  +1  +3  +3  +3  +3  +3  +3  +3  +3  
+185  +3  +3  +3  +3  +3  +3  +3  +3  
+190  +1  +3  +3  +3  +3  +3  +3  +3  +3  +3  
+195  +1  +1  +1  +2  +3  +3  +3  +3  +3  +3  +3  +3  +3  +3  +3  
+200  +1  +1  +1  +1  +1  +3  +3  +3  +3  +3  +3  +3  +3  +3  +3  +3  +3  
+205  +1  +1  +3  +3  +3  +3  +3  +3  +3  +3  +3  +3  +3  +3  +3  +3  +3  +3  
+210  +1  +1  +1  +2  +3  +3  +3  +3  +3  +3  +3  +3  +3  +3  +3  +3  +3  +3  
+215  +1  +1  +1  +3  +3  +3  +3  +3  +3  +3  +3  +3  +3  +3  +3  +3  +3  +3  
+220  +1  +2  +3  +3  +3  +3  +3  +3  +3  +3  +3  +3  +3  +3  +3  
+225  +1  +1  +1  +1  +2  +2  +3  +3  +3  +3  +3  +3  +3  +3  +3  +3  +3  +3  +3  
+230  +1  +1  +1  +2  +3  +3  +3  +3  +3  +3  +3  +3  +3  +3  +3  +3  +3  +3  +3  +3  +3  
+235  +1  +1  +1  +1  +3  +3  +3  +3  +3  +3  +3  +3  +3  +3  +3  +3  +3  
+240  +1  +1  +1  +1  +1  +3  +3  +3  +3  +3  +3  +3  +3  +3  +3  +3  +3  +3  +3  
+245  +1  +1  +1  +3  +3  +3  +3  +3  +3  +3  +3  +3  +3  
+250  +1  +1  +1  +2  +3  +3  +3  +3  +3  +3  +3  +3  +3  +3  +3  +3  +3  +3  +3  +3  +3  +3  +3  +3  +3  +3  +3  +3  +3  
+255  +1  +1  +1  +1  +1  +1  +1  +1  +1  +2  +2  +3  +3  +3  +3  +3  +3  +3  +3  +3  +3  +3  +3  +3  +3  
+260  +1  +1  +1  +1  +2  +2  +2  +3  +3  +3  +3  +3  +3  +3  +3  +3  +3  +3  +3  +3  +3  +3  +3  +3  +3  +3  +3  
+265  +1  +1  +1  +1  +1  +1  +1  +1  +1  +1  +1  +1  +2  +2  +2  +3  +3  +3  +3  +3  +3  +3  +3  +3  +3  +3  +3  +3  +3  +3  +3  +3  +3  +3  +3  +3  +3  
+270  +1  +1  +1  +1  +1  +2  +2  +3  +3  +3  +3  +3  +3  +3  +3  +3  +3  +3  +3  +3  +3  +3  +3  +3  +3  +3  +3  +3  +3  +3  +3  +3  +3  +3  +3  +3  +3  
+275  +1  +1  +1  +2  +2  +2  +2  +3  +3  +3  +3  +3  +3  +3  +3  +3  +3  +3  +3  +3  +3  +3  +3  +3  +3  +3  +3  +3  +3  +3  +3  +3  +3  +3  +3  +3  
+280  +1  +1  +1  +1  +1  +1  +1  +1  +2  +3  +3  +3  +3  +3  +3  +3  +3  +3  +3  +3  +3  +3  +3  +3  +3  +3  +3  +3  +3  +3  +3  +3  +3  +3  +3  +3  +3  +3  +3  +3  +3  +3  
+285  +1  +1  +1  +1  +1  +1  +2  +3  +3  +3  +3  +3  +3  +3  +3  +3  +3  +3  +3  +3  +3  +3  +3  
+290  +1  +1  +1  +1  +1  +2  +2  +2  +2  +2  +3  +3  +3  +3  +3  +3  +3  +3  +3  +3  +3  +3  +3  +3  +3  +3  +3  +3  +3  +3  +3  +3  +3  +3  +3  +3  +3  +3  +3  
+295  +1  +1  +1  +1  +1  +1  +2  +2  +2  +3  +3  +3  +3  +3  +3  +3  +3  +3  
+300  +1  +1  +1  +1  +1  +1  +1  +1  +2  +2  +2  +2  +2  +3  +3  +3  +3  +3  +3  +3  +3  +3  +3  +3  +3  +3  +3  +3  +3  +3  +3  +3  +3  +3  +3  +3  +3  +3  +3  +3  +3  +3  +3  +3  +3  +3  +3  +3  
+305  +1  +1  +1  +1  +1  +1  +1  +1  +1  +2  +2  +2  +2  +2  +2  +2  +2  +2  +3  +3  +3  +3  +3  +3  +3  +3  +3  +3  +3  +3  +3  +3  +3  +3  
+310  +1  +1  +1  +1  +1  +1  +2  +2  +3  +3  +3  +3  +3  +3  +3  +3  +3  +3  +3  +3  +3  +3  +3  +3  +3  +3  +3  +3  +3  +3  +3  +3  +3  +3  +3  +3  +3  +3  +3  
+315  +1  +1  +1  +1  +1  +1  +2  +2  +2  +3  +3  +3  +3  +3  +3  +3  +3  +3  +3  +3  +3  +3  +3  +3  +3  +3  +3  +3  +3  
+320  +1  +1  +1  +1  +1  +2  +2  +2  +2  +2  +3  +3  +3  +3  +3  +3  +3  +3  +3  +3  +3  +3  +3  +3  +3  +3  +3  +3  +3  
+325  +1  +1  +1  +1  +1  +1  +1  +1  +1  +1  +2  +2  +2  +2  +2  +2  +2  +2  +2  +2  +2  +2  +2  +2  +3  +3  +3  +3  +3  +3  +3  +3  +3  +3  +3  +3  +3  +3  +3  +3  +3  +3  +3  +3  +3  +3  +3  +3  +3  +3  +3  +3  +3  +3  +3  +3  +3  +3  +3  +3  +3  +3  +3  
+330  +1  +1  +1  +1  +2  +2  +2  +2  +2  +3  +3  +3  +3  +3  +3  +3  +3  +3  +3  +3  +3  +3  +3  +3  +3  +3  +3  +3  +3  +3  +3  +3  +3  +3  +3  
+335  +1  +1  +1  +1  +1  +1  +1  +1  +1  +1  +1  +2  +2  +2  +2  +2  +2  +2  +3  +3  +3  +3  +3  +3  +3  +3  +3  +3  +3  +3  +3  +3  +3  +3  +3  +3  +3  +3  +3  +3  +3  +3  +3  +3  
+340  +1  +1  +1  +1  +1  +1  +1  +1  +1  +2  +2  +2  +2  +2  +2  +2  +2  +2  +3  +3  +3  +3  +3  +3  +3  +3  +3  +3  +3  +3  +3  +3  +3  +3  +3  +3  +3  +3  +3  +3  +3  +3  +3  +3  +3  +3  +3  +3  +3  
+345  +1  +1  +1  +1  +1  +1  +1  +1  +1  +1  +2  +2  +2  +2  +2  +3  +3  +3  +3  +3  +3  +3  +3  +3  +3  +3  +3  +3  +3  +3  +3  +3  +3  +3  +3  +3  +3  +3  +3  +3  +3  +3  +3  +3  +3  
+350  +1  +1  +1  +1  +1  +1  +1  +1  +1  +1  +1  +1  +1  +1  +1  +1  +1  +1  +1  +1  +2  +2  +2  +2  +2  +2  +2  +2  +2  +2  +2  +2  +2  +2  +2  +2  +2  +2  +2  +2  +2  +2  +2  +2  +2  +3  +3  +3  +3  +3  +3  +3  +3  +3  +3  +3  +3  +3  +3  +3  +3  +3  +3  +3  +3  +3  +3  +3  +3  +3  +3  +3  +3  +3  +3  +3  +3  +3  +3  +3  
+355  +1  +1  +1  +1  +1  +1  +1  +1  +1  +1  +1  +1  +1  +1  +1  +1  +1  +1  +2  +2  +2  +2  +2  +2  +2  +2  +2  +2  +2  +2  +2  +3  +3  +3  +3  +3  +3  +3  +3  +3  +3  +3  +3  +3  +3  +3  +3  +3  +3  +3  +3  +3  +3  +3  +3  +3  +3  +3  +3  +3  +3  +3  +3  +3  +3  +3  +3  +3  +3  +3  +3  
+360  +1  +1  +1  +1  +1  +1  +1  +1  +1  +1  +1  +1  +1  +1  +1  +1  +1  +2  +2  +2  +2  +2  +2  +2  +2  +2  +2  +2  +2  +2  +2  +2  +3  +3  +3  +3  +3  +3  +3  +3  +3  +3  +3  +3  +3  +3  +3  +3  +3  +3  +3  +3  
+365  +1  +1  +1  +1  +1  +1  +1  +1  +1  +1  +1  +1  +1  +2  +2  +2  +2  +2  +2  +2  +2  +2  +2  +2  +2  +2  +2  +2  +2  +3  +3  +3  +3  +3  +3  +3  +3  +3  +3  +3  +3  +3  +3  +3  +3  +3  +3  +3  +3  +3  +3  +3  +3  
+370  +1  +1  +1  +1  +1  +1  +1  +1  +1  +1  +1  +1  +1  +1  +1  +1  +1  +1  +1  +2  +2  +2  +2  +2  +2  +2  +2  +2  +3  +3  +3  +3  +3  +3  +3  +3  +3  +3  +3  +3  +3  +3  +3  +3  +3  +3  +3  +3  +3  +3  +3  +3  +3  +3  
+375  +1  +1  +1  +1  +1  +1  +1  +1  +1  +1  +1  +1  +1  +1  +1  +1  +1  +1  +1  +1  +1  +1  +2  +2  +2  +2  +2  +2  +2  +2  +2  +2  +2  +2  +2  +2  +2  +2  +2  +2  +2  +2  +2  +2  +2  +2  +3  +3  +3  +3  +3  +3  +3  +3  +3  +3  +3  +3  +3  +3  +3  +3  +3  +3  +3  +3  +3  +3  +3  +3  +3  +3  +3  +3  +3  +3  +3  +3  +3  +3  +3  +3  
+380  +1  +1  +1  +1  +1  +1  +1  +1  +1  +1  +1  +1  +1  +1  +1  +1  +1  +1  +1  +1  +1  +2  +2  +2  +2  +2  +2  +2  +2  +2  +2  +2  +2  +2  +2  +2  +2  +2  +2  +2  +2  +2  +2  +2  +3  +3  +3  +3  +3  +3  +3  +3  +3  +3  +3  +3  +3  +3  +3  +3  +3  +3  +3  +3  +3  +3  +3  +3  +3  +3  +3  +3  +3  +3  +3  +3  
+385  +1  +1  +1  +1  +1  +1  +1  +1  +1  +1  +1  +1  +1  +1  +1  +1  +1  +1  +1  +1  +1  +1  +1  +1  +1  +1  +1  +2  +2  +2  +2  +2  +2  +2  +2  +2  +2  +2  +2  +2  +2  +2  +3  +3  +3  +3  +3  +3  +3  +3  +3  +3  +3  +3  +3  +3  +3  +3  +3  +3  +3  +3  +3  +3  
+390  +1  +1  +1  +1  +1  +1  +1  +1  +1  +1  +1  +1  +1  +1  +1  +1  +1  +1  +1  +1  +1  +1  +1  +1  +2  +2  +2  +2  +2  +2  +2  +2  +2  +2  +2  +2  +2  +2  +2  +2  +2  +2  +3  +3  +3  +3  +3  +3  +3  +3  +3  +3  +3  +3  +3  +3  +3  +3  +3  +3  +3  +3  +3  
+395  +1  +1  +1  +1  +1  +1  +1  +1  +1  +1  +1  +1  +1  +1  +1  +1  +1  +1  +1  +2  +2  +2  +2  +2  +2  +2  +2  +2  +2  +2  +2  +3  +3  +3  +3  +3  +3  +3  +3  +3  +3  +3  +3  +3  +3  +3  +3  +3  +3  +3  +3  +3  
+400  +1  +1  +1  +1  +1  +1  +1  +1  +1  +1  +1  +1  +1  +1  +1  +1  +1  +1  +1  +1  +1  +1  +1  +1  +1  +1  +1  +1  +1  +1  +1  +1  +1  +1  +1  +1  +1  +1  +2  +2  +2  +2  +2  +2  +2  +2  +2  +2  +2  +2  +2  +2  +2  +2  +2  +2  +2  +2  +2  +2  +2  +2  +2  +2  +2  +2  +2  +2  +2  +2  +2  +3  +3  +3  +3  +3  +3  +3  +3  +3  +3  +3  +3  +3  +3  +3  +3  +3  +3  +3  +3  +3  +3  +3  +3  +3  +3  +3  +3  +3  +3  +3  +3  +3  +3  +3  +3  +3  +3  +3  +3  
+405  +1  +1  +1  +1  +1  +1  +1  +1  +1  +1  +1  +1  +1  +1  +1  +1  +1  +1  +1  +1  +1  +1  +1  +1  +1  +1  +1  +1  +1  +1  +2  +2  +2  +2  +2  +2  +2  +2  +2  +2  +2  +2  +2  +2  +2  +2  +2  +2  +2  +2  +2  +3  +3  +3  +3  +3  +3  +3  +3  +3  +3  +3  +3  +3  +3  +3  +3  +3  +3  
+410  +1  +1  +1  +1  +1  +1  +1  +1  +1  +1  +1  +1  +1  +1  +1  +1  +1  +1  +1  +1  +1  +1  +1  +1  +1  +1  +1  +1  +1  +1  +2  +2  +2  +2  +2  +2  +2  +2  +2  +2  +2  +2  +2  +2  +2  +2  +2  +2  +2  +2  +2  +2  +2  +3  +3  +3  +3  +3  +3  +3  +3  +3  +3  +3  +3  
+415  +1  +1  +1  +1  +1  +1  +1  +1  +1  +1  +1  +1  +1  +1  +1  +1  +1  +1  +1  +1  +1  +1  +2  +2  +2  +2  +2  +2  +2  +2  +2  +2  +2  +2  +2  +2  +2  +2  +2  +2  +2  +2  +2  +2  +2  +3  +3  +3  +3  +3  +3  +3  +3  +3  +3  +3  +3  +3  +3  +3  +3  
+420  +1  +1  +1  +1  +1  +1  +1  +1  +1  +1  +1  +1  +1  +1  +1  +1  +1  +1  +1  +1  +1  +1  +1  +1  +1  +1  +1  +1  +1  +1  +1  +1  +1  +2  +2  +2  +2  +2  +2  +2  +2  +2  +2  +2  +2  +2  +2  +2  +2  +2  +2  +2  +2  +2  +2  +3  +3  +3  +3  +3  +3  +3  +3  +3  +3  +3  +3  +3  +3  +3  +3  +3  +3  +3  +3  +3  +3  +3  +3  +3  +3  +3  
+425  +1  +1  +1  +1  +1  +1  +1  +1  +1  +1  +1  +1  +1  +1  +1  +1  +1  +1  +1  +1  +1  +1  +1  +1  +1  +2  +2  +2  +2  +2  +2  +2  +2  +2  +2  +2  +2  +2  +2  +2  +2  +2  +2  +2  +2  +2  +2  +2  +2  +2  +2  +2  +2  +2  +3  +3  +3  +3  +3  +3  +3  +3  +3  +3  +3  +3  +3  +3  +3  +3  +3  +3  +3  +3  +3  +3  +3  +3  +3  +3  +3  
+430  +1  +1  +1  +1  +1  +1  +1  +1  +1  +1  +1  +1  +1  +1  +1  +1  +1  +1  +2  +2  +2  +2  +2  +2  +2  +2  +2  +2  +2  +2  +2  +2  +2  +2  +2  +2  +2  +2  +2  +2  +2  +2  +2  +2  +2  +2  +3  +3  +3  +3  +3  +3  +3  +3  +3  +3  +3  +3  +3  +3  +3  +3  +3  +3  +3  +3  +3  +3  +3  +3  +3  +3  
+435  +1  +1  +1  +1  +1  +1  +1  +1  +1  +1  +1  +1  +1  +1  +1  +1  +1  +1  +1  +1  +1  +1  +1  +1  +1  +1  +1  +1  +1  +1  +1  +1  +1  +1  +1  +1  +2  +2  +2  +2  +2  +2  +2  +2  +2  +2  +2  +2  +2  +2  +2  +2  +2  +2  +2  +2  +2  +2  +2  +2  +3  +3  +3  +3  +3  +3  +3  +3  +3  +3  +3  +3  +3  +3  +3  +3  +3  
+440  +1  +1  +1  +1  +1  +1  +1  +1  +1  +1  +1  +1  +1  +1  +1  +1  +1  +1  +1  +1  +1  +1  +1  +1  +1  +1  +1  +1  +1  +1  +1  +1  +1  +1  +1  +1  +1  +1  +1  +1  +2  +2  +2  +2  +2  +2  +2  +2  +2  +2  +2  +2  +2  +2  +2  +2  +2  +2  +2  +2  +2  +2  +2  +2  +2  +2  +2  +2  +2  +2  +2  +2  +2  +2  +3  +3  +3  +3  +3  +3  +3  +3  +3  +3  +3  +3  +3  
+445  +1  +1  +1  +1  +1  +1  +1  +1  +1  +1  +1  +1  +1  +1  +1  +1  +1  +1  +1  +2  +2  +2  +2  +2  +2  +2  +2  +2  +2  +2  +2  +2  +2  +2  +2  +2  +2  +2  +2  +2  +2  +3  +3  +3  +3  +3  +3  +3  +3  +3  +3  +3  +3  +3  +3  +3  +3  +3  
+450  +1  +1  +1  +1  +1  +1  +1  +1  +1  +1  +1  +1  +1  +1  +1  +1  +1  +1  +1  +1  +1  +1  +1  +1  +1  +1  +1  +1  +1  +1  +1  +1  +1  +1  +1  +1  +1  +1  +1  +1  +1  +1  +1  +1  +1  +1  +1  +1  +1  +1  +1  +1  +1  +1  +1  +1  +1  +1  +1  +1  +1  +1  +1  +1  +1  +1  +1  +2  +2  +2  +2  +2  +2  +2  +2  +2  +2  +2  +2  +2  +2  +2  +2  +2  +2  +2  +2  +2  +2  +2  +2  +2  +2  +2  +2  +2  +2  +2  +2  +2  +2  +2  +2  +2  +2  +2  +2  +2  +2  +2  +2  +2  +2  +2  +2  +2  +3  +3  +3  +3  +3  +3  +3  +3  +3  +3  +3  +3  +3  +3  +3  +3  +3  +3  +3  +3  +3  +3  +3  
+455  +1  +1  +1  +1  +1  +1  +1  +1  +1  +1  +1  +1  +1  +1  +1  +1  +1  +1  +1  +1  +1  +1  +1  +1  +1  +1  +1  +1  +1  +1  +1  +1  +1  +1  +1  +1  +1  +1  +1  +1  +1  +1  +1  +1  +1  +1  +1  +1  +1  +2  +2  +2  +2  +2  +2  +2  +2  +2  +2  +2  +2  +2  +2  +2  +2  +2  +2  +2  +2  +2  +2  +2  +2  +2  +2  +2  +2  +2  +2  +2  +2  +2  +2  +3  +3  +3  +3  +3  +3  +3  
+460  +1  +1  +1  +1  +1  +1  +1  +1  +1  +1  +1  +1  +1  +1  +1  +1  +1  +1  +1  +1  +1  +1  +1  +1  +1  +1  +1  +1  +1  +1  +1  +1  +1  +1  +1  +1  +1  +1  +1  +2  +2  +2  +2  +2  +2  +2  +2  +2  +2  +2  +2  +2  +2  +2  +2  +2  +2  +2  +2  +2  +2  +2  +2  +2  +2  +2  +2  +2  +2  +2  +2  +2  +2  +2  +2  +2  +2  +3  +3  +3  +3  +3  +3  +3  +3  +3  +3  +3  +3  
+465  +1  +1  +1  +1  +1  +1  +1  +1  +1  +1  +1  +1  +1  +1  +1  +1  +1  +1  +1  +1  +1  +1  +1  +1  +1  +1  +1  +1  +1  +1  +1  +1  +1  +1  +1  +1  +2  +2  +2  +2  +2  +2  +2  +2  +2  +2  +2  +2  +2  +2  +2  +2  +2  +2  +2  +2  +2  +2  +2  +2  +2  +2  +2  +2  +2  +2  +2  +2  +2  +2  +2  +2  +2  +2  +3  +3  +3  +3  +3  +3  +3  
+470  +1  +1  +1  +1  +1  +1  +1  +1  +1  +1  +1  +1  +1  +1  +1  +1  +1  +1  +1  +1  +1  +1  +1  +1  +1  +1  +1  +1  +1  +1  +1  +1  +1  +1  +1  +1  +1  +1  +1  +1  +1  +1  +1  +1  +1  +1  +1  +1  +1  +1  +1  +1  +1  +1  +1  +1  +1  +1  +1  +1  +2  +2  +2  +2  +2  +2  +2  +2  +2  +2  +2  +2  +2  +2  +2  +2  +2  +2  +2  +2  +2  +2  +2  +2  +2  +2  +2  +2  +2  +2  +2  +3  +3  +3  +3  +3  +3  +3  +3  +3  
+475  +1  +1  +1  +1  +1  +1  +1  +1  +1  +1  +1  +1  +1  +1  +1  +1  +1  +1  +1  +1  +1  +1  +1  +1  +1  +1  +1  +1  +1  +1  +1  +1  +1  +1  +1  +1  +1  +1  +1  +1  +1  +1  +1  +1  +1  +1  +1  +1  +1  +1  +1  +1  +1  +1  +2  +2  +2  +2  +2  +2  +2  +2  +2  +2  +2  +2  +2  +2  +2  +2  +2  +2  +2  +2  +2  +2  +2  +2  +2  +2  +2  +2  +2  +2  +2  +2  +2  +2  +2  +2  +2  +2  +2  +2  +2  +2  +2  +2  +2  +2  +2  +2  +2  +2  +2  +2  +2  +2  +2  +2  +3  +3  +3  +3  +3  +3  +3  +3  +3  +3  
+480  +1  +1  +1  +1  +1  +1  +1  +1  +1  +1  +1  +1  +1  +1  +1  +1  +1  +1  +1  +1  +1  +1  +1  +1  +1  +1  +1  +1  +1  +1  +1  +1  +1  +1  +1  +1  +1  +1  +1  +1  +1  +1  +1  +1  +1  +1  +1  +2  +2  +2  +2  +2  +2  +2  +2  +2  +2  +2  +2  +2  +2  +2  +2  +2  +2  +2  +2  +2  +2  +2  +2  +2  +2  +2  +2  +2  +2  +2  +2  +2  +2  +2  +2  +2  +2  +2  +3  +3  +3  +3  +3  
+485  +1  +1  +1  +1  +1  +1  +1  +1  +1  +1  +1  +1  +1  +1  +1  +1  +1  +1  +1  +1  +1  +1  +1  +1  +1  +1  +1  +1  +1  +1  +1  +1  +1  +1  +2  +2  +2  +2  +2  +2  +2  +2  +2  +2  +2  +2  +2  +2  +2  +2  +2  +2  +2  +2  +2  +2  +2  +2  +2  +2  +2  +2  +2  +2  +2  +2  +2  +2  +2  +2  +2  +2  +2  +2  +2  +2  +3  +3  +3  +3  +3  +3  +3  
+490  +1  +1  +1  +1  +1  +1  +1  +1  +1  +1  +1  +1  +1  +1  +1  +1  +1  +1  +1  +1  +1  +1  +1  +1  +1  +1  +1  +1  +1  +1  +1  +1  +1  +1  +1  +1  +1  +1  +1  +1  +1  +1  +2  +2  +2  +2  +2  +2  +2  +2  +2  +2  +2  +2  +2  +2  +2  +2  +2  +2  +2  +2  +2  +2  +2  +2  +2  +2  +2  +2  +2  +2  +3  +3  +3  +3  +3  +3  +3  
+495  +1  +1  +1  +1  +1  +1  +1  +1  +1  +1  +1  +1  +1  +1  +1  +1  +1  +1  +1  +1  +1  +1  +1  +1  +1  +1  +1  +1  +1  +1  +1  +1  +1  +1  +1  +1  +2  +2  +2  +2  +2  +2  +2  +2  +2  +2  +2  +2  +2  +2  +2  +2  +2  +2  +2  +2  +2  +2  +2  +2  +2  +2  +2  +2  +2  +2  +2  +2  +2  +3  
+500  +1  +1  +1  +1  +1  +1  +1  +1  +1  +1  +1  +1  +1  +1  +1  +1  +1  +1  +1  +1  +1  +1  +1  +1  +1  +1  +1  +1  +1  +1  +1  +1  +1  +1  +1  +1  +1  +1  +1  +1  +1  +1  +1  +2  +2  +2  +2  +2  +2  +2  +2  +2  +2  +2  +2  +2  +2  +2  +2  +2  +2  +2  +2  +2  +2  +2  +2  +2  +2  +2  +2  +2  +2  +2  +2  +2  +2  +2  +2  +2  +2  +2  +2  +2  +2  +2  +2  +2  +2  +2  +2  +2  +2  +2  +2  +2  +2  +2  +2  +2  +2  +2  +2  +2  +2  +2  +2  +3  +3  +3  
+505  +1  +1  +1  +1  +1  +1  +1  +1  +1  +1  +1  +1  +1  +1  +1  +1  +1  +1  +1  +1  +1  +1  +1  +1  +1  +1  +1  +1  +1  +1  +1  +1  +1  +2  +2  +2  +2  +2  +2  +2  +2  +2  +2  +2  +2  +2  +2  +2  +2  +2  +2  +2  +2  +2  +2  +2  +2  +2  +2  +2  +2  +2  +2  +2  +2  +2  +3  +3  
+510  +1  +1  +1  +1  +1  +1  +1  +1  +1  +1  +1  +1  +1  +1  +1  +1  +1  +1  +1  +1  +1  +1  +1  +1  +1  +1  +1  +1  +1  +1  +1  +1  +1  +1  +1  +1  +1  +1  +1  +1  +1  +2  +2  +2  +2  +2  +2  +2  +2  +2  +2  +2  +2  +2  +2  +2  +2  +2  +2  +2  +2  +2  +2  +2  +2  +2  +2  +2  +2  +2  +2  +2  +2  
+515  +1  +1  +1  +1  +1  +1  +1  +1  +1  +1  +1  +1  +1  +1  +1  +1  +1  +1  +1  +1  +1  +1  +1  +1  +1  +1  +1  +1  +1  +1  +1  +1  +1  +1  +1  +1  +1  +1  +1  +1  +2  +2  +2  +2  +2  +2  +2  +2  +2  +2  +2  +2  +2  +2  +2  +2  +2  +2  +2  +2  +2  +2  +2  +2  +2  +2  +3  +3  
+520  +1  +1  +1  +1  +1  +1  +1  +1  +1  +1  +1  +1  +1  +1  +1  +1  +1  +1  +1  +1  +1  +1  +1  +1  +1  +1  +1  +2  +2  +2  +2  +2  +2  +2  +2  +2  +2  +2  +2  +2  +2  +2  +2  +2  +2  +2  +2  +2  +2  +2  +2  +3  
+525  +1  +1  +1  +1  +1  +1  +1  +1  +1  +1  +1  +1  +1  +1  +1  +1  +1  +1  +1  +1  +1  +1  +1  +1  +1  +1  +1  +1  +1  +1  +1  +1  +1  +1  +1  +1  +1  +1  +1  +1  +1  +1  +1  +2  +2  +2  +2  +2  +2  +2  +2  +2  +2  +2  +2  +2  +2  +2  +2  +2  +2  +2  +2  +2  +2  +2  +2  +2  +2  +2  +2  +2  +2  +2  +2  +2  +2  +2  +3  +3  +3  
+530  +1  +1  +1  +1  +1  +1  +1  +1  +1  +1  +1  +1  +1  +1  +1  +1  +1  +1  +1  +2  +2  +2  +2  +2  +2  +2  +2  +2  +2  +2  +2  +2  +2  +2  +2  +2  +2  +2  +3  
+535  +1  +1  +1  +1  +1  +1  +1  +1  +1  +1  +1  +1  +1  +2  +2  +2  +2  +2  +2  +2  +2  +2  +2  +2  +2  +2  +2  +2  +2  +2  +2  
+540  +1  +1  +1  +1  +1  +1  +1  +1  +1  +1  +1  +1  +1  +1  +1  +2  +2  +2  +2  +2  +2  +2  +2  +2  +2  +2  +2  +2  +2  +2  +2  +2  +2  
+545  +1  +1  +1  +1  +1  +1  +1  +1  +1  +1  +1  +1  +2  +2  +2  +2  +2  +2  +2  +2  +2  +2  +2  +2  +2  +2  +2  +2  
+550  +1  +1  +1  +1  +1  +1  +1  +1  +1  +1  +1  +1  +1  +1  +1  +1  +1  +1  +1  +1  +1  +1  +2  +2  +2  +2  +2  +2  +2  +2  +2  +2  +2  +2  +2  +2  +2  +2  +2  +2  +2  +2  +2  +2  +2  +2  +2  +3  
+555  +1  +1  +1  +1  +1  +1  +1  +2  +2  +2  +2  +2  +2  +2  +2  
+560  +1  +1  +1  +1  +1  +1  +1  +2  +2  +2  +2  +2  +2  +2  +2  +2  +2  +2  +2  +2  +2  
+565  +1  +1  +1  +1  +1  +1  +1  +1  +1  +1  +1  +1  +1  +2  +2  +2  +2  +2  +2  +2  +2  +2  +2  +2  +2  +2  +2  +2  +2  
+570  +1  +1  +1  +1  +1  +1  +1  +1  +1  +1  +2  +2  +2  +2  +2  +2  +2  +2  +2  +2  
+575  +1  +1  +1  +1  +1  +1  +1  +1  +1  +2  +2  +2  +2  +2  +2  +2  +2  +2  +2  +2  +2  +2  +2  
+580  +1  +1  +1  +1  +1  +1  +2  +2  +2  +2  +2  
+585  +1  +1  +1  +1  +1  +1  +2  +2  +2  +2  
+600  +1  +1  +1  +1  +1  +2  +2  +2  
