+16  -487  -484  -481  -478  -458  -438  -388  -388  -338  -338  -322  -322  -288  -99  +12  +45  +45  +420  +496  +1112  +1272  +1912  
+17  -552  -542  -541  -538  -532  -532  -512  -512  -462  -162  -62  +29  +88  +88  +313  +438  +438  +921  +1198  +1438  
+18  -706  -681  -431  -361  -331  -231  +269  +1199  +1269  
+19  -249  -249  -248  -239  -233  -200  -152  -52  -52  -52  -32  +248  +1508  
+20  -817  -798  -796  -788  -785  -768  -766  -758  -748  -718  -718  -648  -631  -618  -518  -504  -318  +382  +1182  +4182  +5946  
+21  -1999  -1950  -1950  -1950  -1948  -1943  -1935  -1900  -1850  -1850  -1800  -1800  -1600  -1530  +0  +26000  
+22  -745  -716  -696  -686  -684  -646  -646  -646  -606  -546  -546  -496  -446  -413  -276  -246  -46  +54  +54  +454  +1254  +1254  +1754  +4254  
+23  -1083  -1083  -1083  -1082  -1079  -1064  -1059  -1059  -1049  -1044  -1034  -1034  -1024  -984  -984  -884  -884  -584  -584  -484  -484  -439  -284  -284  +916  +1916  +8916  +8916  
+24  -1386  -1385  -1383  -1375  -1367  -1357  -1352  -1337  -1337  -1337  -1337  -1337  -1317  -1287  -1262  -1187  -1187  -1187  -1187  -1087  +613  +613  +613  +1613  +5613  +6313  +10613  
+25  -1393  -1392  -1389  -1387  -1386  -1382  -1379  -1372  -1372  -1372  -1362  -1360  -1317  -1311  -1297  -1284  -1284  -1279  -1272  -1197  -1147  -1097  -1097  -1097  -1097  -1097  -897  -897  -397  +803  +1603  +14603  +18603  
+26  -436  -434  -434  -431  -431  -431  -426  -418  -415  -401  -395  -391  -391  -381  -381  -361  -341  -341  -331  -291  -266  -241  -241  -241  -241  -241  -233  -191  -141  -141  -131  -66  -41  +59  +359  +559  +559  +1059  +1559  +2559  +3559  
+27  -399  -397  -394  -384  -384  -379  -374  -374  -374  -373  -369  -354  -354  -354  -347  -344  -329  -324  -311  -304  -304  -304  -304  -254  -254  -204  -204  -129  -104  -104  -104  -88  -54  -4  -4  -4  +96  +96  +96  +196  +196  +396  +796  +1096  +2096  +4596  
+28  -1024  -1024  -1020  -1020  -1020  -1018  -1017  -1016  -1015  -1013  -1010  -998  -988  -987  -975  -975  -975  -975  -968  -965  -950  -950  -950  -932  -925  -925  -900  -875  -850  -825  -775  -775  -775  -767  -725  -725  -675  -525  -225  -225  -25  -25  +475  +475  +868  +975  +1475  +2147  +2975  +8975  +16975  
+29  -395  -395  -391  -390  -389  -386  -386  -386  -381  -381  -381  -376  -376  -371  -371  -371  -351  -346  -334  -322  -296  -296  -296  -296  -296  -296  -296  -286  -246  -196  -196  -196  -171  -146  -146  -124  -96  -66  -46  +4  +104  +204  +204  +304  +604  +1104  +1104  +1604  +2604  +3604  
+30  -396  -396  -396  -394  -393  -392  -392  -392  -391  -391  -390  -390  -387  -386  -385  -382  -382  -380  -377  -377  -377  -377  -375  -372  -372  -372  -370  -370  -367  -365  -362  -362  -362  -347  -347  -347  -347  -347  -347  -343  -343  -337  -332  -322  -322  -317  -300  -297  -297  -297  -297  -297  -297  -297  -297  -297  -297  -279  -247  -240  -237  -227  -219  -197  -197  -147  -147  -147  -87  -47  +3  +103  +103  +503  +603  +603  +920  +1003  +1103  +1249  +1603  +1603  +1623  +1803  +2103  +2103  +5603  
+31  -591  -591  -591  -589  -588  -587  -587  -583  -582  -582  -576  -574  -572  -567  -567  -567  -567  -567  -562  -555  -547  -545  -542  -542  -542  -542  -542  -532  -532  -520  -493  -492  -492  -492  -492  -492  -492  -492  -488  -467  -467  -467  -455  -442  -403  -392  -392  -392  -392  -392  -392  -392  -392  -342  -342  -342  -292  -242  -192  -92  -92  -48  +53  +55  +108  +258  +308  +408  +408  +408  +408  +608  +658  +1158  +1408  +1408  +1608  +1808  +1908  +3408  +5408  +7408  
+32  -391  -391  -391  -391  -391  -390  -390  -390  -390  -389  -387  -386  -385  -384  -382  -375  -369  -367  -362  -362  -362  -352  -352  -352  -349  -348  -347  -342  -342  -342  -342  -342  -333  -332  -330  -330  -311  -293  -292  -292  -292  -292  -292  -292  -292  -279  -267  -256  -242  -242  -242  -242  -192  -192  -192  -192  -192  -192  -192  -177  -172  -155  -142  -142  -142  -142  -92  -92  -92  +8  +108  +108  +108  +108  +158  +205  +220  +408  +408  +442  +508  +608  +608  +608  +608  +608  +2608  +4608  +7208  
+33  -539  -539  -539  -539  -539  -538  -538  -536  -535  -534  -530  -530  -528  -525  -522  -520  -520  -520  -518  -515  -515  -514  -511  -510  -492  -490  -490  -490  -490  -490  -490  -485  -480  -480  -470  -468  -465  -453  -450  -440  -440  -440  -440  -440  -440  -440  -440  -440  -440  -440  -440  -438  -432  -415  -415  -390  -390  -390  -390  -358  -341  -290  -270  -260  -240  -240  -240  -240  -240  -230  -199  -184  -158  -140  -115  -86  -40  +60  +160  +160  +163  +210  +210  +260  +460  +460  +460  +460  +460  +960  +960  +960  +960  +1060  +1460  +3460  +9460  +9460  
+34  -725  -725  -725  -724  -724  -724  -723  -721  -721  -720  -719  -718  -718  -714  -711  -711  -711  -711  -709  -706  -701  -701  -696  -694  -689  -676  -676  -676  -676  -676  -676  -671  -671  -666  -658  -651  -651  -636  -626  -626  -626  -626  -626  -626  -626  -626  -626  -626  -626  -616  -601  -593  -576  -576  -576  -526  -526  -526  -526  -485  -476  -476  -476  -472  -426  -426  -398  -351  -350  -326  -326  -226  -226  -226  -226  -226  -226  -226  -143  -126  +74  +174  +224  +274  +274  +274  +374  +774  +1274  +1274  +3274  +3274  +3274  +4274  +5274  +9274  +12274  
+35  -593  -592  -592  -590  -590  -590  -589  -589  -589  -587  -586  -584  -582  -582  -582  -579  -572  -569  -569  -568  -564  -549  -544  -544  -544  -544  -544  -544  -534  -519  -519  -509  -504  -500  -494  -494  -494  -494  -494  -494  -494  -494  -494  -494  -474  -469  -469  -444  -444  -444  -444  -444  -444  -444  -444  -432  -432  -428  -411  -394  -394  -394  -394  -369  -369  -334  -332  -294  -294  -290  -259  -244  -239  -234  -219  -194  -194  -94  -94  -94  -94  +91  +106  +206  +239  +256  +306  +316  +338  +406  +406  +406  +656  +906  +906  +906  +1006  +1156  +1156  +1406  +1406  +1406  +1406  +1906  +5406  +5406  +8406  
+36  -1022  -1020  -1020  -1019  -1018  -1018  -1018  -1016  -1016  -1015  -1011  -1011  -1011  -1010  -1003  -1003  -1003  -1001  -998  -998  -998  -998  -998  -993  -993  -973  -973  -973  -973  -973  -963  -948  -945  -943  -923  -923  -923  -923  -923  -923  -923  -923  -918  -908  -903  -898  -898  -873  -873  -873  -873  -873  -864  -841  -840  -833  -823  -823  -823  -823  -823  -823  -823  -773  -773  -753  -738  -723  -723  -723  -723  -723  -623  -622  -590  -573  -573  -523  -523  -523  -523  -523  -523  -423  -423  -423  -383  -273  -273  -169  -113  -23  -23  -23  -23  -23  +31  +227  +477  +477  +477  +727  +881  +977  +2477  +3977  +4977  +58977  
+37  -895  -895  -895  -895  -895  -895  -894  -894  -893  -893  -892  -890  -889  -886  -884  -884  -882  -882  -881  -881  -881  -876  -876  -876  -874  -874  -871  -871  -871  -871  -867  -859  -856  -846  -846  -846  -846  -836  -836  -836  -833  -833  -826  -796  -796  -796  -796  -796  -796  -796  -786  -771  -746  -746  -721  -696  -696  -696  -696  -671  -656  -646  -646  -608  -596  -596  -596  -596  -596  -546  -521  -496  -496  -496  -446  -396  -396  -396  -396  -313  -296  -296  -296  -246  -196  -146  -146  +4  +104  +104  +104  +104  +104  +104  +104  +104  +104  +259  +304  +604  +604  +604  +614  +804  +1104  +1104  +1104  +1104  +1104  +1104  +1104  +1604  +1604  +2104  +2104  +2104  +2104  +2104  +3104  +4104  +4104  +4104  +5104  +6604  +9104  
+38  -1598  -1598  -1598  -1598  -1598  -1597  -1595  -1595  -1594  -1594  -1594  -1593  -1592  -1591  -1591  -1589  -1589  -1587  -1586  -1584  -1579  -1579  -1579  -1579  -1579  -1579  -1579  -1578  -1574  -1574  -1574  -1574  -1574  -1551  -1549  -1549  -1549  -1549  -1549  -1549  -1545  -1539  -1536  -1533  -1529  -1524  -1519  -1509  -1500  -1499  -1499  -1499  -1499  -1499  -1499  -1499  -1499  -1499  -1479  -1478  -1476  -1474  -1449  -1449  -1449  -1449  -1449  -1449  -1449  -1404  -1399  -1399  -1399  -1399  -1374  -1374  -1374  -1349  -1349  -1349  -1349  -1349  -1342  -1342  -1331  -1269  -1264  -1258  -1199  -1199  -1199  -1188  -1099  -1099  -1099  -1099  -1099  -1099  -1099  -1006  -999  -999  -855  -749  -689  -684  -599  -599  -599  -599  -599  -282  -229  +151  +201  +401  +401  +401  +901  +901  +901  +901  +901  +1401  +1901  +2401  +3401  +6201  +15901  +18401  +98400  
+39  -738  -738  -738  -738  -734  -734  -732  -732  -729  -729  -729  -723  -720  -719  -719  -719  -719  -714  -714  -714  -714  -709  -709  -699  -699  -690  -689  -689  -689  -689  -689  -689  -689  -683  -679  -679  -679  -669  -669  -664  -664  -639  -639  -639  -639  -639  -639  -639  -639  -639  -639  -639  -619  -615  -612  -599  -589  -589  -589  -589  -589  -585  -539  -539  -539  -539  -539  -539  -489  -489  -489  -489  -489  -489  -489  -458  -439  -425  -421  -389  -348  -340  -339  -339  -279  -239  -239  -239  -239  -239  -239  -239  -239  -239  -239  -239  -39  +11  +11  +11  +61  +261  +261  +261  +261  +261  +461  +461  +623  +690  +761  +761  +761  +1061  +1261  +1261  +1761  +2261  +2261  +2511  +4161  +4261  +4261  +4261  +4261  +6261  +9261  
+40  -904  -904  -904  -904  -903  -901  -900  -898  -898  -897  -895  -895  -890  -889  -887  -885  -885  -885  -885  -881  -880  -880  -880  -879  -875  -875  -865  -865  -855  -850  -847  -846  -845  -824  -811  -806  -805  -805  -805  -805  -805  -805  -790  -787  -755  -755  -730  -730  -723  -705  -705  -705  -705  -705  -705  -680  -655  -655  -655  -605  -605  -505  -505  -455  -445  -405  -405  -405  -405  -405  -405  -305  -305  -305  -305  -255  -205  -205  -105  -56  +95  +95  +95  +95  +95  +545  +1595  +1845  +2095  +2595  +2595  +3095  +3095  +3095  +4095  +4595  +5095  +6095  +6095  +9095  
+41  -1288  -1285  -1284  -1281  -1279  -1279  -1279  -1279  -1277  -1274  -1274  -1273  -1264  -1264  -1259  -1254  -1249  -1249  -1247  -1239  -1239  -1239  -1239  -1239  -1239  -1239  -1239  -1239  -1239  -1239  -1228  -1224  -1214  -1202  -1189  -1189  -1189  -1189  -1189  -1189  -1189  -1189  -1189  -1189  -1189  -1189  -1189  -1189  -1151  -1139  -1139  -1139  -1127  -1123  -1122  -1114  -1089  -1089  -1089  -1089  -1089  -1089  -1089  -1072  -1039  -1039  -1014  -1009  -1008  -1002  -989  -989  -939  -889  -889  -882  -882  -878  -789  -789  -789  -789  -789  -789  -789  -789  -639  -639  -539  -389  -389  -289  -289  -289  -289  -289  -289  -289  -39  +11  +81  +211  +211  +257  +711  +1207  +1711  +1711  +1911  +2711  +2711  +3211  +3711  +3711  +5511  +7711  +13711  +18711  +31711  
+42  -1003  -1003  -1003  -997  -994  -992  -992  -990  -989  -989  -989  -984  -984  -984  -984  -980  -979  -979  -979  -974  -967  -959  -955  -955  -954  -954  -954  -954  -954  -954  -954  -954  -945  -944  -940  -928  -923  -917  -910  -904  -904  -904  -904  -904  -904  -904  -904  -883  -872  -860  -858  -854  -854  -852  -845  -829  -824  -804  -804  -804  -804  -804  -804  -779  -754  -754  -754  -754  -754  -739  -714  -704  -704  -704  -704  -704  -684  -629  -561  -538  -526  -504  -504  -504  -504  -504  -504  -504  -504  -504  -504  -414  -404  -404  -304  -218  -23  -4  -4  -4  -4  -4  -4  +52  +358  +496  +774  +845  +900  +996  +996  +996  +1496  +1496  +1996  +2496  +4164  +4164  +5996  +7107  +8795  +16496  +16996  
+43  -689  -689  -689  -689  -688  -688  -688  -687  -687  -686  -685  -682  -681  -680  -680  -680  -680  -678  -678  -678  -678  -678  -677  -673  -670  -668  -666  -666  -665  -665  -665  -660  -650  -640  -640  -640  -640  -627  -598  -590  -590  -590  -590  -590  -590  -590  -590  -590  -590  -580  -570  -565  -565  -552  -540  -540  -540  -540  -540  -490  -490  -490  -490  -490  -490  -490  -490  -490  -470  -465  -460  -440  -440  -440  -440  -440  -440  -440  -420  -405  -390  -390  -390  -390  -330  -292  -290  -190  -190  -190  -190  -190  -190  -190  -190  -140  -115  -106  -90  +10  +60  +60  +110  +110  +210  +310  +310  +510  +560  +810  +1110  +1310  +1610  +1810  +4847  +8310  +10310  +19310  
+44  -1495  -1495  -1495  -1494  -1491  -1491  -1491  -1489  -1486  -1486  -1486  -1486  -1482  -1476  -1476  -1472  -1471  -1471  -1466  -1461  -1456  -1446  -1446  -1446  -1446  -1446  -1446  -1446  -1446  -1446  -1431  -1421  -1421  -1418  -1411  -1408  -1406  -1406  -1396  -1396  -1396  -1396  -1396  -1396  -1396  -1371  -1346  -1346  -1346  -1346  -1337  -1309  -1296  -1296  -1296  -1296  -1296  -1296  -1271  -1246  -1246  -1246  -1246  -1244  -1221  -1196  -1196  -1196  -1146  -1146  -1141  -1121  -1096  -1096  -1096  -1074  -1046  -996  -996  -996  -996  -896  -796  -796  -730  -696  -663  -647  -596  -546  -496  -496  -496  -396  -377  -246  +4  +4  +504  +504  +1004  +1004  +1254  +1504  +1504  +1754  +1804  +2004  +2504  +3104  +3504  +3504  +4504  +4504  +7504  +8504  +18504  +48504  
+45  -1087  -1087  -1087  -1087  -1085  -1085  -1085  -1084  -1084  -1083  -1083  -1082  -1082  -1079  -1079  -1078  -1078  -1077  -1072  -1072  -1063  -1058  -1048  -1038  -1038  -1038  -1038  -1038  -1018  -1016  -1008  -1008  -1003  -1003  -988  -988  -988  -988  -988  -988  -988  -988  -988  -988  -988  -988  -988  -968  -968  -963  -963  -943  -938  -938  -938  -908  -888  -888  -888  -888  -888  -888  -888  -879  -871  -838  -838  -838  -838  -838  -838  -838  -818  -807  -788  -788  -788  -788  -788  -738  -729  -689  -688  -688  -688  -688  -688  -688  -659  -657  -638  -620  -588  -588  -588  -588  -588  -588  -588  -558  -557  -515  -488  -488  -456  -438  -288  -188  -102  -88  -88  -88  -88  -88  -88  -88  -38  +112  +229  +412  +412  +512  +912  +912  +912  +1412  +1912  +2912  +2912  +3102  +3412  +3912  +3912  +4912  +4912  +8912  +8912  +38912  
+46  -850  -850  -850  -850  -849  -848  -847  -845  -845  -845  -841  -839  -836  -826  -824  -824  -821  -821  -818  -814  -808  -808  -806  -798  -791  -781  -776  -751  -751  -751  -751  -751  -751  -751  -751  -730  -726  -726  -726  -721  -715  -712  -701  -701  -701  -701  -691  -671  -664  -657  -651  -651  -651  -601  -601  -601  -601  -601  -565  -556  -551  -551  -551  -551  -551  -551  -530  -501  -501  -491  -476  -451  -451  -451  -411  -401  -401  -401  -351  -351  -351  -351  -351  -351  -268  -251  -171  -170  -151  -142  -101  -101  -51  -51  -1  +49  +149  +149  +149  +149  +149  +149  +149  +149  +149  +149  +149  +349  +349  +399  +399  +603  +649  +649  +649  +649  +749  +774  +1006  +1149  +1149  +1149  +1149  +1149  +1565  +1649  +1649  +1649  +2149  +2749  +3149  +4149  +4149  +4649  +6649  +8499  
+47  -696  -696  -696  -696  -696  -695  -695  -695  -694  -694  -694  -694  -694  -694  -690  -688  -687  -687  -686  -685  -685  -682  -681  -680  -680  -672  -672  -667  -667  -664  -660  -657  -657  -655  -647  -647  -647  -647  -647  -647  -637  -634  -625  -622  -622  -609  -605  -601  -599  -597  -597  -597  -597  -596  -567  -562  -559  -547  -547  -547  -547  -547  -547  -531  -522  -513  -497  -497  -497  -497  -497  -497  -497  -497  -497  -497  -488  -447  -447  -447  -447  -447  -447  -447  -397  -397  -397  -372  -342  -322  -322  -297  -297  -297  -297  -297  -270  -259  -247  -197  -197  -197  -197  -197  -197  -197  -124  -97  -97  +3  +3  +136  +178  +303  +303  +303  +303  +743  +1003  +1047  +1053  +1153  +1303  +1303  +1303  +1303  +1303  +1418  +1503  +1553  +1803  +1803  +1803  +1803  +1903  +2303  +2303  +2303  +2818  +3003  +4303  +4303  +9303  
+48  -1262  -1261  -1259  -1258  -1255  -1253  -1252  -1245  -1245  -1243  -1238  -1238  -1232  -1228  -1214  -1213  -1203  -1188  -1171  -1163  -1163  -1163  -1163  -1163  -1138  -1138  -1130  -1113  -1113  -1113  -1113  -1113  -1113  -1088  -1083  -1076  -1063  -1063  -1063  -1063  -1063  -1063  -1063  -1058  -1022  -1013  -1013  -1013  -963  -963  -963  -963  -913  -863  -863  -863  -846  -763  -763  -763  -713  -713  -663  -663  -663  -663  -663  -563  -563  -463  -413  -263  -263  -263  -263  -263  -263  -263  -263  -263  -263  -263  -113  -97  -63  -63  +54  +237  +487  +487  +487  +737  +837  +887  +1237  +1237  +1237  +2237  +2237  +8737  +8737  +10737  +11237  +23737  
+49  -2686  -2686  -2686  -2685  -2685  -2676  -2671  -2667  -2664  -2662  -2662  -2657  -2657  -2647  -2637  -2637  -2637  -2637  -2627  -2622  -2592  -2587  -2587  -2587  -2587  -2587  -2587  -2567  -2562  -2541  -2537  -2537  -2537  -2512  -2491  -2487  -2487  -2487  -2487  -2487  -2437  -2437  -2422  -2401  -2387  -2387  -2387  -2387  -2287  -2281  -2270  -2237  -2187  -2187  -2187  -2187  -2187  -2114  -2087  -1987  -1887  -1887  -1878  -1875  -1787  -1687  -1687  -1687  -1687  -1587  -1487  -1487  -1462  -1437  -1287  -1287  -1187  -1187  -1179  -1004  -887  -687  -687  -687  -687  -687  -687  -687  -542  -487  -187  -187  -187  +313  +313  +313  +1313  +1313  +4313  +4813  +5113  +7313  +7313  +8209  +9813  +22313  +42313  +72313  
+50  -1241  -1241  -1240  -1240  -1238  -1237  -1237  -1236  -1235  -1234  -1233  -1230  -1225  -1222  -1212  -1207  -1207  -1205  -1197  -1192  -1192  -1192  -1167  -1167  -1167  -1162  -1155  -1142  -1142  -1142  -1142  -1142  -1109  -1107  -1106  -1100  -1092  -1092  -1092  -1086  -1067  -1062  -1058  -1042  -1042  -1042  -1002  -992  -992  -992  -972  -942  -932  -922  -914  -892  -892  -842  -842  -792  -792  -742  -742  -742  -742  -742  -742  -742  -742  -742  -643  -560  -542  -492  -442  -442  -442  -292  -242  -242  -242  -242  -242  -242  -242  -242  -242  -242  -242  +8  +8  +258  +454  +502  +558  +758  +758  +1258  +1558  +1758  +1758  +2758  +3258  +3758  +5258  +6258  +6258  +6758  +13758  +22758  
+51  -1844  -1844  -1844  -1843  -1840  -1838  -1837  -1834  -1833  -1830  -1820  -1820  -1820  -1815  -1812  -1808  -1805  -1800  -1795  -1795  -1795  -1770  -1770  -1770  -1745  -1745  -1745  -1745  -1745  -1745  -1732  -1720  -1720  -1720  -1715  -1715  -1710  -1695  -1695  -1695  -1695  -1670  -1670  -1665  -1651  -1645  -1645  -1645  -1645  -1645  -1633  -1595  -1595  -1595  -1595  -1595  -1570  -1570  -1563  -1556  -1545  -1545  -1534  -1495  -1465  -1445  -1445  -1445  -1445  -1441  -1397  -1395  -1395  -1345  -1345  -1345  -1345  -1345  -1345  -1283  -1272  -1250  -1188  -1073  -845  -845  -845  -845  -845  -845  -845  -845  -845  -845  -845  -845  -695  -649  -595  -503  -445  -395  -345  -345  -145  +94  +655  +1155  +1155  +1155  +1655  +2155  +2155  +2786  +3155  +5155  +5655  +6155  +6205  +7655  +8155  +8155  +10155  +13155  +13155  +23155  +28155  
+52  -1994  -1994  -1994  -1992  -1990  -1989  -1989  -1987  -1985  -1983  -1980  -1978  -1975  -1975  -1970  -1970  -1959  -1958  -1955  -1945  -1945  -1940  -1930  -1895  -1895  -1895  -1895  -1895  -1885  -1884  -1875  -1870  -1854  -1853  -1845  -1845  -1822  -1820  -1820  -1820  -1811  -1795  -1795  -1795  -1795  -1788  -1779  -1745  -1745  -1745  -1695  -1695  -1695  -1640  -1595  -1595  -1547  -1495  -1495  -1495  -1495  -1495  -1495  -1495  -1495  -1495  -1395  -1045  -995  -995  -995  -995  -995  -995  -995  -995  -995  -995  -970  -799  -738  -675  -495  -245  -138  -119  +5  +5  +5  +5  +405  +505  +505  +505  +505  +1005  +1005  +1986  +2063  +2655  +3005  +3005  +3005  +3005  +3755  +5505  +8005  +8005  +9005  +12898  +13005  +53005  
+53  -1972  -1972  -1971  -1970  -1967  -1967  -1961  -1958  -1958  -1951  -1948  -1948  -1933  -1927  -1923  -1923  -1923  -1921  -1913  -1911  -1891  -1873  -1860  -1848  -1848  -1833  -1832  -1830  -1823  -1823  -1819  -1798  -1787  -1773  -1761  -1723  -1723  -1723  -1713  -1688  -1686  -1673  -1623  -1613  -1607  -1546  -1543  -1523  -1473  -1473  -1473  -1473  -1473  -1473  -1473  -1429  -1260  -1241  -1223  -1173  -1024  -973  -973  -973  -973  -973  -923  -893  -848  -823  -473  -473  +27  +277  +277  +327  +527  +527  +1027  +1027  +1027  +1932  +2245  +3527  +3693  +4027  +5027  +8027  +13027  +22027  +23027  +23027  
+54  -1436  -1436  -1436  -1435  -1422  -1410  -1407  -1405  -1392  -1379  -1373  -1337  -1337  -1337  -1337  -1337  -1337  -1337  -1302  -1287  -1271  -1262  -1256  -1237  -1237  -1237  -1237  -1231  -1212  -1187  -1137  -1137  -1137  -1137  -1137  -1097  -1037  -1037  -1037  -1034  -997  -987  -975  -972  -937  -937  -837  -687  -537  -437  -437  -437  -437  -437  -437  -362  -300  +63  +63  +63  +63  +63  +563  +563  +563  +951  +1024  +1063  +1063  +1063  +1563  +53163  
+55  -2457  -2457  -2456  -2455  -2452  -2448  -2446  -2433  -2418  -2408  -2408  -2408  -2408  -2404  -2398  -2383  -2374  -2363  -2358  -2358  -2358  -2358  -2358  -2317  -2317  -2313  -2308  -2308  -2284  -2258  -2258  -2258  -2258  -2208  -2208  -2208  -2173  -2158  -2158  -2158  -2108  -2058  -1993  -1977  -1965  -1958  -1958  -1958  -1858  -1558  -1458  -1458  -1258  -1258  -1208  -1183  -1058  -958  -958  -958  -458  -458  -458  -458  -258  +42  +42  +392  +542  +1042  +2542  +2542  +2542  +2542  +3042  +5042  +5042  +6542  +6542  +6640  +8042  +8542  +17542  +47542  
+56  -2240  -2240  -2223  -2219  -2206  -2204  -2204  -2191  -2191  -2191  -2181  -2177  -2166  -2166  -2161  -2141  -2141  -2141  -2126  -2108  -2091  -2041  -2041  -2041  -2041  -2041  -1991  -1991  -1956  -1941  -1941  -1941  -1935  -1891  -1841  -1841  -1837  -1767  -1741  -1741  -1741  -1491  -1491  -1491  -1491  -1491  -1469  -1441  -1441  -1374  -1241  -1241  -1241  -999  -627  -241  -241  -241  -241  -241  +9  +259  +759  +1459  +1759  +1959  +3759  +5759  +7759  +9759  +22759  +47759  
+57  -2268  -2268  -2265  -2264  -2259  -2259  -2252  -2246  -2245  -2239  -2237  -2219  -2219  -2209  -2199  -2185  -2171  -2169  -2169  -2169  -2144  -2119  -2119  -2119  -2115  -2109  -2069  -2069  -2069  -2069  -2030  -2025  -2019  -2019  -2019  -2019  -1969  -1969  -1869  -1869  -1869  -1837  -1779  -1769  -1662  -1662  -1645  -1609  -1519  -1419  -1269  -1269  -1269  -1269  -1219  -1019  -769  -769  -409  -269  -269  -217  -117  +27  +231  +231  +231  +231  +330  +731  +731  +731  +805  +1731  +1931  +2731  +2731  +5231  +12731  +25431  +27731  +27731  
+58  -4816  -4808  -4805  -4802  -4802  -4787  -4768  -4767  -4757  -4717  -4717  -4717  -4652  -4617  -4617  -4599  -4517  -4517  -4517  -4468  -4439  -4417  -4417  -4393  -4317  -4317  -4317  -4317  -4317  -4317  -4217  -4017  -3917  -3817  -3817  -3817  -3817  -3717  -3317  -3167  -3151  -3041  -2817  -2817  -2817  -2765  -2667  -2617  -2371  -2317  -2317  -2317  -2317  -2317  -1517  +183  +183  +183  +183  +1683  +5183  +15183  +95182  +95182  
+59  -2576  -2562  -2539  -2532  -2532  -2532  -2528  -2523  -2512  -2507  -2503  -2482  -2482  -2482  -2482  -2462  -2442  -2432  -2385  -2382  -2382  -2382  -2376  -2357  -2357  -2332  -2332  -2332  -2332  -2318  -2282  -2232  -2210  -2155  -2134  -2082  -2082  -2082  -2082  -1975  -1926  -1924  -1770  -1582  -1582  -1582  -1582  -1432  -1407  -1394  -1366  -1144  -1082  -1082  -682  -582  -582  -582  -432  -194  -82  -78  +418  +418  +718  +1418  +2418  +2418  +2418  +4474  +4918  +6655  +7418  +7418  +7418  +9918  +12918  +47417  
+60  -1662  -1661  -1661  -1660  -1660  -1660  -1659  -1657  -1656  -1648  -1648  -1638  -1618  -1615  -1613  -1588  -1574  -1538  -1528  -1463  -1463  -1463  -1438  -1421  -1413  -1413  -1413  -1413  -1388  -1263  -1263  -1256  -1210  -1163  -1163  -1163  -1163  -1163  -1130  -963  -963  -913  -913  -863  -863  -813  -663  -663  -499  -493  -488  -365  -349  -163  -163  -163  +37  +63  +257  +337  +337  +337  +337  +837  +837  +940  +1337  +1337  +1868  +2337  +3337  +3883  +4037  +5837  +10837  +28337  
+61  -2782  -2761  -2758  -2753  -2748  -2735  -2735  -2735  -2710  -2695  -2695  -2690  -2685  -2685  -2610  -2585  -2585  -2585  -2585  -2585  -2585  -2535  -2535  -2535  -2505  -2485  -2485  -2435  -2410  -2410  -2385  -2311  -2285  -2285  -2285  -2285  -2285  -2285  -2235  -2230  -2185  -2185  -2185  -2161  -2127  -2035  -1785  -1785  -1726  -1685  -1443  -1318  -1315  -1285  -785  -635  -285  -285  +215  +215  +234  +515  +790  +1215  +2215  +2215  +2215  +6215  +6215  +9215  +97214  
+62  -2114  -2114  -2114  -2114  -2112  -2110  -2109  -2101  -2100  -2100  -2090  -2085  -2085  -2065  -2065  -2055  -2050  -2025  -2015  -2015  -2015  -2013  -1970  -1965  -1965  -1883  -1865  -1865  -1865  -1865  -1830  -1748  -1715  -1715  -1615  -1615  -1615  -1614  -1557  -1528  -1442  -1291  -1265  -1215  -1115  -1115  -1015  -915  -855  -615  -615  -615  -365  -365  -115  -115  +273  +385  +385  +848  +885  +885  +1385  +1775  +1885  +1885  +2885  +2925  +3135  +4885  +7385  +8885  +9885  +39885  
+63  -2708  -2708  -2704  -2702  -2701  -2701  -2699  -2696  -2689  -2684  -2679  -2664  -2649  -2625  -2619  -2609  -2609  -2609  -2609  -2604  -2583  -2559  -2549  -2547  -2459  -2459  -2459  -2409  -2359  -2334  -2324  -2309  -2309  -2309  -2275  -2261  -2259  -2209  -2209  -2209  -2159  -2149  -2111  -1959  -1959  -1936  -1909  -1859  -1851  -1759  -1709  -1709  -1469  -1459  -1209  -1209  -1209  -1209  -1109  -709  -709  -559  -459  -309  -209  +291  +291  +791  +1291  +1291  +2291  +4791  +6291  +7291  +7291  +9291  +19791  +27291  +47291  
+64  -2417  -2417  -2417  -2417  -2412  -2409  -2408  -2404  -2404  -2403  -2388  -2375  -2368  -2368  -2368  -2349  -2335  -2318  -2268  -2218  -2218  -2218  -2198  -2178  -2170  -2168  -2151  -2143  -2143  -2118  -2118  -2098  -2068  -2038  -2018  -1918  -1918  -1818  -1818  -1777  -1668  -1668  -1628  -1548  -1418  -1368  -1318  -1081  -918  -902  -633  -618  -366  +29  +82  +82  +196  +582  +682  +762  +780  +1082  +1157  +1161  +1182  +1455  +1582  +1582  +1582  +1705  +1748  +2082  +2582  +2927  +3582  +3708  +5082  +5082  +5344  +5868  +6532  +7582  +13521  +22582  
+65  -2709  -2699  -2680  -2653  -2615  -2610  -2602  -2569  -2523  -2520  -2515  -2515  -2509  -2473  -2465  -2465  -2465  -2465  -2465  -2415  -2406  -2320  -2315  -2215  -2215  -2175  -2159  -2063  -2042  -2001  -1965  -1715  -1715  -1715  -1541  -1531  -1448  -1415  -1315  -1232  -1225  -1215  -915  -715  -663  -563  -465  -263  -215  +34  +285  +771  +785  +1185  +1747  +2285  +2285  +2405  +3285  +3367  +4285  +4335  +4785  +5785  +5785  +5874  +7285  +8785  +9285  +9785  +10285  
+66  -1800  -1795  -1789  -1789  -1769  -1747  -1746  -1740  -1734  -1713  -1709  -1709  -1702  -1635  -1634  -1609  -1609  -1595  -1584  -1564  -1559  -1509  -1498  -1478  -1425  -1414  -1409  -1409  -1329  -1309  -1278  -1209  -1209  -1209  -1209  -1138  -1089  -1030  -809  -809  -809  -809  -778  -309  -258  -234  +191  +191  +793  +1093  +1191  +1210  +1275  +2191  +2191  +2607  +3191  +5391  +5691  +7191  +8191  +9191  +10691  
+67  -2311  -2311  -2309  -2302  -2298  -2292  -2285  -2276  -2266  -2262  -2262  -2262  -2237  -2230  -2212  -2212  -2212  -2212  -2162  -2162  -2162  -2112  -2093  -2012  -2012  -2012  -2012  -1912  -1852  -1812  -1812  -1747  -1662  -1599  -1587  -1412  -1312  -1312  -1312  -1312  -1312  -1212  -1112  -912  -875  -812  -793  -662  -562  -487  -312  -312  -256  -107  +588  +688  +688  +1188  +1487  +1648  +1688  +2188  +2688  +2938  +5937  +7438  +7688  +7688  +7688  +7688  +8586  +8688  +12645  
+68  -2440  -2439  -2436  -2421  -2421  -2421  -2419  -2416  -2416  -2416  -2414  -2388  -2381  -2351  -2346  -2301  -2301  -2253  -2251  -2201  -2159  -2136  -1951  -1951  -1851  -1671  -1659  -1656  -1612  -1451  -1451  -1451  -1201  -1051  -951  -701  -451  -451  -201  -151  -146  +349  +361  +475  +549  +644  +749  +2549  +2549  +5349  +5549  +6049  +48549  
+69  -5568  -5562  -5561  -5556  -5550  -5538  -5532  -5530  -5528  -5510  -5503  -5470  -5470  -5470  -5470  -5443  -5420  -5412  -5370  -5337  -5320  -5270  -5270  -5170  -5120  -5070  -4996  -4970  -4929  -4929  -4750  -4670  -4520  -4330  -4070  -4070  -3970  -3970  -3820  -3665  -3570  -3570  -3570  -3250  -3070  -3070  -2570  -1570  -1073  -8  +430  +4430  +4430  +9430  +9430  +13430  +15430  +22130  +54430  +94429  
+70  -4606  -4606  -4606  -4592  -4592  -4573  -4567  -4567  -4557  -4557  -4557  -4557  -4540  -4514  -4507  -4487  -4457  -4407  -4407  -4314  -4307  -4307  -4185  -4107  -4107  -4107  -4107  -4007  -3966  -3879  -3857  -3857  -3749  -3607  -3607  -3607  -3457  -3257  -3203  -2957  -2857  -2714  -2607  -2607  -2578  -2551  -2378  -2107  -2107  -2107  -2020  -2005  -1962  -1723  -1607  -1588  -1107  -607  -484  -110  -107  +143  +393  +393  +924  +1393  +1393  +1536  +1893  +2064  +2193  +4893  +5393  +5393  +6656  +7137  +10020  +12393  +20393  +24743  +95392  
+71  -2744  -2735  -2733  -2725  -2714  -2699  -2693  -2686  -2686  -2677  -2674  -2659  -2649  -2649  -2630  -2613  -2599  -2581  -2573  -2549  -2507  -2486  -2455  -2449  -2449  -2337  -2299  -2249  -2249  -2249  -2249  -2203  -2173  -2149  -2149  -2149  -2074  -2017  -1930  -1929  -1749  -1699  -1421  -1349  -1349  -1099  -861  -749  -749  -49  +251  +412  +1211  +1251  +1251  +1251  +1662  +3251  +3251  +5251  +8137  +11651  +15730  +27251  +27251  
+72  -1733  -1731  -1727  -1688  -1688  -1688  -1643  -1638  -1638  -1636  -1635  -1618  -1618  -1606  -1538  -1538  -1498  -1488  -1488  -1438  -1434  -1391  -1338  -1338  -1282  -1238  -1138  -1131  -1117  -1077  -1065  -1038  -995  -988  -988  -938  -862  -841  -738  -738  -738  -688  -538  -238  -238  -238  +62  +62  +262  +291  +1193  +1262  +1262  +1762  +2084  +3262  +3262  +5262  +6262  +7990  +8583  +13762  
+73  -2565  -2565  -2564  -2561  -2538  -2510  -2466  -2464  -2462  -2441  -2396  -2366  -2366  -2366  -2366  -2338  -2338  -2338  -2337  -2266  -2235  -2235  -2166  -2135  -2110  -2066  -2066  -2035  -1983  -1966  -1932  -1917  -1861  -1861  -1823  -1823  -1790  -1747  -1566  -1566  -1547  -1284  -1206  -1199  -1166  -1066  -1066  -849  -816  -816  -716  -678  -366  -366  -114  -66  +336  +434  +534  +1934  +2434  +2458  +2474  +3732  +3934  +4034  +5434  +5644  +6266  +6267  +9025  +9111  +9934  +12434  +14434  
+74  -2137  -2121  -2111  -2096  -2089  -2076  -2071  -2065  -2042  -2021  -2021  -1999  -1971  -1911  -1910  -1896  -1896  -1846  -1846  -1746  -1729  -1651  -1646  -1588  -1577  -1409  -1370  -1346  -1296  -1251  -1246  -1166  -799  -785  -398  -168  -146  -129  +519  +2854  +3354  +4354  +5254  +5354  +7854  +8175  +21854  
+75  -3916  -3907  -3904  -3887  -3867  -3827  -3817  -3817  -3817  -3792  -3792  -3777  -3767  -3767  -3742  -3717  -3687  -3458  -3417  -3317  -3317  -3301  -3117  -3117  -2726  -2669  -2569  -2520  -2417  -2344  -2306  -1917  -1917  -1909  -1772  -1517  -1417  -1417  +3583  +4293  +6083  +6404  +6981  +6981  +8591  +11083  +16083  +21083  +26083  
+76  -3377  -3369  -3353  -3341  -3314  -3307  -3289  -3273  -3203  -3178  -3148  -3078  -3071  -3017  -2978  -2928  -2717  -2508  -2478  -2305  -2280  -2018  -1728  -1638  -1628  -1490  -1378  -1378  -1378  -1378  -1378  -1278  -978  -978  -713  -478  -478  +122  +622  +740  +965  +2016  +8366  +9122  +10122  +15101  +36622  
+77  -2834  -2834  -2832  -2831  -2824  -2808  -2782  -2754  -2744  -2699  -2694  -2694  -2689  -2644  -2644  -2572  -2544  -2422  -2307  -2244  -2124  -2044  -2035  -1844  -1844  -1771  -1744  -1693  -1404  -1344  -1233  -844  -836  -344  -40  +0  +78  +483  +656  +1139  +1156  +1456  +1656  +2156  +3156  +9156  +12156  +19156  +22156  
+78  -7126  -7111  -7111  -7076  -7061  -7011  -7011  -6951  -6911  -6887  -6883  -6561  -6311  -6063  -5910  -5811  -5811  -5761  -5686  -5168  -4561  -3311  -3061  -2711  -2311  -1899  -311  -311  -175  +485  +1189  +1689  +2689  +3587  +5195  +11168  +30189  +92688  
+79  -3839  -3744  -3730  -3649  -3649  -3643  -3599  -3524  -3268  -3249  -3150  -3099  -2749  -2276  -2165  -1949  -1745  -1349  -349  +151  +1151  +1787  +2151  +3151  +3651  +3651  +5838  +16151  +17048  
+80  -5342  -5304  -5279  -5244  -5159  -5144  -5079  -4879  -4797  -4779  -4677  -4570  -4548  -4379  -4379  -3964  -3729  -3304  -1879  -1379  -1182  -379  -253  +4607  +4621  +9621  +14621  +14721  +19621  +21821  
+81  -2293  -2274  -2221  -2208  -2204  -2204  -2204  -2184  -2180  -2116  -2085  -2054  -2054  -2004  -2004  -2004  -1904  -1904  -1873  -1804  -1734  -1632  -1629  -1392  -1304  -1188  -804  -504  -304  +1696  +1696  +4696  +4896  +8396  +13196  +17696  
+82  -3354  -3352  -3259  -3179  -3179  -3079  -3060  -2879  -2854  -2539  -2379  -2179  -1379  -1379  -1379  -1379  -379  +1032  +1121  +6509  +6621  +8621  +17275  
+83  -1989  -1985  -1973  -1953  -1797  -1797  -1697  -1597  -1588  -1580  -1408  -1397  -1207  -313  +3  +3  +253  +1823  +7731  +12476  
+84  -1514  -1469  -1426  -1386  -1381  -1351  -1312  -1206  -981  -904  -850  -751  +169  +469  +4531  +9367  
+85  -6573  -6269  -6069  -5669  -4270  -3863  -2669  -1669  +1331  +3331  +7331  +7731  +17331  
+86  -3026  -3013  -2983  -2788  -2738  -2538  -2262  -1538  -1038  +6962  +14962  
+87  -1639  -1476  -1451  -1251  -1151  -451  +130  +280  +306  +349  +366  +492  +1149  +4349  
+88  -2991  -2876  -2746  -2026  -2026  -1733  +474  +974  +4474  +8474  
+89  -6478  -6278  -6178  -4178  -2532  +8322  +17322  
+90  -5210  -5135  -5035  -4813  -4635  -4235  -4035  -3798  -3427  -3229  -1230  -235  -235  -235  +4765  +4765  +4923  +6265  +24765  
