+1  +15  +16  +20  +21  +22  +23  +23  +23  +24  +28  +28  +29  +29  +30  +30  +30  +31  +31  +31  +32  +32  +32  +32  +32  +33  +33  +33  +33  +33  +34  +34  +34  +35  +36  +37  +37  +37  +37  +37  +37  +38  +38  +38  +38  +38  +39  +39  +39  +39  +40  +40  +40  +40  +41  +42  +42  +42  +43  +43  +43  +43  +44  +44  +44  +45  +45  +45  +45  +46  +46  +46  +46  +47  +47  +47  +47  +47  +48  +49  +49  +49  +50  +50  +51  +51  +51  +52  +52  +52  +53  +53  +54  +54  +54  +55  +55  +56  +56  +57  +57  +58  +60  +62  +62  +62  +62  +63  +63  +64  +64  +64  +64  +67  +67  +70  +70  +70  +73  +73  +75  +76  
+2  +23  +24  +32  +32  +32  +32  +33  +33  +34  +34  +34  +35  +35  +37  +37  +38  +40  +43  +43  +43  +44  +46  +47  +47  +47  +48  +49  +49  +50  +50  +51  +53  +54  +55  +60  +60  +69  +73  
+3  +19  +19  +30  +31  +32  +34  +36  +36  +37  +37  +43  +43  +45  +45  +45  +46  +47  +47  +47  +47  +47  +47  +52  +53  +55  +60  +60  +60  +61  +62  +67  
+4  +16  +19  +24  +25  +30  +31  +33  +35  +35  +35  +36  +37  +38  +38  +40  +41  +43  +45  +45  +46  +48  +50  +57  +60  
+5  +15  +23  +25  +26  +27  +28  +28  +28  +29  +30  +30  +30  +31  +31  +32  +33  +34  +34  +35  +35  +35  +36  +36  +36  +38  +38  +38  +39  +39  +40  +41  +43  +44  +44  +44  +45  +45  +48  +50  +50  +51  +52  +57  +62  +63  +71  +72  +73  
+6  +29  +30  +30  +32  +33  +34  +37  +38  +45  +45  +46  +46  +46  +50  +52  +52  +53  +53  +55  +59  +60  +62  +64  +65  
+7  +16  +26  +26  +27  +28  +29  +30  +30  +32  +34  +35  +36  +36  +37  +38  +39  +39  +40  +40  +42  +44  +47  +50  +51  +60  +63  +72  
+8  +25  +28  +32  +34  +34  +35  +36  +38  +38  +40  +41  +43  +48  +50  +51  +52  +63  +63  +69  +83  
+9  +28  +31  +43  +45  +45  +47  +50  +58  +64  +66  +69  +74  +76  
+10  +16  +17  +25  +26  +26  +26  +27  +28  +29  +29  +29  +30  +31  +31  +32  +33  +33  +35  +37  +38  +38  +39  +39  +39  +40  +40  +41  +41  +41  +41  +42  +43  +43  +43  +43  +44  +44  +44  +44  +45  +45  +46  +47  +47  +48  +52  +55  +57  +57  +63  +64  +67  +75  +77  +77  +79  
+11  +25  +30  +45  +47  +48  +49  +51  +68  +72  +81  
+12  +24  +28  +30  +33  +34  +35  +35  +35  +36  +36  +36  +37  +37  +38  +41  +42  +42  +43  +43  +43  +43  +43  +46  +47  +47  +50  +51  +52  +53  +55  +58  +68  +77  +83  +86  +87  
+13  +19  +36  +38  +43  +63  +75  +77  
+14  +37  +37  +42  +44  +62  +64  +64  +66  +67  +69  +71  
+15  +25  +26  +28  +29  +29  +29  +30  +30  +33  +34  +34  +34  +34  +35  +37  +37  +37  +38  +40  +41  +41  +42  +42  +42  +46  +47  +51  +52  +53  +53  +54  +58  +58  +60  +60  +62  +62  +64  +68  +70  +70  
+16  +31  +39  +40  +41  +45  +45  +47  +49  +65  +71  
+17  +30  +32  +34  +43  +47  +47  +50  +52  +57  +84  
+18  +25  +31  +33  +40  +48  +48  +56  
+20  +17  +20  +23  +24  +27  +27  +29  +29  +30  +30  +30  +30  +31  +33  +33  +33  +34  +36  +36  +36  +37  +37  +37  +38  +38  +38  +38  +38  +38  +38  +39  +39  +39  +39  +40  +40  +40  +40  +42  +42  +42  +42  +43  +44  +44  +48  +49  +50  +52  +52  +59  +63  +66  +66  +67  +69  +77  
+22  +20  +30  +33  +35  +36  +37  +37  +43  +53  +56  
+24  +17  +40  +42  +43  +43  +44  +57  +61  +71  +83  
+25  +18  +23  +23  +25  +25  +25  +27  +29  +29  +29  +30  +30  +30  +31  +31  +31  +31  +31  +32  +33  +33  +34  +34  +35  +35  +36  +36  +36  +36  +36  +37  +37  +37  +37  +38  +38  +38  +38  +38  +39  +39  +39  +39  +40  +40  +40  +41  +41  +42  +42  +42  +43  +43  +43  +44  +44  +45  +46  +47  +47  +48  +48  +49  +49  +51  +51  +51  +52  +52  +53  +53  +55  +60  +62  +63  +74  +76  +82  +86  +90  
+27  +28  +30  +30  +46  +46  +54  +61  +67  +82  
+30  +16  +17  +17  +20  +22  +24  +27  +27  +27  +30  +31  +32  +32  +32  +33  +34  +35  +36  +36  +39  +39  +40  +40  +41  +42  +43  +44  +45  +46  +46  +47  +47  +49  +49  +50  +51  +54  +57  +58  +62  +62  +63  +64  +68  +68  +68  +75  +81  
+32  +30  +34  +54  +57  +61  +68  +69  
+35  +23  +24  +25  +27  +30  +30  +30  +41  +44  +48  +50  +50  +56  +65  +68  +68  +68  +71  +74  +88  
+37  +25  +28  +31  +34  +37  +42  +46  +47  +50  +51  +52  +56  +56  +61  +68  +76  +80  
+40  +23  +26  +32  +32  +32  +37  +39  +39  +40  +40  +41  +41  +43  +44  +45  +47  +47  +49  +51  +52  +53  +55  +66  +69  +70  +70  
+45  +29  +31  +32  +35  +42  +46  +50  +51  +54  +60  +63  
+50  +16  +17  +17  +18  +20  +21  +21  +21  +22  +23  +23  +24  +24  +24  +24  +24  +26  +26  +27  +27  +27  +28  +28  +28  +28  +29  +30  +30  +30  +30  +30  +30  +31  +31  +31  +31  +31  +32  +32  +32  +32  +32  +33  +33  +33  +33  +33  +33  +34  +34  +34  +34  +34  +34  +35  +35  +35  +35  +35  +35  +36  +36  +36  +36  +36  +37  +37  +37  +37  +38  +38  +38  +38  +38  +38  +39  +39  +39  +39  +39  +39  +39  +40  +41  +41  +41  +41  +41  +41  +41  +41  +41  +41  +41  +42  +42  +42  +42  +42  +42  +42  +42  +43  +43  +43  +43  +44  +44  +44  +44  +44  +44  +44  +44  +44  +45  +45  +45  +45  +45  +47  +47  +47  +47  +47  +47  +48  +49  +49  +49  +49  +50  +50  +50  +51  +51  +51  +52  +52  +53  +53  +53  +55  +55  +55  +55  +56  +56  +56  +57  +57  +58  +59  +59  +59  +60  +61  +61  +61  +62  +62  +64  +64  +64  +67  +67  +67  +70  +70  +70  +70  +71  +72  +72  +72  +74  +75  
+60  +20  +22  +23  +26  +26  +27  +28  +30  +31  +31  +32  +33  +33  +34  +35  +36  +37  +37  +37  +38  +39  +39  +39  +40  +42  +46  +47  +48  +49  +53  +55  +56  +57  +58  +62  +63  +69  
+62  +22  +29  +32  +32  +53  +65  +66  +77  +84  
+63  +37  +37  +38  +43  +47  +66  +68  +71  +71  
+65  +21  +30  +41  +44  +49  +52  +62  
+70  +20  +24  +33  +37  +38  +39  +39  +45  +46  +57  +59  +68  +74  
+75  +27  +28  +28  +28  +30  +30  +33  +34  +34  +35  +35  +36  +38  +39  +39  +41  +44  +44  +46  +47  +47  +48  +50  +50  +50  +51  +51  +51  +55  +56  +56  +59  +60  +61  +66  +67  +71  +74  +80  
+80  +25  +26  +27  +30  +36  +38  +45  +45  +50  +56  
+90  +33  +34  +35  +38  +44  +44  +61  +61  +62  +63  +71  +75  +77  
+100  +16  +16  +17  +19  +20  +20  +21  +22  +22  +22  +23  +23  +24  +25  +26  +26  +27  +27  +27  +27  +28  +28  +29  +29  +29  +29  +29  +29  +29  +30  +30  +30  +30  +30  +30  +30  +30  +30  +30  +31  +31  +31  +31  +31  +31  +31  +32  +32  +32  +32  +32  +32  +32  +33  +33  +33  +33  +33  +33  +33  +33  +33  +33  +33  +33  +34  +34  +34  +34  +34  +34  +34  +34  +34  +34  +34  +35  +35  +35  +35  +35  +35  +35  +35  +35  +35  +36  +36  +36  +36  +36  +36  +36  +36  +37  +37  +37  +37  +37  +37  +37  +38  +38  +38  +38  +38  +38  +38  +38  +38  +39  +39  +39  +39  +39  +39  +39  +39  +39  +39  +39  +40  +40  +40  +40  +40  +40  +41  +41  +41  +41  +41  +41  +41  +41  +41  +41  +41  +41  +41  +41  +42  +42  +42  +42  +42  +42  +42  +42  +43  +43  +43  +43  +43  +43  +43  +43  +43  +43  +44  +44  +44  +44  +44  +44  +44  +45  +45  +45  +45  +45  +45  +45  +45  +45  +45  +45  +45  +45  +46  +46  +46  +46  +46  +46  +46  +46  +47  +47  +47  +47  +48  +48  +48  +48  +48  +49  +49  +49  +49  +49  +49  +50  +50  +50  +50  +50  +51  +51  +51  +51  +51  +51  +52  +52  +52  +52  +52  +53  +54  +54  +54  +54  +54  +54  +54  +55  +55  +55  +55  +55  +56  +56  +56  +57  +57  +57  +58  +58  +58  +59  +59  +59  +59  +61  +61  +62  +62  +62  +63  +63  +63  +63  +64  +65  +66  +66  +67  +67  +67  +67  +68  +69  +69  +69  +69  +70  +71  +71  +72  +72  +73  +75  +75  +75  +77  +80  +81  +81  +81  +90  
+105  +36  +63  +65  +68  +76  +79  +84  
+120  +35  +36  +38  +39  +43  +45  +45  +49  +52  +59  +70  +72  +72  +81  +82  
+125  +24  +25  +28  +31  +31  +31  +32  +33  +33  +34  +35  +35  +36  +36  +37  +38  +43  +43  +44  +45  +45  +46  +46  +46  +48  +48  +49  +51  +51  +51  +52  +53  +53  +57  +60  +73  +74  +74  +75  +75  
+150  +16  +16  +21  +21  +26  +27  +27  +28  +29  +30  +31  +32  +32  +32  +32  +33  +33  +33  +33  +34  +34  +34  +35  +35  +35  +35  +35  +35  +35  +35  +36  +36  +36  +36  +36  +37  +37  +38  +38  +38  +38  +38  +38  +38  +39  +39  +39  +39  +39  +40  +40  +41  +41  +41  +42  +42  +43  +43  +43  +43  +43  +44  +44  +44  +44  +45  +45  +45  +46  +46  +46  +46  +47  +47  +47  +47  +47  +47  +48  +48  +48  +48  +48  +48  +49  +49  +49  +50  +50  +50  +51  +51  +51  +51  +52  +52  +53  +53  +54  +55  +55  +56  +57  +57  +57  +59  +62  +62  +63  +64  +67  +67  +67  +68  +68  +69  +70  +71  +75  +75  +77  +77  +84  +88  
+175  +26  +28  +37  +40  +40  +41  +42  +47  +48  +49  +50  +51  +51  +52  +52  +52  +53  +54  +61  +66  +74  +75  +76  +87  
+180  +42  +45  +46  +48  +50  +51  +84  
+200  +16  +19  +19  +19  +20  +21  +21  +22  +22  +23  +23  +24  +24  +24  +24  +25  +26  +26  +26  +26  +26  +27  +27  +28  +29  +29  +29  +30  +30  +31  +31  +31  +31  +31  +31  +31  +31  +32  +32  +32  +32  +32  +32  +32  +34  +34  +34  +34  +35  +35  +35  +35  +36  +36  +36  +36  +36  +36  +36  +37  +37  +37  +37  +38  +38  +38  +38  +39  +39  +39  +39  +39  +39  +40  +40  +40  +40  +40  +40  +41  +41  +41  +41  +41  +41  +41  +42  +42  +42  +42  +42  +42  +43  +43  +43  +43  +43  +43  +43  +43  +43  +44  +44  +44  +44  +44  +44  +45  +45  +45  +45  +45  +45  +45  +46  +46  +46  +47  +47  +47  +47  +47  +47  +47  +47  +47  +47  +48  +48  +48  +48  +48  +48  +48  +49  +49  +49  +49  +49  +50  +50  +50  +51  +51  +51  +51  +51  +52  +52  +52  +52  +53  +54  +54  +54  +54  +55  +55  +55  +55  +56  +56  +56  +56  +56  +57  +57  +57  +57  +58  +58  +59  +59  +59  +60  +60  +60  +61  +61  +61  +61  +61  +61  +64  +64  +64  +65  +65  +66  +66  +67  +68  +69  +70  +70  +71  +72  +72  +73  +73  +73  +73  +75  +76  +77  +77  +78  +78  +79  +79  +82  +82  +83  +83  +87  +89  +90  
+225  +29  +35  +35  +37  +38  +38  +38  +40  +42  +43  +44  +54  +59  +59  +60  +66  
+250  +22  +25  +26  +28  +28  +28  +29  +29  +30  +30  +30  +31  +31  +31  +32  +32  +32  +32  +33  +34  +34  +34  +36  +36  +37  +37  +38  +38  +38  +38  +38  +39  +39  +39  +39  +39  +39  +39  +40  +40  +40  +41  +41  +42  +42  +42  +42  +42  +43  +43  +43  +43  +43  +43  +43  +44  +44  +44  +44  +45  +45  +45  +45  +45  +45  +45  +46  +46  +46  +46  +46  +47  +47  +47  +47  +47  +47  +47  +48  +48  +48  +49  +49  +50  +50  +50  +51  +51  +51  +51  +51  +52  +52  +52  +53  +53  +53  +54  +55  +55  +55  +56  +56  +57  +57  +57  +57  +59  +59  +59  +59  +60  +60  +60  +60  +61  +61  +61  +62  +62  +62  +62  +63  +63  +63  +64  +65  +65  +65  +65  +65  +66  +68  +69  +72  +72  +74  +74  +78  +79  +81  +81  +86  
+275  +27  +41  +44  +51  +51  +60  +64  +64  
+300  +18  +20  +22  +24  +25  +25  +25  +25  +25  +26  +26  +27  +27  +27  +28  +28  +29  +31  +32  +32  +32  +33  +33  +33  +33  +33  +34  +34  +35  +35  +36  +36  +36  +36  +36  +37  +37  +37  +37  +37  +39  +40  +40  +41  +41  +42  +42  +42  +42  +42  +43  +43  +43  +43  +44  +44  +44  +45  +45  +45  +45  +45  +46  +46  +46  +46  +46  +46  +47  +47  +47  +48  +48  +48  +48  +49  +49  +49  +49  +50  +51  +51  +52  +52  +52  +53  +54  +54  +54  +54  +54  +55  +55  +55  +56  +56  +56  +57  +57  +58  +58  +58  +59  +61  +61  +63  +64  +64  +65  +66  +67  +67  +67  +67  +69  +69  +70  +70  +71  +71  +72  +73  +74  +74  +76  +77  +78  +78  +80  +81  +81  +81  +82  +83  +86  
+350  +27  +28  +29  +30  +31  +35  +37  +39  +41  +44  +44  +45  +46  +46  +48  +50  +50  +51  +53  +55  +56  +59  +61  +63  +64  
+375  +26  +34  +35  +37  +42  +44  +46  +47  +47  +61  +61  +63  
+400  +17  +18  +21  +26  +27  +27  +27  +29  +30  +31  +32  +33  +34  +34  +35  +35  +36  +37  +37  +37  +38  +38  +38  +39  +39  +40  +40  +41  +41  +43  +44  +44  +44  +45  +45  +45  +45  +45  +45  +46  +46  +46  +47  +47  +47  +47  +47  +48  +48  +48  +49  +50  +50  +51  +51  +51  +51  +52  +52  +54  +54  +54  +55  +56  +56  +57  +57  +57  +58  +58  +60  +60  +61  +62  +62  +63  +63  +63  +64  +65  +66  +66  +67  +69  +72  +72  +73  +74  +76  +78  +81  +81  +83  +85  +87  +89  
+450  +36  +36  +37  +40  +44  +45  +46  +46  +46  +47  +49  +50  +50  +51  +51  +53  +54  +63  +69  +71  +76  
+500  +16  +17  +18  +19  +20  +22  +23  +23  +25  +25  +26  +27  +27  +27  +28  +29  +30  +30  +31  +31  +32  +32  +32  +32  +33  +34  +34  +34  +34  +34  +34  +34  +35  +35  +35  +35  +36  +36  +36  +36  +36  +36  +37  +37  +37  +37  +38  +38  +38  +38  +38  +38  +38  +39  +39  +39  +39  +39  +39  +39  +39  +39  +39  +39  +40  +40  +40  +40  +40  +40  +41  +41  +41  +41  +41  +41  +41  +41  +42  +42  +42  +42  +42  +42  +42  +42  +42  +42  +43  +43  +43  +43  +43  +43  +43  +43  +44  +44  +44  +44  +45  +45  +45  +45  +45  +45  +45  +46  +46  +46  +46  +46  +46  +47  +47  +47  +47  +47  +47  +47  +48  +48  +48  +49  +49  +49  +49  +49  +50  +50  +50  +50  +50  +50  +50  +50  +50  +51  +51  +51  +51  +51  +51  +52  +52  +52  +52  +52  +52  +52  +52  +52  +53  +53  +53  +53  +53  +53  +53  +54  +54  +55  +55  +55  +56  +56  +56  +57  +58  +58  +58  +58  +58  +58  +59  +59  +59  +59  +60  +60  +60  +60  +60  +61  +61  +61  +61  +61  +61  +62  +62  +62  +63  +63  +63  +64  +64  +65  +65  +66  +67  +67  +68  +68  +69  +70  +70  +70  +70  +71  +71  +71  +71  +72  +73  +73  +74  +75  +80  +81  +82  +86  +87  +89  
+550  +32  +43  +48  +48  +61  +63  +84  
+600  +23  +23  +27  +27  +29  +29  +33  +34  +36  +36  +36  +37  +37  +37  +38  +38  +40  +40  +40  +40  +42  +42  +43  +44  +45  +45  +46  +47  +47  +48  +48  +48  +48  +48  +49  +52  +54  +55  +58  +61  +61  +61  +64  +64  +66  +66  +66  +66  +68  +69  +70  +71  +71  +71  +72  +73  +75  +75  +77  +79  +80  +83  +85  +90  
+650  +17  +17  +37  +40  +41  +41  +45  +67  
+700  +22  +29  +31  +33  +33  +35  +37  +39  +40  +40  +42  +43  +44  +44  +46  +47  +47  +48  +48  +49  +50  +60  +60  +72  
+750  +33  +33  +36  +36  +37  +37  +39  +39  +39  +41  +43  +43  +46  +46  +50  +53  +54  +56  +56  +56  +56  +56  +57  +60  +60  +61  +63  +63  +64  +64  +65  +70  +70  +72  +72  +78  +79  
+800  +22  +22  +23  +23  +26  +27  +28  +28  +32  +32  +33  +34  +35  +39  +40  +43  +43  +44  +45  +46  +46  +48  +49  +49  +50  +50  +50  +53  +56  +56  +58  +60  +60  +63  +72  +74  +75  +75  +77  
+850  +31  +35  +38  +46  +48  +57  +60  +62  +63  +74  
+900  +30  +31  +32  +34  +35  +37  +41  +41  +43  +44  +45  +46  +49  +54  +55  +58  +62  +67  +69  +74  +76  
+1000  +17  +17  +18  +25  +26  +26  +28  +28  +29  +30  +30  +31  +31  +31  +31  +32  +32  +32  +32  +32  +33  +33  +33  +33  +33  +34  +34  +34  +35  +35  +35  +36  +36  +36  +36  +36  +37  +37  +37  +37  +37  +37  +37  +37  +37  +38  +38  +38  +38  +38  +39  +39  +39  +39  +39  +40  +40  +40  +40  +40  +41  +41  +41  +41  +41  +41  +41  +42  +42  +42  +42  +42  +42  +43  +43  +44  +44  +44  +45  +45  +45  +45  +45  +45  +45  +46  +46  +46  +46  +46  +46  +46  +46  +46  +46  +46  +47  +47  +47  +47  +48  +48  +48  +48  +48  +48  +48  +48  +48  +48  +48  +49  +49  +49  +49  +50  +50  +50  +50  +50  +50  +50  +50  +50  +50  +50  +51  +51  +51  +51  +51  +51  +51  +51  +51  +51  +51  +51  +52  +52  +52  +52  +52  +52  +52  +52  +52  +52  +53  +53  +53  +53  +53  +54  +54  +54  +54  +54  +54  +55  +55  +56  +56  +56  +57  +57  +57  +57  +58  +58  +58  +58  +59  +59  +59  +59  +60  +60  +61  +61  +62  +62  +63  +63  +64  +65  +65  +65  +66  +66  +66  +66  +67  +67  +67  +67  +67  +68  +68  +68  +70  +70  +70  +71  +72  +72  +72  +73  +73  +77  +77  +78  +80  +80  +81  +82  +85  +88  +88  +90  
+1050  +45  +53  +57  +64  +69  +71  +72  
+1100  +34  +44  +49  +58  +61  +62  +64  +67  +77  +79  
+1200  +20  +22  +27  +31  +37  +39  +39  +43  +45  +46  +46  +48  +48  +49  +49  +55  +55  +62  +67  +72  +82  +87  +90  
+1250  +31  +35  +36  +41  +43  +44  +46  +46  +49  +50  +50  +51  +55  +57  +63  +68  
+1400  +30  +49  +49  +51  +55  +65  +67  +68  +71  +71  +73  
+1500  +26  +27  +28  +28  +29  +29  +30  +33  +33  +33  +33  +34  +35  +35  +35  +36  +36  +36  +37  +37  +37  +39  +39  +39  +41  +41  +42  +43  +44  +44  +45  +45  +46  +46  +46  +46  +48  +49  +49  +50  +51  +51  +52  +53  +53  +54  +54  +54  +54  +54  +55  +55  +55  +57  +57  +58  +59  +59  +60  +60  +60  +61  +62  +62  +62  +63  +63  +63  +63  +64  +65  +66  +67  +68  +69  +69  +72  +72  +72  +73  +73  +75  +77  +78  +78  +81  +86  
+1600  +16  +33  +35  +45  +46  +63  +69  +69  
+1750  +31  +35  +35  +36  +38  +47  +48  +48  +48  +52  +62  +62  +67  +68  +69  +70  +73  +73  +76  
+1800  +38  +39  +43  +49  +50  +64  +65  +72  +72  +81  
+2000  +17  +18  +20  +21  +22  +22  +23  +24  +24  +24  +26  +28  +29  +30  +30  +31  +31  +33  +34  +34  +35  +35  +35  +35  +36  +37  +37  +37  +37  +37  +37  +37  +38  +38  +38  +39  +39  +41  +42  +42  +42  +43  +44  +44  +45  +45  +45  +46  +46  +46  +46  +46  +47  +47  +47  +47  +47  +48  +49  +49  +49  +49  +49  +49  +49  +50  +50  +52  +52  +52  +52  +53  +54  +54  +54  +55  +55  +55  +55  +56  +56  +56  +56  +56  +57  +57  +58  +58  +58  +59  +59  +59  +60  +60  +60  +60  +61  +62  +62  +63  +63  +65  +66  +66  +67  +67  +68  +68  +69  +69  +69  +70  +70  +71  +71  +72  +74  +75  +75  +76  +76  +76  +76  +76  +77  +81  +82  +82  +82  +82  +83  +83  +84  +86  +87  
+2200  +25  +30  +31  +47  +49  +55  +58  +73  +73  
+2250  +47  +53  +53  +56  +63  +65  +68  +83  
+2400  +16  +31  +52  +63  +75  +76  +76  
+2500  +22  +27  +28  +30  +30  +31  +35  +37  +37  +38  +38  +38  +38  +38  +39  +40  +42  +42  +43  +44  +44  +45  +46  +46  +46  +47  +47  +47  +47  +48  +48  +48  +49  +49  +49  +50  +51  +52  +52  +52  +52  +53  +53  +54  +54  +54  +55  +55  +56  +57  +57  +57  +57  +58  +58  +58  +58  +58  +59  +60  +60  +61  +61  +62  +62  +63  +64  +64  +65  +69  +69  +70  +70  +70  +73  +75  +75  +77  +79  +89  
+3000  +23  +24  +25  +26  +29  +32  +37  +37  +37  +37  +37  +38  +39  +39  +40  +41  +41  +42  +44  +44  +45  +46  +47  +47  +47  +49  +49  +49  +50  +50  +51  +51  +51  +52  +52  +53  +53  +53  +54  +55  +56  +57  +57  +57  +59  +59  +60  +60  +61  +61  +62  +62  +63  +63  +64  +65  +66  +67  +67  +68  +69  +70  +71  +72  +72  +73  +82  
+3500  +36  +38  +40  +40  +42  +44  +48  +48  +51  +55  +62  +63  +64  +65  +67  +70  +72  +76  +77  +79  +80  +88  
+4000  +26  +28  +29  +31  +33  +34  +34  +34  +37  +38  +40  +40  +40  +41  +41  +44  +45  +45  +46  +49  +49  +50  +51  +51  +56  +57  +59  +60  +61  +62  +62  +63  +63  +64  +64  +64  +66  +66  +67  +69  +70  +71  +71  +71  +76  +77  +78  +79  +80  +81  +81  +85  +88  
+4500  +41  +45  +50  +64  +67  +70  +73  +77  +82  
+5000  +20  +22  +27  +32  +34  +36  +37  +37  +37  +38  +39  +39  +39  +39  +40  +41  +41  +44  +44  +45  +45  +46  +46  +47  +47  +50  +51  +52  +52  +52  +52  +55  +55  +55  +55  +57  +57  +58  +58  +58  +58  +59  +59  +59  +60  +61  +61  +61  +62  +63  +64  +65  +65  +66  +67  +68  +68  +70  +70  +72  +72  +73  +74  +77  +78  +79  +80  +85  +90  +90  +90  
+6000  +30  +31  +34  +35  +35  +36  +37  +40  +44  +44  +45  +45  +53  +56  +64  +65  +69  +70  +70  +71  +71  +77  +79  +87  
+7000  +24  +39  +40  +40  +42  +49  +51  +53  +62  +65  +72  +78  +78  +79  +81  
+7500  +37  +46  +49  +50  +50  +51  +52  +55  +55  +57  +59  +60  +63  +64  +64  +65  +66  +74  +75  +79  +79  +88  
+8000  +31  +50  +51  +56  +68  +71  +72  +73  +85  
+9000  +35  +41  +43  +44  +55  +55  +61  +61  +63  +66  +78  
+10000  +23  +23  +28  +33  +33  +34  +37  +39  +40  +44  +45  +45  +47  +48  +48  +49  +49  +51  +51  +52  +52  +53  +56  +58  +59  +59  +59  +63  +63  +64  +65  +66  +67  +67  +67  +67  +69  +69  +70  +70  +74  +75  +78  +80  +82  +85  +86  +90  +90  
+12000  +24  +48  +51  +56  +61  +62  +63  +65  +77  +82  
+12500  +48  +49  +59  +60  +65  +66  +73  +76  
+15000  +41  +50  +51  +51  +52  +53  +57  +69  +69  +73  +75  +77  +80  +89  
+20000  +25  +38  +41  +43  +44  +55  +58  +75  +79  +80  +81  
+25000  +48  +49  +51  +53  +53  +56  +64  +70  +75  +77  +80  
+30000  +51  +57  +57  +60  +63  +71  +71  +75  +90  
+99999  +38  +58  +58  +61  +69  +70  +78  
