+15  +1  +618  +5  
+16  +984  +166  +389  +30  +166  +1  +150  +533  +50  +7  +533  +150  +100  +1600  +10  +500  +200  +100  +4  +1760  +2400  +908  
+17  +400  +650  +875  +1760  +20  +10  +30  +650  +1000  +100  +500  +50  +1000  +591  +2000  +30  +1483  +50  +21  +24  
+18  +400  +50  +500  +1000  +25  +370  +1930  +300  +2000  
+19  +500  +4  +200  +3  +13  +1760  +200  +100  +220  +200  +52  +19  +3  
+20  +70  +187  +170  +300  +22  +2000  +6764  +100  +200  +1200  +33  +20  +5000  +52  +60  +500  +30  +1  +314  +50  +100  
+21  +200  +400  +2000  +65  +100  +150  +52  +470  +150  +57  +28000  +1  +200  +50  +50  +50  
+22  +140  +5000  +100  +250  +800  +60  +800  +700  +30  +50  +300  +333  +1200  +470  +100  +2000  +200  +2500  +100  +200  +500  +1  +62  +2000  
+23  +3000  +2000  +50  +25  +1  +600  +200  +1  +40  +800  +50  +20  +1  +60  +645  +2  +800  +600  +500  +100  +5  +10000  +25  +10000  +100  +500  +35  +200  
+24  +3000  +7700  +12000  +125  +200  +200  +50  +70  +50  +200  +100  +200  +50  +2000  +30  +2000  +12  +35  +50  +4  +20  +1  +2  +7000  +50  +300  +2000  
+25  +25  +2200  +25  +80  +300  +10  +25  +500  +113  +3000  +8  +500  +11  +18  +20000  +300  +86  +300  +37  +118  +15  +5  +16000  +300  +4  +200  +300  +113  +1000  +125  +100  +250  +35  
+26  +310  +26  +1500  +200  +500  +375  +46  +80  +1000  +208  +250  +800  +10  +4000  +23  +110  +7  +200  +15  +150  +60  +10  +50  +7  +50  +60  +40  +175  +200  +200  +100  +100  +3000  +2000  +10  +5  +400  +1000  +200  +300  +300  
+27  +275  +7  +100  +50  +316  +5000  +500  +600  +10  +30  +20  +31  +200  +300  +1200  +1500  +300  +75  +600  +350  +500  +5  +50  +800  +25  +20  +100  +30  +100  +80  +57  +35  +50  +150  +300  +400  +100  +60  +400  +2500  +400  +500  +93  +200  +30  +150  
+28  +50  +300  +100  +250  +1  +37  +500  +200  +3172  +1000  +150  +38  +1893  +250  +2500  +1000  +2000  +10000  +50  +1500  +75  +60  +75  +5  +800  +15  +175  +258  +12  +5  +57  +350  +7  +800  +100  +5  +9  +93  +1500  +1  +300  +18000  +4000  +50  +27  +10  +75  +250  +125  +8  +50  
+29  +200  +20  +15  +100  +700  +2000  +200  +74  +100  +15  +1  +1500  +25  +25  +600  +1  +7  +1000  +3000  +5  +300  +200  +110  +50  +100  +100  +62  +600  +225  +400  +350  +272  +4000  +100  +6  +150  +20  +10  +100  +25  +250  +10  +10  +15  +1500  +45  +330  +100  +250  +500  
+30  +100  +1646  +75  +15  +157  +30  +100  +118  +97  +100  +27  +400  +250  +200  +11  +2020  +6  +20  +500  +1000  +80  +2500  +1  +50  +75  +200  +310  +160  +20  +50  +17  +54  +60  +500  +20  +100  +32  +50  +7  +3  +50  +25  +50  +1317  +6  +100  +5  +100  +900  +5  +100  +170  +150  +1000  +25  +10  +35  +2000  +4  +100  +178  +5  +250  +54  +65  +100  +1400  +2500  +12  +2200  +35  +2000  +100  +1500  +27  +20  +250  +35  +25  +22  +6000  +15  +1  +350  +7  +1  +50  
+31  +150  +250  +5  +50  +18  +25  +200  +1000  +1  +200  +25  +125  +100  +500  +50  +647  +700  +100  +100  +125  +25  +60  +2500  +25  +37  +1000  +250  +137  +1  +16  +100  +10  +1000  +10  +50  +850  +189  +99  +2200  +544  +100  +50  +20  +104  +200  +400  +200  +100  +350  +1750  +8000  +6000  +1250  +200  +3  +100  +250  +125  +50  +200  +9  +30  +900  +500  +300  +1000  +4  +200  +4000  +1  +45  +645  +200  +25  +2400  +60  +1200  +2000  +5  +72  +47  +2000  
+32  +59  +45  +40  +300  +1000  +300  +43  +100  +250  +200  +150  +800  +10  +50  +250  +100  +1  +50  +200  +5000  +3  +500  +3000  +612  +44  +5  +113  +7  +200  +40  +40  +100  +7600  +900  +300  +2  +500  +150  +25  +500  +2  +237  +597  +150  +100  +125  +2  +136  +1000  +100  +200  +200  +250  +62  +800  +550  +30  +1  +50  +250  +1  +99  +60  +215  +150  +81  +1  +220  +50  +100  +23  +500  +1000  +62  +200  +1000  +2  +200  +30  +50  +400  +8  +30  +1  +100  +834  +6  +1000  +17  
+33  +10000  +300  +26  +270  +300  +300  +108  +300  +310  +1  +29  +454  +425  +20  +1  +199  +382  +750  +100  +30  +1500  +50  +2  +150  +87  +100  +600  +1  +150  +500  +100  +12  +100  +1  +1000  +100  +100  +90  +2000  +1000  +125  +100  +1500  +182  +4  +50  +55  +50  +300  +50  +25  +150  +700  +1600  +1  +1000  +60  +50  +20  +100  +4000  +2  +1500  +10  +20  +50  +1500  +100  +75  +125  +70  +72  +250  +10  +60  +1000  +150  +356  +700  +341  +48  +280  +100  +10000  +5  +703  +100  +102  +400  +100  +800  +1000  +15  +6  +750  +22  +18  +25  
+34  +4000  +375  +950  +13000  +500  +500  +200  +300  +8  +50  +500  +25  +50  +600  +75  +1000  +200  +6  +15  +4000  +250  +55  +150  +250  +50  +15  +1000  +1500  +15  +5  +300  +2000  +25  +241  +100  +2  +100  +500  +60  +400  +30  +5000  +50  +90  +400  +12  +133  +100  +100  +15  +32  +7  +100  +2000  +376  +1  +50  +250  +55  +500  +100  +100  +900  +254  +8  +3  +200  +150  +1100  +68  +125  +500  +17  +100  +1000  +5  +37  +75  +2  +583  +100  +6000  +1  +1  +500  +328  +100  +2  +200  +800  +10000  +110  +100  +50  +20  +4000  +150  
+35  +6000  +60  +150  +200  +100  +150  +200  +50  +833  +1250  +50  +25  +2  +400  +1750  +100  +5  +75  +50  +200  +100  +910  +150  +162  +700  +500  +1000  +335  +100  +100  +150  +125  +300  +200  +4  +2  +125  +2500  +225  +12  +120  +90  +304  +8  +30  +75  +4  +360  +355  +932  +150  +100  +15  +375  +300  +100  +1750  +150  +50  +50  +9000  +100  +50  +7  +262  +1600  +500  +166  +800  +850  +12  +1  +6000  +500  +350  +685  +900  +5  +94  +1500  +85  +1500  +2000  +150  +1000  +12  +2000  +2000  +150  +25  +260  +500  +183  +2000  +22  +225  +5  +100  +4  +162  +26  +400  +1000  +10  +1500  +45  +100  
+36  +1000  +3  +1500  +150  +600  +100  +100  +25  +80  +250  +500  +105  +910  +250  +1500  +200  +60  +8  +150  +100  +150  +500  +1750  +5  +640  +25  +12  +5  +1500  +50  +500  +750  +1904  +450  +100  +25  +300  +750  +25  +75  +300  +190  +12  +20  +125  +13  +183  +2000  +150  +78  +400  +6000  +300  +5000  +450  +1000  +200  +50  +200  +200  +300  +1054  +285  +20  +7  +22  +1000  +115  +600  +200  +120  +7  +100  +1  +12  +30  +300  +3500  +500  +20  +600  +200  +182  +1000  +401  +50  +5  +159  +4  +50  +150  +433  +125  +270  +3  +25  +100  +1250  +200  +500  +500  +100  +1000  +60000  +50  +854  +100  +30  
+37  +700  +4  +50  +2  +60  +900  +100  +100  +3000  +1500  +583  +29  +2000  +200  +1000  +300  +63  +14  +288  +12  +2000  +400  +1  +15  +70  +1  +3000  +400  +600  +50  +1000  +50  +1000  +63  +1000  +100  +2000  +1500  +2500  +2  +150  +60  +25  +3  +250  +450  +1  +1500  +750  +200  +12  +6000  +600  +110  +350  +14  +3  +50  +650  +600  +2000  +10000  +500  +100  +150  +1000  +10  +20  +1200  +3000  +240  +5000  +37  +15  +300  +22  +2000  +40  +25  +20  +2500  +20  +175  +25  +2000  +1510  +3000  +1000  +300  +7500  +7  +375  +400  +500  +1155  +22  +1  +1000  +1000  +750  +225  +5000  +300  +250  +6  +2000  +1  +1700  +4000  +100  +500  +200  +200  +3000  +1000  +60  +125  +100  +5000  +300  +1  +100  +500  +25  +15  
+38  +20  +25  +20  +2000  +66  +600  +120  +75  +48  +910  +100  +80  +1370  +250  +411  +25  +5  +250  +593  +90  +21  +63  +100  +150  +70  +1  +400  +50  +2  +150  +4  +200  +200  +20  +3000  +8  +150  +330  +250  +20  +99999  +50  +12  +400  +1000  +2000  +7800  +500  +2500  +100  +4000  +20  +250  +2000  +225  +225  +1000  +125  +2500  +17500  +500  +5  +200  +100  +3500  +150  +1000  +1  +500  +195  +2500  +4  +99  +1  +1750  +341  +5000  +15  +10  +150  +20000  +8  +20  +257  +200  +6  +60  +10  +7  +20  +500  +250  +1800  +2500  +1000  +500  +5  +1  +25  +257  +2500  +1000  +744  +335  +600  +500  +100  +100  +150  +123  +915  +50  +25  +500  +25  +50  +400  +225  +100  +1  +150  +50  +100  +50  +850  +268  +13  +121  +54  +100  +1317  
+39  +1000  +127  +500  +200  +150  +7  +10  +100  +500  +50  +1362  +250  +50  +60  +3250  +60  +200  +120  +10  +100  +318  +25  +20  +750  +50  +100  +250  +314  +100  +1500  +49  +2000  +1  +250  +200  +3000  +399  +5000  +70  +100  +5000  +70  +200  +50  +250  +460  +20  +140  +1000  +30  +60  +10  +7  +3000  +500  +1  +1  +40  +100  +250  +250  +500  +300  +30  +20  +1000  +50  +25  +1800  +1  +750  +1200  +391  +500  +5000  +100  +16  +100  +50  +281  +350  +200  +500  +5  +5  +1200  +25  +500  +20  +1000  +800  +40  +400  +2500  +700  +75  +1429  +19  +500  +1500  +50  +150  +500  +10000  +150  +5000  +400  +75  +250  +124  +150  +154  +200  +2000  +500  +750  +150  +100  +56  +25  +100  +4900  +7000  +500  +100  +1000  +1500  
+40  +1000  +30  +700  +3000  +20  +40  +30  +7  +55  +700  +81  +100  +500  +115  +182  +300  +5  +25  +58  +600  +2500  +4000  +600  +450  +150  +100  +7000  +225  +50  +500  +849  +7000  +200  +500  +5500  +300  +1  +460  +1450  +175  +4000  +20  +800  +100  +24  +250  +1  +500  +400  +250  +175  +26  +20  +1000  +4  +10  +15  +500  +18  +20  +6000  +16  +118  +100  +200  +200  +4000  +500  +60  +1000  +100  +10  +2750  +200  +2  +400  +150  +40  +1000  +94  +1  +1  +650  +8  +200  +600  +7  +250  +25  +1000  +25  +59  +10000  +99  +600  +3500  +100  +200  +3500  +5000  
+41  +33000  +50  +500  +281  +50  +200  +100  +100  +500  +900  +200  +138  +87  +100  +50  +16  +500  +167  +100  +100  +50  +500  +100  +500  +300  +10  +3000  +150  +162  +50  +50  +1250  +4000  +100  +150  +5000  +8  +4  +200  +400  +10  +1000  +200  +200  +50  +500  +15  +250  +200  +411  +750  +1  +150  +500  +75  +200  +5000  +100  +15000  +10  +1500  +10  +1300  +166  +50  +20000  +2496  +42  +280  +407  +100  +175  +350  +650  +1000  +1000  +50  +1000  +12  +1546  +900  +1000  +3000  +25  +287  +650  +400  +1000  +30  +4000  +1000  +2000  +50  +100  +65  +100  +100  +500  +40  +15  +275  +217  +50  +9000  +5  +300  +100  +61  +407  +100  +6800  +40  +25  +1370  +4500  +250  +35  +1500  +3200  
+42  +49  +9799  +10  +132  +20  +7000  +1778  +1849  +100  +59  +100  +50  +25  +250  +24  +1  +500  +1904  +14  +320  +50  +20  +500  +159  +50  +50  +2000  +200  +12  +150  +1500  +1362  +786  +152  +50  +15  +25  +50  +200  +466  +20  +5168  +200  +250  +3000  +500  +121  +37  +500  +7  +8111  +49  +1000  +2000  +100  +225  +500  +50  +1000  +100  +250  +1000  +300  +300  +1000  +443  +25  +375  +100  +144  +590  +200  +45  +478  +18000  +100  +290  +76  +150  +600  +5168  +175  +180  +94  +30  +60  +300  +250  +981  +500  +300  +250  +500  +265  +1000  +1  +12  +2000  +81  +200  +100  +500  +1000  +300  +3500  +700  +50  +600  +500  +1056  +87  +20  +146  +17500  +2500  +200  +15  +1  +100  +15  +64  +500  +2500  
+43  +100  +12  +50  +250  +17  +4  +1000  +138  +1  +92  +100  +150  +22  +200  +250  +2500  +200  +11000  +5537  +30  +700  +24  +1  +1200  +200  +150  +10  +300  +100  +12  +25  +250  +220  +500  +1  +3  +2300  +40  +9  +575  +200  +500  +500  +2  +125  +20  +25  +500  +230  +900  +398  +100  +285  +100  +750  +13  +8  +300  +24  +25  +500  +1000  +250  +200  +10  +500  +550  +300  +2000  +12  +225  +750  +9000  +150  +400  +250  +1250  +120  +50  +50  +200  +250  +10  +800  +100  +12  +360  +500  +200  +800  +150  +125  +63  +500  +200  +600  +100  +5  +2  +20000  +110  +100  +1  +200  +100  +300  +12  +270  +1500  +150  +50  +584  +250  +1800  +2  +100  +3  +10  
+44  +250  +1  +1250  +159  +20000  +10  +7  +250  +100  +88  +700  +1000  +252  +800  +50  +5  +100  +85  +5  +450  +78  +90  +200  +375  +200  +24  +50  +5  +25  +766  +355  +4000  +2750  +5000  +3000  +50  +150  +40  +400  +500  +5000  +225  +50  +3000  +10  +6000  +400  +600  +250  +500  +1500  +50  +6000  +125  +100  +75  +300  +700  +20  +9000  +422  +2500  +50  +275  +150  +1119  +2500  +1000  +400  +30  +10  +10  +100  +250  +65  +100  +35  +187  +2  +833  +1000  +200  +1500  +849  +150  +1  +2000  +75  +50000  +350  +3300  +300  +200  +150  +200  +20  +4600  +1  +50  +90  +25  +300  +2000  +50  +1100  +350  +3250  +950  +500  +900  +14  +200  +500  +100  +50  +3500  +10000  +100  
+45  +16  +11  +1000  +10  +100  +50  +300  +400  +250  +4  +145  +1500  +429  +1200  +6  +250  +400  +85  +100  +100  +100  +100  +350  +80  +500  +200  +300  +50  +25  +1600  +900  +10000  +217  +120  +150  +5  +4  +986  +2000  +6  +72  +500  +1  +1050  +1  +250  +400  +3000  +4500  +5000  +400  +50  +80  +1000  +200  +650  +2500  +100  +180  +200  +573  +250  +6000  +100  +400  +500  +300  +531  +1  +5  +70  +40000  +250  +800  +1500  +281  +1000  +399  +50  +500  +1317  +632  +2000  +500  +100  +150  +600  +100  +30  +300  +125  +3  +300  +270  +1000  +500  +3  +10  +40  +100  +125  +50  +1000  +10000  +200  +600  +16  +359  +468  +4000  +9  +150  +4000  +1000  +3  +530  +4190  +500  +1000  +2000  +209  +85  +400  +5000  +1  +6000  +120  +200  +250  +431  +450  +100  +250  +100  +100  +200  +200  +9  
+46  +100  +4  +45  +400  +1250  +500  +250  +1000  +180  +125  +300  +1600  +150  +75  +1500  +10  +295  +583  +5500  +2  +1000  +130  +9350  +1  +100  +125  +680  +250  +750  +250  +1000  +709  +187  +850  +500  +3000  +150  +1000  +53  +6  +700  +2000  +300  +1000  +350  +1000  +2000  +360  +139  +150  +1857  +1000  +440  +3  +800  +400  +25  +37  +70  +121  +300  +500  +27  +1000  +5000  +1  +30  +2000  +1625  +160  +30  +7500  +450  +1000  +321  +4000  +1500  +1000  +250  +500  +136  +33  +43  +681  +1200  +6  +2000  +300  +250  +900  +800  +500  +125  +375  +1250  +100  +200  +1454  +43  +6  +200  +150  +3600  +1  +12  +27  +500  +1500  +2000  +2416  +194  +100  +2500  +2500  +286  +100  +100  +300  +450  +2500  +400  +300  +1200  +200  +350  +100  +1  +1500  +450  +600  +15  +1000  +750  +60  +5000  +100  
+47  +1  +33  +200  +1  +37  +700  +3  +500  +40  +250  +600  +130  +1000  +150  +150  +300  +63  +10000  +2  +150  +5000  +400  +400  +2200  +355  +17  +200  +2000  +833  +200  +2000  +100  +88  +200  +700  +3  +300  +42  +17  +25  +2  +50  +101  +1000  +12  +500  +875  +75  +200  +96  +1  +400  +10  +500  +135  +75  +9  +200  +200  +450  +3000  +2500  +50  +3  +2500  +250  +1440  +25  +600  +1000  +3000  +200  +250  +1000  +100  +400  +3700  +438  +98  +150  +3  +60  +1750  +2  +1700  +40  +50  +1  +400  +2000  +2000  +3000  +427  +5000  +325  +573  +2600  +375  +100  +16  +500  +2500  +250  +209  +7  +375  +200  +1850  +1744  +150  +3  +184  +92  +30  +2500  +12  +30  +150  +50  +2250  +10  +11  +300  +175  +2115  +72  +15  +50  +1  +50  +500  +500  +138  +166  +3  +100  +500  +200  +250  +2000  +250  +250  +3515  
+48  +1317  +150  +187  +500  +600  +600  +2100  +12500  +150  +2150  +1000  +300  +92  +50  +1000  +700  +1750  +100  +550  +150  +150  +200  +35  +700  +150  +18  +250  +1000  +25  +500  +1500  +2500  +4  +10000  +600  +10  +133  +200  +300  +49  +2000  +200  +2500  +250  +200  +125  +31  +75  +500  +400  +25000  +1750  +100  +300  +1000  +1000  +1166  +1000  +12000  +200  +3500  +1150  +100  +11  +1000  +250  +600  +600  +1000  +241  +400  +1200  +550  +125  +2  +1  +5  +800  +1000  +300  +175  +18  +20  +205  +200  +10000  +1750  +8  +25  +180  +100  +417  +400  +1200  +150  +1000  +3500  +1000  +2500  +100  +350  +200  +850  +60  
+49  +300  +1225  +900  +2000  +1200  +3000  +500  +30  +23  +10000  +500  +2145  +4000  +1250  +300  +1000  +2500  +600  +16  +200  +2500  +2200  +2000  +300  +1000  +200  +95  +45000  +25  +20  +1400  +65  +1683  +150  +7800  +11  +200  +809  +120  +10896  +500  +812  +1100  +7000  +100  +300  +1  +1000  +25  +50  +10000  +1  +3000  +100  +417  +4000  +286  +1800  +146  +573  +1400  +1500  +265  +100  +150  +2500  +30  +700  +2000  +2000  +25000  +2000  +1200  +3000  +7500  +150  +100  +1500  +40  +75000  +100  +50  +800  +200  +50  +2  +1508  +800  +12500  +2000  +406  +250  +100  +196  +400  +500  +175  +2000  +500  +200  +60  +250  +2  +1  +450  +1000  +125  +50  
+50  +1000  +300  +75  +1744  +1000  +4  +156  +1250  +599  +1000  +200  +100  +200  +100  +750  +500  +87  +250  +500  +1000  +1500  +75  +1  +250  +800  +2800  +136  +200  +450  +6  +8000  +310  +2  +682  +180  +400  +500  +100  +7500  +45  +75  +150  +1000  +8  +12  +9  +450  +5  +328  +1000  +1696  +5  +950  +800  +50  +100  +1  +142  +240  +80  +7  +500  +150  +150  +1250  +2500  +400  +17  +2000  +24000  +500  +5000  +37  +700  +50  +1000  +270  +100  +3000  +1000  +1000  +4000  +350  +20  +1000  +35  +2000  +15000  +6500  +135  +500  +350  +320  +4500  +2  +35  +500  +800  +7500  +500  +500  +133  +50  +184  +1800  +1000  +250  +3000  +30  +175  
+51  +275  +450  +3000  +50  +1000  +282  +1450  +12000  +5000  +380  +1000  +1196  +311  +250  +50  +1  +595  +130  +448  +175  +1250  +4000  +8000  +1500  +45  +250  +1  +125  +25000  +400  +200  +50  +7000  +8050  +212  +1000  +4631  +135  +10000  +40  +300  +1000  +15000  +194  +100  +1342  +772  +3500  +3000  +5  +150  +15000  +1150  +200  +100  +25  +250  +1000  +2  +400  +75  +150  +1000  +562  +300  +9500  +12  +33  +400  +100  +450  +100  +4000  +1  +1000  +275  +1700  +125  +404  +2500  +500  +1000  +100  +11  +3000  +7  +180  +30  +657  +400  +500  +500  +200  +113  +250  +500  +1500  +100  +175  +1000  +15  +30000  +75  +75  +1939  +1000  +37  +500  +350  +250  +500  +150  +289  +200  +1000  +1400  +125  +10000  +200  +25  +25  +573  +150  +8  +7500  +130  +1000  
+52  +6  +2000  +150  +6  +2500  +10  +120  +1257  +3000  +5000  +50  +175  +448  +500  +500  +2500  +1000  +100  +1000  +175  +200  +355  +5750  +600  +1  +55000  +1196  +4058  +1857  +142  +300  +11000  +250  +15000  +184  +250  +1320  +40  +400  +1000  +300  +65  +111  +500  +141  +110  +12  +500  +207  +3981  +1025  +5  +3  +100  +1750  +8  +100  +1000  +36  +4650  +500  +150  +500  +2000  +175  +5000  +7500  +25  +1000  +300  +500  +500  +200  +2400  +125  +950  +5000  +1876  +10000  +216  +10000  +3000  +1  +1  +50  +1000  +500  +15  +1000  +400  +20  +173  +1000  +1000  +17  +37  +100  +250  +200  +200  +55  +1500  +1000  +14893  +25  +2000  +100  +5000  +2500  +2000  +2500  +20  
+53  +125  +500  +5500  +212  +50  +500  +250  +260  +15  +60  +1000  +350  +1000  +500  +25  +450  +15  +1  +22  +430  +1000  +6  +500  +82  +1  +50  +186  +366  +175  +150  +2250  +4218  +12  +500  +200  +52  +3905  +250  +250  +2250  +46  +800  +750  +143  +25000  +1000  +62  +3000  +25  +2500  +125  +1050  +113  +1500  +949  +3000  +140  +732  +141  +100  +1150  +300  +2500  +1000  +3000  +3  +10000  +6  +285  +50  +15000  +427  +2000  +287  +1500  +2  +360  +500  +2300  +154  +24000  +150  +500  +25000  +40  +544  +5666  +713  +1080  +1125  +7000  +6000  
+54  +2388  +54600  +600  +100  +1000  +440  +175  +2461  +2000  +1500  +1  +2  +750  +100  +100  +1000  +45  +100  +150  +403  +400  +64  +462  +1  +2500  +181  +300  +500  +250  +2000  +300  +900  +400  +100  +1500  +1500  +500  +225  +200  +1000  +300  +1500  +340  +465  +135  +300  +100  +2500  +58  +15  +1075  +200  +1000  +200  +30  +27  +2500  +400  +1000  +1  +450  +166  +300  +2000  +1000  +1500  +32  +1137  +200  +100  +3000  +206  
+55  +285  +1000  +200  +100  +2  +20000  +2850  +5000  +3500  +141  +3  +7500  +100  +1275  +900  +25  +200  +9000  +84  +2200  +6  +5000  +50  +9098  +2000  +2000  +600  +1400  +54  +400  +100  +493  +5000  +465  +2000  +141  +40  +1500  +300  +3000  +1250  +9000  +10500  +1500  +250  +100  +200  +95  +5000  +145  +350  +2000  +2500  +481  +1  +50  +1  +150  +10  +60  +50  +200  +250  +1200  +12  +5500  +150  +11000  +1500  +1000  +500  +1200  +300  +500  +300  +50  +50000  +174  +500  +100  +7500  +2500  +250  +75  
+56  +4200  +2000  +1000  +1  +500  +22  +200  +1614  +64  +2250  +200  +250  +867  +1  +50  +12000  +350  +300  +400  +306  +133  +4000  +750  +100  +37  +18  +404  +100  +200  +200  +300  +772  +400  +50  +2000  +50000  +2500  +1000  +1000  +8000  +100  +80  +200  +750  +35  +250  +115  +750  +500  +10000  +6000  +50  +60  +75  +285  +2000  +800  +75  +1242  +3000  +25000  +500  +37  +300  +474  +800  +150  +2000  +3700  +750  +750  +2000  
+57  +15000  +200  +2052  +2500  +5  +1000  +1050  +750  +154  +24  +100  +200  +27700  +850  +3074  +239  +1000  +2000  +1500  +500  +432  +200  +250  +1000  +7500  +1  +60  +2152  +4200  +30  +4  +98  +100  +5000  +400  +400  +660  +70  +32  +300  +3000  +490  +250  +300  +1  +2000  +607  +250  +250  +125  +3000  +30000  +30000  +400  +5000  +1500  +17  +50  +1860  +150  +100  +1250  +244  +2296  +2500  +2500  +200  +10  +10  +50  +1000  +2500  +624  +23  +607  +150  +84  +2599  +150  +160  +3000  +4000  
+58  +2052  +200  +1  +1650  +50  +400  +300  +900  +400  +100  +1100  +200  +3300  +9  +1000  +500  +424  +5000  +60  +2500  +300  +165  +15  +5000  +500  +300  +99999  +10000  +100  +20000  +1000  +2500  +2000  +1666  +2500  +2500  +600  +100  +2446  +49  +2000  +5000  +2150  +99999  +500  +6500  +378  +1000  +5000  +2200  +800  +500  +1776  +500  +12  +218  +2000  +1000  +349  +1500  +15  +500  +2500  +30  
+59  +70  +79  +50  +206  +250  +500  +200  +264  +2000  +12500  +4000  +120  +1150  +9237  +1438  +49999  +100  +607  +1216  +100  +250  +1900  +1000  +2150  +1000  +20  +6  +2388  +100  +197  +15500  +75  +3000  +500  +1188  +3000  +50  +500  +350  +2000  +427  +43  +500  +10000  +2504  +50  +1000  +140  +812  +150  +1500  +200  +2000  +1175  +100  +225  +7500  +59  +300  +54  +658  +250  +5000  +5000  +372  +656  +2500  +200  +10000  +10000  +448  +7056  +250  +3300  +225  +1000  +5000  +1500  
+60  +3  +3  +1500  +75  +5700  +500  +850  +2000  +407  +200  +453  +2  +2000  +5546  +400  +1298  +500  +6  +12500  +7  +1175  +3000  +135  +700  +15  +750  +200  +2500  +30000  +225  +1164  +500  +4  +3531  +500  +3  +1000  +50  +700  +2603  +1  +2000  +533  +800  +89  +250  +25  +750  +15  +500  +4000  +7500  +200  +48  +2500  +1700  +45  +2  +250  +800  +1170  +1000  +1500  +1920  +242  +3000  +1500  +125  +5000  +250  +1726  +400  +2000  +1314  +250  +275  
+61  +3000  +3300  +2150  +500  +750  +2500  +600  +600  +200  +1100  +50  +5000  +1467  +350  +375  +280  +474  +27  +1059  +1000  +95  +50  +624  +5000  +32  +400  +200  +500  +1000  +9000  +3000  +375  +500  +50  +300  +300  +1470  +500  +2500  +250  +1500  +555  +3575  +24  +90  +90  +500  +550  +99999  +175  +200  +37  +1342  +200  +600  +12000  +658  +250  +200  +100  +200  +4000  +5000  +100  +9000  +2000  +3  +3019  +500  +75  +250  
+62  +250  +100  +900  +850  +1  +1500  +5250  +50  +14  +2500  +400  +500  +3  +5000  +100  +1750  +3000  +500  +145  +500  +1100  +250  +9500  +232  +250  +2500  +400  +587  +2000  +60  +501  +30  +673  +2963  +1  +12000  +5  +3890  +150  +150  +1000  +11000  +50  +3000  +367  +1  +1000  +2000  +1  +3500  +15  +285  +90  +4000  +7000  +1200  +2388  +4000  +824  +250  +1260  +30  +65  +1500  +6  +1500  +5040  +558  +25  +1750  +102  +100  +15  +42000  
+63  +45  +400  +2400  +7500  +10  +100  +100  +450  +100  +2500  +375  +500  +1000  +300  +2250  +12000  +773  +750  +5  +3500  +950  +162  +1500  +500  +1240  +750  +126  +25  +30000  +4000  +10000  +30  +10000  +105  +8  +350  +1600  +1250  +84  +500  +60  +400  +250  +160  +100  +800  +7  +22500  +4000  +1  +250  +560  +598  +1500  +90  +434  +1500  +13  +250  +3000  +2000  +8  +2000  +448  +858  +1000  +150  +385  +9000  +550  +50000  +850  +1500  +20  +400  +2150  +1  +3000  +5000  
+64  +200  +30  +1516  +43  +2500  +5000  +150  +1785  +500  +1  +8950  +4123  +50  +4000  +600  +500  +50  +400  +1337  +8286  +248  +3198  +600  +275  +220  +3579  +2052  +7500  +3500  +83  +1050  +750  +3600  +2614  +870  +3873  +25000  +300  +1000  +790  +200  +14  +10000  +15  +380  +4166  +4000  +3000  +240  +320  +7500  +275  +4500  +15939  +9  +50  +14  +1800  +6126  +2500  +250  +3180  +1  +6  +3100  +69  +4000  +2447  +3575  +1  +350  +6000  +5345  +1100  +750  +200  +300  +7762  +10  +641  +1  +1500  +267  +100  
+65  +200  +195  +5000  +7000  +1174  +500  +2749  +1000  +1267  +35  +1500  +1000  +309  +556  +3900  +242  +100  +395  +16  +105  +2000  +2250  +2052  +8589  +714  +250  +1483  +250  +1300  +1184  +500  +2452  +2152  +3486  +12000  +8500  +206  +6082  +200  +300  +7050  +12500  +8500  +5000  +750  +652  +13000  +1000  +673  +113  +1490  +250  +2500  +146  +1800  +400  +3500  +540  +62  +4462  +192  +6000  +250  +10000  +3000  +6  +250  +11500  +5120  +7500  +1400  
+66  +600  +40  +225  +1000  +1031  +12500  +671  +10000  +480  +720  +75  +200  +1575  +9000  +96  +600  +1000  +384  +174  +300  +779  +9  +2902  +62  +2602  +175  +2000  +400  +3019  +2000  +4000  +600  +7200  +4416  +1000  +7500  +250  +1500  +245  +400  +1551  +214  +14  +5000  +4000  +1000  +11000  +100  +311  +331  +69  +395  +531  +63  +100  +107  +600  +200  +20  +3084  +500  +20  +3000  
+67  +10000  +1000  +1100  +100  +3000  +4500  +14  +1000  +3960  +713  +1200  +1825  +100  +10000  +2056  +3500  +50  +20  +3  +650  +200  +1  +460  +1500  +82  +300  +725  +4000  +36  +10  +9750  +10000  +14957  +565  +2000  +150  +50  +10000  +500  +1437  +300  +2000  +500  +1000  +300  +219  +46  +300  +3799  +100  +11000  +1000  +1519  +27  +900  +2900  +400  +1650  +2205  +1400  +3000  +5250  +150  +150  +75  +50  +1000  +1750  +1  +10898  +8249  +100  +5000  
+68  +3095  +2812  +2000  +198  +2800  +11  +150  +1250  +315  +150  +5000  +35  +30  +2250  +15  +500  +12  +35  +63  +250  +32  +7800  +600  +1500  +2926  +30  +500  +1000  +100  +1400  +795  +3000  +1000  +8500  +1000  +105  +792  +70  +51000  +2305  +5000  +1750  +3200  +2300  +35  +8000  +839  +780  +2000  +200  +30  +37  +292  
+69  +6000  +38  +4497  +14  +1750  +2500  +99999  +40  +60  +1600  +100  +233  +2320  +641  +574  +1050  +4000  +1240  +20  +1905  +15000  +2000  +1600  +100  +19000  +300  +900  +9  +3000  +300  +60000  +500  +8  +2000  +820  +5562  +42  +2500  +10000  +450  +600  +250  +2  +1500  +200  +21000  +2000  +100  +1500  +15000  +400  +10000  +27700  +641  +67  +150  +158  +100  +127  +32  
+70  +728  +67  +10000  +29350  +500  +1  +5000  +1750  +1  +4750  +50  +2587  +15  +6800  +2884  +4000  +300  +17000  +4123  +500  +6000  +2500  +3019  +50  +2000  +1350  +120  +1  +1893  +641  +10000  +99999  +422  +1000  +1150  +6143  +3500  +750  +5000  +5531  +293  +2000  +4497  +3000  +2229  +2602  +150  +200  +500  +40  +750  +500  +50  +2645  +858  +11263  +600  +15  +1650  +6671  +25000  +11744  +14627  +40  +50  +1000  +2500  +100  +2056  +1000  +300  +2500  +2029  +4500  +34  +200  +93  +1404  +9500  +6000  +6500  
+71  +5  +242  +819  +732  +4411  +3960  +1050  +600  +1400  +24  +63  +35  +56  +600  +75  +16  +500  +6000  +100  +2700  +168  +100  +4000  +1000  +300  +14  +10886  +412  +1650  +600  +546  +63  +500  +14400  +176  +3000  +6000  +119  +90  +4000  +30000  +500  +8000  +1328  +1400  +2000  +294  +300  +820  +72  +450  +18479  +136  +675  +576  +30000  +150  +500  +1888  +2000  +263  +3161  +4000  +50  +200  
+72  +50  +1000  +11  +200  +7  +103  +607  +700  +743  +3000  +1000  +3000  +240  +1500  +621  +3500  +50  +750  +120  +8000  +1200  +2029  +120  +347  +400  +456  +3822  +673  +1000  +500  +10321  +304  +600  +1050  +200  +95  +897  +2931  +300  +400  +661  +7000  +750  +5000  +100  +1500  +5  +50  +100  +5000  +800  +9728  +1800  +102  +250  +1500  +132  +15500  +1800  +2000  +876  +250  
+73  +200  +170  +5  +200  +743  +4500  +1500  +2200  +3000  +819  +1282  +12500  +228  +531  +1750  +776  +600  +8000  +229  +8832  +1400  +2452  +500  +2  +102  +1  +11591  +1717  +3100  +1000  +649  +1360  +2902  +743  +6500  +1000  +2200  +705  +1500  +5024  +705  +331  +1888  +8210  +17000  +431  +228  +583  +5040  +331  +456  +56  +8833  +15000  +11677  +1850  +100  +500  +2500  +104  +200  +6600  +228  +1367  +5000  +1  +1750  +28  +1019  +400  +300  +125  +200  +634  +6298  
+74  +850  +558  +1978  +35  +300  +1347  +417  +7500  +75  +2017  +25  +495  +6500  +57  +400  +2665  +500  +776  +9  +737  +125  +70  +569  +250  +1748  +5000  +81  +2000  +10321  +250  +236  +104  +5500  +24000  +1361  +50  +10000  +7400  +235  +895  +900  +980  +147  +175  +800  +300  +125  
+75  +800  +100  +100  +1248  +600  +2000  +15000  +2008  +125  +175  +1573  +2500  +150  +230  +25000  +13  +140  +2145  +8210  +10  +30000  +20000  +10000  +459  +12508  +1348  +100  +10321  +616  +1397  +2000  +2400  +200  +30  +2500  +500  +10898  +1  +600  +1611  +800  +10898  +1500  +50  +125  +1191  +7500  +150  +90  
+76  +11744  +2100  +2000  +2000  +37  +2900  +13500  +89  +5394  +9  +4343  +2000  +40000  +230  +105  +1888  +18479  +2000  +1073  +1098  +900  +2665  +1  +2400  +1650  +2900  +12500  +64  +25  +1740  +870  +307  +361  +4118  +1360  +200  +175  +661  +450  +2000  +300  +71  +2400  +400  +4000  +1750  +3500  
+77  +600  +5000  +3983  +4000  +10  +62  +100  +1151  +200  +25000  +155  +4500  +1000  +3500  +36  +1500  +272  +12000  +2500  +1440  +145  +90  +1100  +300  +6000  +200  +809  +2000  +2844  +1611  +800  +10  +150  +22000  +1073  +2922  +2008  +1000  +2804  +150  +3327  +537  +720  +15000  +4300  +12  +20  +422  +13  
+78  +99999  +5412  +4000  +4600  +12506  +750  +9000  +7136  +428  +360  +235  +1500  +300  +7000  +1401  +5000  +2750  +300  +18479  +4250  +1500  +37500  +185  +200  +400  +7000  +8500  +10898  +200  +1248  +250  +2143  +1550  +1000  +1625  +7796  +424  +10000  
+79  +10  +200  +7000  +206  +600  +1100  +119  +2500  +9687  +750  +3500  +20000  +4000  +7500  +20897  +1900  +200  +105  +5000  +1573  +5636  +2104  +7500  +6000  +250  +1684  +581  +699  +325  
+80  +3500  +831  +20100  +100  +1415  +1000  +37  +4197  +500  +27200  +75  +702  +15000  +2075  +135  +600  +10000  +25000  +235  +5000  +1650  +9986  +5126  +220  +300  +582  +20000  +809  +4000  +1000  
+81  +1800  +96  +15500  +219  +1500  +100  +2000  +400  +10700  +250  +250  +100  +400  +300  +431  +188  +4000  +912  +7000  +11  +672  +7200  +30  +1000  +4000  +570  +500  +20000  +300  +1116  +300  +124  +100  +675  +120  +83  
+82  +2000  +25  +12000  +27  +300  +525  +9888  +840  +4411  +2000  +4500  +20654  +3000  +10000  +500  +1200  +2000  +2000  +200  +200  +120  +1000  +319  
+83  +417  +24  +589  +409  +400  +300  +790  +1684  +2000  +14473  +2250  +2000  +9728  +200  +44  +600  +200  +3820  +12  +8  
+84  +550  +150  +62  +10898  +2000  +145  +780  +1700  +219  +681  +105  +6062  +627  +325  +180  +17  
+85  +8000  +4000  +14000  +5000  +24000  +2399  +1000  +10000  +14400  +600  +2806  +96  +400  
+86  +250  +300  +10000  +25  +18000  +1500  +500  +12  +776  +2000  +55  
+87  +1200  +1781  +2143  +2800  +175  +400  +2017  +2000  +12  +6000  +1931  +1957  +500  +200  
+88  +11500  +1000  +4000  +3500  +7500  +150  +280  +1000  +35  +1293  
+89  +24000  +15000  +200  +500  +400  +4146  +2500  
+90  +5000  +11500  +422  +1000  +200  +600  +25  +30000  +5000  +2006  +10158  +1200  +10000  +10000  +100  +1437  +5000  +4005  +1808  
