11  -2
15  -2
13  2
18  -5
13  -4
16  -2
15  -1
12  3
11  -9
12  2
11  -9
12  6
10  0
11  -8
16  -3
5  -5
14  -5
18  0
15  1
11  -5
11  -9
16  4
13  -4
17  -2
11  -8
7  -6
13  0
16  4
12  4
13  -1
13  -1
10  2
11  -4
13  -4
3  -9
13  -1
11  -3
14  -5
14  -7
8  -7
17  -8
11  -8
9  -1
14  -5
11  -8
14  -6
15  -2
12  1
19  2
12  7
19  -1
22  -2
13  1
12  7
11  -6
10  -6
15  -3
14  -6
15  -4
18  -4
10  -5
16  -1
15  0
11  -2
16  -3
12  3
13  -1
12  9
17  -5
16  2
13  -4
9  -1
13  0
15  -2
15  -2
16  4
13  -3
11  -2
12  7
12  2
7  -8
13  -4
11  -3
13  -4
8  -1
18  -3
15  -6
15  -4
15  0
11  -3
13  -1
17  -8
10  -1
9  0
16  3
16  2
14  -8
13  -1
12  1
12  1
10  -1
11  -4
11  -9
11  -1
10  -4
11  -7
16  -2
15  2
11  -7
15  0
12  9
14  -5
15  -5
12  1
17  -2
12  7
11  -8
12  3
11  -3
7  -2
14  -2
13  -1
13  -1
14  -2
16  -1
11  -1
19  -4
15  1
11  -4
19  4
10  -2
14  -8
11  -4
15  -1
12  6
15  -4
12  7
17  -3
8  -1
15  -6
14  -6
14  -3
12  1
10  -1
10  -3
14  -1
12  2
14  -7
11  -1
15  -3
17  -8
11  -9
11  -2
16  1
15  -6
15  -4
11  -3
14  -2
18  -4
7  -7
7  -5
11  -1
11  -1
11  -7
14  -1
19  -4
11  -7
15  2
16  -1
16  5
15  -3
10  -3
13  0
11  -4
12  7
17  -6
9  -2
18  -6
12  8
14  -7
14  -2
17  -5
14  -2
13  1
12  5
13  0
14  -7
13  -3
15  -5
9  2
11  -6
11  -8
11  -3
11  -4
10  -2
13  -1
17  -6
12  5
5  -1
10  -1
9  1
13  -3
14  -9
16  3
14  -2
10  -2
18  0
11  -4
15  -3
13  -4
8  -5
11  -6
14  -8
9  -5
11  -9
9  2
15  -3
13  4
16  2
14  -5
13  2
12  5
12  6
15  1
13  0
9  -5
15  0
13  3
15  2
11  -1
14  -9
14  -7
9  1
13  -2
14  -7
12  1
14  -3
11  -1
12  9
12  5
15  0
11  -5
10  -6
12  1
11  -6
15  1
15  1
14  -1
14  -2
10  -5
14  -6
9  -5
6  3
11  -3
15  -2
11  -4
11  -5
16  -3
11  -9
15  1
10  2
14  -2
10  -1
9  -6
10  -3
8  -7
10  -3
11  -8
11  -3
13  1
9  -1
21  -1
6  -2
15  -5
7  -7
14  -8
16  -3
9  -6
12  8
14  -4
13  4
14  -8
14  -9
9  -4
13  1
10  0
13  2
4  5
11  -4
8  -7
10  -4
6  0
17  -8
17  -7
9  -4
9  -1
12  8
9  1
13  2
14  -3
18  0
11  -1
14  -5
13  -3
15  -2
11  -3
16  5
12  4
14  -3
11  -9
18  -6
11  -9
15  2
14  -5
18  -8
8  -1
14  -3
13  3
13  3
13  -1
13  3
18  0
14  -8
13  -2
7  -1
14  -5
9  -4
14  -1
11  -5
15  -3
11  -1
17  -6
13  -1
12  6
17  -9
16  -3
13  -2
13  2
13  1
11  -3
8  -7
10  2
12  5
17  -9
10  -1
12  9
12  7
11  -5
12  1
9  2
16  1
11  -4
13  -2
10  -6
15  -3
16  -3
12  5
10  -1
14  -6
11  -3
10  0
11  -3
11  -4
14  -2
15  -5
15  0
14  -6
14  -2
14  -3
13  -4
11  -3
12  2
14  -7
11  -6
16  -2
14  -9
21  -1
14  -5
12  2
16  2
14  -8
20  9
12  9
12  2
13  0
14  -8
16  4
17  -10
7  -6
9  -1
12  8
11  -6
11  -3
11  -3
9  -2
12  7
16  5
15  -6
10  -4
15  2
14  -5
9  -4
12  7
12  2
13  2
18  -7
14  -3
11  -5
14  -2
12  2
13  -4
14  -2
14  -6
13  3
17  -7
13  -1
16  5
18  -1
9  2
17  -8
11  -6
16  -2
13  -4
18  -5
11  -2
14  -3
10  -6
13  -3
13  -4
7  0
9  2
6  -3
12  3
15  -2
12  6
13  2
11  -3
11  -8
11  -2
12  4
9  -3
11  -2
14  -6
15  -3
16  -3
15  0
10  -1
12  5
15  -6
16  1
12  2
16  4
11  -3
14  -8
13  -2
14  -4
10  -1
12  9
21  0
13  -4
15  1
13  -1
12  7
14  -6
8  -7
11  -5
16  0
13  -1
13  -2
15  -2
12  6
11  -3
12  4
13  0
12  7
7  -4
10  -2
12  5
13  -2
13  1
9  -5
14  -4
12  7
12  2
14  -6
12  1
13  -4
8  -7
13  -4
13  -2
16  -2
9  -5
11  -5
17  -7
13  0
15  1
15  -2
11  -2
14  -6
8  -4
9  -1
19  1
18  -1
14  -5
16  -2
11  -7
13  -4
10  -1
16  -2
14  -2
21  7
12  9
17  -9
11  -3
16  2
13  -2
12  8
14  -3
11  -9
13  3
12  6
17  -6
14  -9
11  -1
10  -4
20  8
18  -7
7  -7
14  -5
14  -4
13  1
13  -1
17  -8
15  -5
17  -2
13  -2
11  -4
12  1
14  -9
15  -3
16  -3
12  1
10  -2
15  -1
12  7
13  1
14  -7
18  0
13  2
10  -1
12  4
11  -4
11  -3
13  1
13  0
15  -1
12  9
15  -5
14  -7
14  -5
17  -2
16  -1
13  -2
9  1
14  -7
13  -4
15  -6
15  1
14  -4
10  -4
17  -9
15  0
13  4
12  3
12  1
12  2
17  -10
14  -7
11  -8
15  0
14  -5
13  -2
10  1
13  2
11  -2
16  1
14  -3
16  3
14  -8
19  -2
16  -3
18  -6
13  -3
19  0
13  1
13  0
10  -1
13  2
12  8
17  -9
11  -6
17  -2
11  -3
15  -1
15  1
17  -6
11  -7
18  -8
20  9
14  -5
11  -3
16  4
16  -2
16  1
19  -2
10  -4
14  -4
11  -5
10  -2
14  -9
16  -2
11  -5
14  -7
13  2
12  4
14  -3
8  -7
15  -1
11  -8
8  -5
15  2
12  5
12  2
7  -1
11  -8
17  -8
14  -1
14  -9
14  -8
15  0
15  -6
11  -7
9  -1
13  2
15  -5
12  1
19  -1
15  -4
13  -4
12  1
12  3
11  -3
9  -5
11  -7
18  -8
11  -7
15  -6
13  3
11  -7
10  -3
17  -7
9  -5
18  -7
15  1
14  -4
19  2
12  2
13  2
5  -3
11  -3
18  -3
14  -5
16  -1
13  2
12  2
16  -1
13  -4
13  -4
14  -4
11  -8
16  -2
16  4
15  1
13  2
12  8
12  6
12  8
15  -5
14  -1
16  -3
15  -4
12  4
13  -2
10  2
16  4
14  -4
18  -5
10  -5
10  -2
11  -1
15  1
12  4
9  -6
9  -2
14  -9
14  -4
16  0
14  -1
11  -7
18  0
11  -1
14  -3
12  7
13  2
11  -7
14  -9
17  -2
12  8
15  -1
12  4
11  -6
12  1
12  1
16  4
15  -4
10  -1
17  -5
13  0
8  -7
12  6
9  -6
14  -9
14  -9
14  -6
10  -2
15  -3
18  -3
16  1
13  2
13  1
9  -6
14  -2
16  -2
10  -2
13  -3
15  1
14  -3
12  4
16  3
14  -2
14  -3
10  -6
14  -4
10  2
13  3
12  6
15  -5
15  -2
9  -5
10  1
13  0
12  9
10  -3
10  -3
3  -8
13  -3
14  -2
15  -5
13  -2
15  0
11  -7
8  -2
15  2
10  0
14  -3
12  5
12  9
11  -2
16  -3
7  -5
15  -5
8  -2
13  -4
15  -5
10  -4
11  -6
11  -2
16  4
18  -6
14  -6
9  -2
13  -3
10  1
13  1
11  -6
12  3
14  -9
12  4
12  8
18  0
17  -4
9  -2
12  7
15  1
14  -7
9  1
10  -3
14  -2
14  -9
13  1
8  -7
10  0
13  -4
17  -9
16  1
16  3
12  1
9  -4
15  -3
11  -8
13  -4
10  -6
13  -4
12  1
17  -3
14  -7
15  0
13  2
11  -2
13  4
10  -2
13  4
14  -9
9  -5
13  -1
12  7
16  -3
14  -5
11  -3
15  -1
17  -3
11  -1
5  -1
12  5
10  -1
12  6
12  1
11  -1
11  -8
9  -4
15  -6
14  -1
10  -2
10  1
13  3
15  -2
13  0
14  -4
6  -4
11  -1
14  -4
13  4
12  6
13  -4
14  -2
11  -4
12  5
14  -5
18  -3
8  -1
9  -1
15  -6
12  7
8  -2
16  3
16  -2
14  -9
13  -1
10  -6
17  -4
11  -8
13  0
12  4
16  -2
15  -2
12  3
15  2
16  0
11  -1
13  2
11  -8
11  -2
13  -1
12  3
11  -8
11  -9
12  7
15  -4
14  -1
15  -2
20  9
14  -5
17  -10
14  -6
17  -2
14  -8
12  3
13  -4
7  -3
11  -8
11  -5
12  1
15  -5
12  3
16  -1
11  -8
6  0
14  -1
12  8
17  -2
12  6
9  -1
6  -5
9  -4
13  -2
11  -2
17  -5
10  -2
18  0
18  -2
9  1
7  -2
14  -7
12  9
15  -1
14  -8
13  -1
13  -2
14  -8
14  -7
16  3
11  -5
9  -3
14  -8
15  -5
11  -5
10  -4
15  -2
16  -1
20  4
11  -2
17  -6
14  -5
13  0
16  -2
14  -8
13  -4
11  -3
14  -8
15  2
12  4
12  5
15  0
13  -4
16  -2
12  3
13  -4
11  -4
12  7
10  -2
14  -3
14  -7
11  -1
13  -2
15  -4
11  -8
20  2
12  2
13  4
16  0
13  0
18  -1
14  -1
15  -6
15  -1
14  -7
17  -9
17  -7
12  9
16  0
10  2
15  2
15  -6
14  -5
11  -3
19  3
14  -4
15  -5
13  -3
13  3
