28  7
26  4
26  3
26  4
27  3
25  8
22  -5
25  5
24  -3
27  3
24  3
25  5
25  4
20  -4
26  -4
24  0
23  -4
29  -7
25  10
24  1
28  7
25  2
26  3
24  3
29  -9
28  4
25  9
24  0
27  4
30  4
29  -7
26  3
24  5
26  0
24  -2
27  8
24  0
25  5
22  1
23  -3
21  3
26  -4
24  0
23  -9
28  9
23  -4
26  -4
26  3
28  8
28  9
22  -5
27  2
24  -2
25  7
23  -10
27  5
27  0
24  5
22  0
26  0
26  0
25  2
27  0
25  5
28  9
22  -6
22  -5
26  1
26  -3
26  3
23  -4
24  4
26  -3
27  8
26  -1
25  2
24  2
25  10
27  1
23  -6
23  -8
24  3
24  0
25  4
26  0
26  4
24  2
29  -10
27  3
26  -1
24  5
24  3
22  -1
22  -6
25  6
28  4
25  8
23  -4
24  -1
28  6
22  0
27  7
22  -4
25  6
25  6
25  3
24  -2
25  5
29  -3
25  7
23  -6
25  7
26  3
25  6
26  -3
24  -2
24  0
28  7
24  0
26  1
28  3
29  -11
26  4
24  4
22  -2
27  1
25  9
27  3
27  5
26  -2
25  3
30  7
25  6
22  -3
26  1
25  9
20  2
23  -10
25  8
22  -5
24  -2
25  9
25  3
24  4
26  1
23  -4
25  10
25  3
26  -2
28  5
25  7
26  -2
24  0
26  2
29  -7
25  9
25  2
26  2
27  2
29  -10
28  4
28  6
27  8
24  3
25  6
23  -8
22  -7
26  -2
20  -3
27  5
25  2
27  3
24  3
27  0
20  3
28  7
24  0
22  -5
25  6
24  -2
24  2
26  3
23  -9
22  -4
25  5
25  10
28  6
24  -1
26  1
23  -4
25  4
24  2
25  6
25  7
23  -4
26  -2
24  2
24  5
27  6
23  -8
25  9
20  1
28  8
24  5
25  7
27  0
26  3
27  6
25  9
24  -2
23  -3
26  3
25  10
20  3
24  2
22  -1
28  4
26  -3
26  3
23  -6
29  -4
26  1
28  3
26  -4
25  7
26  1
27  7
23  -10
23  -9
27  0
23  -2
23  -9
26  -4
25  6
25  10
26  -2
26  4
26  -4
25  4
26  4
23  -3
25  10
23  -8
19  10
24  -1
25  4
27  2
20  -2
22  -1
29  -8
25  2
25  8
21  10
25  9
21  9
25  3
24  -2
28  9
25  9
21  8
29  -6
27  7
26  2
26  2
24  3
25  5
23  -7
25  4
23  -2
25  3
23  -10
28  3
22  -1
27  6
26  -2
26  0
23  -5
23  -4
25  5
22  -7
23  -3
24  5
25  6
22  1
26  -2
24  -1
21  9
25  2
24  4
27  2
20  -4
26  -4
25  2
26  -4
25  9
25  4
26  -1
23  -10
28  9
30  9
22  -3
28  3
26  -2
23  -2
19  11
26  4
25  9
29  -9
26  -2
23  -3
26  -1
23  -5
25  2
24  3
26  0
24  1
21  7
20  -2
21  5
25  8
25  6
28  9
27  5
23  -8
25  7
25  8
21  3
23  -6
25  8
21  6
25  6
25  7
27  1
25  4
30  5
25  4
27  8
31  -8
22  -2
24  3
29  -4
21  5
25  2
25  3
26  -1
26  1
27  5
23  -9
26  -3
22  1
22  -6
20  -1
25  5
23  -5
23  -7
24  0
23  -2
21  6
25  7
22  1
22  -4
23  -9
20  -3
27  1
28  8
25  6
24  0
26  -4
30  7
24  4
26  0
22  -4
25  7
23  -10
24  2
27  4
27  5
23  -2
26  2
27  8
24  -3
28  4
25  2
25  10
30  10
25  7
22  -4
27  6
28  4
25  3
26  4
25  3
26  -2
21  6
28  3
24  1
30  8
26  1
26  -2
21  3
29  -10
29  -7
24  5
26  4
24  4
28  8
21  5
24  4
23  -8
25  6
28  6
25  4
28  8
28  10
22  1
29  -5
20  0
23  -6
23  -7
25  9
23  -9
25  10
24  1
26  4
20  -4
29  -4
25  3
25  7
26  -3
25  5
24  3
24  5
24  4
26  1
24  2
25  8
28  5
24  -2
27  3
25  7
25  2
25  10
25  2
28  2
26  -2
30  4
22  -2
23  -8
27  1
22  1
26  -1
27  5
26  3
25  4
24  -3
26  4
22  -6
25  5
24  -2
26  -3
26  -3
23  -6
21  7
21  2
22  -4
26  3
27  6
23  -7
27  6
25  6
25  9
25  3
30  6
26  2
29  -10
25  2
23  -7
24  -2
25  4
24  0
25  5
23  -8
22  -4
27  1
26  -1
24  3
28  3
23  -6
25  2
29  -9
19  7
28  8
24  5
28  9
22  -7
24  -1
26  2
28  9
24  5
23  -6
26  -4
25  3
23  -6
22  1
26  4
20  0
23  -8
24  -1
25  7
24  4
27  0
23  -8
23  -6
27  5
25  10
25  7
29  -8
24  4
29  -11
28  9
27  5
24  -1
25  8
28  3
25  7
28  4
23  -2
27  6
25  3
23  -8
26  1
27  5
26  -4
24  4
25  9
26  2
28  10
27  6
28  6
28  8
24  2
24  0
26  0
19  4
27  4
28  2
22  -2
21  9
21  5
26  -1
26  1
24  -2
24  4
25  4
25  10
23  -6
25  4
21  2
25  5
28  5
29  -7
26  1
22  -5
26  -1
26  2
26  -4
20  3
22  -1
28  6
22  1
25  4
29  -5
29  -11
26  -2
26  2
26  3
26  4
25  10
22  1
23  -5
24  5
28  5
26  3
27  4
26  3
22  0
25  2
27  3
26  -1
23  -5
23  -2
25  7
20  -3
27  5
20  -4
29  -4
25  4
25  4
23  -4
22  -5
24  3
21  6
26  1
24  2
26  0
26  1
26  -4
22  -6
28  10
27  6
24  -1
22  -4
20  2
26  3
23  -4
22  -2
26  3
23  -3
24  2
20  -2
27  3
26  -2
24  5
25  6
23  -3
25  4
22  -4
25  8
19  4
24  -1
25  2
22  -6
27  5
24  -3
25  3
27  4
25  8
22  1
27  6
24  3
29  -7
26  0
27  5
28  2
25  10
27  6
24  5
24  -2
26  -3
28  9
24  5
26  4
27  4
25  9
25  2
20  -2
27  2
23  -10
26  1
21  6
22  -3
26  1
25  3
22  -7
26  0
26  1
23  -7
26  -1
25  2
27  4
28  10
27  2
26  -2
29  -5
21  4
25  5
26  -2
26  1
24  2
25  10
23  -5
25  6
25  5
25  5
21  5
25  2
25  9
28  6
25  7
24  0
25  7
24  -2
23  -3
21  2
23  -6
21  2
22  -2
25  3
24  1
22  -4
28  5
24  5
25  6
27  6
23  -4
27  7
24  -1
27  1
27  4
25  3
28  6
25  7
22  0
25  8
21  3
29  -10
26  0
28  7
23  -10
27  4
28  6
26  -3
21  4
28  2
28  2
27  6
25  6
27  4
26  2
26  -1
20  0
26  -1
26  -4
24  -2
24  4
28  7
21  10
25  9
28  9
24  4
28  5
24  -3
20  -1
30  7
22  -3
25  6
23  -9
25  2
26  -2
27  0
23  -7
25  4
26  -4
27  3
24  -2
22  -4
26  3
24  5
27  7
26  -1
23  -4
25  4
24  3
25  8
29  -11
24  -3
24  5
29  -6
24  -3
27  0
28  2
22  1
29  -8
25  6
21  8
24  -1
24  5
28  3
26  -3
24  3
25  4
24  4
25  2
29  -3
24  1
27  7
24  -1
22  -4
26  -1
25  2
25  9
23  -4
23  -8
25  5
27  2
24  1
24  4
26  -3
29  -4
29  -3
29  -9
21  10
29  -8
25  8
26  -1
28  2
24  -1
26  -1
26  -2
28  2
22  -7
26  0
28  6
26  -3
21  6
24  -1
26  -4
24  -1
23  -5
23  -3
24  2
23  -7
25  10
21  6
27  3
24  -1
25  8
21  7
25  8
17  9
23  -4
24  3
31  -3
24  2
27  0
24  1
23  -6
25  2
24  0
24  0
24  4
22  -5
23  -8
25  3
24  -1
26  -4
24  4
26  -4
27  2
23  -8
24  -3
24  4
20  -2
25  5
26  -3
25  4
25  8
25  3
21  10
27  5
23  -2
26  4
24  -2
25  10
27  5
26  -4
27  0
21  5
25  4
24  0
24  0
25  8
20  -3
27  6
23  -6
23  -9
25  9
29  -5
23  -7
20  0
27  0
26  -1
25  7
28  4
29  -6
26  0
26  -1
27  0
22  -4
26  2
23  -5
24  1
25  6
24  -3
25  9
23  -9
24  1
23  -8
28  5
22  0
25  8
29  -6
24  1
25  7
23  -5
22  -5
26  2
25  6
26  -1
26  3
29  -5
26  2
23  -2
26  -3
22  1
27  2
25  9
22  -2
21  7
26  0
23  -2
26  3
26  -2
24  4
25  2
26  -2
22  -3
25  9
24  5
25  10
25  9
21  2
26  -3
25  3
23  -4
28  7
25  2
25  2
24  2
26  -1
27  1
30  11
24  0
25  6
26  4
27  0
23  -8
26  -1
28  3
29  -4
28  7
25  5
26  4
27  5
25  7
22  -6
22  -1
22  -6
18  0
23  -9
26  3
21  10
20  1
24  -2
27  1
26  -3
25  5
30  3
24  -1
25  3
24  0
25  7
22  0
26  -4
23  -7
25  10
24  4
24  -3
24  -1
24  -1
24  0
26  2
24  0
27  1
24  5
23  -9
21  5
22  0
23  -7
22  -3
25  2
28  3
23  -8
24  -1
25  6
22  -7
28  8
21  5
27  4
24  3
