5  6
7  0
7  1
6  -5
6  -4
7  0
7  1
6  -4
7  0
9  -3
7  1
6  -6
7  2
9  -3
9  -3
6  -6
5  7
5  7
5  5
6  -4
7  2
8  -1
4  2
6  -6
6  -6
8  0
3  -7
7  1
7  0
5  7
8  -2
10  5
7  0
5  5
6  -6
7  2
6  -4
7  1
6  -4
7  0
6  -4
7  1
5  6
5  7
7  1
9  -3
7  1
7  2
7  0
10  5
8  0
7  1
8  -2
6  -5
8  0
9  -5
8  0
6  -6
7  2
7  0
8  -2
10  6
7  1
8  0
8  -1
8  -2
8  -1
8  -2
10  6
5  5
8  -2
4  0
10  6
6  -5
6  -4
5  6
7  1
8  -2
6  -4
8  0
9  -4
10  7
5  7
8  -1
8  -2
9  -4
7  0
8  -2
8  -2
9  -5
6  -5
8  -1
8  -2
7  1
9  -3
8  -1
6  -6
10  6
7  1
7  0
10  6
9  -4
9  -3
8  0
4  1
6  -5
8  -1
6  -4
6  -6
6  -5
6  -5
7  1
10  5
8  0
8  -2
4  0
8  0
7  0
10  7
9  -4
7  2
10  5
10  7
7  2
9  -3
7  1
7  2
4  1
6  -6
7  1
7  1
7  0
5  6
6  -4
7  0
5  7
9  -4
6  -6
8  0
9  -4
8  0
10  7
6  -4
6  -6
8  -2
6  -6
8  0
7  0
9  -4
7  1
6  -5
10  7
10  6
6  -5
2  -1
6  -5
7  1
5  7
9  -5
9  -3
8  0
8  0
9  -5
4  0
7  1
9  -5
6  -5
7  1
7  1
6  -6
5  6
7  2
5  5
8  -2
5  5
7  0
5  7
10  5
6  -4
8  0
8  -1
6  -6
6  -4
5  5
7  2
8  0
6  -5
6  -4
9  -4
7  2
6  -6
7  1
7  1
7  0
6  -5
8  0
2  -1
7  2
6  -6
6  -5
8  -1
9  -4
10  7
5  6
7  1
6  -6
10  6
6  -5
6  -6
8  -1
8  0
8  0
7  0
6  -5
8  -2
7  2
6  -6
6  -6
8  -1
8  0
8  0
6  -5
9  -4
10  5
9  -4
9  -5
9  -4
8  -2
7  1
7  0
6  -5
3  -7
5  6
7  0
6  -5
10  5
5  5
6  -6
9  -4
5  6
6  -6
6  -4
5  6
7  0
7  1
7  1
7  2
5  7
9  -3
3  -8
6  -4
6  -6
8  -1
8  -2
10  7
8  -2
6  -5
9  -3
6  -4
8  -1
7  2
5  6
6  -6
6  -4
7  2
5  6
7  2
8  0
7  0
8  0
8  0
8  -1
5  5
7  0
6  -4
7  2
8  0
7  2
8  0
3  -6
9  -4
7  0
9  -4
6  -4
9  -4
7  0
6  -4
9  -4
7  0
5  5
7  2
5  7
8  -1
6  -4
5  7
7  0
10  6
7  0
8  -1
7  2
6  -6
4  2
6  -4
5  5
7  2
8  -1
6  -5
9  -3
7  1
7  1
8  -1
6  -4
7  1
6  -6
9  -5
8  0
6  -4
6  -4
8  -2
7  2
5  5
8  -2
10  6
5  6
7  2
5  7
9  -3
6  -4
6  -6
7  1
9  -3
8  0
7  0
8  -1
7  1
10  6
9  -4
6  -6
7  0
8  0
5  7
7  0
7  1
9  -4
5  7
5  7
9  -4
7  0
9  -3
7  2
8  -2
9  -4
4  1
6  -5
5  5
6  -4
7  0
7  1
6  -5
10  6
8  0
9  -5
7  1
9  -3
5  7
6  -4
5  7
3  -7
7  1
6  -4
9  -5
7  0
7  2
6  -4
9  -4
10  5
9  -5
7  1
9  -3
7  0
8  -1
8  0
5  7
6  -5
10  5
7  2
6  -6
8  -2
7  1
6  -5
5  7
8  -1
8  -2
7  1
8  -2
6  -5
9  -3
6  -6
7  0
5  6
8  -1
10  6
7  0
7  0
6  -5
7  2
7  0
8  -1
9  -3
7  1
6  -5
8  -2
9  -3
7  0
8  -2
4  2
7  0
7  2
7  2
8  -1
9  -3
4  2
5  5
8  0
6  -6
7  2
7  2
6  -6
3  -6
5  6
7  2
5  6
8  -1
10  7
10  7
9  -3
5  7
6  -5
3  -7
8  -2
8  -2
8  -1
6  -4
9  -4
6  -5
8  -2
9  -5
9  -3
4  2
7  0
4  0
3  -7
7  2
8  -2
8  -2
6  -5
6  -4
4  0
8  -1
8  -2
5  6
7  1
9  -3
7  0
8  -2
8  0
8  0
9  -4
9  -5
6  -5
7  0
7  1
6  -6
9  -4
6  -6
9  -4
8  0
8  -1
6  -4
7  0
9  -3
9  -3
10  6
8  -1
10  5
7  1
7  2
7  1
8  -1
4  1
5  7
6  -6
5  5
6  -4
8  -1
6  -4
8  0
7  2
6  -6
8  -1
7  0
7  0
8  -1
5  5
7  1
4  0
8  0
6  -5
7  2
5  7
6  -4
6  -4
5  6
8  -1
10  6
7  0
6  -4
8  0
6  -6
7  2
6  -6
8  0
7  0
7  0
6  -5
5  5
8  -1
9  -3
6  -5
10  6
6  -6
5  5
10  7
6  -6
5  5
6  -5
6  -5
9  -3
5  7
6  -4
6  -6
10  5
7  1
6  -5
6  -6
6  -6
7  0
4  1
5  6
11  1
8  0
7  1
7  1
6  -4
6  -5
6  -4
8  -2
4  2
7  0
5  7
8  0
5  7
8  -1
6  -4
3  -7
9  -5
6  -5
6  -6
7  0
6  -5
9  -5
4  2
8  -1
7  0
7  2
4  0
6  -4
6  -4
7  1
6  -4
6  -6
7  1
6  -5
10  5
6  -6
7  2
6  -4
3  -8
7  0
10  6
7  0
6  -6
9  -5
8  -2
5  5
9  -4
6  -4
5  5
7  1
10  6
8  -2
9  -3
7  2
9  -5
8  -1
6  -4
8  -1
7  1
9  -4
8  -2
6  -6
8  -1
9  -4
7  1
7  1
4  2
6  -4
5  5
6  -6
11  1
7  0
7  2
6  -4
8  0
7  1
10  5
9  -5
8  -2
9  -4
8  0
7  2
8  0
8  0
5  6
7  2
7  1
8  -2
5  7
6  -6
6  -6
9  -5
7  2
7  1
6  -5
9  -5
5  6
9  -4
9  -5
7  1
8  -1
9  -5
6  -4
5  5
8  0
7  0
9  -3
9  -4
8  0
8  0
9  -3
6  -6
5  5
4  0
7  0
7  2
9  -5
5  7
8  -1
7  0
7  2
8  0
9  -5
6  -4
7  1
7  0
8  -2
9  -4
6  -5
8  -2
6  -4
9  -3
6  -4
6  -5
5  7
8  0
7  0
7  1
4  1
10  6
6  -4
9  -3
6  -5
7  2
8  0
7  0
9  -4
6  -5
7  2
5  5
4  2
6  -4
9  -5
8  -2
6  -5
3  -6
8  -1
5  5
8  -2
7  1
7  1
8  -2
10  7
9  -3
7  2
9  -3
6  -5
7  1
6  -4
6  -5
7  2
8  -1
8  0
9  -4
10  7
7  1
10  7
9  -5
9  -4
5  5
8  0
8  0
5  5
6  -5
6  -4
7  2
10  5
5  6
8  0
5  6
9  -4
5  7
7  1
9  -5
5  5
8  -1
8  -2
8  -1
9  -3
8  -1
7  1
8  -2
7  0
10  5
7  0
6  -6
8  -1
10  7
6  -4
7  2
5  6
9  -4
8  0
9  -4
7  2
6  -5
9  -5
3  -7
9  -4
7  1
8  0
7  1
9  -3
9  -3
5  7
4  0
6  -6
6  -6
5  7
7  2
7  2
8  -2
8  -1
8  0
3  -6
9  -4
7  2
5  5
7  2
8  -1
9  -5
9  -3
3  -8
5  7
8  -1
6  -4
8  -2
7  1
9  -4
8  -1
10  5
9  -4
6  -4
6  -4
5  6
9  -4
9  -5
9  -5
9  -3
8  -1
7  2
9  -3
6  -5
5  5
7  0
9  -5
5  5
7  1
8  0
5  5
9  -5
10  7
6  -4
5  5
9  -5
7  2
6  -5
7  2
7  0
6  -5
9  -4
5  6
5  6
8  -2
7  1
6  -5
8  -2
9  -5
7  1
9  -4
7  0
8  0
5  6
5  7
8  -2
6  -4
8  -2
5  5
9  -5
9  -4
5  7
8  0
8  -1
6  -6
6  -6
9  -5
6  -5
7  1
6  -5
5  6
7  1
8  0
6  -6
4  2
7  0
7  1
7  2
7  1
8  -1
7  1
8  -2
7  2
8  -1
8  0
10  7
3  -8
4  2
4  2
10  7
6  -5
6  -6
10  6
8  -2
6  -5
5  5
7  2
8  0
8  -2
9  -5
9  -3
6  -6
8  -1
9  -3
4  1
5  5
11  0
4  0
7  0
5  5
8  0
6  -4
7  1
8  -1
7  1
7  0
5  7
8  -1
5  6
7  1
7  2
7  1
7  2
8  -2
5  7
8  -1
4  1
5  7
7  0
5  6
7  0
8  -2
5  6
8  0
6  -5
7  2
9  -5
8  -2
7  2
4  1
6  -4
9  -4
6  -6
7  1
8  -2
8  -2
7  0
7  1
5  6
7  1
7  2
8  0
8  -2
7  2
8  -1
6  -6
8  -1
9  -3
7  1
6  -6
6  -6
10  5
7  2
5  6
6  -6
9  -5
7  1
9  -4
7  0
7  0
6  -5
7  2
9  -4
7  2
8  -1
8  -2
6  -6
10  5
8  0
8  -1
8  -2
9  -3
8  -1
6  -5
4  0
9  -5
9  -3
7  2
7  0
8  -2
8  -1
7  1
8  -2
8  0
8  -1
11  2
5  7
9  -3
4  2
7  0
7  1
7  0
6  -5
8  -2
8  -1
5  7
3  -7
8  0
8  0
6  -5
5  5
11  1
