11  8
6  -1
7  -5
7  -5
3  -4
3  -5
9  -2
12  3
12  3
6  -1
6  0
8  0
9  -2
5  2
9  -2
7  -6
6  -1
8  1
9  -2
8  2
5  1
6  1
9  -1
8  0
6  -1
9  -3
6  0
5  1
6  1
9  -2
10  -1
7  -6
3  -4
7  -6
6  1
11  7
12  2
9  -3
7  -7
7  -7
7  -7
6  0
10  1
5  1
6  0
8  2
9  -1
9  -1
9  -3
7  -7
11  8
7  -6
3  -6
9  -2
5  3
5  3
6  0
6  1
9  -1
5  3
8  2
7  -7
11  7
7  -6
9  -3
7  -7
3  -4
8  2
11  6
4  7
5  3
7  -5
16  3
9  -3
4  7
2  -1
8  2
6  1
12  3
7  -5
7  -5
8  0
6  0
12  1
7  -7
7  -5
7  -5
7  -6
6  1
5  3
8  1
5  3
5  1
9  -1
6  -1
8  1
5  2
8  2
7  -5
8  2
7  -5
7  -6
5  2
11  7
11  7
4  7
5  1
10  1
10  1
9  -1
5  3
7  -5
9  -1
6  1
8  2
6  1
8  0
9  -3
6  0
11  8
9  -3
6  1
8  0
8  1
9  -2
10  0
5  2
5  1
6  1
8  2
4  7
13  2
11  6
5  1
9  -1
6  0
6  0
8  2
6  -1
10  0
4  8
6  0
9  -2
10  0
10  -1
7  -6
7  -5
9  -2
9  -2
7  -7
8  2
6  0
12  2
4  7
10  0
6  1
10  -1
10  -1
7  -6
8  1
5  3
9  -1
5  1
9  -1
3  -5
3  -4
7  -7
7  -7
8  0
8  0
9  -2
11  7
6  0
13  4
10  0
7  -6
7  -6
6  0
7  -7
7  -5
7  -7
9  -3
11  7
8  0
10  0
11  7
7  -6
10  1
13  2
4  7
10  -1
5  3
11  7
8  1
10  1
5  2
5  1
10  -1
7  -6
5  2
7  -6
7  -7
8  1
7  -5
6  -1
9  -2
2  0
7  -7
10  0
4  7
6  1
9  -1
7  -6
7  -6
8  0
8  0
8  1
10  -1
7  -5
4  8
4  6
4  8
5  1
8  2
8  1
8  1
5  1
5  2
4  8
9  -1
8  2
10  -1
8  1
8  1
8  2
7  -7
5  1
4  8
7  -5
7  -6
6  1
7  -6
8  2
11  7
14  5
6  0
7  -5
9  -1
11  7
6  1
7  -6
5  1
7  -6
7  -7
8  0
2  0
9  -2
9  -3
5  2
4  8
4  8
5  1
9  -2
8  2
8  2
7  -5
6  0
6  -1
8  1
9  -1
5  2
4  8
8  2
5  1
9  -3
8  0
6  -1
10  -1
4  6
8  1
8  2
6  1
8  1
11  6
8  2
7  -7
6  0
10  -1
7  -6
7  -6
8  0
11  8
10  -1
5  1
8  2
7  -7
12  3
11  8
5  3
5  1
13  4
8  0
7  -6
7  -5
11  6
5  3
7  -5
6  0
8  1
6  -1
8  0
14  7
6  -1
5  1
11  7
8  0
10  0
11  8
8  0
10  1
9  -1
5  3
8  1
7  -5
6  0
7  -6
8  1
6  1
5  3
3  -4
6  -1
11  7
6  1
4  7
4  8
7  -5
6  -1
6  0
5  1
9  -1
8  1
12  3
8  1
6  0
6  -1
8  2
7  -5
7  -5
5  2
7  -7
11  7
9  -3
6  1
8  0
4  6
8  2
4  7
7  -7
8  2
9  -1
9  -3
13  4
11  6
11  6
6  -1
10  0
8  2
8  1
6  -1
7  -6
7  -7
9  -1
9  -3
7  -5
8  1
3  -5
8  2
6  0
13  2
8  2
8  1
3  -5
6  0
6  -1
6  1
6  1
6  -1
6  1
10  -1
5  3
7  -7
7  -6
5  1
7  -5
10  0
6  0
1  -4
6  1
8  0
5  3
7  -5
8  2
10  -1
6  1
9  -3
9  -2
10  1
3  -6
9  -1
10  1
6  1
8  2
8  2
6  1
7  -5
6  1
5  3
8  2
9  -1
9  -1
13  2
5  3
6  1
11  7
9  -3
6  -1
6  0
5  1
4  8
14  7
9  -2
12  3
11  7
7  -5
8  1
5  2
4  7
9  -1
8  0
4  6
5  1
8  2
11  8
12  2
7  -7
6  -1
6  -1
5  1
6  -1
7  -6
9  -1
7  -7
3  -6
7  -6
7  -7
9  -1
11  6
9  -1
10  1
7  -7
3  -6
5  3
8  0
6  1
4  7
3  -6
6  0
8  2
8  0
4  6
6  -1
3  -5
9  -3
11  7
9  -2
7  -7
6  -1
9  -3
11  8
9  -3
9  -1
6  -1
6  1
10  1
5  3
6  0
10  0
6  1
11  8
6  1
6  1
9  -2
4  7
8  2
10  -1
10  0
6  0
7  -5
8  1
6  1
5  2
6  1
3  -6
4  6
7  -6
3  -4
8  1
3  -5
10  1
7  -5
3  -6
6  0
6  -1
10  1
5  3
5  3
8  1
7  -6
7  -5
7  -7
10  1
5  3
7  -6
4  6
8  0
5  2
7  -7
5  2
8  0
7  -5
9  -3
10  0
5  1
9  -3
5  2
6  1
7  -6
5  1
6  -1
8  1
6  0
5  2
6  1
10  -1
6  0
3  -4
4  8
9  -2
8  2
8  2
11  8
7  -6
7  -6
6  0
8  1
9  -3
7  -5
6  0
7  -5
8  1
7  -5
3  -5
7  -6
1  -6
8  2
6  0
7  -6
7  -6
6  0
5  2
7  -6
4  6
5  1
4  8
6  -1
5  3
8  2
7  -7
4  8
6  0
3  -4
5  3
3  -4
9  -3
3  -5
6  0
8  1
10  1
8  0
7  -7
8  1
6  -1
7  -5
6  1
5  3
6  1
11  6
9  -2
11  6
8  2
9  -2
6  0
11  8
13  4
5  1
9  -2
5  3
7  -5
6  -1
11  8
8  0
10  1
9  -2
10  -1
11  8
8  0
8  2
5  1
8  1
8  0
9  -3
8  0
7  -5
8  1
9  -1
6  -1
8  0
9  -3
14  6
6  1
12  2
8  0
7  -5
6  1
3  -6
7  -5
11  8
8  1
5  3
9  -3
2  1
8  2
6  1
7  -6
5  2
2  1
7  -5
2  0
10  -1
10  0
5  1
4  6
7  -5
8  1
9  -2
4  6
6  -1
6  1
8  0
8  2
8  1
4  6
7  -6
6  0
4  6
6  1
6  -1
9  -3
10  -1
8  2
6  1
9  -2
9  -3
5  1
5  1
6  -1
9  -1
11  6
8  1
12  1
5  2
5  2
10  0
9  -3
11  7
6  -1
7  -5
6  0
7  -7
9  -3
9  -1
4  8
6  0
8  1
7  -7
2  1
8  0
9  -2
9  -3
8  0
7  -5
5  1
5  3
9  -3
10  -1
5  2
9  -2
10  -1
11  7
8  2
5  1
6  -1
7  -5
9  -3
10  -1
7  -7
10  1
5  3
9  -1
5  1
7  -5
7  -7
6  -1
5  2
4  7
11  8
6  -1
10  -1
7  -6
6  0
12  1
8  1
5  3
9  -2
7  -7
8  1
9  -2
4  8
9  -3
3  -5
8  2
5  2
10  0
6  1
6  -1
7  -6
7  -5
8  2
12  2
11  8
12  1
7  -7
9  -2
8  1
7  -6
7  -6
9  -2
11  7
7  -6
7  -5
11  6
9  -3
11  6
6  1
9  -2
8  0
4  7
5  1
10  0
9  -1
6  -1
3  -4
8  1
6  -1
9  -2
10  -1
6  -1
14  7
5  3
9  -3
8  2
8  0
9  -2
12  2
8  0
10  -1
9  -1
8  2
7  -6
6  0
9  -3
6  0
9  -1
5  2
11  7
5  1
7  -5
7  -5
7  -7
6  -1
9  -3
6  -1
8  0
9  -3
7  -5
5  3
13  4
9  -1
6  -1
7  -5
7  -7
8  2
5  2
5  3
10  0
5  2
7  -6
6  -1
6  -1
8  2
4  8
4  8
8  1
8  1
6  0
6  -1
6  0
4  6
9  -1
8  0
4  8
6  -1
11  7
11  6
7  -6
10  0
7  -7
6  0
5  1
13  4
8  0
9  -2
10  0
6  1
6  0
7  -5
7  -6
9  -2
6  0
7  -6
8  1
3  -4
4  7
5  1
10  -1
6  0
6  -1
5  2
7  -5
7  -6
7  -6
8  2
2  0
8  0
6  1
10  -1
9  -3
5  3
6  -1
8  1
12  1
7  -6
6  -1
9  -1
5  3
5  1
7  -5
6  -1
5  2
11  7
7  -5
10  0
7  -5
5  2
9  -1
7  -7
5  2
12  2
9  -2
3  -6
8  2
5  1
6  -1
6  0
9  -3
9  -2
9  -2
8  1
11  7
5  3
11  8
6  0
9  -2
9  -1
7  -7
10  0
7  -6
5  2
8  0
5  1
4  8
7  -7
5  1
3  -6
8  1
8  2
11  6
6  1
8  1
8  2
12  2
5  1
4  7
6  -1
6  -1
8  2
9  -2
6  0
9  -3
7  -7
6  1
13  2
5  1
12  2
8  0
6  -1
7  -5
4  6
11  8
8  1
1  -4
1  -5
5  2
8  1
8  2
9  -3
10  -1
5  3
6  -1
5  2
7  -5
5  2
6  -1
10  0
10  -1
11  8
6  0
4  6
6  -1
4  8
10  0
6  1
6  0
9  -2
11  6
8  0
6  0
10  -1
8  1
4  6
9  -3
12  1
6  1
9  -2
10  0
4  7
9  -1
8  0
7  -6
4  8
6  -1
3  -5
7  -5
8  2
4  6
9  -3
10  0
5  1
8  0
8  0
7  -5
11  8
6  -1
7  -7
11  8
10  -1
3  -4
9  -3
11  6
11  6
