3  -6
8  -7
6  0
5  0
8  -7
11  -3
6  -1
9  -7
6  -1
5  1
2  -3
3  -5
7  6
11  -3
8  -5
6  -2
3  -6
8  -6
8  -6
8  -5
8  -5
6  0
6  -2
9  -6
7  4
3  -5
7  6
9  -6
8  -7
7  5
6  0
5  1
8  -7
11  -4
8  -7
6  0
7  4
8  -7
5  1
7  4
8  -7
5  0
7  5
7  6
7  5
10  2
11  -4
7  5
8  -7
10  2
7  5
5  2
6  -2
8  -7
7  5
5  1
7  5
7  4
8  -7
4  -7
5  1
8  -7
6  0
9  -8
7  4
4  -7
8  -6
9  -8
10  2
7  5
13  2
4  -6
12  -2
8  -5
5  0
8  -5
5  0
8  -7
9  -7
6  -1
8  -6
6  -2
4  -7
9  -7
6  -2
8  -5
7  4
7  6
6  0
8  -7
6  0
9  -6
6  -2
4  -7
6  -1
7  6
6  -1
9  -8
5  2
6  -2
6  -2
7  4
7  6
7  6
3  -5
8  -6
8  -5
13  2
8  -6
7  4
4  -5
10  2
8  -7
10  4
6  -1
6  0
5  1
11  -3
10  4
10  3
4  -7
7  6
7  5
6  -1
7  6
10  2
3  -5
6  0
7  5
6  -1
7  6
2  -3
4  -7
5  1
5  2
11  -3
11  -4
6  -2
9  -8
8  -5
8  -6
5  1
8  -6
11  -4
6  -1
10  4
4  -5
5  0
5  1
7  4
4  -5
9  -6
6  0
9  -8
5  0
8  -7
5  0
7  4
9  -6
5  0
8  -5
9  -7
9  -8
7  6
8  -5
5  1
9  -7
7  6
8  -7
6  0
9  -7
9  -7
8  -7
7  5
9  -7
6  0
2  -2
4  -7
6  -1
5  0
4  -7
10  3
7  5
4  -5
5  1
6  -2
9  -8
10  3
4  -7
12  -3
6  0
11  -5
2  -4
6  -2
7  5
8  -6
6  -1
5  2
9  -8
8  -5
9  -7
11  -5
7  4
11  -5
6  -2
8  -6
11  -4
5  2
8  -7
11  -5
8  -6
7  6
11  -3
5  0
6  0
7  6
7  4
7  4
9  -8
5  2
5  1
9  -7
6  0
10  3
10  4
8  -7
6  -2
6  -2
4  -7
5  1
7  4
9  -6
7  4
6  -1
9  -6
7  6
6  -2
3  -7
9  -6
10  2
10  2
9  -6
5  0
10  3
8  -5
8  -7
7  6
6  -1
5  1
5  0
11  -4
6  0
11  -4
11  -4
8  -6
9  -6
8  -6
9  -8
8  -7
4  -7
8  -6
8  -5
6  -2
6  -2
7  5
7  4
6  -2
11  -3
9  -6
6  0
3  -6
6  -1
3  -6
7  4
4  -7
7  5
7  5
5  0
9  -6
6  0
7  6
7  4
5  0
8  -6
9  -6
3  -6
8  -7
5  2
9  -8
12  -3
6  -1
3  -7
8  -6
5  0
6  -2
8  -6
8  -7
10  3
9  -6
7  5
3  -7
7  4
5  0
6  -2
6  -1
8  -6
9  -8
9  -7
5  1
9  -8
9  -6
5  1
7  4
7  6
6  -2
7  4
8  -6
9  -8
5  2
9  -8
7  4
9  -7
4  -7
8  -5
9  -6
9  -6
8  -7
8  -6
7  4
9  -8
6  -2
8  -6
5  2
9  -7
8  -6
5  0
5  1
2  -2
3  -5
8  -7
4  -7
8  -5
4  -6
5  1
8  -6
9  -7
8  -5
9  -7
8  -5
8  -5
7  5
7  5
10  2
10  3
5  0
5  2
7  6
8  -5
6  -1
9  -8
9  -7
3  -6
6  0
9  -8
7  5
7  6
4  -5
6  -1
7  5
8  -7
7  5
6  -1
10  3
9  -7
9  -7
11  -3
6  0
8  -5
4  -7
4  -7
6  0
7  6
7  4
10  3
8  -7
8  -6
9  -8
10  2
8  -5
6  -2
7  4
3  -5
5  1
11  -3
6  -2
5  0
7  5
6  -1
5  1
8  -5
8  -7
7  4
7  5
12  -2
9  -7
7  6
4  -6
8  -6
10  2
8  -5
8  -6
8  -7
6  0
7  5
9  -8
6  0
8  -5
8  -6
8  -6
5  0
5  2
6  -2
8  -7
10  3
7  5
7  5
9  -8
7  5
8  -7
9  -7
6  -2
12  -2
2  -2
7  4
8  -5
4  -7
9  -7
7  4
2  -4
3  -5
10  3
6  -1
9  -8
8  -5
5  1
3  -5
7  6
10  4
7  5
8  -7
10  4
5  0
10  2
5  2
9  -6
7  4
8  -6
5  0
11  -5
7  4
7  4
11  -3
7  4
4  -5
8  -7
5  2
6  -1
5  2
7  4
7  5
7  5
5  0
4  -5
11  -3
11  -3
8  -5
6  -1
5  0
8  -7
7  6
6  0
5  1
4  -6
7  4
9  -7
4  -5
6  -1
5  1
9  -8
7  6
6  -2
7  5
9  -6
9  -6
5  0
10  2
7  6
8  -7
9  -7
6  0
6  -1
6  -1
6  -2
9  -8
11  -3
9  -7
5  0
5  2
10  4
9  -8
6  0
4  -7
10  2
10  3
8  -7
7  5
7  6
6  -1
11  -4
10  2
5  2
7  5
6  0
9  -8
6  -2
9  -6
9  -8
8  -5
6  -1
6  -2
14  2
7  5
4  -5
8  -5
6  0
7  4
6  0
8  -7
9  -8
4  -7
7  5
8  -7
7  4
11  -4
4  -5
11  -3
9  -6
6  0
7  5
11  -4
5  0
9  -8
8  -6
8  -6
5  1
4  -5
10  4
4  -5
6  -1
7  6
6  0
12  -2
5  0
4  -5
8  -7
9  -6
5  0
7  6
6  0
5  2
6  -2
7  4
5  0
3  -6
6  0
9  -6
8  -5
9  -7
7  5
7  4
6  -1
6  -1
8  -6
6  0
8  -6
8  -5
9  -7
6  0
7  4
11  -5
5  0
7  6
6  0
7  6
3  -7
8  -5
7  6
7  5
8  -7
5  2
6  -2
6  -2
9  -6
8  -5
8  -5
8  -6
6  -1
9  -7
8  -5
5  0
6  0
10  3
10  4
9  -8
9  -6
8  -7
5  1
8  -6
8  -7
10  3
8  -6
10  3
9  -7
8  -7
6  0
4  -7
3  -7
4  -7
9  -6
7  4
3  -6
7  6
8  -5
7  5
8  -7
8  -7
3  -5
4  -6
10  2
11  -5
6  -1
5  1
7  4
8  -7
10  3
6  -2
4  -7
5  2
5  0
4  -6
10  2
8  -7
9  -7
9  -8
4  -5
8  -6
8  -7
7  6
6  0
7  6
7  5
6  -2
7  6
7  6
9  -7
4  -7
5  1
5  0
3  -5
4  -7
4  -5
2  -4
5  2
4  -5
10  4
7  5
7  5
12  -3
7  4
4  -5
11  -5
6  -1
7  5
4  -7
6  0
7  6
8  -7
5  2
8  -6
11  -4
13  1
12  -2
8  -7
7  4
6  -1
6  -2
6  -1
5  0
6  -2
4  -7
5  0
7  6
9  -6
7  6
6  -1
6  0
4  -7
5  2
7  5
6  0
6  -1
3  -7
5  0
7  5
8  -7
10  3
3  -5
4  -5
5  0
7  5
9  -6
6  0
8  -7
9  -8
7  6
3  -7
10  3
9  -6
8  -7
7  4
2  -2
4  -6
5  1
11  -5
6  -2
6  -1
11  -4
9  -6
6  0
11  -5
9  -8
7  4
9  -7
9  -7
12  -1
8  -5
3  -5
10  2
7  4
3  -6
6  -1
9  -6
7  4
9  -8
8  -5
3  -5
10  4
9  -7
5  0
4  -7
4  -7
7  4
5  2
5  0
7  5
6  0
7  4
8  -7
6  -1
11  -3
7  6
11  -4
6  -1
8  -5
10  2
4  -5
5  2
5  1
9  -7
11  -3
7  5
7  6
6  -2
9  -6
6  0
10  2
8  -5
5  2
4  -5
5  0
11  -5
11  -3
6  -1
7  5
3  -7
3  -5
11  -5
5  1
7  5
5  2
7  4
4  -5
12  -1
5  0
9  -7
9  -7
7  4
4  -6
12  -2
7  4
9  -6
5  0
7  5
6  -2
6  -2
6  -1
6  -1
6  0
5  0
6  -2
4  -6
6  -2
10  4
8  -7
8  -7
9  -6
6  0
8  -6
6  -2
4  -7
6  -2
5  0
10  4
6  0
9  -7
9  -8
11  -5
11  -5
5  2
7  5
6  0
13  2
6  -2
7  4
6  -1
8  -7
6  0
5  0
4  -6
6  -2
8  -7
6  0
5  0
3  -5
11  -5
6  -1
5  2
6  0
6  -2
9  -8
8  -7
7  5
8  -5
8  -5
12  -1
7  4
6  -2
7  4
8  -5
8  -7
10  4
5  0
7  6
6  -1
6  0
9  -8
11  -5
4  -7
8  -5
6  -1
5  0
9  -7
10  4
7  4
7  5
5  1
6  -2
5  1
8  -5
6  -2
12  -1
8  -7
6  0
8  -6
8  -5
7  5
8  -6
5  2
6  0
4  -6
11  -3
8  -6
3  -7
6  0
8  -5
7  6
8  -6
3  -6
9  -8
5  1
5  2
4  -6
10  3
8  -5
10  2
9  -8
9  -7
8  -5
7  6
7  5
5  0
6  0
9  -7
11  -5
8  -7
8  -6
5  0
6  -1
10  2
3  -7
7  5
7  6
6  -2
8  -6
8  -5
8  -6
8  -7
5  1
8  -5
7  5
5  2
9  -8
11  -4
10  3
5  0
5  2
8  -5
8  -7
5  2
3  -7
9  -7
5  1
7  5
9  -8
8  -6
7  4
10  4
12  -3
12  -2
6  0
12  -2
7  6
6  -1
9  -6
9  -8
6  0
8  -6
11  -3
6  -1
6  -1
10  3
7  6
8  -7
8  -5
5  1
8  -7
10  2
7  6
7  6
13  1
6  -2
6  -1
8  -7
4  -6
8  -6
6  -1
8  -7
11  -4
7  4
9  -6
5  0
8  -7
7  6
8  -6
6  0
6  0
4  -6
11  -3
3  -6
6  0
