13  5
15  3
11  -5
19  0
17  10
12  8
14  -6
12  7
16  -10
17  8
12  0
15  5
10  5
13  0
13  0
16  -7
17  2
16  -10
15  10
17  3
20  1
16  -9
16  -7
15  9
14  -9
10  1
15  10
22  -1
15  9
15  11
20  3
10  1
12  3
13  4
13  1
21  -3
12  5
18  3
15  8
16  -10
10  -3
15  4
12  5
15  6
17  6
12  8
13  5
12  2
11  0
21  -1
12  5
13  8
17  4
14  -3
16  -7
13  8
13  2
10  4
18  -1
15  7
14  -11
11  1
12  5
15  3
16  -2
12  0
13  1
11  1
19  6
14  -5
20  -3
16  -2
18  5
13  3
15  4
15  8
15  10
14  -5
12  5
17  2
11  -3
13  1
13  8
16  -7
13  7
14  -9
10  5
10  0
20  4
6  4
15  9
12  0
13  1
14  -3
12  8
11  -2
10  4
15  7
17  7
13  4
9  -6
14  -11
23  7
14  -9
12  3
14  -11
16  -5
16  -10
16  -10
13  1
13  6
14  -9
17  5
16  -9
15  10
14  -6
12  2
10  0
10  0
10  -2
15  10
17  3
13  6
21  -3
15  5
17  5
14  -6
13  7
19  2
16  -5
11  1
13  2
17  8
18  -2
13  0
10  -1
14  -9
17  2
14  -3
15  3
16  -8
17  9
17  9
11  -5
13  5
21  -7
16  -5
11  0
20  0
13  6
13  1
12  6
12  6
13  3
16  -10
16  -4
14  -4
12  5
17  3
16  -10
13  5
12  8
12  3
18  5
15  4
17  4
20  -2
14  -3
15  9
14  -7
20  4
18  -1
15  11
15  5
17  4
12  3
21  -6
11  -3
15  10
13  0
11  1
17  2
16  -7
15  8
18  -2
14  -3
15  3
16  -10
14  -4
16  -2
14  -11
14  -8
11  -3
16  -10
16  -4
21  0
12  4
16  -5
13  1
18  2
15  7
13  6
14  -7
14  -8
10  2
18  -1
16  -9
19  4
16  -10
9  -5
10  2
14  -4
13  7
10  4
17  10
24  -10
17  6
12  7
16  -7
15  8
12  5
17  4
12  4
19  6
16  -2
15  6
14  -5
15  7
14  -3
19  4
18  -1
12  4
14  -9
14  -5
10  3
14  -3
18  -1
10  1
15  8
16  -3
13  6
14  -7
22  4
15  9
16  -8
17  9
20  -4
15  11
15  11
17  4
17  2
15  7
7  -7
16  -7
19  4
15  3
18  0
14  -4
17  7
12  4
16  -8
13  4
16  -2
15  6
14  -3
12  6
15  11
13  1
17  7
18  2
13  6
20  -4
12  0
13  4
16  -6
11  -5
12  3
16  -7
19  2
15  3
18  5
13  4
16  -8
14  -8
17  2
14  -6
14  -11
14  -9
13  0
20  -2
15  11
11  -3
17  8
13  3
14  -3
15  6
16  -6
16  -7
17  2
14  -7
13  4
13  7
13  0
11  -5
13  2
14  -3
15  10
12  6
17  2
14  -8
13  0
14  -10
12  4
16  -9
14  -4
15  8
13  0
18  0
16  -2
15  6
18  3
18  -1
18  2
15  4
12  1
10  -1
15  9
13  1
12  5
13  5
13  2
13  0
11  -1
13  3
14  -4
21  -2
10  0
14  -5
12  4
12  8
16  -2
14  -9
11  -2
14  -10
13  6
18  -1
17  9
13  6
17  8
18  1
11  3
10  3
13  1
16  -9
15  4
15  9
16  -10
15  4
22  -1
13  0
15  7
17  6
11  0
13  5
17  8
13  8
15  5
11  -5
16  -5
14  -4
15  4
18  5
14  -4
15  8
14  -7
13  7
10  1
12  6
17  2
13  0
11  2
12  3
15  4
12  5
19  3
18  -1
12  3
13  7
20  -3
9  -2
12  3
10  4
14  -7
12  7
11  1
14  -4
14  -3
13  1
20  0
16  -6
16  -3
16  -4
8  -4
12  1
10  -2
17  7
15  10
11  1
18  1
14  -7
12  3
15  8
17  9
22  5
15  11
14  -10
15  9
12  4
15  3
17  9
16  -2
18  -2
14  -9
14  -11
18  4
16  -5
17  4
10  1
18  3
16  -5
14  -10
15  6
13  8
13  7
18  3
14  -5
10  4
13  1
18  -2
12  7
18  -2
16  -4
13  8
15  8
12  1
13  7
12  8
17  3
17  4
14  -10
17  2
14  -9
13  8
15  3
12  5
18  5
14  -11
13  5
14  -8
15  10
19  4
11  3
12  4
13  6
13  2
17  10
12  3
14  -6
15  4
20  1
16  -6
14  -9
16  -3
16  -9
20  1
17  5
18  2
14  -7
20  -2
20  -1
16  -5
14  -4
10  3
14  -5
15  11
16  -5
11  -3
22  3
13  5
9  -5
10  -2
12  1
13  7
10  -2
17  5
13  1
13  1
10  5
11  3
13  7
10  -2
9  -5
20  3
15  9
11  -3
13  0
14  -11
15  4
18  1
17  3
20  -4
19  0
13  4
13  8
14  -3
16  -6
19  -2
17  3
13  6
10  5
13  5
11  0
16  -5
16  -3
15  11
16  -9
17  2
19  6
14  -8
20  -4
11  -3
18  4
15  9
12  6
16  -10
13  6
15  8
17  4
14  -4
17  4
11  -1
17  6
17  8
13  6
17  9
13  0
13  0
12  3
14  -3
14  -10
18  1
13  2
14  -8
16  -7
21  0
18  3
16  -9
15  7
15  10
15  4
12  2
9  -8
21  -8
14  -6
13  4
18  -2
16  -2
13  7
17  6
14  -3
11  -5
9  -5
15  5
11  -5
13  3
15  4
10  3
16  -7
17  10
17  2
18  2
14  -5
14  -11
18  -1
17  2
19  1
11  3
15  9
17  4
15  7
13  2
17  2
15  9
12  6
17  4
20  0
14  -3
12  2
14  -3
17  10
11  -1
16  -3
20  -1
15  3
16  -6
18  5
17  2
14  -7
16  -6
18  3
17  10
19  -1
16  -6
16  -10
17  4
16  -8
15  10
12  3
16  -7
10  5
11  1
15  9
15  9
11  -4
15  4
12  3
16  -9
12  6
11  -5
16  -5
16  -8
13  7
18  5
12  2
17  10
16  -2
19  -1
13  4
18  2
16  -10
11  -2
14  -9
16  -9
14  -11
17  4
15  11
6  4
19  5
18  4
15  5
15  11
18  4
10  5
20  -1
12  4
15  9
13  3
16  -10
19  5
15  10
10  2
20  0
16  -7
13  8
13  1
16  -2
14  -6
12  7
19  6
13  6
19  4
13  6
12  6
13  1
17  9
21  -7
14  -10
16  -5
14  -11
16  -3
12  7
17  3
13  5
13  1
20  -3
11  -5
13  3
14  -5
16  -4
17  6
19  4
17  9
20  -1
9  -7
11  0
16  -3
19  0
7  0
15  10
14  -3
18  6
18  5
16  -7
14  -9
17  2
17  10
11  -4
11  -5
20  -1
18  -2
15  5
18  4
16  -6
13  7
18  3
11  2
12  4
14  -5
16  -4
17  2
13  2
15  10
11  0
13  5
12  7
20  2
12  4
11  -3
14  -5
15  10
14  -10
16  -8
18  2
15  9
15  6
12  1
15  3
18  5
16  -2
14  -7
16  -7
16  -9
11  2
13  0
16  -4
12  3
17  9
13  1
17  9
17  7
14  -4
16  -8
16  -3
14  -11
9  -1
13  7
19  4
13  3
16  -2
14  -6
16  -5
12  7
17  6
11  3
14  -9
11  2
20  1
10  2
16  -8
15  7
17  7
11  -4
21  -2
19  0
17  9
7  -2
15  7
13  2
15  5
18  2
16  -10
16  -4
19  3
14  -8
15  9
15  7
19  -2
16  -6
16  -4
14  -8
9  -5
13  2
14  -8
19  2
18  1
16  -4
17  3
18  -1
11  2
16  -3
17  8
13  1
16  -5
13  0
15  5
14  -6
18  6
12  3
15  3
11  -3
17  3
14  -10
16  -5
16  -2
14  -5
18  -2
15  8
14  -9
17  9
12  0
17  10
16  -6
14  -8
14  -9
15  4
12  3
15  3
10  0
18  2
14  -4
11  3
17  2
14  -6
16  -8
15  7
14  -4
17  10
17  2
14  -3
20  -3
7  0
18  5
14  -4
16  -3
12  7
17  3
17  4
13  3
11  -1
14  -4
15  5
12  0
10  -1
18  -1
14  -3
16  -8
14  -6
14  -6
13  0
13  7
9  -1
13  8
20  0
13  1
19  -2
15  7
15  7
11  2
9  -8
12  7
7  -7
11  -4
12  5
14  -6
21  -6
19  2
16  -8
13  6
13  3
18  5
14  -7
19  5
13  8
14  -10
19  5
14  -4
13  0
18  6
8  -8
14  -9
16  -7
16  -9
10  0
14  -7
11  3
17  2
14  -7
16  -7
10  3
13  0
15  11
14  -8
17  6
14  -5
14  -9
12  2
9  -8
11  0
13  2
12  5
18  -2
12  6
14  -7
13  4
12  6
16  -10
16  -10
12  3
15  3
8  -4
13  0
20  2
9  0
10  1
11  -3
17  7
14  -3
15  11
12  8
12  5
13  4
14  -6
14  -4
14  -8
15  11
16  -10
16  -6
10  -3
12  4
14  -8
12  4
13  0
16  -5
14  -6
12  4
8  -9
8  -5
19  5
14  -8
18  5
13  0
16  -3
13  7
13  1
19  6
14  -9
10  -3
14  -7
14  -10
11  2
14  -10
15  6
19  -1
18  5
16  -2
19  -1
14  -10
17  4
16  -4
13  4
13  8
14  -7
14  -10
20  -4
11  0
10  3
15  8
18  1
15  10
16  -6
14  -8
17  3
9  -1
17  7
11  -2
13  5
14  -9
11  -3
16  -8
18  -1
14  -6
12  0
14  -7
11  -5
18  0
16  -2
17  9
17  7
15  9
14  -5
