7  -7
7  -6
8  -8
3  -2
6  -2
5  4
8  -6
7  -8
7  -7
5  2
8  -6
6  -1
6  -3
7  -8
7  -7
8  -7
7  -6
6  -1
6  -2
4  6
6  -2
5  3
4  6
6  -1
6  -2
7  -7
7  -7
5  2
8  -8
8  -7
6  -1
5  2
7  -6
7  -8
7  -8
4  5
8  -6
6  -1
5  3
4  4
6  -1
7  -6
7  -8
5  2
7  -8
6  -3
7  -8
5  2
4  6
6  -2
8  -6
8  -6
6  -2
6  -2
8  -8
6  -1
8  -7
7  -6
8  -8
8  -7
4  6
4  6
6  -2
5  2
6  -3
4  4
5  4
6  -2
6  -3
7  -8
7  -6
6  -2
6  -3
5  3
8  -7
6  -2
6  -1
7  -8
8  -6
5  4
5  4
7  -6
7  -6
5  3
5  2
6  -3
7  -6
7  -8
4  6
5  2
2  -2
6  -2
6  -1
7  -8
5  3
5  3
7  -8
7  -7
6  -3
5  3
6  -1
4  6
5  2
7  -6
5  4
4  5
5  2
8  -6
4  5
7  -7
7  -6
6  -3
7  -8
7  -7
7  -6
8  -7
3  -2
5  2
6  -1
5  4
6  -3
6  -1
5  4
5  3
6  -3
4  5
7  -8
6  -2
4  4
7  -6
7  -7
6  -2
5  3
5  4
6  -3
8  -7
5  2
5  4
5  3
4  6
6  -2
5  4
4  6
6  -1
6  -3
5  2
7  -7
5  2
5  4
6  -1
5  2
5  2
6  -2
3  0
7  -6
7  -7
6  -2
6  -1
7  -7
4  4
7  -8
6  -3
5  2
7  -6
5  2
8  -8
6  -3
7  -8
7  -6
6  -3
6  -2
7  -7
7  -6
7  -7
7  -7
7  -8
5  3
5  3
6  -1
7  -6
6  -3
5  4
6  -1
6  -1
7  -8
8  -6
7  -6
4  4
3  0
6  -3
7  -6
8  -8
6  -1
6  -1
7  -8
6  -1
5  3
8  -6
7  -6
7  -8
5  2
7  -6
7  -8
6  -2
5  3
4  5
4  4
6  -1
6  -3
7  -7
7  -6
6  -2
5  2
6  -2
5  4
8  -6
7  -8
8  -6
8  -6
4  5
6  -1
6  -1
6  -2
6  -3
6  -1
6  -2
7  -6
6  -3
6  -2
5  2
5  4
5  4
5  4
5  3
7  -6
6  -3
6  -1
6  -3
5  4
8  -6
8  -8
7  -8
6  -3
7  -8
6  -3
6  -3
5  2
6  -1
5  4
8  -8
6  -3
5  2
5  4
6  -1
5  4
6  -2
7  -6
6  -1
7  -7
7  -8
5  3
6  -3
6  -1
5  2
6  -3
6  -2
7  -8
6  -1
8  -6
5  4
6  -3
6  -2
7  -6
7  -8
5  4
6  -3
5  3
6  -1
5  4
5  3
7  -6
8  -7
8  -8
8  -8
8  -7
4  4
8  -8
7  -7
7  -6
7  -8
5  3
5  2
6  -1
7  -6
7  -7
8  -7
7  -6
5  4
6  -2
7  -6
7  -8
6  -2
6  -2
7  -6
6  -3
6  -2
7  -6
6  -3
4  5
6  -3
3  -2
4  6
6  -2
6  -3
5  4
7  -6
6  -2
6  -1
5  2
7  -8
6  -1
7  -8
6  -2
4  4
6  -3
5  2
8  -7
6  -3
5  2
8  -8
6  -1
6  -3
7  -8
6  -1
8  -8
5  4
7  -6
4  5
6  -3
4  6
4  6
6  -1
4  6
5  2
8  -6
6  -3
3  -2
8  -8
6  -1
5  4
7  -6
7  -7
7  -8
5  2
8  -7
7  -6
6  -2
5  4
4  5
5  4
6  -2
4  4
7  -6
4  5
8  -7
5  2
7  -8
6  -2
5  4
6  -2
4  6
7  -7
7  -6
4  5
5  3
2  0
6  -3
5  2
7  -7
6  -1
8  -8
7  -8
7  -8
6  -2
8  -8
6  -2
6  -3
5  3
5  4
8  -7
5  2
5  4
7  -8
4  5
8  -7
7  -6
7  -6
6  -2
6  -2
8  -6
6  -2
5  2
7  -7
5  2
6  -1
5  2
7  -8
7  -8
5  2
7  -6
8  -6
5  2
7  -6
5  4
5  3
7  -8
7  -8
4  4
5  2
5  2
4  4
7  -7
5  4
7  -6
4  4
4  6
5  2
8  -8
7  -7
5  3
6  -3
6  -1
7  -6
6  -3
7  -6
7  -8
6  -1
5  4
7  -6
7  -8
7  -6
6  -1
6  -3
6  -1
5  4
6  -2
8  -8
7  -8
5  2
5  4
4  4
8  -6
6  -2
7  -7
8  -6
6  -2
3  0
5  2
7  -8
6  -3
5  2
7  -7
7  -8
4  4
7  -7
6  -3
8  -8
5  4
6  -1
6  -2
5  2
5  3
4  4
8  -6
5  4
6  -1
7  -8
6  -2
4  4
7  -8
6  -2
8  -8
6  -3
7  -6
5  4
6  -3
6  -1
4  4
6  -3
6  -1
5  4
7  -7
8  -8
3  0
6  -2
6  -2
6  -2
4  4
5  4
7  -7
5  4
6  -1
4  6
7  -7
7  -6
6  -3
3  -1
6  -3
7  -6
7  -7
8  -8
4  4
7  -6
8  -8
6  -1
4  6
5  4
6  -3
6  -2
8  -8
7  -8
7  -8
7  -6
6  -2
5  3
4  4
5  2
7  -6
4  5
6  -2
8  -7
5  4
5  2
6  -3
5  2
6  -3
7  -7
7  -6
8  -7
7  -8
6  -3
5  3
5  3
5  4
6  -2
2  -2
5  4
5  3
4  5
4  6
6  -1
6  -1
6  -2
7  -6
4  5
5  2
7  -6
7  -7
4  6
6  -2
7  -6
7  -7
7  -7
8  -6
5  4
6  -2
6  -1
7  -6
5  3
5  4
5  3
5  2
6  -1
5  4
7  -6
6  -1
6  -3
8  -8
7  -8
5  2
6  -1
6  -2
7  -6
6  -1
7  -6
8  -6
4  5
8  -6
6  -2
7  -7
7  -6
4  5
7  -7
4  4
6  -2
7  -8
5  2
6  -2
7  -6
3  -2
5  2
8  -7
5  4
8  -6
7  -7
5  4
6  -3
6  -2
4  4
3  -2
5  2
6  -3
7  -7
7  -7
6  -3
6  -2
8  -6
5  4
8  -8
6  -3
7  -6
5  3
5  2
4  4
5  3
7  -7
5  4
7  -6
6  -1
7  -7
6  -1
3  0
7  -6
5  3
7  -7
7  -7
8  -8
5  2
7  -7
4  5
8  -8
7  -8
7  -8
5  4
5  2
3  0
7  -8
7  -7
5  3
5  4
7  -8
8  -8
5  3
6  -1
6  -3
6  -2
6  -1
7  -7
7  -6
6  -2
6  -1
7  -6
5  4
5  3
6  -1
7  -6
6  -3
6  -2
6  -1
6  -1
6  -3
7  -7
6  -2
7  -6
6  -1
7  -7
7  -7
5  2
8  -6
8  -8
7  -8
7  -8
8  -8
6  -2
6  -3
7  -6
7  -6
6  -2
4  5
5  4
5  4
6  -1
6  -3
7  -8
5  2
4  6
4  6
3  0
6  -3
7  -6
7  -6
8  -7
6  -2
7  -6
6  -3
6  -2
6  -3
4  5
5  2
6  -3
7  -8
5  2
8  -6
4  5
7  -6
8  -7
6  -3
8  -6
6  -2
7  -6
5  3
8  -7
5  2
5  4
6  -3
6  -1
8  -6
7  -6
7  -8
7  -6
7  -8
7  -8
5  3
6  -2
8  -7
7  -8
7  -8
7  -8
6  -3
6  -2
4  5
6  -1
4  5
7  -7
4  4
6  -2
6  -2
8  -6
6  -3
7  -7
5  4
7  -7
6  -1
4  6
7  -7
6  -3
4  6
6  -2
6  -1
6  -3
4  5
6  -2
5  4
6  -1
1  -3
8  -6
6  -1
6  -2
7  -6
6  -3
7  -6
6  -3
5  3
7  -8
8  -8
7  -7
7  -8
6  -3
7  -6
4  4
5  4
7  -7
7  -6
7  -7
7  -8
6  -1
6  -3
5  2
5  4
4  5
6  -1
8  -7
6  -2
8  -8
6  -1
8  -7
6  -1
5  2
8  -8
7  -7
7  -8
6  -2
6  -1
5  3
6  -1
7  -8
7  -6
5  4
5  2
7  -8
7  -8
6  -2
7  -8
7  -8
6  -1
6  -2
6  -2
4  5
8  -6
5  2
5  2
6  -3
8  -8
7  -8
4  6
6  -2
5  2
4  6
6  -1
7  -6
5  2
5  3
6  -2
7  -6
8  -8
4  5
8  -6
6  -1
6  -2
6  -2
5  3
6  -3
6  -2
6  -2
5  4
6  -2
4  5
7  -6
6  -2
8  -8
8  -7
6  -2
7  -7
5  2
5  3
7  -7
7  -7
7  -7
5  2
8  -6
5  4
8  -6
2  -2
5  4
5  4
7  -7
6  -2
6  -1
7  -6
7  -8
7  -6
6  -2
6  -2
6  -3
7  -7
6  -1
6  -3
7  -7
6  -1
5  3
5  3
5  4
8  -6
5  2
5  3
7  -8
4  5
5  3
3  0
8  -7
7  -6
7  -6
4  6
6  -2
7  -7
5  3
8  -6
5  3
6  -1
4  5
5  2
7  -8
4  4
4  4
7  -6
6  -2
5  3
4  6
6  -1
8  -6
5  3
5  2
6  -2
6  -1
7  -7
8  -6
6  -2
8  -7
4  6
6  -3
5  3
5  3
5  2
7  -6
7  -7
6  -3
6  -3
6  -1
7  -6
3  -1
5  4
7  -7
5  2
5  3
6  -1
6  -2
6  -2
7  -7
5  4
4  6
5  4
8  -7
7  -7
7  -7
5  2
5  4
8  -8
5  4
5  3
7  -7
7  -6
5  4
8  -6
5  4
5  4
8  -6
6  -2
6  -1
5  3
7  -6
7  -7
7  -7
7  -7
7  -7
5  2
5  4
5  3
6  -3
4  5
6  -2
7  -8
7  -6
4  6
7  -7
7  -6
5  2
5  2
4  5
5  3
7  -8
6  -2
6  -1
6  -1
5  4
8  -6
6  -1
5  3
7  -8
4  4
6  -2
7  -6
7  -7
7  -7
6  -2
4  4
5  2
7  -8
7  -6
6  -2
7  -8
