10  -4
15  6
19  -5
10  -4
11  -2
10  -5
8  -6
14  1
10  -5
14  0
16  -5
10  -6
14  0
9  3
10  -4
12  7
14  -1
7  -6
12  6
12  6
15  7
16  -4
10  -4
8  -6
13  7
15  7
13  5
9  3
10  -6
15  7
15  8
9  4
12  7
10  -4
15  6
9  5
17  2
8  -5
13  6
12  7
15  7
8  -6
13  7
9  4
11  -1
16  -6
12  8
10  -4
10  -6
10  -5
9  3
16  -6
12  6
6  -2
13  5
13  7
11  -2
13  5
8  -5
9  5
9  5
10  -5
10  -4
11  -2
15  8
13  7
12  7
13  7
12  7
15  7
12  8
14  -1
15  8
11  -1
8  -4
7  -6
6  -3
15  6
11  -2
10  -5
11  -2
14  1
12  7
11  -2
14  0
18  0
10  -6
12  7
6  -3
17  2
11  -3
11  -3
5  2
9  3
9  4
6  -4
16  -4
12  8
11  -2
13  6
12  8
11  -1
13  6
8  -6
12  7
13  5
6  -2
12  8
13  5
13  6
14  1
7  -5
5  1
16  -6
11  -2
16  -4
8  -5
14  1
11  -2
10  -4
12  8
11  -3
10  -4
9  3
10  -5
9  5
12  6
9  5
11  -3
9  5
11  -3
16  -5
13  7
15  6
18  -1
6  -4
14  0
10  -4
9  4
8  -5
10  -6
12  7
14  0
11  -2
14  0
11  -1
10  -6
17  4
9  4
15  8
16  -6
14  1
14  1
13  6
11  -2
5  2
9  5
13  7
10  -5
8  -5
9  4
6  -3
13  5
14  1
12  7
13  6
12  6
15  7
14  -1
11  -1
8  -4
8  -6
16  -5
12  7
9  5
10  -5
11  -1
16  -6
17  4
8  -6
14  1
10  -5
15  6
9  4
10  -6
12  8
12  7
13  5
9  5
10  -5
17  2
11  -1
10  -5
14  0
8  -4
13  5
14  0
16  -6
8  -6
15  7
10  -5
16  -5
12  7
12  7
11  -1
10  -5
8  -4
11  -1
12  6
9  4
11  -1
8  -6
14  1
11  -3
9  4
8  -4
13  6
12  8
16  -5
11  -3
10  -6
10  -5
16  -5
10  -5
9  3
7  -7
12  8
13  5
8  -4
11  -3
12  8
8  -5
11  -1
12  8
10  -5
9  4
10  -6
16  -5
11  -3
12  8
12  6
12  8
17  3
10  -6
11  -3
8  -4
14  -1
14  1
8  -4
9  3
14  1
8  -5
9  4
16  -4
7  -5
15  6
7  -6
9  3
13  6
14  1
9  3
13  6
13  6
11  -1
14  0
16  -5
11  -3
17  2
13  5
14  1
13  5
9  4
10  -6
14  0
14  0
12  8
11  -3
6  -4
12  7
16  -4
13  6
9  4
5  2
5  1
7  -6
17  4
8  -4
8  -4
10  -6
11  -2
9  4
12  7
11  -1
18  -1
13  6
14  -1
12  7
10  -4
9  5
15  7
13  7
13  7
16  -5
14  1
8  -6
13  6
14  0
11  -2
14  -1
13  6
12  8
13  7
7  -5
12  8
10  -5
11  -2
10  -4
13  7
12  7
10  -6
13  6
13  5
7  -7
8  -4
14  1
7  -5
15  8
7  -6
12  8
16  -5
11  -1
17  2
18  0
10  -4
16  -5
16  -5
7  -5
12  7
10  -4
12  7
12  6
12  8
12  6
12  8
12  8
8  -5
8  -6
11  -2
11  -1
12  6
12  8
13  5
9  5
6  -3
12  7
8  -4
13  5
12  6
13  6
9  5
11  -2
19  -7
13  5
12  7
12  7
16  -5
6  -3
13  7
13  7
15  7
13  7
11  -2
12  8
14  1
17  3
14  1
17  3
14  -1
14  -1
10  -6
10  -6
12  7
14  1
12  8
8  -5
13  5
9  4
12  8
13  6
9  3
14  -1
13  5
11  -2
12  6
21  5
9  5
15  8
14  0
8  -6
14  1
12  7
9  4
8  -5
9  5
19  -7
12  8
13  7
14  0
17  3
10  -5
13  7
16  -4
12  7
8  -6
10  -5
10  -5
11  -3
11  -2
17  4
9  3
15  6
10  -4
10  -4
8  -4
9  4
14  -1
9  3
13  5
12  8
12  7
13  5
9  4
21  5
11  -1
11  -1
10  -4
15  8
10  -5
14  1
19  -6
12  8
14  1
10  -5
14  -1
11  -1
13  7
11  -2
9  4
11  -1
9  4
13  7
11  -3
15  8
8  -5
16  -4
17  4
12  8
13  7
12  7
12  8
11  -2
9  4
11  -3
10  -6
12  8
10  -6
10  -4
10  -5
15  7
11  -1
7  -6
11  -3
12  8
13  6
14  0
11  -3
17  4
10  -5
10  -6
11  -1
8  -5
10  -5
7  -6
12  7
8  -4
5  2
13  6
8  -4
11  -3
11  -2
9  3
12  7
13  5
10  -5
20  1
10  -4
11  -2
11  -1
11  -1
12  8
12  8
11  -2
14  -1
10  -5
12  8
10  -5
5  2
8  -6
12  8
15  6
6  -4
8  -6
19  -6
9  4
16  -4
14  0
8  -4
8  -4
11  -1
11  -3
15  6
10  -4
11  -2
10  -4
15  7
19  -7
5  2
14  1
13  6
18  -1
11  -3
15  8
7  -6
8  -4
10  -4
12  8
12  8
15  8
14  0
13  5
12  6
9  3
7  -5
12  6
11  -3
11  -3
10  -6
14  1
16  -4
18  1
13  5
12  8
16  -5
16  -6
9  5
16  -5
11  -2
6  -4
12  6
17  3
4  -3
9  3
12  8
8  -4
12  8
10  -6
15  7
9  4
11  -1
16  -6
13  6
19  -5
15  6
13  5
8  -5
12  7
16  -6
12  6
13  7
4  -4
10  -5
20  1
16  -4
11  -1
12  8
11  -3
13  7
13  5
12  8
12  7
13  6
14  -1
8  -4
13  6
8  -4
17  4
11  -3
17  4
6  -2
10  -6
12  8
14  1
8  -4
12  7
12  8
10  -5
11  -2
9  5
18  -1
9  3
14  0
6  -4
7  -7
12  6
10  -5
10  -4
9  5
13  7
13  6
12  6
15  7
14  1
14  0
11  -1
16  -5
15  6
14  -1
14  -1
12  7
14  0
10  -4
12  8
11  -1
15  8
12  8
12  8
8  -5
10  -4
11  -2
9  3
9  5
11  -1
15  7
6  -3
12  7
9  4
15  8
8  -5
9  3
10  -5
8  -4
17  3
9  5
12  8
9  3
13  6
5  3
11  -2
7  -5
16  -6
12  6
8  -4
8  -4
14  0
12  7
15  7
16  -6
15  7
14  0
13  7
9  3
15  8
15  6
12  6
15  7
12  7
9  5
17  4
8  -4
12  6
9  3
10  -6
9  5
14  1
13  5
9  4
7  -6
18  0
16  -6
15  8
15  6
11  -2
14  -1
15  8
13  7
7  -5
11  -2
18  1
9  5
10  -6
13  5
8  -6
11  -3
14  0
9  3
15  8
15  6
14  -1
11  -1
17  4
10  -4
12  8
10  -6
11  -2
9  5
11  -2
14  1
10  -5
7  -6
11  -1
10  -6
10  -6
10  -6
13  7
10  -6
14  1
9  3
10  -6
14  -1
12  6
10  -6
14  1
8  -5
12  8
13  7
9  4
11  -1
10  -4
14  1
19  -7
8  -6
12  8
14  0
8  -4
19  -5
7  -7
13  5
10  -5
12  6
12  8
12  7
7  -7
14  -1
15  6
11  -3
17  2
14  0
11  -3
14  -1
20  0
9  3
11  -3
10  -5
12  8
8  -5
14  0
12  8
11  -1
13  7
11  -3
17  2
9  4
13  5
15  6
7  -5
13  6
13  7
12  7
15  8
11  -1
8  -5
9  4
9  5
10  -4
12  8
8  -4
8  -5
15  7
12  8
13  5
12  6
13  6
13  6
15  8
18  -1
10  -4
11  -1
15  7
12  7
9  4
12  6
12  7
16  -4
12  6
12  8
12  8
8  -5
12  6
12  7
13  5
12  7
13  5
12  6
9  3
9  4
7  -7
13  7
18  0
10  -6
18  -1
11  -1
9  3
7  -6
7  -6
11  -3
10  -6
11  -1
14  -1
13  7
11  -2
8  -6
10  -4
8  -6
14  -1
9  4
9  5
13  6
12  6
16  -5
16  -4
10  -4
6  -4
12  7
11  -3
9  3
12  6
15  8
8  -6
13  6
9  4
16  -6
9  4
9  3
13  7
10  -4
11  -1
9  3
11  -3
12  8
13  5
8  -5
15  8
10  -5
17  2
19  -6
11  -2
11  -2
13  5
13  7
13  5
13  6
14  1
17  4
11  -2
12  7
14  -1
12  6
10  -6
17  3
13  6
6  -4
14  1
16  -5
8  -6
12  7
9  5
18  -1
13  7
14  -1
13  7
11  -1
16  -4
11  -3
11  -2
10  -4
7  -6
11  -3
6  -4
11  -1
13  5
12  7
16  -5
10  -4
7  -6
13  5
4  -3
7  -6
7  -7
16  -5
12  8
8  -4
9  3
15  7
12  6
13  5
11  -2
12  8
13  7
9  5
12  8
12  8
14  1
9  5
14  -1
11  -1
15  8
11  -3
17  2
10  -4
9  3
13  5
13  5
15  7
16  -6
10  -5
13  5
15  6
10  -4
12  6
11  -2
12  8
12  6
15  7
10  -5
10  -6
6  -4
14  -1
14  0
9  3
13  5
10  -6
11  -2
11  -2
11  -3
9  3
12  6
10  -5
13  7
13  7
10  -5
12  7
10  -6
11  -1
14  1
14  0
13  6
18  1
15  7
13  5
18  0
10  -5
18  0
14  -1
12  6
11  -1
12  8
16  -6
9  3
9  5
12  7
10  -5
8  -6
16  -5
14  0
11  -3
11  -3
10  -5
8  -6
10  -5
9  4
10  -5
7  -7
12  7
6  -3
14  0
12  8
11  -1
13  6
9  5
10  -4
