19  -7
21  -5
18  -8
15  7
24  -9
18  -7
21  1
16  1
19  -6
17  4
18  -9
17  8
17  7
21  0
18  -5
15  7
14  7
20  -5
21  -3
20  -3
19  -6
20  -5
18  -8
18  -8
22  -8
18  -5
15  8
16  4
17  7
17  2
17  2
17  1
14  1
24  -7
17  0
18  -8
21  -4
16  4
19  -3
20  -4
17  8
18  -1
18  -8
14  8
15  5
16  6
22  -11
19  -5
14  7
13  -1
22  -5
21  0
18  -5
24  -8
20  0
21  -1
18  -1
17  3
19  -8
20  0
14  8
16  1
15  0
15  4
21  2
20  -4
18  -7
15  4
14  3
19  -4
15  8
20  3
16  5
21  2
23  2
17  1
17  3
16  3
21  -3
19  -8
16  1
20  3
17  3
21  2
18  -7
19  -5
21  -5
20  -1
18  -9
23  1
25  -1
20  -1
19  -3
14  3
19  -6
16  5
16  1
13  -1
23  2
21  -3
18  -5
16  5
23  3
16  1
15  4
9  -9
25  -7
18  -3
18  -3
22  -4
14  6
14  6
19  -10
14  4
21  -4
18  -1
13  2
23  0
15  5
23  0
16  2
16  5
24  -5
21  -4
19  -10
21  1
16  4
22  -10
15  3
19  -7
20  -5
20  2
18  -2
13  3
19  -5
19  -7
20  -1
19  -7
16  1
17  1
18  -5
19  -9
22  -4
15  8
21  1
22  -4
20  -4
21  -3
21  -2
20  3
21  2
19  -9
19  -11
19  -3
15  1
16  5
19  -5
21  3
10  1
23  -2
20  -2
16  4
14  8
16  5
23  -1
17  6
16  7
24  -8
17  2
18  -5
18  -2
17  8
19  -4
19  -8
19  -10
16  7
15  5
9  -4
14  1
19  -11
20  -2
21  0
15  4
19  -5
20  2
21  3
22  -9
20  1
21  -4
17  8
20  3
19  -5
17  7
19  -7
20  3
21  -4
21  3
14  6
16  4
22  -11
21  1
19  -6
20  2
15  2
17  0
20  3
21  -1
18  -5
21  -4
16  8
21  -1
18  -6
19  -3
23  2
22  -8
23  -1
21  2
19  -9
21  -4
20  0
18  -3
15  5
20  -4
22  -5
15  5
16  9
17  1
20  0
19  -3
18  -8
18  -5
18  -1
24  -9
21  -5
20  -2
21  2
17  0
17  2
21  -5
18  -6
18  -6
20  3
17  8
17  4
21  3
20  -5
19  -4
16  4
17  1
18  -9
21  -3
16  8
17  2
21  3
23  -2
19  -9
21  -1
22  -10
21  3
14  6
20  2
16  4
17  1
12  3
16  1
20  0
15  6
20  2
18  -4
21  3
25  -8
20  2
18  -6
17  7
18  -6
22  -11
17  4
21  0
19  -10
18  -5
20  2
19  -11
14  2
11  9
20  3
23  -2
16  1
15  4
17  2
20  0
18  -9
18  -1
18  -9
17  8
18  -8
19  -9
19  -6
17  7
18  -3
19  -4
24  -6
17  2
20  -3
21  0
21  -3
22  -9
21  1
22  -10
23  1
19  -6
16  1
19  -7
24  -3
18  -3
17  6
18  -8
17  8
22  -8
21  1
16  9
20  2
21  1
18  -1
17  8
20  1
18  -7
19  -6
20  -3
19  -10
18  -5
20  -3
22  -8
20  2
20  2
18  -6
20  -5
14  6
15  3
21  -4
15  5
17  2
21  2
16  1
19  -8
14  6
14  9
21  -3
20  3
17  2
24  -8
17  5
19  -8
19  -3
24  -10
20  3
24  -7
16  3
22  -5
15  1
19  -8
15  5
18  -5
10  6
21  -1
16  9
15  4
18  -5
23  -1
21  -4
21  -1
18  -1
17  0
22  -9
15  5
19  -11
20  -5
17  6
19  -5
19  -4
18  -7
14  6
18  -1
15  3
22  -9
21  -5
19  -7
21  -1
17  3
19  -7
21  -3
19  -3
23  5
17  0
19  -8
19  -4
17  1
23  5
14  5
19  -8
18  -7
20  -2
19  -7
14  1
18  -4
18  -5
21  3
18  -8
15  0
23  5
28  2
20  -1
16  4
21  3
19  -4
22  -8
16  1
18  -8
17  0
15  6
21  3
18  -9
26  3
23  0
22  -9
20  2
17  7
20  3
19  -6
17  4
19  -9
18  -6
20  3
20  -2
20  1
19  -9
22  -9
21  -2
17  0
19  -10
18  -2
18  -2
20  1
17  2
17  6
18  -4
15  5
15  8
19  -6
19  -4
15  5
18  -8
21  -1
20  -1
22  -3
21  -4
20  -1
24  -2
20  0
21  -3
22  -3
18  -5
20  -2
16  7
19  -6
19  -4
19  -9
20  2
16  9
16  8
19  -11
16  2
23  0
22  -10
17  8
21  -5
17  3
16  9
19  -7
21  -2
18  -3
18  -1
18  -1
28  1
15  2
19  -3
18  -5
19  -9
18  -2
20  2
16  9
18  -4
23  4
17  2
19  -7
17  2
17  6
20  -1
18  -4
15  2
21  3
20  3
15  3
26  -2
18  -1
14  2
13  0
17  7
14  5
22  -7
19  -8
12  3
15  1
20  -2
17  5
15  8
23  3
19  -5
21  -5
20  -4
19  -10
18  -1
16  1
22  -8
19  -6
15  1
17  4
16  2
16  9
24  -4
20  -5
17  6
20  1
17  1
15  3
11  7
20  0
22  -7
16  1
18  -3
19  -4
13  4
15  5
13  -2
16  6
21  -5
21  -1
20  -1
19  -6
23  3
16  4
14  7
16  4
18  -9
18  -2
14  7
20  2
21  -4
17  5
20  -3
17  3
19  -4
17  8
21  3
15  0
19  -8
18  -2
20  -3
22  -3
15  6
20  -4
21  -2
13  -2
13  0
19  -10
19  -6
20  -2
19  -7
21  2
17  7
16  5
20  1
17  7
20  -2
23  4
18  -5
27  -8
20  2
18  -3
17  5
20  -2
19  -11
15  3
19  -9
18  -4
22  -5
19  -11
18  -7
21  1
20  2
22  -11
19  -8
19  -3
18  -5
22  -11
13  0
22  -7
19  -9
19  -7
22  -11
14  7
18  -6
19  -5
20  -1
18  -6
20  -4
14  2
18  -1
16  4
16  5
20  3
20  2
16  1
20  -3
18  -1
19  -7
14  8
19  -11
20  -3
18  -9
15  7
21  -4
18  -7
18  -3
20  1
19  -5
21  -4
16  4
18  -5
22  -10
23  5
23  1
20  0
22  -7
20  -5
18  -3
20  3
20  -2
21  2
22  -6
15  5
19  -7
15  6
17  1
22  -3
21  -5
19  -3
21  -3
20  0
18  -9
17  5
21  -1
15  7
17  7
21  0
20  -1
22  -3
23  -3
18  -6
19  -9
19  -6
16  3
20  -5
21  -5
22  -4
19  -6
17  7
20  -3
21  -3
20  0
23  5
20  -1
17  1
22  -4
17  6
21  -4
21  3
19  -3
22  -9
14  6
20  0
19  -5
18  -9
17  4
15  1
20  -5
23  4
23  -1
24  -8
20  3
17  1
25  -5
22  -11
20  0
19  -10
19  -8
15  4
16  4
18  -9
15  2
18  -2
23  -3
18  -2
20  1
20  3
23  2
21  -3
15  6
21  3
16  8
20  2
20  0
17  3
14  1
21  -2
20  3
22  -10
23  2
16  1
19  -11
21  -5
22  -4
15  4
17  5
13  5
19  -11
16  8
18  -6
21  0
20  -2
23  -2
21  -3
15  8
19  -9
19  -9
20  3
24  -9
15  8
18  -3
18  -8
20  0
17  7
16  4
17  1
19  -9
20  -3
20  -1
20  1
23  5
17  3
17  6
22  -3
12  2
24  -6
19  -3
16  4
22  -11
17  8
21  -5
19  -10
21  -3
19  -9
22  -9
17  5
18  -7
13  2
21  1
20  -5
19  -10
19  -6
16  6
20  -2
16  4
19  -5
18  -9
20  -2
23  4
17  5
19  -5
22  -9
17  7
20  -3
13  4
21  -2
17  5
22  -11
20  1
16  1
16  8
20  -2
14  5
23  5
16  8
24  -4
18  -5
19  -5
21  2
18  -9
15  6
21  -1
21  -3
15  7
16  2
21  3
16  3
21  -5
21  -3
14  1
20  2
17  6
19  -3
16  2
15  2
19  -4
17  5
13  2
20  2
19  -7
21  -5
18  -4
12  6
22  -5
16  3
23  0
22  -8
20  -4
18  -9
18  -2
20  -5
18  -7
19  -7
20  -1
22  -5
19  -5
17  2
21  -2
15  4
23  -3
14  3
15  3
21  -1
21  -2
21  1
17  1
16  8
16  4
21  0
19  -3
15  2
16  5
18  -1
19  -9
14  6
17  0
18  -1
21  3
19  -11
22  -8
20  -4
17  3
15  5
18  -7
21  -5
24  -2
16  1
16  4
22  -3
17  7
19  -5
19  -6
22  -11
17  0
20  -1
19  -6
17  0
24  -5
20  -1
20  -1
21  3
19  -4
18  -4
15  7
19  -8
18  -8
18  -6
13  1
23  2
20  -4
15  3
21  -2
16  7
20  -3
17  1
15  4
22  -8
25  -3
19  -7
20  -2
20  2
17  5
20  -5
16  1
17  8
18  -9
20  3
23  3
21  -2
18  -4
19  -10
15  2
22  -7
20  -4
19  -9
23  3
23  0
21  3
16  4
19  -8
16  5
19  -4
15  4
21  -5
22  -10
15  4
21  -2
14  7
24  -4
22  -10
23  2
17  2
25  -2
20  -4
20  -3
16  8
9  -5
22  -9
19  -4
20  -1
18  -8
21  -3
18  -7
16  6
21  3
22  -10
18  -1
18  -5
17  5
20  0
17  3
22  -10
17  1
21  2
20  3
20  -5
17  2
18  -3
19  -4
23  4
19  -8
22  -6
20  2
17  8
19  -6
20  -1
16  9
23  4
20  0
14  7
18  -2
19  -9
18  -6
16  3
13  1
21  1
18  -9
19  -7
24  -3
11  2
18  -9
17  0
19  -11
23  -1
21  -3
16  8
24  -4
18  -8
17  1
14  9
22  -10
16  5
22  -11
