23  2
23  -2
28  1
26  2
27  6
27  4
26  -2
19  0
23  -1
27  0
23  1
20  6
28  -5
25  3
28  -4
25  3
26  -3
24  6
27  -1
23  -2
26  -3
22  1
26  -1
26  -1
20  9
20  5
27  3
25  11
27  4
23  7
25  7
24  -1
23  1
23  5
24  6
27  4
26  3
22  10
27  6
24  1
21  -4
24  -2
29  1
26  3
28  0
26  -2
26  5
31  4
18  7
25  6
23  2
27  -3
22  -1
23  2
24  0
28  -3
22  5
31  2
25  13
24  3
22  8
30  -1
23  -1
20  6
27  -1
29  12
24  -5
24  4
20  7
25  4
22  0
22  10
26  -2
30  2
21  6
25  6
24  6
24  2
18  0
23  2
17  6
24  -3
24  -6
25  1
22  3
22  10
29  3
28  -5
30  4
22  10
24  -1
20  3
23  3
25  3
24  1
25  6
27  -1
23  0
27  -2
23  6
27  0
26  4
25  4
27  -1
25  5
24  4
27  -4
28  -9
23  1
27  6
25  1
23  -1
22  0
17  7
22  -1
20  7
29  0
23  8
26  -4
25  6
22  4
20  11
28  1
22  7
28  -2
26  -3
23  8
20  8
22  5
25  13
25  9
26  2
21  6
21  8
21  -1
26  -1
25  7
20  10
22  9
25  2
30  6
23  -4
25  8
27  0
29  8
26  8
26  0
21  4
24  6
23  7
24  5
23  5
22  2
22  4
23  7
22  2
26  0
25  3
24  5
19  5
21  1
27  3
29  2
28  -2
27  -3
29  0
26  -3
26  -4
25  1
30  -2
25  4
32  3
26  -3
20  12
26  6
28  -1
23  3
25  5
28  2
27  4
25  7
23  -2
28  2
28  -1
24  -5
31  3
27  2
24  6
27  7
19  9
28  -5
27  3
20  10
23  3
23  7
26  0
28  -4
24  6
24  -1
24  4
24  0
24  5
19  9
25  13
25  13
25  11
21  2
19  6
23  4
31  -4
22  -1
20  5
28  1
30  3
22  11
22  7
26  3
23  1
23  -1
26  2
27  7
26  0
28  -3
26  0
27  -4
23  3
19  9
27  -1
28  -8
21  -2
24  -5
22  10
27  -1
26  0
28  -1
20  2
29  4
23  0
30  6
25  6
20  5
27  -1
22  6
22  10
22  8
23  6
22  3
28  2
22  1
21  8
27  7
26  -3
27  6
26  2
25  5
29  6
26  -4
29  11
24  -5
25  12
25  6
19  2
33  1
27  0
24  2
20  3
24  -2
23  3
26  5
25  5
23  3
24  -5
26  -3
29  10
28  -9
24  3
26  7
23  7
23  4
22  10
27  8
23  0
27  6
28  1
21  -3
23  8
22  -1
25  4
27  6
24  -5
27  7
21  3
20  6
26  -1
20  3
24  5
24  0
19  3
27  -1
29  8
22  7
25  3
27  1
26  3
28  -8
23  0
27  2
27  6
19  5
24  -3
18  10
25  11
25  1
26  1
24  -2
22  5
23  8
17  8
24  1
23  -2
23  -2
23  -4
20  3
23  8
24  -6
26  -4
23  2
17  6
26  5
22  11
26  -4
22  9
24  0
26  4
24  4
24  0
27  7
21  1
27  1
19  1
23  1
24  -2
25  5
17  3
22  5
28  -8
25  8
29  0
27  -2
25  7
22  2
31  5
23  7
23  -4
19  9
25  3
25  3
28  0
25  11
23  4
24  -4
26  3
26  -2
22  2
22  7
25  13
20  11
24  -5
26  8
21  4
23  6
26  7
24  6
26  6
23  1
25  5
24  5
24  -5
28  -7
26  -4
26  -3
24  1
28  -3
27  5
23  -4
23  -1
23  1
22  5
23  0
24  1
30  -1
22  8
27  1
25  7
24  1
24  6
26  2
30  6
28  -1
29  12
23  5
24  1
25  8
18  -2
23  5
22  0
26  -2
25  4
27  4
31  -1
22  8
26  1
25  5
23  0
22  0
26  -4
27  3
21  3
28  -5
23  6
23  0
24  -4
22  -1
28  -5
22  4
22  8
27  0
22  1
25  2
27  4
26  7
24  1
27  8
22  2
16  -2
26  -3
24  6
28  -6
26  1
28  -3
23  -3
27  0
22  4
21  0
29  3
23  3
27  3
27  2
26  1
24  -2
29  0
22  0
19  3
24  1
26  5
26  0
26  6
21  0
23  -3
28  -1
24  3
26  4
27  7
12  2
27  -1
25  10
19  -1
24  -5
25  8
23  -1
22  10
31  -2
20  8
22  8
24  -1
31  4
29  1
26  0
24  3
21  -4
22  8
20  5
24  1
20  7
24  1
30  6
25  6
25  9
27  6
23  0
21  -3
26  0
22  7
24  -1
23  4
22  2
24  -4
24  4
19  7
26  7
23  -1
25  6
21  -1
31  6
23  6
27  5
23  -1
22  11
26  0
24  2
26  -3
30  1
26  -4
23  -3
23  6
22  10
31  -1
21  -4
19  7
28  -5
24  4
19  -1
23  6
26  2
25  1
20  7
27  -4
25  4
27  6
23  6
24  -1
24  -3
21  8
22  6
22  9
25  13
28  -6
25  12
22  10
21  -1
25  4
21  4
27  -3
28  -6
26  6
26  -2
23  -4
24  3
20  1
29  6
27  0
21  1
26  5
24  4
24  3
29  0
21  6
28  2
20  1
18  6
20  4
21  -4
23  2
26  1
24  2
26  -3
27  4
24  3
27  3
21  0
26  6
22  3
24  1
25  8
23  5
26  -1
24  -6
27  4
27  0
22  0
25  6
27  6
23  -4
23  7
19  11
22  3
22  0
22  1
21  6
18  6
19  10
23  7
19  -1
23  5
29  5
22  5
21  8
24  5
21  4
19  7
29  6
24  1
27  -3
22  7
22  0
24  0
29  6
27  7
24  -2
25  1
27  -2
23  5
27  -3
25  3
24  -5
24  1
25  10
27  1
21  -2
26  5
27  1
27  -1
25  11
24  0
28  -10
28  -6
23  2
26  3
32  8
28  0
24  4
24  5
26  -3
23  6
23  8
22  -1
23  7
21  0
23  -3
24  4
24  -1
25  6
20  13
26  -2
20  12
26  -2
23  4
27  5
27  1
29  4
25  5
32  2
27  5
24  -4
26  2
25  10
26  5
29  8
27  4
30  4
28  2
19  4
26  3
27  -3
25  8
24  -1
23  -4
27  -4
23  -4
23  7
24  -6
28  1
24  -2
31  0
21  7
21  -4
19  9
27  -3
24  2
24  3
25  4
26  1
18  7
28  -7
26  8
28  -5
28  2
19  6
21  3
28  -10
32  3
20  13
29  5
21  -3
28  0
25  6
24  4
22  3
23  8
26  4
27  -1
23  6
29  11
26  -2
24  2
22  9
29  9
25  2
28  -10
18  2
21  8
21  4
21  -3
24  0
29  4
25  10
29  4
26  -3
23  0
24  -1
23  -1
16  -1
27  5
28  -1
27  8
27  5
24  -5
23  0
28  -7
23  6
27  0
25  3
23  -2
21  -1
25  10
26  -1
27  -1
25  9
17  11
26  4
24  1
24  4
22  9
22  2
29  1
27  8
24  5
22  6
21  -2
17  2
23  -1
25  1
29  2
28  -9
27  4
26  3
25  13
26  -3
26  0
29  7
25  3
24  3
23  1
29  3
22  1
28  -4
23  7
24  3
23  2
26  7
22  11
23  -4
26  7
22  10
22  1
22  0
22  10
25  11
27  7
21  1
21  6
21  -3
24  0
22  6
21  0
23  6
25  13
23  -1
26  3
22  11
26  1
32  12
24  -3
30  6
20  10
27  -4
26  2
25  7
23  2
24  0
23  6
28  -3
22  9
29  12
19  10
23  -2
27  7
21  4
25  3
24  -1
24  -3
30  4
22  -1
24  -1
21  1
24  -6
25  11
24  -6
22  7
29  6
23  -4
24  -1
18  -2
27  -4
23  1
27  -1
22  5
29  5
23  0
25  2
25  5
25  6
24  1
29  11
26  8
27  8
26  3
31  0
22  10
25  10
26  4
22  6
24  -6
29  3
26  -3
30  4
24  -5
25  6
22  -1
21  4
21  -4
20  1
22  2
25  4
18  6
21  -3
28  -3
28  2
28  0
25  9
25  11
20  5
18  10
26  0
24  -5
22  1
20  3
25  2
20  3
24  3
22  5
26  7
23  7
27  1
21  7
26  8
24  -3
20  5
22  10
25  7
25  12
27  7
24  -4
25  13
16  1
29  8
18  3
24  3
27  7
22  10
32  11
22  3
22  11
23  0
28  -1
23  2
26  1
26  3
21  2
26  6
27  8
27  -2
28  0
23  7
24  -1
28  -3
26  4
26  7
27  4
24  2
22  1
23  5
18  1
23  -4
25  9
25  10
25  4
21  0
25  12
18  0
24  3
20  5
26  6
22  7
18  -2
24  3
23  -1
20  3
21  -4
21  4
26  7
26  4
24  -5
25  1
25  9
23  8
24  2
26  2
22  2
26  4
27  2
24  5
22  -1
26  0
25  6
26  -2
22  3
27  5
24  3
26  -4
18  2
23  -4
22  7
23  -4
22  10
20  3
25  6
24  0
27  -1
17  3
26  0
27  2
25  4
25  8
26  -2
25  2
29  11
27  -4
17  12
23  6
22  -1
24  -4
20  3
26  -2
24  -6
26  1
25  10
26  3
23  1
25  4
25  6
24  -1
25  1
25  10
24  -4
25  8
26  7
17  8
30  6
22  0
18  6
22  9
29  4
25  8
22  1
20  4
26  -2
23  3
22  5
22  8
