11  0
12  3
11  2
13  1
12  -3
9  -10
9  -1
15  -7
11  5
12  -2
12  -7
13  0
8  7
11  2
11  -1
10  10
13  1
11  -1
14  -13
10  3
12  -8
8  7
10  8
15  3
15  4
10  4
11  -6
17  1
12  -6
10  -2
9  -6
14  -8
9  -11
12  -4
9  -10
10  10
12  5
9  -11
11  0
14  -10
10  7
11  1
10  6
11  -3
15  -4
11  -2
10  4
14  -4
14  -5
10  3
15  -7
14  -8
7  3
13  5
11  -9
7  3
14  -14
12  -2
7  -3
14  -9
4  -3
14  -7
9  -14
10  5
6  7
7  4
11  -7
9  -1
10  5
10  8
12  -8
8  -4
15  4
11  -9
11  1
14  -7
12  -6
11  -5
10  4
14  -5
9  -14
10  1
9  -12
16  1
10  7
14  -7
11  5
7  4
12  -5
17  4
15  -5
10  4
11  0
13  13
10  0
13  13
10  9
14  -9
7  0
10  -2
9  -11
13  6
12  -8
9  -11
10  -4
10  -4
10  2
13  7
11  3
12  -5
14  -3
12  -8
11  5
13  8
9  -4
10  -3
14  -3
11  -3
12  0
13  2
9  -13
14  -3
14  -13
10  2
12  5
10  6
12  -4
9  -1
9  -12
11  -3
14  -2
12  -7
8  -6
12  -4
12  1
13  12
13  0
11  -2
13  12
8  -4
14  -1
14  -12
13  9
9  -10
18  -6
12  -3
11  -6
10  5
9  -8
15  -6
11  -2
14  -7
14  -1
12  5
12  3
12  2
11  3
16  0
11  0
13  9
12  1
11  -6
8  -2
13  1
11  -9
10  5
14  -3
12  -6
14  -4
16  3
14  -11
9  -1
13  10
10  0
9  -14
10  9
15  -7
11  2
17  4
10  2
15  -1
17  3
4  1
10  -2
6  12
12  -8
8  -7
15  -8
11  -9
10  10
13  8
12  4
12  -5
9  -5
10  -2
11  -7
10  1
7  5
15  -5
10  0
13  4
12  1
14  -12
9  -9
13  13
9  -6
9  -14
12  -9
10  5
11  2
12  -3
13  -1
9  -14
13  0
12  -7
12  -4
13  7
14  -7
11  2
13  2
11  -2
9  -14
12  -7
10  7
14  -4
7  -1
12  -8
13  12
13  0
14  -14
6  1
12  -6
11  5
9  -6
9  -8
12  -8
11  -8
12  3
12  0
10  10
10  2
15  -7
11  -9
14  -1
11  2
13  5
13  5
10  -1
10  -1
11  4
12  5
12  -8
18  -4
12  1
12  4
14  -8
11  -5
10  10
10  -2
11  1
9  0
10  -4
14  -13
15  1
11  -3
11  -1
14  -5
10  0
12  4
14  -10
11  -9
11  -4
10  0
13  8
13  3
9  -7
12  -6
12  -9
13  -1
9  -8
8  -5
12  2
12  -2
11  3
14  -8
14  -8
10  7
13  13
9  -10
8  2
13  7
11  5
13  6
12  -9
16  12
10  1
12  -9
12  -1
11  -3
14  -7
15  3
13  6
13  12
13  1
13  3
8  -5
11  -3
7  9
11  2
11  2
11  5
15  4
15  1
10  -4
13  11
11  2
14  -10
10  -1
11  -6
15  1
13  9
14  -5
14  -2
13  13
8  -7
12  -4
11  -3
13  -1
11  -5
18  0
11  -1
9  -5
11  -8
14  -6
12  4
11  -9
12  -4
13  6
12  -4
13  8
13  12
11  -1
14  -13
9  -3
9  -3
16  0
15  -6
10  1
12  -4
8  7
10  -4
12  -4
15  -8
12  -6
10  -3
11  -2
9  -5
13  3
8  5
15  0
7  2
9  -12
10  10
10  8
8  4
12  1
14  0
10  8
10  6
14  -5
13  6
10  2
10  3
10  5
11  5
14  -13
15  -6
13  0
9  -11
11  4
11  4
14  0
15  -5
13  2
12  -6
9  -6
11  4
17  9
12  -9
16  13
8  2
13  -1
12  -8
12  -4
7  4
12  -6
11  -5
11  -8
14  -12
12  1
10  2
13  13
14  -14
14  -1
14  -8
8  -4
14  -11
12  4
9  -14
12  0
9  -11
10  -4
7  8
12  -8
13  2
9  -5
13  9
12  2
15  -3
13  7
13  8
11  -4
9  -10
9  -13
9  -1
11  -4
11  -6
8  2
15  -6
15  -4
10  -2
11  3
11  -6
10  -2
13  0
13  7
11  -8
12  3
14  -2
10  -3
11  -8
11  -8
8  4
13  -1
7  5
9  -8
10  -2
10  0
7  3
13  9
12  3
17  -2
11  0
7  11
11  -6
7  10
15  3
11  -4
13  -1
10  5
9  -1
13  7
12  2
11  -9
9  -9
15  -8
15  -3
9  -1
15  5
14  -3
11  2
11  1
13  10
14  -11
14  -4
11  -8
16  -1
7  6
9  -6
13  8
11  -4
7  0
13  7
11  4
10  3
11  -5
13  12
15  -1
12  0
15  -3
13  7
13  1
12  4
10  7
9  -2
10  3
9  -9
9  -12
13  8
12  -7
11  -9
8  -7
15  5
13  10
12  1
13  3
10  -1
12  0
12  -4
7  6
12  -2
9  -3
12  -4
11  1
9  -4
11  4
16  7
7  3
9  -6
11  -5
10  8
7  11
13  8
13  10
6  5
10  4
15  -5
10  0
15  -2
12  -8
11  -7
14  -7
14  -14
15  1
8  -5
9  -1
9  -9
12  -8
7  -3
10  -4
11  -1
14  -10
9  -9
10  5
10  -1
15  1
12  -3
11  1
12  -6
10  8
12  2
11  -1
13  1
12  1
12  -9
13  8
11  2
11  -8
11  -1
13  9
8  -7
10  1
10  -2
10  0
16  1
14  0
11  -1
14  0
13  8
14  -8
14  -12
14  -5
7  -3
13  12
8  7
9  -13
14  -3
11  -4
9  -10
12  -2
10  5
7  10
10  -1
11  -8
13  -1
11  -4
12  -4
11  3
13  11
10  1
12  -4
11  2
9  -6
11  -8
13  9
8  -4
14  -10
6  3
9  -8
12  -1
15  4
10  5
6  -1
10  3
13  -1
14  -1
9  -2
11  -1
6  9
13  4
11  -3
11  -7
8  -2
11  5
10  8
12  -6
11  -2
10  3
10  8
15  -2
9  -5
12  4
7  5
18  -10
8  1
10  7
7  0
10  5
13  6
14  -4
10  1
14  -6
7  10
16  1
8  2
11  3
11  -2
17  11
8  -3
17  4
14  -3
9  -1
11  -5
9  -11
10  -2
12  -5
13  0
13  1
9  -6
10  0
9  -5
9  -11
15  -4
12  5
9  -6
7  1
11  4
13  6
10  3
9  -6
12  4
17  2
14  -8
12  1
14  0
11  -1
14  -8
8  2
6  0
10  3
9  -11
7  10
10  -1
13  11
11  3
9  -12
15  4
7  5
8  -4
13  10
9  -9
13  4
9  -14
9  -3
9  -12
10  4
17  10
15  -8
13  7
15  -7
12  0
8  -3
13  7
11  2
11  -4
11  -2
12  5
10  4
11  1
10  0
11  5
11  -8
14  -12
11  -4
13  9
13  5
8  7
11  5
12  1
14  -9
12  -4
10  7
12  4
13  1
15  5
12  2
10  2
11  0
9  -8
12  0
14  -1
10  -2
7  7
15  -9
13  3
11  -6
15  -9
8  -1
12  -3
12  -4
12  5
9  -1
9  -4
10  7
16  -1
14  -6
15  -7
13  12
11  -9
10  8
10  6
13  5
14  -11
8  -7
7  9
12  -3
12  -5
15  0
10  5
10  6
11  0
11  -1
15  -4
14  -8
11  0
11  -6
10  9
12  3
8  -5
11  3
15  -7
11  -2
10  1
12  2
9  -2
16  10
9  -1
13  12
10  9
15  -6
13  9
13  12
13  5
8  1
10  1
13  2
10  -4
11  -9
16  9
12  -1
11  3
13  4
9  -12
11  -6
13  9
12  -1
10  -4
15  2
9  -14
9  -8
13  12
9  -14
12  -6
7  11
10  5
11  -8
8  -4
10  -3
11  -1
12  -8
11  -1
10  -1
11  -2
9  -9
15  0
8  2
11  -6
17  0
7  7
7  2
9  -2
7  1
13  3
14  -13
15  5
15  1
13  1
9  -5
12  2
11  -5
9  -3
11  -9
11  -8
13  12
12  1
11  -5
13  5
12  -5
10  1
9  -9
11  4
7  9
17  5
14  -6
10  7
15  3
7  9
7  2
10  8
10  9
12  -8
6  8
11  -4
14  -13
11  4
14  -12
10  9
12  -9
9  -2
14  -14
12  0
14  -11
13  4
14  -11
13  0
11  3
12  -9
12  1
12  -3
14  -6
12  -1
10  -2
11  0
12  -3
12  -8
10  4
13  10
11  -3
8  2
14  -4
11  -9
10  3
8  4
8  0
8  2
11  -6
10  9
13  -1
14  -13
11  1
11  -8
12  -2
12  5
9  -3
13  11
10  -4
11  4
12  -3
10  4
9  -11
10  9
11  2
8  7
11  -2
8  5
11  -5
11  -7
11  -8
8  -5
13  2
12  -9
13  3
12  4
10  5
10  7
10  4
9  -13
12  -7
9  -4
10  9
9  -5
10  4
12  -2
10  4
11  2
9  -5
12  -1
12  -4
13  -1
14  -1
8  -2
14  -6
8  5
10  7
6  9
10  4
9  -5
15  -7
17  4
10  8
10  1
13  5
9  0
11  3
14  -6
8  -1
11  -7
15  -3
10  8
8  3
14  -14
13  5
12  4
10  -2
12  1
11  -6
9  -1
14  -10
7  8
13  0
12  -3
12  4
12  3
10  10
8  0
8  -2
9  -8
11  -8
13  8
10  0
13  2
13  8
10  2
10  6
11  -4
15  -5
11  2
12  1
13  4
13  6
11  1
10  3
13  3
13  8
12  2
12  3
11  0
14  -6
9  -11
11  -7
14  -6
12  3
13  6
9  -8
13  1
9  -6
9  -8
14  -2
13  1
9  0
14  -3
11  -5
10  4
12  -4
10  10
11  -6
13  10
14  -7
14  -2
13  3
