20  -6
23  5
17  6
19  3
20  -5
21  2
19  3
19  4
18  -4
21  1
21  2
17  6
19  3
19  3
20  -5
16  -8
16  -8
19  4
19  3
18  -2
20  -5
21  3
21  2
19  3
19  2
20  -5
20  -5
22  -5
18  -2
18  -2
20  -4
13  6
19  4
17  5
21  3
23  3
21  2
19  3
17  7
20  -4
20  -4
21  1
15  2
19  3
18  -3
21  1
17  5
18  -4
19  4
12  -6
22  -3
20  -4
19  2
18  -4
21  2
21  3
19  4
15  2
19  3
20  -6
18  -2
18  -2
17  5
19  3
20  -4
19  3
19  3
17  5
18  -2
22  -4
16  -6
15  1
18  -2
14  -5
23  4
22  -5
20  -6
15  2
20  -4
19  2
19  4
20  -6
18  -3
16  -7
22  -3
17  6
21  3
18  -4
22  -3
23  5
17  7
18  -3
17  6
18  -3
20  -6
22  -3
18  -2
18  -3
19  3
18  -4
17  6
21  2
19  4
20  -6
17  7
21  2
21  2
19  2
21  2
20  -4
22  -4
19  3
16  -8
17  7
22  -5
18  -4
15  2
19  2
20  -4
18  -3
22  -3
24  -5
16  -7
18  -2
18  -2
22  -5
19  3
18  -2
22  -4
17  6
19  4
19  2
21  2
22  -3
17  5
20  -4
20  -5
21  2
16  -7
16  -7
19  4
19  4
17  5
19  3
17  5
24  -5
19  4
16  -8
19  2
16  -8
20  -6
23  5
20  -6
20  -6
20  -5
17  5
22  -4
19  4
17  7
19  2
21  2
19  3
19  4
16  -8
22  -3
15  3
17  6
18  -4
19  4
19  2
20  -6
21  2
19  4
17  7
19  3
22  -5
19  2
19  4
19  3
20  -4
18  -4
20  -6
16  -6
20  -6
19  3
19  3
19  2
14  -5
21  1
17  6
21  3
18  -3
22  -3
20  -4
20  -4
20  -4
19  4
18  -4
18  -4
17  6
17  5
18  -2
17  7
17  6
17  5
23  3
19  4
21  1
19  4
13  6
20  -6
19  4
19  4
21  1
19  2
21  2
14  -5
19  4
19  2
22  -5
16  -8
19  3
19  3
22  -5
24  -4
20  -4
20  -5
17  6
20  -4
19  3
18  -4
23  5
19  2
22  -4
18  -2
15  2
20  -5
20  -4
17  5
19  3
19  4
23  4
17  5
19  2
19  3
19  3
17  5
18  -2
18  -3
17  7
17  6
23  3
19  4
21  1
21  3
23  3
16  -8
21  3
18  -3
15  3
18  -2
17  5
21  3
21  3
19  4
13  5
19  3
17  5
18  -2
20  -4
18  -4
16  -7
19  4
14  -6
22  -5
17  6
19  3
19  4
19  3
17  6
23  4
19  3
20  -5
20  -6
20  -6
22  -4
19  4
16  -6
19  3
21  2
15  2
19  2
23  3
21  2
20  -5
19  2
18  -2
18  -3
20  -5
23  3
18  -2
24  -3
21  2
19  2
14  -7
23  3
17  7
17  6
19  4
17  5
16  -7
19  4
18  -2
20  -5
17  6
21  1
19  4
20  -5
17  5
22  -3
21  3
19  3
21  1
17  6
22  -3
17  7
17  5
18  -3
20  -4
18  -3
20  -4
18  -4
16  -7
20  -5
17  5
21  2
23  5
18  -3
20  -5
19  2
18  -3
19  3
19  4
22  -3
20  -5
15  2
20  -6
15  2
20  -6
16  -7
14  -6
21  1
17  6
21  1
22  -3
21  3
20  -5
21  1
18  -3
20  -6
16  -8
20  -6
19  4
21  1
18  -2
22  -4
20  -5
17  5
17  6
17  7
18  -4
20  -4
19  4
22  -5
20  -6
19  2
24  -5
21  2
17  6
18  -4
21  2
18  -4
16  -7
16  -6
23  5
19  4
21  1
15  3
17  6
18  -2
23  4
20  -6
19  4
21  3
21  1
20  -6
19  4
21  1
18  -4
18  -2
18  -4
19  2
17  7
19  4
20  -6
21  3
18  -3
20  -5
21  2
20  -6
22  -5
20  -5
17  7
15  1
22  -3
21  2
20  -4
22  -3
20  -6
20  -4
17  6
20  -6
19  4
19  3
17  5
18  -4
18  -4
21  1
20  -6
20  -5
21  3
19  2
18  -3
16  -7
18  -2
19  2
20  -4
19  3
19  2
16  -7
20  -4
21  2
19  2
18  -3
18  -2
17  6
18  -2
22  -3
20  -5
20  -4
20  -6
19  4
20  -4
21  2
21  3
19  3
19  2
20  -4
17  5
21  2
16  -8
18  -3
22  -4
20  -4
20  -5
21  1
21  2
17  7
21  2
21  3
19  2
23  3
19  4
17  7
18  -4
21  3
19  3
18  -3
18  -4
16  -7
22  -3
22  -5
19  4
19  2
22  -4
20  -6
20  -5
22  -3
21  3
22  -4
19  4
21  1
20  -5
15  3
20  -5
24  -4
19  4
20  -4
18  -4
19  2
21  3
22  -5
21  2
16  -8
21  1
22  -4
20  -4
15  3
19  2
16  -8
18  -4
21  1
25  6
14  -5
19  3
18  -3
22  -3
19  2
18  -4
18  -3
21  1
21  3
18  -4
20  -4
16  -8
20  -6
20  -6
18  -2
21  1
18  -4
18  -2
20  -4
11  1
19  2
21  3
19  3
20  -4
18  -2
19  2
19  3
21  2
18  -4
22  -3
14  -7
22  -3
15  2
16  -6
16  -8
20  -6
17  5
21  3
19  4
18  -4
19  2
19  3
19  3
18  -4
18  -4
18  -3
18  -3
22  -4
18  -3
21  3
15  3
22  -5
18  -3
16  -6
22  -4
20  -4
20  -4
19  3
15  3
22  -5
22  -5
19  4
22  -3
18  -3
19  3
20  -5
19  2
18  -2
20  -5
20  -6
23  3
21  3
16  -6
23  5
21  3
18  -4
21  3
23  3
16  -6
19  2
19  4
19  2
19  2
18  -3
21  3
21  1
20  -5
20  -4
22  -4
19  4
18  -2
20  -4
22  -5
17  7
19  3
17  5
19  2
19  2
20  -4
19  4
20  -6
14  -5
18  -2
20  -4
16  -7
15  1
17  5
19  4
21  3
16  -6
22  -3
20  -6
19  3
21  2
12  -5
18  -2
22  -5
18  -4
20  -6
19  4
17  6
20  -4
18  -3
21  1
17  7
22  -5
18  -3
19  4
21  2
16  -8
18  -3
17  6
18  -2
21  2
21  2
20  -6
18  -2
19  4
17  5
22  -3
22  -3
19  3
21  3
19  3
22  -3
21  3
21  3
20  -5
21  2
18  -4
17  5
18  -2
18  -3
21  3
19  3
21  1
19  4
23  5
19  2
22  -5
19  4
20  -4
19  4
14  -5
21  1
18  -4
18  -3
20  -6
21  3
21  2
20  -5
13  5
22  -4
18  -2
19  2
23  4
20  -5
19  2
16  -6
19  4
18  -2
20  -6
15  2
17  6
20  -5
21  1
21  3
16  -6
19  2
20  -5
20  -6
20  -4
17  5
17  6
20  -5
20  -4
24  -4
14  -6
21  3
19  4
22  -5
18  -2
19  3
22  -4
23  5
16  -6
20  -5
21  3
19  2
21  3
20  -5
19  2
20  -6
21  2
21  2
20  -6
22  -3
20  -6
19  3
16  -8
16  -6
21  1
20  -5
20  -5
19  4
21  1
18  -4
21  1
19  4
20  -6
18  -2
20  -5
22  -5
18  -2
21  3
17  7
19  2
21  3
24  -4
18  -2
20  -5
19  4
18  -2
20  -6
20  -4
15  1
19  3
20  -5
13  5
18  -2
18  -4
16  -8
21  2
20  -5
19  3
17  7
20  -4
20  -6
18  -4
20  -5
17  7
17  7
20  -6
18  -3
22  -5
16  -7
22  -4
18  -3
19  3
19  3
20  -4
20  -4
18  -3
19  2
16  -6
15  3
20  -5
21  3
19  4
24  -3
19  3
19  4
24  -4
21  2
12  -6
20  -5
23  3
20  -4
18  -4
19  4
21  1
21  2
20  -4
19  3
21  2
17  5
20  -6
18  -3
21  3
19  4
21  2
18  -4
21  1
22  -5
21  2
20  -5
21  1
22  -3
21  3
17  7
19  2
21  3
20  -6
20  -4
23  3
16  -7
21  2
20  -6
22  -4
17  5
19  2
21  1
20  -6
21  1
12  -5
21  3
22  -4
18  -2
23  5
21  1
19  4
20  -4
19  3
19  2
23  4
16  -8
19  3
20  -5
22  -3
21  3
21  3
21  2
20  -6
22  -4
22  -5
18  -2
15  2
21  3
18  -4
16  -8
19  2
17  5
19  4
18  -4
19  3
18  -4
18  -2
19  3
19  3
19  4
19  3
19  3
17  7
21  1
20  -4
22  -5
20  -6
17  6
20  -6
17  5
21  3
23  4
22  -4
20  -6
15  3
19  3
23  3
19  2
17  6
18  -4
23  5
21  3
16  -8
16  -7
20  -6
20  -6
23  3
14  -5
17  7
19  2
20  -6
22  -3
17  6
19  2
19  2
21  3
17  6
23  3
19  2
15  1
17  6
20  -4
21  3
20  -4
22  -4
16  -8
19  4
22  -3
19  3
21  1
23  4
18  -4
22  -4
18  -4
22  -4
22  -3
20  -4
16  -6
17  7
20  -6
21  2
19  3
18  -4
20  -6
22  -3
20  -5
20  -5
17  6
20  -4
20  -5
18  -2
21  1
20  -5
18  -3
15  3
22  -3
17  6
21  1
17  6
20  -5
19  3
17  6
19  3
16  -7
18  -4
18  -4
18  -3
20  -5
20  -4
20  -5
20  -5
20  -6
16  -7
17  5
19  4
19  4
19  4
16  -8
24  -3
21  3
21  1
20  -6
19  3
19  4
16  -8
21  3
17  6
19  4
19  3
20  -6
18  -4
16  -8
22  -5
18  -4
20  -6
17  6
18  -3
14  -5
20  -4
19  3
19  2
21  2
19  4
18  -4
19  4
20  -6
22  -4
