24  -3
24  -3
18  -6
22  -1
18  1
23  4
23  1
20  -1
21  -1
20  -7
23  9
25  -7
20  -2
26  -4
21  11
21  10
21  8
22  -7
23  11
22  4
19  2
21  11
18  -11
21  10
21  0
20  6
22  -2
17  11
15  3
18  -7
18  -10
23  1
22  2
23  12
25  -4
20  4
21  2
22  -3
17  -1
20  -2
23  3
15  3
20  6
21  4
22  -9
23  2
17  1
19  -1
23  12
18  1
23  9
22  0
21  -2
21  6
19  0
19  5
21  11
19  10
20  -8
20  4
19  10
19  6
18  0
23  12
21  8
20  -7
19  4
20  3
24  2
24  1
25  -6
20  -5
16  -6
20  6
23  7
21  12
20  3
15  -3
21  8
21  11
18  -6
21  9
20  -2
23  3
20  4
22  0
18  1
22  -4
21  -1
17  11
21  7
18  -11
24  -1
22  -9
16  7
21  10
19  10
25  2
20  2
17  -2
21  -2
22  -5
22  3
20  -7
19  10
24  4
24  -10
24  -3
22  -8
22  -5
21  -1
16  -5
19  2
18  -12
20  -5
21  9
21  4
19  -2
24  0
22  4
24  3
23  11
24  -5
20  -6
17  -1
20  5
21  1
21  -1
21  5
18  -9
20  -7
23  8
21  3
23  9
20  -8
24  0
20  0
19  8
22  1
17  4
22  -9
21  10
19  8
18  -6
22  -10
23  6
23  3
21  6
20  -5
24  1
19  12
21  0
23  11
14  -14
21  -2
24  3
19  5
25  -10
24  -5
23  2
20  4
18  0
21  -1
20  -3
21  3
20  -5
16  7
19  3
23  7
20  -4
23  10
21  4
21  9
21  2
21  6
19  3
21  10
22  2
20  -3
20  -3
22  -3
20  -7
21  6
21  10
21  3
19  12
17  -3
19  4
20  4
19  1
24  -7
16  3
22  1
20  1
17  1
21  4
17  3
21  2
17  -2
24  -3
23  8
25  0
22  0
19  8
21  9
22  -9
23  5
21  12
19  1
21  9
23  7
23  12
15  5
20  -1
23  -1
20  -2
18  -8
22  3
19  8
23  1
21  5
20  -1
18  -9
19  11
21  2
22  -2
23  -1
23  12
22  -1
23  10
19  10
21  1
22  -7
23  5
21  11
19  8
21  3
21  3
17  7
25  -9
24  -6
22  1
19  3
21  -1
25  -9
23  10
23  4
22  -9
20  3
23  11
20  -7
19  9
17  7
18  -13
23  12
20  -3
22  1
20  4
19  11
24  1
19  11
20  -6
23  8
21  9
20  3
20  -8
20  2
21  10
18  0
19  6
16  8
19  5
21  2
23  11
21  3
19  12
25  -1
20  -7
17  5
17  10
24  0
24  -5
20  2
22  -2
20  -8
22  4
23  -2
19  10
26  -3
19  5
21  12
23  9
21  10
20  -6
22  0
21  9
17  7
21  1
19  5
18  -3
22  -5
24  -7
18  -7
19  -2
22  0
20  6
21  -2
20  -8
18  -11
18  0
24  0
15  -1
15  -2
24  -8
19  5
24  -7
21  11
19  2
17  3
24  0
18  -7
18  -5
18  -3
17  8
19  5
21  8
20  -5
19  4
18  -8
24  3
18  -6
21  9
22  -4
24  -7
18  0
20  -7
14  -6
18  -6
17  3
14  -4
21  -2
17  10
20  -7
20  -1
22  -1
19  8
25  -4
20  -7
22  0
20  1
21  6
18  -2
19  3
19  11
21  7
21  -1
21  12
22  1
21  9
20  5
22  -4
22  -10
20  -1
19  6
15  3
23  4
24  -2
21  0
19  1
22  -2
20  -4
23  7
21  3
21  10
21  -2
19  11
24  -1
19  1
19  7
14  0
20  0
21  7
23  10
20  -4
20  -8
20  -3
25  -9
21  -1
22  -6
25  1
23  1
24  -1
19  8
22  4
20  -4
18  -4
21  12
22  -3
21  9
21  8
22  2
21  3
20  -2
19  5
22  -9
21  10
21  6
20  -2
21  7
16  2
19  5
16  2
17  6
17  11
22  -8
21  1
22  -2
18  -13
20  -8
17  -1
20  1
21  10
21  12
20  -7
16  6
20  -8
20  -2
18  -12
19  6
22  3
17  -3
20  -2
22  -4
21  1
17  11
18  -7
22  -8
20  5
21  9
25  -9
21  4
19  3
18  -3
23  -2
21  11
17  0
22  1
18  -1
19  11
19  9
20  6
21  1
23  6
21  6
23  0
21  -1
22  -3
19  12
24  1
19  10
20  2
20  -3
21  9
22  1
24  1
24  4
22  2
21  1
18  -12
23  5
21  9
18  -6
21  3
19  2
19  -1
21  3
22  0
21  7
18  -2
25  4
23  6
16  2
21  7
21  8
21  5
23  8
19  10
18  1
19  6
22  1
21  6
20  -5
23  1
19  10
18  -2
20  -8
20  0
24  4
19  5
21  10
18  -12
22  -10
17  5
22  -4
19  5
19  8
17  5
24  -10
21  7
18  0
24  3
21  3
20  6
21  -2
18  -4
21  7
19  9
18  -4
20  -7
25  4
21  6
17  6
22  -2
22  -9
17  -1
16  8
20  2
21  4
27  1
19  0
24  1
17  -3
21  -2
20  -7
19  7
20  1
17  -2
19  1
18  -11
21  9
22  -10
24  -5
17  2
22  -5
22  -8
23  4
22  -1
24  -8
21  0
20  -5
20  4
21  7
21  11
20  6
22  1
19  5
16  6
16  2
23  -2
22  4
24  -4
20  0
17  11
21  9
23  1
18  -1
25  2
19  3
18  -5
23  2
20  2
17  7
20  0
23  12
17  8
21  5
25  4
19  9
21  -2
21  10
23  11
23  -1
19  9
17  10
16  8
20  -5
19  8
19  11
20  6
24  -9
19  0
22  -2
21  6
18  -12
20  2
24  -9
19  9
18  -8
25  -4
21  5
19  4
23  2
22  2
20  0
22  -3
22  -5
23  9
21  9
12  14
19  8
22  -10
22  -10
23  9
22  4
22  2
19  5
20  4
18  -1
23  -1
22  0
22  -7
16  7
19  12
21  12
18  -2
24  -1
18  -6
21  10
17  1
19  5
20  5
23  2
25  4
23  6
21  -2
21  1
19  -2
17  0
18  -4
22  -2
20  -5
21  -1
22  -7
20  -5
20  5
21  7
24  -8
21  6
18  1
19  2
21  5
24  0
19  1
18  -3
20  3
21  -2
22  -3
20  1
21  0
19  8
22  3
23  4
20  -8
18  0
16  3
18  -5
23  1
17  6
21  1
17  3
19  11
19  0
23  12
20  -5
21  2
23  0
20  3
19  1
19  1
18  -3
20  2
21  4
20  4
18  -7
19  7
22  -2
21  3
18  -9
20  2
18  -5
23  6
25  -6
17  3
23  9
19  1
21  10
18  -3
20  -2
22  -8
17  -3
23  9
23  10
21  1
16  0
19  -2
21  12
19  9
20  -4
18  -12
20  -8
20  1
18  -3
21  12
21  8
22  4
22  -9
20  -8
20  1
22  -7
19  1
19  4
21  10
21  2
20  2
23  -2
26  4
21  6
14  -9
19  9
20  2
17  7
23  -1
21  3
21  12
18  -7
15  -2
20  -5
19  7
19  6
18  -7
20  -6
21  1
21  4
21  -1
24  -9
18  -13
16  -2
21  5
22  -9
18  -11
24  -10
16  2
23  2
22  3
20  4
20  -8
21  5
18  -5
19  -1
23  9
20  6
23  3
21  -1
18  -6
19  8
24  0
20  -5
18  1
19  5
21  1
25  1
19  1
19  -2
24  -4
19  7
23  6
20  -3
21  4
22  1
24  -7
20  -5
18  -11
22  3
22  -5
21  0
21  10
24  -3
22  2
19  2
20  -6
20  -2
20  6
20  -6
19  0
22  -4
19  9
22  0
23  6
24  -10
23  3
22  1
19  1
21  10
22  -5
21  9
20  1
20  6
21  2
20  5
24  -1
21  12
23  9
18  -11
23  0
20  -1
17  5
21  0
20  2
19  9
21  2
23  7
21  3
19  5
18  -9
23  8
23  2
19  8
19  3
18  -5
20  3
18  -8
20  3
21  12
23  9
18  -8
17  0
21  -2
20  0
20  1
20  0
25  2
21  12
16  -3
22  4
20  4
17  9
22  -10
20  5
19  3
20  -6
22  -5
25  4
20  -1
17  5
19  1
20  0
23  4
20  -8
22  -9
18  -9
25  -2
16  -4
21  0
17  5
22  -9
22  -10
19  10
17  -3
22  -1
20  3
21  5
23  2
17  0
18  -2
20  2
19  1
16  2
16  -3
20  -5
19  1
19  0
17  6
24  1
19  9
16  -4
19  0
22  -7
20  6
21  0
18  -6
22  0
19  0
20  -1
19  5
19  12
22  0
21  -1
20  -7
21  7
19  1
22  0
21  8
20  4
15  8
21  11
24  -2
17  6
20  -1
22  -4
18  -5
20  -5
21  0
19  5
22  -4
22  -4
22  -2
22  -8
18  -12
20  -5
20  -8
21  5
15  5
22  -5
26  3
22  -8
22  0
16  0
26  4
18  -2
16  8
21  2
25  -1
22  2
19  12
20  -1
22  -2
22  -7
19  4
21  2
22  -2
19  10
22  -9
19  3
22  -7
23  -2
19  11
21  7
20  -2
19  2
21  7
21  6
23  3
24  -10
19  11
24  -1
19  0
25  -2
24  -3
21  11
25  3
19  6
20  4
21  -1
20  -8
19  12
21  2
20  5
23  9
18  -2
24  -6
22  -9
18  -13
20  -4
20  0
18  -7
23  12
19  12
22  -4
22  -7
21  3
21  4
24  0
24  4
23  -2
21  12
20  -5
16  -3
19  8
17  6
21  4
19  2
20  3
18  -1
23  8
21  6
22  -7
23  7
23  5
18  -7
18  -12
