16  4
7  -6
11  4
12  3
11  5
13  -4
13  -3
11  5
13  -3
10  -7
13  -2
11  4
11  4
15  1
9  -3
9  -5
9  -4
12  2
9  -3
8  8
8  6
14  3
9  -5
10  -8
12  3
14  2
12  4
6  3
14  3
12  3
11  6
15  0
16  6
13  -4
11  5
8  6
12  2
9  -3
14  2
13  -3
11  5
8  7
14  1
9  -3
10  -7
13  -4
9  -4
16  6
15  -1
14  1
15  0
15  0
9  -4
12  2
8  8
14  3
16  5
10  -6
14  3
15  -1
11  5
11  4
16  5
15  1
10  -7
12  2
9  -3
7  -8
11  6
11  4
12  3
11  4
13  -2
11  5
7  -8
13  -3
14  3
13  -2
12  3
11  5
10  -6
10  -6
12  3
12  4
10  -7
10  -6
12  2
11  5
13  -4
13  -3
14  2
10  -7
12  2
7  -8
9  -3
14  2
12  3
10  -6
7  -8
12  3
13  -3
10  -8
12  2
14  1
11  6
10  -7
14  1
13  -4
12  4
12  2
11  5
14  1
14  2
14  2
11  6
11  6
15  0
11  4
16  4
18  -4
15  -1
7  -8
8  7
12  4
11  4
10  -7
11  6
10  -8
11  5
8  7
5  5
16  4
13  -4
8  7
6  5
8  8
8  6
12  4
10  -6
13  -3
13  -2
16  4
8  6
17  4
9  -3
13  -3
11  6
15  -1
14  2
16  4
12  4
11  5
10  -8
10  -7
10  -7
15  -1
11  5
18  -4
11  6
13  -2
11  6
6  5
13  -4
11  5
7  -7
11  6
12  3
18  -6
12  4
12  4
15  1
12  4
14  1
13  -3
11  4
13  -3
12  2
8  7
14  3
8  7
7  -8
10  -6
15  1
18  -6
9  -5
13  -3
10  -6
13  -4
12  2
13  -4
14  1
10  -7
12  4
11  4
12  2
9  -4
15  1
9  -5
11  5
11  4
13  -3
11  5
11  4
11  4
16  5
11  5
12  3
12  3
10  -6
11  4
13  -4
13  -4
14  3
13  -4
14  1
10  -7
9  -5
12  3
10  -7
8  8
11  4
11  5
9  -3
14  3
14  1
9  -5
12  3
7  -8
13  -3
13  -3
12  4
11  4
15  0
9  -5
11  4
10  -6
14  2
11  4
13  -3
16  6
11  6
16  4
8  8
13  -2
9  -5
11  5
17  4
11  4
12  4
12  3
12  3
8  6
8  8
12  4
13  -4
16  6
9  -5
14  2
11  6
15  -1
13  -2
13  -2
17  5
16  4
14  2
10  -8
12  2
11  4
13  -3
8  6
10  -8
7  -7
8  6
9  -3
8  8
16  4
9  -4
10  -6
15  1
9  -4
9  -3
10  -8
9  -5
11  6
16  4
12  3
13  -3
12  4
13  -2
9  -5
15  -1
15  1
12  4
8  8
7  -7
12  3
14  1
16  4
10  -8
13  -4
15  0
13  -3
12  3
10  -6
12  2
11  5
18  -6
12  4
12  4
10  -6
9  -3
16  5
7  -8
15  0
11  5
9  -5
13  -4
10  -6
13  -2
13  -3
10  -6
14  3
10  -7
9  -5
11  5
11  4
14  1
12  2
8  7
11  6
11  5
18  -6
16  5
12  3
10  -7
15  -1
15  -1
5  6
11  5
16  6
13  -3
11  5
12  3
13  -4
15  0
15  1
12  3
10  -7
10  -6
14  3
12  4
14  2
12  4
14  3
15  -1
8  7
11  4
15  1
10  -7
7  -8
12  3
14  2
8  6
14  3
12  2
12  3
9  -5
14  2
16  4
10  -8
11  6
9  -3
10  -7
10  -7
18  -4
12  4
15  1
10  -7
10  -7
16  6
12  3
6  5
11  6
9  -4
11  6
11  4
16  4
10  -8
11  4
11  5
9  -4
12  2
9  -3
14  3
15  0
10  -6
10  -8
15  1
13  -4
8  6
11  5
10  -7
11  5
11  4
9  -3
13  -3
14  2
10  -7
11  6
9  -3
16  5
10  -8
13  -3
10  -8
14  3
13  -4
15  -1
10  -6
13  -4
13  -4
15  -1
13  -3
16  5
10  -8
13  -4
9  -5
9  -3
13  -3
8  8
13  -4
14  2
8  7
9  -4
11  4
9  -5
11  4
13  -3
13  -4
15  1
10  -6
14  3
7  -7
10  -8
14  2
14  3
13  -4
12  4
9  -4
15  0
13  -3
12  3
9  -3
10  -6
7  -6
12  2
16  6
15  -1
13  -2
20  -4
10  -6
12  2
13  -2
11  5
17  3
15  -1
17  3
14  2
11  5
15  0
11  6
6  5
13  -2
12  3
10  -7
11  5
8  8
12  3
17  4
9  -4
14  2
10  -7
12  2
9  -5
16  5
15  0
12  3
12  2
11  4
15  -1
15  0
14  2
12  4
10  -8
14  3
15  -1
13  -4
9  -4
15  0
13  -2
14  2
6  3
10  -8
13  -2
12  3
13  -2
9  -3
14  3
8  7
8  8
13  -2
14  1
14  3
13  -3
8  6
9  -3
10  -7
14  3
12  2
16  4
14  3
11  5
12  2
11  5
12  2
9  -4
8  6
12  2
10  -8
10  -7
9  -5
12  4
13  -4
15  1
11  4
13  -2
7  -7
14  3
11  4
13  -4
10  -8
13  -2
12  4
10  -7
15  1
14  2
10  -6
14  1
11  5
13  -3
12  3
6  5
11  6
12  4
12  4
9  -4
9  -4
8  6
12  3
15  -1
14  2
11  4
12  4
10  -6
13  -4
8  6
13  -2
14  1
9  -4
13  -3
10  -6
10  -8
16  6
8  7
9  -4
11  6
14  1
8  6
11  5
10  -8
6  4
14  1
12  2
11  5
15  -1
13  -2
12  4
15  -1
13  -4
15  0
11  4
10  -8
9  -3
10  -8
13  -4
15  -1
17  5
8  7
15  1
15  0
8  6
13  -4
11  6
10  -7
15  1
12  4
11  5
14  3
15  1
14  1
14  3
13  -2
12  4
15  -1
8  7
15  -1
15  1
10  -6
10  -8
13  -4
16  5
10  -7
11  5
11  5
14  3
13  -2
10  -8
9  -4
14  1
10  -6
8  6
10  -6
13  -2
11  4
8  6
9  -4
13  -2
8  6
11  5
15  -1
18  -5
9  -5
11  6
13  -4
12  2
13  -3
14  1
11  4
16  4
13  -4
13  -2
11  4
18  -5
13  -4
11  5
11  4
12  3
12  3
12  3
8  6
4  -3
14  2
9  -3
9  -4
13  -2
11  5
11  5
13  -4
13  -2
10  -6
15  1
15  -1
15  1
11  5
12  3
12  4
12  2
11  6
12  4
10  -8
11  5
15  1
16  4
13  -2
9  -3
10  -7
10  -7
9  -3
9  -4
12  2
10  -7
12  3
12  2
10  -6
17  3
12  4
11  5
11  4
11  4
11  5
13  -2
12  3
9  -3
13  -3
8  6
14  2
11  6
16  6
13  -4
10  -6
13  -4
5  7
13  -2
10  -7
12  3
10  -6
11  5
11  6
17  5
11  4
7  -8
15  1
11  4
14  1
14  1
11  6
7  -7
13  -3
14  1
13  -3
14  1
8  6
13  -2
10  -8
11  5
11  4
12  4
9  -3
12  2
11  5
8  8
11  5
10  -6
14  2
11  5
14  2
10  -6
12  4
11  5
13  -2
13  -4
9  -3
8  8
15  -1
10  -7
11  6
10  -6
19  6
8  8
12  3
13  -2
9  -4
11  4
13  -2
13  -2
13  -2
9  -4
15  0
10  -6
13  -4
15  -1
14  2
8  8
16  4
14  1
11  4
12  2
15  0
15  -1
12  2
8  6
8  7
9  -3
8  7
10  -6
13  -3
11  4
15  -1
8  6
7  -6
14  3
9  -3
10  -7
11  4
11  6
11  4
16  4
8  7
14  1
15  0
12  3
13  -2
11  6
14  2
14  3
13  -3
8  8
14  1
12  3
13  -2
13  -4
10  -8
11  4
14  2
17  5
11  4
12  3
14  1
9  -3
13  -3
11  5
9  -5
10  -6
10  -8
13  -2
12  4
11  6
12  3
16  5
11  5
6  3
13  -2
12  2
7  -7
11  5
12  3
13  -4
10  -6
12  2
10  -6
14  3
15  0
12  3
14  3
14  2
9  -3
8  8
8  8
9  -3
12  3
8  8
6  3
17  5
13  -3
8  7
13  -3
11  6
12  3
14  1
9  -5
7  -8
9  -5
10  -6
13  -3
8  6
12  3
10  -7
11  6
13  -3
11  5
12  3
17  4
12  4
10  -7
12  2
14  2
5  7
10  -7
17  4
13  -4
15  0
9  -3
14  2
11  6
14  2
14  3
12  4
13  -4
9  -5
14  2
11  5
10  -8
8  7
9  -5
10  -7
13  -4
12  4
8  6
8  8
9  -4
8  7
13  -2
6  4
17  5
10  -6
12  2
13  -3
4  -4
9  -3
15  -1
12  4
11  6
8  8
10  -6
9  -5
18  -6
11  4
12  4
5  6
9  -3
11  4
8  6
9  -5
9  -3
8  7
11  6
13  -3
15  -1
12  4
9  -5
17  3
14  3
10  -7
10  -8
14  3
9  -3
16  5
10  -8
13  -2
12  4
11  4
13  -3
14  1
8  7
11  5
10  -6
17  4
12  3
9  -3
13  -4
16  5
16  6
12  3
9  -4
14  1
10  -6
10  -6
13  -2
8  8
14  2
8  7
14  1
14  2
9  -3
10  -7
11  4
11  5
10  -6
11  5
13  -4
10  -8
11  4
15  1
11  4
14  1
7  -7
9  -5
13  -2
7  -6
13  -3
8  6
14  3
8  8
14  3
9  -3
17  3
15  -1
15  0
10  -8
11  5
10  -7
8  8
14  2
12  2
10  -6
16  4
11  6
11  5
13  -4
13  -3
13  -3
