10  5
11  -5
16  -1
12  -3
9  2
15  -8
14  9
15  -10
13  10
13  10
10  5
17  5
17  10
12  2
18  12
8  1
13  4
13  8
13  6
12  -3
16  2
21  5
15  -3
7  -2
11  -8
14  2
9  8
13  9
17  6
19  7
11  -6
17  6
8  -1
13  5
13  4
14  0
12  -1
15  -12
11  -9
15  -5
14  4
11  -10
15  -8
13  2
14  7
12  -1
8  2
15  -11
9  8
16  0
12  3
10  8
7  7
17  2
9  3
13  12
9  8
15  -4
10  2
14  1
12  5
6  4
19  5
16  -3
12  -2
16  3
12  3
11  -4
10  7
13  9
10  -2
11  -11
16  -4
16  -1
15  -2
13  9
13  7
13  11
15  -11
13  3
10  2
11  -8
12  6
15  -12
13  11
13  11
8  -1
10  -2
9  -1
13  5
17  2
15  -5
12  6
14  4
12  2
13  2
16  3
11  -9
6  -4
12  4
14  0
13  5
12  0
11  -5
11  -6
14  3
12  0
14  10
16  -5
15  -12
11  -7
14  6
9  4
20  -1
15  -11
14  8
12  0
11  -3
10  8
15  -12
16  -3
11  -4
13  3
15  -8
15  -4
16  -1
7  3
11  -6
17  1
11  -10
12  0
17  4
18  4
12  7
17  3
14  9
13  12
14  4
8  5
13  8
12  5
14  9
14  1
9  7
13  10
12  6
19  7
14  6
12  7
11  -11
16  -7
8  3
17  6
12  0
11  -11
18  3
13  2
16  -1
14  8
23  0
15  -12
18  12
15  -7
14  10
14  8
9  6
13  12
12  -3
14  8
10  0
13  11
14  10
14  6
17  7
10  6
16  3
10  8
10  5
11  -8
9  5
11  -1
17  2
11  -2
15  -2
15  -10
17  1
14  6
12  1
13  6
12  -2
11  -7
9  1
14  1
14  3
12  7
13  4
13  2
13  7
13  3
14  6
14  8
13  11
18  3
13  9
12  3
11  -9
13  4
12  4
12  6
13  7
17  8
12  -1
12  -1
10  8
11  -6
11  -1
11  -6
13  12
9  4
14  0
14  6
15  -7
12  1
13  10
21  3
14  4
13  10
12  4
8  -1
6  3
15  -7
12  0
17  1
13  5
15  -12
13  12
15  -11
14  3
11  -7
14  1
13  2
10  -1
13  4
12  5
11  -2
11  -4
12  2
10  -2
10  4
11  -11
9  1
15  -2
10  3
12  6
10  5
14  7
12  4
9  5
11  -8
13  2
12  4
6  -4
12  0
12  2
14  8
16  1
11  -4
14  8
12  0
17  8
13  2
11  -11
10  5
14  5
17  4
15  -8
17  8
11  -9
14  0
6  3
15  -10
16  -7
19  -3
10  2
12  3
8  6
12  -2
16  1
17  8
18  7
14  0
16  -3
22  -1
10  -2
9  5
19  3
15  -6
16  -7
14  10
13  8
8  7
17  8
19  -3
11  -10
12  -1
14  8
15  -12
11  -4
12  5
16  -1
12  3
15  -4
12  0
15  -7
12  6
11  -9
17  9
17  5
14  0
15  -2
16  -6
19  7
11  -6
14  6
14  0
16  3
11  -3
10  4
15  -2
20  2
16  -5
12  7
9  5
12  0
10  4
16  -4
12  -2
12  7
17  0
10  -1
14  9
16  -2
12  5
12  2
12  2
16  -3
10  -1
15  -11
14  3
12  5
8  0
14  9
16  -5
12  -2
17  10
15  -11
14  6
13  6
10  5
12  5
15  -12
13  5
12  1
7  1
12  0
11  -10
14  2
11  -7
20  2
9  -2
9  6
15  -11
11  -2
12  3
12  -1
13  11
13  3
13  11
12  -1
12  1
14  7
13  4
15  -12
9  1
15  -5
10  3
11  -1
10  0
8  4
15  -7
18  12
17  2
13  11
14  5
12  1
13  2
10  6
13  5
8  7
13  12
11  -3
11  -9
14  4
12  6
14  10
14  10
8  -2
15  -11
7  8
11  -11
18  12
13  12
18  11
15  -10
11  -3
15  -6
10  2
11  -4
11  -8
14  5
14  5
12  4
16  -6
14  8
14  1
17  5
9  -1
12  -2
11  -10
14  9
9  1
10  7
14  10
12  6
13  2
17  10
14  3
15  -4
10  -1
12  5
15  -6
12  7
17  6
11  -10
14  5
14  0
14  9
14  5
12  1
15  -3
15  -12
15  -12
13  11
12  2
11  -7
15  -11
8  3
11  -5
13  8
14  8
8  -3
15  -2
7  7
8  7
12  3
14  9
15  -10
11  -7
16  -2
12  7
13  5
10  0
18  2
17  1
18  7
11  -6
15  -11
16  -6
9  -1
11  -11
11  -6
13  12
14  2
13  12
11  -8
12  -3
12  4
10  -2
14  0
10  -2
9  6
15  -6
16  1
12  6
15  -6
13  7
15  -12
11  -6
13  5
12  6
16  2
12  3
15  -12
10  6
10  1
14  4
16  0
11  -2
13  7
8  1
13  5
12  5
13  6
17  3
18  6
7  2
12  5
12  7
8  -2
20  -1
7  5
11  -9
8  -1
11  -1
11  -1
12  2
9  -2
13  8
14  7
19  5
10  3
10  0
14  7
15  -11
16  -7
17  4
14  10
18  2
15  -8
12  5
15  -3
15  -5
15  -4
10  8
13  3
16  3
11  -6
10  -1
12  -2
11  -6
12  3
12  0
10  0
12  5
16  -4
19  2
13  9
15  -10
11  -10
17  10
16  -5
10  4
14  4
10  6
12  1
16  -7
16  -1
14  6
10  3
14  6
10  0
21  12
12  0
11  -2
13  3
14  9
11  -4
14  9
16  3
13  3
20  1
13  12
10  3
11  -3
12  3
14  10
7  -2
10  3
12  2
14  10
14  7
12  0
22  1
17  9
11  -1
12  5
12  2
8  3
16  0
10  -1
16  -5
11  -9
13  2
12  0
14  0
8  6
14  8
13  11
15  -10
8  7
11  -2
17  4
15  -5
10  6
13  8
13  9
12  4
8  5
15  -4
11  -9
10  6
15  -10
12  -2
10  -1
19  -1
13  3
14  10
12  1
10  6
18  2
14  8
7  5
16  -4
13  6
11  -3
15  -4
8  -1
13  5
11  -1
15  -2
12  3
8  5
14  2
19  4
17  9
13  3
10  -1
10  8
14  4
17  9
15  -7
19  7
14  2
9  4
12  5
12  3
16  -2
13  10
12  3
9  -1
17  2
15  -9
9  4
20  -2
13  7
14  6
14  7
20  -4
13  6
15  -3
13  12
13  3
13  11
13  7
9  8
9  7
12  5
14  0
18  11
9  0
10  0
14  7
20  -4
12  6
12  6
14  2
11  -9
15  -2
15  -10
11  -8
9  6
16  -3
12  -1
11  -4
19  2
10  -2
13  12
11  -7
12  3
14  3
11  -1
7  5
12  6
9  2
15  -5
7  7
15  -7
9  5
15  -3
12  -1
11  -1
11  -2
10  8
12  6
16  -5
17  10
13  11
20  -3
16  -4
13  9
12  -3
13  12
11  -1
11  -9
22  2
19  4
16  1
12  3
13  3
11  -5
13  2
15  -4
13  8
14  5
12  -3
18  9
12  3
16  -4
16  -1
11  -1
14  6
16  2
14  10
13  6
16  -3
12  -1
16  -6
16  -5
16  -4
11  -7
10  5
11  -5
12  -3
17  10
14  8
16  3
9  7
6  1
14  3
9  7
15  -4
10  3
14  7
11  -10
15  -6
13  10
14  3
13  6
14  0
13  10
10  3
9  8
8  2
13  10
12  4
15  -3
14  10
17  2
14  3
14  10
12  -1
14  4
17  3
17  6
16  3
15  -7
11  -6
9  3
15  -9
10  -1
14  3
10  6
15  -4
11  -1
8  -1
16  -5
15  -7
12  7
14  9
10  2
14  2
17  10
12  -3
15  -2
16  3
14  6
11  -9
17  6
8  -3
18  12
11  -4
11  -2
15  -12
17  6
12  -2
14  0
16  -5
17  3
12  -1
15  -10
12  5
16  2
15  -10
11  -5
15  -8
14  9
12  -3
17  3
14  2
11  -3
16  1
20  -2
9  7
14  0
9  -2
15  -8
12  7
17  9
12  4
13  2
7  5
17  5
8  0
13  10
12  0
15  -6
9  3
9  2
11  -4
7  3
8  0
13  5
15  -6
16  -2
10  8
14  8
12  7
12  -2
15  -7
15  -10
11  -8
12  3
14  10
10  3
14  0
12  -3
13  4
13  3
11  -2
11  -11
11  -1
16  -2
11  -2
12  -2
20  -5
13  8
13  7
13  6
14  0
14  5
15  -7
12  4
9  0
16  -5
12  -3
13  9
17  4
12  -2
12  5
11  -10
11  -7
15  -12
10  4
10  1
9  -1
11  -11
12  0
14  5
15  -12
15  -8
18  8
15  -9
13  10
10  1
12  3
16  -3
11  -2
13  3
9  0
16  1
14  2
13  11
10  2
12  -2
16  2
14  7
12  5
16  -3
16  -4
14  8
10  2
9  5
13  4
13  10
13  4
10  2
14  5
13  5
11  -2
16  -1
14  3
11  -6
14  2
13  7
16  -7
13  7
13  11
10  3
14  1
18  8
14  6
15  -4
12  0
18  2
13  12
15  -10
11  -8
15  -2
15  -5
18  2
11  -4
13  12
13  11
15  -4
18  10
14  8
16  -4
15  -11
14  10
14  9
17  1
11  -4
15  -7
11  -4
14  2
13  5
12  1
12  -1
14  4
12  3
14  7
13  2
9  5
14  3
14  0
13  8
18  11
14  7
10  8
13  10
12  6
15  -9
10  1
12  -3
10  6
11  -7
13  9
12  2
11  -1
5  -3
7  -1
10  5
14  9
13  12
11  -4
11  -10
14  0
12  3
17  8
11  -11
