22  4
19  7
21  -5
24  4
17  5
22  3
18  9
19  3
21  -2
20  2
22  9
18  -1
21  -2
19  5
22  1
16  -5
27  -3
19  0
23  -4
19  0
15  -3
26  2
20  5
22  6
17  2
20  6
22  11
22  1
22  1
21  -4
18  8
16  -5
25  -7
25  -6
25  -5
19  2
21  -2
20  2
16  0
24  2
21  -6
20  8
16  -5
22  8
21  3
15  -10
21  -4
23  -4
20  3
21  -6
24  6
22  4
26  10
26  12
18  9
20  10
20  1
24  1
21  -4
29  9
23  -3
23  -3
23  -1
21  -2
23  -5
20  9
25  -7
20  6
18  9
21  -2
20  3
23  -1
25  -4
25  0
23  2
23  2
24  -2
23  -4
20  1
20  2
22  5
23  0
17  7
24  4
19  4
19  2
25  0
21  -3
22  9
19  2
21  -6
18  0
20  2
23  3
18  2
25  -6
23  4
19  0
28  -3
21  -2
28  0
20  10
26  6
17  9
22  4
24  0
20  4
18  8
26  11
26  3
16  -10
24  4
19  4
20  10
19  4
24  2
21  1
23  -4
19  6
19  2
23  -2
22  9
26  10
25  3
29  7
23  -5
25  -4
12  5
22  5
20  2
18  -1
27  3
19  2
22  6
22  6
24  -4
20  10
19  3
17  2
22  5
18  5
24  2
24  2
24  -1
24  -2
23  4
22  6
18  4
23  3
20  6
21  1
21  -1
24  5
20  2
19  1
20  8
24  0
26  11
28  -8
24  6
20  3
25  -2
16  -10
23  -3
22  8
18  4
15  -10
21  -4
21  -2
24  -3
18  -1
26  10
21  -6
18  7
18  4
28  0
24  2
16  -3
24  -4
25  -7
22  8
16  -3
19  6
26  5
27  2
26  4
27  -3
19  2
24  -2
23  1
29  10
24  -2
21  -5
21  3
17  8
25  3
22  7
15  -8
23  -4
19  3
22  10
23  4
19  -2
21  3
14  4
15  -4
20  9
17  9
26  7
17  5
15  -5
23  -6
25  -7
24  -2
15  -2
19  4
19  4
25  -2
20  7
18  8
23  -5
20  2
24  0
22  2
22  5
24  -2
19  2
23  4
17  10
23  0
20  11
23  -2
29  7
17  4
23  -3
24  -3
21  -5
21  -2
27  6
20  5
23  3
28  -3
25  -6
20  4
18  9
18  4
21  2
21  -4
18  6
20  1
19  6
19  -1
21  1
19  7
19  1
23  3
24  5
17  5
19  -2
21  -5
14  7
17  4
23  -1
22  10
24  -3
18  4
21  4
22  9
23  -2
17  2
18  8
28  -5
25  0
25  2
24  5
19  4
26  6
23  -2
18  3
22  10
18  6
18  6
25  -3
22  2
20  3
19  -2
19  5
20  1
25  -2
20  2
21  -5
21  4
18  2
24  -3
22  7
16  -2
18  0
27  1
21  1
17  0
21  -5
20  7
23  -3
24  2
25  2
25  -3
24  1
17  4
21  -2
19  7
19  3
23  1
27  -3
25  -2
23  0
22  1
22  7
22  9
22  5
17  3
20  1
19  3
21  4
14  7
23  -5
26  3
20  10
20  7
20  11
21  3
19  6
20  3
17  4
22  5
21  3
20  1
22  7
25  3
19  0
19  7
22  8
23  3
20  4
23  0
27  1
19  -2
20  7
20  2
15  -10
19  -2
29  11
20  3
22  3
23  1
21  4
20  7
23  -6
20  10
21  2
26  12
21  -2
23  1
30  2
13  -1
23  2
26  12
21  -2
17  6
22  9
22  5
23  -5
22  11
19  7
19  7
24  6
23  1
22  4
27  0
20  2
25  1
21  -5
22  9
25  3
25  -2
23  0
17  0
20  11
20  1
19  3
23  2
16  -10
18  5
22  7
23  -5
23  3
21  2
17  9
19  3
22  9
18  0
19  -2
18  5
22  11
17  6
23  3
22  5
23  3
23  1
20  1
24  5
20  10
17  9
20  7
19  3
23  4
25  -4
24  -2
20  5
25  -7
23  -1
19  7
28  -7
25  -6
17  10
16  -3
22  1
23  2
22  8
24  1
21  3
22  2
18  0
20  10
23  3
22  9
23  -5
20  1
20  7
23  -1
24  0
23  -4
23  -6
18  8
20  11
21  0
22  7
24  2
22  11
21  -6
20  4
23  0
22  2
23  4
19  -1
25  2
21  1
18  4
26  12
20  5
24  -2
17  1
21  3
27  6
19  7
18  1
22  6
23  2
27  6
21  0
25  -6
17  6
14  2
19  4
25  -7
19  -1
23  -3
22  9
22  10
20  8
21  -6
26  4
22  9
20  4
18  7
25  -5
24  0
23  -6
26  6
24  -2
23  3
20  1
22  11
22  4
19  0
21  -4
22  9
20  10
20  2
21  3
22  3
24  2
21  -1
15  -7
18  4
22  8
23  1
24  -4
19  -2
17  8
23  -2
24  5
18  4
19  8
25  2
24  0
15  -2
20  1
16  -9
18  8
20  6
19  0
26  5
24  5
21  -3
21  4
17  8
21  -1
19  2
23  4
21  -2
21  -1
15  -6
27  5
25  -4
24  6
22  10
21  -4
22  10
20  11
21  -4
28  -8
22  10
24  -4
23  1
19  3
22  11
21  -3
24  4
21  -2
19  4
23  -2
20  9
23  -6
23  2
24  3
21  -6
19  0
22  9
19  7
19  1
25  2
20  6
26  7
21  2
16  0
16  -8
14  5
23  -1
18  2
15  0
17  0
21  -1
26  4
23  0
25  1
26  6
28  -4
23  -5
16  -10
21  -2
22  4
20  4
18  8
28  -3
20  11
23  -5
18  2
22  9
21  -5
25  0
26  11
19  5
19  8
20  9
23  2
24  0
22  7
21  3
23  3
19  2
23  1
20  11
20  1
19  4
22  11
22  9
21  -1
24  -1
18  4
22  11
25  -1
21  -1
31  2
20  8
20  9
24  6
19  6
17  8
25  -1
20  6
22  1
22  6
17  5
16  -5
22  5
26  10
21  -2
21  -6
17  2
21  0
22  3
17  1
18  7
25  -3
14  4
19  0
23  1
14  5
20  11
20  3
14  -2
16  -5
22  7
23  0
25  -1
24  2
17  3
24  -2
17  2
18  6
21  2
22  1
15  -5
22  7
22  10
19  -2
27  0
25  -3
26  9
19  6
22  9
18  2
23  4
21  4
25  2
14  2
19  -1
19  2
23  4
25  -5
21  2
21  4
23  -3
23  -1
20  8
24  6
24  3
22  3
19  -2
29  7
18  4
24  -3
15  0
20  8
19  1
17  3
22  10
26  11
27  2
12  8
22  5
17  8
17  9
26  7
15  -1
20  8
17  10
24  0
20  9
21  -6
23  -5
22  2
22  4
26  6
21  1
22  4
17  9
21  1
23  3
15  -4
21  1
24  -2
18  8
25  2
18  3
18  9
22  1
18  9
20  10
18  6
22  3
25  -6
22  1
15  -4
24  1
20  10
29  4
19  1
16  -2
22  4
24  5
22  11
16  -4
18  4
19  -1
26  6
20  5
23  -6
22  8
23  0
20  5
23  -1
20  7
21  -2
23  -1
22  3
22  5
17  4
21  0
22  4
25  -4
21  -1
24  5
19  8
23  -2
21  -5
21  -3
15  -3
18  8
18  -1
18  2
21  -5
29  3
22  1
22  4
23  -2
22  1
26  12
20  9
21  0
18  8
19  -1
23  4
25  -4
18  2
17  9
19  3
24  -4
23  -4
23  -2
22  1
24  2
22  4
22  1
21  -5
22  1
21  -6
24  0
18  9
22  8
23  -5
20  4
22  8
21  -4
23  2
24  1
22  6
23  -1
22  7
20  7
23  -1
23  -1
22  6
16  0
17  0
23  -3
22  11
28  -8
16  -9
24  0
20  8
22  2
17  2
18  8
21  3
20  8
23  -3
21  -2
24  6
24  -3
20  3
24  2
19  2
20  8
22  2
22  2
23  2
23  2
14  1
22  8
25  1
15  -8
24  5
25  -7
22  9
22  6
21  -3
23  -3
22  6
12  4
18  3
23  4
15  -10
26  3
22  9
24  2
25  -4
22  4
21  -3
22  9
23  -2
23  -5
26  8
24  0
28  -7
17  0
22  5
21  -2
21  2
21  -2
23  -1
22  1
19  7
19  6
21  -6
20  11
24  5
21  1
21  2
17  10
17  6
17  1
21  -2
15  -10
23  -6
16  0
16  -3
20  3
22  4
19  1
22  9
20  10
24  2
22  3
23  -5
22  9
25  1
19  1
17  4
22  9
18  1
23  -6
15  -8
26  5
23  4
20  2
23  -4
24  3
23  -5
19  -2
25  -2
20  2
20  6
15  -1
20  2
20  1
19  5
22  1
24  3
21  4
22  3
19  7
19  3
24  1
20  6
26  9
16  -5
22  4
18  8
24  -3
22  7
22  11
23  -1
24  -3
19  0
15  -5
22  4
20  11
22  4
21  2
17  6
21  -1
21  -4
23  -3
18  3
22  10
26  10
23  -2
24  1
25  3
15  -1
27  -3
25  -3
25  0
23  -6
22  2
21  3
22  9
21  1
20  9
20  3
26  4
16  -5
21  -1
17  0
21  -5
23  -4
22  6
24  -3
19  3
22  9
20  9
23  -5
19  2
23  -1
17  1
26  5
23  -3
22  10
19  0
22  11
18  5
18  6
28  -7
21  4
17  6
20  10
24  1
19  0
15  -8
20  1
19  7
21  0
22  7
18  0
16  -6
20  7
27  4
24  3
17  7
18  0
15  -9
20  9
24  4
20  6
23  2
23  -1
19  7
21  2
19  2
