20  -5
20  -2
27  -5
18  -4
19  -9
24  -1
22  3
22  1
21  -6
22  5
22  -4
20  -5
22  -4
16  2
19  -7
20  -8
25  0
20  -8
17  4
26  7
18  0
18  6
19  -2
24  -5
22  -1
18  0
21  -6
17  3
19  -7
19  -3
22  1
18  1
19  -6
16  -1
23  1
21  0
23  -3
19  -2
19  -2
20  -10
18  4
19  -2
19  -1
17  8
26  8
24  1
20  -11
17  -2
21  -2
15  -3
18  -1
18  6
17  -2
23  0
20  -4
21  -9
19  -5
16  -2
19  -4
26  6
25  7
23  2
20  -2
18  0
16  3
18  1
21  -7
16  8
23  0
16  8
18  -4
23  3
19  -7
17  4
22  1
18  3
21  -2
20  -4
16  -1
20  -6
23  4
23  -1
17  -2
24  -3
21  -7
21  -7
21  0
17  6
16  0
27  0
24  2
21  -7
22  4
25  5
16  -1
24  -6
21  -1
22  5
20  -7
24  -2
20  -5
20  -1
20  -3
23  0
19  -5
21  1
22  -2
22  -2
17  6
23  5
19  -4
21  -1
19  1
23  0
19  -9
21  -3
25  4
23  4
21  -6
19  -7
22  -4
21  1
17  1
22  -1
18  1
22  6
20  -9
27  0
15  -4
15  4
20  -1
24  -7
15  5
27  -2
11  8
20  -8
19  -8
26  5
19  -7
22  6
19  -4
20  -9
25  1
19  -9
27  -9
24  3
13  5
18  4
19  -8
10  1
18  -2
20  -8
17  7
21  -2
21  -4
23  5
19  -8
20  -10
18  -3
21  -4
17  6
13  -1
19  -4
12  2
20  -2
22  -3
21  -3
18  1
22  1
16  8
19  0
19  -9
15  5
24  3
20  -7
18  -4
25  5
18  6
18  -2
22  0
21  -5
18  0
20  -1
15  -3
18  -4
21  -9
21  -3
18  2
18  0
12  -1
19  -1
17  1
22  -3
18  -3
22  2
17  1
15  3
23  2
21  -2
26  5
23  2
19  -5
16  -2
23  -4
17  4
23  0
17  4
22  2
22  -3
22  2
19  -6
23  2
17  -2
20  -6
20  -5
22  2
22  0
16  5
20  -4
17  -1
25  5
20  -2
20  -3
23  4
15  6
18  2
20  -11
18  3
19  -8
23  -5
20  -6
16  8
21  -6
20  -3
22  -3
18  1
22  -1
22  2
21  -5
18  0
20  -1
18  5
19  -3
25  -2
20  -2
22  -4
20  -2
21  -7
19  1
21  1
19  -8
22  1
21  -7
25  2
19  -3
14  1
14  -2
21  -2
24  2
20  -9
19  -4
24  -4
20  -9
22  2
23  -1
19  -3
19  -5
19  0
24  0
23  0
25  5
21  -6
22  0
23  4
20  -4
19  -5
20  -4
21  -2
21  -8
22  2
25  -1
19  -7
15  0
25  0
18  4
18  -4
25  5
24  1
16  0
19  -2
18  -2
16  8
19  -7
17  8
22  2
21  -7
18  3
20  -1
20  -10
20  -1
18  -4
21  -8
18  1
16  4
24  2
22  4
24  -4
17  1
14  0
14  7
18  -4
18  0
24  -5
22  -3
16  4
18  -3
20  -9
16  -2
18  -3
21  -9
21  -4
19  -6
21  -7
27  -3
23  -1
19  -3
13  0
24  -7
25  6
24  -4
23  1
23  -5
19  1
21  -7
19  -8
22  4
14  5
16  3
24  -1
24  -2
21  0
19  1
21  1
21  -7
26  4
15  -1
21  -2
16  2
26  0
22  4
18  -3
17  8
23  -3
18  -1
19  -1
18  -1
20  -1
27  -4
24  -5
26  3
26  1
18  6
25  4
23  3
19  -8
19  -9
26  2
19  -7
18  -2
21  -6
22  3
24  -5
17  2
21  -9
21  -3
18  2
15  4
21  -2
25  5
18  5
17  -2
22  2
20  -7
21  0
19  -8
22  -2
23  1
22  3
21  -8
21  -5
17  -2
18  5
18  -1
19  -3
22  3
17  8
24  1
18  1
17  6
21  -7
23  -4
20  -8
19  -4
21  -7
15  1
16  6
26  9
16  -1
25  3
22  5
28  -2
19  -9
22  0
17  -2
23  4
18  6
21  -7
17  0
21  -3
16  8
16  7
23  2
22  4
16  0
26  2
20  -8
20  -11
23  -5
20  -7
21  -1
22  2
15  1
17  0
20  -4
26  3
22  -1
23  -5
14  6
24  -2
22  0
23  2
22  3
17  4
16  -1
24  -2
13  6
22  3
18  5
21  -8
25  2
20  -2
21  -7
26  8
27  -7
18  -4
17  -1
21  1
20  -7
25  5
19  -3
19  0
21  -1
24  2
20  -7
20  -1
25  1
26  7
21  -7
22  -3
19  -5
21  -7
22  6
18  6
16  1
19  -9
21  0
21  -9
23  -4
20  -2
24  -1
16  4
18  -2
18  0
23  -5
21  -9
18  -3
20  -7
18  3
23  -5
22  2
18  3
20  -2
20  -5
24  -2
21  -3
20  -5
19  -7
25  7
17  4
23  -2
27  -4
24  -1
21  0
20  -1
20  -7
20  -5
21  -2
21  -8
16  4
20  -4
23  -1
19  -8
20  -3
17  8
19  -6
22  1
19  -3
23  1
23  -3
15  5
16  3
19  -9
16  8
19  -9
15  -1
18  6
22  0
19  -6
19  -7
17  4
16  0
21  -4
22  4
20  -5
24  2
22  4
25  2
18  3
16  7
21  -1
21  -6
17  1
22  0
16  4
21  -5
19  0
22  -4
17  6
22  -4
24  -3
21  1
26  1
23  1
24  0
19  -7
25  3
17  0
21  -9
21  -2
22  1
17  7
20  -6
18  4
19  1
18  -3
20  -9
24  3
13  7
22  6
23  -2
18  0
16  0
22  -2
16  2
18  0
19  -6
23  -1
22  -1
21  -3
24  -4
19  -3
20  -5
25  -2
12  -2
21  0
19  -1
24  -6
20  -2
15  -2
16  1
20  -5
19  -3
19  -3
18  0
19  -2
24  -7
15  -1
24  3
21  -1
25  0
18  4
17  -2
21  -6
25  0
18  6
22  0
25  2
23  4
23  0
18  0
22  0
16  3
19  -4
22  -3
19  -7
18  0
17  5
18  5
21  -5
17  1
21  0
22  0
22  -2
19  -3
20  -10
20  -6
15  5
22  6
23  -4
17  4
20  -3
20  -10
16  0
21  -4
24  -7
16  -2
21  -1
20  -7
12  2
19  -1
19  -8
19  -8
24  -5
20  -7
18  -3
18  -1
24  -7
23  4
21  -3
20  -9
18  -3
20  -3
19  0
22  -1
21  1
22  4
23  3
21  -9
24  -3
23  0
19  0
17  5
26  6
19  -5
24  0
22  -3
18  2
25  -2
19  -4
23  -1
17  5
21  0
19  -9
24  2
25  -1
18  -2
25  8
15  -1
17  1
20  -6
28  -8
29  -1
19  -6
16  3
20  -6
16  -1
16  3
26  9
22  -3
21  -8
21  -9
19  -1
18  -2
19  -6
18  5
16  3
21  -1
28  -6
21  -7
22  5
17  2
20  -5
22  3
25  -2
19  -4
24  2
14  6
19  -2
23  -3
22  1
19  -1
21  -9
22  6
19  -6
16  3
18  5
23  -2
24  -7
26  6
22  0
22  -2
23  2
17  -2
27  -5
18  1
20  -3
19  -1
22  -3
25  4
18  2
24  -6
19  -6
23  3
20  -10
15  -2
24  0
24  2
25  8
22  -2
17  7
23  -4
25  4
12  -7
21  -6
16  7
23  0
19  0
23  5
24  -5
19  -2
15  -3
22  3
22  2
22  6
20  -6
19  -4
20  -3
20  -7
23  -5
18  -3
23  2
20  -2
20  -5
24  3
21  -9
23  1
21  -1
24  -3
20  -8
18  2
20  -7
27  -10
21  -4
20  -9
17  1
20  -3
21  -6
19  -7
15  5
22  -1
18  1
18  1
22  0
26  7
19  -8
24  -7
14  -2
14  2
21  -3
25  7
19  -2
23  -1
20  -3
17  8
21  -1
20  -11
19  -7
24  0
24  2
18  0
18  -1
19  -8
21  -9
20  -9
20  -6
24  -2
23  2
20  -9
18  6
23  -3
21  -4
24  0
21  -4
22  -3
24  2
21  -9
24  0
19  -1
22  5
23  3
20  -9
18  -1
20  -9
16  4
14  0
22  6
15  -3
19  -4
17  -1
15  2
21  -9
20  -1
26  -1
18  1
25  6
13  2
20  -9
18  2
22  -2
17  8
18  1
20  -4
22  0
18  5
18  0
23  -3
16  1
24  1
22  5
18  6
18  6
21  0
20  -8
20  -7
18  6
22  6
20  -1
21  -8
15  -2
23  0
21  -6
16  6
20  -1
16  5
17  -2
15  -1
21  -6
24  -1
24  -7
22  5
24  2
23  -1
24  -1
20  -8
23  -1
16  -2
18  2
18  -1
19  -8
20  -5
19  -3
20  -6
24  -5
21  1
21  -1
22  -4
23  -3
22  6
23  -4
14  -1
19  0
23  4
11  10
20  -8
26  4
23  4
19  -3
23  4
22  0
23  1
22  0
23  -1
18  -2
29  -7
18  6
21  -1
23  -4
19  -3
17  8
20  -3
22  6
19  -2
22  3
22  0
17  5
18  2
24  -4
19  -7
17  8
16  -2
19  0
23  4
23  0
21  0
21  -9
18  -1
19  -5
19  -9
17  5
24  2
19  -1
16  6
17  -2
23  2
19  -6
17  0
20  -5
16  7
19  0
22  6
26  4
17  3
23  1
20  -8
24  0
20  -5
15  -4
13  5
15  0
20  -7
21  -4
21  -7
18  1
18  0
21  -6
25  0
18  4
18  -1
21  0
24  3
13  -3
19  -9
23  5
18  -4
20  -3
20  -5
20  -5
22  5
21  -9
19  0
15  2
18  -3
17  6
16  3
20  -7
18  6
23  -2
19  -9
21  1
21  1
25  2
20  -10
21  -4
21  -1
24  -1
17  3
22  5
20  -5
23  4
21  -5
22  -3
21  -7
20  -8
21  -3
15  6
21  -1
19  -3
22  6
21  -9
25  7
