13  1
10  6
13  5
13  2
13  -3
13  7
14  10
13  -6
16  1
22  -6
12  -2
16  1
8  -8
15  6
11  0
14  9
13  -1
9  3
10  5
16  -1
15  4
15  13
15  5
8  -4
16  -6
15  2
17  0
12  -6
12  -2
9  0
13  -1
15  8
15  12
12  5
15  4
11  -8
11  -2
15  0
16  -2
11  -5
12  1
16  -4
16  -1
13  5
16  -12
11  -3
10  4
11  4
15  8
15  4
17  2
16  -4
13  -3
14  5
17  3
14  9
12  -5
8  -4
17  -5
13  7
11  -8
17  -2
12  5
12  -4
14  0
10  2
9  7
16  0
15  10
14  8
14  -1
14  9
15  3
14  3
16  2
14  -2
13  -6
16  -10
12  5
17  0
12  4
15  5
9  1
15  8
12  0
13  3
14  -1
5  6
15  1
18  9
15  2
17  6
10  7
10  -2
18  1
11  -2
10  -1
11  3
12  1
21  5
16  -3
14  -3
15  11
14  2
14  4
17  -7
13  0
12  -3
7  6
15  0
10  -3
13  -5
15  13
9  8
6  7
17  -7
19  -11
18  5
16  -5
17  -3
22  4
13  -4
14  9
13  -2
16  -11
17  6
20  3
9  -1
15  8
16  -11
17  -8
15  1
11  -4
17  0
12  -6
18  10
13  7
14  -2
10  8
14  1
16  -7
14  1
17  -8
18  9
13  3
11  2
13  -1
11  3
12  4
11  -3
18  6
11  -1
24  4
14  9
16  -11
16  -11
13  1
8  -6
9  -1
16  -6
10  1
9  2
21  -5
19  3
14  -2
14  10
16  1
14  -1
15  11
13  -6
9  1
15  5
13  -1
14  -2
11  5
15  -1
15  13
6  -3
18  -1
17  -8
18  10
14  4
16  -3
12  -4
17  -5
14  4
11  -1
12  6
14  -1
17  -1
10  3
13  -1
9  8
18  0
13  6
12  4
18  3
12  -3
14  1
12  1
9  8
12  -7
11  -7
12  -3
14  3
14  4
11  -5
12  -5
15  4
7  -5
13  -5
17  5
7  8
11  -1
12  5
11  3
15  10
13  -2
15  -1
11  4
10  -2
17  4
12  -6
11  -7
20  3
12  -5
17  -3
11  3
19  -5
16  -2
14  -3
17  5
8  0
12  -6
13  3
18  6
13  3
15  0
12  2
11  -4
13  -2
14  7
10  8
14  0
12  -2
17  -7
14  7
18  13
12  0
13  -5
18  9
13  2
14  1
13  1
12  -5
17  -1
16  -2
13  2
13  1
12  4
14  9
12  -3
12  6
17  -1
14  2
16  -10
7  2
9  9
11  -5
15  9
9  5
15  11
11  4
18  4
11  5
14  5
15  2
14  5
14  10
18  4
11  -2
13  0
15  6
13  7
10  8
11  -7
14  -1
14  8
13  -3
13  7
18  8
16  2
12  -2
15  8
18  -1
10  7
16  -9
9  4
10  -1
10  6
14  3
21  -3
6  8
9  7
11  -2
16  -4
6  1
16  -12
13  5
18  5
19  -2
16  -1
19  -9
13  6
13  0
14  9
13  1
15  1
15  3
14  -3
14  4
11  6
13  2
18  1
15  9
15  12
18  1
9  10
12  -5
16  -4
9  8
17  -5
12  1
15  9
12  1
13  -6
14  -2
19  -8
14  1
14  10
12  0
16  -5
15  8
10  6
13  -4
14  -2
19  -7
10  -1
16  -5
18  2
12  3
14  10
16  -1
15  8
19  -7
16  0
17  5
17  -5
17  -2
17  -3
12  -2
19  -5
15  5
15  7
12  4
17  2
11  2
19  -9
11  -2
15  9
7  -2
10  4
14  7
14  8
10  0
15  11
14  -2
10  5
11  3
14  2
15  12
12  0
14  6
19  -8
18  9
17  -8
10  9
10  -5
13  5
18  -1
15  9
14  0
13  1
18  9
15  4
12  -8
13  -5
16  -2
15  3
12  -7
20  6
14  11
15  6
14  5
14  10
7  -1
13  6
16  -12
15  10
18  7
19  -1
12  0
14  3
11  -3
11  0
13  -6
16  -7
16  2
13  -3
12  0
9  -1
13  7
13  -2
15  -1
12  4
14  10
17  5
12  5
11  6
15  0
15  12
13  -4
14  0
17  -7
19  -1
14  -1
14  -2
12  -3
22  -2
17  -6
8  -10
16  -1
10  5
11  -3
11  -1
16  -6
9  4
9  10
9  1
15  0
15  7
13  -4
14  -2
13  0
13  -7
12  -2
15  5
17  3
13  2
16  -7
7  3
15  11
11  3
15  13
22  0
12  5
10  7
15  6
16  -3
23  -5
16  -4
12  -2
16  -10
19  2
13  -6
13  -4
15  -1
15  4
16  -1
16  -4
15  -1
14  5
15  5
15  6
14  2
11  3
11  -6
16  -4
21  7
19  -3
13  7
9  9
11  -2
17  4
10  0
15  4
13  4
16  -10
10  6
15  4
11  2
12  5
14  7
15  4
13  3
12  -8
8  -6
19  -11
15  0
11  -3
12  4
14  -2
16  -7
13  0
14  11
10  9
13  4
14  -1
7  1
11  2
13  6
16  -12
14  11
12  6
14  2
15  8
13  3
10  -1
15  4
19  0
15  1
12  -2
15  2
14  1
15  5
10  -2
9  5
12  1
11  3
9  12
15  9
11  -5
9  7
17  -8
11  6
15  4
15  10
15  12
11  2
17  -3
18  7
10  4
9  11
14  0
17  -7
10  9
14  6
15  12
12  -1
13  -2
14  8
10  8
13  -2
12  -3
16  -10
18  -1
16  0
16  -2
19  1
15  -1
14  8
18  3
16  -2
17  -1
15  9
15  0
17  4
17  4
14  9
9  -1
14  4
18  13
15  3
15  12
14  5
11  0
19  0
13  3
10  0
13  3
12  0
8  -8
13  -6
10  3
13  2
13  2
14  3
13  5
18  7
21  6
14  3
10  9
15  13
14  -3
21  3
17  3
14  -1
15  4
13  5
11  -4
15  7
15  5
12  6
18  10
11  4
10  -2
18  11
12  -4
11  0
12  -7
10  4
12  5
20  4
17  1
16  -7
19  -3
12  -5
13  1
12  3
11  -1
13  1
17  4
11  -7
14  6
8  -3
17  -4
15  5
18  10
11  0
16  -11
11  -1
17  -8
11  -3
19  -5
16  -11
11  -2
14  4
12  1
14  -1
16  0
21  6
16  0
9  10
8  1
17  -3
15  11
11  -3
16  -12
19  -3
18  10
11  -6
15  4
8  -2
13  6
16  -4
16  -7
14  -3
17  -3
17  -3
14  -1
14  0
14  0
13  -5
9  4
16  0
17  -8
10  3
12  5
15  2
10  5
19  -3
13  -1
13  -7
14  -2
16  -7
16  -9
13  2
11  4
15  8
17  -2
13  -2
17  1
10  4
19  -1
14  5
9  -1
13  -1
20  6
18  11
13  3
11  -3
8  1
19  -11
14  4
12  -6
16  -9
17  2
13  -6
22  4
12  -4
11  3
13  2
13  3
11  2
20  8
17  4
16  -11
7  -1
12  3
12  4
13  -7
13  -5
15  11
14  6
16  -1
8  -11
12  -1
14  -1
12  -4
15  10
13  7
17  -7
13  5
11  2
15  7
16  -11
13  -3
14  -2
10  -2
12  1
9  10
14  -2
16  -3
9  -2
16  -12
21  9
17  -8
8  -1
10  -4
16  -4
11  -5
12  1
14  11
11  -6
15  5
14  6
16  -1
15  -1
11  -4
15  12
12  -4
21  -5
13  4
16  -12
12  -8
14  -3
11  -3
11  -7
18  13
14  -1
10  -1
15  2
13  -1
16  -2
14  -3
15  7
17  -2
12  -8
11  5
16  -5
15  6
10  0
13  -7
11  0
14  9
13  7
17  3
16  -6
11  -4
15  9
12  -4
11  -2
20  3
14  -1
13  -3
13  7
16  -5
14  8
12  -5
12  -8
19  -5
17  -8
6  -4
14  8
17  -1
13  6
11  -4
15  0
12  -3
13  -4
10  -2
21  7
17  -4
16  -7
13  -4
15  11
12  5
9  4
10  2
10  -1
23  9
16  -9
15  7
12  4
16  -10
8  -11
17  1
14  11
11  -1
13  -1
13  5
11  -6
13  -6
7  4
13  1
15  12
14  7
17  0
14  9
12  -8
14  7
10  -4
15  9
12  -4
9  12
13  -4
18  -1
13  -5
15  2
14  2
15  12
12  -1
13  -6
15  4
16  -3
12  6
17  4
16  2
11  -3
11  5
4  -4
16  -4
17  0
15  13
14  1
15  5
18  10
13  -2
10  -1
7  8
16  1
23  7
13  -2
10  -5
12  -8
16  -6
12  -1
10  -4
13  -6
17  6
19  -9
14  1
12  -1
17  6
14  11
13  -1
13  7
9  3
11  -3
15  3
12  0
12  1
12  -3
19  -6
16  -2
12  -8
19  -2
16  0
16  -9
15  6
13  3
12  -2
19  -11
8  -11
13  4
15  1
19  -1
13  0
6  8
14  1
15  10
8  -2
11  -6
14  -1
11  -5
14  -2
16  -7
15  13
13  7
15  2
13  6
18  9
17  2
18  3
11  3
15  8
15  10
17  -2
16  2
15  -1
14  9
8  -4
17  -1
16  -11
9  6
13  -4
11  -7
12  -3
11  -1
10  -4
18  10
12  0
18  0
15  8
15  10
16  -2
16  -9
11  5
14  10
11  4
19  1
14  10
12  2
14  7
13  2
12  -6
18  11
20  6
17  -5
18  7
16  -1
18  12
13  -6
13  -4
12  -4
11  -4
13  3
13  -5
14  -3
16  -10
12  6
18  7
12  2
16  -6
13  -5
18  9
13  7
16  -7
10  4
16  -7
14  9
16  0
16  -12
13  -1
12  0
16  -8
16  -3
16  -7
16  -4
12  -7
13  -1
14  11
11  -6
11  2
15  4
13  3
14  8
13  4
14  2
11  -5
