20  -8
18  2
18  4
16  4
15  -6
20  -9
17  3
16  4
18  3
18  3
18  4
19  1
19  0
18  -2
17  3
16  4
15  -5
18  -2
14  -1
20  -5
18  0
15  -7
17  2
18  4
19  0
19  3
18  2
14  4
19  -2
19  4
18  3
14  1
19  1
19  -1
20  -4
19  2
20  -4
17  3
20  -7
19  0
17  1
19  2
18  3
17  5
16  8
18  -1
16  8
17  7
18  4
19  0
16  8
19  0
19  1
17  3
17  5
13  3
16  6
15  -5
17  1
18  0
17  7
16  5
17  4
17  7
19  -2
13  2
18  3
19  -1
16  8
19  0
15  -8
17  1
15  -5
18  1
18  4
17  2
16  4
17  2
18  1
19  2
18  1
18  2
17  4
17  3
18  1
17  7
16  8
19  0
17  6
17  4
18  2
17  2
17  7
17  3
17  3
18  2
18  -1
18  0
16  8
19  0
19  -1
18  3
16  4
18  2
18  -1
18  1
18  0
17  1
18  2
17  5
19  4
17  7
15  -6
16  4
15  -9
19  2
15  -6
18  -2
17  6
16  4
18  0
16  8
18  1
19  4
15  -8
18  1
18  3
18  0
15  -8
19  1
20  -5
15  -5
18  -1
20  -7
18  4
19  1
18  2
20  -10
17  6
17  6
18  0
19  2
18  -2
18  3
18  0
14  0
16  4
15  -8
16  9
15  -10
18  -2
17  6
15  -6
15  -4
18  2
18  1
18  2
19  -2
20  -9
18  1
18  0
14  4
17  3
18  0
14  2
17  4
17  6
18  -2
18  2
20  -6
18  2
16  10
17  7
18  2
19  1
18  4
19  2
19  3
20  -4
16  5
20  -8
18  0
18  2
16  7
17  2
19  2
19  0
17  5
17  1
18  2
18  -1
17  7
17  3
16  9
16  5
19  4
17  7
17  5
18  4
19  4
17  2
17  4
18  2
17  3
18  1
16  9
18  0
18  4
17  3
18  0
17  3
16  10
12  2
19  -2
16  10
16  6
12  0
18  2
18  -1
16  9
17  3
19  0
19  0
20  -8
18  1
19  4
16  5
19  2
16  9
15  -4
17  6
19  3
16  5
20  -7
17  4
20  -9
17  5
18  -2
17  6
16  8
16  6
17  6
18  -2
16  6
12  3
19  1
19  3
19  0
17  2
17  3
20  -8
17  2
17  4
18  4
16  10
18  4
18  1
18  2
17  4
16  6
18  -2
20  -5
19  3
14  2
17  5
17  1
17  4
16  5
18  -1
16  8
16  10
19  -2
18  -1
16  8
16  9
18  3
19  4
15  -8
19  -1
15  -6
18  0
18  1
20  -10
17  3
18  1
19  -1
17  6
18  4
17  4
18  -2
18  4
18  -1
19  -1
18  1
16  10
16  4
18  4
17  4
17  2
18  4
18  1
18  0
17  3
16  4
18  -2
18  -2
17  2
14  4
17  5
18  4
18  0
19  2
18  3
18  3
18  1
17  1
17  4
17  4
18  4
17  6
17  4
17  3
15  -9
17  2
16  9
18  0
18  3
18  -1
15  -4
16  10
20  -8
20  -4
19  -1
17  1
18  1
15  -7
20  -6
16  7
16  4
19  0
17  6
19  3
18  4
19  3
18  3
17  3
19  1
16  4
17  6
17  1
19  0
18  2
17  5
17  2
18  4
19  1
19  4
17  3
15  -8
18  0
19  0
15  -9
19  -2
18  2
17  5
19  3
17  1
17  3
17  1
16  4
17  7
19  0
15  -10
19  3
15  -7
17  2
19  1
18  0
16  4
18  1
19  1
20  -8
16  8
17  7
18  1
18  4
19  0
16  4
18  1
16  7
18  -2
17  2
16  8
18  2
16  4
15  -6
18  4
17  5
17  7
17  7
17  3
17  4
18  -2
15  -4
20  -6
16  6
17  7
18  4
15  -8
19  1
17  5
16  10
18  3
20  -8
17  7
18  4
12  -2
18  1
14  0
18  2
18  2
14  2
16  9
16  4
17  7
17  1
18  3
18  3
19  1
18  1
16  8
15  -7
16  5
17  1
17  2
15  -10
18  1
17  3
19  4
18  3
18  1
14  5
18  0
16  6
17  4
17  3
17  1
16  8
17  4
18  -2
18  -2
17  2
19  -1
18  1
19  2
16  10
18  4
16  4
17  4
17  4
16  5
15  -8
17  2
17  4
16  7
13  6
18  4
20  -5
18  1
16  5
17  4
17  1
18  1
17  1
17  5
18  -2
18  -1
18  -1
17  1
16  10
18  1
18  0
16  7
17  4
20  -7
17  1
17  4
19  4
13  6
17  4
19  -1
18  0
18  4
18  2
19  -2
19  1
20  -7
18  0
19  4
18  3
17  7
19  4
15  -10
16  7
17  1
19  2
18  2
17  4
18  3
17  4
16  10
20  -6
19  1
16  7
18  1
18  -2
17  4
14  2
16  8
17  7
15  -10
17  2
14  4
17  1
18  -2
16  10
17  4
18  1
17  5
20  -6
19  3
16  5
19  1
16  7
16  7
15  -10
14  1
17  5
19  2
19  -1
18  0
16  8
18  3
19  3
14  4
16  9
18  -2
18  -1
18  2
19  -2
18  0
18  0
20  -10
20  -8
18  0
19  -2
17  4
18  2
17  3
17  1
17  1
17  1
17  3
13  5
16  7
16  7
17  2
18  0
19  2
19  -2
16  6
18  3
19  3
15  -5
19  1
18  4
15  -6
18  -2
18  -2
18  0
18  0
18  -2
14  5
16  7
17  1
17  4
17  5
18  1
16  10
16  7
18  -1
18  1
17  6
15  -5
15  -4
19  -2
17  6
18  3
15  -9
17  5
16  4
16  10
19  -1
15  -5
19  0
17  5
17  1
17  2
17  4
18  0
19  2
18  -1
16  4
19  2
17  7
18  -2
18  3
18  1
18  1
20  -5
17  3
19  -2
18  2
14  1
17  1
17  2
14  -1
18  4
16  9
15  -8
19  2
19  3
18  -1
19  3
18  -2
18  4
19  3
19  -2
16  6
16  4
16  9
16  8
17  3
19  -1
19  1
18  3
17  6
18  -1
17  6
17  5
15  -5
16  4
16  6
16  10
18  2
16  8
19  4
16  8
20  -5
19  3
19  3
15  -10
18  4
16  6
14  2
18  -2
16  9
15  -9
18  -2
19  0
17  2
15  -4
17  4
14  -1
20  -7
17  7
15  -7
15  -8
16  7
18  2
19  -1
16  8
16  4
18  -2
15  -10
18  -1
19  2
19  0
18  4
17  7
18  0
13  6
17  6
18  1
17  3
16  4
17  7
17  5
14  0
17  5
17  6
15  -7
17  1
20  -4
19  4
16  8
16  10
16  8
17  3
17  6
18  0
18  0
20  -10
16  8
19  2
15  -8
18  -1
16  5
18  4
18  3
18  2
15  -5
18  3
20  -9
18  4
18  -1
17  7
17  7
17  1
17  3
20  -7
18  4
15  -5
17  2
16  10
16  5
19  -1
18  4
16  4
19  1
15  -4
18  -2
19  -1
16  4
15  -8
20  -8
20  -4
16  9
15  -5
17  2
17  2
17  4
15  -6
18  4
19  -1
15  -8
19  2
19  2
18  1
16  9
17  7
18  3
17  4
17  4
17  4
18  -1
19  1
18  1
18  -2
17  3
16  4
18  4
15  -7
17  3
19  1
20  -6
18  0
20  -7
14  4
19  1
20  -5
17  3
18  3
18  3
18  2
18  1
17  3
19  -2
18  3
17  1
17  3
17  2
17  3
20  -7
18  -2
18  2
16  10
16  9
16  7
17  3
19  4
18  -1
19  4
17  5
18  -2
18  4
17  7
20  -10
14  2
17  4
17  6
17  2
17  6
18  -1
18  0
18  -2
17  2
16  8
18  3
19  1
19  3
17  4
17  5
16  7
17  3
16  4
17  2
16  6
18  2
19  0
19  -1
19  3
18  3
18  0
20  -6
15  -10
16  8
19  0
16  6
17  6
18  -1
16  4
18  1
15  -5
17  6
18  -1
19  -1
17  1
15  -8
16  6
18  3
17  1
18  4
19  -1
19  -1
18  -2
20  -4
19  3
16  5
16  5
16  8
18  1
15  -6
16  10
17  1
18  0
18  4
19  -2
17  3
19  2
17  1
13  6
15  -6
16  10
17  7
18  3
18  0
19  1
19  1
18  -2
18  4
18  1
20  -9
18  0
18  1
19  -2
20  -9
15  -5
17  6
19  2
19  1
18  1
19  -2
15  -4
16  9
16  8
18  2
17  1
20  -10
19  1
18  1
20  -8
19  -1
20  -10
14  -1
17  5
17  5
17  7
15  -10
15  -4
13  0
16  9
16  6
18  2
18  4
16  6
17  7
20  -7
14  1
17  4
20  -9
15  -7
18  4
15  -9
20  -7
16  8
17  6
15  -9
19  0
17  4
16  4
18  2
15  -5
16  9
19  -2
17  2
15  -8
19  4
18  -1
13  2
16  10
17  6
18  4
17  4
15  -8
16  9
19  0
16  5
16  10
16  6
18  1
17  6
18  2
19  2
20  -7
17  5
17  6
16  7
16  8
17  2
17  5
17  6
19  2
18  -2
19  0
19  3
18  -2
17  2
18  -1
19  1
18  4
16  5
17  1
15  -7
18  0
17  3
19  -2
19  4
18  4
19  3
17  1
19  4
18  -2
17  7
19  4
18  1
17  5
17  2
12  1
17  2
18  1
16  8
17  1
16  8
17  4
17  3
18  -1
18  -1
18  1
19  4
