18  -7
22  -4
22  -2
22  -3
18  -6
19  2
18  -7
23  -1
20  7
19  2
19  1
22  -3
17  -7
20  6
19  1
21  -6
21  -4
20  5
22  -2
21  -6
22  -3
19  2
22  -2
21  -5
20  5
23  0
16  6
18  -6
21  -6
19  2
20  7
23  0
18  -7
18  -6
20  5
18  -7
17  -6
19  1
20  6
19  2
22  -3
24  -1
21  -6
20  6
20  5
21  -6
22  -2
22  -2
20  7
17  -6
20  5
18  -8
19  0
21  -4
20  7
20  7
20  6
22  -3
20  7
17  -7
21  -5
20  5
19  2
22  -4
21  -5
21  -6
22  -2
19  1
19  0
19  1
21  -4
20  6
21  -6
22  -2
21  -4
22  -3
20  7
18  -8
20  5
18  -8
17  -7
22  -2
23  1
20  6
21  -5
19  0
18  -7
21  -6
17  -5
19  2
18  -8
22  -2
22  -2
14  5
21  -4
20  6
17  -7
19  1
21  -4
23  -1
24  -2
18  -6
19  2
21  -4
18  -7
17  -5
20  5
19  2
19  1
21  -5
21  -4
18  -6
19  0
18  -6
22  -3
19  1
20  5
21  -4
20  6
18  -7
20  7
20  7
14  4
18  -7
22  -3
20  6
18  -6
20  5
20  7
22  -3
21  -5
19  1
21  -6
18  -6
19  2
21  -4
23  1
21  -4
17  -5
18  -6
18  -7
19  0
21  -6
22  -2
21  -6
23  0
19  2
20  6
21  -6
17  -6
24  -1
22  -3
17  -7
23  1
20  6
20  6
22  -3
20  5
20  7
20  5
22  -4
20  5
20  6
20  6
22  -3
21  -5
22  -3
21  -5
23  0
20  5
21  -4
18  -7
18  -6
21  -4
20  5
22  -2
16  7
18  -7
17  -7
20  6
18  -7
20  7
23  0
18  -8
20  7
20  5
22  -3
22  -4
19  1
20  7
20  7
18  -7
20  5
20  7
20  5
21  -4
22  -2
21  -4
20  5
23  1
19  0
21  -5
16  6
18  -6
23  0
20  6
20  5
21  -5
22  -2
19  0
19  0
19  2
22  -3
19  0
21  -4
18  -8
22  -3
19  2
20  7
21  -6
20  7
19  0
21  -5
18  -8
16  8
20  7
22  -3
18  -6
19  2
21  -4
19  0
21  -5
21  -4
19  0
19  0
18  -7
18  -7
21  -6
20  6
21  -6
19  0
19  0
18  -7
20  5
19  2
21  -5
24  -1
20  7
22  -4
20  6
21  -5
17  -7
22  -4
20  5
20  6
21  -6
19  0
20  5
21  -5
20  5
20  6
19  0
20  7
21  -4
19  2
18  -8
19  0
19  1
22  -2
19  2
21  -4
19  2
21  -4
19  1
21  -6
18  -7
23  1
19  0
20  5
16  7
22  -3
16  8
20  7
19  2
18  -8
19  1
21  -5
21  -6
18  -6
22  -4
19  1
23  0
18  -6
22  -4
20  5
19  2
18  -7
19  1
18  -6
18  -7
20  7
23  1
19  1
21  -6
23  0
18  -7
23  -1
20  7
22  -4
19  2
21  -4
21  -4
22  -2
20  6
19  2
21  -4
23  0
17  -5
19  0
19  0
21  -4
20  6
17  -6
17  -5
19  2
23  0
20  7
22  -3
14  3
22  -3
22  -4
22  -3
22  -3
17  -7
20  7
19  0
20  7
20  7
20  6
20  5
20  7
20  5
21  -4
21  -6
21  -5
20  7
15  -4
18  -7
22  -2
21  -5
22  -2
21  -5
23  0
22  -4
20  6
23  1
22  -3
18  -7
19  1
20  5
17  -6
21  -5
22  -2
18  -8
18  -6
19  0
20  6
15  -4
20  6
18  -8
20  5
19  1
20  6
24  -3
20  6
21  -4
19  2
22  -4
21  -6
19  0
22  -3
19  0
19  1
22  -4
21  -6
20  5
20  5
18  -8
23  -1
22  -2
21  -6
20  6
19  0
20  7
22  -3
21  -6
18  -6
18  -8
21  -5
18  -7
18  -8
19  1
17  -5
20  6
23  -1
22  -3
23  1
20  7
19  0
17  -7
20  7
20  7
21  -4
19  0
19  1
19  1
22  -3
20  6
20  5
20  5
19  0
19  2
18  -7
21  -5
16  6
22  -3
20  5
21  -4
19  0
21  -4
21  -4
21  -4
18  -7
21  -4
17  -5
19  2
22  -3
21  -4
19  2
17  -5
19  0
19  2
20  7
24  -3
19  2
21  -5
23  -1
20  7
20  6
19  0
18  -6
22  -3
20  5
20  5
19  1
22  -3
22  -4
16  8
21  -6
20  6
19  1
23  -1
18  -7
19  1
22  -2
19  2
21  -4
22  -4
20  7
21  -6
19  1
22  -3
17  -5
19  1
18  -7
23  1
19  2
19  0
19  1
22  -4
22  -3
19  1
21  -5
20  6
22  -4
20  7
18  -8
21  -5
18  -6
19  0
20  6
21  -5
23  0
19  1
19  2
19  1
17  -7
20  5
22  -4
20  7
18  -7
21  -5
20  7
19  0
20  6
19  2
18  -7
18  -7
20  5
17  -7
21  -4
21  -4
17  -5
21  -6
20  6
22  -3
21  -6
20  7
23  0
20  5
17  -7
23  0
20  6
20  7
21  -5
22  -4
22  -3
20  7
19  0
22  -2
17  -6
19  2
21  -6
20  6
22  -4
19  2
23  -1
23  -1
21  -5
18  -7
18  -8
21  -6
18  -8
18  -8
21  -5
20  6
19  2
20  6
21  -5
21  -6
21  -6
18  -7
22  -3
19  1
21  -4
19  0
23  -1
20  5
21  -6
20  7
23  1
20  7
22  -3
16  8
23  1
23  -1
22  -2
20  6
22  -4
23  1
21  -6
16  8
21  -6
22  -3
22  -2
20  7
20  7
20  6
20  5
19  2
19  0
19  1
20  7
22  -3
20  6
20  7
21  -6
20  6
15  -4
18  -7
21  -6
17  -6
15  -3
20  7
19  1
22  -2
21  -5
22  -2
22  -3
15  -3
21  -6
21  -4
17  -5
24  -2
20  7
22  -2
20  6
18  -6
18  -8
18  -8
18  -6
19  1
20  6
21  -4
22  -3
22  -4
21  -4
21  -5
20  5
20  6
19  1
19  0
23  0
15  -3
21  -5
17  -6
21  -4
20  6
21  -6
20  5
23  1
21  -5
18  -8
19  0
21  -6
22  -4
20  7
19  2
20  5
21  -6
22  -2
22  -4
21  -6
21  -4
18  -8
17  -7
18  -7
18  -8
23  0
20  7
16  7
18  -7
20  6
20  6
20  7
23  0
20  6
19  1
20  7
18  -6
20  7
20  7
16  7
19  0
21  -4
16  7
20  7
19  1
21  -5
22  -3
19  0
19  0
19  1
23  0
21  -6
22  -2
23  -1
18  -8
23  1
20  7
19  1
18  -6
17  -6
19  2
19  1
20  6
19  2
19  0
20  6
22  -4
20  6
18  -8
19  0
23  -1
18  -7
21  -4
19  2
21  -6
18  -7
14  3
21  -5
18  -8
20  6
22  -2
20  7
19  2
21  -5
15  -3
17  -6
22  -3
22  -4
18  -7
22  -3
20  6
18  -8
20  6
17  -5
20  6
17  -6
17  -7
18  -8
23  0
18  -8
22  -4
21  -6
18  -7
18  -8
20  5
20  7
20  6
16  7
18  -8
17  -6
19  2
21  -4
19  0
18  -7
17  -7
24  -3
18  -8
19  0
18  -6
21  -6
21  -4
22  -3
19  0
19  2
19  1
21  -6
22  -4
18  -7
16  8
19  0
18  -7
19  2
21  -5
18  -8
20  7
19  2
16  8
18  -7
18  -7
19  2
20  6
17  -5
20  6
22  -4
21  -5
16  7
22  -4
18  -6
21  -5
19  0
22  -4
19  0
21  -6
21  -4
23  1
21  -6
16  7
18  -8
23  0
19  0
18  -8
21  -6
20  6
19  0
17  -7
20  7
20  7
20  5
19  0
17  -6
22  -4
17  -6
19  1
21  -4
19  0
21  -4
20  6
20  6
18  -6
18  -7
18  -8
19  0
19  2
18  -6
16  8
20  6
21  -5
21  -4
23  1
20  6
19  2
18  -8
15  -3
19  1
18  -8
20  7
24  -3
20  5
20  7
21  -6
20  5
22  -3
21  -5
22  -3
21  -5
20  5
21  -6
22  -2
18  -7
21  -6
21  -4
21  -5
24  -2
16  6
21  -6
21  -4
22  -2
23  0
21  -5
19  1
21  -5
20  5
20  6
19  1
21  -4
22  -3
23  1
21  -6
22  -4
20  6
22  -4
17  -7
21  -5
21  -5
20  6
18  -6
22  -3
20  5
21  -5
19  2
19  1
18  -7
21  -4
20  5
17  -5
21  -6
20  5
18  -6
19  0
21  -4
18  -6
19  2
20  6
18  -6
17  -5
20  5
22  -3
20  7
23  0
17  -7
19  1
23  0
19  2
20  5
19  0
21  -4
20  7
22  -3
17  -7
17  -7
19  0
21  -4
21  -5
22  -3
18  -8
21  -4
21  -6
20  6
24  -1
20  5
21  -6
22  -2
20  5
19  0
17  -5
19  0
21  -4
24  -1
20  7
20  5
19  0
17  -6
20  6
20  5
22  -3
22  -4
21  -4
18  -8
18  -8
19  1
17  -7
16  6
20  5
15  -2
21  -5
21  -5
17  -5
18  -6
20  7
19  0
22  -2
21  -5
18  -6
20  7
19  0
22  -3
22  -2
20  6
24  -2
19  1
19  2
17  -7
18  -7
21  -6
23  -1
18  -6
21  -6
24  -1
18  -7
19  0
18  -6
22  -3
21  -4
18  -6
17  -6
22  -4
14  4
23  0
21  -4
21  -6
21  -6
19  1
18  -6
19  2
22  -2
20  6
15  -3
24  -2
19  1
24  -3
22  -2
19  1
19  1
23  -1
19  2
22  -2
16  7
20  6
19  2
21  -5
21  -6
20  7
21  -4
20  5
21  -6
21  -5
20  6
23  0
18  -8
20  7
21  -6
21  -6
21  -5
19  2
15  -3
21  -5
19  1
