15  11
14  0
14  -10
17  3
17  5
14  -11
17  -2
12  3
19  4
14  -5
13  -7
11  0
16  -2
15  13
19  11
12  1
12  2
17  1
16  1
18  6
13  -4
20  9
12  -3
13  -12
14  -12
13  -12
13  -11
13  -8
14  -10
16  -5
12  -3
15  13
15  4
13  -4
15  8
18  10
16  0
18  8
16  -7
17  4
13  1
15  9
15  1
16  -4
12  -2
14  -11
12  -3
14  -8
11  5
18  0
14  -10
17  -3
12  5
12  7
15  5
17  -1
19  0
16  -8
13  -13
18  8
13  -3
15  13
18  7
12  -3
15  12
14  -3
16  -7
12  7
18  9
15  0
16  -1
14  -8
16  4
15  -1
13  -12
14  -3
14  -11
18  1
14  -3
15  -1
12  3
17  -6
16  -3
14  -6
14  2
18  2
14  -6
13  -10
16  -2
17  4
13  -10
16  -9
13  -13
13  -2
15  12
14  -10
17  -5
16  -4
16  -9
14  -5
15  6
12  3
15  6
12  5
15  6
16  0
17  -2
10  0
15  10
15  13
15  3
9  -8
16  -3
14  -6
17  3
14  1
18  9
18  0
13  -7
18  10
13  -6
14  2
17  2
16  -8
10  -2
16  -3
22  -11
19  5
14  -9
14  -3
12  0
19  11
15  6
16  1
13  -11
14  -9
14  -6
14  -8
12  -1
14  -2
16  -1
16  -9
14  2
9  -3
14  -7
11  5
12  -2
12  -3
15  5
13  -8
13  -4
17  -6
13  -12
15  12
10  -6
14  -1
10  -5
12  6
15  8
17  -4
14  -9
14  1
15  3
16  -3
14  -8
15  4
17  -3
16  1
15  0
16  -4
12  -2
18  9
15  4
14  -5
16  -7
11  0
16  -9
14  -8
17  1
15  2
15  6
14  -11
17  0
18  4
15  0
16  -6
15  11
12  8
16  -10
13  -5
15  1
12  2
13  -1
14  -2
9  -4
14  -9
15  11
15  11
16  2
12  8
16  3
19  7
11  7
14  -1
17  -5
17  5
13  -3
13  -9
19  5
12  5
18  3
16  3
15  8
19  11
17  2
17  -5
12  -1
13  -2
11  -1
15  4
17  -7
14  -5
13  -7
13  -12
10  0
19  -1
12  -2
13  -9
18  2
14  0
14  -3
12  4
16  -4
15  3
17  -3
14  -1
17  -2
11  3
11  9
15  0
16  -7
11  -1
15  0
14  -7
16  -6
12  3
15  -1
20  -1
16  3
14  -10
16  0
18  2
13  -5
14  -2
17  0
12  -4
10  4
11  12
16  -1
13  1
20  11
17  -4
14  -4
18  13
15  11
19  3
16  1
17  -7
14  -7
21  -4
11  1
15  6
16  -7
16  0
16  -3
16  -3
16  1
15  1
16  4
18  6
19  11
14  -6
16  2
12  -1
14  -5
15  9
17  6
14  2
14  -9
14  -1
15  6
12  -2
19  2
16  -2
14  2
12  0
12  -4
15  -1
14  -11
17  -1
14  -3
14  -8
12  -3
14  -9
11  3
17  0
18  12
15  0
13  -8
18  6
17  -6
14  1
14  0
16  -10
16  -10
15  9
14  1
16  -9
15  8
14  1
18  9
13  -11
13  -11
16  -7
14  1
14  -7
14  0
15  13
17  4
14  -12
15  1
17  0
16  3
12  6
17  5
17  2
16  -8
15  0
18  2
15  9
12  -3
9  -13
16  -9
16  -7
15  5
16  -6
16  4
12  4
13  -9
13  -11
12  -1
15  13
10  3
17  1
16  0
12  -1
13  -9
13  -8
17  -3
15  4
16  -10
14  -11
15  8
12  -4
15  6
13  1
16  -5
12  8
11  3
17  -7
16  2
13  -3
18  6
15  3
18  -1
15  4
19  -1
18  5
14  -9
15  2
9  -5
13  -11
13  -1
13  -11
13  1
15  8
16  3
13  -1
15  3
19  -2
19  3
17  -1
18  6
12  2
17  -5
14  -3
12  8
13  -1
15  2
15  12
15  8
16  4
15  9
13  -1
17  -8
12  10
17  0
11  -2
10  1
11  11
14  2
12  9
17  -5
13  -7
15  12
13  -10
12  3
14  -10
13  -10
12  0
15  8
15  4
15  6
16  1
14  -6
14  -2
11  1
16  -7
14  -6
17  3
14  0
14  -3
16  -4
15  13
14  -5
15  9
20  11
12  -2
14  1
15  7
15  3
15  13
14  1
11  -2
13  1
14  1
16  -7
12  8
13  -6
15  10
18  7
16  -9
16  -1
14  -7
11  -1
17  -2
9  -8
10  2
12  6
17  4
13  -11
14  -5
16  -8
10  7
14  -4
18  11
18  1
15  1
13  -12
15  0
13  -2
17  4
19  4
17  -1
12  0
14  -6
13  -5
9  1
16  -10
18  4
15  8
17  -6
15  10
15  5
15  11
14  -8
13  1
14  1
14  -8
22  -9
17  -7
10  4
14  -10
17  4
15  5
14  2
14  -3
12  8
15  9
18  -1
14  -9
15  3
13  -12
16  1
14  -10
12  2
14  -4
15  1
14  -2
16  -9
15  3
15  1
16  -2
19  10
17  -3
18  1
18  6
15  4
21  0
16  -3
16  0
11  11
15  12
18  11
18  6
15  0
18  11
16  -5
14  -7
18  10
12  5
14  -10
15  12
13  -10
14  -7
12  -3
14  2
15  8
13  -5
15  6
14  -2
17  -4
14  -1
14  -12
13  -8
14  2
13  -11
16  -6
16  -1
17  0
17  -3
14  -3
17  -7
16  2
14  -7
12  7
14  -2
14  -7
14  -1
21  -4
10  -3
11  10
14  -3
18  8
20  6
11  -2
14  -2
14  -7
16  -7
16  -7
19  6
13  -2
17  -6
17  -7
19  11
14  -11
16  3
19  -2
18  12
16  -10
13  1
14  -1
17  5
18  5
15  -1
14  -5
16  -8
15  8
15  -1
16  -8
12  2
13  -11
12  -3
16  -3
17  -4
12  6
17  2
16  -5
13  -9
15  4
15  9
15  6
17  -6
15  12
14  -3
17  -8
13  -8
17  1
13  -5
15  7
18  3
16  0
18  6
17  -6
12  -1
15  8
13  -12
19  9
16  -9
11  6
16  1
17  6
17  3
18  -1
14  -10
15  -1
12  -1
12  4
18  0
14  -11
13  -1
11  2
17  -7
15  10
19  9
13  -7
16  -6
13  -1
16  4
18  12
13  -10
17  0
14  -12
13  1
16  -10
15  7
11  -1
15  2
14  1
14  1
14  2
16  -9
17  0
17  3
15  3
9  -7
15  2
19  7
17  -2
16  0
17  5
15  7
16  3
16  -8
15  8
15  6
14  -9
16  -7
11  5
16  2
16  -7
13  1
13  -6
18  7
13  -8
16  3
10  2
15  -1
16  3
17  -8
17  2
13  0
18  11
16  2
15  6
16  -9
15  9
14  -5
14  -2
14  1
15  10
13  -11
10  4
20  7
13  0
11  12
16  -2
15  10
16  -6
13  -3
16  -4
14  0
14  -5
17  1
15  -1
19  8
15  7
15  9
17  4
16  2
12  -3
13  -1
15  6
14  1
12  -1
13  -5
18  10
15  0
15  0
18  0
14  -12
14  -2
18  3
14  -12
17  -4
12  3
14  -2
16  -2
15  10
13  -9
14  -5
13  0
15  9
15  8
17  -8
14  -6
16  -10
15  10
17  -7
16  -7
14  -2
13  0
15  0
13  -10
18  3
17  -6
13  -12
13  -1
14  2
12  -2
16  -5
14  -8
14  -11
15  0
16  -3
17  -5
13  0
14  2
17  -1
14  -6
15  11
16  -9
17  5
14  2
17  0
14  2
14  -10
12  3
15  9
17  0
13  -12
14  -5
13  -4
13  1
14  -9
14  2
12  -4
12  5
17  1
14  -2
10  7
12  0
15  0
16  -4
13  1
13  1
19  0
20  7
12  -3
11  0
17  -5
16  3
17  -4
9  -10
21  5
15  5
12  4
14  -1
13  1
12  0
15  4
16  -4
15  8
17  1
11  2
16  -3
15  4
12  4
15  9
11  4
15  4
12  1
13  -8
14  2
16  -6
16  4
15  7
14  0
19  8
15  10
17  -7
20  2
11  4
15  12
16  -6
15  10
16  -8
14  -6
14  1
17  4
9  -11
17  -1
17  -7
12  7
15  7
13  -9
13  1
13  -8
15  8
10  5
10  -4
17  -1
20  1
15  11
13  -2
14  -6
14  0
15  0
14  -4
15  13
14  -3
15  -1
14  -5
17  6
16  3
13  -7
16  2
13  -13
14  -4
14  -7
17  0
17  -1
8  2
10  -5
16  3
19  -1
12  -2
12  -4
14  -9
12  -3
14  -6
14  -12
17  2
11  8
14  -7
16  -6
14  -4
9  -9
17  -4
20  1
13  -11
14  -9
18  11
13  0
16  -7
9  -2
16  -7
16  -2
16  -7
13  -3
15  0
19  -2
12  5
19  11
16  -1
18  9
15  6
16  -2
13  1
13  -11
16  -4
18  8
12  -1
16  -10
15  11
15  7
16  -3
15  12
12  3
14  -1
13  -1
16  -7
13  -4
18  9
14  -8
19  10
16  -10
14  -11
16  -5
13  -10
12  2
14  1
14  -10
15  10
13  -10
15  -1
11  8
13  -6
11  5
17  -1
14  -12
17  -7
18  0
12  1
13  -1
15  11
18  1
12  6
12  6
15  0
14  2
17  -7
17  1
16  3
14  -2
14  -4
12  0
17  2
17  -5
15  5
17  -2
11  11
13  -2
16  3
14  -1
16  -2
17  -2
13  -12
15  13
11  10
14  -9
9  -12
19  6
19  4
16  1
17  -2
15  13
14  -9
12  6
11  3
15  7
15  7
14  -4
18  -1
14  -11
15  -1
18  7
12  10
16  -1
17  -2
14  -12
14  -11
16  -2
17  2
9  -9
17  3
16  -6
13  -2
16  -8
15  12
15  8
18  1
13  -1
15  4
15  1
15  5
17  -8
19  5
14  2
13  -6
