20  0
22  10
18  5
17  -6
23  11
25  4
25  -8
21  5
20  -5
18  4
22  8
21  10
18  -1
23  7
21  10
23  6
23  0
23  3
22  4
24  12
16  0
22  12
18  -7
24  13
24  4
24  0
25  -5
21  -1
22  8
22  10
21  9
26  -6
26  5
20  -12
26  -4
21  10
21  5
22  10
20  -5
17  -5
23  10
21  11
21  -2
24  1
23  7
20  -2
23  6
23  7
24  3
22  7
19  0
22  6
20  -5
20  -3
27  -6
19  -6
21  11
21  6
20  -9
24  7
27  -4
20  -9
21  7
22  13
19  -6
19  0
21  4
23  -3
19  -10
23  8
20  -11
23  7
23  9
21  9
24  3
24  5
22  6
21  7
22  13
22  1
21  4
23  5
15  0
22  12
20  -12
23  2
18  3
22  9
22  2
15  -3
22  6
18  -1
23  -2
23  7
22  1
20  -14
24  9
19  -9
27  5
28  -8
19  -11
25  -1
20  -5
23  2
16  3
27  0
23  11
20  -9
23  6
23  10
24  13
22  0
23  -2
20  -6
21  9
21  2
20  -11
19  -6
20  -11
20  -2
23  -1
22  9
23  3
21  0
19  -3
22  5
23  -3
19  -1
22  14
19  -1
20  -11
22  12
19  -4
20  -4
20  -9
19  -10
20  -1
23  7
22  5
23  7
19  -11
23  -3
19  -6
25  3
19  1
18  1
27  2
20  -11
19  -11
18  -2
24  2
25  -7
23  6
18  -6
19  -6
25  -3
21  3
22  12
26  2
20  -11
20  -6
18  1
24  9
24  11
19  2
22  12
19  0
19  -4
24  13
25  -4
25  3
21  8
24  3
21  3
24  2
16  8
18  3
23  0
22  1
18  -5
24  7
21  0
22  4
24  8
25  -3
26  0
26  -6
21  3
20  0
25  5
19  -11
23  4
25  0
26  -8
25  -1
19  1
22  8
17  -1
21  7
27  1
24  9
28  -4
20  -9
23  -1
25  -3
23  3
23  5
19  -4
18  -3
23  9
22  11
25  -1
22  10
20  -1
20  -9
25  -1
21  5
24  4
24  14
20  -13
22  10
19  -2
20  -9
18  -2
19  -7
23  -2
21  -3
20  -7
25  5
24  10
24  9
18  3
24  7
20  -2
26  1
17  0
25  2
19  -9
19  2
22  11
22  11
19  -4
21  -1
21  8
22  12
18  4
22  9
23  0
22  11
23  3
20  -10
18  2
27  -5
23  3
21  -3
20  -3
25  -2
20  -8
20  -5
24  13
21  8
24  8
22  10
21  -2
21  4
23  3
22  9
22  14
24  5
18  3
24  5
16  10
20  0
18  5
24  11
23  -1
22  5
20  -12
24  6
22  13
22  8
22  0
23  10
18  -6
23  11
20  -13
24  13
22  2
20  0
19  -3
20  -1
26  -9
22  3
21  7
20  -13
19  -4
22  9
18  1
20  -12
23  7
21  -1
18  3
23  8
19  1
21  4
23  10
19  -1
21  4
19  1
20  0
19  -11
21  0
21  8
24  12
20  -8
23  6
22  10
24  1
24  14
23  3
17  -1
20  -9
21  8
21  11
26  -7
21  -1
20  -4
24  1
21  11
19  -9
21  2
16  1
19  1
26  -2
17  -7
26  0
26  -8
20  -13
22  7
22  7
24  3
19  -2
23  10
18  3
21  4
25  1
21  6
26  2
19  -2
18  -3
18  -1
19  -6
24  12
25  -7
22  9
23  3
20  -4
22  12
25  2
20  -14
19  -7
28  -5
19  -7
25  -5
24  2
22  10
20  -10
25  -7
20  -11
21  8
26  4
20  -10
23  3
24  6
20  -12
24  1
25  -2
23  4
22  0
17  -6
16  8
23  7
20  -11
19  -6
23  6
18  -7
20  -13
21  2
17  -8
24  5
18  1
22  10
25  -5
18  1
23  10
18  -5
23  6
22  12
20  -2
25  -6
21  6
21  11
27  8
25  -3
27  -5
23  3
25  5
19  0
21  2
16  4
19  -8
20  -5
23  -3
25  -5
22  13
25  0
19  -8
25  5
22  12
20  -1
20  -4
19  -2
25  6
22  0
25  0
18  -2
24  11
21  4
19  -5
26  -8
23  3
22  10
22  7
23  -3
20  -4
20  -10
17  -5
19  -2
21  5
19  -10
20  0
23  6
20  -1
18  2
22  4
21  0
20  -3
22  14
26  -8
23  7
22  14
18  5
19  -8
24  2
25  -7
22  9
19  1
22  14
19  -5
22  9
18  -6
20  -8
19  -9
22  8
23  3
20  -13
23  6
20  0
24  7
24  11
19  -10
20  -12
25  -8
19  -10
21  3
25  5
22  3
21  7
22  6
25  1
23  9
21  -3
21  -1
21  2
23  11
24  3
21  7
22  1
24  10
20  -13
23  4
19  -9
24  14
24  7
19  -4
22  3
24  10
24  5
23  11
20  -11
23  7
22  1
25  -4
22  11
24  3
19  -12
20  -9
19  -7
17  -10
21  9
25  4
20  -1
20  -7
21  -2
18  2
27  -1
24  0
22  3
23  4
24  2
16  -1
19  -4
24  4
26  3
23  1
22  8
24  2
24  4
18  -1
24  4
24  8
24  12
22  9
24  5
18  1
25  5
20  -9
23  10
17  0
21  3
22  2
20  -5
23  3
22  14
25  -8
22  1
23  4
20  -5
27  -2
17  -8
22  7
23  5
17  -6
23  -2
24  3
22  7
21  0
23  -1
22  3
18  4
23  5
20  -5
22  7
22  4
22  10
23  1
24  3
20  -8
21  9
20  -6
18  -9
21  7
22  4
25  -5
25  -3
21  10
18  -8
26  -5
25  5
22  14
23  -1
19  -10
27  2
23  8
22  2
22  2
26  1
19  -6
24  2
25  0
20  -12
21  10
20  -2
21  0
22  9
21  8
24  4
21  9
27  -6
26  -9
23  5
24  5
21  8
20  -13
19  -3
23  5
25  3
20  -1
20  0
23  10
22  11
18  -4
19  -6
24  7
21  2
28  -1
22  13
17  -5
21  0
21  -1
22  5
21  7
27  7
23  -2
23  -1
25  1
26  -8
22  13
24  12
20  -3
19  -3
20  -11
22  4
20  -12
20  -3
22  14
25  2
25  0
24  12
23  4
23  0
21  7
24  1
20  -10
23  0
21  6
22  6
22  14
20  -13
19  -9
23  -2
22  9
21  2
22  3
17  -9
23  -1
24  3
22  2
20  -14
21  -1
21  -1
23  -1
18  -1
19  -10
19  -1
19  -12
21  2
24  14
22  0
24  5
22  3
19  -4
20  -8
22  8
22  14
19  -9
20  0
25  -8
19  -1
25  6
22  5
26  -7
21  5
22  3
20  0
25  -3
20  -14
23  9
21  4
25  4
22  4
22  8
18  5
20  -7
20  -10
23  11
19  -12
27  5
23  5
18  3
20  -12
23  3
20  0
16  2
23  2
16  6
20  -10
26  -5
24  4
24  6
20  -10
24  7
23  9
22  0
19  2
23  3
20  -7
19  -5
19  -7
21  7
23  8
20  -13
20  -10
18  4
18  5
25  -1
23  7
19  -6
26  -9
21  9
23  2
20  -12
18  -5
22  14
22  2
18  -4
24  0
20  -11
25  -2
23  10
24  9
21  3
23  3
22  10
27  -3
24  11
22  10
24  5
19  -11
20  -13
19  -2
24  6
26  3
23  8
22  9
21  9
18  0
18  -2
18  -8
20  -13
17  -11
20  -9
15  2
21  2
24  1
19  -4
28  1
20  -4
24  10
17  2
18  -3
23  7
23  1
20  -14
24  10
23  0
19  0
17  -6
24  12
20  -7
20  -2
23  7
26  0
23  8
21  2
22  0
24  2
21  -2
20  -6
20  -8
22  9
23  11
19  -2
18  1
24  13
18  -9
18  5
20  -13
24  13
20  -11
19  -11
23  0
21  0
17  -5
27  4
21  -1
20  -3
24  14
26  -1
22  6
21  2
25  -6
20  -2
21  10
21  3
17  -9
22  9
20  -11
20  -1
21  -3
21  6
22  13
26  1
21  -1
15  -3
15  5
25  3
23  0
22  6
26  -4
19  2
21  9
24  13
17  2
21  -1
19  -4
27  7
20  -1
19  -10
19  -4
21  5
22  11
27  8
22  2
23  4
21  -2
19  -9
20  -4
23  4
21  10
19  -7
22  11
21  7
22  14
22  3
26  -7
16  13
24  13
23  3
21  2
20  -1
19  -2
20  -11
24  5
21  -2
20  -14
18  -6
21  -1
21  9
25  -4
25  -3
21  5
24  11
21  11
20  -13
24  9
21  8
24  14
18  -7
24  9
24  7
25  -5
25  0
20  -9
23  5
20  -3
21  2
22  7
20  -1
19  -10
25  -8
24  10
18  -4
19  -6
23  10
22  12
26  5
19  -6
20  -7
22  12
23  8
22  2
24  11
22  7
23  4
13  -6
17  -4
23  6
25  4
21  -3
25  -2
21  8
22  9
16  7
22  8
19  2
26  5
24  10
18  2
20  -5
23  7
20  -8
18  5
22  3
21  4
23  2
19  2
20  -11
19  1
20  -12
21  10
24  8
19  -12
19  -7
18  -3
19  -10
27  5
24  7
19  -4
15  5
25  6
22  10
21  2
22  13
27  8
21  8
23  4
22  14
20  -14
23  2
23  10
16  11
19  -8
25  4
21  2
26  -8
21  -2
24  8
24  12
22  4
22  3
21  -3
27  -2
22  2
24  10
21  10
24  8
19  -9
24  5
25  0
23  2
16  8
27  -3
20  -2
17  2
22  13
22  11
20  -3
21  9
23  8
21  2
25  -7
26  -9
26  -4
20  -10
23  11
21  -3
24  13
19  0
25  -2
20  -7
19  -11
20  -10
24  9
17  1
25  -7
23  10
23  -1
23  -1
22  8
