15  5
14  3
16  -4
14  2
21  -2
18  6
19  8
13  2
15  3
12  -2
12  -2
17  5
16  -4
13  2
13  3
18  6
15  4
16  -5
16  -3
20  7
14  3
16  -5
14  2
13  2
14  2
15  3
12  -1
15  5
12  -2
11  -4
17  7
18  6
16  -4
16  -3
14  3
15  4
15  4
17  7
16  -4
15  3
12  -1
14  1
16  -5
14  2
16  -5
15  4
16  -4
14  1
13  2
16  -5
17  5
15  5
15  3
15  4
17  6
17  6
17  6
17  5
12  -1
16  -4
15  4
14  2
16  -5
17  6
20  8
17  7
19  6
18  7
18  7
15  4
15  3
15  3
15  3
16  -3
20  7
18  8
15  4
13  2
14  2
18  8
17  7
16  -3
17  6
18  8
13  1
17  5
18  7
14  2
13  2
14  2
17  7
13  2
16  -5
12  -2
17  6
18  7
19  6
20  8
17  5
12  0
11  -3
14  1
13  1
14  1
17  6
12  -1
14  3
17  7
14  3
14  3
16  -4
17  6
14  2
16  -3
16  -4
16  -4
13  1
18  6
14  2
11  -2
13  3
15  5
12  -2
19  6
19  6
11  -4
17  5
18  6
17  6
14  3
18  6
13  1
17  6
12  -2
14  1
13  3
16  -5
15  4
14  1
14  1
19  7
19  7
16  -4
14  1
12  -1
16  -4
19  6
16  -5
16  -5
18  7
12  -1
19  6
16  -4
16  -5
17  6
19  7
15  5
19  6
15  5
17  6
12  0
16  -5
15  4
14  3
18  7
14  1
21  -4
15  5
17  6
19  8
17  6
16  -4
18  8
18  8
17  7
18  6
11  -3
15  3
15  5
13  2
17  5
15  5
18  8
11  -3
15  4
13  1
16  -5
14  3
17  7
14  2
14  3
15  3
14  3
19  6
16  -3
18  6
18  8
18  7
14  1
17  7
19  8
16  -5
15  3
18  6
15  5
15  5
17  5
18  7
17  5
17  5
18  8
16  -4
19  7
15  4
16  -3
17  5
13  1
15  5
14  1
16  -5
17  5
13  1
16  -5
19  7
15  3
13  2
15  5
18  7
16  -4
16  -3
15  5
14  2
19  8
17  7
17  6
12  0
15  5
19  6
13  2
13  1
16  -3
17  5
15  5
13  3
12  -1
11  -3
18  7
16  -3
18  6
20  7
17  6
14  3
18  6
15  4
12  0
14  2
9  3
18  7
19  6
16  -4
16  -3
20  8
16  -4
12  -2
15  3
17  6
15  5
17  5
13  2
15  4
14  1
14  3
16  -5
16  -4
17  6
16  -3
11  -2
20  6
15  5
16  -4
15  5
18  7
14  1
16  -5
16  -3
17  5
16  -5
15  3
18  7
19  8
18  6
17  5
13  1
13  3
16  -5
13  1
14  2
17  5
16  -3
16  -5
13  3
14  1
17  7
18  6
18  8
15  3
12  0
19  6
11  -3
12  0
11  -4
17  7
17  6
15  3
14  3
15  4
15  5
17  5
16  -3
15  4
18  8
18  6
13  1
20  6
15  5
16  -5
15  3
17  6
20  7
17  5
17  5
15  4
17  7
17  5
14  1
16  -5
14  2
16  -5
13  1
14  3
12  0
16  -3
16  -3
16  -3
16  -3
17  6
15  4
17  6
16  -5
15  4
17  6
15  5
19  6
17  5
18  6
16  -5
11  -3
17  7
14  2
14  3
15  3
13  3
13  2
15  3
16  -5
15  5
17  7
18  6
17  5
16  -5
15  5
14  1
17  7
17  7
15  4
14  3
16  -5
17  6
17  5
15  3
12  -1
13  2
14  2
16  -3
13  2
15  4
18  6
10  -5
14  2
19  7
18  6
20  8
13  2
13  3
17  6
18  7
17  5
16  -4
17  5
13  1
15  4
13  1
14  2
12  -1
14  1
20  7
14  3
16  -4
14  3
15  4
16  -5
20  7
18  8
12  -2
12  0
17  6
15  5
11  -2
15  4
17  7
20  7
15  4
15  3
18  7
17  6
21  -4
16  -5
13  1
14  3
15  3
20  7
16  -5
15  3
16  -3
11  -2
16  -3
17  5
16  -3
17  5
14  2
13  3
19  8
14  3
16  -5
18  7
19  6
18  6
17  5
11  -2
16  -3
18  8
13  3
18  7
14  2
20  6
14  2
13  3
12  -2
17  6
16  -5
17  7
14  2
16  -4
19  7
12  -2
16  -4
17  6
17  6
13  2
15  4
13  1
16  -5
17  7
18  7
21  -2
18  7
16  -5
19  8
14  1
15  5
18  6
16  -3
16  -3
17  7
14  2
13  1
10  -4
18  7
13  2
20  7
15  4
16  -5
17  7
18  6
17  5
13  3
16  -5
17  6
14  1
15  4
18  6
13  1
15  3
18  6
15  5
16  -5
17  6
17  5
17  7
14  1
16  -4
17  7
17  6
18  6
16  -3
12  -1
18  7
18  8
15  4
17  5
16  -3
16  -3
16  -4
13  1
11  -4
18  6
15  5
17  6
17  6
18  7
17  5
13  3
11  -4
16  -5
18  7
12  -2
16  -4
12  0
14  1
19  8
14  2
13  2
15  3
14  1
15  4
15  5
14  3
15  4
12  -2
15  5
17  6
21  -2
15  5
16  -3
10  -6
11  -2
16  -5
13  3
16  -5
15  3
17  5
16  -3
17  5
18  6
19  7
15  3
15  4
17  5
14  3
17  7
14  3
17  5
14  2
16  -4
14  2
19  7
18  7
16  -5
15  4
14  1
14  1
21  -2
12  -2
20  7
16  -3
17  7
16  -5
16  -3
16  -3
13  1
13  1
14  3
14  2
14  3
11  -3
16  -5
19  8
17  6
12  -1
18  6
11  -3
18  8
12  -2
19  7
15  4
16  -3
13  3
10  -4
9  2
16  -3
8  -7
18  7
16  -5
17  5
15  4
16  -4
15  3
17  7
18  7
17  7
16  -3
17  6
19  7
16  -3
16  -5
15  4
16  -3
16  -4
15  5
14  1
18  8
17  7
15  4
18  7
15  5
14  3
15  4
17  6
16  -5
12  -1
14  2
17  6
18  6
20  7
16  -4
12  0
16  -3
15  4
14  1
13  1
15  4
15  3
15  4
19  6
13  2
19  6
17  5
20  7
14  3
14  1
16  -5
17  5
16  -5
15  5
12  -2
13  3
17  5
16  -3
16  -3
17  7
17  7
15  3
15  5
18  6
13  3
21  -4
19  7
17  5
15  3
16  -5
18  7
14  1
21  -3
14  3
16  -5
19  8
12  0
16  -5
16  -5
17  6
16  -3
16  -5
17  6
17  5
15  5
13  1
16  -3
20  8
10  -5
16  -5
17  5
15  4
18  8
18  7
17  5
14  3
20  8
16  -3
16  -3
18  7
18  8
17  6
16  -3
18  7
14  1
15  4
18  6
17  6
15  5
19  7
16  -3
15  5
17  5
16  -3
16  -5
16  -4
16  -4
17  6
15  5
13  1
14  2
12  -1
18  7
15  5
18  6
16  -3
16  -4
12  -2
14  2
15  3
13  1
18  6
15  5
19  8
16  -4
17  6
12  0
16  -3
19  7
14  3
17  7
13  3
16  -4
14  3
17  6
18  8
16  -3
17  7
16  -5
19  6
13  3
14  1
17  5
16  -3
14  3
17  5
17  6
17  5
15  4
15  3
17  6
17  6
14  1
12  0
17  7
18  7
14  3
17  5
19  6
18  7
11  -3
17  5
14  1
15  5
16  -5
16  -4
19  8
18  7
15  3
13  3
13  3
19  7
16  -5
16  -3
18  6
16  -3
15  5
18  6
18  8
12  -2
14  1
15  4
15  5
20  8
17  6
16  -5
17  5
15  5
13  1
15  4
10  -4
12  0
17  5
10  -4
12  -1
15  3
16  -5
14  2
14  2
15  5
14  3
12  -1
15  4
11  -4
13  1
15  5
18  6
17  5
20  8
13  2
13  2
15  5
16  -5
15  4
17  7
15  4
14  3
16  -3
15  5
15  4
18  7
17  5
12  -2
20  6
19  8
17  5
13  3
18  6
18  6
17  6
19  6
13  1
18  6
14  2
13  2
16  -3
18  8
18  6
16  -3
17  5
16  -5
13  3
14  2
14  3
12  -2
18  7
13  2
17  7
16  -4
18  8
15  5
14  2
13  3
20  8
15  4
20  8
15  4
18  6
14  2
18  7
19  7
19  8
18  7
19  8
12  -2
14  1
18  6
13  2
19  6
15  5
13  3
15  4
19  8
16  -4
14  3
14  1
15  4
14  1
19  6
16  -3
18  7
17  6
13  1
13  3
16  -5
19  8
11  -3
16  -3
11  -2
17  7
16  -4
19  8
15  5
15  5
16  -5
16  -5
20  7
16  -5
14  3
18  6
19  7
14  1
11  -4
15  5
17  6
13  1
15  5
11  -3
15  5
18  6
20  6
13  2
16  -5
14  2
11  -3
20  6
17  6
20  6
19  6
18  6
19  6
17  6
16  -4
16  -4
12  -2
19  7
19  8
17  5
14  2
14  2
16  -4
12  -2
15  5
17  7
16  -5
17  5
14  2
15  5
16  -3
17  5
16  -3
15  4
13  2
13  3
18  6
14  1
16  -3
14  2
13  2
19  7
9  1
13  3
15  4
19  8
15  4
18  8
14  2
16  -3
15  5
17  6
16  -4
16  -3
16  -4
16  -4
17  5
17  6
15  5
16  -3
13  1
14  3
15  4
17  5
18  7
12  0
18  7
14  2
12  -2
17  5
19  6
17  7
