11  -2
13  4
8  -1
16  4
12  -3
10  4
12  -6
11  -1
7  0
10  10
9  5
10  8
9  7
15  -2
9  5
12  -1
11  -6
13  -2
12  -2
11  -1
12  2
9  0
8  -5
9  7
8  0
11  -7
7  8
13  3
11  -10
15  -7
11  -2
12  -1
9  2
12  -3
14  8
14  10
10  10
8  -3
11  -9
9  6
11  -3
11  -5
11  -8
10  10
7  0
15  -9
10  11
11  -7
5  5
12  -3
11  -3
12  -1
9  6
11  -9
13  3
13  4
10  11
14  3
10  6
11  -5
11  0
13  2
9  4
13  4
8  5
9  9
12  -5
13  -3
12  -5
9  1
14  10
13  2
10  7
13  -1
16  4
11  -9
8  -5
9  0
10  2
13  5
12  -4
12  0
16  2
13  -4
12  -8
11  -3
12  -6
12  -4
7  1
10  9
8  1
13  -2
7  8
12  1
9  -1
10  6
11  -8
8  -2
12  -1
12  1
10  7
10  10
14  3
13  -5
14  0
9  0
15  -6
11  -6
12  2
11  -2
10  9
7  9
12  -8
10  6
11  0
9  8
9  2
13  3
8  3
12  -4
10  9
10  6
12  -2
11  -3
11  -10
11  -9
11  -8
13  -3
9  9
11  -5
8  -3
9  6
10  6
11  -4
11  -6
13  -2
13  0
10  5
13  -2
11  0
7  1
12  -8
11  0
13  -4
9  1
12  -7
13  1
11  -6
9  8
9  6
9  8
10  2
10  3
11  -7
9  -1
10  11
11  -3
9  7
11  -1
9  0
7  3
12  -3
13  0
11  -9
13  -2
12  1
12  -7
7  1
7  8
9  3
13  1
12  -7
14  3
10  2
15  -2
7  0
12  -7
10  3
13  -2
10  9
14  0
10  6
11  0
7  1
10  6
11  0
11  -1
9  4
11  -8
9  6
10  4
11  -5
17  5
13  -4
8  2
10  11
8  -5
11  -1
13  1
10  8
13  -1
12  -6
11  0
11  -6
9  0
9  1
12  -4
10  7
11  -4
9  5
10  3
12  -6
9  0
10  4
11  -4
10  8
12  0
16  3
10  4
14  7
10  3
11  -5
10  9
13  5
12  -1
7  2
7  3
10  3
15  -5
10  9
8  -1
8  5
10  3
9  -1
13  -5
11  -1
12  -4
13  3
10  1
12  -8
11  -1
13  -4
8  3
6  -3
8  -5
13  -2
16  2
9  7
12  -6
15  -11
10  11
9  3
13  1
10  6
14  7
5  7
11  -2
12  -6
13  -3
15  -12
14  4
12  -7
10  11
14  8
8  5
7  4
10  4
9  2
14  6
11  -5
10  6
17  10
12  -3
7  9
10  7
10  4
12  -7
10  11
8  4
10  9
11  -5
14  10
11  -5
11  -7
13  5
9  3
10  7
5  2
12  -5
13  -5
11  -10
11  -6
14  9
12  -1
11  -1
8  -1
11  -4
7  7
9  1
11  -6
9  8
14  6
11  -6
11  -10
10  9
13  -5
6  -4
11  -5
13  2
8  3
13  1
12  2
8  0
12  -7
13  0
12  -8
10  4
8  4
11  -1
11  -1
11  0
11  -3
14  2
9  7
12  -2
11  -8
4  7
6  -1
11  0
10  10
8  2
10  9
10  1
13  2
10  7
12  2
12  1
8  0
12  -8
11  0
9  6
14  7
12  -2
7  5
6  -1
10  4
4  9
14  8
12  -1
14  0
10  8
12  0
9  5
10  4
13  -1
15  -12
12  1
9  9
13  1
13  -2
11  -8
10  2
12  -3
11  -6
8  4
10  4
9  9
11  -3
5  10
10  10
10  11
12  0
5  4
12  -1
10  5
11  -10
6  -9
9  3
14  6
10  1
10  9
9  0
9  9
10  11
13  5
14  4
9  5
11  0
9  7
6  -2
11  -3
12  -1
11  -1
12  1
10  7
9  2
12  2
7  7
12  -2
8  -4
8  -1
14  7
16  2
10  1
6  -2
8  -4
14  1
7  6
15  -3
14  7
14  0
11  -3
7  -1
8  -4
10  6
10  5
12  1
10  11
13  0
10  2
9  2
11  -4
12  -3
10  7
9  2
15  -12
12  2
16  12
5  5
13  4
12  2
10  5
11  -2
8  -3
10  9
9  0
12  -8
13  -2
14  1
9  5
8  -2
14  4
11  -5
8  1
8  -2
10  10
11  -5
10  6
9  9
14  7
13  1
11  -7
12  -1
12  -3
13  3
10  2
8  5
8  2
10  7
7  6
12  -5
9  1
8  -3
11  -9
8  0
9  7
10  1
9  6
12  -2
11  -5
13  3
10  11
13  4
11  -9
12  1
12  2
12  -6
15  -11
9  -1
15  -5
9  2
10  1
12  2
11  -8
8  0
8  -4
11  -3
11  -4
9  3
11  -8
7  7
13  1
13  -3
12  -6
11  0
11  -8
10  11
14  2
12  2
10  7
13  -2
12  -3
10  5
12  0
10  10
10  4
12  -4
8  -4
8  -5
11  0
9  3
14  9
11  -9
8  -4
12  1
11  -9
12  -4
10  4
12  -8
9  5
9  9
11  -7
12  -4
8  -3
12  -8
12  2
8  -2
7  6
12  -1
11  -10
12  -4
11  -1
9  -1
12  0
12  -7
9  -1
7  0
10  9
8  3
12  -3
10  7
11  -9
12  0
13  -2
12  -5
10  2
8  -4
9  6
12  2
14  9
8  3
9  8
11  -8
12  -4
10  7
10  8
9  7
12  -3
10  1
12  -6
11  -6
10  10
10  8
11  -1
13  -4
10  4
13  5
11  -2
12  -8
9  2
8  -5
8  -5
12  -8
7  -1
10  1
9  2
8  1
11  -4
7  6
10  5
9  9
12  2
11  -7
14  6
6  -8
15  -6
11  -7
12  0
6  -3
12  0
7  1
13  4
10  7
10  5
12  1
9  5
13  4
9  3
8  -5
11  -4
12  -5
13  3
12  -2
11  -3
11  -1
12  1
8  -2
12  -2
7  3
11  -10
16  10
11  -10
14  0
10  11
12  -8
13  0
12  -4
12  -6
10  9
11  -1
12  -1
11  -6
5  7
9  3
8  -4
13  1
9  5
10  6
11  -3
11  -7
11  0
10  3
11  -9
10  4
13  3
9  1
16  9
7  2
8  2
13  0
11  -4
13  3
8  0
10  6
9  1
12  -5
13  -3
10  3
8  0
6  -4
11  -6
10  8
6  -7
14  5
9  2
10  10
13  -2
10  2
10  10
13  -5
9  4
12  2
12  2
9  1
13  -3
9  -1
11  -9
10  6
11  0
9  3
12  -5
11  -6
12  -5
10  1
9  2
13  -5
9  2
11  -10
11  -6
8  2
12  -2
10  10
9  1
6  -7
10  4
8  3
11  -6
10  6
12  -1
9  3
16  8
8  2
11  -9
6  -2
7  6
9  5
7  1
12  -2
10  7
11  -10
11  -1
7  7
9  5
15  -10
13  1
16  9
10  5
9  4
14  4
11  -6
9  0
14  10
11  -7
12  -4
10  10
8  -3
12  -8
10  9
7  9
9  4
8  0
13  -3
10  4
12  -7
8  1
13  0
6  -9
12  -4
7  -1
12  -8
11  -9
10  7
12  -6
8  4
12  -6
11  0
16  3
9  5
11  -3
8  -4
7  0
9  3
7  6
11  -10
11  -4
11  -6
9  5
12  -8
9  1
9  -1
9  8
13  5
10  2
12  -5
10  5
8  0
8  2
9  -1
9  4
8  -2
11  -7
13  2
12  -7
10  4
12  2
14  0
8  1
10  8
11  -4
8  1
11  -4
13  5
6  -3
10  6
9  8
8  1
10  7
9  -1
8  -3
10  8
12  -4
7  4
7  6
12  -2
8  2
12  -8
6  -1
13  2
12  -7
9  6
9  7
12  -7
6  -9
12  -5
7  8
10  7
13  3
10  2
9  0
13  1
13  -5
7  7
13  0
11  -4
15  -2
11  -9
8  2
8  -4
12  -5
10  11
10  3
12  -1
12  -1
11  -4
11  -10
11  -10
9  4
10  4
10  1
9  0
10  6
10  5
14  9
11  -1
12  0
11  -5
11  0
12  -3
12  -2
12  -1
10  10
13  -3
12  0
9  6
9  5
8  -5
15  -12
14  4
11  -7
9  1
9  7
12  -7
11  0
11  -8
12  2
15  -10
13  -1
14  2
11  -5
16  5
10  1
5  7
11  -8
13  1
12  -1
14  8
13  0
11  -1
13  5
12  0
11  -10
11  -1
13  -2
10  2
11  -2
12  -3
11  -4
15  -12
12  -7
10  7
10  5
11  -2
7  4
13  -1
13  1
7  0
9  1
12  -2
12  -2
14  0
8  2
10  9
11  -3
11  -7
11  -2
10  4
8  -4
9  -1
12  -8
14  0
8  -2
12  1
12  1
9  5
7  8
3  -3
12  -6
14  6
15  -8
8  -4
11  -4
9  6
11  -4
10  4
10  6
12  -1
12  -6
12  -3
13  -3
11  -10
9  4
14  1
13  3
9  2
11  -8
12  -5
11  -10
11  -7
12  -2
9  8
10  1
6  -8
11  -1
12  -2
8  1
11  -10
12  -8
12  2
13  -3
6  -3
14  9
10  9
5  6
10  2
11  -4
11  -6
10  10
9  8
8  -3
8  -3
14  5
10  1
9  9
13  1
9  2
10  10
12  -1
12  -6
12  0
12  -7
15  -12
10  7
11  -1
11  -5
13  0
8  2
8  0
15  -9
14  1
12  0
10  11
10  3
14  3
12  -7
8  -2
12  -3
10  11
14  0
14  2
8  -5
9  2
11  0
12  -2
9  3
10  6
11  -9
10  2
6  -4
12  -5
7  5
9  6
11  -5
11  -2
11  -2
11  -1
13  5
7  2
8  0
14  1
11  -1
9  1
14  0
12  -7
7  2
15  -2
11  -5
13  -4
10  4
11  0
5  9
