20  7
15  3
17  -2
17  -1
17  -2
18  4
16  -4
14  3
19  -1
23  -4
13  -5
18  3
18  3
18  4
17  -1
21  -5
23  -6
14  3
16  -4
22  -5
21  -4
18  5
19  0
19  -1
15  5
22  -4
17  -2
19  -1
24  -3
15  3
20  8
21  -4
14  4
16  -5
19  0
20  6
18  5
16  -4
18  4
17  -2
19  -1
15  3
16  -4
23  -6
20  8
18  5
21  -3
20  7
19  0
23  -4
20  6
21  -3
18  3
15  5
19  -1
14  2
16  -6
14  2
15  4
17  -2
23  -4
15  4
15  4
14  3
18  5
14  2
20  8
21  -5
23  -4
15  3
20  8
21  -5
24  -3
15  5
17  -1
18  4
18  3
14  3
16  -4
21  -3
22  -5
17  0
14  4
14  3
21  -5
20  7
19  -1
22  -5
16  -6
17  0
22  -5
12  5
16  -6
17  -2
18  4
20  7
12  6
15  3
24  -3
15  3
24  -2
17  -2
21  -4
19  0
19  1
10  2
17  0
19  -1
20  6
23  -4
24  -2
14  4
18  4
19  -1
14  3
20  7
19  -1
19  -1
15  4
14  2
16  -6
18  5
14  3
18  5
19  0
17  0
18  3
19  1
20  6
18  5
16  -4
18  3
17  -1
20  8
16  -6
19  1
18  5
23  -4
23  -5
14  2
20  7
21  -3
14  2
17  -2
15  3
14  3
14  2
18  5
24  -2
15  5
18  5
18  3
18  3
22  -6
20  6
18  4
20  8
21  -4
17  0
19  0
20  6
25  -6
17  -2
19  1
16  -6
10  2
17  -2
13  -4
17  -2
19  1
18  4
24  -4
15  3
17  0
18  5
21  -5
21  -4
26  4
16  -6
21  -4
20  7
18  5
18  3
14  4
18  5
14  2
21  -3
21  -4
17  -1
22  -5
17  -1
15  5
18  5
22  -5
13  -3
19  1
14  4
16  -6
16  -4
20  6
16  -4
20  8
19  1
19  0
19  -1
14  2
22  -5
17  -1
18  5
17  0
17  0
12  7
18  5
17  0
22  -6
22  -4
19  1
20  8
15  4
16  -6
22  -5
25  -7
18  4
19  1
16  -6
17  -2
16  -4
18  4
20  7
17  0
16  -5
22  -5
16  -4
21  -5
18  5
26  4
16  -4
18  3
24  -3
16  -5
15  3
19  1
14  2
22  -6
15  5
20  7
15  3
16  -6
16  -4
17  0
19  0
20  6
18  4
18  4
18  3
15  3
18  4
18  4
16  -4
20  7
17  0
13  -3
18  3
19  -1
15  5
21  -5
18  4
20  8
19  1
21  -4
22  -6
20  6
17  0
16  -6
15  5
19  1
15  4
21  -4
17  -2
21  -5
22  -6
17  0
21  -5
21  -5
23  -5
11  -5
20  7
16  -6
17  0
21  -4
23  -6
20  6
19  -1
21  -3
17  -1
16  -4
17  0
19  0
11  -6
21  -5
18  4
20  7
21  -3
21  -3
19  -1
20  6
21  -3
22  -6
22  -4
25  -6
17  -2
17  -1
21  -3
17  0
19  1
18  3
21  -4
18  3
22  -6
21  -4
13  -3
21  -5
19  -1
19  -1
13  -5
15  5
21  -4
20  6
20  7
16  -4
20  6
23  -4
14  2
17  0
20  6
21  -3
22  -5
14  2
20  7
17  -1
21  -5
18  5
15  4
19  1
19  0
20  7
15  4
12  6
14  2
18  3
22  -5
17  -2
16  -4
19  0
11  -4
17  -2
21  -4
19  1
20  7
16  -4
22  -5
20  7
20  6
17  -2
15  5
19  0
15  3
24  -4
22  -5
23  -4
17  -1
17  -1
19  0
18  3
21  -3
16  -6
22  -4
20  8
15  4
18  5
19  1
25  -8
19  1
20  6
18  5
20  7
14  2
18  5
22  -4
18  4
18  5
18  3
16  -6
22  -5
22  -6
20  6
24  -2
21  -4
20  7
21  -3
17  -1
18  3
19  0
24  -2
17  -1
19  1
14  4
21  -5
12  6
18  5
13  -5
17  -1
16  -6
24  -3
18  3
18  4
21  -5
15  3
21  -4
22  -6
19  -1
16  -6
22  -4
15  3
18  4
17  -2
18  4
17  -1
11  -4
15  5
17  -2
19  1
12  6
21  -4
19  -1
11  -4
21  -4
18  3
22  -5
20  7
18  5
18  3
13  -3
23  -4
19  0
17  -2
18  3
18  5
23  -6
18  5
16  -6
24  -4
19  1
18  5
21  -5
19  0
19  0
17  -2
16  -6
18  5
15  5
19  1
19  0
17  0
19  -1
21  -5
15  4
20  6
15  4
14  3
14  4
19  -1
23  -5
16  -6
18  3
21  -4
15  5
19  0
19  -1
23  -5
20  7
16  -6
10  1
17  -1
19  0
13  -4
12  5
15  5
19  1
22  -5
23  -5
19  1
22  -6
18  3
23  -6
19  1
20  6
19  0
14  3
15  4
13  -4
21  -3
14  4
16  -6
12  5
18  3
21  -5
16  -4
21  -3
22  -5
17  -2
23  -5
14  3
20  6
22  -5
17  -1
21  -5
21  -5
19  0
18  5
15  3
21  -5
23  -4
13  -4
22  -5
21  -3
21  -3
13  -4
20  6
18  3
20  8
16  -5
16  -5
20  8
15  3
19  -1
17  -2
17  0
15  5
19  -1
21  -3
11  -6
20  7
19  -1
21  -3
18  5
21  -4
15  5
18  3
17  0
16  -6
21  -3
22  -4
19  1
20  8
18  3
16  -4
20  8
19  -1
21  -3
23  -5
23  -4
18  3
20  8
22  -6
15  4
20  6
18  4
16  -4
22  -5
19  -1
22  -6
17  -1
24  -4
23  -6
18  4
16  -6
20  7
17  0
18  4
15  5
23  -4
19  0
14  3
17  -2
16  -4
23  -6
20  7
17  0
15  3
18  5
16  -5
13  -5
22  -4
18  3
21  -5
16  -5
19  0
18  3
15  5
19  -1
17  -1
18  3
11  -4
17  -2
22  -6
11  -5
20  7
15  4
22  -4
20  6
21  -4
24  -3
23  -5
18  4
18  5
18  5
21  -3
19  -1
17  0
14  2
13  -5
21  -3
14  4
19  -1
22  -5
18  4
19  -1
18  5
16  -5
18  4
18  4
16  -6
20  7
16  -5
22  -5
17  -1
19  -1
18  4
19  1
24  -4
21  -4
17  -2
16  -5
22  -4
15  5
18  5
13  -4
16  -6
24  -4
14  3
24  -3
21  -3
19  1
17  -1
15  4
21  -5
18  5
17  -2
15  3
19  1
16  -4
22  -6
17  0
17  -1
22  -5
15  4
21  -4
17  0
22  -6
20  6
23  -5
17  0
16  -4
16  -6
20  8
19  1
20  6
18  4
15  5
15  3
19  0
18  4
22  -6
21  -4
19  -1
15  3
17  -1
22  -6
19  0
17  -2
17  0
23  -4
17  -2
17  0
19  1
19  -1
18  3
22  -6
14  2
18  3
22  -5
19  1
18  3
19  1
15  4
21  -4
13  -3
14  3
17  0
17  -1
16  -5
16  -5
14  3
16  -6
17  0
17  -1
17  -1
19  -1
19  0
18  4
20  8
20  6
14  4
17  0
20  8
15  3
12  5
19  -1
21  -4
23  -6
17  0
18  5
16  -4
16  -4
18  4
14  4
10  2
21  -4
21  -3
16  -6
14  4
17  0
19  0
14  2
17  -2
14  4
21  -5
16  -5
23  -6
22  -4
19  1
18  4
17  -2
19  1
18  5
18  4
25  -8
16  -6
17  -2
18  4
22  -6
25  -6
16  -5
20  6
20  6
24  -4
15  4
23  -5
18  3
15  5
24  -4
17  -1
22  -4
14  4
22  -4
18  4
20  7
16  -4
18  5
15  4
19  1
17  -2
17  0
18  5
23  -5
21  -4
15  3
15  4
22  -6
16  -4
22  -6
17  0
19  -1
21  -4
21  -4
19  0
26  5
20  6
22  -6
15  4
22  -6
22  -5
19  1
17  -2
14  4
19  0
15  3
17  -2
19  1
16  -5
22  -4
19  -1
15  5
19  0
18  4
21  -5
11  -6
22  -5
19  -1
15  4
18  5
16  -6
22  -5
22  -6
19  0
16  -5
18  3
17  -2
17  -2
16  -5
20  7
20  7
16  -4
17  -2
22  -5
18  4
14  2
16  -6
24  -4
19  -1
22  -4
20  6
14  4
22  -4
19  0
16  -6
19  0
19  1
13  -4
14  2
23  -6
16  -4
25  -7
20  7
16  -5
16  -5
14  3
23  -6
20  8
18  3
22  -4
18  5
13  -3
19  0
18  4
20  8
20  8
24  -3
12  5
12  5
18  3
15  4
20  7
13  -4
15  4
16  -6
18  3
18  4
21  -3
17  -1
23  -6
14  2
16  -4
18  3
19  0
15  3
20  8
17  -2
15  5
22  -6
21  -5
17  -2
21  -4
12  5
14  3
17  0
14  2
22  -6
18  5
20  8
17  0
17  0
16  -5
20  6
21  -4
16  -4
20  6
19  -1
16  -6
20  8
18  3
14  4
22  -4
21  -3
12  5
21  -5
18  4
22  -6
14  2
22  -6
17  0
17  0
15  4
18  4
20  7
16  -6
21  -3
26  6
18  4
21  -3
16  -6
15  3
19  1
16  -4
17  -1
21  -5
14  4
21  -4
22  -6
13  -4
20  8
19  0
21  -3
17  -1
18  3
18  4
19  -1
21  -3
22  -6
17  -2
19  1
18  5
13  -4
15  3
21  -3
19  0
19  0
20  6
18  5
16  -6
21  -4
19  0
18  5
18  3
14  4
13  -4
17  0
20  8
21  -3
19  0
18  3
16  -5
16  -4
20  7
22  -6
17  -2
20  8
12  6
18  4
22  -6
17  0
20  6
17  -2
20  7
22  -6
14  4
18  5
17  -2
18  5
21  -5
18  3
20  8
20  7
19  -1
17  -1
21  -5
18  4
20  7
18  3
