17  -5
18  1
16  5
16  4
15  0
18  -1
19  10
21  5
14  1
16  4
17  -2
15  -8
20  -11
13  4
20  -1
19  3
15  -1
17  0
15  0
22  6
15  -2
20  -1
14  -5
20  -10
17  -4
19  10
18  -1
17  -6
17  -7
18  0
12  -2
12  -6
10  6
17  -6
20  -6
18  -6
18  -3
17  -7
17  -7
16  11
13  9
18  -2
16  11
18  -4
18  2
16  1
11  -3
19  10
20  -2
14  -3
12  -9
16  8
18  -6
13  5
16  1
13  10
21  4
18  1
19  5
15  -6
19  8
15  -3
17  -10
16  3
17  -2
17  -2
16  8
20  -10
17  -3
22  7
17  -1
18  2
12  -7
20  -4
18  -1
19  5
18  -8
18  0
18  -4
20  -5
17  -9
19  8
20  -1
17  -7
16  5
17  0
18  0
13  7
15  -8
8  -2
14  -5
18  -3
16  11
21  1
13  10
14  -3
11  -3
19  10
15  -3
17  -1
20  -8
15  2
18  -8
16  4
14  2
13  1
17  -2
20  -9
17  -7
17  -6
17  -3
11  6
18  -4
17  -1
20  -7
12  -4
12  -5
20  -9
19  10
16  11
18  -7
17  -9
17  -4
14  -7
19  7
16  7
13  6
13  8
13  6
15  2
11  -3
18  -2
11  -2
16  8
12  -2
17  -5
20  -4
18  -8
17  -9
18  -4
13  1
11  -3
22  -2
17  -6
14  -7
15  0
16  9
13  9
20  -1
15  -6
15  -5
16  1
15  -5
14  -4
24  -6
19  11
17  -8
17  -4
17  -7
17  -1
17  -8
14  0
15  -1
19  9
15  -1
16  3
14  -2
19  8
16  6
19  3
14  -7
13  1
14  -2
17  -8
15  -2
13  2
17  -2
15  -2
17  -8
20  -3
14  -8
18  0
18  1
15  -2
17  -2
14  -1
14  -3
16  10
12  -2
11  -2
18  -5
14  -5
21  1
16  2
14  -3
17  -7
14  -7
16  6
22  -2
22  2
20  -2
14  -3
21  6
16  11
16  3
13  4
15  -2
16  8
21  11
18  2
16  2
14  -5
17  -8
18  -2
18  -4
17  -1
15  -2
15  -2
18  -7
19  5
20  -3
17  0
18  -3
16  6
12  -9
18  -2
15  2
18  -5
15  2
19  9
16  1
17  -4
16  11
18  -4
21  1
11  5
16  7
15  -1
19  2
20  -2
13  2
19  8
17  -6
18  -5
16  7
13  7
18  0
17  -10
18  -1
19  10
20  -4
13  1
18  -1
21  3
20  -3
20  -6
13  8
22  2
18  -7
14  0
14  -3
18  -3
16  7
11  2
18  -3
13  4
13  0
16  4
11  4
15  1
14  -4
12  -10
16  6
14  -4
16  8
16  10
20  -8
22  0
19  9
17  -5
18  1
15  -4
17  -5
21  1
15  -5
15  2
18  -4
10  -1
15  -7
15  -3
20  -8
21  2
18  -3
16  7
20  -7
27  3
14  -4
13  9
16  6
15  2
20  -3
15  -1
18  2
16  9
13  9
14  -1
15  -6
22  8
13  10
17  -3
19  3
21  1
20  -4
17  -3
14  -1
17  -5
17  -5
21  10
19  8
17  -2
17  -6
16  5
11  0
22  7
15  -3
18  0
16  11
20  -2
20  -9
15  -2
14  -1
16  4
13  0
15  1
19  4
17  -2
16  2
14  -4
14  -7
15  -8
20  -1
15  -6
16  11
21  2
14  2
17  -10
21  2
18  -6
19  2
18  2
19  4
20  -1
18  1
13  4
18  -4
13  4
17  -8
20  -6
15  2
16  11
13  5
20  -9
17  0
18  -2
18  -8
15  -3
18  1
16  1
10  8
19  12
18  -7
14  1
17  -8
13  9
18  -5
16  3
15  0
20  -5
22  2
17  -5
11  -2
17  -5
10  7
15  1
20  -8
14  -7
21  11
16  3
13  7
14  2
12  -9
15  1
18  -7
19  8
18  -8
15  0
21  7
13  6
17  -5
20  -1
13  10
15  -6
14  -6
17  -1
16  2
16  6
15  -8
18  -3
11  2
21  9
21  8
21  5
17  -7
16  11
14  -5
21  8
20  -9
16  8
16  2
16  9
21  8
19  12
18  -4
17  -3
16  2
17  -6
12  -6
14  1
14  2
24  2
13  9
16  7
16  9
13  7
19  2
19  5
20  -4
15  -7
15  0
19  6
18  -1
12  -4
17  -3
18  -3
18  -3
16  6
15  0
22  7
14  -7
14  -6
15  -7
17  -4
9  3
18  -6
19  9
17  -2
20  -3
12  -3
16  2
18  -3
19  7
12  -3
12  -2
19  11
19  3
14  1
16  9
15  1
11  6
15  2
17  0
13  6
19  7
17  -6
14  1
22  7
19  11
15  1
16  10
15  -4
16  10
16  8
18  1
14  2
17  0
13  7
18  -6
14  -7
20  -3
13  6
18  -5
14  1
14  -4
19  3
14  -5
10  6
21  9
15  -2
15  2
18  -4
17  -9
15  -1
21  3
15  -7
13  2
16  9
15  0
15  -1
17  -6
17  -5
14  -7
15  -8
20  -11
15  -6
13  5
15  1
18  -1
16  10
15  2
19  12
17  -6
13  9
20  -6
10  8
18  -4
18  -5
12  -1
17  0
19  12
12  -9
16  5
14  -5
15  -8
11  -1
14  -6
14  -6
19  4
17  -8
14  1
16  2
18  -1
16  4
16  1
18  1
16  6
13  7
19  7
16  6
12  -1
17  -5
17  -9
17  -1
16  7
14  2
20  -3
17  -1
13  3
13  5
19  5
12  -1
19  7
18  2
17  -10
18  -2
13  6
16  4
14  -8
16  2
18  -4
11  6
14  -3
19  7
17  -1
14  -8
19  2
15  1
15  -2
19  6
16  3
11  -1
15  -7
18  -7
18  -7
17  -10
15  0
18  -4
16  2
16  6
15  -8
13  6
19  4
19  12
15  -3
15  1
18  -8
18  -3
17  0
17  -3
13  2
18  -1
17  -1
17  -10
21  10
17  -3
18  -5
15  0
21  8
19  7
20  -1
13  1
17  -10
19  11
19  10
13  0
17  -6
18  -2
17  -8
17  -9
19  9
17  -5
14  -5
13  3
16  11
18  2
11  7
16  7
15  0
12  -2
14  -6
20  -5
15  -4
18  -5
16  10
16  11
21  1
12  -2
19  4
19  3
12  -3
13  10
16  9
17  -2
18  1
11  0
17  -3
18  -7
12  -9
13  2
15  2
19  8
16  3
17  -10
14  -7
17  -4
16  5
20  -5
15  0
17  -1
16  9
14  -3
18  -1
14  -4
20  -4
18  -4
20  -2
19  7
17  -4
17  -6
16  3
15  2
16  3
17  -9
20  -4
22  1
17  -8
14  -6
18  -2
15  -6
16  6
13  4
15  -4
14  2
17  -8
15  -4
12  -8
15  0
16  8
17  -7
15  -4
16  7
13  0
15  1
13  3
18  -7
17  -9
16  5
18  -2
13  4
15  -1
16  3
15  -8
16  11
15  -5
16  10
17  -1
20  -7
14  -7
19  6
16  4
15  -4
14  1
18  -7
13  3
17  -8
21  3
17  -7
14  -7
16  11
18  -1
18  -3
15  -5
18  -2
18  -8
16  6
19  7
17  -2
16  3
20  -11
19  2
19  6
17  -10
19  6
16  1
11  5
14  1
15  -7
19  2
19  6
10  6
20  -5
19  10
17  0
19  2
16  11
12  -2
19  2
18  -2
15  -6
19  9
13  8
17  -3
19  10
17  -8
20  -3
19  6
14  0
13  7
16  1
21  10
16  1
19  2
14  -7
15  0
14  -1
18  -5
16  5
16  9
12  -6
17  0
14  -7
19  8
14  0
14  -1
15  -1
14  1
14  2
12  -6
15  -6
18  -3
18  -3
15  -7
21  3
20  -5
18  -3
16  10
14  -8
18  -2
18  -8
18  -2
18  1
15  -1
14  -7
14  -2
17  -2
16  5
20  -7
19  9
17  -9
17  -5
21  2
16  3
21  6
11  7
15  -4
15  -3
14  -5
19  9
14  -2
22  8
19  4
15  -5
12  -10
14  -8
12  -8
17  -4
18  -8
15  -2
17  -5
17  -7
17  -2
17  -1
17  0
20  -8
17  -5
21  9
15  -7
17  -1
16  4
14  -3
17  -1
18  -2
20  -11
21  7
21  3
15  -8
20  -4
17  -4
18  -2
17  -10
11  2
18  -2
21  3
17  -6
20  -10
15  2
18  -2
12  -6
12  -4
14  1
19  2
18  -7
14  -2
21  8
16  2
17  -10
16  11
16  2
18  -7
19  6
13  3
17  -3
16  4
17  -10
16  1
19  5
13  9
14  -2
12  -6
13  2
16  7
15  -3
17  -8
20  -3
15  -5
16  4
16  6
10  1
12  -8
17  -10
17  -8
17  -8
19  6
17  -3
15  -1
22  0
16  7
14  -8
16  4
20  -1
14  0
11  4
13  6
17  -9
16  3
16  4
19  3
15  -2
19  4
16  8
18  0
14  1
17  -4
19  3
19  11
16  3
15  -3
17  -5
19  3
18  -1
14  -3
17  0
17  -1
16  6
12  -1
16  3
17  -3
18  -5
21  1
20  -8
17  -5
11  -3
20  -6
11  -2
15  0
16  10
16  8
15  -4
16  2
16  8
18  -3
13  7
17  -9
20  -10
14  -3
15  -6
24  -3
10  0
18  0
15  -6
18  -4
18  0
20  -9
17  -2
14  -4
18  -7
19  8
16  5
20  -1
10  -1
18  0
15  -3
18  1
19  10
14  -3
14  -2
17  -1
15  2
14  -4
18  1
16  10
15  2
13  1
18  -5
17  -9
17  -8
20  -5
16  9
17  -10
18  1
18  -6
17  -6
20  -8
21  6
16  4
14  -3
17  -7
18  2
15  -8
16  2
15  -4
19  12
18  2
18  1
16  4
22  6
16  9
15  -5
20  -2
22  2
18  0
17  -5
16  1
16  6
16  10
14  1
13  7
16  4
13  8
20  -2
12  -7
