9  -1
11  -8
3  -8
9  0
10  3
7  -6
10  2
4  4
7  -4
9  0
10  1
6  -3
7  -4
7  -2
3  -6
8  9
4  5
10  1
8  5
10  0
8  5
9  0
11  -4
8  6
7  -3
9  1
10  0
12  1
10  3
7  -2
8  5
3  -9
7  -5
5  3
4  6
11  -6
7  -6
9  0
5  4
11  -4
6  -2
10  2
6  -4
11  -7
8  8
8  6
8  7
11  -8
3  -8
12  -1
6  -6
11  -8
8  7
11  -8
10  2
5  2
4  5
8  9
9  -1
5  3
6  -5
8  5
10  1
9  -1
14  6
6  -2
5  5
9  -3
4  5
8  7
5  3
7  -4
5  2
7  -2
7  -5
13  7
11  -4
7  -6
11  -5
8  7
5  5
15  -7
10  4
7  -5
9  -1
4  6
11  -8
7  -6
10  3
9  -2
8  8
5  5
8  6
7  -2
9  -1
9  -1
9  -2
10  2
7  -5
10  1
9  0
7  -3
9  1
12  0
9  0
8  6
6  -4
7  -6
12  0
8  7
8  5
10  1
8  5
11  -8
8  9
11  -7
7  -2
8  5
14  6
8  6
11  -4
8  5
11  -6
7  -2
12  2
9  -2
7  -2
4  6
12  -2
6  -6
7  -3
6  -2
7  -5
8  7
9  1
11  -7
8  7
6  -3
10  3
11  -8
8  8
11  -8
10  0
10  4
7  -3
8  7
4  5
6  -4
7  -3
6  -3
7  -4
13  4
9  -3
14  5
7  -5
8  9
9  -1
10  4
8  7
8  7
8  9
6  -2
9  -1
6  -4
7  -2
14  6
6  -3
9  0
6  -4
9  -1
10  3
11  -5
8  8
6  -5
5  1
9  -2
3  -7
5  1
6  -4
9  1
7  -5
9  0
9  -3
7  -5
12  -1
8  7
11  -5
12  2
9  0
7  -5
8  9
9  -2
9  1
5  5
7  -3
11  -4
9  0
9  -2
7  -5
5  5
11  -8
11  -8
12  1
9  -1
10  1
11  -7
5  5
8  5
9  0
9  0
7  -5
9  -1
3  -6
5  4
10  0
6  -4
7  -3
6  -3
9  1
7  -3
9  -3
12  -2
5  4
8  5
8  5
6  -2
10  3
8  7
11  -5
11  -8
5  2
11  -4
7  -5
7  -6
8  7
11  -4
8  8
5  5
6  -6
10  3
10  3
5  4
10  3
6  -3
7  -5
6  -3
9  0
10  4
8  8
10  1
6  -4
9  -3
7  -3
6  -6
8  7
11  -5
7  -6
10  2
6  -3
8  6
8  7
4  5
9  -2
13  4
4  5
10  3
6  -5
11  -7
8  9
10  0
7  -4
7  -6
7  -5
10  3
7  -5
4  6
6  -2
8  9
8  9
5  1
9  1
5  3
6  -2
6  -6
5  3
7  -6
11  -8
11  -8
13  5
5  4
6  -2
3  -9
6  -5
8  5
12  0
7  -3
3  -9
10  0
8  6
6  -4
9  1
12  2
4  5
9  -2
12  0
8  8
8  5
11  -7
7  -2
10  1
5  1
6  -3
12  1
10  2
10  1
12  0
4  3
7  -4
9  1
10  0
5  1
6  -2
9  0
5  4
4  4
4  3
6  -5
7  -2
7  -5
8  9
9  -2
11  -5
12  0
7  -3
4  2
10  3
6  -6
8  5
5  2
8  9
6  -2
7  -3
11  -5
6  -5
5  2
7  -2
7  -3
10  4
8  5
9  0
12  -2
9  -2
9  -3
9  0
7  -4
9  1
12  -2
5  4
9  -2
9  -2
6  -3
8  8
6  -3
5  5
7  -6
7  -4
8  7
7  -4
9  -3
7  -4
12  1
6  -2
6  -4
6  -2
9  -2
9  -3
9  -2
12  2
7  -5
10  4
6  -4
10  1
9  0
10  4
8  6
8  5
6  -5
6  -3
8  8
8  5
10  3
7  -5
5  2
10  0
5  3
9  1
10  3
8  8
12  1
6  -4
4  6
7  -3
10  3
10  4
11  -4
11  -7
7  -4
10  1
9  -1
7  -2
9  -3
7  -5
8  6
9  1
9  -3
9  -1
7  -3
10  4
6  -4
7  -2
12  0
8  9
8  6
13  7
14  4
9  0
10  4
7  -6
9  0
7  -4
11  -8
7  -6
9  1
7  -3
7  -2
11  -5
8  6
4  6
3  -5
10  4
10  2
9  -3
13  4
11  -8
5  4
8  8
5  5
11  -6
12  0
8  7
6  -6
8  8
7  -5
8  7
11  -8
9  -2
4  2
8  6
9  0
8  9
9  -3
8  5
4  3
8  6
9  -3
10  1
11  -5
9  -1
7  -4
4  6
9  -3
10  4
9  1
8  9
7  -3
12  0
10  4
7  -2
11  -8
7  -5
5  3
6  -2
12  -1
10  3
6  -5
6  -3
11  -5
7  -3
11  -6
9  0
5  4
6  -4
14  5
8  6
9  -1
8  6
9  -1
10  4
8  8
9  0
7  -3
11  -6
7  -6
11  -6
12  -2
9  1
6  -4
7  -6
9  -3
4  4
11  -7
9  -3
12  1
7  -6
11  -5
3  -8
7  -5
10  0
6  -3
7  -4
7  -5
11  -5
9  0
9  -3
10  3
4  5
2  -1
6  -6
10  3
6  -2
10  2
10  0
7  -4
7  -2
6  -3
8  7
6  -4
10  2
8  5
12  1
8  5
7  -6
11  -7
11  -4
11  -7
4  6
8  6
8  9
12  2
7  -4
9  -2
9  1
8  5
5  1
10  2
11  -8
9  -3
10  2
9  0
5  4
10  4
8  6
9  1
6  -4
7  -4
8  8
7  -3
9  0
8  8
5  4
14  7
9  0
7  -2
9  -3
7  -4
8  5
5  2
13  5
5  2
8  8
7  -4
8  6
8  7
7  -2
11  -8
8  9
4  3
9  -3
5  1
10  3
8  6
9  -1
8  6
4  5
8  9
8  7
11  -4
9  -3
9  -3
8  7
7  -2
9  -1
8  8
9  -2
11  -4
8  7
6  -3
6  -5
11  -8
8  5
11  -8
9  1
7  -6
8  6
12  -2
11  -6
10  4
11  -8
8  8
6  -3
6  -6
9  -2
5  3
11  -4
4  2
9  1
9  0
11  -7
9  -2
7  -3
8  7
10  2
8  9
5  5
6  -2
7  -5
9  -1
9  1
12  1
8  9
8  5
10  2
11  -8
14  5
1  0
9  -1
7  -3
11  -5
9  -3
9  -2
5  3
11  -4
10  4
9  1
7  -6
6  -5
6  -5
8  6
6  -6
7  -5
6  -4
10  2
8  8
9  -2
10  0
7  -5
3  -5
7  -6
10  1
11  -6
8  6
4  6
14  4
10  3
6  -4
9  0
9  -1
10  2
8  6
7  -6
9  -3
10  0
9  -1
10  2
8  5
5  5
8  8
10  4
11  -4
12  0
6  -6
11  -7
8  6
9  1
7  -6
8  6
7  -2
5  4
8  5
9  -3
6  -5
10  0
2  0
4  4
8  9
10  0
8  7
9  1
6  -5
4  4
8  6
11  -7
10  0
8  8
7  -3
8  5
10  0
5  3
10  0
11  -6
10  3
11  -6
9  -2
10  0
6  -2
7  -6
8  6
9  -1
8  8
9  -2
8  6
6  -5
4  3
11  -4
8  8
6  -6
15  -5
8  8
5  3
10  0
5  2
7  -5
11  -7
12  0
9  -2
12  -2
6  -2
11  -8
11  -8
5  3
4  6
7  -5
12  -2
11  -6
6  -5
7  -2
10  2
10  1
7  -2
9  0
5  2
7  -3
6  -3
9  -2
9  0
7  -5
7  -3
7  -2
12  -1
12  -2
6  -5
11  -5
9  -1
9  -1
8  8
8  9
5  4
6  -3
14  4
10  0
6  -3
10  1
10  1
12  2
8  8
11  -6
8  8
9  1
7  -3
7  -2
6  -2
11  -6
9  0
8  8
11  -6
6  -5
7  -3
7  -2
9  -2
4  3
7  -3
6  -6
9  -3
9  -3
8  5
9  -2
8  5
6  -2
12  1
11  -6
7  -6
8  5
5  3
8  9
5  3
7  -5
10  3
6  -2
10  1
5  3
8  8
8  8
9  -3
12  0
8  6
7  -6
8  8
8  6
11  -8
6  -2
11  -8
9  -2
6  -5
10  0
11  -7
9  -2
7  -4
8  6
9  -1
7  -3
9  -1
7  -2
6  -2
12  1
8  7
10  2
7  -6
5  1
9  0
8  5
4  6
11  -4
7  -5
16  -4
7  -4
7  -6
11  -4
7  -6
9  -3
10  1
11  -8
5  3
7  -4
10  0
6  -3
10  1
11  -4
6  -2
7  -6
9  1
10  0
9  0
8  8
10  3
8  8
10  1
7  -5
12  -1
6  -5
12  -2
7  -4
10  3
12  1
6  -2
8  7
9  -3
8  8
9  -2
6  -6
8  6
7  -5
9  0
11  -5
9  -2
10  2
13  6
11  -7
8  5
7  -5
10  3
8  7
8  7
9  0
8  7
5  4
6  -2
9  -1
5  3
6  -6
8  6
4  6
11  -8
6  -5
10  1
7  -5
9  -1
8  8
9  -3
15  -3
8  5
10  4
7  -3
11  -8
6  -3
7  -4
7  -2
9  -3
9  0
9  0
12  2
9  0
9  -3
6  -2
8  8
7  -4
7  -2
9  -2
9  -3
7  -4
7  -6
9  -1
8  8
11  -5
7  -6
8  8
5  5
7  -4
9  -2
7  -3
8  8
7  -6
12  -1
10  1
9  -3
6  -4
11  -8
8  7
11  -8
10  1
6  -6
7  -4
10  0
8  7
5  2
11  -5
8  5
9  -2
7  -3
10  1
8  6
10  3
4  2
8  5
4  4
9  -1
9  0
9  0
5  4
6  -2
5  3
5  3
7  -4
9  -2
8  8
10  1
12  0
12  1
8  7
10  1
8  9
8  6
8  8
5  5
10  2
10  1
3  -8
4  6
4  2
9  -3
10  3
