17  -12
12  -7
9  9
11  11
15  -10
15  -5
14  11
14  2
15  1
8  -3
11  7
13  2
13  -3
13  -7
8  5
5  1
13  2
12  0
8  -1
13  -5
14  5
11  11
10  1
11  9
11  7
9  9
9  8
12  2
11  12
8  0
11  13
15  -10
18  -5
13  -5
15  1
13  -6
13  -5
12  -4
12  -4
21  -1
15  -2
8  6
13  -5
9  12
16  -2
12  2
13  3
7  2
11  10
13  3
15  -3
14  6
16  -5
10  -2
12  -8
7  -6
11  4
13  -3
13  -7
15  -11
11  3
11  2
17  0
9  11
8  7
11  8
15  -11
11  12
15  -6
11  3
10  3
11  13
12  -8
13  -2
13  -6
6  2
13  -1
11  7
8  7
12  -3
9  6
19  5
16  -1
17  -8
13  -1
14  5
16  -9
14  10
17  -5
7  5
8  -5
10  3
12  -10
13  -6
17  -1
16  -9
11  7
12  1
10  7
10  7
12  -5
12  -6
16  2
8  -4
15  -11
10  -3
12  -7
12  -10
11  8
13  -6
17  -12
15  -5
13  5
14  0
10  5
11  6
9  9
11  2
16  0
8  -3
17  -8
15  -4
14  3
13  5
11  5
12  -7
16  -2
11  12
12  -7
11  5
13  -2
19  1
13  -3
13  4
13  0
13  2
11  9
13  0
12  -4
12  -5
8  0
13  -7
9  11
7  1
12  1
17  -5
14  10
10  1
6  5
11  10
9  0
14  5
13  -4
11  13
8  -4
15  -6
12  0
13  -1
14  12
16  -7
11  2
11  4
8  6
17  -5
13  -7
9  11
13  5
12  -9
12  -3
18  4
15  -9
15  -6
7  0
15  1
14  10
10  0
18  3
10  -3
6  6
12  -4
14  3
15  -1
10  6
12  -6
12  1
11  1
7  -7
8  7
11  4
12  -6
9  0
12  -3
15  0
13  2
15  -6
9  11
9  8
14  8
10  5
13  -5
7  -6
12  -8
15  -3
14  0
21  8
12  2
10  7
11  4
11  2
12  1
15  -5
11  7
11  8
11  11
13  5
15  -2
9  1
11  6
11  13
11  7
14  9
14  1
14  1
13  -3
10  9
16  -8
11  4
8  4
15  1
15  -8
14  8
13  5
10  4
14  2
11  10
10  6
11  10
12  1
4  -2
17  -11
15  -1
17  -6
11  7
9  7
12  -8
12  -6
13  0
14  9
5  -7
11  4
12  0
11  11
10  3
12  -4
8  2
12  2
10  4
9  8
10  -1
12  1
9  2
15  -4
16  0
10  4
10  1
14  11
8  0
19  -5
16  -1
14  5
12  1
17  -8
13  3
12  -8
13  -1
12  -7
12  2
9  5
12  -4
10  4
12  -3
11  5
13  -1
13  4
12  -2
14  9
13  -1
15  0
14  9
9  9
15  -8
13  0
14  6
12  1
12  -5
13  5
12  -9
12  2
14  9
16  -10
17  -7
12  1
11  4
13  1
10  5
15  -8
17  -6
15  -2
13  0
14  6
12  1
12  -4
13  3
12  0
10  5
13  5
10  8
12  -2
12  2
8  1
11  6
10  1
11  2
15  1
14  7
9  12
11  12
13  -7
12  -7
10  7
12  -1
18  -3
8  -3
10  7
9  11
13  4
12  -8
13  5
11  11
12  -4
15  -3
8  7
10  3
9  9
12  -3
14  9
14  7
14  1
13  1
7  4
10  5
9  0
8  3
19  -2
10  3
16  -10
10  1
11  8
13  0
13  1
12  0
16  -6
14  4
8  -4
13  -5
11  3
12  -4
12  -5
11  3
11  9
14  12
9  2
11  4
7  1
6  8
17  -3
8  0
16  -6
17  -1
10  6
13  3
13  3
13  4
11  1
14  9
9  8
12  -6
15  -6
10  -2
12  1
8  1
12  -10
6  6
13  2
16  2
10  6
11  9
15  -1
12  -10
16  -6
12  -7
20  -1
12  -1
11  6
13  -3
16  1
14  5
12  -8
10  0
13  -7
9  8
17  -3
16  -2
10  1
12  -10
14  10
10  1
12  -8
15  -6
8  -5
16  -3
15  -2
14  0
15  -4
7  0
14  1
9  2
6  9
13  5
14  8
11  3
15  -5
9  9
12  1
17  -11
9  7
11  10
10  1
15  -3
10  2
13  -6
12  2
10  7
17  -9
14  5
8  -2
14  6
15  -8
16  -5
15  -5
11  1
12  -2
10  1
9  9
12  -6
13  2
12  1
10  9
10  8
17  -4
16  -7
11  13
14  9
15  -10
10  5
13  5
14  9
13  -6
9  11
10  5
16  -2
12  0
6  11
10  3
8  -2
8  5
12  0
13  -4
12  2
11  6
17  -9
14  7
15  -8
11  9
14  7
19  2
14  3
11  7
8  2
16  -5
10  8
17  -12
12  -7
10  5
17  -8
12  -7
16  -10
10  1
12  2
21  8
11  3
15  -1
4  8
11  1
16  0
13  -1
15  1
12  -1
15  -6
13  -7
17  -12
8  1
18  3
13  -1
12  -4
16  -6
15  -4
19  -3
11  8
15  -3
10  1
11  2
15  0
11  9
8  7
18  -3
15  -6
6  3
9  9
13  3
11  1
8  -5
19  -2
7  -3
14  11
18  -5
11  11
9  11
11  11
9  5
13  -5
14  11
14  10
14  9
17  -4
11  7
12  -4
11  13
12  -6
14  0
13  5
10  3
14  8
8  -2
12  -5
13  2
11  9
9  9
18  -5
16  2
12  -5
14  4
12  -4
10  5
16  -6
11  5
13  2
12  -9
11  1
16  -3
13  5
13  2
16  -5
10  5
10  0
15  -3
14  6
13  1
12  2
14  1
13  -7
8  3
12  -1
12  2
10  8
10  6
12  0
13  4
9  3
8  1
14  6
14  10
9  12
10  5
7  -4
8  4
13  -4
12  -9
7  -2
14  12
8  5
16  -5
15  -6
10  1
9  0
13  -7
11  10
12  2
12  -6
11  9
7  -7
9  1
10  8
14  7
12  -5
12  -10
10  -1
9  10
8  3
15  0
12  -9
11  12
9  11
10  -1
16  -8
10  1
14  5
13  5
16  -5
5  -7
11  4
17  -7
13  3
14  3
12  -9
14  0
11  7
15  1
9  10
15  -10
11  12
10  -2
13  -2
14  0
13  -3
15  -3
14  10
9  1
16  -5
7  -1
12  -9
15  -3
17  -1
16  -1
19  0
17  0
16  -2
15  -4
13  2
13  5
11  10
13  -7
9  8
14  10
15  -2
15  0
9  9
9  11
12  -1
9  1
11  12
12  1
12  -6
14  0
17  -11
11  12
9  3
11  6
12  -8
12  -6
15  -2
9  0
10  1
8  -1
13  5
13  2
12  -4
14  12
10  5
13  0
15  -2
12  -3
13  -6
19  3
14  3
5  -10
12  -7
11  6
12  -3
7  -6
8  -3
7  5
15  -11
7  -5
16  -5
6  1
11  9
10  4
16  1
9  10
9  0
13  -5
15  -6
13  2
11  1
6  5
9  7
13  3
10  2
14  5
13  5
20  -7
8  -3
12  0
16  1
16  -10
16  -7
13  -5
10  3
11  8
10  -1
10  6
16  -6
14  6
19  0
8  -5
16  -1
11  4
14  1
6  9
12  -8
13  1
15  -3
14  3
10  -2
9  7
9  3
15  -4
10  -1
10  -2
13  -4
9  9
11  11
16  -8
16  0
12  -5
7  -2
16  -5
10  2
10  -2
11  9
13  3
16  -7
9  8
12  -6
10  8
14  4
8  5
9  8
13  4
10  -2
10  8
10  8
11  5
9  9
9  12
10  0
14  9
13  5
14  0
13  -3
12  -5
9  7
12  -1
10  7
12  1
12  -2
11  8
5  -3
12  2
11  11
10  6
14  11
13  4
10  3
12  2
9  6
14  4
8  7
11  11
13  -5
10  7
13  2
14  10
12  0
15  -2
13  -7
10  9
14  8
12  1
14  5
10  1
10  -3
12  -5
11  12
13  -5
11  4
8  7
12  -1
8  3
13  1
16  2
11  4
15  -10
17  -12
12  -9
11  12
15  -2
13  3
9  11
14  0
12  2
13  -6
8  -2
12  -1
15  -1
11  1
12  -9
15  -4
9  0
7  -5
8  -1
14  6
9  5
10  8
9  12
19  5
15  -2
11  1
10  6
10  1
9  2
10  3
17  -10
13  -4
11  8
6  7
8  -1
16  -8
15  -5
11  10
12  -3
11  6
13  2
15  -9
13  -5
7  -4
8  -1
11  1
12  -2
15  -1
13  2
17  -10
10  8
12  -9
13  -4
10  -1
15  0
12  -6
12  -2
13  5
10  1
9  0
13  -2
16  -5
13  -6
14  11
13  2
12  -3
18  4
9  3
7  0
16  -3
13  3
6  8
13  -6
6  5
12  2
15  -11
11  7
8  4
18  5
14  8
10  -1
12  -5
13  -2
10  -3
10  8
18  2
10  7
13  -2
15  0
14  9
10  9
12  -7
16  -10
5  -7
17  -1
14  4
13  3
11  8
15  -11
12  -6
16  1
12  -1
13  3
8  7
11  9
14  4
12  0
12  -3
14  8
12  -1
15  -1
14  8
13  4
12  -10
13  -5
13  -6
12  -6
11  5
13  -5
12  1
15  1
6  11
15  1
7  0
18  -3
10  2
11  6
8  7
9  9
14  7
9  3
11  4
11  7
14  8
7  -1
11  6
16  -2
14  0
14  8
17  -2
14  10
16  -9
12  2
10  7
13  -1
8  -4
13  -2
16  -6
17  0
8  -1
13  -5
13  2
14  6
12  -6
9  1
8  2
12  -10
14  11
12  2
10  7
16  -5
16  -9
9  11
12  -6
11  10
7  5
9  4
6  9
16  -4
11  11
16  1
14  3
11  4
14  6
9  10
15  -9
16  -1
