15  5
15  9
15  7
15  11
17  7
19  -10
18  -3
16  -3
13  10
16  -2
16  -1
15  5
15  10
14  -5
13  3
16  -3
14  -4
11  -2
20  6
14  -1
15  3
13  10
14  -2
16  4
13  10
15  3
17  2
13  10
14  -2
15  7
16  -1
14  2
15  4
13  4
16  3
17  3
15  10
16  1
18  -7
17  3
17  3
13  5
15  7
14  -2
15  6
16  5
17  0
16  5
19  -2
13  5
13  10
16  0
14  2
13  7
14  2
19  -7
17  7
17  8
18  -8
18  -6
17  8
14  1
13  5
16  -3
18  -6
19  -6
15  5
18  -4
15  10
14  -2
18  -9
16  3
14  0
13  11
16  0
16  -3
16  -3
12  -6
15  3
14  0
17  4
14  0
16  0
15  4
16  4
15  8
15  5
14  -4
15  5
14  -2
16  1
15  5
13  3
15  3
17  4
14  -1
16  -3
16  2
12  -9
20  3
12  -10
16  0
16  4
12  -2
17  8
12  -2
13  9
16  -1
14  -3
15  4
12  -9
13  7
12  -7
13  6
15  11
10  3
12  -3
16  1
19  -2
18  -2
18  -8
16  3
13  10
19  -6
15  10
17  7
15  11
15  9
15  6
14  -4
13  10
14  2
13  3
17  5
18  -6
13  4
14  -5
17  8
15  10
12  -6
11  -2
14  2
17  0
14  -2
17  2
11  -7
18  -9
15  3
14  -1
12  -10
14  -3
13  5
13  11
14  -3
15  11
13  10
14  2
17  1
14  -1
13  11
7  -5
18  -5
18  -3
19  -4
17  1
15  10
15  4
16  -1
15  5
16  4
12  -6
13  6
14  -3
17  5
11  -7
13  10
14  0
14  1
12  -10
14  2
17  0
15  9
17  2
18  -6
14  -1
15  9
14  -2
12  -3
15  8
17  6
15  4
14  2
14  -2
17  8
13  10
16  -3
14  3
16  -1
13  8
16  2
17  2
11  -10
15  6
13  4
19  -8
13  9
19  -9
14  2
12  -7
17  1
17  8
13  6
16  3
13  7
13  4
16  5
16  0
13  5
17  1
14  -4
14  -4
15  10
13  7
16  4
14  -5
14  2
14  -5
12  -4
14  3
16  4
16  4
16  -3
11  -6
15  6
17  8
17  3
14  2
16  -3
16  -3
13  5
13  10
14  -4
14  -1
16  2
19  -6
11  -8
19  -9
17  5
11  -2
17  2
14  -2
18  -7
18  -3
15  3
13  4
12  -2
11  -6
14  -3
14  3
15  4
16  5
13  9
14  -3
10  6
13  3
16  5
15  4
14  -1
12  -4
17  7
14  -1
15  11
14  -4
16  0
14  -5
16  0
14  -3
15  11
15  7
13  9
12  -7
11  -7
15  3
16  0
17  5
12  -10
19  -3
14  2
14  -2
10  9
16  -3
13  4
15  4
12  -4
14  0
16  4
13  3
13  11
12  -10
16  3
12  -8
18  -7
13  6
15  5
12  -5
13  3
14  -1
12  -4
17  5
15  4
12  -4
14  3
11  -9
15  9
13  6
15  6
19  -6
13  4
16  -2
15  5
19  -9
14  1
15  7
17  8
13  4
16  2
14  0
13  4
11  -2
18  -5
15  4
15  10
11  -2
16  -2
13  11
14  3
16  -2
10  5
16  1
16  2
15  7
15  3
15  9
15  9
15  8
13  6
16  -3
16  4
13  6
14  -2
15  11
16  3
16  -3
13  7
17  7
16  1
13  3
16  -1
20  5
11  -2
17  0
19  -4
15  5
14  0
15  3
12  -10
10  8
17  4
13  5
14  3
15  10
15  6
15  6
14  -1
13  8
9  4
12  -2
14  -5
13  10
13  8
14  -4
13  8
15  6
12  -7
15  9
17  1
14  -1
12  -2
15  9
16  -1
16  -3
14  2
17  4
17  1
17  6
14  3
11  -5
13  7
14  -5
10  2
12  -8
12  -8
14  -3
16  -3
13  11
12  -5
15  10
13  4
13  11
19  -7
15  11
11  -10
18  -7
12  -7
13  5
14  -5
16  2
15  10
12  -8
13  7
14  3
16  -3
14  -3
14  -2
14  0
14  1
10  8
18  -5
14  -1
16  1
16  -1
17  0
16  5
17  8
16  3
17  7
14  0
13  11
15  8
18  -9
15  8
16  5
15  11
15  5
13  6
15  4
13  9
17  6
14  3
13  7
14  -1
12  -8
14  -2
15  8
13  11
11  -2
14  0
17  5
15  5
16  -1
18  -3
12  -7
14  -1
15  4
17  1
16  2
17  4
15  5
15  7
12  -4
16  -1
17  1
17  6
14  3
15  4
19  -7
20  5
15  10
11  -8
15  11
15  5
14  2
15  9
15  9
14  1
12  -5
11  -8
14  -2
13  9
16  -3
13  10
14  0
14  3
14  -5
14  -1
15  5
14  -4
14  -4
18  -1
17  8
13  6
13  8
18  -4
11  -2
13  9
16  3
14  -4
12  -10
16  5
13  4
15  5
16  2
10  2
18  -8
15  8
16  -2
16  3
14  -2
12  -10
13  9
17  0
18  -3
14  3
15  11
12  -5
13  8
12  -9
13  9
13  7
15  4
12  -2
15  8
14  -5
13  7
12  -2
14  -2
15  3
15  7
15  11
15  7
15  10
13  4
11  -8
15  8
12  -3
16  -2
15  10
14  1
18  -4
14  3
12  -4
14  2
17  6
16  4
17  6
18  -9
9  7
17  6
11  -9
14  -1
16  -2
18  -9
11  -5
15  7
16  5
14  -2
13  3
17  0
12  -8
14  3
17  7
14  -2
16  5
14  0
13  3
10  9
18  -8
16  4
17  4
15  4
14  -4
18  -4
14  -3
12  -10
13  4
14  2
16  2
14  -3
14  -4
16  4
18  -7
16  2
13  7
16  0
15  9
16  3
16  2
13  8
16  2
17  7
11  -9
15  11
19  -8
12  -7
13  3
15  11
14  -4
16  -3
15  8
18  -7
13  3
14  -2
18  -5
11  -6
11  -4
14  0
18  -1
13  4
15  9
13  8
14  -2
14  -3
15  9
12  -4
14  -3
14  0
16  5
17  2
16  -3
12  -3
17  2
15  3
13  8
14  -3
14  -3
15  11
14  2
16  0
15  9
12  -5
15  8
16  4
19  -2
18  -7
15  3
16  4
19  -4
16  2
16  0
15  7
13  3
16  1
13  9
10  6
14  -4
10  7
12  -4
17  5
14  3
15  6
16  1
13  8
20  3
15  11
11  -4
17  8
14  -3
17  5
17  8
17  7
15  8
17  6
14  -4
14  3
14  -3
14  -1
16  -3
13  11
13  7
18  -4
12  -8
13  5
13  11
15  8
11  -6
13  9
18  -5
9  4
13  8
13  10
13  9
13  6
15  10
13  3
17  3
14  2
16  5
17  7
11  -10
14  3
17  8
16  -2
16  5
17  0
13  10
15  5
16  5
14  1
13  9
18  -4
11  -8
15  4
16  1
13  4
17  4
19  -4
14  -1
13  6
17  7
20  5
16  5
14  0
18  -8
11  -6
10  8
16  3
14  -1
17  8
17  3
15  7
12  -5
14  -5
15  6
13  8
18  -2
13  8
13  11
15  8
16  2
14  -3
16  -1
18  -7
13  3
17  5
13  8
17  1
18  -4
14  -2
15  7
15  9
12  -3
17  6
13  11
14  -1
15  10
13  9
20  2
18  -6
14  3
14  1
15  6
18  -7
17  6
16  1
13  10
9  8
12  -3
16  1
17  8
11  -5
15  4
12  -4
12  -9
13  5
14  0
16  3
14  -5
16  0
11  -4
13  8
14  -1
18  -7
13  10
13  11
17  4
15  10
14  2
16  1
12  -5
15  9
15  3
17  3
12  -3
16  1
14  1
16  -1
20  1
16  1
11  -9
15  8
17  3
16  -1
14  2
15  7
12  -9
16  3
14  -3
18  -9
12  -5
17  6
16  2
15  5
15  5
15  9
16  0
14  -3
16  0
12  -9
12  -2
14  2
20  4
17  6
13  9
16  -1
15  10
17  5
10  9
15  6
15  3
15  4
13  7
10  5
11  -4
19  -4
13  10
15  6
15  10
13  7
17  7
15  10
15  9
17  6
15  10
17  1
15  7
18  -1
14  -2
17  6
14  1
14  0
17  0
15  10
17  2
12  -3
17  4
15  6
10  2
15  6
15  3
15  5
10  9
16  2
15  10
12  -10
15  7
17  7
15  8
15  7
14  -3
13  7
13  9
16  -1
17  5
14  -4
14  -4
15  11
13  4
18  -1
18  -2
16  -3
11  -3
17  5
16  -1
15  6
18  -8
18  -2
13  3
11  -3
14  -1
15  9
13  5
13  8
18  -2
17  8
12  -8
16  3
16  5
13  9
17  2
19  -2
16  0
15  3
19  -4
12  -6
13  11
15  8
12  -5
14  3
16  -1
16  5
14  -1
14  3
16  -3
16  1
11  -4
12  -9
14  0
14  -4
12  -9
17  5
17  0
15  6
18  -9
16  -1
19  -6
12  -4
13  10
16  4
15  7
16  -2
17  5
15  7
8  2
17  1
15  3
15  9
17  6
13  10
16  -2
15  6
12  -2
16  5
11  -2
14  -2
13  5
12  -10
16  0
13  11
14  1
13  7
15  3
13  9
16  3
19  -9
15  7
15  4
14  -4
18  -1
15  9
15  8
12  -9
15  8
13  9
14  -3
15  11
13  9
10  8
16  4
14  2
14  -2
14  0
18  -7
16  -1
15  3
15  7
14  0
16  -2
16  5
18  -6
16  2
12  -3
18  -6
16  -1
15  3
14  0
14  -1
16  4
16  1
16  0
16  -1
13  11
17  7
12  -6
15  9
18  -3
16  1
15  9
18  -4
13  3
15  9
