12  -6
12  -9
12  -3
12  -6
13  -6
12  -4
12  -3
11  4
13  -5
12  -4
12  -5
12  -6
11  6
12  -5
11  7
12  -5
11  7
14  2
14  1
12  -3
12  -4
9  -7
13  -7
12  -3
12  -8
12  -8
12  -7
10  -6
12  -4
14  -1
10  -2
13  -6
11  9
14  3
12  -7
14  0
14  4
12  -5
10  -2
12  -5
13  -9
11  5
12  -7
12  -9
10  -2
13  -9
12  -3
12  -9
13  -6
9  -4
14  2
10  -6
13  -8
12  -4
13  -6
12  -5
11  3
13  -6
10  -1
13  -6
13  -5
12  -4
10  -1
11  8
8  1
11  3
11  7
13  -4
13  -8
11  9
12  -9
12  -3
10  -4
10  -1
13  -8
11  6
10  -1
13  -10
10  -7
9  -9
12  -5
10  -5
12  -7
10  -1
14  3
12  -9
9  -8
10  -7
14  2
11  6
11  4
11  8
12  -3
9  -6
9  -7
13  -9
12  -7
12  -8
11  6
11  5
12  -3
10  -5
13  -10
11  4
10  -3
11  5
12  -9
13  -5
9  -10
12  -5
10  -1
12  -9
11  7
11  9
12  -6
11  5
10  -4
13  -6
10  -7
13  -8
11  6
11  8
12  -7
12  -7
13  -4
14  0
14  1
12  -7
13  -8
13  -5
12  -6
12  -9
13  -9
12  -9
13  -4
12  -7
9  -10
9  -6
10  -7
11  5
11  8
14  -1
14  2
11  8
13  -9
11  9
9  -6
14  0
8  1
12  -3
10  -6
13  -7
14  1
11  5
12  -5
12  -5
13  -6
10  -4
12  -6
12  -3
11  5
13  -4
10  -7
8  -3
13  -8
11  9
13  -7
13  -7
11  7
13  -9
10  -7
11  9
12  -6
12  -4
11  6
13  -5
12  -3
13  -9
11  9
14  5
11  5
10  -3
11  9
12  -8
12  -5
12  -7
11  7
12  -6
11  9
9  -7
12  -4
13  -9
11  9
13  -10
11  7
10  -6
10  -5
12  -7
11  8
12  -6
7  4
13  -8
12  -6
12  -7
13  -9
10  -1
10  -7
12  -7
12  -5
11  8
12  -6
12  -5
13  -8
13  -5
12  -9
9  -9
13  -5
11  7
12  -5
13  -7
13  -10
12  -6
12  -8
12  -3
10  -1
12  -6
12  -7
11  6
9  -8
12  -5
11  4
11  7
11  7
10  -1
10  -5
13  -8
9  -4
13  -9
11  8
11  5
12  -6
13  -7
11  6
12  -8
11  4
11  3
12  -4
11  8
14  0
13  -6
12  -8
13  -10
12  -8
12  -4
10  -5
10  -6
11  3
13  -5
13  -6
12  -5
11  7
9  -10
10  -4
11  8
13  -6
11  9
11  7
10  -6
11  9
11  8
13  -5
11  6
11  4
13  -7
12  -9
14  3
13  -5
12  -9
12  -3
13  -6
11  4
8  3
14  -1
13  -5
11  6
14  -1
11  3
13  -5
12  -5
12  -4
10  -4
11  8
12  -4
14  0
12  -3
13  -5
12  -3
13  -10
12  -6
13  -4
13  -10
9  -7
11  5
12  -3
14  0
13  -8
14  3
13  -10
10  -5
14  4
13  -4
10  -1
10  -6
10  -4
12  -5
12  -6
13  -8
13  -9
13  -5
12  -8
13  -6
12  -4
11  3
12  -6
12  -4
12  -9
14  2
12  -3
11  8
11  4
13  -7
11  9
12  -4
12  -3
12  -8
12  -4
11  4
12  -4
13  -7
13  -7
13  -8
10  -3
13  -9
13  -6
11  7
10  -5
13  -7
11  3
13  -6
14  5
12  -4
10  -6
11  3
12  -4
11  8
14  3
11  7
11  7
13  -9
12  -9
8  -3
11  9
9  -7
10  -3
13  -6
10  -1
11  7
14  2
10  -3
14  5
12  -9
13  -5
13  -6
14  3
13  -4
13  -5
12  -4
14  2
13  -9
12  -9
12  -8
13  -9
11  7
13  -5
13  -7
12  -5
8  -1
13  -4
14  3
13  -10
11  3
10  -6
12  -5
11  5
12  -5
13  -6
11  8
14  -1
13  -10
13  -5
11  6
12  -8
12  -3
14  2
11  6
11  5
12  -5
11  6
12  -3
12  -5
10  -2
11  4
10  -4
12  -4
11  7
10  -3
13  -7
12  -3
11  3
10  -7
11  5
9  -9
13  -7
11  9
11  5
12  -6
14  0
11  5
7  9
12  -7
12  -7
12  -7
12  -4
13  -8
11  4
12  -9
14  1
12  -5
13  -9
9  -4
10  -3
11  9
11  7
9  -8
12  -4
12  -5
11  4
12  -6
14  0
10  -1
11  5
14  -1
12  -5
9  -7
13  -9
13  -5
10  -7
10  -7
10  -3
11  6
13  -6
11  7
11  4
13  -7
13  -9
10  -6
12  -5
12  -6
11  8
11  3
12  -7
13  -4
13  -9
9  -8
11  4
12  -5
10  -3
13  -5
11  9
10  -2
12  -8
11  3
11  7
12  -5
13  -4
8  2
13  -6
12  -6
13  -7
13  -8
12  -9
9  -4
11  9
9  -9
10  -7
11  5
12  -8
10  -2
11  8
11  9
12  -5
12  -5
10  -4
9  -9
12  -3
10  -4
12  -4
12  -4
11  6
13  -9
12  -8
11  4
13  -4
10  -4
13  -4
11  7
12  -7
13  -4
10  -7
11  4
13  -4
10  -2
13  -6
12  -7
12  -8
12  -6
11  6
12  -8
12  -8
10  -4
10  -4
10  -1
10  -4
12  -7
10  -3
12  -6
14  3
12  -8
13  -9
12  -6
13  -7
12  -8
12  -8
11  4
11  4
12  -3
13  -10
13  -8
13  -10
11  5
11  5
12  -6
10  -5
12  -3
12  -9
13  -5
13  -7
12  -7
9  -8
10  -1
12  -7
13  -8
12  -8
13  -8
11  7
12  -7
14  3
9  -7
10  -5
12  -6
13  -9
13  -8
11  3
13  -9
11  3
13  -7
11  4
11  6
11  6
11  7
10  -2
11  6
9  -5
13  -4
13  -10
12  -9
13  -6
11  9
11  9
11  9
10  -5
14  0
11  4
12  -9
13  -8
12  -5
14  0
11  6
14  0
11  8
13  -5
13  -10
13  -6
9  -4
12  -3
12  -5
10  -7
13  -10
13  -9
10  -1
13  -5
12  -9
13  -8
14  5
13  -8
13  -5
9  -8
14  4
10  -4
13  -9
13  -9
12  -8
12  -5
13  -10
12  -4
12  -9
13  -4
12  -7
12  -7
10  -4
9  -5
12  -5
13  -8
11  3
12  -3
12  -3
10  -5
13  -10
12  -9
13  -9
11  9
10  -3
9  -5
11  6
13  -5
11  4
11  6
11  7
6  3
13  -6
10  -1
13  -7
11  3
9  -5
12  -6
12  -5
12  -4
13  -5
14  -1
13  -9
13  -5
14  2
12  -7
12  -9
12  -4
11  4
14  5
13  -10
10  -5
8  -3
11  7
9  -9
11  9
11  6
12  -4
13  -8
11  6
11  6
13  -10
10  -2
11  3
13  -5
10  -4
12  -3
11  5
11  5
13  -5
10  -1
11  9
11  8
14  2
11  8
11  9
9  -9
13  -6
10  -1
12  -9
13  -10
13  -8
13  -7
13  -6
12  -5
13  -6
13  -7
13  -4
11  3
13  -4
13  -6
12  -9
12  -6
10  -3
13  -5
12  -4
12  -7
12  -7
13  -5
11  6
10  -1
12  -8
11  4
12  -9
13  -7
12  -7
13  -4
12  -9
11  6
13  -5
11  7
12  -7
9  -5
11  8
13  -9
12  -4
13  -6
9  -7
10  -2
10  -2
11  3
12  -5
11  8
13  -8
11  9
11  6
10  -5
12  -9
8  2
12  -6
12  -3
10  -5
13  -10
11  5
12  -9
11  9
13  -7
13  -4
11  8
13  -10
8  -1
11  4
12  -6
11  3
13  -4
12  -5
12  -9
12  -5
14  2
11  3
12  -3
9  -9
13  -9
11  8
13  -4
11  6
11  6
12  -9
11  7
9  -7
13  -4
11  3
10  -7
10  -3
10  -5
13  -5
12  -4
10  -6
12  -9
12  -8
11  7
13  -5
12  -8
11  8
10  -7
13  -6
13  -4
11  5
12  -7
12  -7
11  5
10  -1
13  -5
13  -7
10  -3
13  -6
13  -7
14  5
12  -7
10  -7
10  -2
12  -3
11  3
11  7
11  4
13  -8
13  -9
13  -4
10  -7
12  -6
11  3
13  -7
10  -6
13  -9
12  -7
10  -5
9  -5
12  -5
12  -4
12  -9
10  -7
12  -3
10  -7
13  -4
14  4
13  -8
13  -9
13  -9
13  -10
13  -7
13  -5
12  -9
13  -7
12  -7
11  4
14  2
11  3
13  -10
12  -7
11  7
10  -4
13  -4
14  -1
10  -6
10  -3
12  -5
11  8
12  -3
12  -7
13  -5
11  5
10  -1
12  -8
14  2
13  -9
10  -5
12  -4
11  6
11  6
12  -3
10  -7
12  -6
11  7
12  -8
13  -10
14  -1
13  -6
11  7
11  6
12  -3
13  -10
12  -9
12  -6
11  7
10  -5
12  -6
12  -9
9  -10
14  0
12  -9
10  -7
12  -5
9  -8
10  -1
12  -7
14  -1
11  7
10  -4
12  -5
11  9
10  -3
11  6
10  -5
9  -8
13  -4
13  -6
8  -3
13  -10
9  -10
13  -5
9  -5
11  9
11  7
13  -8
12  -8
13  -10
12  -4
13  -8
9  -8
10  -2
14  0
10  -2
12  -4
11  7
14  1
12  -8
9  -6
14  3
13  -9
11  3
11  8
10  -1
9  -4
13  -6
10  -2
12  -5
14  1
12  -9
12  -7
14  -1
11  8
9  -8
12  -7
10  -5
11  4
12  -3
13  -8
11  9
13  -10
13  -9
12  -5
13  -7
13  -7
14  3
11  6
12  -5
13  -7
13  -4
14  2
9  -9
10  -1
13  -7
10  -4
11  9
14  3
10  -1
13  -9
11  3
13  -9
11  3
13  -9
13  -7
12  -5
11  9
13  -8
14  5
13  -4
12  -6
12  -6
13  -8
11  9
14  5
9  -10
12  -3
13  -8
13  -5
12  -4
11  6
11  8
10  -6
10  -1
11  7
12  -7
12  -8
11  8
12  -8
11  7
12  -8
7  5
10  -5
11  3
14  1
11  9
