11  -5
14  0
25  1
17  -5
16  3
18  5
22  -6
19  -3
17  -5
19  -4
19  -5
17  -6
19  -3
26  1
15  -6
18  2
21  -2
23  3
21  -1
15  -8
18  2
19  -4
16  5
20  1
19  -3
14  -4
22  -8
18  4
18  3
14  -4
18  3
20  4
22  -8
24  -3
21  2
15  -5
19  -1
16  6
20  1
18  3
24  -4
14  -1
23  -1
18  4
18  2
20  0
20  0
22  -7
23  -1
13  7
21  -2
15  -8
18  5
22  -4
19  -5
22  -8
17  -4
22  -5
17  -3
17  -2
19  -3
16  7
17  -4
19  -3
23  3
18  3
20  0
19  -5
17  -2
15  -9
19  -5
20  3
15  -7
26  -1
21  -2
21  2
19  -4
17  -2
17  -2
23  2
20  1
13  5
15  -7
20  2
14  0
19  -3
16  3
19  -3
17  -2
18  2
21  -2
21  -2
15  -7
20  1
25  0
16  3
14  -2
19  -3
17  -6
22  -8
21  1
25  -1
20  1
18  2
21  0
19  -3
28  0
22  -7
20  1
11  -6
14  -1
22  -4
20  0
18  3
21  -1
19  -5
17  -5
13  3
22  -8
18  5
19  -2
23  -1
24  -4
16  7
18  3
21  -1
25  1
21  1
23  2
17  -3
19  -1
17  -6
19  -3
19  -4
17  -6
25  3
17  -6
15  -7
15  -8
16  7
19  -1
16  6
20  0
22  -7
19  -1
22  -6
17  -2
20  4
11  -9
23  2
17  -5
19  -2
19  -1
25  2
13  3
18  6
21  2
14  -4
18  4
22  -8
16  5
22  -6
23  3
25  -1
21  2
20  1
21  0
12  4
16  3
20  3
17  -6
17  -4
19  -4
13  6
24  -4
23  3
19  -2
18  6
16  7
25  1
16  5
20  3
19  -3
19  -1
19  -1
21  1
20  3
16  7
14  -2
22  -7
18  4
16  6
14  -3
20  3
19  -5
18  5
12  4
22  -7
21  0
17  -3
18  5
11  -8
20  0
17  -2
21  2
20  1
15  -8
22  -4
22  -5
23  1
17  -4
20  3
23  2
19  -4
16  7
17  -3
20  3
19  -1
24  -3
18  5
17  -3
18  4
20  2
15  -6
17  -2
17  -4
27  -7
21  -1
16  7
22  -7
19  -3
23  1
16  6
24  -4
18  5
21  -1
17  -6
22  -5
25  -1
20  0
13  7
18  5
19  -4
21  0
19  -2
18  4
22  -6
18  6
21  -2
16  5
17  -4
15  -6
25  3
20  1
19  -5
16  4
22  -4
20  0
18  4
21  1
19  -3
18  6
15  -5
19  -1
20  0
14  -2
26  -3
21  2
23  -1
25  2
16  5
22  -7
13  5
21  1
17  -2
20  3
20  0
23  0
22  -6
12  7
17  -3
15  -8
20  2
23  -1
17  -5
24  -1
21  2
21  -2
20  3
15  -6
16  5
17  -5
20  4
16  7
19  -5
15  -5
21  1
17  -3
24  -2
18  4
24  -4
16  7
17  -4
22  -5
22  -7
18  2
20  4
18  3
21  2
19  -3
18  6
14  -1
22  -6
15  -5
15  -7
21  0
20  4
14  0
15  -6
16  5
12  8
19  -2
13  3
16  4
11  -8
17  -4
17  -6
23  -1
28  1
13  7
18  2
18  6
22  -4
17  -5
17  -5
20  3
17  -6
18  4
18  5
22  -8
17  -3
16  5
19  -1
17  -6
17  -4
21  -2
14  0
20  0
25  1
23  3
17  -2
13  7
19  -3
11  -6
17  -5
15  -6
16  6
11  -9
21  1
17  -4
21  1
23  0
19  -4
15  -5
25  1
18  2
17  -6
18  3
24  -2
25  2
23  -1
27  -9
16  7
19  -3
17  -6
21  -2
21  2
23  0
23  2
20  2
17  -3
20  3
16  6
16  7
20  1
23  2
24  -5
19  -3
18  2
19  -2
19  -2
15  -9
26  -3
19  -1
12  6
18  5
17  -4
15  -9
21  -2
9  3
15  -7
18  4
17  -3
25  1
20  3
19  -4
21  0
16  7
22  -7
20  2
22  -4
19  -3
17  -4
12  6
18  2
18  5
19  -4
17  -4
18  5
19  -4
22  -5
20  4
15  -8
21  -2
17  -5
21  -2
20  2
17  -4
19  -3
23  -1
10  1
17  -5
22  -4
14  -1
18  3
19  -5
24  -1
26  1
18  4
18  5
20  1
19  -5
21  2
26  1
16  5
22  -4
15  -5
18  4
19  -2
18  4
18  6
19  -3
26  0
20  4
20  4
14  0
13  6
21  2
23  1
21  2
20  1
19  -3
20  2
19  -5
20  2
14  -4
20  0
17  -3
18  6
22  -7
19  -4
20  2
16  4
18  2
20  4
15  -6
20  4
17  -2
11  -6
23  -1
17  -6
17  -3
15  -6
18  5
20  4
21  -2
23  0
19  -4
16  5
21  -2
17  -4
16  4
18  2
20  1
19  -1
22  -5
20  2
19  -5
19  -1
20  2
21  2
19  -2
20  0
18  6
15  -9
19  -2
22  -5
14  -1
21  2
21  1
18  6
21  2
20  4
23  2
22  -7
19  -5
20  2
21  -2
27  -6
18  5
19  -4
24  -3
27  -7
21  -1
16  3
18  6
19  -5
19  -4
17  -4
19  -2
26  -2
15  -6
21  -1
20  0
19  -4
16  4
22  -5
16  5
23  1
26  -2
17  -4
14  -3
17  -6
20  0
15  -9
22  -8
18  3
21  -2
17  -4
21  1
22  -6
20  2
19  -1
24  -3
23  2
23  2
21  0
20  4
19  -4
21  1
20  4
19  -2
16  7
22  -8
19  -2
20  4
21  1
20  4
17  -6
17  -5
21  0
21  1
21  0
16  5
20  0
17  -6
15  -8
21  1
15  -5
14  -2
18  6
18  2
19  -1
20  0
23  1
19  -3
17  -3
17  -4
18  5
17  -5
17  -5
22  -7
22  -4
15  -7
15  -7
18  5
20  0
23  1
19  -2
21  -2
18  2
18  5
19  -1
18  3
14  -3
11  -9
18  5
14  -3
16  7
16  4
17  -6
19  -1
21  2
23  2
20  0
18  6
23  -1
21  1
22  -5
22  -7
13  6
15  -8
22  -5
22  -4
20  4
21  2
19  -4
18  2
16  5
19  -4
17  -6
22  -7
17  -5
16  3
19  -3
25  0
14  -3
14  -3
14  -4
17  -6
17  -3
17  -2
18  3
14  -2
20  3
20  2
23  1
19  -3
20  2
19  -2
18  4
14  -4
16  4
18  3
20  2
14  -3
18  5
23  3
22  -6
14  0
17  -5
17  -2
17  -3
18  2
11  -9
20  0
21  -1
22  -4
21  -2
16  3
18  3
19  -4
21  1
17  -6
18  2
14  -3
17  -3
25  0
19  -2
18  5
18  4
20  3
17  -5
23  -1
19  -3
19  -1
16  7
24  -5
12  5
24  -4
17  -4
18  4
23  3
20  2
21  -2
20  0
20  3
21  -2
18  3
13  3
18  4
19  -2
21  -2
21  1
22  -6
20  1
20  0
22  -6
16  5
17  -5
19  -2
22  -4
20  4
22  -8
18  4
21  1
23  -1
20  0
22  -5
22  -5
14  0
13  7
15  -6
14  -1
15  -6
19  -1
25  0
17  -6
15  -7
17  -2
18  2
20  3
19  -5
20  0
17  -5
13  3
14  0
16  5
17  -2
18  4
23  0
11  -7
20  0
15  -5
17  -4
17  -3
19  -1
22  -8
19  -2
25  3
22  -7
22  -8
23  2
16  3
20  3
17  -4
18  4
30  0
20  2
22  -6
22  -5
14  -2
22  -8
18  3
15  -7
19  -2
18  4
17  -6
13  7
15  -5
10  3
19  -1
20  1
19  -4
20  3
17  -4
20  2
12  8
14  -1
20  4
19  -2
17  -6
23  3
17  -5
21  -1
16  7
22  -4
16  4
17  -6
17  -5
15  -7
18  2
12  7
18  6
17  -4
23  -1
17  -4
27  -7
17  -2
14  -1
20  1
17  -4
20  1
19  -2
18  5
21  -1
15  -5
15  -8
28  2
24  -1
19  -5
15  -6
18  4
17  -4
20  3
23  1
22  -7
23  2
22  -5
21  0
23  -1
20  1
19  -1
12  5
19  -4
20  4
17  -3
16  3
19  -3
14  -4
19  -2
12  8
19  -1
15  -6
19  -5
18  4
25  0
17  -3
18  6
22  -5
16  5
19  -1
21  2
22  -4
17  -6
19  -4
21  -2
14  0
18  6
16  6
20  4
23  0
17  -6
20  0
16  6
20  2
17  -2
19  -1
23  1
14  -4
18  2
17  -3
22  -8
20  3
20  1
18  3
18  3
18  3
28  4
21  1
18  3
18  2
25  2
19  -4
19  -1
23  0
19  -5
12  8
18  3
16  5
22  -5
21  0
19  -4
18  6
17  -6
18  4
14  -4
20  4
21  2
21  0
16  6
17  -3
16  4
20  1
18  6
20  1
23  3
16  3
13  6
23  3
16  6
16  7
21  2
19  -1
16  7
19  -2
20  1
18  2
21  -2
22  -7
17  -3
22  -6
24  -4
21  -2
16  5
23  2
21  2
21  2
23  0
18  3
21  -2
19  -4
15  -6
16  6
19  -2
20  4
19  -5
19  -2
24  -5
18  6
22  -7
16  7
22  -8
20  3
19  -3
18  6
21  -1
19  -1
19  -2
17  -3
17  -6
25  0
16  5
21  0
21  -1
19  -3
18  3
18  6
17  -2
17  -3
18  4
18  6
22  -7
17  -6
23  2
17  -6
16  7
15  -7
16  3
13  7
20  1
12  7
19  -2
25  0
23  0
13  4
19  -3
18  5
19  -4
26  0
18  6
15  -5
23  -1
15  -8
17  -3
22  -6
18  4
19  -1
23  -1
20  3
20  3
18  5
19  -4
22  -7
20  4
21  -1
19  -3
20  0
16  6
18  3
19  -5
20  3
23  2
18  4
18  3
22  -4
24  -3
20  1
17  -2
19  -3
