23  -4
29  -8
30  -2
23  4
23  -5
27  10
24  7
22  6
31  -1
27  9
28  -2
33  -9
31  2
33  3
26  0
28  -5
25  2
30  -10
32  6
26  1
25  1
26  -4
28  0
24  2
27  2
28  -6
32  -2
27  -2
29  0
24  7
30  -6
25  -2
29  -8
28  0
25  -1
26  6
29  -7
28  -7
30  -6
26  5
28  6
27  6
29  -4
28  3
28  0
30  -10
27  10
29  4
26  -2
33  0
27  3
32  5
27  2
27  5
28  -5
27  5
32  4
25  -1
24  9
25  -8
27  12
31  2
25  -1
25  2
30  -5
29  -3
26  4
26  6
26  -5
33  -8
27  2
28  -8
26  -1
24  3
29  -9
25  -12
30  -2
30  -1
27  4
29  -2
27  12
28  -6
23  2
25  0
28  2
29  -8
22  4
31  0
32  3
28  -3
30  -3
31  -1
27  5
31  -3
25  -1
28  -2
29  -6
28  -8
27  2
30  -11
28  4
31  -8
35  6
29  -3
25  -9
29  4
27  5
26  6
28  3
27  -2
32  0
32  -7
29  2
23  -5
29  -3
29  -3
24  12
28  -3
31  4
27  10
25  -3
24  8
22  9
26  0
31  4
23  3
25  -2
25  -10
28  -2
30  -7
28  3
32  2
24  12
26  3
28  -1
22  5
28  -6
28  -4
27  6
29  -4
27  2
27  6
26  -5
25  -6
27  10
27  12
31  1
29  -2
26  8
28  -4
29  4
29  -5
28  4
27  5
32  -1
31  1
29  -6
30  -4
29  -8
26  3
25  2
29  2
29  -7
27  8
32  1
25  -11
27  2
31  1
21  8
34  8
27  9
28  0
26  2
27  2
28  1
31  -5
33  -8
32  -4
24  -1
28  1
29  -4
28  3
29  -6
31  -1
27  3
33  -9
24  11
31  -3
29  0
27  10
27  1
25  2
26  -5
28  -1
32  4
28  -6
27  10
23  -2
30  -3
30  -8
25  -4
29  -10
21  7
27  10
23  -2
24  0
27  3
27  5
28  3
29  -8
30  3
30  -10
29  1
26  -3
31  -3
30  -3
24  7
32  -4
29  0
28  6
30  3
24  10
25  -10
26  7
28  -1
27  7
29  -2
27  8
26  7
28  -2
30  2
28  -5
26  5
30  -10
31  -1
31  -6
27  8
30  -11
28  -2
26  7
31  0
31  -5
28  -5
29  2
29  -1
27  0
28  3
27  11
26  2
27  10
23  -6
25  -5
26  3
26  7
28  -8
30  -4
27  2
27  8
24  2
27  5
24  -1
26  8
28  -2
27  11
23  -2
25  2
29  -8
28  6
26  -4
29  -7
27  10
29  4
30  -8
26  3
25  -9
25  0
26  2
27  1
26  0
23  -5
33  -1
27  0
31  3
26  2
32  -3
24  10
30  -6
32  -8
32  -7
24  5
28  -6
28  5
27  10
26  -4
30  0
26  -4
25  -4
27  0
28  -5
30  -7
33  -9
26  -6
28  -8
27  7
33  -4
25  -6
32  5
32  2
30  -3
30  -8
27  0
31  -9
30  -7
24  13
24  0
28  1
26  -5
29  -1
30  -9
29  -8
33  4
29  -3
25  -8
25  -7
26  3
24  5
27  5
21  -3
28  3
29  -2
30  3
24  4
26  -4
30  -1
29  -2
25  -8
29  -6
25  1
31  4
26  -2
30  -8
27  12
30  2
29  -6
26  7
31  -8
27  9
32  -7
29  1
26  -1
25  -4
29  -1
31  2
23  -3
26  -4
29  0
26  -5
29  -4
28  0
28  -3
30  -11
30  -8
29  -2
27  -1
31  -2
28  6
31  -7
33  -5
27  6
30  3
32  1
31  -5
30  -4
24  4
32  -4
26  6
27  7
25  -3
29  -1
28  -7
32  0
26  -4
28  -5
30  -7
27  2
24  0
29  -6
32  3
30  -7
27  11
29  -10
21  4
29  -4
29  -6
23  -8
27  3
28  1
27  2
29  2
28  -5
28  3
30  -11
25  -3
29  -7
28  2
31  2
26  0
29  -5
25  -12
28  5
28  2
30  -8
29  4
30  -5
28  4
25  -1
26  0
32  2
27  8
32  -1
27  7
29  -3
23  -6
25  -4
31  -10
29  -8
30  1
26  8
30  -9
23  -6
28  6
30  -9
30  -2
26  -6
26  3
25  1
25  -1
25  -9
31  -3
31  -2
26  6
27  8
28  5
29  -6
25  2
23  -2
30  -11
27  -2
29  -8
27  12
26  -6
27  4
26  2
31  3
26  -3
27  -1
27  -1
28  -6
26  -6
33  -7
27  3
21  -5
26  -2
27  11
26  1
26  6
25  -4
30  -1
28  0
28  -1
31  1
31  -7
27  9
27  8
24  2
31  -9
29  -7
25  -3
25  1
28  -5
29  2
24  9
26  -6
26  7
25  -1
27  3
25  -1
24  7
21  -3
28  2
34  0
28  3
25  -6
27  7
24  4
29  3
26  -5
26  0
32  5
26  3
30  -1
27  11
29  -7
26  6
26  -1
25  -2
29  2
32  -2
26  -5
27  1
30  1
24  -1
30  3
27  1
26  0
29  -2
25  0
26  -5
24  6
29  -10
25  -12
25  1
29  -10
28  -8
29  1
26  -2
25  -10
28  -1
23  -6
31  -5
27  6
28  -5
34  -1
31  -1
21  7
23  -10
33  -4
28  3
27  10
29  -7
32  -8
30  -4
24  -1
27  2
30  1
30  -3
29  2
26  3
28  1
30  3
28  -1
25  -2
26  4
31  3
27  -1
29  -8
27  7
31  -9
25  -1
28  3
25  2
28  -7
23  -8
23  4
30  -1
28  -8
25  -2
28  4
27  6
27  12
29  -7
30  -9
29  0
28  2
28  -2
25  -1
29  -1
26  0
30  -4
28  4
28  4
26  0
28  -8
24  0
27  12
28  2
29  -6
25  0
27  3
26  -5
27  6
30  -4
31  2
29  -2
24  0
27  -1
29  -1
30  -2
21  3
30  -10
23  4
25  2
28  -6
25  -11
28  5
30  3
25  -10
30  1
29  3
23  -7
25  -5
27  10
32  0
26  1
28  1
32  3
31  -2
29  -6
30  -4
32  -3
30  -10
27  5
26  5
26  1
31  -1
30  0
30  -4
28  -3
30  -8
25  -6
31  1
22  7
30  2
31  -6
29  0
32  -1
27  4
31  2
28  -7
28  -5
29  -5
30  -5
23  -7
28  -8
28  4
25  -3
26  -3
27  3
27  1
23  -1
27  8
27  9
27  10
27  5
27  1
28  -7
27  10
22  7
28  4
26  7
26  -3
27  11
30  -4
28  -1
28  -2
28  -2
30  -11
28  4
29  -4
30  -1
28  4
21  -4
25  -11
29  -8
24  -1
28  -4
30  2
27  8
27  11
30  -8
27  12
28  -4
28  -1
32  -1
25  -2
23  0
29  -2
29  -2
30  3
23  2
26  1
25  -3
29  3
29  -5
29  -4
30  -10
24  12
30  -10
33  2
28  6
26  2
31  1
27  3
28  -6
25  -8
27  7
27  10
26  -3
29  4
24  13
25  -5
21  6
27  2
29  -2
27  7
27  12
31  -9
24  13
31  1
28  -1
23  -4
30  1
29  0
25  -10
24  5
26  4
26  8
34  6
26  -4
22  9
30  -6
27  3
28  -1
24  0
27  10
30  -6
25  -3
29  -1
23  0
29  -6
26  -4
27  3
29  -5
25  -6
26  7
31  -1
26  4
25  -10
29  -2
27  8
22  -1
27  3
27  -1
27  6
30  3
27  11
24  10
29  -1
22  10
30  -3
25  -6
25  0
26  -3
29  -8
22  4
28  -5
24  6
27  10
22  4
27  3
28  0
29  4
24  0
29  3
31  -7
31  -8
26  3
26  1
25  -2
29  4
28  -3
23  -4
31  -3
25  -2
28  4
30  -7
31  -3
26  4
31  4
27  1
26  7
31  -7
31  -3
25  -8
28  -3
24  3
25  -4
28  -5
26  2
27  -2
23  -3
31  -10
30  -5
29  -4
30  -5
27  3
29  3
29  -2
32  -2
24  2
27  -1
26  4
24  4
29  -9
25  -12
28  6
27  11
27  12
28  -6
29  2
31  -6
26  2
27  5
34  3
27  1
28  -1
26  -6
32  -8
31  -5
24  11
26  4
32  6
31  -5
28  -2
24  10
25  1
29  -9
27  11
29  -8
25  -7
23  -10
28  -3
28  3
32  -2
30  -2
28  4
27  -2
29  -8
31  3
27  -2
27  5
27  10
31  -7
26  -2
27  7
29  -3
31  3
28  -7
29  -3
26  -1
33  -6
25  -8
25  -12
24  0
27  -1
25  -2
25  -8
22  4
27  7
30  -1
26  -2
30  -2
26  -6
28  4
31  0
26  3
22  8
32  1
28  -8
28  2
33  -3
22  -2
29  -6
24  0
25  -7
28  4
30  2
32  -7
26  -6
27  5
30  -1
28  0
26  4
24  9
23  2
27  3
23  -2
26  -3
28  -8
28  -4
25  -5
27  -1
29  4
24  4
27  0
33  2
28  3
28  -1
30  -3
27  7
25  -12
29  -9
28  -4
29  1
26  -4
29  1
29  1
28  1
26  -6
25  -6
29  -6
28  -8
26  5
30  3
27  11
30  -2
30  -8
31  1
28  -5
27  -2
33  3
29  -3
28  -7
30  -2
29  -3
26  4
28  4
26  -2
26  2
31  4
30  -10
33  -5
31  -7
26  7
30  1
27  2
32  -5
26  8
26  5
25  -5
31  -1
31  3
30  -9
29  -8
27  7
25  -12
29  2
26  -1
25  -11
27  10
32  -5
30  -6
30  -11
30  3
27  -2
28  -7
26  0
25  2
25  -7
22  1
29  -10
31  -4
28  -6
33  -9
31  -1
25  -12
30  -2
28  -7
27  4
19  1
27  11
28  -8
27  5
26  5
21  0
34  2
28  1
32  -1
31  -7
25  -7
28  5
23  2
28  6
27  8
23  0
31  1
27  9
31  -4
28  4
25  -1
