22  6
23  -6
24  -7
23  -7
24  -6
26  -7
23  -2
19  10
25  1
16  1
22  5
21  5
25  2
24  -7
24  -2
24  -6
20  4
23  -4
27  -5
26  -1
18  0
23  -1
24  -2
26  -7
25  4
23  -7
23  -8
20  -2
24  -1
24  -1
23  -3
25  5
21  4
22  3
25  7
26  0
23  -6
21  3
27  -5
24  -4
26  -5
21  6
22  9
24  -1
22  11
22  3
23  -4
25  4
26  -6
23  -4
24  -6
23  -4
21  3
22  9
22  4
23  -6
24  -5
24  -6
27  -5
23  -6
23  -8
24  -1
23  -4
22  3
22  11
20  1
22  5
25  9
17  -5
23  -7
24  -8
24  -2
24  -8
23  -1
22  11
23  -4
24  -3
23  -9
23  -1
22  6
23  -7
26  -2
24  -7
27  -4
24  -4
20  4
24  -2
24  -7
23  -5
22  8
20  4
26  -5
18  -1
18  -2
22  3
26  0
19  9
27  0
24  -8
22  4
22  10
20  -1
25  6
24  -3
23  -5
24  -3
24  -3
23  -4
21  11
24  -5
20  -2
24  -1
21  11
22  7
22  10
22  3
20  3
23  -9
23  -2
27  -7
20  2
25  6
25  4
24  -2
23  -4
24  -4
23  -7
21  10
22  9
27  -1
25  2
24  -7
27  -1
24  0
23  -2
21  4
19  6
21  6
21  4
23  -8
24  -6
23  -4
23  -4
24  -7
23  -4
20  -4
20  0
20  3
21  4
24  -1
24  -8
22  9
19  10
23  -7
18  -4
21  3
21  8
20  4
21  8
21  5
25  7
24  -6
22  6
22  7
22  9
22  10
22  11
27  -7
23  -8
23  -6
22  6
20  -3
24  -6
25  5
24  -3
24  -4
25  9
25  7
26  0
22  5
23  -7
23  -8
23  -4
21  5
25  9
22  3
23  -4
19  9
25  3
25  8
22  5
24  -4
21  9
23  -1
27  -1
27  -3
23  -4
21  4
25  9
19  5
21  6
24  -8
23  -9
26  -7
23  -1
25  7
24  -2
21  5
24  -3
27  -5
26  -3
25  4
21  11
23  -4
21  9
27  -5
24  -1
21  5
20  1
25  6
22  9
25  7
23  -6
16  0
23  -6
23  -4
22  7
20  -4
28  1
23  -1
22  3
21  5
23  -5
24  -8
23  -8
23  -7
26  -2
22  5
23  -5
22  10
24  -3
23  -5
22  11
24  -7
21  4
22  7
26  0
21  5
23  -8
24  -7
21  10
21  8
21  4
26  -4
24  -8
23  -2
26  -7
22  7
20  4
20  0
22  4
24  -5
27  -4
24  -3
23  -4
22  8
23  -6
22  8
26  -1
24  0
21  4
17  -3
23  -5
21  10
24  -4
25  1
23  -4
23  -8
22  6
22  5
23  -5
26  0
24  0
23  -9
25  6
21  6
24  -4
24  -1
20  1
23  -2
23  -8
22  10
28  -4
24  -4
24  -1
25  5
24  -8
24  0
18  -5
23  -8
26  -7
25  1
21  3
22  5
25  8
21  9
22  10
23  -1
21  3
24  -5
20  1
19  6
23  -1
24  -4
24  -2
23  -4
22  6
22  6
23  -4
24  0
23  -2
21  10
19  7
24  -5
19  2
21  5
19  10
22  5
22  10
24  0
19  10
22  11
20  -4
25  4
20  -2
19  7
23  -1
27  -1
23  -1
24  -2
25  4
23  -2
20  0
21  8
23  -4
25  6
22  5
24  -3
21  7
25  6
22  5
22  10
27  -3
25  8
24  -2
21  4
21  8
25  5
22  4
24  -2
23  -4
21  5
25  7
23  -9
25  9
25  5
24  -3
22  8
19  2
26  -5
26  -1
22  9
23  -9
23  -2
19  2
26  -8
18  -5
20  2
21  4
22  4
27  -7
23  -1
25  4
26  -6
24  -6
22  9
26  -1
21  7
26  -6
22  9
20  1
25  6
27  -3
20  0
22  5
20  0
21  5
23  -7
23  -6
26  -3
24  -7
21  7
21  3
20  1
24  0
23  -2
20  -2
24  -5
25  6
22  5
24  -6
19  8
24  -4
25  4
21  3
23  -4
24  -4
25  4
20  -3
21  10
23  -2
22  3
24  0
22  4
23  -6
23  -4
20  -4
22  5
24  -3
24  0
21  3
22  5
23  -6
25  4
23  -9
23  -7
24  0
25  2
22  9
25  3
20  -3
22  4
25  7
23  -1
24  -5
26  -4
22  9
21  4
27  -2
24  -8
22  4
23  -1
22  5
24  -6
24  -4
23  -8
23  -1
22  6
25  3
21  4
23  -4
20  1
24  -8
23  -7
26  -3
23  -3
21  9
25  2
24  -8
23  -7
25  3
20  0
22  9
22  4
19  4
25  2
24  -8
26  -8
20  -1
21  5
21  6
20  0
24  -8
23  -1
20  4
24  -1
25  8
23  -5
20  0
24  -7
23  -1
24  -7
28  -6
20  3
16  -1
24  -4
18  0
23  -7
22  3
25  4
26  -2
23  -9
25  1
24  -3
22  11
24  -1
20  -3
21  7
26  -7
25  3
21  3
25  4
18  1
23  -2
25  5
21  7
23  -1
22  5
21  3
22  6
22  8
26  -4
21  9
19  7
25  9
20  0
24  -2
21  4
22  11
22  8
25  8
23  -9
19  4
23  -2
19  8
27  -5
24  -7
20  4
22  11
23  -6
23  -3
24  -6
21  3
22  7
22  4
25  2
20  -1
21  5
25  2
21  5
23  -9
24  -2
24  -1
25  7
22  4
26  -6
26  -7
21  8
21  11
23  -2
21  7
25  9
24  0
20  1
24  -1
24  0
21  10
24  -7
19  3
25  9
25  2
22  9
24  -1
23  -1
25  7
27  -5
21  7
21  9
22  8
24  -6
22  10
24  -4
25  5
22  9
26  0
18  -5
23  -7
19  2
23  -5
23  -1
22  10
25  1
17  3
26  -5
24  -5
25  9
19  8
21  9
23  -9
23  -4
19  2
26  -3
19  5
24  -2
19  5
20  1
24  -2
26  -1
24  -5
24  -6
25  2
23  -1
26  -3
22  10
26  -1
22  4
20  -4
23  -2
25  3
21  9
24  -3
19  7
18  -6
23  -8
24  -5
22  8
19  7
23  -3
23  -5
19  2
24  -7
21  8
19  10
20  1
27  -6
20  0
24  -8
23  -9
19  2
26  -8
24  -8
22  4
24  -5
23  -6
25  3
28  0
19  2
24  -4
25  6
22  9
28  0
20  -3
25  7
23  -3
23  -8
22  9
17  2
22  5
19  6
26  -4
24  -7
24  -1
19  7
24  -8
23  -1
23  -1
23  -1
19  2
22  11
24  -5
21  9
21  7
26  -2
24  -1
23  -4
24  -3
23  -9
22  6
22  5
24  0
25  6
22  4
22  4
23  -9
24  -2
20  3
21  6
23  -8
23  -7
21  3
23  -2
26  -1
24  -8
27  -5
22  11
22  9
22  7
18  -5
26  -7
19  2
21  4
24  -1
22  8
19  7
22  3
21  6
24  0
24  -4
19  9
23  -1
22  7
24  -4
25  6
17  -3
22  4
21  10
23  -3
23  -6
22  11
23  -9
23  -4
21  6
19  3
22  8
19  9
25  5
21  11
21  8
19  3
23  -3
23  -1
18  -6
23  -7
19  3
24  0
24  -5
20  4
28  -1
24  0
27  -4
23  -9
21  9
24  -6
22  7
23  -6
24  -7
24  -7
22  3
27  -1
27  0
21  11
25  4
25  8
21  11
23  -7
23  -3
23  -8
26  -8
25  3
21  3
24  -3
25  6
25  8
24  0
22  9
23  -7
20  -1
24  -1
23  -5
24  -4
21  10
21  5
20  -2
24  -2
24  -5
26  -2
24  -8
25  4
21  8
24  -2
20  -1
23  -8
21  6
21  10
23  -3
19  6
20  0
23  -8
21  11
21  11
18  -4
24  0
23  -2
21  6
23  -7
20  -2
25  7
24  -4
24  -4
25  9
19  5
21  5
20  -1
21  5
21  6
23  -7
23  -6
22  11
26  -5
19  9
23  -9
24  -8
19  8
23  -1
22  5
24  0
25  6
23  -6
25  7
22  8
26  0
24  -7
20  3
22  3
21  10
23  -3
26  -3
20  -4
22  3
20  4
20  4
23  -5
23  -5
27  0
18  -1
21  8
25  2
22  9
20  1
26  -8
20  -1
22  3
26  -2
25  1
24  -6
23  -3
20  4
22  7
23  -1
24  -3
22  10
22  6
24  -7
20  1
20  -2
21  6
24  -7
22  9
21  4
21  5
21  5
24  -2
22  10
22  5
23  -5
21  6
25  4
24  -3
23  -6
23  -5
23  -4
22  5
16  2
23  -4
22  4
24  -1
21  10
22  11
24  -2
25  5
27  -5
22  11
21  5
23  -5
24  -5
23  -8
21  10
22  3
24  -3
23  -9
23  -8
26  -7
20  -4
23  -4
20  2
25  6
23  -4
22  7
24  0
22  8
24  -6
21  3
22  3
22  5
22  5
23  -3
19  8
18  -5
19  8
18  1
24  -4
25  7
22  6
25  1
25  4
19  2
20  -1
21  4
18  -1
27  0
21  7
22  11
25  7
20  3
23  -3
20  1
23  -1
25  8
21  4
26  -3
22  10
25  7
24  0
24  -6
21  4
26  -8
21  6
22  3
23  -9
22  4
22  6
22  11
25  4
21  6
23  -9
20  -1
21  10
24  -2
22  10
23  -7
22  10
22  3
23  -4
22  4
23  -1
21  5
20  1
22  6
25  7
21  9
22  6
25  2
27  -1
22  6
23  -7
24  -6
23  -8
24  -3
25  7
22  3
22  9
23  -8
22  11
20  -3
26  -7
25  9
21  5
22  3
26  -5
24  -3
23  -7
18  -5
24  -4
24  -8
26  -4
27  -8
24  -3
25  1
23  -4
24  -8
22  9
21  5
26  -6
28  -4
26  -2
18  -7
21  7
20  -2
25  2
24  0
