8  6
7  -9
8  3
12  2
7  -8
12  -1
7  -5
5  -2
12  10
7  -10
8  2
5  -9
10  -1
11  10
5  -8
9  -10
11  10
11  2
8  -2
10  -5
11  -1
9  -11
8  -2
10  -5
12  0
12  2
8  9
10  -2
11  8
9  -2
7  -8
13  -5
8  10
9  -7
12  0
8  5
10  -12
14  -6
8  0
11  -1
7  -7
10  -2
8  10
8  0
12  3
12  3
11  8
11  1
12  8
7  -11
7  -4
8  2
11  -2
11  10
7  -2
7  -10
12  7
11  7
10  -3
14  -3
11  1
7  -3
9  1
9  -6
8  -1
11  1
8  10
8  -2
8  1
9  -7
6  -4
6  -9
10  -10
11  1
10  -13
6  3
4  -7
6  -3
10  -3
8  6
8  -1
11  5
9  1
7  -7
11  8
11  -2
13  5
9  -6
8  9
11  -2
11  1
12  3
10  -10
8  9
12  7
9  -7
12  -2
6  0
8  8
9  -1
7  -5
10  -4
6  -4
6  -5
8  9
6  -9
8  1
6  1
9  -7
13  -3
6  1
7  -9
9  -2
10  -7
7  0
9  1
10  -2
10  -8
10  -10
6  -3
7  -7
11  4
9  -1
9  -2
13  -5
12  5
9  -10
9  -2
9  -3
8  4
13  -1
13  4
12  0
7  -3
14  0
13  2
6  -4
7  -12
7  -1
11  6
11  8
11  9
8  9
9  -11
7  -12
8  4
11  9
11  8
10  -10
11  10
12  9
9  0
9  -11
8  1
11  7
10  -4
6  -2
11  4
11  9
6  -4
8  0
8  9
7  -5
6  -4
9  -6
7  -3
10  -13
11  9
8  3
8  -2
8  5
12  -2
13  0
10  -2
9  -5
7  -5
8  2
12  9
12  7
10  -13
8  7
10  -5
9  -4
7  -10
8  5
11  10
7  -2
9  -11
10  -6
14  -8
8  3
9  1
11  7
8  5
9  -3
12  -1
11  0
10  -9
9  -3
8  3
9  -10
11  9
9  -6
11  7
6  0
13  -6
7  -4
11  10
12  -2
12  10
9  0
7  -12
7  -4
5  0
7  -9
7  0
11  9
8  -1
9  -6
10  -12
8  -2
9  -9
8  8
11  6
10  -6
9  -9
11  1
6  -7
11  2
8  3
10  -4
7  -4
13  -2
8  3
10  -8
10  -7
10  -4
10  -8
8  5
8  -2
8  5
6  -5
11  -1
9  -7
11  7
10  -4
7  -1
10  -2
7  -7
10  -13
10  -2
11  -2
8  6
14  -7
7  -11
10  -13
11  6
12  -1
14  2
9  1
6  -3
7  -4
14  1
7  -10
10  -4
10  -3
7  -2
7  -7
11  3
11  2
8  4
7  -1
6  1
10  -6
9  -7
10  -6
8  3
8  0
8  6
9  1
7  -5
9  -5
10  -12
7  -8
6  -3
7  -5
16  1
9  0
8  9
12  2
11  7
13  6
9  -2
8  1
11  6
10  -3
13  -2
12  4
9  -6
8  5
10  -3
9  -6
10  -5
12  5
7  0
6  -1
8  4
6  -4
12  8
8  -1
8  8
4  -8
10  -9
10  -1
10  -12
13  -1
8  6
8  0
11  0
7  -12
10  -11
11  1
6  -8
10  -4
9  1
9  -9
11  1
10  -9
8  7
8  1
5  1
7  -8
14  -3
6  -5
9  -2
7  -4
13  -1
7  -2
10  -1
10  -12
12  5
13  -5
12  3
11  3
11  9
8  3
9  -11
6  -6
10  -5
9  1
11  2
11  6
8  -1
6  -9
10  -13
8  8
8  10
9  -3
9  -11
10  -7
11  3
9  -7
7  -2
9  0
7  -6
12  8
9  -8
11  7
14  -9
9  -6
10  -10
9  -8
11  4
8  6
7  -11
9  -7
5  -8
11  8
12  -1
12  8
5  0
12  8
10  -6
11  7
10  -4
8  -1
7  -11
10  -5
6  0
6  -1
8  -1
8  10
7  -5
10  -10
12  -2
13  -3
9  -5
10  -2
11  1
9  -7
13  -3
12  9
9  -11
6  -3
10  -12
7  -5
8  -2
8  5
7  -1
8  -2
7  -8
11  4
9  0
6  1
7  -5
11  2
7  0
10  -8
9  0
10  -5
9  0
9  -9
9  -3
9  -4
10  -10
11  2
8  7
9  -6
12  9
14  1
9  1
12  1
5  -1
9  -11
14  0
9  -9
12  0
8  5
9  -10
7  -6
11  3
7  -4
12  3
13  6
12  6
7  -7
9  -5
10  -4
13  3
10  -12
12  -1
7  -6
10  -3
11  9
7  -12
10  -2
12  -2
11  -2
7  -10
8  3
7  -10
11  0
9  -3
9  -2
10  -10
10  -6
11  7
10  -12
9  0
7  -9
10  -13
6  -6
10  -5
11  8
7  -11
9  -7
11  6
10  -1
11  -2
9  -11
8  -1
11  4
9  1
10  -11
9  -5
10  -13
8  -1
11  -2
7  0
9  -11
10  -10
5  -8
11  -1
7  -3
11  1
7  -2
9  1
13  -6
11  2
7  -10
12  5
11  9
13  5
10  -7
5  -10
12  1
10  -10
7  -10
8  0
9  -4
13  -4
10  -8
8  9
11  6
8  1
9  -10
10  -10
9  -6
10  -12
10  -1
11  1
8  7
7  -6
7  0
8  10
9  0
7  -8
10  -5
8  10
10  -7
10  -6
7  -2
8  4
6  1
8  10
11  1
9  -7
10  -11
6  -4
9  -11
6  -9
14  1
9  -2
8  1
10  -7
8  2
7  -6
14  -6
11  10
10  -1
7  -1
7  -2
10  -1
8  3
12  2
11  2
12  3
6  -4
9  -7
10  -3
9  -5
15  -3
10  -5
11  7
11  -2
10  -8
11  7
11  -2
5  -6
8  8
4  -2
10  -8
11  6
9  -8
13  6
10  -9
10  -1
10  -7
5  -1
10  -13
8  8
10  -13
9  -2
14  -8
11  -2
6  -5
13  -2
10  -9
12  -1
5  -6
10  -6
9  1
9  -2
13  5
8  7
7  0
7  -6
9  -4
11  3
11  8
12  1
10  -6
12  5
14  -1
10  -3
9  0
11  -1
10  -9
9  0
11  4
7  -9
6  -4
9  -5
7  -3
11  4
8  4
11  5
6  -9
9  -10
9  -9
9  1
8  5
7  -11
11  2
12  0
10  -7
11  2
11  -1
9  -8
12  1
7  -12
9  -4
9  -2
6  -9
9  -10
15  -5
9  -5
10  -8
11  9
11  5
11  -2
11  9
8  2
7  0
11  5
10  -13
14  -9
6  -7
8  7
9  -5
13  5
11  5
6  -3
9  -7
12  8
14  0
8  10
10  -13
10  -8
8  9
7  -2
8  -2
7  0
10  -7
7  -3
9  -2
11  6
7  -11
8  1
8  9
13  -2
7  -1
7  -3
9  0
12  7
10  -9
7  -5
7  -3
8  3
10  -9
10  -2
7  -1
8  3
6  0
9  -5
11  4
9  0
8  -1
12  3
10  -7
6  0
5  -8
9  -1
11  9
8  10
8  0
9  -5
10  -3
8  3
8  2
10  -1
12  3
10  -1
8  -2
8  9
8  3
9  0
8  -2
8  5
11  -1
8  7
9  1
13  6
13  4
6  0
11  -2
12  2
10  -7
14  -1
9  -11
12  8
8  6
14  -2
10  -11
9  -4
9  -9
9  -2
12  4
10  -8
10  -11
10  -10
10  -8
14  -3
7  -8
12  7
8  3
7  -5
8  1
7  -9
8  0
10  -9
12  6
10  -13
12  10
12  3
9  -8
8  2
8  1
13  5
8  7
8  0
12  2
12  -1
11  1
10  -7
11  4
9  -5
11  4
8  -2
12  -2
7  -7
10  -5
9  -6
11  2
6  -2
7  -6
13  4
10  -10
10  -10
8  -1
9  -4
10  -7
11  5
8  3
12  10
10  -5
8  0
9  1
7  -4
12  1
8  5
5  -8
10  -8
10  -1
9  0
10  -6
6  -5
7  -2
7  -9
9  1
9  -9
9  -5
7  -1
9  -10
8  8
9  -2
12  8
9  -5
15  1
10  -1
7  -3
6  -7
8  5
11  1
10  -2
10  -1
8  0
8  4
11  6
7  -9
8  1
11  7
13  0
8  9
8  -2
9  -10
3  -1
7  -3
10  -9
10  -5
11  5
10  -3
9  -7
7  -1
7  -9
7  -12
10  -7
10  -1
12  -1
10  -7
7  -2
9  -7
12  10
7  0
11  6
8  8
10  -12
6  1
10  -2
8  9
10  -6
8  5
7  -2
14  -1
7  -10
10  -6
7  -10
9  -11
11  2
12  -1
8  5
9  0
8  2
7  -7
11  0
8  2
8  8
12  2
11  8
7  -10
7  -3
5  -1
12  3
14  -1
12  6
9  -11
10  -4
9  -6
5  -1
7  -5
10  -10
8  7
8  10
10  -4
13  1
9  0
10  -5
7  -6
10  -9
9  -1
10  -5
11  7
13  4
11  4
12  3
5  -3
10  -1
4  -1
10  -5
7  -12
10  -6
10  -9
12  5
7  -5
6  -9
10  -5
8  10
9  -9
6  -2
12  0
13  -2
7  -3
10  -1
13  3
14  -7
7  -6
9  -4
11  8
8  0
13  -5
9  -1
11  9
8  -2
9  -6
7  -6
9  -3
10  -6
8  0
8  8
9  -11
10  -4
11  1
5  -7
9  -6
7  -3
10  -6
8  2
6  0
9  0
13  -3
9  -6
9  1
9  -2
9  0
12  4
12  7
9  -1
11  0
8  1
7  -2
10  -12
8  3
12  3
12  7
10  -9
12  -1
10  -8
9  -6
7  -2
6  0
9  1
6  -4
9  -5
7  -3
8  10
9  -3
9  -5
8  3
13  -1
14  -4
10  -8
7  0
10  -2
7  -7
5  -5
10  -3
6  -6
13  0
9  -4
12  3
12  8
9  -1
12  8
7  -2
9  -2
11  -2
12  2
10  -11
9  -6
10  -9
8  7
8  3
11  9
3  0
9  -3
8  1
11  10
10  -2
9  -2
14  -3
8  9
9  -1
10  -13
10  -10
10  -10
9  -3
8  5
5  -1
12  -1
8  1
