19  2
18  4
19  0
20  -3
19  -1
17  12
18  12
22  3
14  -9
16  7
20  -2
15  3
14  -11
13  0
22  -1
18  7
17  6
26  -9
20  -11
22  -6
15  8
19  -5
18  11
18  10
24  -2
15  7
16  2
16  13
17  3
21  -6
21  -3
21  -5
12  2
16  1
21  -10
20  -5
16  7
19  -2
16  6
22  -4
16  12
21  2
14  0
19  -6
21  -8
16  6
11  -6
19  -10
18  1
11  -5
17  4
24  -9
18  5
19  -6
16  2
15  5
22  -2
18  3
19  -9
22  1
19  2
17  4
15  2
22  1
18  0
17  4
21  -4
14  -10
21  2
16  5
17  11
18  11
20  -10
19  -1
18  7
14  -8
15  6
16  2
16  10
15  11
16  7
20  -9
18  0
21  -1
17  4
13  -8
12  4
15  6
17  11
18  7
19  1
25  -9
21  -6
14  -8
20  -7
17  12
17  7
19  0
17  2
21  -6
6  -9
23  11
17  5
19  -10
18  9
19  -3
15  6
19  -9
18  4
20  -8
20  -10
16  2
16  8
19  -7
13  -1
21  -8
16  1
14  1
15  7
14  -1
22  0
18  12
18  1
16  10
16  13
18  0
14  -2
17  12
17  2
20  -1
17  10
20  1
18  6
15  1
18  4
16  10
14  -3
23  3
18  6
22  -7
14  -7
20  -4
13  -9
15  4
15  2
12  11
19  -6
17  10
21  -10
15  13
15  2
15  7
19  -10
19  -3
19  0
12  0
22  0
18  11
18  9
19  0
17  6
19  -10
19  -6
16  11
14  -10
14  -9
18  0
17  4
14  -10
18  5
16  13
19  -3
18  2
15  12
14  -10
17  12
23  2
22  1
16  5
17  8
11  -3
20  0
17  4
15  1
12  4
12  2
18  5
21  -2
19  -4
24  -5
19  -6
17  1
21  -7
17  8
13  -4
18  12
15  1
19  -3
10  4
17  3
19  -5
14  -3
13  -3
21  1
19  -5
16  8
17  10
14  -4
15  13
19  -8
15  5
18  7
19  -9
17  10
17  6
21  2
19  -6
19  -8
15  5
20  -6
23  11
11  -1
14  -9
22  2
13  -9
23  12
14  0
16  7
22  -5
14  -2
19  -9
15  8
19  -3
16  4
20  -11
20  -7
19  -5
12  10
18  0
20  -2
19  -5
14  -1
16  7
22  2
14  -2
18  7
18  9
15  8
16  1
24  -3
19  -10
18  2
20  -9
17  13
20  -1
22  -6
19  -8
24  -9
16  9
14  -7
17  13
20  -6
17  7
16  5
16  5
28  -2
19  -4
13  -1
17  5
17  4
14  -7
20  1
14  -6
17  13
17  1
18  3
17  3
16  13
20  -9
14  0
17  5
12  6
20  -11
17  8
14  -1
19  -1
15  3
16  4
17  3
23  12
14  -5
16  10
19  -5
20  -2
15  6
21  -4
20  -9
18  7
19  -5
20  -7
18  5
14  1
17  4
20  -11
18  9
17  7
22  -1
15  13
21  0
19  0
18  6
15  2
21  -8
18  11
17  1
16  5
24  -4
18  0
15  2
20  -5
20  -11
14  -1
18  9
14  0
21  2
13  -10
22  -7
17  4
17  12
12  2
22  3
10  0
21  -6
19  -8
18  8
17  10
15  2
12  10
19  0
14  0
10  0
18  12
15  8
17  7
16  10
17  8
18  7
18  7
21  -6
15  7
20  -6
13  -2
20  -2
17  3
20  -2
17  4
15  3
19  -7
18  3
20  -8
17  4
16  1
13  -5
24  -1
18  7
20  -1
13  -11
18  7
23  5
17  10
17  11
15  5
19  -7
16  7
16  9
16  9
19  -6
18  10
22  -2
16  7
20  -4
17  5
11  3
22  -5
21  -10
18  0
20  -6
17  3
18  4
22  -2
17  8
19  -3
17  10
15  6
18  2
16  12
21  -8
18  9
13  -9
20  -2
23  6
13  -1
14  -3
17  13
14  -9
16  11
19  -2
18  0
19  -6
18  1
19  -10
17  4
19  1
15  10
20  -1
16  13
21  -5
11  4
18  12
13  -6
12  11
18  1
17  12
16  3
20  -7
21  -1
24  -8
17  5
14  -4
13  -6
12  10
17  6
19  0
16  2
24  -5
18  0
11  -8
17  7
17  11
17  2
18  1
20  -6
20  -7
15  2
19  -2
22  0
15  10
21  -7
17  13
16  1
19  -10
20  -6
17  5
16  1
14  -6
16  10
16  6
18  9
20  -1
26  -5
13  -5
17  10
17  3
17  3
19  -2
17  2
13  1
14  -11
15  5
16  4
17  1
19  -10
18  5
23  8
21  -5
23  3
21  1
16  11
17  12
21  -2
15  1
16  6
15  7
20  0
21  -10
17  12
16  11
16  2
20  -6
18  2
18  11
14  -7
18  8
16  8
17  8
18  3
14  -8
20  -2
16  8
18  3
13  -1
17  11
15  13
21  1
18  0
19  -1
15  13
24  -10
17  10
15  7
15  9
15  5
23  4
22  -3
15  13
17  3
21  -5
17  13
15  9
20  -7
17  11
20  -9
14  -8
19  -3
15  8
18  2
15  2
15  1
15  12
22  0
20  -2
18  1
19  -1
13  0
14  -7
18  7
21  -10
19  -5
15  13
18  10
26  0
19  -6
14  -4
21  -3
19  -9
13  -4
11  -4
18  5
18  10
20  -3
18  0
16  12
12  9
19  -7
13  -11
19  -1
22  -5
17  3
17  11
23  5
17  6
18  10
18  10
19  -6
15  6
13  -11
15  5
19  1
16  5
16  13
17  12
17  7
15  3
15  8
20  0
23  13
18  1
17  12
18  8
22  -4
18  4
17  10
13  -10
15  11
18  6
19  -5
22  1
16  5
14  1
24  -1
17  13
17  6
22  -2
19  -10
19  -10
17  6
20  -10
17  12
21  -10
17  2
21  -6
14  -1
14  -9
21  -4
21  0
20  -5
18  1
19  -8
18  12
22  -3
18  10
21  -4
16  1
20  -3
17  13
18  9
20  -6
23  8
15  4
19  0
15  9
14  -5
14  -5
17  12
16  2
20  -8
12  4
20  -9
15  11
18  11
15  4
15  13
21  1
18  7
19  -4
21  -7
17  10
15  8
14  -5
16  2
18  4
15  11
20  0
23  3
16  12
20  -7
18  0
17  1
14  1
17  6
15  7
15  2
22  -5
18  10
19  -6
12  4
22  5
16  12
21  -7
25  -4
16  10
16  6
23  1
13  -11
18  6
19  -8
17  10
17  10
17  8
22  -7
16  10
12  11
11  1
18  4
14  -7
15  13
19  -3
17  2
15  4
18  9
20  -2
18  11
20  -4
22  -1
19  -3
17  10
17  11
19  -4
16  1
14  -2
17  11
20  -5
16  3
20  -7
14  -10
21  1
13  -4
14  -11
17  8
22  -2
20  -3
21  -10
16  10
18  10
18  1
17  6
19  0
19  1
19  -3
19  0
22  5
17  13
21  -7
12  8
14  -11
16  12
13  -1
21  2
18  0
17  13
14  -3
19  -6
14  -3
17  6
19  -6
24  -8
20  -8
20  1
22  -3
16  10
17  11
19  -5
18  2
16  7
17  4
21  -3
11  1
18  8
11  -4
19  0
22  0
16  1
12  0
16  1
20  -3
18  8
16  1
17  9
15  3
20  -3
13  -9
19  -1
12  8
20  0
12  5
18  2
10  -4
18  11
18  7
18  7
15  6
15  11
19  -8
18  7
20  -7
12  7
16  3
17  11
21  -3
12  7
17  11
19  -7
20  0
19  -5
15  11
15  3
14  -8
15  1
20  -10
14  -5
16  1
16  7
15  3
21  0
19  -2
17  4
15  4
16  8
18  3
18  9
20  -11
20  -6
19  -4
14  -1
14  -8
21  -3
23  9
18  0
14  1
17  7
18  9
21  -3
20  0
16  11
19  -5
19  -2
17  13
17  2
15  8
20  -7
17  11
17  1
22  -6
18  10
16  13
19  -3
20  -6
22  -7
17  10
21  -4
23  10
17  8
17  5
22  -7
18  10
17  11
21  2
15  3
15  5
18  1
17  5
20  -3
19  1
17  2
17  8
14  -3
19  -7
17  8
20  -10
17  3
15  1
18  8
16  10
16  6
18  9
14  -2
21  -7
15  5
18  8
16  6
19  -5
14  -6
23  6
16  7
19  -10
17  5
16  8
16  1
21  -8
16  2
17  6
18  4
18  11
21  -6
11  -4
18  9
16  8
15  8
20  -2
18  1
17  6
18  3
20  -5
15  12
16  11
19  -8
20  -5
16  12
24  -10
16  2
20  -3
16  9
18  8
16  12
13  0
23  7
20  -8
22  -1
20  -4
18  3
15  6
20  -2
23  13
20  -9
17  12
21  -9
20  -7
12  8
22  -3
22  1
13  -8
15  6
17  8
17  7
13  -5
17  5
17  7
13  -6
19  -8
16  11
16  10
21  -2
14  -4
17  3
18  5
16  4
16  2
22  5
21  -7
13  1
22  -5
21  -3
17  8
16  2
20  -4
19  -6
15  6
18  12
17  12
18  3
13  -10
21  0
18  7
20  0
20  -8
18  1
18  7
16  6
16  4
19  1
19  -6
18  1
17  12
14  -9
19  -7
21  0
20  -7
12  9
20  1
18  6
15  12
21  -3
18  10
21  -5
17  4
14  -2
14  -8
18  7
16  13
14  1
24  -3
18  0
13  -9
19  -8
14  -6
16  7
16  10
18  5
14  1
17  8
14  -2
22  1
17  10
16  9
16  13
21  -1
18  11
19  -9
14  -1
19  2
21  -6
19  -7
14  -11
18  7
21  -9
15  10
18  7
23  10
22  5
17  11
19  -2
19  -7
14  -3
15  13
23  5
17  8
15  6
12  8
21  -6
22  2
