21  -3
22  -9
18  -6
15  2
17  1
18  -9
18  -6
15  5
15  -3
16  4
22  -5
20  -4
15  -1
17  0
20  0
17  4
17  7
17  6
14  -8
19  -1
21  -8
22  -3
12  -7
18  -2
20  0
15  -3
16  9
20  1
19  8
22  -11
16  8
16  10
16  6
18  -7
20  -2
22  -10
18  -4
20  4
18  -6
17  6
15  6
19  8
20  -3
24  -1
20  3
19  -1
20  3
22  -9
15  -1
18  -9
17  0
18  -2
20  -4
20  3
20  -3
16  1
19  -1
19  8
19  -2
19  3
21  -11
15  -3
20  2
16  8
22  -9
18  0
19  -1
20  1
13  -5
19  7
19  3
19  7
22  -5
18  -9
18  -5
20  1
21  -9
22  -3
22  -1
23  1
24  -1
21  -5
15  1
16  7
15  4
15  5
22  -6
19  6
19  6
18  -2
17  -2
18  0
14  -5
21  -3
19  6
25  10
18  0
19  4
16  6
21  -11
20  -1
22  -8
21  -11
18  -2
19  -2
15  -3
16  7
14  -1
21  -12
23  -9
21  -3
18  0
19  5
18  -7
24  3
16  0
17  1
21  -7
14  -4
14  -1
9  6
18  0
17  5
18  -6
17  0
17  2
20  2
19  -2
18  -10
17  5
22  -10
18  -10
21  -12
19  0
17  2
12  -10
23  1
18  -1
19  1
22  -7
18  -1
18  -3
23  -8
19  2
19  6
13  -1
20  3
17  1
13  1
15  6
15  4
21  -2
19  6
17  1
18  -2
12  -11
18  -3
18  -3
19  -2
19  -2
15  -4
20  0
17  -2
14  -7
23  -1
14  -10
20  4
20  -4
21  -2
18  -10
14  -6
18  -1
20  5
19  3
16  1
18  -6
18  -5
14  -5
15  3
18  -5
20  6
17  8
18  -5
18  -2
17  0
19  8
19  0
20  0
18  -1
15  2
19  6
15  -4
20  1
16  9
14  -4
19  -2
20  2
19  -1
22  -2
21  -3
18  -6
17  1
18  -10
18  -6
14  -1
17  6
16  9
21  -4
18  -10
20  0
18  -9
13  -7
15  0
12  -4
14  -6
18  -3
20  6
18  -4
18  -3
11  5
17  -2
21  -2
16  5
18  -5
19  2
21  -4
17  1
16  7
19  7
16  4
15  0
18  -2
20  -1
17  -1
17  1
23  -5
23  -3
18  -10
14  -8
18  -9
19  4
19  1
21  -9
18  -9
13  1
18  -4
19  -2
20  3
17  3
17  0
15  4
19  -2
18  -5
18  -10
20  -3
19  0
20  1
20  6
19  6
19  2
17  2
17  0
16  1
21  -8
19  8
18  -6
18  -7
19  3
18  -3
22  -2
20  5
16  7
21  -2
22  -10
15  -3
20  -2
14  -2
18  -1
22  -7
18  -7
22  -9
20  -1
19  1
15  -3
13  -8
16  9
16  5
19  4
15  -3
14  -5
17  4
19  -1
18  -10
19  7
17  0
16  7
19  -1
20  5
18  -2
18  -3
22  -5
17  -2
11  3
14  -10
15  -2
19  2
14  -7
18  -3
17  1
20  -4
22  -8
18  -4
21  -12
12  -5
21  -11
17  8
18  -9
23  -7
20  1
19  6
19  -2
19  4
22  -5
15  4
20  2
18  0
20  5
22  -8
22  -3
18  0
17  5
17  8
21  -8
20  6
19  8
14  -6
20  2
25  9
19  -1
18  -6
17  2
18  -10
22  -8
19  2
17  7
22  -7
15  0
19  1
18  -7
16  7
19  -2
19  3
20  6
16  8
16  8
18  -7
18  -7
16  2
21  -3
20  -2
20  1
15  -2
17  0
16  7
17  5
17  6
14  -4
16  6
17  6
21  -5
20  -1
22  -11
12  -2
21  -8
16  6
17  0
19  4
14  -8
19  0
17  3
15  -1
21  -6
18  -6
21  -12
15  -3
18  -4
22  -10
17  -1
21  -10
17  4
16  3
13  -6
18  -4
13  -8
16  4
21  -12
18  -4
18  -5
17  1
14  -8
20  4
13  -4
15  2
22  -3
20  6
16  6
19  4
23  -7
20  2
22  -1
16  5
19  5
20  3
22  -8
17  -1
17  -1
22  -9
18  -1
22  -10
22  -1
19  8
21  -8
12  -8
17  6
16  3
18  -1
20  5
15  6
17  0
19  4
21  -10
20  1
20  -2
18  -5
18  -4
18  -3
17  2
15  6
14  -7
17  8
16  2
19  3
17  3
15  6
22  -6
22  -8
17  3
17  0
16  2
23  -4
14  -1
13  1
19  4
15  -1
21  -8
22  -6
13  -3
19  3
21  -8
17  8
17  8
22  -1
22  -5
19  3
19  5
18  -10
17  -2
18  -9
23  1
19  8
13  -5
19  3
17  5
13  -3
18  -1
20  4
24  0
19  3
21  -9
19  0
19  7
16  7
18  -4
18  -7
16  6
16  2
21  -7
19  4
18  -7
16  4
13  2
25  7
16  7
20  0
16  10
17  -2
20  6
13  -4
22  -4
19  3
14  -8
16  1
16  5
15  3
20  4
19  3
18  -1
19  7
23  -9
18  -4
16  8
15  0
20  2
22  -3
19  2
19  -2
20  0
19  6
16  3
17  2
18  -7
15  4
16  3
19  -2
20  3
17  6
24  4
20  3
14  -8
20  -4
20  5
16  3
15  -1
20  0
16  10
16  9
20  5
26  4
17  3
16  6
14  -10
16  3
18  0
17  7
21  -7
21  -7
18  -2
18  -3
17  0
19  3
18  -10
18  -5
20  -4
17  3
21  -4
17  2
18  -9
15  2
20  1
21  -9
15  4
25  6
19  1
15  1
17  -2
20  5
16  3
12  -3
19  -2
20  2
21  -10
14  -4
21  -11
21  -7
17  3
21  -2
14  -7
14  -7
19  0
22  -3
22  -1
19  0
21  -3
17  6
11  9
18  0
18  -8
21  -3
19  6
17  1
13  -4
15  -4
19  7
22  -8
17  2
23  -7
19  6
23  -5
18  -6
17  2
15  -1
19  2
16  6
20  -1
16  2
20  6
17  8
18  -9
18  -6
21  -7
22  -10
18  -4
19  0
20  0
13  -1
16  2
20  1
17  8
17  6
11  4
17  -1
20  6
16  2
13  -2
16  3
21  -2
21  -10
19  3
14  0
12  -1
21  -4
19  6
19  -1
18  -9
20  5
21  -12
19  3
19  1
17  5
21  -3
19  2
17  0
15  -3
19  7
14  -2
13  -6
16  10
16  10
18  -5
26  -4
19  4
17  8
12  -9
15  5
14  -8
22  -2
22  -10
14  -6
20  2
19  5
18  -7
13  -8
20  1
15  2
16  10
21  -5
18  -4
20  -2
20  -1
20  5
16  5
18  -9
21  -11
16  9
25  8
22  -2
17  4
17  8
22  -2
20  4
15  5
21  -11
19  8
20  2
15  0
21  -10
19  4
21  -3
20  6
18  -2
24  -4
22  -4
16  3
18  -7
22  -2
15  1
18  -3
17  0
19  1
17  4
18  -8
18  -10
22  -2
18  -3
19  -2
18  -7
19  -1
17  2
17  -1
17  1
18  -5
16  5
17  7
17  1
21  -4
16  10
19  5
17  5
17  4
18  -4
19  2
16  9
19  8
15  0
21  -5
15  0
18  -10
27  3
19  8
21  -9
19  7
14  0
16  8
16  8
18  -6
22  -3
16  0
17  1
22  -7
22  -8
19  3
18  -8
13  -6
14  -3
20  -1
18  -1
16  3
15  6
18  -8
15  -3
19  4
17  2
15  0
21  -6
17  5
16  5
18  -8
19  8
21  -12
16  3
16  6
20  -4
18  0
16  2
14  -5
15  -2
16  1
13  -4
18  -7
17  -2
23  -7
15  6
19  5
20  2
22  -11
13  -2
15  6
20  -2
23  -3
16  6
21  -10
15  5
14  -5
24  5
14  -6
19  1
21  -12
20  6
17  1
20  3
15  -2
21  -3
15  1
17  5
18  -7
22  -11
24  4
20  0
16  9
22  -5
16  7
15  6
18  -3
21  -7
15  4
24  3
20  -4
21  -10
20  -3
16  6
18  -3
22  -9
16  5
15  -2
18  -2
21  -3
22  -3
18  0
16  5
22  -5
19  5
9  10
17  6
20  5
13  0
26  1
19  1
17  0
17  -1
19  1
16  0
19  8
18  -5
19  4
24  -2
16  9
16  3
15  -1
16  0
17  6
21  -9
20  4
20  2
21  -12
16  5
16  4
19  0
21  -10
17  5
21  -8
18  -4
18  -6
17  5
16  10
16  1
18  -10
17  4
17  -2
20  0
19  8
23  -5
13  -2
17  3
16  2
20  3
16  5
25  4
18  -5
15  -2
26  -1
15  6
23  -6
15  4
20  0
18  -2
22  -4
22  -9
23  -2
20  4
13  -3
17  6
19  0
22  -11
19  3
17  5
13  2
18  -1
24  -3
17  4
26  3
22  -10
24  -5
19  3
20  -3
21  -12
24  4
12  -8
19  2
18  -2
18  -3
18  -5
21  -2
19  0
20  1
18  -7
21  -10
14  -9
18  -10
18  -5
22  -1
13  -7
24  -5
21  -4
18  -4
20  3
20  -4
14  0
19  -2
16  4
16  5
18  0
18  0
18  -7
18  -4
18  -7
18  -9
17  3
21  -12
19  0
17  2
21  -11
15  -1
20  3
17  7
18  -5
17  5
19  2
19  -2
14  -7
19  0
17  -1
17  -2
19  3
16  5
23  -8
17  3
20  5
23  -5
19  3
17  5
18  -6
21  -2
21  -5
14  -5
24  2
18  -3
21  -3
16  0
21  -5
16  1
21  -11
22  -11
16  2
20  -4
17  -2
15  0
20  2
23  -1
20  3
15  -3
21  -12
19  4
19  0
20  -1
17  8
21  -11
20  4
21  -3
15  6
18  -3
17  0
16  1
15  -3
15  6
16  1
16  3
18  -9
18  -7
18  -3
26  3
18  -6
20  0
19  2
18  -4
17  -2
17  8
17  2
16  5
19  0
20  4
