31  6
30  -1
29  5
28  -3
28  -3
29  7
24  0
32  6
27  8
30  -2
31  9
28  -3
26  8
33  -6
32  6
27  7
28  -4
33  -8
30  -4
24  0
31  9
32  2
32  2
31  6
24  3
28  -2
26  8
29  7
27  4
33  -5
29  6
26  9
25  -6
28  -1
34  6
31  6
32  3
30  0
26  9
29  6
31  6
31  6
30  -4
26  6
29  8
31  7
23  -4
32  6
26  7
32  3
30  -4
33  -7
26  7
25  -6
31  9
30  -2
32  4
30  -1
27  6
26  7
26  9
31  6
26  9
35  3
25  -9
26  8
26  5
26  9
29  8
25  -5
23  -4
28  -4
20  -3
32  4
29  6
30  0
31  9
29  8
26  9
30  0
30  -1
32  4
25  -7
30  0
25  -9
27  6
28  -1
32  2
28  -1
29  7
24  1
27  4
28  -5
26  9
29  6
32  4
26  6
29  5
31  6
27  4
31  9
31  8
30  -3
30  -2
30  -4
29  7
27  6
30  -4
33  -4
33  -4
29  8
29  4
32  3
29  7
28  -4
30  -3
29  4
26  5
27  6
30  -2
30  -2
28  -5
29  4
29  8
30  -4
28  -2
23  -6
25  -7
30  0
22  2
29  8
27  6
29  6
28  -3
27  7
28  -5
29  4
31  8
33  -8
26  5
28  -5
31  7
27  4
25  -7
28  -3
31  8
30  -3
26  9
29  8
32  2
30  -4
24  1
25  -8
26  7
31  6
20  -4
30  -2
28  -1
31  5
28  -5
25  -6
29  7
25  -9
29  6
29  4
31  8
29  8
27  6
33  -5
34  5
33  -7
31  5
29  4
27  4
29  6
27  8
29  6
27  8
24  0
24  1
29  5
34  4
32  5
21  0
29  4
27  6
26  5
31  5
28  -2
27  4
28  -3
31  8
28  -5
29  4
29  4
30  -3
27  4
31  8
29  5
26  8
28  -1
31  7
23  -8
29  4
29  6
30  -4
28  -5
29  7
25  -5
27  4
28  -4
25  -9
29  7
28  -1
25  -9
32  3
25  -9
29  8
35  3
25  -9
25  -7
27  5
28  -4
29  8
27  5
26  9
29  5
26  8
32  6
30  -3
30  -4
26  8
34  5
25  -6
31  8
30  -3
28  -5
27  6
26  7
31  9
30  -1
27  8
26  8
25  -5
25  -8
26  7
30  -4
26  9
31  5
29  5
26  8
22  3
27  5
30  -1
32  6
26  6
30  0
27  5
30  -2
26  6
26  7
31  5
28  -2
24  -1
32  2
32  5
32  6
26  5
23  -6
26  8
30  0
31  9
29  6
32  5
29  8
30  -2
28  -5
31  9
28  -2
34  3
32  4
35  -1
27  7
26  7
28  -3
30  0
28  -4
25  -7
26  9
33  -4
28  -3
29  6
30  0
25  -8
33  -7
21  0
31  7
31  9
34  7
30  -2
27  7
25  -9
25  -5
25  -9
29  8
25  -6
25  -6
24  2
27  4
29  8
28  -3
32  3
30  -3
34  4
24  3
25  -6
29  8
26  5
25  -8
29  6
28  -5
28  -2
29  8
20  -4
32  5
29  8
30  0
31  5
30  -1
29  6
28  -3
28  -2
31  5
28  -2
29  6
30  0
28  -2
31  9
29  4
36  -5
30  -2
30  -2
32  4
30  -3
26  8
29  5
30  -2
33  -8
26  5
26  6
34  7
31  5
28  -1
27  5
25  -5
26  7
32  5
26  7
29  4
30  -1
28  -4
29  6
26  9
28  -4
27  8
30  -3
33  -5
26  6
32  4
28  -3
25  -5
28  -3
31  7
33  -7
28  -4
26  6
25  -5
30  -4
29  6
28  -5
29  4
25  -5
24  2
28  -1
32  6
30  -4
28  -4
30  -3
27  5
27  6
28  -4
28  -2
27  4
26  9
25  -5
29  7
25  -9
31  8
28  -3
27  6
24  0
27  4
29  5
30  -4
30  0
31  7
24  0
23  -6
29  4
26  7
30  0
34  3
27  6
28  -1
29  7
25  -6
25  -9
30  -4
26  6
27  8
27  5
31  7
22  2
25  -7
30  -4
28  -3
28  -4
27  7
25  -7
27  4
25  -6
30  -3
30  -4
32  4
32  4
32  4
28  -1
27  5
26  7
29  7
32  3
30  0
33  -8
24  -1
29  7
31  8
25  -7
30  -3
33  -6
28  -1
25  -9
30  0
33  -6
29  5
31  6
30  0
32  3
29  6
31  8
26  6
27  6
29  8
26  9
29  8
27  7
31  7
26  5
34  3
26  8
29  6
31  7
31  6
30  -1
22  6
36  -5
28  -4
32  2
31  5
28  -1
26  8
27  5
29  5
25  -6
25  -7
22  3
31  8
28  -1
30  -2
29  5
28  -1
29  5
28  -1
30  -4
25  -5
30  0
25  -7
30  0
34  3
27  8
30  0
32  2
31  6
27  5
31  6
30  -1
28  -5
29  8
28  -4
30  -2
25  -5
27  8
27  8
28  -1
26  5
32  3
24  0
30  -4
27  4
29  4
26  5
31  8
27  7
28  -1
28  -3
33  -4
32  4
33  -4
27  4
30  -1
24  3
26  5
27  8
31  7
25  -9
28  -3
28  -2
30  0
28  -5
24  -1
25  -9
32  5
25  -7
29  4
30  -4
28  -2
30  -2
35  0
31  9
29  5
32  3
27  5
24  -1
30  0
31  8
33  -6
34  5
25  -7
30  -2
29  5
27  7
27  8
31  6
29  8
29  4
27  8
24  2
33  -7
29  7
28  -3
30  -1
29  8
30  -4
31  6
27  6
25  -9
33  -8
27  8
29  7
25  -9
32  2
30  -4
34  4
31  9
31  6
28  -2
29  5
30  -4
23  -6
32  4
30  -2
28  -1
25  -5
33  -5
27  7
29  7
32  2
24  1
31  5
36  -4
34  3
25  -5
27  8
23  -7
26  8
24  1
33  -5
26  6
33  -7
26  5
29  5
31  5
30  -1
29  7
24  1
31  6
30  -1
29  4
29  7
29  5
27  7
27  8
28  -1
28  -3
30  0
30  0
28  -3
27  5
29  6
23  -4
24  3
30  -1
26  9
27  8
26  5
31  6
26  9
28  -3
27  7
34  6
30  -1
27  7
31  5
31  7
29  8
30  -1
29  8
31  7
24  1
29  6
32  2
28  -3
33  -8
31  8
30  -2
28  -5
31  6
28  -1
30  -4
26  7
26  8
28  -1
33  -8
30  -4
31  6
30  -3
25  -8
29  5
29  5
30  -2
27  7
25  -6
25  -7
27  6
30  0
32  2
28  -1
28  -3
28  -5
26  8
31  6
27  7
27  5
32  6
30  -3
26  8
20  -4
27  6
29  8
27  5
28  -3
29  8
32  2
30  -1
27  5
31  6
27  5
30  -2
28  -2
32  3
30  -1
31  6
28  -5
26  8
31  8
33  -7
30  0
31  7
26  7
25  -8
24  2
25  -5
26  5
32  5
28  -1
32  2
27  4
33  -8
30  -4
28  -3
27  7
24  1
26  7
30  -1
29  6
26  9
26  6
34  6
32  4
32  4
26  5
25  -9
30  -2
30  -3
28  -4
27  6
34  3
31  9
29  6
28  -4
29  5
27  6
31  5
25  -9
26  9
29  6
29  5
32  6
34  4
24  2
32  5
30  0
29  5
31  7
28  -5
26  5
32  5
25  -8
32  5
30  -4
26  8
29  6
29  5
28  -4
26  7
31  6
29  8
31  9
28  -1
29  7
29  5
29  4
28  -2
32  4
29  8
29  6
27  7
27  6
24  3
25  -5
33  -5
30  -2
26  7
29  5
31  7
31  5
27  5
28  -5
29  6
25  -7
31  8
24  1
29  5
30  0
28  -2
27  6
30  -1
29  8
27  4
30  -2
31  8
26  7
32  4
28  -4
26  7
32  3
36  -7
27  8
29  4
33  -8
31  7
28  -3
24  0
23  -5
31  5
28  -4
32  6
25  -7
29  6
23  -7
29  8
26  9
31  5
29  5
28  -5
25  -7
27  7
26  5
29  6
31  9
27  4
28  -1
26  5
30  -2
23  -6
27  8
31  7
31  8
31  5
31  5
31  9
31  7
30  -1
27  4
26  8
33  -4
34  6
27  4
22  2
28  -5
30  -4
27  8
31  9
30  -3
29  7
31  8
29  5
28  -3
27  8
29  5
26  8
28  -3
30  -1
25  -9
32  5
31  6
25  -7
29  4
31  5
23  -7
27  5
31  9
27  4
27  6
26  6
30  -4
32  2
29  8
30  -3
27  6
29  7
28  -3
26  8
25  -9
31  7
30  -4
31  9
29  7
28  -4
29  6
27  8
24  2
26  8
32  4
25  -5
31  7
24  3
33  -6
28  -5
27  6
30  -2
29  5
32  3
26  8
31  6
24  3
29  7
32  4
30  -2
30  -2
28  -2
30  -1
27  8
28  -4
30  -3
25  -7
30  0
29  4
28  -2
30  0
28  -4
31  9
29  8
34  6
31  8
29  6
26  6
30  0
26  8
32  4
25  -8
28  -4
28  -3
29  6
29  5
28  -2
28  -4
29  4
29  7
26  7
30  0
31  6
28  -3
28  -2
35  1
33  -4
33  -5
27  4
30  -4
30  0
28  -3
26  8
27  4
29  4
27  5
30  -4
28  -3
23  -6
28  -4
27  8
28  -2
32  6
25  -6
27  8
23  -5
26  8
30  -2
26  6
29  4
33  -8
28  -5
31  5
32  6
32  6
27  6
28  -2
30  -3
28  -3
31  9
28  -2
25  -5
31  9
28  -5
29  4
29  4
29  6
33  -5
27  6
25  -7
25  -5
26  9
29  5
32  3
27  8
27  5
29  7
31  5
30  -2
30  -4
28  -3
28  -1
