15  -8
7  -8
12  2
12  5
13  -8
12  2
8  -1
13  -6
7  -5
13  -6
11  4
13  -5
12  2
11  5
13  -5
19  -3
14  -1
16  -4
13  -5
13  -7
16  -5
9  -3
12  2
14  -1
13  -4
15  -4
11  5
12  6
16  -8
16  -8
11  2
11  1
10  2
14  -2
15  -5
12  6
9  -6
15  -7
12  4
13  -5
11  3
15  -7
13  -7
11  4
12  3
14  -5
12  2
10  1
13  -6
16  -7
13  -5
11  3
14  -1
16  -5
16  -7
14  -3
10  -1
8  1
13  -8
16  -4
12  2
15  -7
8  3
12  2
11  3
17  -5
14  -1
11  1
12  4
14  -2
9  -4
15  -6
7  -9
17  -4
12  2
10  -1
11  3
13  -7
14  -5
13  -8
13  -6
11  4
16  -4
12  6
12  2
13  -4
9  -7
14  -3
11  3
15  -8
11  5
10  2
12  3
12  5
15  -8
12  5
10  0
12  2
13  -4
9  -5
15  -6
10  -2
12  3
7  -7
14  -2
13  -7
9  -4
11  5
18  3
15  -5
14  -1
12  3
13  -7
10  -1
15  -5
11  4
7  -5
12  4
13  -7
9  -4
11  1
13  -7
10  2
16  -6
15  -7
15  -5
11  3
9  -5
12  2
12  6
17  -1
15  -8
12  3
15  -5
8  -1
9  -6
15  -5
14  -2
15  -6
11  2
13  -8
9  -7
12  3
17  -5
12  4
12  6
11  3
13  -8
12  2
11  3
11  1
11  3
15  -5
16  -7
13  -6
12  2
12  4
13  -5
7  -6
11  4
12  3
19  -3
12  4
15  -7
14  -3
12  4
11  3
10  -1
15  -5
10  -1
12  5
16  -4
11  3
9  -3
13  -8
14  -1
12  4
9  -5
10  1
13  -8
13  -4
16  -5
10  -2
10  -1
9  -6
13  -4
11  3
10  -1
17  -3
13  -4
13  -4
16  -4
14  -4
13  -5
14  -3
12  2
11  1
15  -8
10  -1
12  3
13  -6
13  -5
15  -7
9  -3
10  -2
13  -7
13  -7
14  -1
11  4
16  -8
9  -3
15  -6
16  -5
11  3
10  0
13  -5
10  2
11  4
16  -7
11  2
12  6
14  -4
13  -5
10  0
18  3
13  -6
13  -8
14  -5
5  3
15  -6
13  -5
10  2
12  6
9  -7
11  5
12  4
15  -7
13  -5
11  4
14  -5
12  2
13  -4
13  -6
14  -5
11  1
11  1
10  2
15  -5
15  -8
13  -6
13  -6
15  -7
12  6
8  -1
15  -7
13  -7
8  2
15  -5
15  -8
11  3
13  -7
13  -4
18  3
10  2
17  -2
15  -5
12  2
14  -2
14  -3
14  -4
11  2
14  -2
16  -6
15  -4
11  4
14  -1
10  -1
11  4
16  -4
14  -3
10  0
10  0
16  -5
13  -4
12  3
15  -7
9  -5
14  -4
11  3
14  -4
11  2
11  4
10  0
16  -6
10  -2
19  1
16  -8
13  -7
14  -2
13  -5
14  -4
14  -2
17  -1
13  -8
13  -7
16  -5
15  -6
14  -2
15  -4
14  -3
9  -6
15  -6
17  -4
14  -5
13  -6
14  -3
17  -1
14  -2
13  -5
15  -5
8  -1
11  2
14  -3
12  3
15  -4
12  6
16  -7
16  -4
12  6
14  -1
13  -5
11  1
7  -9
12  5
18  5
9  -3
12  6
12  5
11  3
13  -4
12  2
11  2
15  -6
10  -1
12  5
12  4
11  2
10  2
13  -6
10  -2
13  -5
15  -8
12  4
14  -4
15  -7
12  6
15  -4
12  3
8  3
15  -8
16  -5
14  -4
9  -3
13  -7
12  6
10  1
15  -6
10  2
13  -8
11  1
8  -1
14  -5
14  -2
11  2
15  -7
15  -6
10  -1
15  -5
14  -2
10  -1
13  -8
6  1
12  5
13  -4
12  6
13  -4
13  -7
14  -3
15  -4
19  1
15  -7
13  -5
10  0
9  -6
13  -5
13  -7
7  -7
14  -4
13  -6
13  -5
11  2
17  -3
11  3
11  3
14  -2
11  4
13  -7
11  4
14  -3
15  -4
10  0
9  -7
14  -4
12  5
11  3
13  -6
12  6
12  6
12  3
11  2
13  -6
11  5
16  -8
11  4
12  3
15  -7
14  -4
12  6
14  -1
16  -4
14  -5
14  -1
12  6
15  -5
12  6
15  -6
14  -4
17  -5
9  -3
13  -8
15  -5
11  1
11  5
12  2
10  -2
17  -2
14  -3
10  1
14  -5
8  2
10  -1
15  -4
15  -8
11  3
14  -3
16  -8
12  2
16  -8
10  2
15  -7
9  -4
13  -7
12  4
10  -1
17  -2
11  4
15  -6
12  6
13  -8
14  -3
12  5
12  6
12  6
13  -5
18  6
10  1
11  5
13  -8
9  -7
16  -8
10  0
14  -2
14  -1
11  2
13  -5
12  3
12  6
14  -3
14  -5
9  -7
12  6
8  -1
15  -4
14  -1
15  -7
10  -1
10  -1
12  6
7  -9
12  4
16  -5
10  -1
15  -4
13  -5
12  6
10  2
11  2
14  -2
14  -5
13  -8
15  -4
13  -6
11  4
13  -4
16  -7
12  2
15  -8
4  -4
11  5
12  5
13  -4
14  -3
10  0
9  -5
13  -8
15  -5
11  5
16  -5
9  -6
11  1
16  -5
16  -7
14  -4
9  -7
9  -3
16  -8
10  -2
13  -6
15  -8
14  -3
10  2
8  0
17  -5
12  4
10  -2
13  -6
13  -7
10  2
9  -4
11  4
10  0
11  1
16  -8
17  -5
18  4
12  3
13  -4
11  3
13  -7
13  -7
13  -8
17  -4
10  1
10  2
13  -7
14  -4
11  5
15  -4
15  -6
11  4
14  -1
11  2
14  -5
15  -4
10  2
11  5
12  4
13  -8
14  -5
10  0
15  -5
14  -3
16  -5
14  -2
17  -3
14  -5
15  -6
12  5
13  -5
9  -4
13  -7
15  -6
11  4
17  -1
12  4
10  2
12  6
9  -6
8  -1
14  -5
13  -5
18  4
14  -5
9  -3
11  5
13  -6
16  -8
14  -3
11  3
13  -8
12  5
10  -1
16  -5
13  -6
11  3
14  -1
16  -8
19  1
14  -5
13  -8
13  -7
7  -9
14  -1
11  3
10  0
10  0
10  2
11  5
16  -5
13  -5
16  -8
9  -3
15  -7
10  -1
16  -6
14  -4
13  -7
8  2
8  2
11  3
14  -2
15  -7
12  3
9  -3
12  2
15  -5
11  4
16  -4
14  -3
15  -7
12  2
12  2
12  6
12  3
9  -5
14  -1
10  -1
10  1
10  1
11  1
15  -7
15  -7
11  1
14  -5
14  -2
10  1
13  -5
11  1
16  -4
12  3
13  -6
17  -2
13  -5
15  -7
14  -4
14  -2
13  -4
10  -1
14  -4
12  3
18  4
9  -6
17  -3
13  -6
15  -4
12  2
15  -5
15  -8
16  -8
12  3
11  2
15  -6
15  -8
7  -8
14  -5
15  -4
16  -8
14  -5
7  -7
14  -3
11  3
14  -2
13  -8
14  -1
14  -3
13  -7
7  -5
12  4
16  -7
14  -4
13  -8
10  2
12  3
14  -4
15  -4
15  -7
8  2
12  2
11  5
11  3
13  -6
16  -6
12  6
10  0
14  -4
13  -6
17  -1
13  -6
12  3
11  2
15  -8
15  -5
14  -4
14  -2
13  -6
16  -6
10  -2
11  1
10  -2
13  -6
15  -4
15  -7
10  -1
10  1
12  2
13  -7
11  2
13  -6
11  1
13  -4
14  -4
13  -7
12  5
16  -7
13  -4
16  -6
15  -7
14  -2
15  -7
12  5
12  5
14  -1
13  -4
14  -1
12  2
12  4
15  -5
13  -7
11  1
15  -6
13  -6
11  1
12  5
11  5
15  -5
14  -4
13  -6
12  5
15  -7
9  -4
12  6
11  5
16  -6
12  2
15  -6
9  -5
12  4
11  3
13  -8
10  2
10  1
15  -6
6  3
12  6
14  -4
12  5
15  -5
16  -6
18  3
14  -3
16  -6
14  -1
9  -4
16  -6
13  -5
14  -5
10  -1
11  2
12  4
12  5
11  4
19  1
13  -6
15  -8
17  -3
12  3
14  -5
11  3
13  -5
10  -2
14  -5
10  0
12  6
9  -5
14  -4
11  3
12  5
13  -8
13  -7
13  -7
17  -4
13  -8
15  -7
16  -6
12  5
17  -5
17  -4
10  -1
14  -2
12  4
15  -7
15  -6
17  -4
13  -8
12  5
9  -3
15  -5
11  1
13  -4
12  2
11  5
13  -5
8  1
11  3
13  -5
13  -7
13  -7
14  -4
15  -4
13  -5
15  -5
16  -6
10  -1
16  -8
16  -6
11  3
19  -1
13  -8
12  3
12  3
13  -4
15  -5
14  -4
14  -1
11  5
15  -7
9  -7
13  -7
13  -5
13  -5
14  -4
16  -4
13  -4
15  -7
12  3
13  -5
16  -7
14  -2
10  -2
10  -2
11  5
11  3
13  -6
13  -5
12  2
11  5
14  -2
14  -3
12  4
15  -5
12  3
18  3
12  2
15  -4
13  -7
16  -4
8  0
14  -2
14  -2
13  -6
8  1
13  -6
11  2
15  -4
11  1
11  2
9  -6
16  -8
18  5
10  1
15  -6
8  0
12  6
16  -5
15  -7
11  1
13  -7
14  -1
15  -7
11  5
12  3
13  -6
16  -7
11  4
14  -2
9  -7
16  -7
12  5
16  -4
14  -4
12  3
13  -5
13  -6
16  -7
8  0
13  -8
13  -6
11  2
16  -8
12  4
14  -3
13  -4
15  -8
19  -2
15  -7
10  2
12  4
14  -2
12  2
19  0
9  -7
12  6
13  -7
14  -1
12  2
13  -8
11  5
14  -1
13  -7
14  -1
14  -2
15  -4
17  -4
16  -8
10  0
15  -8
14  -4
13  -7
13  -5
10  0
8  2
15  -6
15  -8
12  2
13  -6
10  -1
14  -1
17  -3
8  3
13  -8
13  -8
15  -5
14  -4
9  -6
7  -5
13  -6
12  3
12  5
15  -4
12  5
