9  -6
8  -2
14  4
18  3
12  -4
13  -7
14  6
11  6
14  5
12  -3
14  5
12  -3
15  7
10  4
10  3
15  6
10  3
12  -5
10  5
13  -7
15  8
15  7
12  -5
16  -2
18  4
12  -3
11  5
22  2
15  8
12  -5
14  5
17  1
12  -3
16  -3
15  6
12  -5
15  7
12  -5
13  -7
12  -3
14  6
14  4
20  7
12  -4
15  8
18  5
16  -1
11  6
16  -3
18  4
14  5
15  6
12  -5
14  4
13  -7
16  -2
14  6
15  7
17  0
14  5
13  -6
12  -5
16  -1
17  2
11  6
12  -3
14  6
15  6
16  -3
14  4
14  6
10  4
15  6
14  6
17  2
17  2
14  6
14  5
8  -1
15  8
17  1
13  -7
14  4
12  -3
12  -3
14  5
18  5
16  -2
19  6
13  -6
11  6
14  6
15  7
13  -5
8  -1
19  8
14  4
15  8
15  8
15  7
13  -7
11  6
13  -5
14  4
12  -4
15  7
13  -6
14  6
18  5
15  8
10  5
15  6
9  -5
16  -1
11  4
16  -2
16  -1
17  1
15  8
14  4
14  5
18  3
18  5
10  5
11  5
18  5
14  5
13  -7
11  4
13  -6
16  -1
17  2
16  -1
14  5
15  7
11  4
15  8
11  5
12  -5
13  -5
12  -5
12  -3
15  6
9  -6
9  -7
15  7
13  -5
15  6
16  -2
18  5
16  -1
15  7
11  4
14  4
16  -1
13  -7
17  2
14  5
13  -6
19  7
13  -7
12  -3
13  -6
8  -1
14  4
14  5
16  -2
13  -6
15  8
13  -7
15  6
19  8
15  8
13  -7
16  -1
13  -5
13  -6
15  6
14  6
17  1
12  -3
11  6
12  -3
17  2
6  -3
11  6
14  4
15  7
14  5
14  6
14  4
17  2
10  3
14  6
11  6
12  -3
18  3
18  3
18  3
16  -1
19  6
17  2
12  -5
15  7
18  5
13  -7
13  -7
6  -2
13  -7
15  7
14  6
11  4
13  -7
13  -6
15  7
12  -3
16  -1
14  5
16  -1
17  0
15  8
14  5
13  -6
10  5
13  -6
13  -6
18  5
15  7
18  5
10  4
15  8
15  8
10  5
12  -5
14  4
17  0
17  2
15  7
12  -3
19  7
13  -5
15  8
14  4
11  5
14  6
16  -1
17  2
16  -1
13  -5
12  -3
15  8
7  5
11  6
10  4
13  -5
13  -5
12  -5
19  6
15  8
16  -2
12  -5
12  -3
9  -5
14  6
14  4
12  -5
10  3
11  4
15  6
16  -1
17  1
15  8
12  -4
12  -3
19  6
17  2
16  -3
14  4
11  4
11  5
14  6
13  -7
13  -7
17  1
10  3
15  8
13  -6
11  4
13  -5
16  -2
14  5
13  -7
10  4
17  0
15  6
17  1
12  -5
11  4
15  7
15  8
11  6
12  -3
13  -7
18  4
14  5
15  8
11  6
14  6
12  -4
17  0
14  5
13  -5
13  -5
12  -3
16  -3
16  -2
12  -3
16  -2
12  -5
12  -4
15  7
12  -3
8  -2
12  -4
10  4
12  -5
17  2
15  6
18  4
15  7
15  6
15  6
10  5
12  -5
13  -5
13  -6
15  7
18  4
15  7
16  -2
10  5
15  6
14  4
12  -5
12  -4
15  8
17  0
12  -4
12  -5
13  -6
15  7
16  -2
11  5
13  -6
14  6
16  -3
15  6
14  5
12  -5
14  5
13  -5
13  -6
16  -1
14  5
15  8
8  -1
17  0
12  -3
13  -5
11  4
15  8
13  -5
17  2
13  -5
15  7
14  5
17  1
12  -4
16  -1
12  -3
14  4
11  4
14  6
17  2
14  6
15  8
11  4
15  7
13  -6
17  1
17  0
13  -7
13  -6
16  -2
12  -3
12  -4
12  -5
14  6
11  6
16  -2
10  4
13  -6
13  -6
19  6
11  6
14  6
16  -2
18  3
11  6
16  -2
19  8
10  5
14  5
17  0
19  6
15  6
12  -3
13  -7
20  6
16  -2
14  4
10  4
12  -5
14  5
16  -3
12  -5
15  6
13  -7
13  -7
17  2
12  -5
13  -5
11  4
12  -5
12  -5
10  5
16  -1
11  5
17  1
10  5
15  6
9  -5
15  7
12  -3
11  5
12  -5
14  5
16  -3
21  6
16  -1
14  5
14  5
15  6
11  6
16  -2
16  -2
13  -7
11  5
11  6
13  -7
9  -6
15  6
12  -5
15  6
13  -6
12  -5
12  -3
16  -2
13  -6
13  -7
13  -7
16  -1
17  2
14  4
16  -3
15  7
13  -5
17  1
12  -5
18  4
13  -7
16  -1
10  5
14  5
10  3
18  4
13  -6
12  -4
15  7
12  -4
11  6
14  6
10  3
12  -4
13  -5
16  -2
15  7
13  -5
16  -2
16  -1
16  -3
10  3
16  -2
20  8
13  -5
8  -3
13  -7
19  8
15  8
14  6
11  5
18  3
8  -2
20  8
15  8
14  4
17  0
13  -5
19  7
10  3
11  5
11  5
6  -2
13  -6
12  -5
13  -6
15  8
11  4
16  -2
10  3
19  6
13  -6
12  -5
11  5
13  -6
13  -7
13  -5
19  6
10  5
12  -3
17  2
17  1
11  4
15  7
16  -1
15  8
14  5
15  8
15  7
17  0
13  -5
14  5
12  -5
9  -5
18  3
18  3
13  -6
14  5
19  8
15  7
12  -5
17  2
10  4
18  5
13  -6
13  -5
15  6
14  4
16  -3
13  -7
15  8
16  -1
11  6
11  6
15  8
11  5
11  4
7  5
17  1
15  6
13  -6
9  -5
12  -4
16  -3
12  -5
14  6
10  3
16  -2
12  -4
13  -6
12  -3
14  4
12  -3
19  8
13  -7
15  7
10  4
16  -2
13  -5
17  1
16  -2
15  8
15  6
15  7
11  5
15  8
15  7
13  -5
10  3
15  8
12  -5
15  7
14  6
10  3
17  2
14  6
16  -1
15  7
14  5
13  -7
11  6
14  5
13  -7
18  4
16  -2
14  4
13  -5
17  0
15  7
14  6
13  -6
13  -5
13  -5
17  2
16  -2
14  5
13  -7
12  -4
15  7
12  -5
17  1
14  6
15  8
12  -3
14  5
13  -7
14  6
10  4
14  5
9  -7
9  -6
13  -5
13  -5
11  6
14  4
12  -3
18  5
12  -5
14  5
11  4
15  6
16  -2
15  7
16  -2
16  -3
14  5
17  0
15  7
11  5
17  0
12  -3
16  -3
13  -5
15  6
16  -2
13  -7
13  -7
13  -6
17  0
13  -7
16  -2
15  7
14  4
15  8
13  -7
14  6
13  -7
14  5
12  -3
12  -3
9  -5
18  3
13  -5
16  -3
17  2
13  -5
16  -1
15  6
14  5
15  8
9  -5
14  6
9  -6
17  0
15  6
15  7
11  4
7  6
11  4
14  4
15  6
14  4
14  6
15  6
11  5
17  2
14  4
15  7
17  1
15  7
12  -5
14  4
16  -2
16  -2
13  -6
12  -3
13  -7
9  -5
14  5
17  1
12  -3
14  6
16  -3
18  4
11  4
9  -6
11  4
14  4
11  5
11  4
12  -4
11  6
13  -7
15  7
14  4
14  6
14  5
10  5
14  4
15  8
12  -5
15  8
12  -4
15  7
18  3
15  8
14  4
16  -1
15  7
12  -4
12  -3
13  -7
14  4
13  -6
15  8
13  -7
16  -1
14  6
16  -1
18  4
13  -5
11  6
13  -7
15  8
15  6
15  6
13  -7
13  -7
14  6
13  -7
17  1
14  5
14  4
15  7
17  0
8  -1
11  5
16  -2
15  6
15  7
13  -7
18  5
9  -7
14  4
15  7
14  6
11  4
14  4
13  -5
13  -7
9  -6
12  -5
14  4
8  -1
14  4
18  4
11  6
14  4
18  4
18  4
17  1
15  8
14  5
16  -1
9  -6
17  0
10  3
11  6
16  -1
14  4
14  6
13  -6
14  4
16  -2
13  -5
14  6
18  4
17  2
15  6
18  4
15  7
16  -3
14  6
13  -5
16  -3
13  -7
10  5
9  -7
15  6
18  4
16  -2
14  6
14  6
14  5
18  4
10  5
13  -5
13  -7
10  5
14  6
10  5
16  -1
16  -2
14  4
16  -3
12  -3
14  4
14  6
17  2
18  5
13  -6
13  -5
19  7
15  8
15  6
14  4
9  -5
12  -5
17  2
14  5
14  5
16  -3
18  4
13  -5
12  -5
16  -1
9  -6
15  8
11  4
14  6
11  6
11  4
16  -3
13  -7
15  8
14  4
12  -4
12  -4
15  7
13  -5
12  -3
12  -3
12  -5
17  2
7  6
15  6
14  6
11  6
15  8
13  -6
16  -2
15  8
15  6
14  4
12  -3
14  4
11  6
15  8
17  0
16  -1
13  -7
13  -6
15  7
17  2
14  6
16  -3
12  -4
13  -7
19  6
15  7
14  6
11  6
18  4
13  -7
12  -4
11  6
12  -5
12  -5
15  8
14  6
15  7
13  -5
13  -6
14  4
14  6
17  0
17  1
13  -7
9  -7
15  8
16  -3
12  -5
11  6
15  7
12  -3
15  6
7  5
13  -6
14  5
10  4
13  -5
12  -5
14  5
14  5
15  6
14  4
15  7
13  -5
16  -1
16  -3
14  4
12  -4
15  6
15  6
12  -4
17  0
12  -3
13  -7
10  3
14  4
12  -3
12  -3
11  4
12  -3
15  6
12  -4
13  -7
14  4
15  6
17  2
16  -1
16  -3
12  -5
13  -5
12  -4
11  5
14  5
16  -3
14  6
13  -6
12  -4
12  -5
16  -3
15  6
13  -7
16  -3
15  6
15  7
15  8
13  -7
