20  10
21  -6
19  -3
17  1
18  3
19  -3
19  -6
16  -6
20  3
19  -3
19  -2
17  -1
19  -3
14  -3
17  7
19  -6
16  0
17  -1
17  0
19  -8
16  -7
16  -5
16  0
18  2
21  -6
15  1
19  -7
18  7
20  6
19  -8
16  -4
17  7
20  9
17  1
20  7
20  6
17  -1
17  -1
18  6
17  5
16  -3
17  0
18  6
17  6
17  0
18  10
16  -4
18  7
21  -3
18  3
20  7
16  -2
17  6
19  -8
19  -5
17  3
20  9
18  9
21  -3
18  8
21  -10
20  10
20  4
21  -6
19  -2
17  7
13  -3
18  3
18  7
20  3
15  0
21  -3
17  1
21  -9
16  -6
18  8
13  -1
20  4
15  -5
20  4
19  -6
15  -5
18  2
18  5
16  -5
16  -3
16  -2
20  10
17  4
21  -9
17  3
16  -4
20  10
19  -5
20  9
13  -8
18  2
19  -9
18  10
15  1
19  -6
20  5
16  -4
19  -3
17  5
17  2
18  8
20  4
19  -6
20  3
21  -11
16  -2
17  4
19  -6
19  -1
17  5
15  1
17  5
20  6
19  -1
16  -4
20  5
17  6
19  -2
15  -1
18  10
19  -6
21  -3
18  5
17  3
21  -7
19  -3
21  -4
15  -3
18  6
22  -6
19  -6
20  8
20  6
16  0
18  7
16  -7
21  -4
19  -1
21  -3
19  -1
18  9
19  -6
16  -4
19  -1
20  9
17  2
19  -2
19  -8
16  -5
21  -6
19  -1
19  -7
15  -5
18  10
16  -3
18  5
20  7
16  -1
18  10
21  -3
20  6
16  -6
17  -1
20  6
15  2
17  2
21  -10
18  9
18  6
16  -2
15  -3
19  -6
21  -11
19  -7
17  7
17  4
18  4
19  -6
16  -4
16  -8
22  -3
13  0
20  11
14  -3
18  10
18  2
13  -5
19  -2
20  7
19  -9
18  7
18  8
17  -1
19  -1
21  -11
21  -4
17  1
18  2
20  9
16  -3
18  4
18  3
19  -7
20  6
21  -7
16  -7
13  -5
18  6
18  7
19  -7
17  1
18  5
14  -6
20  8
19  -4
18  4
20  4
20  6
19  -9
19  -4
15  -4
16  -4
16  -2
15  0
14  -2
18  7
21  -8
21  -3
18  2
19  -8
20  8
17  4
17  -1
15  -5
17  7
19  -6
20  6
17  4
18  6
17  4
17  4
15  -3
19  -6
18  7
18  6
17  6
16  -2
18  9
20  9
20  8
18  4
20  7
19  -9
20  10
18  8
20  11
18  9
19  -7
19  -4
20  10
22  -2
18  8
17  1
17  7
18  5
21  -10
16  0
18  2
17  6
19  -2
17  3
18  7
21  -4
17  5
19  -4
15  2
17  1
20  7
16  -7
19  -8
19  -6
14  -2
18  3
12  0
21  -7
20  3
18  6
20  4
19  -2
18  10
17  0
19  -2
17  5
20  7
19  -6
16  -7
15  -3
17  6
21  -3
19  -7
16  -6
19  -5
19  -3
20  6
19  -3
18  9
17  4
18  6
18  9
18  4
20  7
13  -6
17  6
18  2
18  5
18  10
21  -7
16  -3
20  10
17  5
17  6
20  4
20  9
19  -6
21  -10
19  -1
18  10
18  8
16  -6
19  -5
15  -3
18  3
19  -8
17  7
18  10
19  -7
21  -8
16  -1
19  -6
18  8
21  -6
19  -2
19  -7
17  7
16  -8
22  -2
18  10
18  9
19  -5
17  6
18  5
22  -3
18  8
15  2
18  2
17  -1
16  0
17  6
18  3
16  -7
15  -3
17  4
19  -3
19  -3
19  -4
18  2
21  -5
20  7
17  4
17  5
16  -5
17  6
18  4
21  -8
20  8
18  7
17  0
18  6
16  -2
18  3
16  -6
16  -1
19  -6
17  1
20  4
18  7
17  0
16  -2
20  9
19  -5
18  10
20  10
18  2
20  6
18  2
17  0
16  -7
19  -4
19  -6
18  3
18  2
14  -10
18  8
20  11
19  -1
19  -9
20  3
19  -5
15  -1
20  5
15  3
20  6
15  -2
17  1
16  -7
17  -1
18  7
19  -7
20  11
17  5
20  7
17  3
20  9
16  -7
18  9
14  -5
18  9
19  -5
20  7
18  7
18  5
17  1
20  5
18  4
19  -3
19  -9
16  -1
18  7
18  4
15  -5
17  2
22  -4
18  5
18  9
15  1
17  6
19  -2
17  2
16  -8
19  -8
15  1
20  6
15  3
19  -6
20  10
18  6
17  2
16  -2
18  6
17  4
20  10
19  -5
17  4
18  7
19  -4
17  0
18  7
18  3
18  6
18  9
16  0
16  -7
19  -6
17  2
18  6
18  2
18  7
20  5
17  5
21  -4
17  4
21  -4
15  1
20  11
17  7
17  4
19  -4
15  -5
19  -2
20  3
20  7
19  -6
20  7
13  -5
19  -4
17  0
18  6
18  5
19  -9
17  0
17  7
18  3
19  -1
21  -9
20  10
16  0
20  11
20  4
20  9
20  5
16  -3
16  -4
18  2
17  2
22  2
19  -6
20  10
18  3
20  7
18  10
16  -8
19  -8
18  7
19  -3
17  2
17  6
19  -7
20  8
18  8
18  5
16  -1
17  0
18  8
19  -9
18  6
19  -5
15  -5
16  0
22  -4
16  -5
20  4
18  10
18  5
19  -3
16  0
13  -4
18  7
16  -6
16  -7
16  -8
18  4
16  -6
16  -2
19  -7
20  6
20  5
18  6
17  7
19  -1
17  1
18  10
20  6
19  -9
18  3
16  -4
17  -1
15  -2
17  7
17  -1
19  -9
20  6
20  8
17  2
19  -6
18  8
15  -3
16  -4
21  -8
15  1
16  -5
21  -7
14  -8
18  10
20  11
16  -6
20  9
20  4
19  -6
17  7
20  3
18  9
19  -5
19  -1
22  -3
19  -9
18  3
18  10
17  7
18  2
18  9
19  -7
19  -8
16  0
17  1
21  -4
19  -6
19  -3
17  6
17  7
18  9
20  3
14  -8
20  7
15  1
18  3
21  -5
18  6
19  -9
18  4
20  11
18  7
17  0
20  6
16  -7
20  4
22  0
20  4
20  10
17  2
19  -1
18  4
18  2
17  -1
16  -4
20  6
18  4
19  -4
17  4
17  3
17  -1
16  -8
18  8
20  9
17  -1
19  -8
17  2
18  3
14  -2
19  -9
18  10
16  -4
21  -11
17  3
17  -1
16  -3
18  5
20  3
17  7
18  4
18  7
18  2
13  -2
21  -10
19  -9
18  5
19  -9
18  5
18  5
18  10
19  -9
21  -11
21  -8
14  -5
21  -3
15  -3
19  -5
19  -9
20  3
20  10
18  7
18  3
19  -8
19  -5
17  2
18  5
17  7
18  10
14  -2
16  -1
17  0
19  -1
17  3
18  2
17  4
21  -7
17  0
20  4
18  8
16  -2
20  3
21  -5
17  2
19  -5
17  3
17  3
19  -7
17  6
18  3
15  3
20  5
13  -5
18  3
14  -8
20  3
16  -3
19  -3
20  7
21  -11
19  -5
20  7
15  -5
18  5
17  -1
19  -3
17  3
15  -5
18  6
16  -7
21  -9
17  5
15  3
18  2
21  -11
20  4
18  2
18  3
19  -5
20  3
19  -6
19  -3
21  -4
16  0
17  2
15  3
20  11
19  -9
20  9
18  7
15  3
20  4
17  -1
20  6
16  0
21  -4
20  8
18  8
20  3
17  0
17  0
14  -8
17  6
20  9
17  0
18  5
19  -2
19  -6
15  -5
16  -4
19  -3
18  7
17  1
16  -1
17  0
19  -1
18  4
17  2
18  8
18  8
21  -3
20  7
19  -2
19  -7
20  8
16  -2
15  -5
19  -2
19  -1
18  6
18  10
20  10
20  10
19  -8
19  -9
17  0
21  -11
19  -2
17  0
15  -2
19  -6
18  8
19  -6
20  8
18  7
19  -1
15  -5
19  -4
16  -4
17  1
20  8
15  -4
17  1
18  8
20  5
17  5
18  6
15  -2
18  5
19  -2
18  3
17  3
16  -4
16  0
17  6
18  4
20  6
17  1
19  -1
22  2
20  6
18  10
18  3
19  -6
19  -7
19  -5
20  3
18  6
18  8
17  4
20  5
14  -8
17  3
17  0
18  2
15  1
15  1
19  -7
15  -5
16  -4
20  8
19  -5
19  -4
20  7
17  3
18  5
20  10
18  6
18  2
13  0
19  -9
18  8
17  6
17  1
15  -2
17  7
22  -1
18  8
18  5
15  -5
18  3
19  -4
11  4
18  3
14  -2
16  -7
19  -7
16  -4
16  -7
18  9
18  10
15  -5
21  -6
19  -4
20  10
17  3
17  0
18  3
18  2
14  -9
18  8
17  5
19  -5
16  -6
15  2
18  3
17  4
19  -4
18  7
14  -2
20  11
19  -6
20  8
16  -1
21  -7
17  0
16  0
19  -8
19  -6
18  4
19  -9
20  3
17  0
19  -1
18  7
19  -6
18  10
16  -5
20  9
20  3
17  0
18  2
18  9
18  2
20  5
19  -3
22  2
18  8
18  10
18  8
18  4
21  -4
14  -10
18  9
18  9
19  -5
19  -1
18  7
16  -7
17  4
18  6
17  4
21  -8
20  8
18  8
19  -5
20  6
17  1
19  -9
20  6
21  -9
18  5
20  7
16  -2
19  -9
21  -5
16  -8
18  7
14  -9
18  10
16  -2
12  -1
18  3
20  4
19  -1
19  -8
19  -8
16  0
16  0
21  -10
18  3
15  3
19  -3
15  3
15  0
19  -8
17  5
16  -2
17  4
16  -3
15  -2
19  -5
15  0
20  5
17  5
17  1
19  -2
18  8
16  -4
17  4
16  -6
17  4
19  -9
18  3
20  5
17  3
