15  0
18  9
18  8
17  -1
16  -5
17  -3
16  -9
13  -9
17  5
18  6
18  5
13  -10
16  -12
19  3
18  0
18  1
18  7
15  2
19  7
15  -1
15  -4
16  -12
18  -2
18  10
13  -10
15  2
16  -6
17  3
14  0
17  6
15  2
17  -3
16  0
19  2
16  -5
17  -1
17  0
16  -6
18  7
12  -4
14  -10
14  -8
19  -2
18  7
14  -6
19  1
16  -4
14  -2
16  -7
16  -4
14  -7
13  -1
18  -2
19  3
14  -11
14  -7
18  9
14  -3
17  -3
16  -10
18  2
18  -1
17  7
18  -2
16  -1
14  -3
16  -12
18  4
18  9
19  2
15  4
20  1
17  -3
15  0
19  4
17  5
19  7
19  2
17  -3
14  -6
17  5
14  -11
13  -10
17  5
15  0
18  -1
16  -5
15  1
20  0
21  -2
16  -10
16  -6
16  -11
16  -6
19  5
15  -1
13  -2
15  -2
16  -9
17  3
17  -1
17  6
18  4
16  0
19  8
19  4
15  -8
17  9
15  -6
15  1
17  3
18  10
16  -2
18  8
16  -2
14  -7
16  -2
14  -8
18  -2
16  -3
17  5
17  -2
16  0
15  0
18  8
15  -8
17  2
17  9
20  -7
19  1
13  -9
13  -4
18  -1
20  -4
18  8
12  0
14  -8
15  -8
17  9
17  3
15  3
15  4
15  -6
18  8
15  1
18  0
19  -4
18  3
15  1
15  -5
17  -3
14  -9
14  -4
17  6
14  -6
19  1
19  4
18  7
18  3
18  -1
16  -2
20  -5
15  4
12  2
13  -7
18  4
19  7
17  -1
16  -7
18  -2
18  10
16  -4
14  -9
19  -3
13  -13
16  -4
14  -11
16  -12
18  5
11  1
15  -1
16  -1
13  -1
18  -2
19  3
18  10
14  -11
15  -1
16  -3
17  2
18  8
17  6
15  -5
18  9
15  -7
15  -5
16  -12
16  -7
17  6
18  8
18  9
17  9
17  2
16  0
17  3
18  8
15  -5
19  8
16  -12
17  4
16  -8
17  -2
13  -1
19  0
15  2
16  -10
16  -1
15  0
16  -3
18  4
16  -11
17  -1
15  -1
15  -6
11  1
16  -2
15  3
17  8
13  -9
14  -7
19  1
17  -2
15  -5
16  -12
17  1
18  8
16  -6
14  -3
17  9
19  6
17  8
15  0
15  -3
17  1
16  -4
16  -9
18  9
17  -3
14  -1
17  0
16  -2
17  -1
15  -7
20  -5
17  6
16  -2
17  7
17  8
18  -2
17  5
17  1
19  3
18  4
17  4
15  -8
21  3
15  1
19  8
15  -1
13  -2
14  -4
17  8
20  -3
13  -11
15  -1
19  -3
14  -1
18  -2
18  -2
17  0
16  -4
17  -3
19  4
16  -5
16  -10
16  -3
16  -12
20  -4
12  1
14  -1
17  3
10  -8
19  1
16  -6
20  -8
18  1
14  -2
18  -1
19  -4
17  -3
12  6
17  6
15  -7
16  0
19  7
16  -3
16  -1
18  8
18  8
16  -11
17  -3
16  -6
17  8
17  4
18  0
15  0
16  -1
16  -5
16  -4
15  4
16  -10
17  1
17  9
16  -9
14  -1
18  3
16  -4
19  2
17  9
16  -4
16  -10
18  -2
17  9
15  -5
16  -5
18  -1
17  8
17  7
18  8
16  -1
16  -5
17  7
19  5
18  9
14  -9
15  -3
15  -8
16  -7
17  5
19  7
15  2
13  -3
18  9
16  -8
15  0
18  0
17  -1
15  -4
18  -2
13  -13
15  -8
16  -5
16  -10
15  -4
17  6
15  -5
20  3
18  6
17  8
17  0
17  4
18  6
17  5
18  9
16  0
18  1
19  6
17  8
14  -4
13  -6
19  3
18  7
17  5
16  -12
17  7
20  -7
18  6
15  -3
19  -1
18  7
16  -3
19  8
14  -12
13  -6
16  -3
14  -2
18  -2
16  -3
15  0
16  -12
18  -2
15  -8
19  -1
16  -11
15  4
16  -11
15  -7
17  2
12  8
15  0
16  -1
19  7
18  8
15  -2
15  3
12  4
18  10
18  3
16  -1
17  3
14  -11
14  -1
15  -4
18  9
15  1
16  -10
19  -1
14  -4
19  5
17  4
18  7
18  7
16  -7
17  -3
16  -2
17  5
17  5
15  0
15  4
16  -10
13  -12
18  4
16  -9
16  -7
14  -7
15  -6
16  0
17  1
16  -7
18  5
19  8
16  -4
16  -8
14  0
16  -8
16  0
15  -4
15  2
17  7
15  -6
15  -7
18  2
18  3
16  -12
18  -1
15  0
17  6
15  -2
16  -3
18  7
13  -3
17  7
15  -3
15  1
18  4
18  10
11  -8
17  7
16  -12
15  1
17  -2
16  -3
18  9
17  8
17  6
16  -6
15  -7
15  -1
16  -3
16  -10
15  -3
16  -1
16  -1
17  8
16  -2
15  -6
18  9
16  -9
20  -5
17  -1
14  -9
14  -7
18  3
16  -8
17  2
18  -2
16  -8
11  3
15  -3
18  8
18  7
13  -10
14  -4
14  -6
16  -8
15  -6
16  -8
16  -10
15  -7
18  7
19  2
19  4
18  8
19  3
15  -4
14  -2
18  -1
16  -4
14  -8
17  3
17  9
15  -5
15  -7
16  -3
17  3
14  -6
17  -2
16  -4
17  -1
20  2
16  -12
18  3
18  1
19  -1
16  -10
12  3
13  -7
16  -4
16  -9
18  5
17  0
17  7
18  3
18  9
18  1
17  9
14  -1
16  -3
12  5
16  -5
15  2
14  -2
10  -7
14  0
18  3
15  -4
15  3
16  -5
17  0
19  8
15  -5
19  4
18  6
18  0
17  3
18  9
15  2
17  5
18  1
16  -3
18  5
15  2
15  -2
18  4
19  6
16  -9
18  4
16  -4
19  -2
18  -2
18  5
19  0
17  6
14  -10
18  3
13  -1
13  -4
15  1
15  4
16  -3
17  9
15  -3
18  10
16  -3
16  -6
15  -3
16  -4
14  -1
14  0
16  -6
16  -3
19  8
16  -7
15  3
16  -4
17  9
19  -3
16  0
19  8
17  9
16  -5
17  0
17  3
16  -10
17  5
19  -4
17  2
17  5
13  -2
16  -9
14  0
20  3
15  -3
20  -8
17  4
17  3
18  8
19  -2
19  1
19  -4
16  -2
17  4
17  6
16  -9
15  -5
16  0
11  0
15  -2
16  -12
17  -1
12  -2
19  4
17  -2
20  -9
11  1
16  -8
18  4
16  -4
16  -8
15  -2
15  3
18  5
14  -7
18  0
17  3
16  -4
15  -4
15  -3
18  10
13  -11
12  1
14  0
14  -6
16  -11
16  -4
14  -1
17  -2
16  -7
17  -1
17  7
20  3
16  -11
12  -4
15  -2
17  -3
16  -9
14  -2
17  8
18  5
12  1
14  -11
19  0
18  0
18  3
19  5
19  5
14  -2
16  -4
13  -5
15  0
17  0
15  -5
19  4
13  -3
16  -10
21  3
16  -1
17  0
15  2
15  1
14  -12
18  10
15  1
15  0
20  0
18  5
12  4
15  -2
17  9
21  -3
16  -10
15  -5
20  0
16  -3
12  3
16  -6
16  -9
20  -2
20  -6
14  -4
17  3
14  -3
15  -4
17  -3
16  -4
17  9
16  -7
14  0
18  2
17  7
14  -6
18  0
17  7
17  1
16  -8
20  -8
15  -2
20  -2
14  -7
17  0
18  4
14  -2
19  0
17  -2
18  -1
16  -2
18  2
18  2
16  -7
16  -9
17  0
17  3
18  -1
14  -10
16  -6
13  -7
18  10
14  -9
17  -1
17  8
17  1
19  2
16  -6
16  -5
16  -10
15  -3
16  0
18  4
18  -1
17  6
20  -4
14  0
17  3
15  -7
17  6
16  -9
12  4
13  -13
14  -7
16  -7
16  -3
17  5
20  0
18  0
13  -7
17  9
17  5
17  4
13  -11
14  -1
14  -2
15  2
16  -10
16  -7
15  -4
19  4
17  3
15  -6
16  0
19  3
11  -9
17  0
20  2
16  -11
18  1
17  -3
17  1
16  -1
17  7
14  -6
19  7
18  5
15  2
16  -4
16  0
19  -4
17  0
13  -4
18  6
19  6
12  3
14  -5
16  -6
17  7
19  8
18  2
18  0
16  0
15  3
17  0
16  -11
18  6
18  7
17  4
15  -8
15  3
16  -11
17  3
16  -3
17  7
20  1
14  -12
20  -1
16  -6
14  -5
17  7
18  8
17  3
19  -2
15  1
20  -2
17  0
15  -6
16  -4
21  1
15  1
16  -4
18  10
17  1
14  -2
15  -4
17  2
13  -3
16  -5
18  2
17  9
16  -8
13  -4
19  7
16  -10
14  -8
19  -1
19  6
19  2
16  -6
19  -4
16  -3
14  -1
19  4
17  -3
19  -1
16  -12
20  3
18  0
16  0
15  3
15  0
14  -5
16  -4
20  2
18  0
17  1
18  8
16  -8
16  -3
18  7
16  -3
18  8
17  5
18  6
15  3
20  -8
17  2
17  2
16  -9
16  -3
19  4
11  -5
16  -5
17  8
18  5
18  8
16  -4
18  -2
17  3
15  -4
14  -6
16  -5
17  -2
17  6
19  -1
20  -7
17  5
19  -3
17  9
17  7
18  9
18  5
19  2
19  7
19  4
19  -2
19  1
17  5
15  3
16  -10
18  1
17  5
16  -8
12  5
13  -11
16  -8
14  -7
19  8
15  4
19  -2
20  -8
15  0
18  2
16  -1
20  2
13  -9
17  -1
18  4
19  -2
19  -4
20  3
14  -5
15  -3
16  -6
16  -11
17  -1
16  -4
16  -4
17  6
18  9
15  2
16  -12
19  2
19  5
14  0
17  5
13  -5
17  9
17  1
16  -12
15  2
16  -11
15  -8
16  -12
19  0
17  8
18  -1
18  5
17  -3
17  7
16  -10
17  5
16  -9
17  2
