18  4
12  -1
17  2
14  8
15  8
15  0
15  9
20  5
15  -1
17  -1
18  -4
16  -3
16  0
15  0
17  -1
14  0
21  3
18  -5
15  2
14  6
14  -1
19  0
13  8
11  -3
14  5
15  -4
16  4
14  0
9  -10
15  1
16  7
21  -6
12  5
20  1
15  6
12  4
16  7
15  9
14  3
17  2
14  -2
12  7
13  0
12  0
17  -6
9  -1
21  4
14  -5
16  -2
15  7
14  5
16  -2
14  -2
13  5
17  4
16  -4
15  6
13  3
12  -2
17  5
16  7
12  -1
15  -4
12  8
13  1
11  -2
14  -2
16  6
17  5
13  10
10  3
16  9
12  5
12  -3
18  6
16  -3
15  -5
14  7
15  -2
14  -3
14  1
11  -12
14  5
18  0
18  -5
13  5
19  2
17  -6
18  5
8  3
16  6
14  6
11  -7
16  8
18  4
12  7
17  -1
16  -2
18  5
14  -4
18  -3
14  -4
16  -1
13  6
16  7
18  9
15  7
17  -2
18  4
16  -5
14  -2
11  0
9  -3
10  -7
14  8
19  9
13  7
13  -2
14  7
15  3
13  1
14  -6
13  9
14  7
16  2
12  5
17  -4
17  -4
12  -2
12  8
19  10
17  -2
14  5
15  1
10  -10
15  1
16  4
11  -7
13  9
17  7
14  7
15  9
13  4
17  0
16  0
16  3
16  -1
17  5
15  1
19  7
11  -12
18  8
15  0
19  1
15  8
17  5
13  6
12  3
13  2
14  -6
14  -2
15  -1
11  -5
16  2
17  -4
14  4
13  0
16  0
11  -2
17  -4
13  7
12  8
15  -2
16  7
15  2
16  6
16  -4
9  -12
10  -2
13  3
17  3
17  7
12  4
12  8
13  9
19  -1
11  -8
16  7
19  -2
16  -1
14  -6
15  -1
17  3
16  5
15  6
15  3
16  9
16  -3
16  7
9  -5
13  6
20  10
13  3
15  -3
17  7
13  -2
13  11
16  0
15  1
14  -1
15  8
13  12
12  10
17  5
16  -4
13  2
16  9
17  -6
16  -5
15  -1
15  8
17  5
16  9
14  -2
13  12
14  2
16  9
14  4
14  -6
12  0
18  4
16  9
13  6
11  -5
19  10
16  6
17  7
17  6
12  -2
17  -2
11  1
14  4
15  1
15  9
15  1
12  7
14  0
15  -2
17  0
13  9
16  -3
15  7
11  -10
12  11
18  1
16  6
11  -1
14  2
16  -2
20  10
15  -4
12  0
15  -2
18  -4
15  7
18  2
18  8
13  -1
15  4
14  -3
15  4
14  4
12  8
20  5
15  9
13  10
19  0
12  1
12  4
14  -1
14  0
14  -6
15  0
12  8
18  1
16  3
22  4
13  6
10  -10
17  4
18  4
18  2
15  1
18  5
19  1
17  2
19  3
17  -6
18  -1
17  8
19  2
14  -5
12  6
18  0
15  0
15  -1
17  4
20  3
18  -3
14  -3
14  7
14  -6
12  5
15  8
12  11
14  -4
16  1
18  2
13  2
15  4
14  4
14  -1
18  -2
23  -1
12  11
12  1
19  -3
15  3
15  5
17  -4
13  3
10  -11
19  9
17  -2
18  3
15  4
14  -6
16  0
16  6
8  3
14  7
10  -7
16  -4
14  0
16  1
15  3
10  3
21  -6
13  9
14  -3
16  -5
14  -6
13  11
12  3
19  5
14  -5
10  -1
14  0
12  10
17  4
12  2
21  7
20  6
17  -3
16  -1
10  -11
12  2
13  4
16  1
18  4
13  8
16  -3
17  6
15  5
16  8
12  7
15  -3
15  3
13  9
11  0
17  6
13  6
17  6
18  -1
15  -3
11  -7
13  1
13  2
16  9
18  9
19  0
14  -1
15  -1
14  3
12  2
15  -2
20  1
15  5
17  -5
16  -1
16  5
12  5
17  -2
19  10
16  0
17  1
10  -5
16  9
12  2
11  -10
14  5
16  5
14  2
15  0
15  3
14  -1
18  1
19  7
16  3
15  8
10  -2
17  -1
18  -3
18  9
14  4
13  -2
14  -6
14  5
16  5
14  1
12  9
18  0
16  8
11  2
16  -3
16  6
16  7
13  10
14  0
19  4
11  -5
14  5
18  4
16  5
15  7
18  -2
14  5
15  -4
11  2
12  4
18  2
11  0
12  2
13  3
18  1
19  -3
14  0
18  6
11  -12
17  1
16  6
21  1
15  -1
13  -2
15  -2
18  0
13  9
12  -3
14  -1
14  3
15  8
16  7
13  5
17  1
13  1
14  -6
13  -1
14  2
15  7
18  9
11  -9
12  4
16  -5
15  1
16  2
17  -4
14  5
17  3
20  9
13  4
14  -4
15  3
18  5
20  1
15  -3
14  1
19  -1
12  4
17  -2
11  1
16  -1
17  5
20  12
12  5
14  6
19  -4
17  6
13  0
18  8
14  -1
19  -2
12  9
15  3
10  -10
9  -10
17  -1
10  0
16  7
9  -10
12  2
20  6
17  2
15  7
18  -3
16  4
14  -6
16  -4
10  3
14  4
15  -4
15  -2
14  -5
19  9
13  5
13  11
11  -10
13  7
13  3
13  12
18  -2
12  7
16  2
14  2
17  -4
13  0
13  8
15  9
17  -4
12  1
20  1
17  4
12  -1
14  1
12  11
15  2
14  -1
10  -3
17  5
16  -2
10  -10
19  9
13  -1
15  -5
12  -3
13  -1
16  -2
16  6
15  2
11  2
16  -3
15  3
17  0
11  -6
19  -4
16  3
13  12
13  5
8  5
12  -2
10  -6
16  -4
10  -2
15  9
12  0
14  5
10  -3
15  -2
15  9
15  -3
13  -2
14  7
15  7
16  -2
14  -4
19  4
15  -5
14  0
17  2
15  6
18  -3
18  5
12  0
10  -7
15  6
18  8
16  2
19  -3
14  8
19  4
15  -1
9  -3
20  13
13  2
16  -4
16  5
14  -5
15  2
13  8
15  4
13  12
13  8
13  0
20  5
13  -2
14  0
18  9
9  2
14  7
14  0
17  3
18  8
14  3
13  -1
16  8
15  -4
14  7
16  -3
16  -4
15  4
20  4
16  -4
13  6
16  -4
18  -3
15  -1
19  0
19  0
8  5
19  2
14  6
13  8
16  7
16  -3
14  0
13  6
14  7
10  1
14  6
14  -3
13  -1
17  -2
15  -1
16  5
10  -11
11  -7
14  -1
16  -4
14  -2
14  -3
7  -11
12  2
15  6
14  7
20  7
17  -5
14  -4
16  -5
14  5
15  -2
16  -4
15  6
14  -1
17  7
18  6
13  -2
14  -6
14  6
16  -4
17  5
13  5
17  3
15  -2
14  -5
15  -4
17  -1
15  -3
16  -1
13  6
21  3
14  1
13  3
16  -3
12  2
12  9
14  2
20  2
15  -4
14  8
18  -2
15  5
17  -1
11  -11
11  2
13  9
16  -1
15  5
17  1
13  1
14  4
18  1
13  3
18  5
19  3
17  3
14  3
15  9
16  5
15  4
16  4
13  3
16  -5
14  -3
12  2
13  10
18  2
19  -4
14  2
13  -1
18  9
12  11
15  2
16  9
15  1
19  0
9  -9
13  1
16  -5
17  -6
13  12
13  -2
16  0
17  7
13  1
14  -3
14  -3
12  3
19  9
15  -1
12  6
13  0
15  3
16  -3
13  -1
16  4
14  -2
20  3
14  1
14  8
18  6
15  7
14  1
13  3
18  4
17  3
16  8
17  -3
15  5
15  5
18  2
16  0
18  7
17  -4
15  -1
12  -3
15  1
14  -4
16  -1
16  -1
13  3
12  -1
15  0
14  2
13  0
17  1
14  -5
16  -3
13  3
12  2
10  -6
17  6
14  0
16  6
9  -2
15  8
12  2
17  2
15  3
19  -2
17  -3
10  -2
16  9
13  8
10  -5
15  3
14  5
13  11
17  -3
16  3
15  8
13  1
20  10
17  3
12  11
13  5
13  -1
16  8
16  7
12  6
13  8
16  -3
14  3
16  -4
19  10
15  0
14  0
15  3
17  -1
14  -5
16  9
15  2
10  -11
18  -3
13  12
18  -4
14  -2
18  3
13  8
16  -1
19  2
15  4
16  3
15  9
15  -1
16  8
17  -3
19  9
14  -5
14  0
15  4
15  1
12  5
15  0
11  1
18  4
12  -2
16  5
17  8
16  -1
16  -5
14  6
13  5
18  -3
13  2
12  2
13  9
15  5
15  7
13  7
20  -1
14  4
10  -2
14  0
17  8
14  -4
15  0
15  7
13  4
16  -3
16  -3
14  8
16  9
10  -2
17  -3
14  4
12  11
13  1
20  5
15  -1
16  -3
14  8
20  5
10  -11
13  8
15  9
16  5
13  4
13  9
16  -3
17  7
15  8
16  8
20  12
16  6
16  6
14  6
14  3
14  8
19  1
15  1
15  4
11  2
20  9
15  -2
17  2
19  0
19  9
12  0
18  0
15  4
19  7
16  -1
17  3
11  -3
17  -5
10  1
10  -1
14  3
15  -1
12  -2
15  -1
14  8
8  13
17  -6
16  4
11  1
18  4
17  -1
12  8
18  8
13  9
13  4
15  2
17  0
14  -4
19  5
13  12
14  -6
17  5
12  9
15  -1
11  1
16  2
9  -11
12  -1
16  1
18  -2
11  -6
12  9
14  7
11  2
17  2
12  10
8  4
16  0
13  9
16  4
15  9
12  4
12  11
18  9
11  -2
17  -3
16  6
12  7
11  2
13  3
13  9
16  3
16  -2
20  -1
11  1
14  0
13  1
16  -5
16  -5
15  8
9  -8
13  9
13  -2
18  -1
