15  5
18  6
15  1
19  2
18  1
18  3
17  -1
11  4
14  -3
18  4
13  -8
13  -9
14  -4
19  -2
13  -5
16  3
18  6
11  1
15  1
13  -6
18  -2
15  5
18  4
12  1
17  3
15  5
13  3
18  1
19  1
17  1
16  4
15  -1
15  5
14  -12
16  -4
15  0
21  3
16  -4
15  2
13  -4
14  -12
15  10
14  -10
16  0
19  5
14  -6
15  -1
16  4
18  7
20  -2
17  3
16  0
15  1
19  4
19  1
14  -5
13  -3
16  4
14  -9
16  1
20  2
14  -11
14  -3
14  -3
15  -1
10  -1
16  0
13  -7
15  0
14  0
12  8
12  2
21  -2
11  2
22  -3
17  3
16  -3
16  6
17  -2
10  9
19  0
16  2
12  5
19  2
16  -5
17  0
15  8
19  7
12  0
17  -2
13  -5
20  7
19  5
9  8
18  4
12  -1
15  4
15  10
15  2
12  -1
17  -3
14  -12
19  5
17  5
17  4
12  1
12  0
15  8
17  -2
15  10
14  -4
17  -4
13  -5
15  0
15  4
13  -9
14  -10
15  8
18  -4
21  -9
18  5
13  -5
19  -5
15  6
16  0
15  2
14  -6
16  -5
16  0
13  -8
16  -4
19  4
14  -10
16  -3
18  5
21  -6
15  9
17  3
17  2
12  2
15  -2
14  -1
18  0
17  1
15  5
11  5
14  -10
14  -6
16  -4
13  0
17  -2
19  6
14  -11
17  -5
18  6
13  1
14  -8
15  0
21  3
16  1
17  0
17  4
14  -12
19  -1
21  -2
12  8
17  -1
15  1
16  -5
20  9
17  -4
17  7
17  7
14  0
15  9
13  1
14  -8
17  -2
14  -5
21  -6
15  6
12  -2
15  2
16  6
19  5
9  -3
21  -7
20  4
18  -1
11  8
20  1
19  -1
14  -3
15  -1
16  3
17  -2
19  4
15  6
20  -3
19  -2
20  0
19  4
16  5
16  -5
14  -9
14  -5
16  -3
12  5
14  -10
16  4
13  -7
14  -12
17  5
10  -2
16  6
14  -3
17  1
15  1
14  -2
13  -2
14  -1
13  0
16  6
19  6
14  0
16  0
17  5
16  -1
15  7
20  3
17  4
9  4
18  1
14  -7
15  -2
15  8
17  2
15  5
14  -11
14  -5
16  6
17  6
13  2
15  5
17  0
19  5
15  -2
16  1
20  6
12  3
15  8
16  -1
15  3
18  2
14  -9
17  1
19  2
16  0
17  -5
13  -9
19  5
16  -2
16  -5
15  -1
18  -2
15  -1
19  1
19  6
12  -4
12  -3
17  1
11  3
15  -2
17  -1
16  7
18  -3
14  -7
16  0
21  2
19  4
18  1
13  -6
14  -12
14  -11
10  9
11  7
17  -4
16  -5
14  -11
16  -4
17  6
19  -5
18  -4
18  7
18  3
17  2
17  -5
15  1
12  5
16  1
12  1
20  2
15  6
12  5
16  -2
17  6
11  6
15  5
14  -9
16  -5
13  -8
14  -2
11  -1
14  -7
13  -7
18  -2
14  -10
10  1
14  -2
15  -2
10  1
12  -1
20  3
13  -1
10  7
15  1
15  6
18  7
13  -2
11  7
17  -5
16  4
16  5
18  -5
12  3
17  6
17  3
13  -6
16  5
17  4
16  5
12  -1
15  -1
17  2
15  -2
12  6
19  4
15  2
14  -6
16  3
11  9
16  5
10  3
16  6
19  1
17  1
18  6
15  6
14  -1
17  3
16  5
12  8
17  -4
14  -1
19  0
16  7
18  6
17  6
15  1
15  6
19  7
15  -1
17  1
14  0
20  -1
18  -3
15  7
17  -4
19  2
12  5
17  -2
11  1
15  9
13  -5
13  -3
12  -4
17  4
14  -8
18  -1
16  0
15  -2
16  -4
14  -5
13  -7
23  -2
15  3
16  -2
15  10
15  3
15  7
20  -1
14  -2
14  -1
17  4
17  -3
13  -5
20  5
14  -11
13  -9
13  3
20  6
15  5
16  4
16  2
13  2
16  -3
10  -1
14  -4
16  -3
17  -4
11  3
18  7
15  6
16  0
17  1
17  7
14  -7
14  -8
18  7
16  -4
15  6
17  3
13  -7
14  -11
13  -9
17  5
11  2
16  4
23  1
16  3
18  -4
11  0
13  -1
19  -5
15  2
20  -2
13  -8
22  -11
9  -3
13  1
17  2
18  2
18  0
18  7
13  -3
17  6
14  -7
16  6
16  6
21  2
16  6
17  2
14  -2
21  -2
20  2
18  -5
18  -3
10  4
12  7
17  5
16  -3
14  -3
16  3
21  -7
19  -3
9  -1
17  3
12  -1
18  -3
13  2
16  0
14  -8
13  -7
10  2
17  6
15  4
13  -8
15  7
15  8
19  3
11  4
17  3
16  1
23  2
14  -9
19  4
14  -2
22  0
14  -6
14  -5
16  3
15  -2
15  0
17  7
18  -3
10  5
16  7
16  -3
15  -1
16  3
17  6
11  8
14  -4
15  2
16  7
11  -1
11  0
10  -3
19  4
16  -3
16  0
16  2
19  7
12  4
13  -5
16  -3
15  7
10  6
17  7
13  -4
16  2
18  4
15  7
14  -5
12  -4
16  5
16  -4
19  5
19  7
15  8
17  2
18  7
18  -2
16  0
20  1
18  -3
12  4
15  9
16  -4
13  -6
12  5
16  6
18  -2
19  3
17  -2
15  7
15  0
12  5
13  -4
21  -8
13  0
14  -11
13  -8
16  1
13  -5
18  6
10  6
21  -9
17  4
21  3
20  0
14  -2
20  6
19  2
16  0
20  8
15  -1
20  5
20  8
15  3
15  5
16  5
11  5
15  6
14  -7
15  10
16  4
16  0
13  3
16  3
13  -5
16  -5
16  -2
19  6
17  -1
18  0
14  -1
17  5
17  -5
17  7
17  -2
13  -1
12  7
13  2
16  -4
10  -2
16  -5
16  4
16  4
17  -4
18  4
19  2
15  5
20  4
16  0
14  -5
13  -1
18  -5
13  -4
14  -4
14  -2
15  9
12  4
15  9
18  -2
15  10
15  0
19  -4
18  4
18  -1
12  -1
15  1
19  -3
15  2
14  -5
16  -2
15  7
17  1
16  6
12  6
18  2
17  -2
12  3
9  3
14  -11
15  1
15  2
15  1
14  -1
17  1
15  -2
18  -3
12  1
18  -1
10  1
12  -4
17  0
13  -5
17  -2
17  0
20  6
17  4
16  1
12  -4
14  -7
17  -2
15  5
16  3
12  -2
17  -5
15  -2
13  -2
10  4
11  1
17  0
14  -10
15  9
13  -5
11  7
14  -12
13  -4
19  6
11  5
16  5
21  -8
12  2
17  5
11  3
12  8
12  -2
13  -6
15  9
19  -3
17  -5
17  -1
18  -2
15  8
13  -5
16  2
17  -4
15  1
15  -1
16  -3
14  -3
14  -5
13  -1
11  9
19  -1
16  2
17  2
12  3
17  0
14  -9
16  7
13  1
16  6
18  5
14  -2
14  -7
15  3
14  -12
15  4
11  10
12  1
11  1
12  -2
14  0
12  6
19  -2
13  2
15  8
18  5
12  7
13  -2
16  -2
18  -4
18  -3
16  7
12  1
14  -8
15  5
22  -1
15  8
16  -2
17  -3
17  7
20  -2
17  2
19  6
12  -4
12  3
13  3
15  3
10  0
17  -1
16  0
16  -3
18  7
17  5
13  -5
11  -2
15  -2
15  8
18  7
18  3
10  7
17  -3
17  6
14  -9
13  0
15  5
12  5
16  -4
16  -1
13  -4
13  -8
20  2
18  5
16  1
15  2
16  -3
19  6
13  1
14  -9
13  -6
18  -2
16  2
16  2
19  0
14  -2
22  -3
19  -1
16  -5
16  3
23  6
13  2
14  -3
15  9
17  4
13  2
16  2
15  7
17  5
13  0
11  9
14  -7
15  6
15  4
18  7
15  3
17  -2
11  -2
9  9
15  4
19  -3
15  3
15  3
15  7
9  9
17  3
18  -2
17  -5
15  4
11  8
16  3
17  -5
18  -1
10  1
10  8
16  5
13  3
15  1
15  1
12  -1
14  -7
15  -2
16  7
14  -2
14  -5
15  0
16  -5
20  4
12  -2
18  4
16  4
10  5
13  2
10  7
16  5
18  -3
14  0
15  1
19  6
18  4
16  -4
14  -9
19  -1
12  7
15  -1
16  3
18  -3
11  7
16  -1
15  -1
16  -2
11  4
15  10
20  4
17  -4
10  -1
16  3
13  -8
14  -2
16  -5
16  2
16  4
16  -2
14  -5
14  -4
15  0
14  -1
17  5
17  -1
11  10
17  7
18  -1
16  4
13  -4
16  5
21  3
13  2
18  7
20  2
19  -1
15  -1
16  2
11  2
16  7
15  1
14  -10
10  2
17  -2
14  0
14  -6
21  2
18  0
15  -2
15  4
17  3
15  4
14  -4
20  1
13  2
15  8
14  -11
17  5
19  7
18  -1
16  -1
20  9
16  -1
16  -1
17  6
14  -5
14  -10
16  -1
20  2
18  0
12  5
16  -5
20  9
15  6
16  2
11  -1
18  -4
16  -3
17  1
11  2
15  7
16  1
18  -4
17  -1
15  8
14  -4
13  0
16  -2
18  -4
16  5
20  1
17  6
17  0
15  3
19  -4
8  8
14  -2
15  7
13  -3
15  3
17  -4
18  -5
13  -6
16  -5
14  -2
12  3
13  -2
17  -2
18  2
16  -2
16  2
14  -1
11  5
12  -2
11  3
17  2
14  -10
20  9
17  -2
13  2
15  10
20  3
13  1
14  -9
13  2
20  6
17  4
17  -1
10  8
18  0
17  1
18  0
10  6
18  1
19  7
15  2
15  10
16  6
20  3
13  -7
20  4
18  -4
