11  -3
10  3
10  3
12  -9
10  4
14  0
7  1
14  -6
12  -1
11  -7
11  -1
14  -6
8  -8
7  1
10  4
13  -7
10  3
10  0
8  -8
13  -7
7  -4
9  3
9  2
12  -2
11  -5
9  6
12  -4
10  -1
9  4
11  0
7  -5
10  3
13  -4
13  1
9  5
10  5
13  1
7  -3
11  -3
7  -2
11  -2
6  5
13  0
10  -2
9  7
13  0
10  1
9  6
10  -1
13  -2
10  0
11  -3
8  -4
12  -5
9  7
8  0
7  0
9  2
12  -9
5  4
7  -2
10  5
9  8
8  -8
8  -6
13  -3
10  -1
11  -7
12  -3
9  4
10  4
14  2
11  -5
10  3
8  -1
10  -1
10  1
9  6
11  -2
13  -4
12  -2
13  -7
9  5
11  -7
10  1
9  2
11  -2
9  3
8  -3
12  -3
9  2
10  -3
9  6
10  2
9  0
11  -4
8  -1
12  -5
9  0
14  -4
9  0
10  0
10  -3
10  3
8  -7
9  8
9  2
6  2
13  1
2  -6
13  1
12  -7
12  -4
11  -5
13  -4
11  -1
7  -4
7  1
6  5
8  -2
9  5
11  -5
11  -2
10  3
11  1
10  4
14  -4
10  -1
7  1
9  2
8  -8
10  4
12  -6
7  -1
9  1
11  0
11  -6
9  0
12  -2
7  -1
12  -8
8  -5
11  -4
12  -5
11  -2
9  8
9  6
10  2
10  1
14  1
9  1
12  -9
11  -3
9  6
10  -3
11  1
12  -5
12  -3
10  2
11  -7
9  8
9  4
10  3
10  -2
9  0
7  -1
12  -7
12  -6
12  -8
10  0
7  0
10  4
12  -2
12  -7
10  -3
8  -6
10  -1
10  5
12  -8
13  -2
11  -6
11  0
8  -6
10  2
7  -5
11  -6
10  0
11  -5
9  2
14  -5
11  -7
11  -7
10  -3
9  5
10  0
10  -1
8  -5
11  -7
13  -1
10  -3
14  -6
6  5
11  -7
7  -6
9  6
12  -5
10  2
10  4
10  1
10  0
12  -2
8  -8
9  7
8  -8
10  5
10  0
9  4
9  4
8  -6
9  4
9  7
7  -2
11  -4
9  5
10  3
12  -1
12  -2
11  -7
10  2
11  -3
11  -6
7  0
9  3
14  0
14  -1
10  5
11  1
9  3
11  1
14  -6
11  -6
10  -2
11  1
8  0
8  -3
12  -7
13  -6
13  1
9  2
11  -6
12  -2
11  -4
9  6
10  -3
12  -7
11  -6
8  0
12  -2
9  0
10  0
10  0
14  -5
15  -5
8  0
12  -7
10  5
11  -7
10  3
9  3
10  2
10  -1
11  -6
9  7
10  0
9  1
7  1
10  0
11  -1
8  -8
7  -5
11  0
10  -1
13  -6
11  -7
8  -3
12  -3
11  -7
11  -3
13  -4
6  -1
11  -3
11  0
6  0
11  -4
10  0
7  0
9  6
8  -4
9  6
11  -6
3  8
8  -4
11  -4
11  1
13  -2
14  0
10  0
11  0
14  -3
11  -7
7  -1
10  -1
10  -3
8  0
9  2
8  -2
11  1
8  -3
10  2
10  2
8  -5
10  -2
10  1
8  -7
10  4
12  -6
11  -7
13  -6
14  -3
12  -7
11  -5
12  -9
10  -1
9  4
11  0
12  -7
10  -2
14  -6
10  -2
10  0
11  0
8  -6
8  -3
12  -7
10  5
9  8
7  1
6  2
7  -7
9  8
8  -3
14  -1
12  -8
10  1
10  4
10  3
12  -5
11  -7
12  -5
10  -2
9  3
13  -4
11  -2
8  -5
7  1
12  -2
5  9
10  1
8  -8
10  -1
10  -2
9  8
10  -2
12  -9
11  0
10  -2
10  -3
6  4
14  -2
13  -3
10  5
9  3
10  0
12  -6
9  8
12  -3
11  -1
7  -7
8  -5
9  3
10  1
8  0
14  0
9  6
11  0
9  7
12  -7
14  -1
11  -6
9  2
9  3
12  -5
11  -3
8  -5
12  -3
4  4
8  -3
12  -3
12  -4
11  -2
11  -6
9  2
9  2
9  2
11  -5
10  1
10  5
12  -5
10  -2
12  -4
8  -2
8  -5
8  -5
9  3
6  0
8  -2
9  7
11  -4
6  2
9  8
9  1
12  -8
15  -2
10  5
8  0
9  1
10  4
12  -5
10  3
8  -7
10  3
13  -4
7  -3
8  -2
9  0
10  5
9  7
13  -7
6  4
11  -2
14  -1
14  0
11  -6
8  -3
11  -7
9  6
14  -5
12  -7
9  3
13  -5
9  4
11  0
9  0
7  0
9  1
10  -1
9  0
13  -1
10  1
8  -5
11  -6
7  -6
10  2
10  3
8  -5
10  -1
6  3
12  -1
12  -3
9  5
11  1
8  -7
9  3
6  0
9  3
7  -3
12  -6
12  -2
6  1
10  -3
13  -7
13  1
8  0
11  -5
12  -1
11  -6
10  1
12  -5
9  0
10  4
9  6
12  -9
8  -1
11  -4
13  -2
8  -5
10  5
10  5
5  3
9  8
12  -2
12  -4
9  2
13  -7
10  1
8  0
12  -9
8  -5
10  1
9  3
11  -2
9  3
8  -1
11  1
8  -1
12  -2
11  -4
11  -2
11  1
10  -3
10  4
10  2
8  -4
9  2
7  0
11  0
12  -1
8  -5
13  0
10  3
9  0
9  4
12  -7
10  -3
8  -5
11  0
7  -1
9  5
11  1
12  -3
10  5
12  -2
10  -1
12  -7
8  -1
7  -6
11  -4
11  -1
7  -3
13  0
12  -1
9  5
10  1
9  2
13  -2
10  0
10  2
8  -4
10  3
9  0
8  -1
10  -1
11  -4
11  -4
10  5
11  -4
13  -5
12  -4
6  6
13  1
9  4
9  5
8  -1
6  3
11  -1
12  -7
11  -4
13  -2
14  -3
10  1
9  8
14  -2
12  -3
11  -3
14  0
10  3
12  -9
10  -1
8  -5
9  7
9  1
10  -3
9  7
11  -1
11  1
12  -7
9  4
9  2
6  1
7  -2
9  2
13  1
11  1
10  -3
12  -8
10  5
6  6
9  7
6  -1
12  -1
8  -5
11  -6
11  -3
12  -2
11  0
12  -9
8  -7
7  -5
10  1
7  -2
9  2
6  -2
10  -3
10  5
8  0
10  -1
11  -6
13  -1
12  -7
10  2
10  -3
10  3
8  -4
12  -1
11  -1
13  0
11  -7
11  -6
9  2
11  -6
11  -3
13  0
13  -3
11  -7
9  8
9  6
12  -4
14  -3
9  8
9  5
9  6
12  -5
9  0
10  4
11  -1
9  6
11  -4
11  -2
7  0
11  -3
11  -4
9  0
9  1
10  2
11  -5
14  -5
7  -2
10  4
10  -3
13  -4
10  1
9  4
11  -1
11  0
11  -2
12  -3
8  -7
13  -1
15  0
11  -5
9  8
11  -1
7  -7
14  -3
4  5
7  -3
10  5
10  4
8  -5
11  -4
11  -3
14  -4
10  1
7  -2
9  6
10  -3
9  6
12  -5
8  -6
14  1
12  -7
10  5
12  -6
11  -2
9  4
10  1
8  -4
8  -4
9  6
10  4
10  -1
7  -7
9  5
12  -3
12  -7
9  7
10  0
6  3
9  4
11  -1
11  -6
11  -1
9  4
12  -6
12  -9
10  -1
9  6
11  -6
10  -3
8  -7
5  8
9  5
8  -5
10  4
7  -7
7  1
10  2
9  2
11  0
13  -6
9  2
11  -4
15  -1
10  0
8  -1
7  -2
9  8
9  3
13  -5
9  1
5  7
10  -2
11  -7
11  -1
6  0
9  8
12  -3
11  -2
14  -3
12  -9
13  -5
9  3
11  -5
12  -9
10  5
6  6
9  5
12  -2
9  5
8  -8
8  -5
7  -3
12  -5
10  -2
10  4
11  -2
11  -1
11  0
8  -3
12  -5
6  6
10  4
11  -4
15  1
13  -4
7  -4
10  4
10  3
14  -6
10  3
12  -7
13  -6
9  6
12  -3
8  -3
13  -5
7  -1
7  -3
11  -1
11  -2
10  -3
11  0
14  1
9  8
8  -8
11  -1
12  -9
11  -2
11  1
12  -2
7  -4
9  4
10  0
10  -1
9  3
8  -3
9  1
11  -6
7  -4
13  -5
10  0
11  -2
11  1
9  3
11  -4
10  5
13  0
6  5
8  -7
12  -9
10  2
10  5
10  5
13  -3
10  5
9  6
9  8
11  -2
9  6
10  3
9  2
6  5
10  5
11  0
9  5
9  7
12  -3
8  -8
8  -8
8  -1
8  0
10  3
8  -1
10  5
7  -3
10  -2
6  2
11  -5
11  -6
7  -6
6  4
9  4
10  4
10  3
11  -4
11  -6
6  4
13  0
11  1
11  -7
9  2
13  0
9  0
11  -3
10  -3
9  0
7  -2
9  1
11  -7
10  3
9  3
10  0
9  2
10  2
9  1
12  -1
12  -6
9  5
10  -1
8  -7
15  2
10  -1
13  1
12  -5
7  -3
10  2
8  0
14  -6
11  -1
10  3
12  -4
10  3
12  -6
9  4
11  -6
13  -2
12  -3
8  -3
10  4
12  -2
9  3
8  -4
12  -8
9  7
9  8
13  -1
11  -5
8  -3
8  -2
10  2
9  6
10  -1
10  -3
11  -6
9  4
11  -1
12  -1
10  -3
11  -2
9  2
10  3
8  -3
9  4
8  -7
5  8
8  -2
12  -8
12  -2
11  -3
8  -5
10  1
12  -1
7  -1
10  1
11  -5
10  2
10  -3
6  2
7  -2
7  -2
9  7
11  -6
13  -5
13  0
14  -6
10  0
7  -2
10  1
12  -5
8  -7
10  2
12  -7
14  -3
8  -3
9  8
7  -4
12  -2
13  -6
15  2
9  8
11  -5
12  -5
10  -3
8  -2
9  6
8  -5
9  5
8  0
11  -6
10  5
9  5
11  1
8  -3
9  7
11  -4
8  -4
11  -3
9  6
10  -2
8  -4
