14  5
11  -6
15  8
13  3
18  -1
12  0
15  6
14  6
15  6
17  7
12  -1
13  2
15  8
14  7
17  8
14  7
17  8
15  8
13  2
14  7
13  3
12  -1
15  8
12  0
15  7
16  -3
16  -3
9  1
17  6
14  7
11  -7
12  1
16  -3
15  8
12  -1
16  -3
13  3
19  -4
16  -3
17  8
16  -1
13  2
16  -2
19  -4
16  -2
16  -2
15  6
18  -1
11  -6
16  -3
19  -4
13  3
15  6
16  -3
14  6
10  -4
16  -2
14  5
16  -3
15  6
16  -3
16  -3
19  -4
16  -1
13  4
15  6
13  3
13  2
15  7
18  -1
12  -1
13  4
11  -6
12  -1
14  7
14  7
14  5
12  0
18  0
16  -2
15  8
16  -3
17  7
12  0
14  6
14  5
12  -1
14  5
11  -5
14  7
14  7
13  3
14  7
14  5
16  -3
16  -3
13  3
15  7
12  1
12  1
17  8
15  6
16  -3
16  -2
10  -3
18  -1
13  4
16  -2
17  6
18  1
15  8
13  3
17  8
16  -1
17  6
16  -1
14  6
13  2
13  4
17  7
14  5
14  6
16  -3
12  -1
11  -7
16  -2
14  7
16  -2
12  1
15  8
9  1
15  8
11  -6
13  3
15  7
17  8
12  1
12  -1
14  5
14  5
14  6
13  4
15  6
15  7
15  6
16  -3
16  -3
11  -6
13  3
16  -2
16  -2
12  0
8  -1
18  -1
19  -4
18  1
12  -1
18  1
14  7
13  2
17  6
18  0
16  -2
15  8
11  -6
15  7
13  3
13  4
11  -5
13  3
14  7
13  3
10  -4
13  2
13  3
13  4
17  6
15  7
14  5
15  7
16  -1
11  -7
17  7
16  -1
19  -4
17  6
16  -3
19  -4
15  6
12  0
16  -3
16  -2
15  8
16  -2
15  8
13  4
12  1
14  5
17  7
12  -1
14  5
16  -3
12  -1
12  1
14  7
15  7
14  6
9  2
13  2
15  6
17  8
15  8
12  1
10  -2
18  0
14  7
16  -3
13  2
15  7
14  6
16  -1
15  6
17  8
17  6
18  1
16  -2
17  6
16  -3
14  5
14  6
16  -2
14  6
15  8
21  6
11  -7
12  0
14  5
15  8
16  -1
15  8
17  6
16  -3
16  -1
19  -2
16  -3
16  -3
15  8
16  -3
18  -1
17  6
16  -3
15  7
14  6
16  -3
12  1
13  3
16  -1
14  6
14  5
12  0
17  7
13  4
11  -5
15  7
14  6
15  8
14  6
19  -2
16  -1
14  7
16  -2
13  3
19  -4
14  7
16  -1
12  0
14  6
14  6
11  -6
13  3
13  3
16  -1
14  6
14  7
14  6
12  1
15  6
17  6
14  7
15  7
11  -7
15  7
15  7
16  -3
11  -5
12  0
16  -1
14  6
6  -4
11  -6
18  0
11  -6
14  5
12  0
15  6
16  -3
12  1
17  7
18  0
14  5
13  3
12  1
14  7
14  5
17  7
12  1
15  8
13  2
16  -3
12  1
11  -5
13  3
15  6
17  8
13  3
15  6
14  7
19  -4
14  7
17  7
15  7
17  6
11  -7
15  8
9  1
12  1
20  5
14  7
17  7
13  3
10  -2
15  7
16  -2
18  0
14  7
18  0
11  -7
12  -1
15  6
15  7
16  -2
15  6
17  6
15  7
14  6
11  -6
11  -5
16  -2
14  6
17  6
13  2
17  7
14  5
17  8
13  2
13  4
15  8
15  6
16  -2
15  6
16  -3
16  -2
11  -6
14  5
16  -2
18  -1
14  7
12  0
14  6
19  -2
16  -2
10  -3
10  -2
15  8
12  0
13  4
17  7
13  4
11  -7
16  -1
16  -3
18  0
15  7
17  7
14  5
14  6
16  -3
13  2
14  5
16  -3
13  4
13  2
17  6
15  8
12  0
14  7
14  7
16  -2
9  2
13  4
14  5
12  -1
15  6
15  7
18  0
14  6
12  -1
15  7
14  5
14  6
18  0
16  -3
11  -6
16  -2
18  -1
12  -1
10  -2
11  -6
17  7
17  7
15  6
14  6
12  -1
14  5
18  1
13  3
14  7
12  1
16  -1
11  -7
13  3
14  5
13  2
13  3
15  7
13  2
14  6
14  6
15  7
17  7
16  -1
17  8
16  -3
14  5
15  7
13  3
17  8
17  8
14  5
18  0
10  -2
16  -1
16  -3
12  0
18  1
16  -1
14  6
14  7
18  0
16  -3
12  1
17  8
16  -3
16  -3
12  0
16  -2
17  7
14  5
15  6
14  7
14  6
13  2
12  -1
13  4
13  3
12  0
8  -1
14  7
14  5
16  -2
15  7
15  7
13  2
12  1
12  -1
11  -5
12  1
15  6
14  6
20  3
17  6
16  -3
13  4
17  7
13  3
13  4
16  -2
15  8
13  4
13  2
18  -1
15  6
13  4
12  -1
16  -1
13  3
15  8
15  8
17  8
15  6
14  5
13  2
17  6
16  -2
10  -4
16  -2
15  6
13  2
11  -7
17  8
14  5
14  7
18  1
11  -6
17  7
15  6
17  8
16  -1
16  -3
14  7
15  8
11  -6
13  3
12  -1
14  5
14  6
17  6
11  -5
16  -1
14  6
17  6
13  2
14  6
16  -2
14  5
14  5
12  -1
19  -2
12  -1
13  3
15  7
15  8
11  -7
17  6
15  8
15  7
16  -1
14  7
15  7
16  -3
14  7
12  -1
15  7
14  6
14  6
14  6
12  1
15  6
15  8
15  6
12  -1
19  -3
15  8
14  7
19  -3
17  7
11  -7
14  7
15  8
14  7
17  6
12  0
12  -1
17  6
14  7
14  6
18  0
19  -2
14  6
13  4
13  4
17  7
15  8
15  6
15  6
17  6
11  -7
16  -3
19  -3
13  4
12  1
12  0
14  5
11  -6
15  6
12  0
16  -1
16  -3
14  5
14  5
13  3
16  -3
12  -1
17  8
16  -3
17  6
12  -1
15  8
15  7
16  -2
17  6
16  -1
17  8
14  6
13  3
19  -2
16  -1
16  -3
15  6
17  6
14  5
11  -5
17  6
13  3
15  7
15  6
12  0
14  6
15  8
17  8
14  5
14  6
16  -2
17  7
13  3
16  -1
14  7
17  7
12  1
17  6
15  6
12  -1
13  2
13  3
15  8
16  -2
14  7
17  8
15  8
16  -2
14  6
15  7
12  0
14  7
15  7
15  6
11  -7
15  6
17  7
16  -3
17  8
14  7
15  6
14  7
17  8
16  -1
17  7
16  -2
15  8
13  4
12  1
14  7
11  -7
18  0
12  -1
13  3
18  0
9  0
10  -4
15  8
11  -5
13  4
15  6
15  7
16  -2
15  6
11  -7
17  7
15  8
14  5
13  4
16  -1
18  0
14  7
16  -3
16  -1
17  7
11  -5
15  6
14  6
13  4
17  6
10  -4
16  -1
16  -3
19  -2
16  -3
16  -2
17  6
14  5
13  4
14  7
17  8
17  6
18  -1
17  7
14  6
15  7
17  6
8  -1
16  -2
13  3
14  5
15  7
15  7
13  2
16  -1
15  8
14  7
11  -6
17  6
20  4
12  -1
19  -2
17  7
12  1
14  7
17  6
14  6
13  3
12  0
16  -2
10  -3
14  7
13  2
12  0
15  8
17  6
16  -2
12  1
18  0
16  -2
14  6
13  3
15  6
18  0
18  0
16  -3
14  7
16  -1
11  -7
14  7
15  7
9  0
15  6
14  7
14  5
15  7
13  2
15  6
12  0
18  0
18  0
13  2
14  5
13  4
10  -3
16  -2
19  -2
15  6
12  0
13  3
14  6
14  6
16  -3
13  2
13  3
18  -1
16  -2
15  8
13  3
13  2
14  6
14  7
13  4
17  6
12  -1
11  -6
14  6
15  6
14  5
14  5
17  7
17  6
17  7
16  -1
17  6
10  -4
11  -6
12  0
11  -7
18  1
13  3
13  3
15  6
15  6
12  -1
16  -1
13  4
11  -7
12  0
15  8
13  4
16  -3
12  1
11  -5
14  6
13  2
14  7
16  -3
15  6
16  -2
19  -2
15  8
15  6
15  7
16  -1
17  7
16  -2
15  8
15  8
12  1
15  7
13  2
15  8
18  0
19  -2
13  2
16  -3
15  8
17  7
15  8
15  7
17  7
17  6
14  7
13  3
10  -2
18  1
14  7
18  1
17  7
9  0
13  2
15  8
13  2
15  8
11  -5
15  8
17  7
19  -3
13  3
15  7
13  3
15  8
18  0
11  -5
13  2
17  8
14  5
13  3
12  0
13  4
10  -4
12  1
15  8
15  8
14  6
12  0
14  7
14  5
18  -1
16  -1
15  6
15  8
18  0
15  7
13  3
17  8
15  6
17  8
15  8
18  0
13  3
13  4
15  8
17  8
14  7
16  -2
15  6
14  5
13  2
16  -1
15  7
11  -6
13  3
12  0
12  -1
15  6
11  -5
15  6
15  7
10  -4
20  4
17  6
18  1
11  -7
14  6
18  0
15  8
15  7
14  6
14  7
16  -3
12  1
13  3
13  3
13  2
16  -3
16  -2
15  6
17  7
12  0
13  2
15  6
14  7
15  8
19  -4
14  6
14  6
18  0
16  -1
11  -6
9  0
14  5
15  6
13  2
14  5
13  2
12  0
17  7
15  6
17  6
14  6
18  -1
13  4
13  3
13  4
16  -2
12  1
16  -2
13  4
16  -3
17  8
14  6
14  5
15  6
17  6
17  8
16  -2
