31  0
30  5
29  2
33  5
28  -3
28  -4
29  2
27  -7
29  1
30  8
27  -5
30  6
31  -1
27  -9
27  -8
29  3
33  3
32  -6
30  9
30  5
24  -2
29  4
29  4
29  2
26  -7
32  -6
29  4
27  -9
29  1
27  -5
30  6
28  0
30  9
30  9
30  5
31  1
30  8
29  3
27  -9
32  -6
32  -4
31  1
31  -2
30  7
28  0
32  -7
23  -6
31  -2
26  -8
31  -1
30  5
31  1
31  -3
29  0
29  1
30  5
32  -8
30  6
30  8
31  0
31  0
32  -5
28  -3
31  -2
30  5
27  -9
33  3
28  -2
29  3
31  -1
28  -2
27  -9
29  4
30  5
30  8
30  5
28  -2
28  0
32  -5
29  0
28  0
35  -6
29  3
28  -2
30  5
29  0
31  1
26  -8
31  -2
29  3
32  -5
29  1
28  -2
31  0
28  -3
28  -2
29  0
30  5
28  -4
30  6
28  -1
29  0
28  -1
30  8
27  -9
29  2
31  0
29  0
31  0
29  2
29  4
30  6
28  -2
28  -1
30  8
28  -1
33  4
30  6
30  6
28  0
29  0
28  -3
30  7
32  -7
30  5
30  8
27  -5
25  1
30  8
35  -3
28  -1
27  -9
29  0
29  1
30  7
26  -8
28  -1
30  6
26  -8
28  0
27  -6
30  7
29  1
28  -1
30  9
29  0
29  4
31  -3
30  9
25  1
31  1
28  0
34  -3
29  1
32  -4
26  -6
27  -8
31  1
32  -7
29  0
31  -3
32  -5
31  0
30  8
25  2
26  -5
32  -5
31  0
28  -4
26  -8
28  -4
33  6
26  -6
28  -2
25  5
33  3
31  -3
29  3
33  7
30  5
30  9
22  -5
30  7
27  -7
30  7
28  -4
29  3
30  5
23  -3
30  9
28  0
29  0
31  0
30  6
31  0
32  -4
30  8
29  3
29  0
32  -8
29  1
31  -1
33  3
30  5
29  0
33  4
29  2
31  1
28  0
33  4
29  3
30  5
28  -2
26  -8
29  2
27  -6
31  -2
29  4
29  3
30  8
30  8
29  3
32  -8
23  -3
30  6
30  6
33  6
29  0
28  0
27  -6
28  -3
30  8
28  -2
30  5
28  0
31  -3
31  -1
25  2
30  5
26  -8
29  1
25  1
32  -7
33  4
28  -2
30  9
31  -1
32  -6
32  -8
31  0
29  3
31  -1
26  -6
31  1
30  5
33  3
31  -3
26  -6
30  6
30  7
29  1
25  1
28  -4
30  6
31  0
29  3
31  -1
32  -4
28  -1
32  -8
30  7
32  -5
31  1
29  2
32  -6
28  -1
29  3
28  -4
26  -8
29  1
32  -8
29  3
30  8
31  1
30  5
25  1
26  -7
30  5
31  0
28  0
33  4
30  6
29  1
32  -5
31  -1
31  -2
27  -7
28  -2
30  8
33  6
32  -4
30  9
28  -3
29  4
31  0
29  1
31  1
31  -1
26  -4
31  1
28  0
28  0
31  1
29  3
33  6
33  3
30  5
33  3
30  7
30  9
33  7
30  6
29  0
31  -2
31  -2
30  8
29  1
32  -7
30  5
30  5
28  0
32  -5
30  8
30  5
26  -5
29  2
29  3
29  2
32  -5
32  -5
28  -4
30  7
27  -6
31  -2
29  0
31  1
28  -2
30  5
30  8
28  -3
33  7
28  -4
26  -7
32  -7
29  0
32  -8
29  2
26  -7
31  1
29  2
27  -7
28  -3
33  3
29  3
27  -6
28  -4
29  4
31  -3
30  5
32  -6
32  -8
30  5
29  3
31  0
30  5
30  8
31  0
29  2
31  0
30  7
28  -1
29  2
33  3
32  -7
30  6
32  -7
30  8
30  5
29  3
31  0
33  6
30  8
32  -6
32  -8
26  -7
29  3
29  4
28  -1
31  0
28  -2
31  1
31  -2
24  -2
32  -4
30  7
31  1
31  -1
29  2
28  -3
30  6
28  -4
26  -6
24  -1
31  -1
30  6
29  1
31  -2
29  0
31  1
31  1
23  -3
27  -9
31  -2
32  -7
30  6
29  4
28  0
27  -7
26  -4
26  -5
31  -1
33  7
34  -3
32  -6
31  1
30  8
28  0
29  4
31  -3
31  -2
30  8
30  8
31  1
33  5
31  -2
31  1
29  4
32  -4
28  -4
35  -4
31  0
31  1
30  8
30  5
30  7
32  -4
30  7
31  -1
26  -5
29  0
30  6
29  0
30  9
25  1
32  -5
29  2
32  -4
31  -3
28  -4
29  1
30  7
33  4
30  9
30  8
26  -4
29  3
30  7
29  0
26  -7
31  -1
31  -3
32  -8
30  9
26  -4
30  5
32  -4
30  8
31  1
29  2
26  -7
29  0
33  6
26  -7
30  6
32  -7
30  6
30  6
29  1
28  -1
24  -1
31  1
28  -2
30  7
26  -6
29  4
28  0
30  5
29  1
28  -3
27  -9
28  -4
33  3
32  -4
32  -4
32  -4
33  4
33  4
25  3
34  -3
32  -5
31  -2
31  1
31  0
28  0
31  -2
29  0
30  8
30  7
28  0
31  0
30  7
31  -2
31  0
28  0
31  -2
28  -1
34  -2
32  -4
31  -2
28  -2
33  5
26  -5
29  0
32  -4
28  -2
33  7
30  7
29  3
31  1
27  -8
28  -2
32  -6
29  1
29  3
29  0
30  6
33  3
25  1
31  1
31  -2
30  8
30  6
31  -1
30  8
27  -9
25  5
31  -1
28  0
33  4
29  1
24  -3
30  9
28  0
32  -6
30  7
29  3
31  -2
28  -4
29  3
30  7
33  4
31  -2
33  4
30  5
30  5
29  3
25  4
28  -1
30  6
28  0
28  -4
30  6
30  9
32  -6
29  1
29  3
33  5
31  -2
29  0
27  -9
30  9
30  5
30  6
28  -4
28  -1
31  -3
31  0
25  4
28  -2
30  5
32  -6
30  7
30  7
29  1
22  -5
28  -2
29  4
27  -9
30  8
25  5
28  -1
31  -2
24  -2
31  -1
31  -1
23  -5
28  -3
32  -6
29  0
26  -7
29  3
30  6
30  9
29  0
32  -7
33  5
31  -1
33  6
30  8
28  -4
29  0
28  -3
32  -6
31  -2
30  7
31  -3
33  5
31  0
29  2
27  -7
28  0
30  8
30  9
30  9
32  -4
32  -6
31  0
28  -3
30  9
30  5
26  -7
31  1
33  3
31  -3
26  -7
31  -2
34  -4
32  -8
31  1
30  7
29  0
29  1
31  0
23  -7
25  4
30  5
30  9
31  0
33  5
30  5
31  -1
32  -4
33  5
29  3
32  -4
31  -2
24  -1
28  -4
24  0
29  2
31  -3
31  -3
27  -6
30  5
31  -1
28  -4
29  4
28  0
31  0
32  -5
24  -2
30  8
27  -7
32  -4
31  -1
27  -6
30  7
28  -4
28  -1
31  0
29  2
30  6
30  7
29  1
29  3
33  4
26  -5
29  3
33  7
29  4
30  5
31  1
28  -4
27  -7
25  2
28  -4
34  -6
34  -3
30  6
28  -1
30  5
32  -4
29  3
31  0
32  -6
31  -2
28  -1
29  1
29  4
31  -2
30  9
29  0
29  4
33  5
27  -9
28  -2
32  -7
30  8
29  1
28  -4
26  -7
34  -6
31  0
29  4
32  -6
31  -2
32  -8
31  -3
26  -5
27  -7
30  9
32  -8
31  0
28  -3
29  1
32  -6
27  -9
32  -6
32  -5
32  -6
31  1
31  0
30  5
28  -1
23  -4
23  -6
31  -3
31  0
30  5
29  0
31  -2
32  -5
29  1
30  7
27  -8
32  -7
29  4
32  -7
31  0
31  -1
27  -7
29  2
32  -8
25  3
32  -5
34  -5
32  -6
33  3
30  6
34  -2
28  0
32  -5
32  -6
29  1
30  9
27  -9
33  3
32  -8
27  -9
31  0
33  7
29  0
26  -8
28  -3
32  -5
28  0
25  4
30  8
30  7
31  -2
34  -3
30  5
29  3
27  -5
28  -3
32  -5
30  7
30  7
28  0
28  -1
32  -7
27  -8
28  -4
26  -4
32  -8
27  -6
30  6
28  -2
32  -7
29  3
29  0
26  -6
30  6
31  -3
30  9
26  -4
32  -8
28  -4
30  7
33  6
32  -5
28  0
31  -1
28  -4
28  -1
32  -7
31  -3
28  -1
25  2
32  -6
35  -7
31  -1
29  3
30  6
28  -3
28  -4
28  -4
29  3
28  -4
31  0
28  -2
30  6
34  -6
33  3
28  -1
31  0
26  -5
28  -2
27  -5
32  -7
30  7
33  6
29  2
29  0
31  -3
30  5
28  -2
26  -4
32  -6
29  1
30  6
30  5
32  -8
30  7
33  5
30  6
30  7
30  6
30  9
29  2
28  -4
29  3
33  6
30  9
30  5
31  -2
33  6
32  -5
33  5
31  -2
29  2
34  -2
33  7
31  -2
28  -1
31  -2
32  -4
32  -6
27  -5
32  -8
32  -5
31  -1
32  -6
31  1
32  -7
29  2
24  0
28  -4
27  -6
28  -4
32  -7
29  0
28  -1
29  0
29  0
30  6
30  7
32  -4
30  9
31  1
31  -2
30  7
31  -2
31  0
29  2
29  0
28  -4
34  -3
26  -8
33  6
27  -5
30  5
27  -9
29  0
30  6
31  0
29  4
29  3
28  -1
27  -7
31  1
32  -5
31  -2
28  -4
26  -6
29  2
30  8
27  -5
29  4
31  0
32  -5
27  -7
26  -6
32  -8
30  7
32  -5
29  1
32  -4
29  0
29  2
25  2
25  5
30  8
32  -6
33  5
32  -7
30  7
27  -5
35  -4
31  1
33  6
28  -3
30  9
26  -8
29  4
28  -3
29  0
31  1
26  -7
31  0
