10  5
13  6
11  0
12  6
10  8
13  8
11  5
11  5
8  0
11  0
13  7
11  1
11  5
12  1
11  5
13  7
14  -8
13  8
11  2
12  5
13  5
10  8
11  5
12  0
9  -2
11  3
11  -1
13  7
11  1
12  0
13  5
12  5
12  3
9  -5
12  3
11  0
12  0
14  -3
12  2
13  6
12  5
12  0
12  3
8  -1
9  -5
9  -4
12  1
12  1
9  -5
12  2
12  4
12  3
11  4
13  5
12  1
10  4
8  2
12  0
13  6
13  8
13  3
11  4
10  6
12  5
11  5
10  2
11  3
11  2
12  0
11  2
12  4
12  2
12  0
12  3
9  -2
14  -5
12  4
11  3
10  3
14  -8
14  -8
11  3
13  3
8  -1
12  3
12  1
12  5
9  1
12  4
9  -3
7  -1
14  -8
12  6
9  -4
12  6
12  0
13  2
12  6
13  8
11  5
12  1
12  4
12  1
10  3
10  8
9  -2
11  2
12  2
11  -1
13  5
9  -3
12  3
11  1
12  0
13  5
10  3
14  -7
13  5
11  2
11  4
10  8
13  3
12  1
13  2
14  -4
12  0
12  0
10  8
9  -4
11  5
13  4
12  3
13  5
10  6
11  -1
12  3
13  3
13  3
13  4
12  6
11  1
11  5
12  0
13  5
12  1
13  7
12  5
11  0
11  2
10  6
10  7
13  5
8  0
12  4
11  4
12  2
13  3
11  3
13  7
12  5
11  4
12  0
12  5
9  -3
13  5
12  6
12  2
13  8
11  -1
13  6
14  -3
9  -1
13  8
12  2
12  6
11  0
11  0
11  -1
10  6
10  8
13  8
11  4
12  2
12  6
12  1
12  6
12  5
10  2
11  4
11  2
11  1
13  5
13  4
13  4
12  2
11  -1
9  -3
12  6
10  4
12  6
13  6
12  6
13  4
13  8
11  -1
12  5
11  0
12  1
10  5
11  5
10  6
10  6
11  2
13  7
8  -1
11  5
11  5
11  2
11  -1
9  -5
10  5
9  -4
12  1
11  1
11  1
12  0
13  4
11  2
14  -2
12  2
13  6
11  -1
12  6
11  4
12  0
14  -3
13  5
11  1
8  1
7  -1
11  3
12  1
11  2
12  0
13  3
14  -5
11  5
13  8
10  5
12  5
13  5
8  2
12  6
10  7
14  -7
11  5
14  -6
12  3
13  4
9  1
13  3
8  1
10  3
14  -4
10  8
10  5
12  3
12  5
10  6
13  7
13  6
10  3
10  2
10  3
9  -3
12  1
12  4
10  8
14  -4
14  -7
11  -1
12  6
9  0
11  5
12  4
9  1
12  1
14  -4
10  8
12  0
12  0
12  6
10  7
12  6
12  0
11  -1
13  3
11  1
11  1
13  2
10  3
13  7
13  7
12  3
9  -2
12  2
12  0
13  5
11  1
12  2
12  1
12  3
12  0
11  3
10  5
12  4
6  4
14  -6
12  3
12  0
12  1
12  0
12  2
14  -4
13  3
12  3
13  2
10  7
13  6
12  0
13  2
10  3
12  0
13  5
13  5
11  4
13  7
10  4
13  6
13  7
10  4
12  5
11  3
13  8
10  2
11  0
11  2
11  0
10  5
13  4
12  0
11  -1
11  0
12  0
13  2
11  4
12  1
11  0
10  3
11  -1
11  -1
11  2
11  2
11  -1
13  4
11  -1
11  3
12  3
11  3
10  7
10  5
12  0
13  5
12  4
10  2
12  2
12  2
10  4
11  3
12  4
12  0
13  7
10  6
13  3
12  1
10  6
11  1
12  6
10  6
11  0
13  3
10  3
12  5
13  4
13  4
13  7
11  2
13  4
12  5
13  4
12  5
11  4
10  6
10  7
12  5
11  -1
12  0
9  -4
12  4
13  8
13  6
11  5
12  6
12  4
13  4
12  3
11  -1
11  -1
11  5
14  -2
12  4
12  2
12  2
10  3
9  -3
13  4
12  4
12  1
12  4
11  2
13  4
12  3
14  -2
12  2
11  0
10  4
13  3
11  1
10  4
13  5
14  -4
13  4
12  3
12  3
10  6
13  3
14  -7
12  5
12  2
11  0
12  6
12  6
12  5
11  0
10  7
10  3
10  6
14  -5
12  2
13  2
13  2
11  5
8  -3
11  2
13  6
14  -3
10  2
13  6
14  -4
11  4
13  8
11  0
11  2
10  5
12  0
13  5
11  0
11  1
10  6
10  6
13  6
11  -1
12  0
11  5
10  2
10  7
8  0
11  5
9  -4
9  -2
11  3
13  5
10  5
10  6
13  8
13  6
12  1
11  -1
11  2
11  4
10  3
11  4
10  3
10  6
12  5
11  4
11  2
12  5
9  -2
9  -5
11  4
9  -3
11  2
12  3
14  -8
12  3
13  7
12  3
11  4
12  4
11  -1
14  -6
9  1
12  2
11  2
12  5
14  -4
11  5
13  8
11  5
12  4
12  0
13  4
11  1
13  3
10  2
12  1
11  5
12  1
11  3
14  -8
12  5
13  3
9  -5
11  1
12  1
13  8
7  -2
10  7
14  -3
13  7
13  3
12  0
11  1
13  4
11  5
11  1
12  6
13  7
14  -5
13  3
9  -3
13  7
8  2
12  0
10  2
9  0
10  3
10  8
12  4
12  2
12  6
11  4
13  4
13  4
13  4
14  -3
10  3
11  1
11  5
11  2
11  4
10  8
11  1
12  5
9  0
12  2
14  -8
12  5
12  5
11  -1
13  6
12  4
10  5
14  -2
13  3
9  -2
8  -3
12  6
12  3
12  5
11  3
9  -3
12  4
11  -1
12  1
11  -1
10  7
11  0
14  -3
12  1
11  4
14  -2
14  -7
11  -1
10  3
11  -1
10  4
12  2
14  -5
8  3
13  6
11  0
13  2
11  -1
10  6
11  4
9  -5
12  4
10  4
12  0
10  8
13  4
13  3
12  4
10  4
11  4
11  2
10  3
13  5
12  1
14  -7
12  5
11  0
12  4
12  3
11  1
12  0
13  2
10  8
12  5
14  -3
10  8
13  4
11  -1
9  0
11  4
11  0
10  3
13  2
13  3
12  2
10  5
13  3
12  5
11  4
12  1
10  7
12  1
11  2
11  2
11  -1
13  5
14  -4
13  7
13  6
10  3
10  4
12  1
11  4
13  5
10  7
10  4
12  4
14  -3
10  3
11  5
14  -2
13  6
9  -1
12  4
11  1
11  0
11  1
11  3
12  2
11  3
13  7
13  3
13  6
13  4
10  3
12  2
12  6
14  -8
12  2
13  5
13  2
10  3
13  2
9  -2
12  4
10  7
12  0
13  2
13  7
12  5
8  2
12  5
12  5
11  1
12  3
12  2
13  8
12  3
11  2
9  -5
12  0
11  0
12  3
10  8
11  -1
11  -1
13  8
11  5
10  2
13  5
11  4
12  1
12  3
13  4
12  1
11  5
12  1
11  3
12  0
14  -3
11  0
11  3
13  5
12  0
12  2
10  8
13  4
13  7
12  4
11  2
8  -2
10  7
11  4
12  2
12  5
11  3
10  6
8  3
12  3
13  2
12  0
12  1
12  1
14  -6
10  8
13  6
13  4
10  3
13  7
13  2
9  -3
9  -4
10  5
10  6
12  3
13  4
11  4
10  8
11  3
12  0
10  3
13  5
12  1
14  -6
13  3
12  2
10  4
12  2
13  3
13  6
11  5
14  -2
11  3
13  6
9  0
11  1
14  -4
10  8
9  -4
12  3
11  0
11  3
12  5
11  1
10  6
8  -3
9  -5
11  -1
12  0
13  4
9  -1
12  4
13  6
14  -5
10  4
12  6
12  5
13  2
13  6
13  7
12  1
13  3
12  1
8  -2
12  1
12  4
12  5
12  3
11  0
13  2
10  8
12  0
10  2
12  6
11  3
11  2
11  2
11  -1
13  8
11  4
9  -2
12  0
11  5
11  1
10  7
13  6
12  3
14  -2
10  5
9  1
11  4
9  1
13  7
12  5
9  -4
11  -1
11  3
10  5
10  5
12  6
12  4
12  4
14  -5
11  -1
12  2
12  3
13  2
12  4
11  2
11  3
12  0
10  2
12  5
12  4
11  0
13  4
14  -7
13  8
14  -2
12  1
10  2
12  1
14  -5
12  6
14  -5
13  4
13  3
13  4
11  4
12  4
11  3
11  2
11  5
11  4
13  4
7  2
12  3
11  3
10  5
13  7
12  5
11  1
10  2
9  -1
10  6
13  7
14  -3
12  0
9  -5
9  -1
9  -1
11  -1
13  8
12  4
11  2
13  4
12  6
9  1
12  5
12  0
14  -4
13  6
13  3
12  5
10  7
11  1
12  4
11  0
12  3
11  5
10  4
10  6
9  0
11  2
9  0
11  4
10  2
12  5
13  7
11  5
11  -1
12  5
11  0
9  1
10  2
13  8
13  6
11  5
11  2
11  5
14  -6
13  8
12  1
14  -8
13  6
13  8
10  5
12  0
11  4
12  4
11  2
13  6
10  7
12  4
12  2
13  4
11  0
10  7
10  8
12  1
12  2
11  1
12  2
13  3
12  4
10  3
9  -1
13  7
11  0
11  3
13  8
14  -8
11  2
13  5
9  -2
14  -7
11  5
12  4
7  -4
13  3
14  -3
9  -1
9  -1
