16  3
13  -1
19  -2
13  -1
11  -3
11  1
13  0
13  7
13  8
17  -6
12  -3
14  -3
14  -8
17  1
18  4
15  8
12  -2
9  12
12  -6
13  -1
16  6
14  2
11  1
10  6
12  -7
12  -2
11  1
12  -6
14  -7
15  7
10  2
12  -4
12  0
8  3
12  -3
11  -3
12  -4
14  -3
12  -1
13  8
15  8
12  -4
14  1
14  -4
12  -5
9  5
13  0
12  -10
12  -2
16  12
13  1
10  4
14  -2
11  -1
15  9
11  5
13  2
14  -2
16  3
12  -7
18  2
15  11
13  5
14  -2
12  -6
15  5
14  -1
16  4
10  -2
11  3
17  -5
10  -3
12  -5
12  -7
12  0
17  2
12  -8
10  -1
10  -4
12  -10
8  -3
9  4
10  5
13  4
12  -4
13  -1
14  -2
8  1
10  5
13  5
12  -3
14  1
12  -2
15  10
11  6
16  10
16  11
12  -5
14  -6
17  -2
13  7
13  0
12  -6
14  0
15  7
14  -1
14  -6
12  -1
12  -9
9  2
13  4
12  0
11  -3
16  3
9  7
13  6
12  -10
15  12
11  5
13  8
13  0
11  0
16  8
14  -8
14  -3
12  -9
15  5
11  6
14  2
17  -6
16  4
11  2
18  10
13  0
13  7
9  2
14  -6
11  -3
14  -7
13  6
11  2
15  6
13  9
12  -7
11  3
13  4
15  8
14  -5
12  -3
13  7
10  4
11  4
19  -1
16  5
10  1
15  7
11  -2
17  -5
14  -5
11  5
13  7
10  4
13  0
16  12
13  -1
15  6
16  6
12  -3
12  -6
15  7
13  0
10  -3
19  -7
12  -6
15  8
10  1
9  12
12  0
13  9
12  -8
12  0
13  1
14  -6
14  0
14  -2
15  2
13  4
13  8
11  6
10  5
13  7
12  -7
16  7
11  1
9  12
17  -1
13  7
12  -2
12  -7
12  -4
8  -3
12  -4
13  2
15  8
12  -10
10  3
10  0
10  -3
12  -5
10  3
16  4
13  6
14  2
9  3
14  1
12  -4
10  6
13  8
11  4
13  5
9  10
12  -1
12  -8
13  7
11  6
13  2
11  4
11  5
16  8
15  9
13  8
12  -1
16  6
11  0
12  0
15  12
13  7
12  -1
11  5
8  -7
11  4
13  0
9  8
14  -8
10  2
13  8
18  10
10  -2
12  -8
14  -8
14  -1
16  5
15  4
11  6
17  -3
17  -3
11  7
10  2
13  3
17  -3
14  -6
13  2
14  -3
9  4
13  3
14  -2
11  -3
14  2
9  10
13  0
9  8
12  -10
13  8
13  7
13  2
15  2
14  -7
16  10
11  -1
12  -2
13  5
11  5
14  -8
12  -8
13  6
11  5
16  4
13  -1
12  -8
13  3
9  9
11  1
14  0
13  4
13  -1
13  8
12  -9
11  2
14  -8
10  2
12  -5
14  -3
17  1
15  10
15  2
15  12
15  2
17  -4
13  7
12  -9
12  -8
10  -1
12  -10
12  -3
14  2
11  4
15  10
10  2
17  1
17  1
14  -4
10  4
13  7
14  1
9  7
13  2
10  2
10  6
13  9
12  -8
15  4
15  12
10  6
12  -8
10  0
10  -4
12  -9
15  11
13  5
10  -1
14  -8
17  -7
13  8
9  5
12  -5
12  -8
14  -3
14  2
12  -2
11  6
13  5
10  -2
18  5
14  1
15  7
13  7
13  7
12  -4
15  10
14  1
14  -6
10  3
10  6
11  0
9  11
9  4
13  2
14  -3
13  7
10  6
13  6
13  3
12  -10
16  9
16  9
9  2
15  11
15  6
13  3
15  2
12  -10
9  11
12  -10
12  -4
13  4
10  6
12  0
14  -5
12  -5
12  -3
14  -4
13  5
13  -1
11  0
11  2
13  -1
15  6
12  -1
11  -3
11  6
14  -8
14  -2
17  -4
14  -1
11  3
16  3
14  -8
15  7
9  11
13  0
14  -6
10  3
11  -3
19  -5
9  12
14  -5
15  6
16  8
11  6
15  7
14  -5
16  10
13  6
14  -7
11  4
14  2
15  4
12  -6
12  -6
9  11
11  7
14  -5
17  -6
10  -4
13  8
13  5
11  3
16  9
14  -1
17  -6
15  8
15  2
15  10
12  -7
13  2
14  -5
12  -7
12  -3
12  -6
13  2
10  2
10  0
12  -5
14  -3
12  -7
14  -2
12  -8
10  6
13  5
9  12
15  10
9  8
8  -5
15  7
15  3
13  6
10  1
12  -1
14  -4
15  3
17  -2
15  10
13  0
14  -2
15  6
13  2
14  -3
12  -8
14  0
11  1
13  0
13  0
15  5
10  3
13  5
14  -3
13  9
13  9
13  2
13  -1
8  -4
10  -3
8  -1
17  -3
12  -5
12  -5
15  7
9  5
10  -1
14  -5
15  3
14  0
15  6
12  -2
11  6
12  -6
12  -9
14  0
11  5
9  7
10  1
15  9
13  9
15  6
14  -8
14  -1
12  -3
18  5
8  -2
15  8
14  0
11  2
12  -4
8  -6
11  7
12  -4
12  -5
15  3
15  11
9  8
14  -2
10  0
11  7
13  -1
16  3
13  1
15  7
14  1
16  3
12  -2
14  2
14  -4
12  -10
10  1
13  5
12  -7
15  7
12  -8
12  -10
15  10
10  0
17  2
12  -2
11  6
11  0
10  5
13  8
13  1
13  1
12  -4
9  4
14  -2
10  -3
10  -2
16  12
13  7
11  -3
7  -4
13  -1
10  5
14  2
14  -5
16  12
12  -4
16  10
12  0
12  -8
10  1
13  7
8  -3
14  -8
15  6
15  9
11  3
11  4
12  -4
14  0
15  9
9  4
13  9
14  0
11  6
11  4
12  0
14  -1
14  2
12  -10
9  9
13  1
14  2
11  -3
12  -8
11  5
12  -4
10  -3
15  2
15  5
13  2
8  -4
12  -2
13  2
12  0
14  -5
6  7
13  0
14  -7
14  -1
9  3
13  3
15  11
14  -3
12  -10
11  0
12  -2
14  -6
16  12
14  2
12  0
13  8
11  4
14  -3
11  -3
13  8
18  9
5  -5
9  10
13  2
10  2
13  2
15  10
14  0
8  0
13  8
12  -3
16  7
16  12
13  5
12  -1
9  7
12  -2
14  -7
13  8
11  -1
15  4
14  -2
13  2
11  5
10  5
17  -5
15  10
11  6
13  1
13  5
12  0
15  9
9  7
9  12
12  -9
13  0
12  -1
14  2
11  -3
14  -7
13  3
12  -4
12  0
13  2
11  -3
14  1
9  3
15  5
11  5
17  -7
16  4
17  -2
7  -2
8  2
10  5
10  1
9  12
11  0
18  9
12  -2
14  -1
13  9
16  11
14  -6
14  -3
13  7
13  1
16  10
16  3
12  -6
11  -2
11  4
12  -6
14  -6
10  -2
13  3
12  -5
13  2
11  6
13  5
12  -7
10  1
10  -4
9  3
11  -3
9  9
13  7
13  5
17  3
13  3
9  10
10  -3
11  5
12  -1
14  2
13  1
13  9
13  -1
14  -5
14  -7
12  -2
11  -1
13  2
12  -5
11  1
14  -4
14  -7
14  -1
13  7
17  -2
14  1
16  7
13  9
11  3
17  1
12  -7
15  9
14  -8
13  9
14  -3
13  1
13  3
13  0
14  -3
11  1
17  -1
11  6
10  5
17  -1
10  3
10  -4
15  2
9  2
11  0
15  10
11  -1
12  0
10  4
13  8
13  -1
10  -4
13  9
13  2
12  -6
13  3
13  0
17  -6
14  2
11  4
13  8
16  7
12  -10
11  5
12  -4
16  5
10  -4
15  4
13  1
12  -8
10  6
16  3
12  0
16  11
15  9
9  5
12  0
14  0
13  4
15  12
12  -4
12  -5
14  -3
14  0
8  -1
11  4
14  -1
14  -5
9  9
13  6
14  2
13  3
13  0
10  3
12  -3
11  5
13  6
12  -1
8  3
12  0
14  0
10  5
11  1
14  1
16  11
16  10
11  5
13  3
11  0
9  8
10  -2
13  6
15  3
14  -6
16  9
13  -1
10  -3
12  -7
13  1
13  4
14  -3
13  5
12  -8
14  -4
15  8
12  -9
16  9
8  2
9  2
13  9
15  4
15  12
13  6
13  5
14  -1
10  -3
10  -4
14  -3
13  0
12  -1
12  -10
14  -5
13  3
14  1
12  0
15  2
10  -1
10  -4
12  -5
12  -1
15  8
13  6
14  -7
13  2
13  2
15  3
13  6
12  -4
13  0
15  7
12  -9
15  2
12  -5
14  -7
15  10
14  -1
10  0
12  -5
12  -4
9  9
15  11
15  5
13  2
12  -1
12  -6
14  2
10  1
15  7
15  6
11  4
16  7
12  -6
12  -2
17  -5
10  6
12  -4
15  6
12  0
11  -2
14  -4
10  0
10  2
13  6
13  6
11  4
14  -7
15  10
13  5
13  7
14  -4
7  2
13  3
12  -2
13  7
14  1
11  6
15  6
13  3
10  3
12  -7
12  -8
13  0
13  0
13  4
8  -4
12  -2
14  2
7  0
16  5
11  7
10  4
17  2
11  6
16  11
10  6
16  3
11  -3
12  -1
14  -4
14  -7
16  7
13  8
16  3
15  3
14  -6
13  9
18  4
13  9
15  9
14  -5
17  -7
9  6
18  6
16  2
12  -6
15  6
11  0
12  -1
10  2
12  -2
16  2
9  9
12  -5
14  2
13  5
9  9
12  -8
15  3
11  3
11  -2
17  -2
13  8
14  -7
14  -5
16  12
14  0
10  0
14  -1
7  -5
13  4
13  7
7  -1
15  2
13  7
12  -6
14  -7
14  -5
14  -2
