14  -7
12  6
16  7
18  -2
20  -6
15  -2
11  -5
11  -5
8  -5
17  -1
12  5
17  0
13  -5
12  6
14  -6
18  -3
17  -1
10  5
17  0
13  -5
15  -2
18  -1
19  5
15  -1
16  8
13  -5
16  6
11  -7
11  -6
9  -4
11  -5
14  -7
18  -2
19  6
15  -2
15  -2
13  -5
12  5
16  7
9  -3
15  -1
18  -2
8  -3
13  -5
20  -7
17  -1
15  0
18  -2
18  -1
13  -7
11  -5
12  6
15  -1
15  -1
9  -4
12  4
13  -7
15  -1
16  8
13  -6
11  -7
16  7
15  0
15  0
9  -4
11  -5
14  -5
13  -6
15  -2
14  -7
17  1
13  -6
14  -7
12  6
13  -6
11  -7
14  -7
12  5
11  -7
9  -5
13  -7
14  -5
11  -5
14  -7
13  -5
19  5
16  7
11  -5
16  6
18  -1
15  -1
13  -7
12  5
14  -5
20  -6
14  -5
15  -2
10  5
14  -6
16  7
10  5
11  -7
13  -6
16  7
16  7
15  0
17  0
11  -7
12  4
17  0
9  -4
17  0
14  -7
19  4
19  6
17  0
12  5
15  0
12  4
19  6
11  -5
13  -6
16  8
16  7
15  -2
13  -5
16  7
10  6
14  -5
15  -1
15  -2
11  -6
13  -7
17  1
11  -6
18  -2
14  -7
16  7
8  -3
10  5
18  -3
16  8
13  -6
13  -7
14  -7
10  5
12  5
13  -5
16  6
10  6
13  -5
12  6
15  0
15  -2
15  -1
15  -2
13  -6
11  -5
12  5
14  -5
14  -6
14  -6
14  -7
21  -4
10  5
15  -1
12  4
13  -7
11  -7
16  6
16  6
19  5
16  7
16  8
12  5
15  0
17  1
9  -5
9  -3
13  -6
12  5
21  -4
18  -1
13  -5
12  5
17  1
14  -7
13  -5
20  -6
10  5
15  -1
19  5
15  -2
17  0
11  -6
11  -7
16  6
16  7
12  6
15  0
16  8
9  -5
15  -1
11  -5
13  -7
12  5
20  -7
11  -5
12  4
12  4
10  6
14  -6
13  -5
12  6
15  -1
15  0
13  -7
10  5
7  0
14  -5
16  7
15  -2
13  -5
13  -7
14  -5
11  -7
11  -6
16  6
10  5
14  -6
12  6
20  -7
18  -3
9  -3
17  -1
15  -2
13  -5
17  0
13  -5
18  -3
8  -5
15  0
12  6
12  6
14  -5
26  1
12  5
16  6
12  4
13  -7
16  8
12  6
11  -7
20  -7
13  -7
13  -5
14  -5
18  -1
13  -6
13  -6
19  4
16  7
11  -5
11  -7
16  7
13  -7
16  6
14  -6
13  -6
15  -2
18  -3
18  -3
13  -6
13  -6
12  6
17  0
13  -6
19  6
14  -7
17  -1
19  5
8  -4
12  4
14  -5
14  -5
18  -3
20  -7
19  6
10  4
17  -1
17  0
18  -3
13  -7
17  0
14  -5
13  -7
15  0
12  5
13  -5
14  -6
14  -5
11  -5
15  0
13  -5
16  6
22  3
9  -3
13  -6
13  -6
17  -1
16  7
10  5
7  2
15  -1
20  -6
12  4
14  -6
11  -6
13  -7
15  -2
14  -7
12  4
14  -7
12  6
19  4
12  4
15  0
14  -7
13  -6
13  -7
8  -4
18  -1
10  6
19  6
17  1
19  6
15  -2
13  -6
14  -7
13  -7
15  -1
14  -5
14  -6
10  4
11  -7
14  -6
10  6
13  -5
17  -1
12  4
15  -1
16  8
11  -6
19  6
18  -3
15  -1
10  6
11  -7
14  -5
14  -7
13  -7
7  2
12  4
18  -1
16  7
16  8
14  -5
14  -5
13  -6
20  -5
19  4
14  -5
12  5
15  -1
15  -2
14  -7
14  -5
14  -7
20  -5
16  8
11  -5
10  6
16  8
11  -7
9  -3
16  8
11  -5
18  -3
17  -1
15  -2
15  -1
12  6
11  -5
12  5
12  4
15  -1
15  -2
10  4
11  -7
15  0
11  -7
11  -6
13  -7
15  0
9  -4
14  -7
15  -2
10  5
13  -5
12  6
11  -6
11  -5
19  4
20  -7
20  -6
16  8
11  -6
18  -3
10  6
10  5
14  -6
12  4
13  -5
13  -6
17  -1
9  -4
7  0
16  8
12  4
17  -1
14  -5
18  -1
15  0
17  1
14  -5
9  -3
12  4
12  5
9  -5
14  -6
13  -6
13  -5
15  0
12  4
12  5
13  -6
15  -1
19  5
16  6
10  6
10  6
13  -5
20  -6
13  -7
11  -5
18  -1
11  -7
13  -5
14  -6
17  1
14  -7
15  -2
17  -1
16  7
10  6
16  6
16  7
15  -1
14  -6
14  -6
10  4
19  4
15  -1
13  -5
10  4
9  -3
12  5
11  -6
21  -6
13  -7
19  4
17  -1
24  6
12  5
10  4
12  6
12  4
7  1
15  -1
12  5
14  -6
12  5
13  -5
19  5
12  4
14  -7
16  8
10  4
11  -6
12  6
12  5
12  6
13  -5
14  -5
15  0
18  -1
11  -6
15  -2
11  -7
13  -5
18  -1
13  -7
13  -6
12  4
16  6
10  5
10  4
12  6
17  1
14  -6
17  -1
13  -6
10  5
18  -2
10  4
16  8
15  -2
19  6
13  -7
19  4
14  -6
12  4
7  2
15  -1
10  6
16  7
10  6
16  7
11  -7
16  6
16  6
11  -6
17  -1
14  -7
13  -7
15  -2
15  -1
12  5
13  -5
16  6
14  -7
17  0
9  -5
15  -2
22  4
15  0
16  6
11  -5
12  6
16  8
9  -3
18  -1
10  4
13  -7
16  6
12  5
11  -6
13  -6
16  7
12  6
12  5
14  -6
10  5
10  4
15  0
12  4
16  6
14  -5
14  -7
15  0
13  -6
15  -2
15  -1
14  -5
16  6
12  4
12  5
13  -7
11  -5
13  -7
18  -3
15  -1
9  -5
9  -4
18  -2
18  -3
13  -7
13  -6
17  1
13  -7
10  4
10  6
12  5
14  -7
15  -2
14  -5
13  -7
16  6
17  0
12  5
13  -6
13  -7
10  6
18  -3
13  -7
13  -6
18  -3
17  0
11  -6
15  -1
16  6
15  0
13  -6
20  -6
21  -6
12  4
14  -6
13  -7
18  -1
15  -2
13  -5
11  -7
15  0
14  -7
10  5
14  -5
13  -5
17  1
12  6
13  -5
13  -6
14  -5
17  0
11  -5
13  -6
16  6
13  -6
13  -7
15  -2
17  -1
16  7
18  -2
19  4
9  -5
11  -7
12  5
17  0
11  -7
15  -1
10  5
16  6
13  -5
12  4
13  -5
18  -1
15  -2
11  -7
12  4
13  -7
13  -7
14  -6
12  5
13  -7
12  5
14  -7
13  -6
18  -2
14  -6
17  1
14  -6
10  4
8  -5
15  0
15  -1
18  -2
9  -3
20  -5
13  -6
11  -6
11  -7
10  6
19  4
12  6
15  0
16  6
16  6
11  -5
16  8
10  6
15  0
17  -1
19  6
9  -4
18  -2
16  6
14  -7
11  -7
13  -6
14  -6
13  -5
8  -3
17  1
17  0
13  -7
13  -7
21  -4
13  -6
14  -5
12  5
15  0
14  -5
17  0
14  -5
9  -5
10  6
20  -5
12  5
12  5
15  -1
15  0
10  4
12  4
14  -6
17  0
12  4
12  6
11  -5
16  8
12  4
12  6
10  5
17  0
11  -5
10  4
15  -1
16  6
11  -7
13  -7
15  0
17  0
17  1
15  -2
19  6
12  5
10  4
11  -5
9  -5
14  -6
17  0
15  -1
17  1
15  -1
16  8
12  5
14  -5
17  0
14  -6
16  7
10  6
13  -7
15  0
18  -3
17  -1
8  -3
14  -7
16  7
17  -1
15  0
11  -6
18  -3
14  -7
8  -5
14  -5
10  4
11  -5
17  0
8  -3
9  -4
20  -7
10  5
11  -7
14  -6
16  7
12  4
12  4
14  -6
13  -6
15  0
11  -5
17  1
13  -6
17  -1
16  7
18  -1
15  0
11  -7
20  -5
11  -7
17  -1
13  -7
16  7
15  0
8  -4
14  -6
17  -1
18  -2
13  -6
15  -1
16  8
13  -6
13  -6
9  -4
16  7
10  4
15  -1
16  7
9  -4
16  8
12  4
16  8
15  0
13  -5
14  -6
16  7
16  8
14  -6
10  5
12  4
16  7
19  4
12  4
12  5
12  5
10  5
16  6
13  -5
13  -5
15  -2
18  -1
13  -7
11  -5
15  -2
13  -7
17  0
14  -6
7  0
16  6
13  -6
12  5
14  -5
14  -5
10  5
11  -5
18  -3
18  -2
14  -7
14  -7
17  0
15  -2
18  -3
16  7
16  8
13  -5
16  6
13  -7
14  -6
13  -7
14  -7
13  -6
11  -6
14  -7
19  5
15  -1
15  -1
19  4
13  -7
14  -7
14  -5
16  8
20  -6
15  0
20  -6
10  6
13  -6
17  -1
14  -7
12  5
16  8
13  -6
19  4
16  6
17  0
12  5
16  8
17  -1
12  5
16  8
10  4
12  6
13  -7
11  -6
18  -2
16  7
9  -5
12  6
16  7
13  -6
18  -1
14  -7
13  -6
13  -6
11  -5
12  6
12  4
22  3
12  6
22  3
8  -4
12  6
13  -7
8  -5
14  -5
16  7
12  5
8  -4
11  -5
16  8
14  -6
14  -5
15  0
12  5
14  -6
19  5
17  -1
15  0
18  -2
15  -1
15  -2
7  0
11  -7
14  -7
13  -6
8  -4
11  -7
15  -2
8  -4
13  -5
12  6
14  -6
9  -3
16  8
13  -5
12  5
12  5
12  6
16  7
10  6
19  5
13  -7
10  4
12  5
9  -3
14  -7
13  -7
18  -3
16  6
20  -6
16  6
12  5
10  5
19  5
15  -1
13  -6
17  0
20  -5
13  -5
12  5
9  -5
18  -2
18  -2
15  -2
17  0
7  0
19  4
12  6
16  6
15  0
12  4
15  -1
17  0
