16  2
23  1
19  -11
19  -5
17  4
21  10
23  -3
18  -3
20  -9
23  1
21  9
25  0
17  1
20  -4
21  9
14  -3
23  -6
18  -2
16  6
16  3
18  1
20  -5
22  -2
18  -6
13  -8
18  -3
14  4
20  -10
18  -4
14  0
20  -3
19  -11
20  -9
18  0
22  -3
16  5
19  -10
14  5
19  -7
26  0
16  5
19  -9
18  2
18  1
22  -1
16  6
16  -1
15  -4
12  4
18  -3
21  8
19  -8
18  -3
25  -4
14  5
20  -4
18  -4
19  -7
25  -3
21  6
22  -8
13  -1
26  1
18  0
17  -3
14  0
17  1
19  -10
17  2
19  -3
16  5
15  -10
24  -5
19  -4
21  7
21  4
20  -6
17  2
17  5
20  -2
18  -6
17  2
20  -8
23  -3
19  -6
19  -6
22  -3
14  -3
22  -3
20  -4
18  -3
17  5
18  -6
25  -2
21  9
15  -9
20  -5
17  3
16  4
16  6
18  -2
17  4
16  1
16  3
19  -8
18  -2
20  -2
14  -1
19  -6
16  0
13  -4
16  2
17  2
18  2
15  -4
17  4
21  8
25  -7
19  -5
21  6
18  -6
17  0
14  -3
16  3
18  -2
20  -3
22  -2
15  -4
18  -6
14  4
20  -4
18  -4
14  2
17  -2
18  -4
16  6
20  -3
14  2
21  2
16  5
15  -8
15  -10
21  10
20  -5
18  -4
23  -1
15  -2
14  -2
17  5
21  9
22  -1
20  -9
17  -2
23  0
24  -3
21  9
21  7
17  4
18  -6
18  -2
20  -2
23  -5
16  1
23  0
18  -1
18  -4
18  -1
15  -6
15  -5
22  -2
17  4
19  -6
18  -4
17  -1
13  -8
16  2
18  -3
20  -9
22  -9
17  5
23  -5
16  7
20  -2
20  -9
20  -9
17  5
18  0
15  -5
21  6
19  -10
20  -8
22  -2
18  -2
22  -4
18  -5
23  -1
20  -8
20  -5
22  -5
22  -7
12  -2
22  -6
14  4
18  -6
19  -6
18  -2
19  -9
25  -5
19  -9
13  -3
23  -2
16  5
19  -3
20  -4
13  -7
19  -9
18  2
19  -7
20  -2
18  -5
19  -4
18  1
17  -3
20  -10
20  -5
23  0
21  8
15  -6
20  -2
19  -3
18  2
23  -3
13  -3
19  -10
20  -6
20  -4
17  1
21  7
16  6
15  -9
17  5
20  -2
20  -4
17  5
17  5
16  7
22  -7
20  -4
22  -9
21  2
23  -4
16  1
14  -2
21  2
19  -8
19  -10
21  4
18  -3
18  -5
19  -11
16  2
17  0
14  3
15  -2
23  2
23  2
19  -8
20  -10
21  9
15  -3
17  -1
18  -4
22  -1
15  -3
20  -4
20  -9
19  -8
18  -1
18  0
17  2
23  -6
20  -2
21  10
13  -6
22  -3
14  0
20  -8
20  -5
20  -7
18  1
14  4
18  -5
18  -4
19  -7
17  5
18  -6
17  1
16  6
17  2
25  -3
18  0
10  3
16  7
21  5
20  -9
14  1
24  3
20  -3
16  5
21  7
16  7
19  -10
15  -10
17  1
21  6
21  4
16  5
24  1
15  -2
13  -1
20  -6
18  -1
20  -5
16  3
21  2
14  3
15  -8
18  -1
15  -10
19  -8
17  -3
22  -5
24  -2
20  -3
15  -10
24  -1
20  -9
20  -8
17  5
21  4
19  -10
18  -2
18  -4
20  -10
14  3
23  -3
22  -2
23  1
22  -2
23  -3
20  -8
18  -3
14  -2
17  1
18  0
17  4
15  -2
22  -3
17  0
11  4
16  3
21  5
16  0
20  -7
23  -2
23  -5
20  -7
18  0
21  5
22  -8
22  -6
19  -9
18  -5
18  -5
17  0
15  -4
24  -2
17  1
15  -5
20  -5
23  -6
22  -3
24  -3
19  -5
15  -9
18  -2
22  -7
14  -1
17  -3
19  -8
19  -8
21  4
20  -8
16  -1
24  -3
18  -2
18  1
14  0
20  -3
19  -10
26  1
18  -4
14  -2
23  0
24  -4
24  3
20  -6
20  -10
22  -6
16  6
22  -5
16  1
18  -1
25  -6
17  -2
17  -3
18  -1
21  7
23  -3
15  -10
22  -6
14  -3
14  5
19  -5
17  0
19  -3
16  -1
21  3
16  3
22  -7
16  2
17  1
23  -4
17  5
18  -3
22  -9
14  1
21  6
18  -3
13  -9
25  -4
16  2
17  -1
18  2
19  -7
17  2
18  -2
21  6
18  -3
17  -3
15  -3
18  -2
19  -4
19  -11
21  7
24  -3
20  -7
14  -2
21  5
19  -5
22  -5
18  1
19  -5
14  1
17  3
17  4
17  1
17  4
17  5
14  0
19  -9
17  -2
7  3
17  2
22  -9
20  -3
21  9
13  -5
20  -5
15  -9
19  -4
21  7
17  0
19  -10
17  -3
16  2
23  -6
14  0
19  -3
19  -8
16  4
19  -10
17  1
20  -8
16  3
19  -4
19  -9
21  10
24  -3
19  -7
18  -5
17  -3
15  -2
16  1
18  -3
14  -2
16  -1
21  4
14  -1
18  -5
12  0
24  -4
16  0
21  6
18  -5
14  -3
15  -5
19  -5
11  6
17  0
15  -6
21  6
11  8
18  -5
14  4
21  9
28  0
15  -10
15  -8
23  2
17  5
15  -10
17  -2
19  -6
20  -10
17  -2
18  -2
13  -5
22  -9
25  -4
15  -5
22  -2
23  -2
21  4
21  6
22  -7
18  2
21  6
21  10
18  -2
22  -1
22  -1
21  10
19  -11
21  3
18  -4
17  4
17  3
16  -1
17  -1
21  4
15  -8
19  -10
16  -1
19  -8
17  3
22  -2
22  -2
17  2
19  -5
21  3
18  -3
22  -6
21  10
17  -3
19  -9
17  3
21  10
19  -8
18  -5
17  2
22  -6
20  -6
14  0
17  4
23  -2
18  -3
19  -5
19  -10
16  0
23  -1
21  10
21  3
18  -4
12  5
20  -5
18  -2
25  -8
19  -8
16  2
21  7
23  -2
20  -3
24  2
20  -6
20  -3
21  5
17  0
12  0
17  3
19  -11
22  -7
16  4
21  5
20  -2
22  -3
19  -10
21  7
20  -5
23  2
18  2
16  -1
19  -7
20  -8
22  -8
23  -2
15  -9
23  -1
21  8
16  6
15  -5
16  7
19  -11
17  4
22  -7
15  -8
13  -6
17  1
13  -6
12  -2
17  4
18  0
18  -6
16  4
19  -8
21  6
20  -5
21  9
18  -2
22  -3
22  -1
12  -2
19  -4
19  -6
19  -4
18  -6
14  -2
20  -9
19  -4
20  -8
13  -1
18  -6
23  -6
17  2
19  -8
24  1
19  -11
19  -11
23  -4
23  -2
18  -3
16  2
19  -5
19  -9
20  -10
21  2
19  -11
22  -5
16  6
22  -2
15  -6
19  -10
19  -9
14  -3
19  -9
15  -9
22  -1
15  -6
16  0
19  -4
19  -5
22  -5
17  1
20  -4
15  -6
20  -6
18  -2
17  5
20  -2
17  3
18  -2
20  -5
21  6
14  3
16  5
18  -2
22  -4
22  -7
18  -2
19  -8
17  -1
14  -2
16  3
15  -7
15  -5
20  -2
22  -1
19  -3
18  -6
20  -2
20  -8
21  9
13  -8
18  -3
20  -3
19  -6
20  -9
17  4
17  -1
19  -10
15  -4
19  -7
21  5
17  3
15  -10
17  0
16  3
16  -1
24  -3
14  3
17  -1
25  -3
11  1
17  3
14  -3
19  -5
19  -4
17  2
19  -4
20  -4
20  -7
15  -3
20  -9
16  7
21  3
22  -4
20  -8
16  1
19  -3
18  1
15  -2
25  -1
21  5
17  -3
23  -2
19  -4
19  -8
14  -2
15  -9
16  6
17  5
16  -1
16  -1
21  3
24  -4
15  -6
17  0
22  -5
18  -4
21  9
18  1
18  0
18  -5
17  -3
24  -4
18  -6
20  -6
20  -2
18  -2
18  -2
21  2
19  -10
16  3
18  1
15  -9
16  1
18  -3
21  8
22  -9
18  -3
20  -4
16  1
20  -5
19  -8
13  -3
16  4
21  5
23  0
19  -9
21  7
20  -8
19  -3
16  3
23  -6
23  -1
14  -1
16  -1
20  -10
22  -3
17  1
16  1
17  2
26  3
18  0
19  -10
20  -4
17  1
19  -5
25  -4
19  -10
17  4
14  0
17  1
16  4
18  -6
17  4
13  -8
17  3
22  -8
16  6
19  -7
17  3
20  -9
13  -6
15  -9
23  -2
19  -4
17  -1
16  2
22  -8
14  -1
19  -6
19  -4
19  -4
17  -2
18  1
19  -7
20  -6
20  -9
17  -3
16  3
16  5
19  -8
17  4
11  7
17  0
15  -6
15  -10
17  4
22  -9
23  -2
21  8
23  -2
19  -11
18  -2
22  -1
17  5
23  -1
21  6
17  3
22  -1
15  -9
20  -6
15  -6
12  4
22  -2
23  2
16  6
21  7
17  -2
19  -11
19  -3
18  -1
20  -3
21  4
18  -6
22  -2
17  4
21  10
20  -4
19  -3
19  -10
20  -6
18  0
18  -3
22  -9
17  4
22  -5
15  -5
21  3
22  -9
20  -2
19  -11
19  -5
18  -3
23  -6
18  -2
22  -7
19  -10
19  -6
20  -2
20  -4
22  -7
19  -3
20  -5
21  8
19  -4
23  -3
21  2
23  -1
14  0
24  -2
17  5
17  1
16  7
15  -7
17  0
15  -8
15  -5
21  10
19  -4
18  -4
18  0
20  -9
19  -5
20  -10
19  -10
20  -5
21  4
20  -2
17  2
20  -6
18  -4
18  -1
16  -1
13  -2
19  -4
22  -3
17  4
22  -2
15  -6
19  -7
21  6
23  0
23  -2
20  -9
14  -3
18  -6
19  -7
16  3
20  -7
17  5
19  -8
16  6
22  -6
19  -11
18  -4
18  0
23  2
18  -5
14  1
18  1
22  -7
18  -4
16  6
22  -2
18  -2
21  10
15  -10
19  -4
20  -8
18  -3
16  0
16  -1
16  2
13  -3
24  2
15  -2
19  -3
15  -9
