16  2
18  -12
12  8
14  0
12  3
14  -3
13  2
14  -8
18  -10
12  8
15  -9
12  -1
14  0
12  -1
14  -5
16  5
11  1
11  3
13  11
9  4
14  1
14  -5
14  -12
12  2
14  -10
12  -2
15  -12
11  1
13  -1
15  -10
8  5
12  8
9  -3
15  -5
9  -1
17  0
11  -5
11  -4
15  -11
13  5
16  2
11  -7
5  -13
13  4
10  0
14  -13
13  0
19  -12
11  -7
14  -4
14  -12
17  6
15  -2
11  -6
17  11
11  -6
8  -3
12  8
11  -1
10  -8
13  8
14  0
14  -2
9  -7
14  -6
13  4
15  1
12  -2
14  -12
15  -2
8  1
15  -5
10  1
13  8
10  -8
12  8
18  -5
13  10
16  -3
13  3
11  -2
15  -1
12  1
14  1
14  -8
14  -13
12  -3
15  -2
19  -10
11  -6
17  1
14  -11
8  -2
10  -10
12  6
13  5
10  -4
12  6
14  -1
11  6
15  -7
12  8
12  5
12  11
9  2
16  7
12  -3
14  -5
19  -4
14  -9
10  4
14  -7
12  -3
14  -7
12  9
12  6
13  3
15  0
14  -2
11  -5
5  -5
14  -4
10  -6
12  -2
6  -9
10  -3
11  -8
11  -5
13  6
11  6
13  11
16  5
12  10
20  4
7  1
15  1
12  3
19  -13
15  1
15  -9
14  1
11  3
14  -11
16  9
16  10
7  12
11  4
8  0
11  -2
9  0
9  0
12  10
15  1
13  3
10  3
15  -3
16  3
9  6
11  1
14  0
16  -3
14  -1
14  -12
11  -6
10  -3
14  -2
9  -1
12  9
17  4
15  -4
16  -2
7  -1
9  -3
17  4
12  5
17  2
12  3
15  -2
17  10
15  -5
12  -3
13  5
16  -2
13  11
14  -5
16  5
12  11
9  1
21  6
13  5
10  -2
15  -3
12  10
9  0
19  -2
16  6
18  -2
15  -6
13  5
12  -2
11  3
9  4
14  -4
11  5
13  7
14  -13
13  0
14  -4
11  5
17  12
18  -5
11  0
6  -10
15  -12
10  -5
9  1
12  10
9  7
12  -1
14  -6
15  -7
12  6
10  -4
12  -2
15  -1
14  -4
10  -8
11  0
12  9
16  5
10  -1
17  10
11  1
11  0
10  -8
14  -12
13  1
14  -10
9  2
17  10
9  -7
14  -9
11  -4
16  5
12  6
12  8
14  -5
14  -13
11  6
11  -5
10  -3
10  -2
12  9
12  -1
13  -1
17  7
18  -7
12  6
13  0
14  -13
13  7
12  5
12  9
16  -1
16  10
11  1
13  6
9  -1
12  0
10  -7
13  4
10  4
11  -1
15  -2
15  -3
14  0
14  0
16  -1
13  3
15  -8
14  -1
15  -6
9  5
14  0
7  3
6  -5
9  -6
15  -1
11  4
15  -5
16  8
14  -11
16  8
9  -7
11  0
21  -3
13  0
13  7
13  11
13  0
11  -5
17  2
15  -3
13  8
14  -13
10  -2
13  0
10  1
8  7
11  -3
11  -2
11  -7
14  -4
18  -6
4  -4
14  -5
9  -2
8  -3
13  7
20  4
9  -5
17  9
16  4
10  -4
14  -8
14  -7
8  -4
18  -2
14  -4
12  2
12  3
15  -1
13  10
14  0
18  -13
7  3
11  -2
11  -3
16  0
5  -1
11  -2
14  -2
13  6
14  -11
8  0
12  1
14  -10
12  10
17  5
18  -4
16  8
12  2
11  -5
12  10
16  6
10  -3
16  11
11  4
13  10
9  -3
11  -2
13  5
9  0
15  -6
17  4
17  2
14  1
12  2
11  -1
13  3
12  11
18  -12
13  0
14  -12
14  1
12  4
11  -8
13  11
15  -1
8  3
12  10
13  1
13  3
8  -1
15  -6
6  -6
15  -10
15  -2
17  3
11  5
13  8
11  2
15  -12
17  4
11  -2
17  11
7  5
13  7
18  -5
16  -2
11  4
17  13
12  0
12  -1
9  0
9  -7
12  -3
17  -1
14  -5
12  0
14  -2
6  3
10  -8
14  -10
11  -6
13  6
10  -10
16  -1
10  -10
17  5
10  0
17  2
13  7
17  1
11  -2
11  -7
16  2
11  -6
13  13
16  -2
11  2
13  5
13  3
13  13
13  2
15  -2
10  -5
22  -9
9  0
11  4
14  -7
7  5
15  -12
11  -5
14  -4
17  0
12  4
10  -3
15  1
13  10
12  7
20  10
20  4
12  11
10  -7
11  1
10  0
13  10
15  2
15  -6
16  6
9  6
17  11
14  -1
15  -11
17  6
11  2
17  2
16  10
10  -2
12  11
12  -2
17  10
7  0
18  0
9  -6
11  0
18  -10
14  -4
12  8
13  8
17  -1
14  -13
16  6
18  -3
14  -1
15  -4
15  -1
11  -6
23  -1
17  0
14  -5
16  2
13  4
14  -4
15  -9
17  12
10  -10
12  1
13  -1
8  -2
8  4
15  -5
15  -5
17  4
16  0
14  -1
16  10
11  -8
9  3
16  11
13  13
10  0
15  -8
14  -1
4  -4
12  5
14  -6
11  -2
15  0
12  8
10  4
14  -11
13  2
16  2
9  -1
12  -2
13  0
10  -4
11  -3
8  -5
15  -8
18  -12
13  1
12  5
8  6
14  -11
18  -3
10  3
12  7
14  -3
14  -1
10  -3
8  3
12  5
14  -4
18  -8
14  -2
14  -3
15  -9
9  -3
12  2
13  0
8  8
12  4
13  7
11  -1
12  1
12  10
19  -10
8  -6
23  -2
17  8
13  -1
14  -6
12  4
13  9
14  -13
12  8
11  2
14  -1
13  4
13  0
13  7
12  -2
15  0
11  3
12  1
15  -11
19  -10
15  1
13  12
8  4
12  0
13  2
10  -1
14  -10
12  -1
13  5
15  2
15  -6
11  -3
15  2
11  -1
9  6
6  1
15  -8
8  3
12  8
13  4
14  -9
14  -11
11  -5
12  6
11  2
12  6
12  10
14  -7
14  -9
13  12
9  0
10  -9
15  2
15  -8
11  -7
11  1
13  10
8  3
11  -8
16  3
14  0
15  0
16  3
14  -1
12  9
13  13
11  -3
16  10
13  3
9  5
10  -1
14  -3
12  1
8  4
13  8
17  4
14  1
12  8
8  3
12  0
11  3
14  -4
13  8
14  -6
10  -2
13  9
14  -2
11  -1
14  -4
5  -14
18  -4
17  6
13  5
15  -1
11  -7
19  -9
10  -9
10  -5
11  -5
13  -1
13  8
12  0
13  11
12  3
14  -8
9  -7
11  6
12  10
12  1
12  7
12  11
17  8
15  2
10  -3
9  0
17  -1
16  -2
12  8
12  -1
16  9
13  -1
13  9
15  -6
11  3
15  -11
14  1
11  4
13  1
13  13
17  1
8  -1
11  3
14  1
13  -1
12  4
10  -6
15  -4
15  -8
9  3
15  1
11  1
12  -2
12  2
13  7
12  10
12  4
12  8
3  9
8  5
14  -4
12  6
9  -4
16  0
14  0
16  2
9  -3
16  10
14  1
15  -6
13  3
14  -13
14  -7
14  -9
11  5
15  -3
14  -5
11  1
12  6
11  -3
13  12
17  7
11  -6
19  -14
13  11
11  2
16  7
11  -7
15  -12
14  -5
12  -2
10  -5
11  3
17  9
15  1
14  -1
10  -7
8  -6
17  3
12  7
9  6
8  -6
7  4
15  0
10  -2
14  -1
15  -2
13  0
14  -3
10  -2
15  -6
15  -2
17  6
10  4
8  -1
16  9
17  12
11  -2
12  -2
11  -5
14  -3
16  5
14  -13
11  -5
10  -8
10  -9
12  1
12  0
14  -9
12  2
13  5
14  -12
12  6
12  4
11  3
9  6
8  2
14  -8
14  -12
12  2
13  5
13  7
13  8
10  -8
18  -12
10  4
10  -4
9  5
9  7
16  2
19  -7
15  -1
10  -2
15  2
9  0
12  3
14  -5
13  9
14  -2
15  -8
10  4
17  8
17  10
11  -4
12  0
12  6
19  -2
14  -1
15  -5
18  -11
11  -2
17  9
14  -9
9  3
16  -3
12  10
15  -8
14  -5
12  11
8  -5
14  -11
14  -8
11  1
16  -2
15  -5
14  -6
14  -13
13  13
17  11
14  -12
12  -1
13  2
15  -4
16  -1
17  -1
14  -11
14  -5
13  12
10  0
13  7
8  -6
15  -11
17  12
14  -5
16  -2
10  0
13  4
13  13
13  10
17  7
14  -5
15  -4
14  -2
14  -10
11  -4
14  -4
9  6
14  -3
9  4
6  0
14  0
9  -7
15  -5
10  -1
21  5
10  -8
18  -10
12  6
8  2
7  13
11  -5
11  3
6  3
15  2
15  2
11  3
15  -10
14  -12
10  -9
11  4
9  -2
11  -5
14  -4
17  7
10  -7
17  12
7  4
20  5
10  -9
10  -6
14  -9
15  2
14  -7
10  -4
7  3
12  0
18  -9
12  11
12  -1
11  5
14  -13
10  2
13  -1
20  3
7  9
9  5
12  7
13  7
9  -7
11  1
14  -10
12  10
15  1
13  3
15  -4
11  0
18  -11
11  -1
15  -4
11  -1
13  13
18  -9
15  -9
15  0
18  -3
9  -6
14  -1
15  -9
12  -2
14  -4
16  4
10  -1
10  -9
15  -2
15  -7
9  6
13  11
13  5
18  -2
15  -9
12  6
13  13
11  3
15  -12
17  9
10  -4
13  8
11  -5
14  -10
15  1
15  0
12  1
10  -6
8  3
15  -5
18  -6
19  -10
11  3
14  -9
12  5
13  4
12  -3
17  11
17  13
14  0
8  8
18  -12
16  11
15  0
12  -3
15  -3
17  11
16  -2
14  -13
13  3
11  -1
12  3
15  -9
15  -2
13  11
13  8
13  12
16  -3
15  -1
15  -11
11  5
14  -7
13  4
14  -9
10  0
10  -1
