34  -8
31  -9
36  7
35  -5
31  1
36  0
32  11
35  -5
35  -7
37  0
34  -6
35  -9
33  -12
38  1
35  -1
34  -12
37  2
34  -3
33  -6
36  4
32  5
36  4
36  8
35  -10
35  -1
35  -4
33  -8
36  3
36  4
35  -4
39  -1
34  -7
34  -7
34  -5
39  -4
31  1
36  1
31  -5
34  -8
35  0
34  -11
36  6
33  -6
34  -2
37  -4
33  -6
35  0
34  -9
34  -3
32  7
36  5
34  -5
34  -7
31  -8
37  -1
36  9
37  -6
34  -8
33  -11
33  -6
36  2
35  -2
35  -7
37  -6
38  -1
36  3
34  -6
36  10
36  3
35  -9
33  -2
34  -5
33  -10
37  1
36  2
37  2
32  8
34  -10
37  -2
35  -8
37  -2
36  1
34  -10
33  -12
32  11
35  -4
31  -1
37  -1
35  -10
33  -11
35  -10
36  4
32  3
32  12
37  -6
34  -6
39  -2
34  -6
33  -12
34  -10
29  2
33  -11
35  -10
35  -9
35  -3
36  4
31  -7
33  -6
38  2
33  -3
37  4
34  -6
35  -2
38  0
36  5
37  -3
37  0
36  0
37  4
35  -2
31  -5
35  -8
30  1
34  -2
35  -5
33  -2
34  -12
35  -8
38  0
35  -1
35  -8
35  -8
33  -5
36  8
38  4
37  -5
35  -3
36  9
33  -5
32  7
34  -4
33  -11
35  -3
34  -8
34  -4
33  -7
36  8
38  1
33  -2
38  1
34  -4
34  -4
34  -11
35  -5
38  0
33  -6
36  5
36  9
35  -2
36  7
37  -6
35  -3
34  -2
37  0
36  10
33  -11
35  -5
35  -6
37  -2
34  -7
37  -1
37  -1
36  6
36  1
36  7
38  2
35  -4
35  -1
34  -11
34  -11
34  -2
34  -7
35  -7
39  1
38  -3
37  -1
34  -10
37  -4
35  -2
34  -6
33  -5
33  -2
36  6
38  -6
35  -1
35  -7
33  -7
36  9
35  -7
32  6
34  -9
35  -1
36  6
31  0
32  5
36  5
30  7
32  12
35  -3
35  -4
37  -4
32  4
37  -4
35  -10
33  -11
36  6
32  4
33  -5
36  7
36  0
35  -8
35  -4
37  2
36  8
33  -8
32  2
37  3
34  -6
35  -9
35  -4
37  3
33  -10
33  -11
33  -11
34  -10
32  2
36  7
35  -2
36  10
38  -5
33  -12
32  12
30  1
37  -2
31  -1
33  -6
35  -5
35  -4
37  -2
38  -1
35  -6
36  8
31  -6
33  -4
31  0
36  10
32  9
36  3
34  -6
36  3
36  8
30  3
33  -9
32  6
35  -8
37  2
34  -10
34  -12
35  -6
38  4
35  -8
34  -12
34  -7
28  11
34  -6
36  3
35  -2
35  -7
34  -7
31  -5
36  4
33  -9
33  -9
35  -7
37  -6
35  -4
32  4
35  -3
31  -6
33  -12
30  1
37  0
37  4
30  3
34  -7
34  -10
34  -4
35  -8
27  -4
32  12
35  -9
34  -12
35  -5
30  3
33  -9
32  4
34  -5
30  1
34  -9
31  -6
32  8
31  -1
38  -4
33  -9
37  -2
31  -7
32  5
36  3
37  -2
36  2
34  -4
38  3
35  -2
35  -3
35  -2
34  -11
37  0
35  -9
36  4
37  -5
36  7
36  1
36  5
32  4
33  -9
33  -5
38  -4
35  -5
30  1
35  -1
33  -7
38  -1
31  -5
34  -4
34  -8
36  7
38  -3
36  3
32  12
33  -2
35  -5
34  -6
35  -6
32  10
33  -3
37  -5
34  -11
37  4
37  -4
34  -3
32  6
36  6
36  8
37  -3
35  -8
34  -8
39  -3
33  -5
37  -5
34  -7
36  4
32  4
34  -2
37  -6
33  -3
35  -8
34  -9
36  3
33  -12
35  -3
34  -5
37  4
32  12
36  5
36  2
33  -12
35  -7
30  -3
34  -12
34  -4
31  -3
35  -1
32  3
33  -6
33  -11
35  -6
35  0
38  1
36  9
32  9
36  9
34  -4
36  8
37  3
34  -4
34  -8
36  3
36  9
36  9
32  4
37  3
36  6
31  1
35  0
34  -10
33  -8
35  -5
36  6
34  -4
35  -9
36  8
35  -4
36  10
34  -3
36  0
37  2
34  -10
38  -2
35  -2
33  -9
35  -1
32  10
36  4
38  -3
36  6
35  -1
33  -4
36  8
35  -2
36  4
35  -5
34  -12
35  -4
35  0
34  -9
37  -2
32  2
34  -11
36  1
37  -6
35  -10
32  5
34  -11
31  -9
33  -12
36  0
31  -3
33  -3
35  0
33  -7
31  -2
35  -4
35  -5
33  -7
37  -3
36  4
33  -8
33  -2
31  -9
35  -8
35  -2
36  2
35  -10
32  10
35  -7
32  6
34  -7
37  -2
37  0
36  1
32  3
31  1
32  9
33  -2
31  -3
37  -1
33  -5
33  -9
35  -7
33  -10
36  7
33  -11
35  0
35  0
35  -3
34  -7
36  6
35  -5
37  -4
33  -5
36  10
34  -8
34  -6
37  0
34  -4
38  2
31  0
33  -5
34  -6
35  -4
32  11
38  2
36  0
34  -5
38  4
34  -8
30  7
36  8
34  -10
38  -1
35  -1
33  -2
35  -7
36  6
39  0
35  -7
34  -4
32  3
34  -9
36  0
37  3
35  0
37  1
35  -1
36  3
36  3
36  6
37  1
33  -8
34  -9
37  0
33  -10
34  -10
35  -3
36  10
29  -5
39  -1
36  4
37  -2
33  -5
35  -8
36  3
36  1
32  5
38  0
37  3
38  4
35  -2
31  -6
36  2
36  0
33  -12
33  -4
37  2
38  -1
35  -3
37  -4
37  -1
35  -7
32  6
37  -3
33  -2
35  -7
36  1
37  1
37  4
36  4
37  -1
32  12
34  -6
37  4
36  9
34  -2
36  0
34  -6
35  0
36  4
35  -1
37  4
36  10
34  -3
35  -3
34  -10
33  -11
34  -8
34  -12
33  -11
36  2
35  -4
32  2
32  3
36  9
34  -9
33  -5
34  -11
33  -5
34  -10
34  -3
33  -6
34  -3
36  0
35  -3
27  -10
32  8
32  12
35  -7
36  9
33  -8
36  7
34  -8
33  -8
37  -3
35  -3
33  -10
35  -2
34  -6
38  -3
37  3
36  0
35  -7
36  2
34  -3
33  -3
32  12
38  -3
35  -9
36  10
31  -4
35  -1
35  -6
37  0
36  5
36  9
37  -1
32  6
35  -6
35  -7
35  -6
31  -9
34  -9
33  -10
34  -6
33  -4
34  -3
36  6
33  -5
35  -1
33  -5
38  -3
37  0
36  10
37  -2
37  3
33  -6
37  4
34  -6
36  5
36  5
36  2
36  5
35  -2
30  4
38  2
34  -2
36  9
33  -2
36  5
34  -6
36  4
37  4
35  -7
34  -6
33  -12
35  -6
38  0
37  -2
33  -8
31  -9
37  4
35  -9
35  -2
34  -12
32  2
39  5
32  10
34  -4
30  -3
38  -2
35  -2
36  1
32  3
32  4
38  3
37  -5
37  -4
35  -10
38  -1
37  1
31  -5
37  4
37  -5
36  9
35  -8
35  -2
37  4
36  1
34  -6
32  2
34  -6
32  6
36  7
33  -11
34  -8
36  7
35  -3
37  3
36  8
33  -4
33  -9
33  -5
34  -7
36  7
36  3
31  -9
36  8
32  2
33  -7
33  -11
38  -6
35  -2
35  -3
34  -9
34  -8
38  4
34  -2
37  -2
32  10
35  -1
37  -3
28  2
35  -1
33  -11
38  -4
37  -6
37  0
34  -8
35  -9
35  -4
33  -4
31  -1
36  1
35  -6
37  4
36  9
37  -5
33  -2
35  -7
34  -11
34  -7
37  -3
34  -12
37  4
37  1
34  -7
34  -12
35  -7
34  -2
34  -7
34  -3
37  -1
38  2
36  4
34  -12
33  -2
33  -5
35  -7
33  -5
34  -7
34  -4
34  -10
34  -4
35  0
36  7
35  -5
35  -10
36  4
35  -3
31  0
35  -3
33  -12
37  -1
35  -6
32  11
36  1
34  -2
33  -6
37  -1
31  -7
35  -3
36  2
30  5
34  -4
33  -2
38  0
37  -1
35  -5
32  2
36  0
34  -8
33  -3
33  -11
35  -8
33  -10
29  -5
36  9
35  0
34  -8
35  -8
37  -5
35  -4
34  -3
36  3
32  9
34  -5
33  -9
35  0
35  -8
33  -3
29  1
34  -5
33  -4
35  -4
36  6
32  5
34  -11
36  3
37  -2
35  -10
34  -2
36  9
37  0
37  3
35  -5
35  -9
30  -2
38  0
35  -3
36  8
34  -4
36  1
30  5
35  -7
37  1
37  4
35  -1
35  -1
35  -8
36  0
35  -10
36  4
32  3
33  -11
35  -3
36  6
34  -8
37  -3
34  -5
35  -10
33  -3
33  -6
35  -6
35  -8
35  -6
35  0
32  12
36  6
35  -3
33  -6
35  -2
38  -3
35  -4
34  -3
37  0
36  7
35  -2
36  2
35  -4
33  -3
34  -5
34  -9
35  -9
31  1
35  -6
34  -8
34  -9
33  -6
33  -3
36  2
34  -5
35  -3
38  2
34  -9
36  6
36  9
32  12
33  -8
34  -12
32  11
34  -9
36  3
33  -4
33  -12
32  7
34  -9
33  -11
33  -7
35  0
34  -5
36  9
34  -6
35  -8
34  -12
31  -5
35  -7
36  5
38  -3
35  -1
37  1
28  11
34  -10
36  0
34  -4
34  -10
36  7
33  -11
35  -4
36  2
33  -6
37  4
35  -3
34  -4
36  9
37  -5
32  7
30  -1
37  4
35  -9
36  4
35  -5
32  10
35  -4
31  -9
38  2
31  -2
34  -11
37  -4
37  -3
38  -1
35  -8
34  -12
35  -5
34  -5
34  -6
32  2
39  0
35  -3
37  1
32  7
33  -9
29  -6
32  10
33  -10
38  -4
34  -9
35  0
31  -6
36  2
36  10
35  -8
34  -11
34  -8
34  -8
35  -4
37  -6
35  -10
34  -8
36  8
35  -5
37  3
33  -8
