17  2
11  0
16  -5
20  4
13  -6
14  0
20  7
12  -6
15  2
15  0
20  8
16  -10
14  2
17  4
16  -12
15  -3
15  0
18  4
13  -8
14  2
18  -3
17  9
18  5
18  0
16  -5
17  2
17  1
15  1
19  -7
19  -8
14  5
14  3
15  4
17  7
16  -4
16  -8
19  -6
18  4
15  3
14  -1
15  1
16  -12
12  0
19  -1
17  6
13  -6
14  7
17  3
13  -7
16  -11
16  -11
15  -6
14  6
16  -12
15  4
16  -3
12  -10
15  -2
16  -12
17  2
17  9
13  -8
15  -2
17  5
14  1
16  -11
16  -4
15  -2
16  -12
16  -5
19  -3
14  8
15  3
16  -10
17  3
16  -8
13  -4
14  0
17  6
15  -4
18  -3
15  3
18  -3
18  4
15  2
15  -1
17  6
16  -3
16  -2
16  -10
18  6
18  2
16  -12
17  5
17  2
17  5
15  1
16  -2
15  1
16  -3
17  9
15  -3
15  3
13  -6
13  -11
14  9
15  2
16  -5
16  -11
14  0
16  -5
19  -3
16  -7
13  -10
16  -8
15  -1
13  -3
17  8
16  -3
17  2
14  2
19  -6
17  2
15  -3
14  4
17  4
20  12
15  3
15  2
17  10
16  -5
17  7
21  7
16  -10
14  9
17  11
15  -1
14  7
16  -8
12  -3
15  -6
16  -3
16  -4
16  -12
18  0
15  4
17  5
18  3
15  0
14  2
15  4
17  10
17  4
17  1
15  -5
12  0
14  -1
16  -7
12  -8
17  5
19  -3
12  -10
16  -3
18  4
19  0
15  4
18  -1
18  2
16  -3
16  -10
17  9
19  0
16  -6
18  4
16  -3
16  -3
14  6
18  5
14  2
15  4
19  -1
17  6
14  9
16  -11
15  -3
16  -11
19  -2
16  -10
18  2
18  0
15  -1
17  5
20  9
15  4
12  -2
17  10
18  -3
16  -11
19  -6
17  2
17  11
14  0
16  -3
16  -6
15  -1
16  -8
16  -11
17  7
21  2
15  1
12  -8
17  4
13  -10
15  -6
16  -9
14  3
17  1
18  -4
11  7
17  4
13  -7
20  6
18  1
13  -10
15  1
18  4
15  0
17  6
19  -5
15  2
18  1
16  -12
17  7
19  -3
13  -8
16  -9
18  0
14  4
19  -1
18  -3
14  -1
14  1
17  1
16  -12
15  0
15  -2
16  -5
15  -2
18  -2
16  -3
15  2
15  -4
16  -7
17  7
19  -5
15  -2
17  5
15  2
17  7
14  2
12  -5
16  -12
13  -2
18  5
15  -3
15  -6
14  9
16  -9
16  -9
19  -10
19  -10
18  3
19  -1
17  9
15  -4
9  -5
18  2
18  1
17  10
15  -3
19  -3
18  3
16  -7
18  0
16  -6
16  -7
13  -2
16  -6
17  8
14  0
13  -10
18  6
15  -2
13  -5
16  -10
13  -8
16  -12
17  3
14  9
13  -9
17  6
12  -8
11  5
15  -3
15  -2
17  11
16  -10
18  2
20  12
16  -4
16  -4
13  -2
16  -4
14  6
17  7
18  4
15  -3
13  -4
16  -6
17  1
19  -1
15  -6
16  -4
19  -8
16  -6
14  2
16  -5
16  -7
14  6
18  0
17  1
15  2
17  7
17  2
18  -2
12  0
18  6
18  6
16  -6
17  1
17  11
17  4
18  -1
14  2
16  -6
18  1
18  3
18  1
16  -12
17  8
20  2
16  -12
18  3
18  5
15  0
18  -2
16  -6
20  8
18  4
20  11
16  -4
18  1
12  -5
16  -10
16  -4
19  -1
15  4
18  -3
15  -3
15  1
16  -11
14  9
17  2
17  6
16  -10
16  -10
16  -12
12  -9
17  4
19  -8
18  -3
16  -2
13  -8
19  -7
15  1
17  3
19  -9
16  -4
17  4
15  -1
15  -6
19  -8
16  -3
16  -6
19  -3
18  6
16  -4
17  7
19  -2
16  -3
14  3
16  -8
16  -5
13  -1
18  -4
18  1
15  -6
16  -4
14  7
17  9
16  -7
18  2
17  5
16  -8
17  1
19  -5
15  4
14  8
19  -5
15  -6
16  -7
16  -8
16  -11
15  -6
17  7
12  0
14  3
17  10
17  2
14  5
17  10
16  -5
14  9
16  -11
16  -7
16  -11
19  -8
19  -5
17  4
16  -7
17  1
12  -9
14  1
12  0
16  -2
19  -4
16  -7
17  6
17  10
15  -1
17  6
16  -2
19  -2
16  -10
15  4
18  0
16  -10
16  -2
17  3
15  1
11  0
17  8
17  8
17  6
18  -3
18  1
15  -5
17  8
14  2
16  -11
15  -4
17  10
16  -12
18  3
14  5
13  -1
13  -4
15  4
17  3
15  -6
18  5
16  -3
17  11
15  -3
18  3
16  -4
17  11
15  -3
18  3
16  -12
15  -4
16  -11
16  -7
17  1
16  -4
15  4
14  4
15  3
15  -2
17  2
17  2
16  -11
13  -8
17  7
12  -6
16  -10
20  5
17  9
18  6
18  5
17  2
17  2
14  4
15  0
13  -10
18  1
13  -10
18  -1
16  -2
18  -3
17  10
13  -11
17  7
18  -2
16  -4
15  -4
19  -2
18  4
17  9
17  5
12  -6
13  -6
15  -6
17  2
14  2
16  -5
14  4
17  1
19  -5
15  3
15  1
14  0
14  5
16  -11
17  8
16  -11
15  -4
16  -2
20  12
16  -8
14  6
18  2
16  -4
12  -1
16  -3
18  -4
17  2
16  -4
17  7
17  1
19  -8
11  2
16  -3
14  -1
17  10
19  -5
12  -2
16  -11
16  -5
16  -8
17  5
15  -6
17  1
17  5
15  -3
15  3
19  -1
14  6
14  4
15  4
18  4
15  -5
17  6
18  1
18  -2
16  -7
15  1
18  4
13  -6
16  -8
17  10
17  3
14  9
15  -3
15  1
13  -4
19  -10
16  -7
18  4
18  -3
17  1
19  -9
16  -11
14  1
17  2
19  -8
18  2
17  10
18  -2
17  3
14  5
18  -2
16  -8
17  7
15  -1
18  -2
15  0
18  6
14  1
18  4
18  0
19  -8
18  -3
16  -10
15  -2
15  0
15  1
16  -11
15  -2
19  -2
15  3
17  9
13  -9
11  7
20  7
16  -10
16  -9
9  -4
16  -8
17  4
16  -7
17  1
16  -2
16  -6
18  -4
12  -3
15  -5
19  0
17  1
13  -3
17  8
18  2
19  -10
17  3
17  1
17  8
15  -2
15  2
14  -1
17  5
17  1
16  -7
12  -2
15  1
18  4
15  -1
17  1
17  8
17  7
16  -5
14  7
20  10
17  5
16  -2
17  10
19  -10
19  -4
19  -4
17  7
17  9
18  -4
16  -11
19  -2
15  -6
16  -6
19  -7
15  0
15  -5
16  -11
16  -9
15  -5
17  6
15  3
16  -4
15  -2
18  5
18  5
17  1
17  6
17  9
16  -5
17  7
14  2
16  -12
19  0
16  -3
16  -3
20  7
15  1
17  2
16  -5
16  -2
14  7
16  -3
18  3
16  -6
18  3
20  12
17  10
15  -6
10  2
18  5
18  -4
13  -10
17  9
14  -1
16  -6
18  0
13  -1
14  0
16  -3
17  8
18  2
16  -4
16  -7
17  7
16  -12
14  7
13  -6
17  2
15  -2
15  -3
19  -10
15  1
17  6
15  2
15  -4
16  -2
15  2
15  -3
16  -12
18  -2
13  -8
15  0
19  -5
17  4
15  3
18  3
15  -5
11  0
11  3
17  9
16  -5
16  -3
17  11
16  -12
17  1
14  3
16  -2
18  6
13  -8
14  8
19  -5
17  6
14  2
14  3
16  -7
18  -2
15  -2
19  -3
19  0
15  3
17  3
17  1
16  -8
13  -8
19  -7
16  -9
16  -9
16  -9
14  6
14  1
14  1
19  -7
19  -1
16  -3
12  -1
16  -5
16  -2
16  -5
16  -9
18  2
17  8
15  4
17  9
16  -4
17  7
16  -7
15  4
19  -3
16  -2
15  0
14  1
17  1
16  -12
20  11
16  -9
17  4
15  -4
18  4
15  1
16  -9
17  10
18  -2
16  -7
14  6
11  5
17  1
15  -5
17  9
15  0
15  -2
18  4
17  9
19  -7
16  -5
11  9
16  -6
16  -12
16  -6
18  4
21  2
19  -1
18  -1
16  -10
16  -8
15  -1
17  11
17  3
16  -8
17  4
14  5
16  -8
14  9
17  1
14  -1
17  6
15  -5
16  -4
14  4
20  12
17  5
15  0
15  -2
15  -1
15  -2
15  -1
14  9
19  -2
17  2
13  -3
16  -7
18  2
16  -2
17  9
16  -11
15  3
17  8
14  8
17  7
20  7
14  2
18  0
19  -2
12  -9
17  1
19  -6
16  -2
17  1
16  -12
19  -10
13  -1
11  7
16  -8
18  -4
11  2
17  10
15  3
14  2
16  -8
20  8
16  -9
15  4
13  -6
15  -1
12  -3
19  -2
18  -2
17  10
15  -2
12  -4
14  2
18  0
12  -8
14  -1
14  2
12  -5
11  10
18  -1
12  0
18  2
14  2
15  1
17  4
19  -8
13  -3
17  5
16  -10
16  -10
16  -2
19  -3
13  -2
16  -7
19  -10
16  -10
17  7
14  9
17  4
11  4
15  -2
14  5
14  8
18  -1
16  -7
18  6
16  -4
14  2
16  -12
17  7
17  10
14  9
16  -5
13  -3
13  -10
17  6
17  1
20  11
17  10
14  5
17  10
14  0
16  -7
15  -3
18  6
19  -2
12  0
16  -5
17  2
18  6
14  8
17  1
17  3
18  -2
15  -2
14  1
16  -11
18  -1
17  4
15  -1
16  -11
17  7
16  -3
16  -2
16  -7
16  -4
13  -9
13  -3
11  8
16  -3
15  -2
14  3
15  -6
16  -12
14  9
17  4
17  8
15  4
17  6
18  -4
14  2
