16  3
13  -4
14  -6
11  5
15  5
14  -6
16  2
17  3
16  -1
15  5
14  -1
15  1
15  0
10  8
13  -10
13  -9
9  3
13  -1
13  -8
18  8
14  -11
13  -7
14  -3
10  5
8  8
17  3
10  -1
14  -6
12  4
11  7
11  1
13  -11
17  -1
15  3
17  0
13  -3
11  5
15  -5
16  -3
16  -5
13  -6
12  7
15  5
11  -1
13  -6
9  -5
14  -4
14  -5
14  -1
16  3
13  -3
12  6
14  -7
10  7
12  1
12  1
17  0
14  -9
13  -2
11  -2
16  3
12  4
12  6
16  -3
13  -9
15  -2
10  7
12  7
11  4
12  0
14  -9
15  -2
10  3
14  -8
11  5
12  9
16  0
15  5
16  -2
14  -2
15  0
20  -12
16  -3
12  3
13  -6
14  -5
12  1
10  4
10  4
13  -2
11  6
12  1
13  -8
12  10
12  9
11  -2
15  -2
17  0
12  5
18  4
14  -5
15  4
11  2
16  -1
11  -3
16  -4
16  3
15  -2
16  -3
13  -11
9  -4
12  8
15  4
18  6
15  -3
16  -3
14  -1
12  0
10  2
9  -2
15  -1
15  -4
11  2
13  -3
13  -2
14  -5
14  -7
17  8
9  -5
10  4
13  -6
11  -2
15  3
12  8
14  -5
10  0
16  1
12  8
15  2
13  -11
13  -1
16  -1
14  -2
11  5
15  4
14  -1
15  0
11  3
16  2
12  7
16  2
13  -3
11  7
14  -7
12  10
13  -3
15  -5
18  4
10  -1
16  0
10  0
7  -6
13  -1
14  -1
14  -1
8  1
14  -3
15  -3
15  -2
14  -11
18  4
15  4
13  -3
9  2
14  -1
14  -9
11  -3
14  -6
16  1
15  5
12  0
13  -8
13  -7
9  -4
13  -2
12  8
11  5
13  -2
13  -6
14  -4
11  5
10  -1
11  -2
10  7
13  -2
14  -3
11  2
13  -1
17  -1
11  4
11  7
11  5
11  6
12  9
14  -5
14  -5
18  8
14  -5
15  5
19  2
7  -4
13  -10
11  1
17  -1
13  -7
12  5
7  -7
16  0
11  -1
15  2
10  9
12  9
16  -2
12  7
13  -3
12  5
14  -3
17  6
8  0
16  3
16  0
9  -4
15  -3
14  -10
13  -5
11  -1
14  -7
10  -1
18  6
16  2
10  4
15  2
15  1
14  -8
13  -4
13  -8
11  -2
15  -4
14  -8
17  2
15  -1
11  6
16  0
16  2
14  -1
12  7
11  4
14  -9
11  5
12  9
13  -11
11  3
13  -7
15  0
10  9
12  10
14  -4
11  -2
15  -2
13  -10
13  -1
12  3
15  -4
16  2
11  3
14  -11
11  2
15  4
19  2
12  0
16  -3
16  -7
7  -9
18  1
12  6
15  5
11  3
14  -10
9  4
12  8
12  10
16  -3
13  -9
18  -2
14  -3
16  -5
16  -3
15  -2
14  -8
16  -4
14  -8
12  3
13  -5
12  2
18  1
13  -2
10  2
12  4
15  5
15  5
13  -9
12  0
16  -1
16  -6
8  5
16  2
13  -9
13  -11
10  6
13  -3
11  6
17  4
13  -9
14  -1
17  9
15  -2
11  2
13  -2
13  -6
12  8
10  6
11  -3
12  10
12  5
11  7
13  -1
13  -6
18  2
14  -4
12  0
13  -5
14  -9
15  -5
20  -6
13  -4
16  -6
13  -2
15  -2
14  -4
9  -2
18  -1
19  -2
14  -2
15  -3
13  -11
16  -6
12  4
10  2
18  7
17  4
17  9
15  2
12  4
16  -5
10  -1
12  5
13  -10
11  -2
13  -11
16  -4
11  1
14  -3
17  5
16  0
18  8
17  3
12  2
16  2
11  -3
14  -9
14  -6
5  7
16  -3
13  -10
9  -4
14  -9
12  2
17  6
15  -3
12  2
14  -1
12  3
14  -1
11  6
17  5
12  6
11  1
12  3
14  -11
9  -3
13  -8
13  -11
16  -4
12  0
12  8
15  -1
12  8
13  -10
15  4
15  -4
11  -1
17  -1
15  0
10  3
13  -1
13  -4
11  6
14  -7
9  -1
11  4
15  5
16  -1
13  -2
12  1
15  2
12  0
12  9
13  -11
12  4
10  9
16  -2
15  -3
13  -2
15  4
14  -7
11  4
15  -2
13  -3
17  0
15  -4
12  6
13  -8
8  -1
10  8
8  6
8  5
10  3
10  3
15  -2
15  5
15  -5
9  -1
14  -11
13  -7
13  -4
10  -1
17  2
14  -5
12  5
13  -11
16  -6
19  -7
14  -3
14  -10
8  5
16  -5
15  2
13  -6
13  -7
14  -6
13  -11
17  2
12  2
16  -1
12  4
10  0
13  -6
14  -5
11  7
14  -6
11  7
12  8
13  -9
17  7
11  6
11  -3
8  -1
12  7
11  -3
10  3
12  9
11  2
14  -11
16  -1
18  2
15  3
10  -1
15  4
10  5
13  -8
16  3
13  -10
11  3
13  -7
14  -4
14  -2
14  -6
13  -5
16  2
12  8
14  -6
11  -1
17  7
9  2
14  -8
14  -6
16  -4
10  1
15  0
10  1
12  9
12  1
13  -11
11  0
10  6
15  -4
12  8
17  -1
12  9
16  3
15  2
16  -7
13  -9
11  -3
14  -8
14  -1
12  5
16  -1
17  2
12  10
9  4
12  5
13  -4
17  8
17  8
14  -8
10  9
13  -10
14  -5
16  1
10  7
14  -3
13  -5
14  -10
18  1
13  -5
12  7
9  0
10  8
15  4
9  1
11  2
12  9
14  -9
14  -3
13  -5
10  4
13  -7
11  2
11  0
13  -9
11  2
11  0
15  1
18  0
10  7
15  -2
16  -2
13  -11
18  6
17  2
10  8
14  -1
13  -3
13  -6
10  3
14  -5
15  -4
14  -9
12  8
17  1
14  -10
12  4
10  2
12  9
15  -1
13  -7
15  2
13  -7
15  -1
9  -3
12  2
11  0
16  -5
13  -6
14  -7
11  7
14  -10
8  -1
14  -2
13  -3
10  3
13  -3
18  6
16  3
8  -1
13  -5
16  1
9  1
11  5
13  -10
9  -4
15  5
16  2
16  -2
13  -3
12  9
12  7
17  7
13  -1
14  -1
8  3
11  6
15  -3
15  2
15  -3
14  -11
10  3
14  -11
17  0
16  -3
15  -1
11  -3
14  -9
17  8
11  7
16  -5
15  0
13  -7
13  -7
13  -4
13  -7
12  10
13  -3
10  5
12  8
20  -9
15  4
17  0
12  4
13  -7
17  3
13  -7
15  -5
14  -5
14  -4
13  -4
15  -5
17  1
11  2
9  -5
12  7
14  -1
14  -4
15  3
13  -1
9  3
15  1
19  -1
8  3
15  -3
12  3
13  -9
13  -11
13  -10
17  1
15  5
14  -5
11  -3
11  1
15  -3
13  -3
13  -6
10  4
13  -6
14  -5
13  -7
12  5
13  -7
14  -7
13  -3
18  4
15  3
15  1
17  2
17  3
13  -3
8  -1
10  -1
13  -9
9  0
14  -5
9  3
14  -11
15  -2
11  -3
13  -10
13  -4
11  -2
10  -1
13  -4
13  -6
12  6
12  2
15  -3
14  -1
13  -7
13  -6
13  -2
11  0
12  3
14  -7
10  0
16  1
15  0
12  4
12  10
15  5
12  4
14  -11
10  1
12  9
12  10
14  -3
14  -3
8  8
15  2
13  -3
15  4
9  2
13  -5
11  -2
13  -10
9  1
13  -5
18  4
11  0
11  -3
17  2
16  -2
11  6
17  -1
12  3
15  0
16  -5
18  0
15  2
14  -4
15  2
11  1
13  -5
14  -3
15  3
13  -1
15  -2
18  -2
12  6
16  -5
17  9
17  4
16  -2
19  1
12  2
11  6
9  -6
12  1
15  -3
16  -1
8  9
13  -7
10  1
17  -1
10  7
13  -11
14  -1
22  -2
15  -1
14  -1
9  0
11  4
12  4
15  -4
12  4
15  3
10  3
10  5
14  -2
13  -5
17  4
11  4
6  -5
13  -5
15  2
16  -6
11  -3
18  4
12  2
12  9
13  -3
15  5
15  5
16  3
14  -9
17  8
18  7
14  -4
12  5
15  1
12  8
10  -1
14  -2
16  3
13  -6
11  4
16  -7
10  2
15  -4
11  7
16  -5
11  1
11  7
18  -2
11  -3
13  -8
13  -4
16  0
12  5
13  -11
15  -5
11  -1
15  -2
16  0
12  8
12  2
8  6
18  4
17  1
16  0
13  -9
13  -9
19  -2
12  10
14  -10
15  1
14  -2
10  4
12  5
15  4
15  1
14  -5
11  -3
14  -8
10  0
13  -3
7  -7
12  0
15  -1
8  6
13  -2
18  6
12  3
14  -8
18  8
11  6
15  -3
13  -8
13  -6
11  7
12  4
14  -8
13  -4
12  10
16  -2
13  -5
18  4
13  -2
15  3
14  -6
15  -3
16  0
15  -4
16  -6
13  -1
12  1
13  -7
12  1
11  7
16  -6
18  -2
11  6
16  -6
13  -9
16  -4
13  -11
14  -8
12  6
16  -3
9  1
12  7
15  2
16  -2
11  1
14  -11
12  5
10  5
16  1
14  -2
11  6
13  -6
12  4
12  1
9  -3
10  3
13  -5
14  -9
10  6
14  -7
12  7
18  4
13  -9
16  0
13  -9
14  -9
11  -1
11  0
13  -7
10  9
13  -11
14  -4
17  9
15  4
13  -9
14  -6
12  9
9  -2
13  -5
11  5
14  -8
17  5
16  2
11  -1
10  5
12  4
11  5
13  -6
16  1
13  -7
13  -1
14  -11
12  9
16  -4
14  -3
13  -1
12  10
15  -5
15  4
20  -9
10  -1
14  -2
13  -4
19  -6
15  -2
13  -1
17  1
15  5
12  10
16  -5
15  -3
18  1
11  3
14  -8
17  1
11  -1
14  -6
17  8
11  3
16  -2
16  -5
17  -1
15  3
