8  -1
7  1
7  1
14  4
12  3
7  3
6  1
8  -1
11  -6
16  -5
11  -8
10  4
8  -1
8  -2
11  -7
3  7
9  7
16  -5
13  3
12  2
15  -6
9  5
10  5
13  1
6  1
10  3
10  3
9  7
11  -8
10  5
11  -7
9  6
10  3
7  1
8  -1
10  4
9  6
13  1
9  7
10  3
4  -3
9  6
12  1
11  -8
9  6
9  6
9  5
11  -8
12  3
12  1
12  2
16  -4
10  5
7  2
9  6
11  -6
13  2
8  -2
14  5
12  2
15  -5
6  -1
13  1
7  3
10  3
9  6
10  5
5  3
13  3
14  5
6  1
12  3
8  -2
12  3
9  7
9  5
8  -1
12  1
10  4
10  3
12  1
8  -2
12  2
10  3
9  6
9  6
8  -1
10  4
8  -1
9  5
5  3
15  -6
10  5
12  1
14  5
4  -3
9  6
10  4
12  1
14  3
9  7
15  -5
11  -6
10  5
8  -3
6  0
11  -6
8  -3
10  4
11  -7
6  0
12  2
9  6
6  0
12  2
8  -3
10  3
10  4
10  5
11  -8
15  -7
13  3
9  7
8  -3
10  3
14  4
6  -1
11  -7
10  5
13  3
4  -3
11  -6
10  3
13  3
8  -2
12  2
7  1
9  5
11  -6
11  -8
8  -1
17  6
11  -7
12  1
14  4
10  4
16  -4
12  2
10  5
10  4
8  -1
10  3
11  -8
7  3
10  5
8  -1
8  -2
12  1
11  -8
10  5
6  0
6  1
14  5
12  1
7  1
11  -6
12  1
10  3
13  3
10  5
11  -7
6  -1
12  2
9  6
8  -2
9  5
12  2
6  1
7  1
15  -5
11  -7
12  3
6  -1
12  3
17  7
10  4
10  5
8  -1
15  -5
7  1
12  3
12  1
11  -6
6  1
10  5
12  2
9  6
8  -1
16  -6
8  -2
11  -8
10  5
9  5
9  7
8  -3
11  -6
16  -4
11  -7
9  7
9  6
9  7
11  -6
9  6
13  2
10  4
11  -6
9  5
11  -7
7  3
11  -6
12  1
7  2
9  7
14  4
11  -6
11  -7
11  -6
7  3
8  -2
12  2
11  -6
11  -7
5  3
7  3
9  5
11  -7
13  2
11  -7
11  -8
9  6
10  5
10  5
13  2
9  7
9  6
9  5
8  -1
9  5
9  7
8  -3
14  4
9  7
14  3
8  -1
9  7
11  -6
11  -6
8  -2
11  -8
8  -3
9  7
11  -6
9  6
14  3
8  -1
6  0
15  -5
10  5
12  2
13  2
13  3
9  5
10  4
8  -2
6  0
7  2
9  6
16  -6
6  0
6  0
7  3
10  4
10  5
6  -1
7  2
11  -7
12  1
12  2
13  2
10  3
14  5
9  5
8  -2
6  0
10  4
9  7
13  1
11  -6
13  2
9  6
8  -1
12  1
7  1
10  5
6  -1
7  1
14  5
12  3
9  5
12  1
9  5
11  -6
12  2
6  0
9  6
13  2
9  7
7  2
11  -7
10  5
10  3
11  -8
12  1
10  3
12  2
10  3
8  -2
15  -6
11  -6
9  7
8  -1
11  -7
12  3
11  -6
8  -3
13  2
9  5
12  3
11  -6
9  6
11  -7
14  4
10  4
11  -8
13  1
10  4
7  1
11  -6
11  -8
9  6
15  -5
12  2
11  -6
15  -5
14  4
9  6
9  7
13  2
8  -2
9  7
6  1
11  -8
13  1
11  -8
9  5
15  -6
11  -8
8  -2
16  -6
10  3
10  5
12  1
8  -2
11  -7
12  1
8  -2
10  5
9  7
9  7
13  1
10  3
11  -6
10  4
14  4
10  5
12  1
11  -7
11  -6
11  -6
9  6
10  3
14  4
10  4
11  -7
12  2
8  -2
13  1
10  4
12  2
15  -6
11  -8
8  -3
10  5
10  3
11  -7
6  0
14  4
13  1
9  5
8  -3
7  1
11  -6
13  1
12  1
12  2
8  -1
10  4
13  1
10  4
7  3
11  -8
9  7
14  4
11  -7
13  3
9  6
12  2
10  5
8  -1
10  4
7  2
7  1
9  5
9  7
9  6
11  -7
6  0
13  1
11  -7
11  -7
10  4
10  4
12  2
12  2
10  3
7  3
9  5
9  7
8  -2
10  5
7  3
10  5
13  3
9  6
10  5
12  2
10  3
12  2
9  5
10  5
6  -1
10  5
6  0
8  -2
14  4
11  -8
11  -8
12  1
11  -7
8  -3
8  -3
10  3
10  5
8  -1
8  -2
12  1
13  3
8  -2
8  -1
9  5
12  3
7  3
13  2
9  6
10  3
8  -2
8  -3
10  3
13  3
10  4
10  3
12  1
14  4
14  3
11  -7
9  7
11  -6
7  2
15  -6
12  2
13  2
11  -8
11  -7
13  2
11  -6
11  -6
13  1
10  3
6  1
9  6
9  5
11  -8
11  -6
9  7
12  3
8  -1
10  5
9  5
14  4
12  1
9  6
9  6
8  -3
15  -6
11  -6
9  7
9  5
13  3
9  5
10  3
13  2
13  1
10  3
11  -6
8  -1
12  3
7  1
11  -7
12  3
6  -1
10  5
8  -2
9  5
14  3
5  2
12  1
7  1
10  3
7  2
13  1
10  4
9  5
7  2
12  3
9  6
11  -6
8  -2
13  1
10  3
10  5
6  -1
11  -6
13  2
10  5
7  1
15  -7
17  5
12  1
15  -7
15  -5
9  6
7  3
9  7
10  3
10  4
7  2
5  2
12  2
6  1
11  -7
14  5
14  3
12  3
9  5
6  0
6  0
7  3
5  3
12  3
8  -2
9  7
10  5
12  2
11  -8
11  -8
10  3
6  1
8  -2
10  5
8  -2
12  2
10  5
9  7
10  3
12  2
12  1
11  -6
12  3
12  2
12  3
11  -7
12  2
13  3
7  3
8  -2
12  3
7  1
9  7
11  -6
12  2
8  -3
9  7
7  1
7  2
9  6
10  5
10  4
10  4
8  -1
9  6
10  5
8  -1
6  1
8  -3
11  -6
12  2
8  -2
11  -8
10  3
13  1
8  -1
13  1
9  6
9  5
12  2
12  2
6  0
11  -7
9  7
9  5
12  2
5  2
10  5
13  3
8  -3
13  3
13  1
9  6
12  1
11  -6
12  1
10  5
10  5
6  -1
12  3
9  6
8  -3
11  -8
9  6
7  3
10  5
12  3
10  4
13  2
9  5
15  -7
12  3
9  5
15  -7
8  -3
12  2
14  4
8  -3
11  -8
11  -8
11  -6
8  -2
8  -2
10  3
11  -7
6  -1
8  -1
10  5
7  3
9  6
11  -8
8  -3
14  4
11  -6
11  -8
9  7
8  -3
10  3
9  6
5  3
12  2
8  -2
12  2
10  5
9  6
13  2
10  5
7  2
12  2
8  -3
11  -8
8  -2
8  -1
12  3
8  -3
15  -7
8  -3
9  5
13  2
15  -6
9  6
6  -1
8  -2
13  3
9  5
6  0
10  3
8  -2
8  -1
8  -1
11  -8
13  2
8  -3
13  2
9  6
11  -6
7  1
11  -8
16  -5
8  -1
8  -3
11  -8
6  0
5  3
11  -6
9  6
11  -8
11  -7
13  2
10  3
10  4
12  2
11  -7
11  -6
10  5
8  -1
7  1
12  2
8  -2
14  5
12  3
12  3
14  5
12  2
10  4
13  1
11  -7
11  -7
4  -3
12  2
10  5
12  1
12  3
6  -1
13  3
11  -6
8  -2
13  2
14  3
11  -8
10  5
13  1
14  5
10  4
8  -2
8  -3
9  5
13  3
9  5
8  -2
11  -6
10  5
8  -2
15  -5
7  2
9  6
7  3
9  7
8  -3
5  2
10  3
14  5
14  3
8  -1
8  -3
10  4
8  -1
12  2
9  7
11  -8
10  5
11  -7
12  2
9  7
10  4
10  3
6  -1
8  -3
6  -1
8  -3
8  -1
7  1
9  7
13  3
9  7
8  -2
10  5
10  3
8  -3
12  2
7  3
11  -7
7  3
16  -6
5  4
10  5
11  -6
11  -6
9  5
5  3
13  3
6  1
13  1
12  3
8  -1
10  4
10  5
10  3
8  -2
8  -3
9  6
5  3
16  -6
8  -2
12  3
12  1
11  -6
12  2
10  5
8  -3
8  -2
10  4
11  -6
12  2
11  -7
12  1
15  -5
13  3
12  2
9  5
11  -7
12  2
10  4
5  4
13  1
8  -1
8  -1
11  -7
9  6
10  4
13  3
9  6
15  -6
11  -8
6  1
9  7
12  1
11  -8
11  -8
6  0
10  4
11  -7
7  1
11  -8
13  3
12  3
11  -6
10  4
6  -1
8  -1
7  1
11  -8
8  -2
12  1
9  7
9  5
9  5
10  3
8  -2
8  -2
11  -8
14  4
11  -6
6  0
11  -8
8  -1
8  -3
5  2
11  -8
13  1
13  3
14  5
10  4
13  1
14  3
13  1
14  4
15  -6
12  3
7  1
11  -8
10  5
11  -7
10  5
4  -3
12  3
9  7
14  5
8  -1
12  1
11  -6
12  1
12  1
16  -5
11  -6
9  5
14  3
13  2
9  7
12  1
11  -7
9  7
11  -6
9  5
12  1
12  1
9  7
11  -6
12  1
6  0
14  5
9  5
10  5
12  2
13  2
10  5
11  -6
11  -7
11  -6
7  1
9  7
8  -3
8  -3
14  4
18  -4
10  3
9  5
10  3
11  -6
9  6
10  3
8  -2
10  5
9  5
12  1
12  1
8  -2
7  2
6  -1
15  -7
10  5
10  3
8  -3
6  0
10  4
