13  6
21  -1
21  1
13  6
19  7
12  2
17  6
17  5
18  5
16  -7
16  -6
18  5
13  4
16  -7
17  4
21  0
13  6
14  -5
16  -8
12  4
18  4
11  -7
13  6
23  0
11  -7
18  5
18  4
15  2
20  -5
16  -8
15  2
20  -6
12  2
18  3
12  3
12  4
17  5
17  6
13  6
17  4
17  5
18  5
19  6
15  3
16  -7
17  4
16  -7
16  -7
17  5
12  4
17  5
14  -5
20  -6
15  4
16  -8
19  8
12  2
15  4
17  6
13  5
14  -4
15  4
17  5
18  4
13  6
18  5
18  4
12  3
14  -4
14  -4
19  6
13  4
18  3
15  4
21  1
19  6
15  4
17  6
15  4
16  -8
15  3
18  5
13  6
18  4
20  -6
17  6
12  4
15  2
14  -6
16  -6
23  0
11  -6
15  4
15  3
16  -7
19  6
17  6
17  4
18  4
11  -5
19  8
14  -4
10  7
15  2
18  4
18  4
17  4
18  3
14  -6
16  -8
12  4
8  -8
21  0
16  -7
15  3
14  -5
11  -7
16  -7
15  4
18  3
14  -6
15  2
17  5
15  3
15  3
18  4
16  -8
17  4
15  3
14  -5
18  5
18  3
22  2
11  -6
20  -6
11  -5
13  5
18  3
11  -5
15  4
12  2
21  0
18  5
20  -5
17  5
13  5
19  8
17  5
19  6
18  3
16  -8
17  6
21  0
17  6
17  4
16  -7
18  4
14  -5
21  -1
14  -6
13  5
17  5
7  3
20  -6
16  -8
16  -8
15  2
17  5
18  4
16  -8
14  -6
10  6
19  6
15  4
12  3
14  -6
17  6
16  -7
15  3
18  4
15  4
17  5
11  -5
19  6
17  4
15  4
23  0
16  -7
11  -5
20  -7
20  -6
15  4
16  -8
18  4
13  6
13  6
15  2
15  3
19  8
17  4
15  3
13  5
14  -5
12  2
17  5
17  4
20  -5
15  4
14  -6
13  4
15  4
21  1
19  6
17  4
17  4
16  -7
17  6
12  3
15  3
18  3
18  4
19  7
19  8
15  4
12  3
12  3
15  3
11  -5
15  4
6  3
17  4
16  -7
18  5
11  -5
20  -6
14  -4
18  3
16  -8
15  4
12  4
15  2
10  8
19  6
14  -6
13  5
16  -8
18  5
20  -6
15  4
14  -4
19  8
17  4
15  3
16  -8
17  5
16  -7
15  3
16  -6
13  5
18  5
16  -6
19  6
22  3
14  -6
17  5
11  -5
19  6
16  -8
18  4
12  2
22  2
17  5
11  -6
16  -8
19  8
16  -7
16  -8
13  4
16  -7
18  4
18  5
15  4
19  8
16  -6
18  5
13  4
17  4
19  7
17  6
20  -5
17  6
21  -1
23  0
15  2
10  6
6  3
15  3
17  4
21  1
19  6
13  6
19  8
20  -7
16  -8
13  5
18  5
11  -6
20  -5
16  -6
19  7
15  2
14  -4
13  5
20  -5
16  -6
21  0
19  7
19  7
13  4
19  7
16  -8
14  -6
24  5
15  4
11  -5
12  3
17  6
21  0
12  2
16  -7
14  -6
22  3
17  5
15  3
19  6
12  4
15  4
17  4
16  -8
19  7
16  -8
19  6
18  3
15  2
19  7
20  -7
19  8
13  6
21  -1
20  -7
21  -1
18  5
17  5
14  -4
12  4
14  -6
15  4
16  -8
15  4
11  -6
12  2
23  0
23  0
22  3
16  -6
12  3
19  7
16  -7
14  -4
13  4
15  4
16  -8
19  8
14  -5
17  5
16  -8
18  3
15  3
17  4
15  2
16  -6
16  -8
14  -6
19  8
14  -6
16  -7
10  6
14  -6
13  5
21  0
17  6
19  8
19  6
16  -8
13  6
19  7
17  5
12  3
13  5
13  6
20  -6
17  6
18  4
17  6
14  -6
19  8
17  4
13  6
15  3
11  -6
17  6
19  8
17  5
14  -4
19  6
19  6
12  4
17  6
16  -8
16  -8
20  -5
18  4
13  4
21  -1
12  2
12  4
15  2
18  4
15  4
18  5
11  -5
17  4
18  4
19  7
16  -6
12  3
23  0
16  -7
17  6
21  1
20  -7
13  5
13  6
16  -7
22  1
14  -5
21  1
18  5
16  -6
12  4
18  3
18  5
15  4
16  -6
19  6
17  5
14  -4
11  -6
14  -6
14  -4
19  8
19  7
14  -5
20  -7
16  -6
14  -6
17  5
19  7
19  8
15  4
20  -6
19  6
20  -5
13  4
16  -7
18  3
14  -4
15  3
13  5
17  4
18  3
11  -6
20  -5
18  3
18  4
14  -4
11  -6
18  3
14  -6
20  -7
13  6
24  3
14  -6
14  -6
17  5
14  -6
16  -8
16  -8
17  5
17  5
15  3
16  -6
14  -5
18  3
18  5
14  -5
18  4
15  4
16  -7
15  3
13  6
21  1
18  4
11  -7
16  -6
18  5
17  4
20  -6
16  -7
8  -6
17  5
19  8
14  -5
16  -6
18  3
19  8
15  2
18  3
15  3
14  -6
18  3
17  4
15  2
18  3
16  -8
19  6
17  4
23  2
17  4
19  8
21  1
23  2
16  -7
13  5
10  7
16  -6
14  -5
18  4
18  3
18  3
16  -7
18  5
19  7
11  -5
14  -5
11  -5
19  7
11  -7
15  2
13  4
15  2
19  6
17  5
19  6
13  5
11  -5
15  4
16  -7
19  6
15  2
18  4
20  -5
10  8
16  -6
13  5
18  3
17  6
12  3
21  1
17  4
24  3
11  -5
14  -4
10  6
16  -7
21  0
11  -7
19  8
21  0
14  -6
17  5
18  4
13  6
18  5
14  -4
15  3
13  5
16  -6
14  -4
11  -5
19  6
14  -5
16  -7
20  -6
16  -6
16  -8
17  5
15  3
17  4
17  6
13  5
17  5
15  4
15  4
15  4
19  7
12  2
15  4
19  7
17  5
11  -7
17  4
15  2
18  5
17  4
13  4
17  6
21  -1
17  5
20  -6
12  3
13  5
18  5
15  2
17  4
18  5
14  -5
20  -6
17  6
12  2
20  -6
18  5
16  -6
18  4
13  4
13  5
9  -4
20  -7
12  4
14  -4
15  2
13  4
14  -6
12  4
17  5
15  2
21  0
17  4
15  4
21  0
22  3
16  -7
20  -6
15  3
15  4
17  4
20  -7
18  3
17  5
11  -7
12  2
11  -6
21  1
19  8
14  -4
11  -7
18  5
17  4
14  -5
14  -5
17  6
20  -7
19  6
15  3
10  7
11  -6
14  -6
16  -8
13  6
15  3
18  5
15  3
20  -6
16  -7
20  -6
19  8
14  -4
17  4
13  5
15  3
21  1
16  -7
17  5
21  -1
18  5
19  6
17  5
14  -4
16  -8
14  -4
15  3
12  3
14  -4
14  -5
18  4
15  4
15  2
22  1
11  -7
15  4
16  -6
17  6
17  6
15  3
19  8
15  3
17  4
20  -5
16  -6
19  7
16  -8
16  -7
22  1
18  3
12  3
16  -6
10  7
18  5
15  2
18  4
13  4
12  2
15  4
20  -6
13  4
17  6
21  -1
15  4
13  5
16  -7
20  -5
18  4
24  5
16  -8
20  -7
7  2
13  5
19  6
20  -7
18  3
14  -4
14  -6
15  4
17  6
18  5
19  6
24  3
13  6
23  1
16  -6
12  3
18  3
17  6
15  4
14  -6
11  -6
22  3
17  5
15  2
16  -8
25  -3
16  -6
14  -4
22  1
17  4
15  4
19  6
16  -8
13  4
9  -2
18  5
26  0
15  3
15  2
17  5
15  2
8  -8
22  1
18  5
14  -6
12  2
16  -6
20  -7
18  4
20  -5
18  5
19  7
20  -6
18  4
16  -6
17  5
20  -6
15  3
17  5
19  7
15  4
19  7
16  -7
16  -6
21  -1
14  -6
19  8
14  -5
11  -6
18  5
17  5
19  6
17  6
13  6
16  -8
13  5
16  -6
16  -8
15  3
16  -8
11  -6
18  4
13  4
19  7
13  5
25  -4
16  -7
14  -6
17  5
13  5
18  4
20  -5
19  7
16  -8
16  -8
16  -7
21  -1
18  5
18  4
20  -7
16  -6
13  6
14  -4
9  -3
14  -4
19  6
11  -5
13  5
13  6
15  3
18  3
12  3
19  7
20  -6
16  -8
13  5
17  5
15  2
18  4
15  3
16  -8
17  6
14  -6
17  4
16  -7
17  6
18  5
18  5
17  6
16  -6
12  4
17  4
15  3
12  4
15  4
20  -6
18  3
13  5
10  6
19  8
9  -4
15  2
12  3
19  7
16  -7
19  6
19  6
16  -6
20  -5
15  3
16  -8
20  -7
11  -6
11  -5
12  2
17  4
12  4
17  5
13  4
8  -7
13  5
19  7
13  5
11  -5
22  2
17  6
14  -4
12  2
17  6
17  5
19  6
21  1
20  -6
12  4
19  8
16  -8
16  -7
18  3
21  0
20  -7
20  -5
19  6
15  3
18  4
18  5
10  6
18  3
14  -5
16  -8
15  4
13  5
10  7
14  -4
24  3
14  -5
17  6
17  6
15  4
17  4
14  -4
15  4
14  -6
18  4
17  4
17  5
21  -1
16  -6
17  5
17  6
16  -7
15  2
12  4
18  3
16  -7
20  -5
17  6
17  6
15  3
18  3
19  6
17  4
19  6
18  3
16  -7
14  -5
15  3
18  4
12  3
16  -6
9  -2
13  5
21  1
21  1
21  1
10  6
23  0
20  -6
12  2
16  -8
13  5
20  -6
17  4
19  7
16  -8
14  -5
