11  -1
13  -4
9  1
13  -6
15  3
9  0
9  1
13  -4
14  8
12  -5
12  -6
12  -6
11  -1
11  1
12  -5
11  -1
15  4
15  4
16  -4
14  6
13  -5
8  -4
12  -5
17  -6
7  -6
12  -4
12  -5
11  1
17  -6
6  3
12  -4
13  -4
11  0
10  -4
15  3
15  4
11  1
10  -4
10  -3
13  -6
14  7
12  -4
11  0
13  -5
12  -5
16  -6
16  -4
13  -4
7  -6
12  -4
11  0
8  -5
10  -3
15  3
9  2
11  0
11  1
10  -5
12  -5
14  8
12  -4
8  -3
8  -3
13  -4
16  -4
15  3
11  -1
10  -5
14  6
11  1
14  6
12  -4
15  3
12  -6
12  -5
11  1
12  -5
10  -4
12  -5
20  -5
9  2
12  -4
13  -6
14  6
11  -1
16  -6
15  3
10  -3
12  -6
10  -4
6  4
12  -6
13  -5
15  2
9  0
7  -5
10  -5
11  0
16  -5
8  -5
8  -3
12  -5
13  -4
10  -4
14  7
7  -6
12  -4
10  -4
13  -5
9  1
8  -4
12  -6
15  4
13  -6
8  -5
18  -4
11  1
14  7
11  0
12  -6
9  0
9  0
14  8
9  0
11  0
11  -1
8  -3
12  -6
10  -4
16  -6
12  -5
13  -5
11  0
12  -4
9  2
17  -5
10  -3
7  -6
11  0
18  -5
13  -4
9  0
11  1
13  -4
9  0
14  7
15  3
11  0
8  -4
5  7
11  0
8  -5
9  1
13  -5
11  0
12  -6
11  1
10  -5
15  3
9  2
7  -5
8  -4
13  -4
12  -6
8  -5
12  -4
10  -5
11  1
9  0
10  -3
15  3
10  -5
15  3
7  -4
15  3
9  0
7  -5
9  0
20  -5
10  -5
11  -1
11  -1
9  0
14  7
6  4
7  -6
12  -4
16  -5
8  -4
10  -5
8  -5
11  -1
14  6
15  2
10  -4
15  4
17  -6
9  1
9  2
12  -6
14  8
10  -4
12  -5
10  -5
12  -4
14  8
8  -5
10  -3
14  7
16  -4
9  2
17  -6
9  2
16  -5
14  6
14  7
11  0
11  1
13  -5
16  -6
10  -5
11  1
14  7
11  0
9  2
17  -5
13  -6
12  -4
14  8
12  -4
17  -4
11  1
13  -5
11  -1
13  -6
12  -5
10  -3
10  -4
10  -5
14  6
9  2
14  6
12  -4
11  0
16  -6
11  -1
5  8
11  0
9  0
10  -3
7  -4
10  -3
12  -5
16  -5
12  -6
14  7
12  -6
10  -3
7  -4
12  -6
11  -1
12  -6
11  1
12  -4
15  2
13  -6
10  -5
6  3
10  -3
8  -5
12  -6
8  -4
12  -6
11  0
15  4
17  -4
15  3
11  0
14  8
14  8
11  -1
17  -5
10  -4
9  1
11  0
9  2
8  -5
9  1
9  0
7  -5
7  -6
9  2
9  2
7  -4
11  0
18  -4
6  2
12  -6
11  -1
8  -3
11  0
12  -6
11  -1
16  -6
8  -5
13  -4
14  6
14  7
12  -4
11  1
11  0
15  4
11  -1
9  1
13  -6
12  -4
7  -4
15  2
10  -5
12  -5
11  1
8  -5
13  -6
11  1
12  -5
8  -4
12  -5
12  -6
9  1
12  -4
11  0
12  -5
8  -3
13  -4
10  -4
9  0
9  0
11  1
12  -4
9  1
11  1
10  -3
12  -5
12  -4
12  -4
12  -6
12  -4
7  -6
14  6
15  2
7  -6
10  -4
6  4
7  -4
12  -5
8  -5
10  -4
8  -5
7  -6
5  8
12  -5
12  -5
10  -4
7  -4
9  0
9  1
14  6
12  -5
7  -4
11  1
15  3
15  2
13  -6
12  -6
7  -6
15  2
12  -6
9  2
11  -1
13  -5
6  3
7  -5
16  -5
10  -3
11  1
8  -3
9  2
7  -6
8  -3
13  -5
16  -4
16  -4
13  -5
5  6
9  0
13  -4
8  -5
8  -5
10  -3
16  -6
11  1
11  0
14  8
17  -6
10  -3
12  -6
11  -1
10  -3
14  6
9  2
17  -4
9  2
17  -5
8  -4
12  -5
9  0
13  -5
13  -4
11  -1
12  -5
15  3
14  6
10  -3
11  -1
13  -4
13  -4
6  3
15  2
13  -5
13  -6
10  -5
11  -1
13  -5
13  -6
13  -4
9  0
9  1
14  8
13  -6
10  -5
10  -3
12  -6
14  7
15  3
16  -4
12  -4
10  -4
9  2
7  -4
8  -5
12  -6
12  -6
13  -4
7  -5
14  7
10  -3
10  -3
10  -5
10  -5
11  1
10  -4
9  2
8  -5
9  0
11  -1
7  -6
10  -5
12  -6
19  -6
11  1
16  -6
7  -5
15  2
11  0
13  -6
12  -5
8  -5
16  -4
10  -5
13  -5
8  -3
13  -5
8  -3
18  -5
10  -5
11  0
10  -5
11  1
12  -5
12  -5
10  -4
11  0
9  2
10  -5
12  -4
16  -6
8  -4
10  -5
14  8
10  -3
11  1
11  1
8  -5
15  4
9  0
11  0
13  -6
14  7
10  -4
9  2
8  -5
6  3
10  -3
8  -5
14  7
12  -6
17  -6
15  2
12  -6
14  6
8  -3
10  -4
14  8
13  -5
13  -4
10  -5
10  -5
10  -3
12  -4
14  7
9  2
10  -4
14  7
6  3
14  8
11  -1
11  1
10  -4
11  1
9  1
8  -4
13  -4
9  0
12  -6
12  -6
12  -4
11  -1
5  6
14  6
17  -5
12  -6
6  2
8  -4
16  -5
14  6
14  6
11  -1
12  -4
11  1
8  -3
7  -4
7  -4
8  -4
12  -5
10  -3
12  -5
14  8
13  -6
12  -5
16  -6
11  0
15  4
10  -4
10  -5
13  -4
17  -6
14  7
13  -6
13  -6
8  -4
8  -5
9  1
14  8
13  -6
11  0
10  -3
11  1
12  -4
9  1
8  -3
9  0
15  4
14  8
10  -3
17  -6
10  -3
10  -3
9  0
12  -6
13  -4
9  2
12  -6
11  1
13  -5
17  -4
12  -5
10  -5
17  -5
9  0
9  0
11  1
7  -6
9  2
12  -6
14  6
8  -4
10  -4
10  -4
12  -4
10  -4
11  -1
11  0
10  -5
11  1
14  7
10  -5
11  1
14  8
10  -5
12  -4
9  2
15  4
13  -4
9  1
11  -1
14  6
11  -1
9  1
10  -5
11  -1
11  1
15  3
10  -3
9  2
11  0
10  -4
7  -6
12  -6
9  2
13  -6
18  -6
14  7
12  -4
14  7
10  -4
10  -3
10  -3
10  -5
9  0
15  4
11  -1
11  1
11  1
11  -1
14  8
11  0
16  -6
12  -6
6  3
13  -6
10  -3
9  2
12  -6
8  -5
14  6
8  -3
11  1
9  1
8  -3
17  -6
12  -4
11  0
9  0
13  -5
9  0
8  -5
6  4
10  -3
13  -6
12  -4
7  -4
7  -4
13  -5
15  4
8  -3
13  -6
8  -5
14  8
10  -4
11  1
14  6
14  8
8  -5
11  0
11  -1
9  0
13  -6
17  -6
12  -5
13  -4
11  -1
7  -5
7  -5
13  -5
10  -3
7  -6
14  8
10  -3
15  2
15  3
8  -3
11  1
10  -3
13  -4
14  7
12  -6
9  1
9  1
10  -4
12  -4
14  7
11  0
10  -4
10  -3
17  -6
11  -1
17  -5
7  -6
14  7
8  -3
9  1
11  0
9  1
10  -4
11  1
10  -4
7  -6
9  2
11  1
14  6
9  0
15  4
11  1
8  -3
11  1
12  -4
13  -4
9  1
10  -4
13  -4
10  -4
13  -5
12  -5
9  0
15  3
8  -3
8  -3
9  0
7  -4
14  8
8  -5
12  -6
9  0
7  -4
10  -3
15  2
6  3
13  -4
12  -4
11  0
13  -4
14  6
7  -5
10  -3
8  -5
11  -1
12  -4
7  -6
9  0
8  -5
13  -4
8  -4
11  1
10  -3
11  1
7  -5
10  -3
9  1
9  2
12  -6
13  -6
11  1
10  -3
11  0
9  0
12  -4
11  0
10  -5
11  1
12  -5
12  -4
11  0
9  1
13  -6
10  -4
12  -5
13  -6
13  -4
11  0
7  -5
9  1
15  4
10  -5
14  7
13  -6
10  -5
11  0
13  -5
16  -5
11  0
13  -4
14  7
13  -6
10  -3
12  -4
12  -5
12  -4
12  -5
8  -3
13  -6
13  -4
12  -6
9  1
8  -3
16  -5
8  -3
12  -4
14  6
9  1
14  6
12  -5
15  3
15  2
7  -5
19  -4
10  -5
13  -5
14  7
10  -3
12  -6
6  3
13  -4
9  0
8  -3
13  -6
11  0
14  7
7  -5
14  8
12  -6
15  2
8  -4
9  0
8  -5
11  1
11  0
16  -5
12  -6
10  -3
10  -4
11  0
13  -5
12  -5
11  1
14  6
12  -5
11  0
8  -3
10  -4
11  1
6  2
12  -4
15  4
10  -4
11  1
13  -6
8  -4
14  6
14  6
8  -5
12  -4
10  -5
10  -5
9  0
10  -5
10  -4
14  6
7  -6
14  8
9  0
10  -3
10  -4
12  -4
10  -3
13  -5
13  -6
9  1
8  -4
12  -5
10  -3
7  -4
15  2
12  -5
12  -4
9  0
13  -6
9  2
13  -6
9  1
9  1
12  -5
14  8
12  -6
12  -5
13  -5
10  -5
14  8
10  -4
10  -4
12  -4
12  -5
9  0
14  7
13  -6
14  7
15  4
10  -5
10  -3
10  -4
14  7
12  -5
13  -5
9  1
15  3
7  -5
11  1
13  -4
9  1
13  -6
13  -5
6  4
8  -4
8  -3
11  1
8  -5
14  6
9  0
7  -5
16  -5
9  0
12  -4
6  2
10  -5
15  3
7  -6
15  3
12  -5
9  0
10  -3
8  -4
13  -4
6  3
14  6
11  1
10  -4
14  7
12  -4
9  2
14  8
9  2
7  -4
8  -4
9  0
10  -5
11  0
19  -4
11  -1
17  -5
12  -4
10  -4
