13  3
16  -2
20  -1
14  0
16  5
8  2
15  1
11  3
19  3
15  -4
19  -7
10  -1
13  1
13  -3
14  7
8  -3
11  -2
14  -5
15  2
15  -6
8  -8
10  4
15  -5
12  -3
14  6
12  3
8  -11
11  11
15  -2
11  2
12  -7
8  2
9  5
11  11
15  -8
13  -1
12  2
12  7
16  -8
13  -5
11  2
13  -11
13  -7
17  7
11  4
13  -8
11  10
16  -6
12  0
15  1
14  6
21  3
13  -6
12  -6
16  -3
12  -7
14  -5
13  -2
12  -3
14  2
15  -10
15  -9
13  -11
8  -4
12  7
17  5
13  -7
16  3
15  -3
17  2
9  1
11  -3
16  1
14  -1
12  -6
15  -4
11  11
15  -11
11  10
14  9
10  7
19  -10
13  -5
12  4
15  2
13  -3
21  -2
13  -2
15  -6
16  1
16  0
17  -1
14  2
14  0
9  -5
14  8
14  7
16  2
11  6
12  4
10  -6
8  2
13  -4
13  1
13  -6
17  8
16  -4
16  6
12  -2
14  6
8  -10
9  6
11  9
12  -5
17  1
8  0
15  -4
10  -2
15  -2
15  -11
11  11
13  -8
15  -6
11  0
12  -6
15  -7
13  -3
17  -1
16  -8
11  10
15  -12
10  -4
19  -3
12  -4
15  -2
13  -8
11  11
15  -8
15  -5
18  -6
16  1
15  -3
10  1
20  -2
15  1
12  -6
13  -3
16  -6
10  -4
12  -5
15  -7
10  7
10  5
17  4
13  -11
10  2
10  -1
9  -6
10  7
13  -9
14  3
12  7
16  2
13  -6
13  -3
15  -11
16  -6
10  4
13  -11
12  -5
11  5
14  6
13  -8
9  -4
13  -1
13  -7
16  3
10  -2
8  -3
12  -4
10  2
12  -2
12  2
12  -6
10  -2
12  1
16  1
13  -6
14  0
10  2
14  0
17  0
14  -5
7  4
18  -14
9  0
12  -4
6  -1
11  -2
11  -2
15  -2
14  -1
13  -3
12  2
12  -3
14  8
18  -10
11  9
15  -9
10  -4
14  3
14  -1
17  6
14  8
17  -2
8  -3
11  4
18  -1
16  -1
13  -2
11  -3
12  -4
13  -5
14  6
11  -2
12  -2
17  4
10  -4
12  1
14  3
13  -4
13  0
14  -3
14  0
24  -4
16  5
16  4
8  2
16  4
13  -9
17  2
12  5
12  3
16  6
18  -5
14  6
16  3
10  -6
10  -6
12  -6
14  -2
15  0
13  -4
11  9
13  3
13  1
15  -4
11  4
16  4
9  -3
17  8
17  5
14  8
12  -2
13  -6
12  -4
8  -4
11  11
20  -10
8  -5
12  6
16  -7
11  0
16  -2
16  -7
11  8
16  3
14  -4
11  1
11  0
11  7
14  -1
12  -1
11  2
13  -9
14  9
12  0
9  -2
13  -3
14  -1
7  2
11  2
12  7
15  2
16  -3
12  3
11  11
14  8
12  3
19  -5
12  5
16  -6
11  4
13  -8
13  0
14  0
20  -10
18  -1
11  10
13  -11
10  -3
17  6
14  5
13  -7
18  0
10  2
13  -10
10  8
10  2
14  2
11  5
16  1
13  -4
10  -2
11  8
15  0
11  11
11  5
10  3
11  8
16  -3
9  -2
15  -3
16  3
16  5
10  0
14  -5
12  2
9  -4
12  4
17  3
13  -10
12  -2
12  -7
9  6
14  9
11  -1
18  -1
13  -1
11  4
11  1
10  -4
18  -14
13  -5
9  6
13  3
11  4
14  8
14  -3
12  6
18  -10
16  2
18  -1
12  -1
16  5
9  -7
12  -5
12  -3
14  -2
9  1
12  3
11  9
14  8
11  4
12  -7
7  5
11  -1
14  9
6  0
14  -2
12  7
14  3
16  3
13  3
14  9
17  -3
13  -2
14  7
12  1
15  -5
14  7
12  2
14  0
15  -7
18  -6
13  -2
12  -6
13  -2
17  8
14  7
11  4
12  -7
12  -5
13  -2
14  9
15  -1
12  -3
12  3
10  7
11  1
13  -1
13  -8
10  -3
8  0
15  -7
15  -9
11  4
10  -3
14  6
15  -5
17  7
14  -3
14  0
14  2
18  -5
15  -10
15  -1
13  -2
12  1
18  -4
11  -3
18  -10
17  -2
14  7
13  0
7  -4
14  3
12  -5
13  -11
12  -6
9  1
13  -9
15  0
13  2
11  -3
13  -11
11  4
16  1
14  -2
10  8
10  0
8  -9
10  6
12  -1
12  0
12  4
13  -6
16  3
11  6
14  -4
14  3
14  5
11  6
12  3
14  -2
11  10
11  3
8  -5
13  -4
12  -5
12  -7
11  -3
14  -3
14  -3
11  -2
19  -8
13  -8
12  -1
20  1
14  8
13  2
12  -5
18  -12
12  7
13  0
15  1
13  -9
18  -4
12  7
14  6
19  0
16  0
12  -1
14  0
10  4
11  9
14  7
10  3
12  -5
8  -12
16  -7
16  6
11  9
18  -6
19  -5
11  -3
15  -8
13  2
11  8
14  9
15  -7
15  -2
11  5
11  6
15  -1
18  -1
15  -1
15  -5
10  1
17  2
12  -7
16  4
14  -3
13  -6
18  -10
9  -7
20  -6
10  7
13  1
12  5
15  -3
13  3
16  -8
11  4
10  1
16  6
10  -2
9  0
11  7
14  0
14  5
14  -1
10  1
16  -7
12  1
7  2
10  2
14  2
12  2
11  9
11  5
12  -7
13  -2
15  -12
16  -1
18  -6
9  3
15  -10
15  -3
15  -12
15  -2
15  -12
15  -6
15  -11
10  -6
9  -1
20  0
12  0
18  -14
13  -1
13  -4
18  0
14  -3
13  -6
11  6
13  -7
15  -3
12  6
16  1
15  -8
16  -2
18  -5
14  0
15  -4
12  7
19  -3
11  10
13  -4
14  2
13  -6
13  -1
14  0
10  0
16  -5
9  0
12  -4
10  1
13  -5
18  -14
13  2
17  -2
18  -11
11  -3
9  -2
13  2
13  -2
14  8
13  -6
15  -11
16  -8
12  1
11  1
13  -1
13  -6
9  3
11  6
15  -5
17  2
17  -1
13  3
15  -3
12  6
14  1
13  -5
10  -3
10  0
16  1
11  3
17  4
12  7
11  5
10  1
12  7
12  1
14  1
16  -6
11  9
11  4
16  0
13  -6
18  -13
11  7
17  -4
12  4
14  -3
12  -4
15  -7
14  4
18  -13
10  5
14  7
10  0
12  3
14  6
18  -12
11  8
12  4
11  10
16  1
16  2
13  -7
12  -7
15  -10
17  0
13  -1
13  -11
16  -8
11  9
15  -6
15  -11
14  7
11  11
12  0
14  0
17  -1
11  -1
10  -2
13  -2
14  -2
17  3
14  -3
14  4
8  1
13  -8
11  -1
12  -4
10  7
17  -2
13  2
20  -10
11  0
14  6
16  -2
14  4
17  1
18  -12
15  2
10  -1
10  -5
13  -9
14  1
11  8
15  -12
13  -4
10  0
12  3
17  -5
9  5
12  6
15  -11
13  -9
6  -1
17  3
16  3
15  2
17  5
10  -5
8  -2
14  -4
12  -2
11  8
17  6
13  -5
8  -3
11  1
13  -6
11  5
11  10
16  3
14  9
12  7
14  9
12  -1
14  -1
17  -6
11  0
15  -4
17  3
10  8
11  1
17  0
12  6
17  6
10  -3
10  0
17  -1
15  -2
16  -6
13  -2
17  8
15  -4
12  -1
11  0
14  8
15  -5
14  -2
15  -11
9  -6
12  -4
11  2
14  2
9  -8
12  -2
18  -12
11  7
12  4
14  7
14  7
11  -2
9  3
12  2
13  -8
9  1
8  -3
17  -1
12  4
18  -6
12  6
16  -3
12  0
13  -7
16  3
10  -1
13  -3
12  6
17  5
10  3
15  -4
10  8
15  -2
15  -4
9  1
10  4
11  -3
11  11
11  10
16  -2
16  -5
15  -10
20  3
16  6
15  -5
13  -3
13  1
16  -7
17  -2
9  6
13  -7
12  -3
9  3
15  0
12  7
15  -2
14  0
17  8
11  7
6  -2
14  -2
11  10
5  -4
13  -7
15  0
11  -3
17  4
11  -1
14  9
11  11
19  -4
11  9
14  9
13  -10
16  3
14  8
11  2
17  -1
9  -4
16  4
9  2
16  -5
10  7
8  -1
12  -7
13  -9
14  -3
14  -5
13  -7
19  -9
8  -1
11  3
14  -1
14  3
12  -7
14  4
14  -1
12  -4
13  -3
8  -3
15  -3
18  -14
12  -4
8  1
15  -3
11  7
19  -11
10  3
7  0
12  -7
12  2
12  -1
13  -10
12  6
17  4
15  -4
7  -6
11  -2
12  4
12  -5
10  3
10  -4
20  -4
14  7
12  0
11  5
9  0
13  -3
13  -1
13  -6
15  -3
14  4
14  7
12  -1
14  3
11  -1
12  -3
13  -7
11  7
10  -2
11  7
12  -2
11  1
14  3
14  2
13  1
11  10
12  4
11  -2
14  0
14  1
9  -2
20  2
14  -3
13  -7
10  3
14  4
15  2
11  -1
13  3
11  -1
12  5
9  6
14  1
11  8
12  2
13  -3
15  -1
13  -5
16  3
17  7
14  4
9  0
8  -3
12  7
17  -4
9  5
14  -4
13  -4
13  -3
12  -7
9  0
11  10
12  -4
9  -2
12  -4
19  -10
14  2
10  6
10  0
15  -8
13  -10
13  -1
8  -1
15  -10
9  -1
18  -1
13  -10
9  -1
7  -4
11  3
17  2
14  -5
14  9
14  1
19  -6
13  -6
14  -3
16  4
16  4
19  -7
11  7
12  5
12  4
13  1
10  4
18  -6
9  -5
18  -9
18  -7
5  -6
18  -12
11  -1
18  -14
11  -3
13  -9
10  4
13  3
7  5
19  -1
10  4
16  1
15  -5
19  -2
11  -1
15  -1
10  0
9  -5
11  0
11  10
14  7
13  -5
9  6
