7  -10
10  1
9  3
15  -5
15  -1
16  8
12  6
14  4
12  7
15  -6
17  2
17  -2
11  3
15  -6
14  5
9  8
10  -3
15  -3
11  6
9  6
10  -3
10  -3
8  1
15  -3
17  -2
6  3
14  5
10  2
14  8
11  6
15  -4
15  -1
9  4
12  7
11  4
12  4
11  5
11  8
15  -5
12  9
14  5
13  -1
16  6
14  9
14  7
10  0
17  -1
16  9
16  4
16  4
12  8
11  6
11  3
13  0
10  3
8  -3
10  0
11  7
10  -3
11  7
11  7
12  3
4  9
14  8
17  4
13  -6
19  -2
11  7
14  5
13  -1
10  0
13  -3
7  -4
10  0
15  -7
10  -2
12  8
10  3
8  1
11  7
6  2
11  2
14  5
15  -3
10  -3
13  -2
13  -5
12  8
9  5
14  8
8  -3
19  -4
18  2
13  -5
10  2
17  2
11  4
10  2
15  -4
10  1
13  -6
11  7
12  8
11  7
8  -5
10  -1
14  3
11  8
11  8
8  1
13  -6
11  3
12  4
10  2
12  7
12  4
10  1
18  1
14  9
10  3
13  0
11  6
18  -3
11  4
12  5
17  4
10  0
14  5
12  3
12  6
8  0
17  -1
11  3
10  -1
10  -2
12  7
17  0
14  9
14  9
14  8
8  -3
21  -6
16  8
11  4
8  -1
13  -5
9  6
15  -6
13  0
9  4
13  -4
17  -2
12  6
8  0
18  -3
11  8
13  -3
13  0
11  5
14  9
9  8
11  2
13  -2
12  5
14  5
13  0
17  3
14  6
7  -6
15  -6
14  5
13  -1
10  1
14  3
12  5
11  4
11  2
13  -6
8  -1
12  5
6  -1
14  3
12  9
10  3
18  -1
8  -3
8  -4
19  -1
10  3
15  -4
14  5
14  4
16  8
13  -4
15  -6
12  6
11  5
17  1
12  6
14  7
16  8
11  7
11  2
17  2
14  4
14  8
17  0
14  8
12  4
9  4
14  7
13  -5
10  -2
11  2
8  -1
6  -2
11  2
12  5
12  7
13  -6
16  9
9  6
12  7
13  -3
13  -1
11  2
9  9
14  7
13  -3
13  -1
14  4
14  3
14  5
16  6
12  5
8  -2
15  -4
14  9
13  -6
10  2
12  9
9  5
7  -6
13  -6
14  5
18  3
8  -1
11  7
11  7
10  1
13  -4
13  -1
10  0
11  6
10  2
8  1
11  3
11  6
11  5
15  -7
10  -2
11  2
12  6
12  6
15  -3
11  7
10  -3
17  3
9  8
14  6
16  9
12  9
17  -1
14  8
9  6
10  -1
11  5
12  6
12  7
15  -4
11  8
14  7
14  5
16  5
13  -6
8  -3
13  -1
13  0
15  -6
13  -5
8  -1
14  7
15  -5
13  -2
11  6
12  9
14  7
10  2
17  3
11  7
9  5
11  2
14  3
13  -6
10  -2
15  -1
18  1
9  4
11  5
12  9
13  -3
13  -1
8  -5
14  4
13  -4
10  3
12  8
15  -1
15  -5
12  3
12  6
15  -7
14  3
11  6
10  0
11  3
13  -5
13  -1
13  -4
11  2
7  -4
14  5
9  7
16  3
12  9
11  7
16  6
10  3
8  -1
9  3
11  5
19  1
13  -2
11  4
9  5
10  0
16  7
16  8
19  -3
12  6
11  3
9  3
13  -6
10  1
13  0
13  -6
10  1
13  -5
12  3
12  4
13  -6
8  0
9  7
12  6
14  6
9  6
14  7
15  -3
8  -4
9  5
9  8
13  -2
16  7
12  5
16  6
16  8
12  4
16  3
8  -2
19  -1
12  9
12  6
7  -9
16  6
14  5
9  7
12  4
9  5
9  7
6  -3
13  -3
10  3
20  1
12  9
9  5
21  -3
12  9
11  7
22  5
18  -1
12  6
14  4
10  1
16  7
18  -1
10  2
11  2
11  6
18  -1
14  5
13  0
14  9
14  5
12  9
14  3
11  3
11  4
11  7
12  8
11  3
11  6
14  4
15  -1
22  5
13  -5
9  9
20  -1
15  -3
18  -2
14  7
10  2
16  9
12  9
11  2
14  8
8  0
10  -1
18  -3
8  -5
16  6
11  4
13  -4
11  6
15  -6
7  -5
14  5
13  0
11  3
15  -6
11  2
10  -1
7  -9
11  5
13  -1
14  5
8  -2
13  -6
10  -2
14  9
11  3
18  1
16  4
13  -2
10  -2
14  4
9  6
14  7
12  3
17  2
15  -6
11  2
10  1
7  -6
13  -5
11  8
11  4
10  1
14  7
16  6
13  -3
11  7
13  -5
10  3
8  -3
11  3
17  -2
11  5
9  7
9  3
16  7
7  -5
5  -5
11  4
12  9
10  0
11  6
5  -6
9  9
11  4
7  -10
15  -2
10  -3
8  1
11  7
11  4
15  -7
4  5
12  9
14  6
12  8
9  3
15  -6
11  6
16  4
12  9
11  2
18  3
14  5
12  6
16  3
11  7
12  7
16  8
15  -1
8  -2
13  -4
11  4
12  4
2  -9
12  9
11  2
11  8
9  3
11  8
14  8
11  5
14  8
13  -4
12  4
22  3
10  3
13  -6
16  7
10  2
9  4
12  8
11  7
16  9
17  4
16  8
14  9
11  4
12  6
12  8
11  3
14  6
10  -1
10  2
10  -1
15  -3
9  4
13  -6
15  -7
8  0
10  3
14  3
10  -1
9  7
12  7
11  8
15  -6
12  3
12  3
13  -6
13  -1
13  -3
4  9
13  -6
13  0
14  8
7  -7
18  -1
9  8
15  -6
11  4
17  -1
8  0
11  8
5  -3
15  -4
11  4
10  1
16  5
13  -5
14  9
15  -5
14  6
9  3
14  6
8  -3
11  6
13  -4
14  6
9  4
14  9
10  0
11  3
10  -2
10  -2
17  3
16  7
12  8
10  2
9  4
19  2
4  4
17  4
9  8
16  6
11  8
10  -2
13  -5
13  -1
14  3
14  8
9  4
9  5
12  5
16  3
15  -7
9  5
13  -4
20  -1
10  3
14  6
8  -4
13  -6
11  6
10  1
9  5
7  -7
14  4
10  0
12  4
6  0
12  6
12  9
12  3
13  -4
13  -2
12  6
15  -7
10  -1
11  8
10  1
11  6
17  3
15  -7
18  -2
12  4
12  8
13  0
10  -2
9  6
17  3
16  3
16  4
14  9
12  8
9  5
15  -7
13  -1
11  2
15  -7
9  8
16  5
13  -2
12  9
13  -2
21  -2
13  -4
14  8
9  6
13  -1
12  3
8  -4
12  7
14  4
11  4
14  9
13  -3
16  7
11  2
9  7
13  -3
15  -3
14  5
13  -6
12  5
12  5
14  7
14  3
10  2
16  5
13  0
14  8
10  3
10  1
19  -1
10  -1
17  0
14  8
12  8
9  6
9  9
12  5
11  2
15  -2
14  5
12  4
14  4
14  9
11  2
11  7
16  6
9  9
15  -3
12  3
17  3
11  7
11  8
13  -2
12  5
10  -1
10  1
13  -4
10  -1
4  5
14  8
7  -5
16  6
11  3
8  -1
14  6
12  7
10  3
14  5
9  5
16  3
10  1
11  4
10  -3
19  0
14  6
12  8
14  3
11  8
9  7
13  -5
15  -6
11  2
14  3
10  2
14  5
10  -1
11  7
17  3
11  2
10  3
11  3
12  8
9  7
13  -2
7  -9
16  7
17  1
13  -1
7  -9
15  -3
12  4
14  4
14  8
13  0
13  -1
17  0
9  4
11  8
14  7
11  7
12  4
10  -3
12  6
17  0
13  0
12  4
21  -1
13  0
11  5
6  -3
11  3
12  4
14  9
13  -4
18  1
15  -3
10  -3
11  5
14  9
13  0
10  -2
15  -2
10  -2
18  2
9  7
9  5
9  6
12  3
15  -4
9  5
9  3
13  -1
16  7
17  3
13  -2
11  7
11  7
8  -5
12  9
12  7
10  3
13  -2
8  -4
15  -2
11  3
14  6
15  -4
13  -2
16  7
8  -3
11  8
10  -3
13  -4
13  -3
14  6
15  -4
12  9
16  4
20  -4
16  5
11  7
16  3
11  6
8  1
10  -1
16  6
14  4
9  6
15  -2
9  4
10  1
11  3
17  2
8  0
10  -1
13  -3
9  6
10  0
9  5
17  2
12  3
15  -5
13  0
9  6
11  5
13  -6
13  0
16  7
11  3
9  6
11  7
10  1
12  4
10  2
14  3
7  -5
10  0
10  2
12  9
17  -1
14  8
12  7
16  8
14  8
13  -6
13  -5
13  0
11  3
14  8
13  -1
12  8
10  3
11  6
8  0
11  8
11  7
9  5
15  -3
13  -5
15  -5
17  -1
11  3
18  2
9  4
12  5
12  8
9  9
13  0
11  8
8  -1
12  6
14  7
11  2
16  7
11  7
9  8
17  -1
18  0
13  -4
13  0
14  7
12  9
14  5
12  4
8  -3
12  7
15  -5
17  1
14  9
12  8
10  -1
10  3
14  5
13  -6
11  5
19  1
8  -3
12  3
14  3
16  4
9  7
10  1
15  -7
15  -2
10  3
12  8
15  -5
12  7
12  9
17  -1
14  9
11  6
6  2
12  6
10  -3
13  -6
14  3
13  -6
10  3
9  5
8  -5
6  -2
16  6
13  -6
12  5
13  -5
9  4
18  1
13  -2
16  4
9  8
15  -1
12  5
12  3
12  4
13  0
14  5
18  3
6  0
11  4
15  -1
16  8
17  2
15  -4
10  3
11  2
13  -5
16  8
20  -2
16  5
15  -7
