13  -4
12  9
12  3
14  -10
13  -6
14  -10
13  -4
13  1
12  7
18  7
16  3
12  2
13  -4
9  -3
11  2
15  1
14  -7
9  2
13  0
13  0
7  -4
11  0
9  4
11  1
12  7
14  -5
12  2
8  -3
10  -1
14  -6
17  10
14  -7
15  1
13  -5
21  -9
16  3
12  3
8  -1
16  8
14  -4
15  2
15  4
14  -6
9  -3
14  -10
9  4
10  0
11  3
11  4
12  5
13  -6
12  3
14  -3
14  -5
12  2
13  -3
14  -4
12  4
12  5
13  -6
15  8
14  -4
13  -5
12  9
8  0
14  -8
12  4
14  -11
11  7
6  -4
13  -7
13  1
16  2
9  -2
11  1
11  -1
13  0
15  6
15  2
17  3
17  9
12  2
13  1
14  -8
14  -11
14  -11
14  -6
8  2
12  6
16  7
11  6
14  -6
11  2
11  7
17  6
11  2
15  0
12  4
11  7
13  -1
17  11
17  11
10  -2
11  0
15  8
9  0
13  -5
12  7
14  -5
9  -2
15  0
9  0
17  5
9  -3
14  -10
12  7
13  -7
16  5
9  -2
13  -1
15  2
12  3
14  -10
16  9
10  4
16  7
12  3
12  9
9  4
13  -2
13  0
13  -1
13  -5
10  6
8  5
15  4
10  5
8  -1
12  7
13  -3
10  6
15  2
10  1
14  -10
15  5
10  4
15  1
12  5
10  2
10  -1
14  -4
14  -8
10  -1
15  0
16  6
8  -1
11  -1
16  6
12  3
11  4
11  7
12  4
12  4
10  1
13  -7
14  -8
12  8
15  4
16  5
14  -9
13  -5
10  -1
13  -4
17  4
10  2
9  0
15  0
12  2
14  -7
13  -4
15  7
7  -9
15  6
16  6
12  6
10  -1
11  -1
12  6
17  3
10  -2
16  8
11  0
13  -7
15  7
15  1
12  3
10  0
11  4
15  7
13  -5
17  3
11  6
12  7
12  2
10  4
13  1
15  5
13  -2
13  -6
13  -2
10  1
17  11
15  0
10  3
19  4
9  -3
16  5
17  6
9  1
13  -3
17  5
14  -10
13  -5
11  0
11  5
15  6
13  -7
16  10
18  8
14  -11
12  7
12  5
11  2
16  9
9  -3
7  -3
15  1
13  -2
13  0
14  -3
12  5
12  8
14  -9
15  5
10  2
16  10
11  -1
12  1
13  -5
13  -4
10  6
14  -11
11  0
16  10
8  4
10  2
14  -10
15  3
15  0
11  4
11  -1
11  6
14  -6
13  1
13  -3
14  -5
8  4
13  1
11  -1
16  8
14  -10
17  9
18  3
13  1
16  8
11  2
12  1
14  -10
15  0
13  -4
13  -6
10  3
13  0
12  2
14  -4
16  9
11  -1
13  1
9  5
13  0
13  -2
12  4
12  8
14  -6
12  8
12  9
13  -3
11  3
15  3
13  -5
12  3
15  3
15  2
14  -8
14  -5
15  3
8  2
9  -2
12  1
15  6
7  -7
11  -1
13  -6
12  2
13  1
14  -10
13  1
13  0
11  1
9  3
13  -2
12  6
12  2
15  4
13  1
17  10
12  4
10  4
14  -4
12  1
10  6
13  -1
13  -1
15  7
12  5
9  5
12  7
14  -5
16  4
10  3
12  3
12  7
13  -4
15  5
11  7
10  -2
11  4
10  3
14  -9
14  -10
11  6
12  4
14  -4
16  6
13  -1
13  1
17  5
13  -3
10  2
9  5
14  -5
12  5
7  -9
13  -6
14  -7
11  7
7  -1
9  -2
13  -5
14  -5
10  -2
13  -5
16  5
13  -1
10  6
14  -9
13  -7
15  3
12  4
13  -5
9  -1
16  2
9  -1
14  -6
15  4
15  0
14  -11
15  6
15  5
8  -2
15  8
13  -2
12  3
14  -5
11  0
14  -4
12  8
13  -5
11  6
11  1
12  8
11  3
11  4
12  6
10  3
12  7
15  5
14  -6
14  -10
9  2
13  -6
20  -1
18  11
15  8
13  -6
15  0
10  -1
12  8
14  -4
14  -3
13  -3
10  5
14  -11
10  -2
10  6
13  -3
17  9
11  2
18  3
12  7
9  2
16  4
13  -6
10  0
15  6
16  6
11  4
17  9
12  7
13  -5
17  6
11  2
9  -1
12  9
13  1
11  -1
8  2
9  -2
13  0
14  -5
14  -11
11  2
9  0
14  -5
18  4
13  0
16  5
14  -8
11  6
13  -5
17  11
8  2
11  -1
17  8
13  -2
15  4
11  -1
13  -7
10  -2
14  -10
14  -5
11  7
19  4
17  8
14  -3
13  -5
11  5
16  9
15  0
16  5
14  -11
15  4
14  -3
15  3
11  0
15  8
13  -4
14  -11
16  5
14  -6
18  9
14  -7
15  2
12  7
14  -4
17  3
12  3
9  4
15  3
12  5
15  3
13  -6
14  -9
11  4
11  2
12  8
15  4
13  -1
10  5
10  6
16  7
13  -4
14  -8
15  6
8  2
9  3
12  5
14  -8
9  -3
12  6
14  -3
14  -4
12  1
15  1
13  -2
12  8
14  -5
13  -7
12  7
15  6
11  2
17  10
12  8
12  4
14  -5
14  -11
12  4
13  1
15  3
12  3
11  2
14  -6
11  5
17  10
9  0
10  4
13  -7
13  1
12  3
10  1
12  4
16  5
7  -2
12  8
14  -10
11  3
16  2
14  -5
12  3
14  -10
13  -4
9  2
18  8
12  9
12  3
12  6
15  3
13  -5
18  10
13  -5
11  -1
9  1
14  -5
12  7
14  -5
10  5
11  5
15  5
16  7
15  6
18  5
12  5
13  -5
13  -7
14  -10
12  1
15  3
13  -3
17  3
10  2
11  1
15  8
9  2
13  -2
13  -3
12  4
12  2
13  -6
10  5
16  8
11  6
10  3
10  1
12  8
15  2
12  5
12  1
9  2
15  1
15  7
14  -7
13  1
11  0
11  0
13  -1
16  8
15  1
13  -6
16  3
9  3
10  5
18  5
15  4
16  2
11  -1
13  -1
10  0
12  2
13  -6
13  -7
11  -1
11  1
14  -5
10  0
9  1
16  8
11  5
14  -7
10  4
11  6
12  6
10  2
7  -7
16  10
17  4
11  5
12  7
10  6
15  2
15  1
15  8
14  -7
13  -7
15  8
7  -5
15  4
17  4
11  5
12  2
19  6
12  7
9  -1
15  7
12  7
15  6
12  3
13  -6
14  -7
14  -8
12  2
15  0
17  10
11  6
15  0
13  1
15  2
16  5
11  2
12  6
11  4
11  4
13  -2
12  6
11  2
11  -1
15  8
13  -1
11  6
13  -1
12  2
17  10
11  -1
13  -5
13  -3
15  7
11  5
12  8
9  2
14  -8
12  7
14  -10
13  0
12  9
14  -7
16  3
12  2
12  5
14  -4
11  6
12  7
12  3
13  -2
14  -11
9  -3
11  -1
13  -6
14  -4
13  0
10  5
14  -4
10  3
13  -4
12  1
12  1
14  -5
13  -4
15  0
14  -8
14  -7
16  6
12  9
11  7
10  5
15  2
11  6
14  -11
11  0
16  8
13  -3
10  2
14  -10
15  4
10  -1
13  -5
12  9
9  -1
16  7
12  9
11  6
17  8
12  4
11  2
11  3
13  -1
12  5
17  7
10  -1
12  2
11  1
16  8
13  -4
11  4
14  -6
15  4
15  6
12  2
16  2
11  7
13  -2
6  -2
12  8
13  -4
12  2
11  3
14  -11
13  -5
11  6
17  10
8  5
10  -2
11  1
13  -6
12  6
17  6
11  6
7  -5
16  5
11  7
11  0
13  -3
18  4
16  4
11  1
10  3
16  9
14  -8
14  -11
15  2
10  4
12  9
15  1
14  -5
12  1
14  -6
13  -4
16  4
11  5
17  5
16  2
7  -1
13  -2
15  7
14  -6
18  8
15  4
11  5
13  -2
14  -6
16  8
11  6
12  7
12  5
10  1
13  -1
12  3
12  6
11  3
14  -6
10  4
15  8
11  3
13  0
17  9
14  -4
7  -1
8  -3
7  -2
15  5
11  0
14  -8
14  -7
14  -6
14  -11
15  8
8  2
11  0
15  4
15  6
12  2
12  2
13  -5
12  7
10  -1
14  -7
14  -8
14  -8
4  4
13  -7
10  -1
15  5
11  5
17  4
10  4
12  5
10  5
15  7
15  3
12  6
13  -6
11  3
9  3
13  0
12  7
15  3
16  9
14  -6
10  4
11  0
14  -5
12  2
14  -11
15  0
14  -5
9  3
14  -3
13  -5
12  8
14  -8
12  2
12  1
14  -7
12  3
15  6
17  6
18  10
13  -1
15  1
12  1
12  8
12  7
15  2
14  -7
13  -2
15  5
16  5
13  -7
15  7
12  4
14  -4
14  -5
11  4
8  4
15  8
16  9
15  4
8  -2
13  -1
14  -9
11  5
13  0
14  -5
15  4
11  -1
9  -2
11  2
12  7
13  1
9  -1
15  8
10  6
13  1
14  -10
15  6
15  0
10  6
15  1
13  -5
13  0
15  5
10  4
8  0
17  4
11  6
12  6
13  -7
14  -11
12  4
10  -1
13  1
12  3
13  -1
11  0
12  2
13  -5
15  0
14  -5
10  2
11  5
11  2
15  7
15  6
12  6
13  -2
13  -2
13  1
10  1
18  6
9  1
16  9
15  1
15  3
16  9
13  -7
13  -7
19  6
11  6
12  7
12  4
13  -2
9  4
13  -1
16  3
13  0
10  3
15  1
13  -7
10  -1
12  4
11  1
15  4
12  5
13  -3
14  -5
18  7
12  7
14  -5
15  2
15  7
14  -5
13  -7
