12  0
13  -9
11  -1
13  -3
13  -10
15  -2
13  -5
13  -13
13  1
12  -6
10  11
10  8
14  2
12  -4
12  -8
14  11
11  -7
13  -12
13  -4
12  -7
13  -3
12  5
10  1
14  9
13  -10
12  1
13  -7
11  -12
12  -1
9  -1
15  6
12  1
14  -1
11  0
13  -13
10  -1
11  -8
10  3
12  -2
13  -10
12  -5
11  -1
13  1
15  -1
13  -10
14  13
15  -5
11  -8
12  -8
12  6
15  -5
13  -4
14  2
13  -1
15  -6
14  0
12  -3
14  11
13  -7
13  -8
11  0
14  11
11  -8
13  -4
13  -7
12  5
11  -3
12  -1
13  -7
13  -5
13  -5
15  -4
14  0
14  13
15  0
12  -2
13  -7
11  -10
12  -1
13  1
14  12
14  0
13  -8
13  -3
11  -11
11  -2
13  -6
15  3
13  -9
13  -7
15  -7
13  -7
10  9
12  -5
13  -13
14  4
13  -3
12  3
14  0
12  6
10  5
12  0
13  -7
13  1
12  4
13  -8
12  -4
14  5
13  1
12  -2
12  -4
12  -6
14  2
14  1
10  6
11  -9
12  -2
12  -4
13  1
14  3
15  3
14  9
11  -4
12  -5
11  -1
13  -7
11  -3
12  -7
14  1
12  -6
14  2
15  5
12  6
15  -2
15  -5
12  4
12  -1
15  0
12  5
11  0
14  8
13  -12
14  -1
15  -8
14  10
13  -4
13  -2
10  5
13  -6
15  -6
11  0
13  1
12  4
11  -13
13  -10
13  0
13  -12
14  3
11  -8
11  -7
10  6
14  10
12  -6
15  1
15  5
15  2
11  -3
12  -6
12  4
12  5
12  -2
10  9
14  0
12  -4
13  -11
13  -5
12  0
14  12
12  -8
12  0
13  1
14  5
12  -4
14  7
12  -4
10  3
14  12
13  -12
14  1
14  13
12  5
14  1
15  6
12  3
10  -1
15  0
14  12
14  13
12  -1
13  -6
13  -4
11  -3
13  -9
13  1
13  -12
11  -10
11  -10
13  -1
13  -6
15  6
14  3
14  11
10  2
14  1
12  3
13  1
11  -3
14  7
13  -4
12  -3
13  -11
11  -1
14  -1
12  -2
15  1
15  2
12  -3
12  -3
9  -2
15  5
13  -9
14  2
12  6
11  -3
14  -1
10  13
13  -8
13  -3
12  -6
13  -11
10  9
11  0
13  -9
13  0
13  -12
13  -3
14  13
12  2
11  -12
11  -8
14  13
12  -2
14  13
12  -7
14  8
13  -1
11  -13
10  0
14  12
14  -1
12  -5
12  -2
13  -8
11  -2
14  12
10  13
15  -7
14  9
13  -9
13  -5
11  -11
12  5
15  -6
15  5
12  -4
11  -10
10  1
14  6
11  -11
13  -2
13  -2
14  8
14  11
14  3
13  0
14  0
14  -1
13  -4
14  5
11  -10
14  13
11  -13
13  -10
15  -7
14  2
14  8
14  8
15  5
13  -6
14  -1
9  4
14  12
14  9
11  -4
14  3
14  11
9  4
10  1
14  2
14  12
13  -6
15  -3
13  -6
15  -4
12  3
13  -6
9  12
12  5
15  -2
12  2
15  4
13  1
13  -7
14  12
14  1
13  -6
13  -10
14  9
9  -1
15  -1
13  -2
12  5
11  -13
13  1
13  -6
15  -4
14  3
9  8
10  13
13  -12
13  -5
11  -4
14  10
13  -10
13  -10
11  -1
14  6
12  1
12  0
13  -11
10  8
11  -12
13  -8
13  -5
10  2
13  -11
14  5
11  -1
14  5
13  -13
11  -5
12  -2
11  0
11  -8
10  1
15  1
9  6
12  6
14  0
14  6
10  6
12  -6
15  -4
15  5
11  -3
14  7
14  13
13  -6
14  -1
14  11
14  -1
15  -7
13  1
10  5
12  -1
11  -10
13  -5
11  0
12  -1
11  -13
12  -5
13  -4
11  -2
14  7
12  -7
13  -12
14  8
15  4
12  4
14  12
12  -4
12  -6
13  -12
11  -7
13  -11
14  6
14  5
14  9
12  -2
12  -7
10  10
12  -6
12  0
13  -5
12  -5
11  0
12  -2
13  1
12  0
12  -4
13  -10
14  13
14  8
14  2
11  -3
13  -11
14  8
13  1
14  1
10  1
14  0
12  2
11  -4
11  -5
13  -11
10  4
13  -1
15  4
11  -9
14  5
10  10
13  -5
14  10
12  1
12  -8
11  -10
14  -1
14  3
11  -9
12  0
15  0
14  8
14  9
12  -3
13  -12
14  -1
12  3
14  7
13  -11
14  9
15  6
14  10
14  4
11  -10
10  12
12  -3
9  10
11  -2
14  4
13  -8
14  12
14  9
14  4
14  1
9  8
15  -8
14  13
12  3
13  -12
14  6
12  -3
13  -13
12  -7
11  0
12  -3
13  -10
13  -10
12  -5
11  -8
12  -3
14  7
11  1
13  -8
11  -11
12  -5
12  5
12  0
13  -6
13  0
13  -2
14  13
12  -6
14  10
14  12
13  -2
13  -11
14  10
13  -12
12  6
12  6
13  -4
11  -11
14  4
14  4
11  -11
14  11
12  -8
12  5
15  6
12  -8
14  -1
11  -2
13  0
14  11
11  -12
13  -11
11  -7
13  -12
14  1
12  2
12  2
12  -1
12  0
11  -10
13  -9
13  0
11  -4
13  -7
11  -13
12  -1
13  1
13  0
14  1
11  -5
12  -2
10  3
13  -13
10  11
14  -1
11  -2
14  12
13  -5
11  -4
15  5
14  11
13  -2
12  5
12  5
12  4
13  -4
15  3
14  6
14  7
9  9
14  13
13  -12
11  -2
13  -13
13  -12
15  -7
15  3
11  -1
14  8
15  -3
14  11
15  -2
13  -2
12  2
15  -1
12  -1
14  11
9  4
11  -1
14  13
13  -12
15  -3
12  3
14  5
12  -4
13  -3
14  10
14  2
11  0
15  5
15  -5
14  1
13  0
14  2
15  4
12  4
15  -7
13  -11
13  -10
13  -6
15  5
15  -2
12  -2
14  10
10  1
12  -2
14  8
13  -12
15  -8
15  -1
13  -7
15  -6
14  12
15  5
14  1
9  6
14  9
12  3
12  2
14  8
13  -3
14  8
13  -10
13  -13
13  -5
15  -4
10  4
12  -6
13  -5
15  6
14  13
14  10
14  2
12  0
13  -7
13  -7
11  -8
13  -11
14  11
13  -12
13  -10
13  -2
15  -1
15  -4
12  1
14  9
13  -11
13  -8
15  1
13  1
12  -7
13  -11
12  1
11  -4
12  5
15  -4
13  -9
13  -11
13  -1
12  2
15  -3
12  5
15  -7
13  -3
13  -12
15  -5
12  -4
14  13
12  -4
9  8
11  -13
12  -7
12  -3
14  3
13  -6
13  -11
13  -12
13  -2
14  9
13  0
12  -5
12  -7
12  -4
14  5
13  -1
14  0
14  10
14  11
14  -1
13  0
11  -5
9  0
14  1
13  1
11  -12
13  -7
12  1
14  8
13  -1
15  -1
13  -8
13  -4
13  -11
13  -9
15  5
13  -6
13  -8
13  -4
12  -3
15  6
13  -3
12  3
12  3
12  -4
15  3
11  -1
12  6
13  -3
12  -3
12  -6
14  1
14  2
13  0
11  -12
12  -7
15  2
14  13
15  -3
11  -13
13  -4
12  -6
14  2
13  -2
15  -2
15  -5
14  5
13  -11
11  -7
13  -4
13  -13
12  5
14  6
12  6
15  -7
13  -6
11  -12
12  -8
14  3
11  -3
14  1
13  1
13  -5
14  7
13  -2
12  -4
13  -5
12  -7
15  5
11  -4
11  -12
13  -2
13  -4
14  10
14  1
14  12
13  -12
15  -2
12  -2
12  5
14  13
13  -3
14  4
12  3
12  -8
13  -13
13  -8
14  2
15  3
14  11
12  -1
13  -7
14  11
14  -1
12  -3
12  6
11  -10
14  7
12  5
12  -5
13  -10
13  -6
13  -9
13  -11
11  -12
12  -2
13  -9
14  7
13  -7
14  4
11  -8
10  7
11  -12
13  -4
13  -13
15  -3
13  -1
15  -1
15  2
15  -1
13  -12
14  2
12  1
12  6
14  3
11  -10
13  -11
9  -2
14  9
14  12
13  -7
11  -1
11  -8
14  8
12  -4
15  4
11  -2
12  -8
10  3
12  -4
12  -5
14  7
14  2
13  1
15  2
14  11
14  0
15  -8
14  4
13  -11
14  7
13  1
13  -5
14  -1
12  3
14  12
12  4
15  5
14  11
12  4
13  -2
13  -4
9  12
15  1
13  -12
15  3
13  -7
13  -13
11  0
13  -3
12  0
13  1
13  1
13  -10
12  -2
12  0
15  5
13  1
13  -7
12  -4
13  -12
13  -7
11  -12
13  -10
14  3
15  4
13  -12
12  6
14  6
12  -6
13  -8
13  -5
14  8
14  6
8  6
11  -4
14  3
12  -5
14  10
13  -9
13  -4
13  -3
14  5
10  6
12  -1
10  13
14  12
14  7
14  0
14  0
12  -8
14  5
13  0
13  -3
11  -3
13  0
13  -6
11  -10
14  10
14  -1
14  2
13  -1
12  -3
14  6
10  13
13  0
13  -8
13  -12
13  -4
15  -6
13  -5
11  0
14  5
13  -12
14  -1
10  4
12  -8
14  7
13  -12
11  -3
11  -2
13  -1
12  1
13  -7
14  4
13  -3
11  -5
15  1
12  -5
13  1
13  -3
14  3
11  -10
13  0
13  -12
14  0
13  -8
14  12
11  -8
10  9
12  -5
10  8
13  -10
15  6
11  -12
14  11
12  3
14  10
14  6
12  1
13  -5
12  4
11  0
13  -6
12  -6
11  -2
13  -7
14  2
10  13
10  8
13  -5
13  1
14  4
12  3
13  -9
14  4
14  8
12  1
14  6
14  11
13  -9
13  -3
11  0
12  -5
13  -10
11  -6
11  -8
15  -1
13  -3
13  -3
10  10
14  1
11  -11
13  -8
13  -1
14  4
13  -8
