14  -4
11  0
12  -3
9  -8
14  -3
14  -3
14  -3
14  -4
16  1
12  -2
14  -5
16  2
14  -4
9  -8
12  -3
16  0
15  -7
14  -4
12  -3
10  -5
12  -4
13  2
12  -3
14  -4
14  -3
12  -4
10  -4
14  -4
11  2
16  2
13  2
12  -3
14  -5
15  -8
15  -8
13  2
14  -3
13  1
10  -4
14  -5
15  -6
15  -7
16  0
14  -5
14  -5
15  -8
10  -6
17  -3
13  0
15  -7
15  -8
15  -8
14  -3
16  0
13  1
14  -3
16  0
16  0
13  0
12  -3
12  -4
13  2
12  -3
13  2
14  -5
14  -4
18  2
10  -4
14  -3
12  -3
14  -5
13  0
14  -3
12  -3
12  -3
12  -4
11  2
12  -2
13  0
15  -8
14  -3
12  -4
15  -8
15  -6
13  2
12  -2
11  0
15  -7
9  -7
13  2
16  2
14  -3
15  -7
17  -4
10  -5
12  -4
14  -5
14  -4
14  -3
16  0
18  1
11  2
14  -3
11  2
17  -4
15  -6
17  -5
12  -4
10  -4
11  2
11  1
15  -8
14  -4
17  -5
14  -5
11  1
7  -1
15  -7
14  -3
11  0
12  -2
12  -3
16  2
15  -6
16  1
11  2
10  -4
15  -8
15  -8
14  -3
11  2
17  -5
17  -3
15  -8
13  0
13  0
15  -8
16  2
16  1
15  -6
12  -3
15  -7
10  -6
15  -8
12  -2
14  -4
15  -8
15  -7
12  -4
13  2
13  1
13  0
12  -4
14  -4
12  -4
14  -5
12  -4
9  -6
13  1
15  -8
16  2
16  1
14  -4
17  -5
14  -4
11  1
11  0
14  -5
11  2
15  -6
14  -4
16  2
14  -3
12  -4
11  1
14  -3
16  0
13  0
10  -4
11  0
14  -5
17  -4
14  -3
13  2
15  -8
12  -4
13  1
15  -8
13  2
12  -4
13  0
13  2
14  -5
14  -5
11  1
12  -4
12  -4
17  -5
14  -5
13  1
19  8
13  0
9  -8
12  -4
17  -3
15  -7
13  2
11  2
16  1
12  -4
15  -7
9  -8
13  1
15  -8
15  -6
13  1
14  -5
13  0
18  0
14  -4
11  2
17  -4
14  -3
15  -8
11  0
13  2
14  -5
16  2
15  -7
17  -3
14  -4
15  -7
16  2
9  -6
8  6
14  -3
7  1
10  -4
12  -4
14  -3
14  -5
11  0
16  1
14  -4
14  -3
12  -4
12  -4
15  -6
14  -5
15  -7
11  1
13  2
16  1
12  -4
17  -4
10  -6
11  1
15  -6
14  -4
16  1
13  0
14  -5
15  -8
15  -6
12  -4
12  -2
11  1
12  -3
11  2
17  -5
14  -5
17  -4
12  -3
12  -3
10  -5
15  -6
17  -3
14  -5
18  2
13  2
11  1
12  -3
14  -5
16  2
14  -5
15  -7
18  1
12  -3
14  -3
15  -6
13  1
12  -2
14  -3
17  -3
11  1
12  -4
16  1
13  2
11  0
15  -7
10  -4
12  -4
14  -4
11  1
13  1
12  -3
10  -4
14  -3
10  -5
11  2
14  -4
11  0
13  1
15  -7
15  -6
14  -5
15  -6
12  -2
13  0
14  -5
10  -6
17  -4
13  1
13  1
14  -5
7  1
13  0
13  0
13  0
16  1
10  -4
14  -3
12  -4
13  2
12  -2
13  1
14  -5
15  -7
14  -3
15  -8
13  0
13  2
14  -5
11  0
19  8
12  -3
9  -8
11  1
14  -4
13  1
10  -5
15  -6
14  -4
16  2
10  -5
13  1
15  -8
15  -8
13  0
14  -3
14  -3
11  1
13  2
13  1
14  -4
13  2
11  0
12  -2
14  -4
13  2
18  2
13  1
14  -4
14  -4
11  2
13  0
11  2
12  -3
10  -4
15  -8
11  2
16  2
12  -3
13  0
14  -4
13  0
16  1
16  0
13  2
11  1
14  -5
12  -3
9  -6
12  -2
12  -4
10  -6
11  2
11  1
14  -5
10  -6
15  -7
16  2
11  1
14  -4
12  -3
13  2
14  -5
15  -8
14  -4
9  -6
14  -3
15  -6
11  2
12  -2
15  -7
11  1
15  -7
14  -4
15  -8
17  -3
12  -2
17  -3
14  -4
12  -2
13  0
13  2
13  2
12  -2
13  0
14  -4
11  1
16  0
13  1
14  -3
12  -4
13  0
15  -7
10  -4
14  -5
15  -7
17  -3
12  -3
14  -5
13  2
14  -5
13  0
15  -8
9  -6
12  -3
12  -2
12  -3
14  -3
15  -8
15  -8
13  1
10  -4
15  -7
15  -8
10  -5
13  2
11  1
14  -3
14  -5
15  -6
13  0
17  -3
13  1
13  1
13  0
12  -4
12  -4
15  -6
12  -4
11  2
10  -6
11  0
15  -6
15  -8
15  -8
15  -6
12  -3
13  1
16  0
10  -4
14  -5
14  -3
12  -4
14  -5
16  0
13  2
16  0
13  0
16  1
15  -8
14  -5
14  -4
14  -5
16  1
17  -3
13  0
12  -2
13  2
14  -3
15  -8
11  0
12  -4
17  -3
13  1
12  -3
13  1
16  1
15  -6
14  -5
17  -5
12  -4
14  -4
15  -7
14  -4
15  -7
11  2
15  -7
13  2
16  2
15  -6
12  -2
13  0
12  -4
13  0
15  -7
14  -5
14  -5
15  -6
14  -5
12  -3
15  -7
15  -8
11  0
14  -4
16  1
13  0
10  -6
16  0
12  -3
13  1
15  -7
15  -8
11  0
10  -4
13  2
14  -5
14  -3
14  -5
15  -6
17  -3
12  -4
15  -8
14  -5
14  -4
16  0
13  1
14  -3
15  -8
12  -3
15  -7
11  2
14  -3
11  2
15  -8
11  2
13  1
14  -5
8  6
16  2
11  0
9  -8
15  -7
8  8
9  -6
12  -4
17  -3
16  0
16  2
17  -5
14  -4
15  -8
12  -2
13  2
16  0
15  -6
15  -8
15  -6
15  -7
15  -6
16  1
12  -4
12  -4
15  -8
12  -2
15  -8
14  -4
15  -7
16  1
16  2
15  -6
11  0
13  2
10  -5
12  -2
14  -3
12  -2
15  -6
10  -4
16  2
8  8
12  -2
13  2
15  -8
13  2
14  -5
14  -4
12  -4
17  -3
13  0
10  -4
9  -7
11  1
10  -6
14  -5
11  0
12  -3
15  -6
15  -6
15  -8
17  -4
9  -7
15  -6
17  -4
16  2
14  -3
14  -4
10  -6
12  -2
15  -6
13  2
12  -4
15  -7
14  -4
12  -4
14  -4
12  -3
12  -2
15  -8
17  -5
14  -4
13  0
16  0
16  2
16  2
14  -5
13  1
15  -7
12  -2
16  0
11  2
10  -4
16  1
15  -8
17  -3
14  -4
14  -5
14  -5
14  -4
10  -4
12  -4
14  -5
10  -4
11  1
16  1
13  0
17  -3
14  -4
12  -2
15  -6
16  1
14  -5
12  -4
16  2
17  -5
15  -8
15  -6
10  -4
12  -4
13  1
17  -4
13  1
13  2
14  -4
10  -4
15  -6
15  -7
12  -2
14  -5
15  -8
15  -7
13  1
15  -8
12  -3
16  1
12  -3
15  -8
13  0
13  2
13  2
16  0
11  0
17  -4
16  1
13  0
15  -6
13  1
11  0
13  0
9  -8
17  -4
16  0
11  2
14  -4
14  -5
9  -7
12  -4
14  -5
13  2
17  -5
13  1
13  0
11  2
13  2
13  2
14  -4
13  0
13  1
10  -6
14  -4
12  -4
13  1
12  -2
13  1
13  2
15  -7
12  -3
11  1
14  -4
14  -3
11  0
16  0
12  -3
16  0
10  -6
16  0
14  -3
13  2
9  -7
11  0
11  0
14  -3
14  -4
15  -7
17  -5
11  2
12  -2
12  -4
11  0
11  0
15  -7
10  -5
16  2
14  -3
12  -2
11  0
16  0
15  -8
15  -8
16  1
9  -6
16  0
14  -3
14  -4
14  -5
13  1
10  -6
13  0
14  -5
15  -6
15  -7
14  -4
14  -4
10  -4
13  0
14  -3
14  -5
15  -8
14  -5
15  -6
15  -8
15  -7
11  2
11  1
11  0
17  -4
15  -7
16  2
14  -3
15  -7
11  1
12  -2
11  0
16  2
13  0
11  1
12  -3
15  -6
11  1
14  -5
13  2
11  1
14  -4
15  -6
14  -4
14  -3
14  -4
14  -4
16  2
13  0
13  0
14  -4
16  0
16  0
14  -4
8  7
16  0
16  1
15  -7
16  2
15  -7
15  -8
11  1
13  2
14  -5
14  -5
10  -5
14  -5
12  -4
13  2
14  -4
14  -5
16  1
12  -3
11  2
16  1
14  -3
16  0
12  -2
15  -8
14  -5
11  2
13  1
14  -4
15  -6
10  -4
14  -4
13  2
13  1
13  1
12  -3
10  -4
14  -5
14  -4
13  2
9  -8
13  1
15  -8
15  -6
14  -4
15  -7
13  1
12  -2
14  -4
13  2
16  2
9  -7
15  -6
12  -3
17  -4
15  -8
14  -3
10  -5
12  -2
14  -4
12  -3
15  -6
13  1
14  -4
9  -7
12  -4
13  1
15  -7
16  1
10  -4
13  0
11  0
16  2
16  2
13  2
13  1
13  2
13  2
14  -4
14  -5
17  -3
14  -4
13  2
16  2
12  -3
11  2
14  -5
12  -2
15  -6
15  -7
15  -8
14  -5
10  -5
13  2
14  -5
17  -3
13  2
13  2
18  0
14  -4
11  2
13  1
13  0
12  -4
12  -2
15  -8
13  1
10  -6
16  2
17  -5
13  2
15  -6
14  -3
12  -4
13  0
12  -3
15  -8
17  -4
13  1
15  -8
14  -4
13  0
15  -7
12  -4
14  -3
15  -8
13  1
11  2
14  -5
14  -5
13  2
17  -5
15  -8
14  -4
12  -2
12  -4
12  -4
11  2
15  -8
14  -5
15  -6
14  -3
13  2
16  2
14  -4
9  -6
15  -7
14  -3
12  -3
13  1
15  -6
16  1
14  -4
14  -3
14  -3
12  -2
13  0
16  1
13  1
11  2
15  -7
11  0
