13  -9
6  7
13  -4
11  -6
10  -5
12  -3
12  -3
15  0
13  -5
8  6
10  -2
10  1
10  -3
11  -6
10  -2
9  8
9  5
11  -7
13  -10
13  -8
14  8
8  3
11  -8
5  -3
7  -7
15  0
12  -3
9  4
15  -1
12  -5
10  0
12  -5
8  6
7  -10
10  -1
12  1
8  7
15  -6
6  2
13  -10
16  -7
14  7
12  1
9  3
10  -5
9  3
9  7
9  8
7  -7
12  -4
12  0
12  -1
12  -5
12  -3
11  -8
14  10
14  4
13  -8
11  -8
13  -4
12  0
11  -7
13  -9
12  -1
15  -4
9  3
13  -8
11  -8
11  -6
11  -8
12  -4
9  7
13  -4
8  7
14  10
11  -8
10  -1
11  -4
12  -1
8  8
14  9
10  0
11  -8
7  -9
17  -6
6  6
13  -5
7  -10
8  8
12  -5
8  5
10  -4
9  3
10  -1
10  -2
10  0
5  -1
10  -3
12  -3
6  5
10  -4
12  -3
10  1
9  9
9  9
15  -5
8  8
15  -6
11  -10
9  9
8  9
7  -9
15  -6
11  -10
18  3
10  -5
7  -7
10  -3
12  -5
14  7
10  -4
8  5
12  1
11  -10
7  -5
10  -5
9  9
6  4
9  7
6  3
11  -5
11  -4
15  -6
8  5
12  -2
10  0
8  5
10  -3
11  -4
6  2
9  8
8  3
16  -7
10  -4
9  3
11  -4
13  -10
11  -5
11  -8
6  5
12  -3
11  -5
14  4
7  -8
9  4
9  9
16  -6
8  8
11  -4
11  -8
13  -8
13  -8
5  -1
9  9
15  -4
7  -6
14  4
11  -4
9  9
13  -5
10  -5
15  -5
11  -4
7  -10
14  7
14  10
10  0
8  7
8  9
10  1
10  0
12  -3
14  10
9  4
15  -6
9  3
7  -6
9  4
9  5
13  -9
12  0
10  1
6  4
14  10
11  -7
10  1
12  -2
10  -1
14  5
12  -3
11  -7
12  -3
13  -8
10  -3
13  -8
10  -1
8  5
9  4
10  0
14  4
12  -3
12  0
14  6
6  2
13  -10
9  4
11  -8
14  8
11  -10
12  -2
6  2
6  5
12  -3
17  -6
9  7
7  -6
11  -10
7  -4
12  -3
11  -7
14  4
11  -8
12  0
11  -9
13  -6
10  -4
14  7
10  1
12  -5
6  2
7  -5
13  -10
11  -4
8  4
9  7
12  -3
16  -6
5  0
10  1
15  -6
12  -3
11  -4
12  0
13  -4
10  -3
12  -1
9  5
14  9
11  -6
15  -1
7  -9
12  1
13  -7
11  -7
15  -6
12  1
20  8
9  7
9  8
15  -4
7  -6
11  -6
10  1
11  -10
9  6
12  -5
12  0
10  -1
14  9
7  -9
12  -5
15  -5
11  -9
8  6
9  6
12  -3
16  -3
12  -4
16  -9
4  -2
8  9
15  -2
8  6
12  1
7  -5
11  -5
14  9
15  -3
7  -7
11  -4
8  4
16  -4
11  -6
12  -4
14  8
4  -3
16  -5
8  4
10  -4
8  4
10  -3
8  8
9  4
12  -3
6  8
11  -7
10  -1
9  5
9  5
16  -3
10  0
6  6
12  -4
15  -3
9  5
16  -6
14  5
11  -4
9  5
12  0
11  -8
9  8
12  1
10  -3
14  8
17  -5
9  5
10  0
14  9
17  -3
14  9
13  -9
11  -4
8  3
7  -6
9  7
8  5
9  8
8  9
13  -5
15  0
9  4
9  3
15  -2
12  -3
14  4
11  -8
9  7
10  -4
11  -8
7  -10
7  -4
12  0
9  3
11  -8
11  -7
11  -8
12  -2
12  -4
10  1
11  -7
11  -9
11  -8
9  7
12  -2
10  1
9  3
13  -9
12  -5
11  -9
4  -1
10  0
10  0
18  3
9  8
11  -8
9  7
12  0
15  0
12  -5
13  -9
10  1
12  -4
9  7
13  -8
11  -4
14  4
13  -6
14  10
10  1
9  9
11  -7
12  -1
9  5
13  -4
9  5
11  -5
9  3
8  3
8  6
10  -4
14  10
12  -1
11  -6
14  9
13  -5
14  10
7  -9
10  -4
8  9
12  -5
9  8
9  4
12  1
8  5
14  9
14  9
8  7
8  6
9  9
13  -8
10  -4
8  4
9  4
8  3
16  -4
11  -7
5  -4
9  8
16  -9
15  0
6  5
9  5
11  -10
12  -1
12  -3
10  -3
10  0
13  -9
15  -3
14  6
10  -1
13  -4
11  -9
8  5
11  -10
10  -2
12  1
11  -4
8  6
13  -10
13  -7
10  -2
7  -4
12  0
15  -3
13  -6
11  -6
8  8
15  -1
8  8
11  -4
15  -6
10  -5
14  7
10  -5
7  -5
9  4
10  1
10  -5
7  -6
10  -5
12  -5
16  -4
13  -6
12  -2
13  -5
8  5
11  -8
15  -5
11  -4
10  -2
10  -5
10  0
14  4
6  6
8  3
15  0
13  -10
9  4
15  0
12  0
8  9
12  -1
6  5
11  -10
17  -2
12  -3
10  -2
9  5
12  -1
6  7
5  -6
12  -4
14  9
11  -4
12  -3
12  -3
10  -5
13  -4
6  5
13  -9
13  -10
12  -5
11  -9
13  -6
9  7
9  7
7  -8
10  -5
14  4
16  -9
12  1
11  -8
17  -8
8  7
8  9
9  6
12  -5
10  0
10  -5
10  -2
9  9
10  -4
10  -5
10  -4
11  -4
13  -5
6  2
9  9
12  -1
7  -4
6  5
9  7
12  -5
12  -1
10  -5
13  -4
8  8
10  -2
10  -5
15  -2
11  -6
13  -8
9  8
14  7
14  9
9  5
11  -5
11  -4
10  -3
11  -8
10  -3
11  -7
12  0
10  0
15  -2
10  -1
6  6
8  9
11  -9
15  -6
14  10
11  -6
7  -7
10  -5
13  -7
10  1
9  6
11  -7
10  -3
12  0
10  -5
5  -4
7  -10
13  -4
7  -9
12  -3
13  -5
13  -9
9  9
6  2
12  -1
9  9
11  -8
16  -4
12  -4
15  -2
5  -5
18  3
10  -2
8  8
11  -10
9  4
10  -3
8  9
11  -4
13  -4
9  4
13  -5
12  1
15  -3
14  6
12  -4
13  -9
6  5
9  6
10  -4
13  -7
12  1
11  -4
11  -10
10  1
10  1
10  0
12  0
9  5
10  -5
16  -3
15  -5
14  9
10  -1
12  -2
8  7
13  -4
9  5
13  -8
10  1
7  -8
12  -5
11  -10
13  -8
7  -8
9  3
10  0
12  -3
13  -8
10  0
10  -1
6  7
10  -2
12  -3
12  -4
11  -9
5  -6
11  -6
12  -1
9  4
14  4
11  -5
11  -7
11  -4
9  5
10  -2
14  6
7  -6
9  6
13  -4
15  0
10  -1
9  5
12  -5
14  4
9  4
12  -4
7  -5
7  -5
11  -8
13  -7
14  9
12  0
13  -7
11  -4
11  -7
10  -3
7  -6
12  -4
12  -5
15  -2
11  -6
15  -5
14  7
12  -3
9  3
8  8
11  -4
9  4
14  4
16  -4
6  2
11  -7
14  9
9  8
15  -3
8  4
15  -3
9  4
11  -6
10  -3
11  -6
8  8
6  3
8  3
12  -1
8  3
13  -6
14  4
14  10
8  4
6  2
10  1
6  8
10  -2
17  -2
13  -7
7  -8
16  -3
19  -5
11  -8
5  -1
14  4
12  0
6  8
17  -4
13  -10
8  7
10  0
14  7
8  7
8  8
11  -7
10  0
9  5
16  -8
12  -5
9  4
11  -10
10  1
11  -8
9  8
15  -3
13  -9
10  -4
12  1
12  -1
7  -10
9  7
11  -6
9  8
12  1
11  -10
12  -4
10  0
10  -5
12  -4
12  -1
9  5
12  0
12  1
10  -1
11  -5
15  -2
7  -10
12  -2
8  5
8  6
12  -1
13  -7
9  4
9  6
11  -10
9  5
7  -8
14  4
8  6
12  -3
10  -1
9  6
13  -9
11  -4
12  -1
8  4
9  7
7  -8
12  -4
12  0
9  3
6  6
9  3
11  -9
12  -1
11  -5
10  -2
13  -10
13  -4
11  -8
7  -4
13  -5
12  0
6  7
14  4
9  6
11  -6
12  -5
8  5
9  9
9  8
13  -4
16  -6
9  4
15  -5
9  6
12  -5
10  0
9  7
16  -5
15  -3
13  -8
11  -5
13  -6
8  7
8  4
14  4
7  -9
12  -5
14  4
12  -2
12  -5
4  -2
12  -2
10  -2
13  -7
4  -4
8  6
8  5
10  -2
12  -2
11  -10
10  -5
13  -10
7  -6
10  0
12  0
12  1
15  -6
14  4
9  4
8  4
15  -4
14  7
11  -6
12  1
12  -2
11  -9
12  1
14  4
12  -5
10  -4
12  -2
14  10
8  8
8  8
11  -6
17  -6
12  -1
13  -8
8  7
12  -2
11  -7
8  5
11  -8
9  3
10  -4
9  7
5  -4
13  -9
10  0
12  -5
12  -1
11  -5
10  -1
7  -4
13  -6
14  7
14  9
10  -5
11  -7
14  8
11  -9
10  -5
9  3
10  -2
9  3
14  8
11  -10
14  10
13  -7
10  -3
17  -2
6  4
13  -6
8  4
12  0
14  10
8  6
11  -10
15  -3
9  3
14  7
8  7
10  -1
12  1
9  5
13  -5
9  5
19  -3
12  -4
12  -1
15  -3
10  -2
12  -3
8  7
10  -1
16  -6
8  9
11  -7
11  -10
7  -10
12  1
12  1
6  4
16  -9
11  -6
14  4
10  1
12  -1
15  -1
11  -4
13  -8
11  -5
7  -4
10  -4
15  -6
9  4
10  -5
8  5
14  10
10  -2
9  5
8  3
12  -4
9  5
6  7
16  -5
11  -7
12  -5
6  5
6  3
12  -1
12  -5
14  4
9  6
18  2
11  -7
12  -3
7  -5
13  -9
5  -1
12  -5
10  -5
12  -2
7  -7
16  -7
8  4
9  8
13  -4
14  4
8  7
10  -5
9  8
