10  1
13  -3
10  -1
11  -8
7  -3
8  -5
13  -3
10  -1
11  -7
14  2
9  4
11  -7
10  -1
11  -7
14  4
11  -6
10  1
14  4
10  1
9  4
7  -4
12  6
7  -3
7  -2
9  5
11  -7
8  -6
7  -4
6  -6
13  -3
13  -5
9  3
12  5
8  -6
10  0
8  -7
11  -6
9  5
11  -8
10  0
10  0
14  4
12  6
11  -7
7  -3
11  -8
12  7
10  -1
13  -3
11  -8
10  1
11  -8
13  -3
11  -6
13  -3
13  -3
6  -6
9  3
13  -5
9  3
14  2
11  -8
8  -7
5  -5
8  -5
16  1
9  5
6  -7
11  -7
12  6
9  5
11  -8
7  -2
13  -3
9  4
13  -5
10  0
7  -4
10  1
10  -1
14  2
10  -1
12  5
8  -7
9  4
6  -8
12  5
12  7
13  -5
14  4
11  -8
8  -6
9  3
12  5
12  6
9  4
11  -7
8  -5
10  -1
12  5
9  5
10  1
10  0
15  -6
13  -4
5  -6
9  4
11  -6
14  3
9  5
7  -2
10  1
8  -5
15  -6
9  3
10  1
11  -7
13  -4
12  7
7  -3
11  -8
10  0
11  -7
14  2
12  7
8  -6
7  -4
8  -7
15  -5
12  6
10  -1
8  -6
7  -3
15  -6
14  2
8  -5
12  5
10  1
6  -7
9  5
8  -5
10  1
7  -3
9  4
11  -7
7  -4
16  -1
11  -6
9  5
7  -4
16  -1
11  -6
9  3
14  3
10  -1
10  0
12  7
9  4
6  -6
9  5
7  -2
8  -5
8  -5
7  -3
6  -8
11  -6
14  3
8  -6
12  5
11  -6
14  4
11  -7
14  3
12  7
13  -5
9  4
11  -6
13  -4
10  0
12  7
11  -8
12  5
6  -6
14  2
9  4
8  -5
12  7
7  -2
9  5
10  -1
12  7
10  1
9  5
13  -5
14  4
15  -6
9  4
12  6
10  -1
8  -6
9  3
10  1
4  1
5  -5
11  -7
9  3
10  0
11  -7
9  5
10  -1
12  7
13  -5
10  0
10  -1
9  4
10  -1
8  -6
11  -6
12  6
7  -3
12  6
7  -3
8  -5
11  -6
6  -8
9  5
8  -7
13  -5
17  -7
6  -7
8  -5
13  -4
11  -7
8  -5
9  3
8  -7
7  -4
10  0
12  5
8  -6
11  -7
9  5
9  4
8  -6
14  3
10  0
7  -4
11  -8
12  5
12  6
11  -7
14  3
14  3
8  -5
10  0
9  4
8  -7
9  4
13  -5
10  -1
7  -4
8  -5
10  -1
12  7
9  5
11  -6
8  -7
13  -5
4  3
8  -5
8  -5
9  3
14  3
13  -5
11  -7
5  -6
7  -2
10  -1
10  1
8  -5
8  -5
8  -7
11  -7
9  4
7  -4
7  -2
10  -1
13  -4
12  6
14  2
9  4
9  4
11  -7
8  -7
16  1
8  -6
8  -6
7  -3
10  1
5  -5
6  -7
8  -6
12  6
9  4
14  4
12  5
8  -6
14  3
10  -1
12  5
11  -8
14  3
8  -7
11  -7
12  5
10  0
7  -3
11  -6
8  -7
12  5
11  -7
14  3
6  -8
11  -6
9  4
10  1
11  -7
12  6
13  -4
13  -3
11  -7
10  1
12  6
10  -1
14  2
9  5
11  -6
10  1
11  -6
6  -6
8  -6
13  -5
9  3
15  -4
10  -1
12  5
9  4
9  5
9  3
8  -7
6  -6
8  -7
10  -1
12  7
10  0
10  0
11  -6
13  -3
14  3
8  -7
13  -5
8  -5
7  -4
12  5
8  -6
13  -4
13  -5
6  -6
9  4
13  -4
10  1
9  4
12  7
12  7
5  -5
9  4
10  0
7  -4
7  -4
14  2
7  -2
10  -1
14  4
14  4
8  -7
9  5
9  4
9  5
8  -5
9  4
9  4
7  -4
8  -7
9  4
8  -5
11  -7
8  -5
12  5
9  4
9  3
18  -1
12  7
9  5
6  -8
14  2
8  -5
10  -1
12  5
9  5
10  -1
11  -6
10  -1
13  -4
12  5
14  2
12  5
8  -7
13  -3
7  -2
9  5
14  3
10  -1
11  -6
12  5
12  6
12  6
8  -6
8  -6
7  -2
10  1
7  -4
9  3
7  -2
11  -6
13  -4
10  0
16  -1
9  5
12  5
11  -8
9  5
7  -3
10  1
10  1
9  4
8  -5
12  6
11  -7
7  -2
7  -3
13  -4
6  -8
13  -5
11  -8
16  -1
7  -2
8  -6
12  7
17  -6
6  -7
7  -2
14  2
11  -6
8  -7
7  -3
8  -6
9  5
8  -5
9  4
7  -2
8  -5
8  -5
11  -6
13  -3
14  4
10  -1
12  7
7  -3
11  -6
11  -8
11  -6
12  5
10  -1
12  5
11  -7
15  -4
9  3
12  6
12  7
6  -6
11  -6
8  -6
13  -4
9  4
13  -5
8  -6
9  3
13  -5
8  -6
11  -7
10  1
10  -1
10  0
9  3
9  3
11  -8
7  -4
10  0
5  -4
14  3
14  4
11  -8
7  -2
12  5
14  4
12  5
11  -8
12  7
7  -4
13  -5
11  -8
8  -7
17  -7
10  0
13  -4
14  4
7  -3
11  -6
9  5
11  -6
10  -1
9  5
9  4
11  -6
12  5
13  -3
10  0
12  5
12  7
9  5
9  3
11  -6
11  -8
8  -7
11  -6
11  -6
11  -7
9  4
10  0
10  -1
10  0
12  7
10  0
10  0
12  7
12  5
14  4
4  1
14  2
15  -6
12  7
8  -7
13  -3
15  -6
9  5
8  -6
9  4
9  4
11  -6
10  -1
6  -6
16  0
6  -6
7  -2
12  7
11  -6
10  0
12  6
9  4
14  3
10  -1
11  -7
12  7
7  -3
10  0
13  -3
10  1
8  -6
8  -7
10  -1
12  7
7  -4
9  4
9  5
12  6
8  -5
8  -5
9  4
10  -1
12  5
13  -3
12  5
9  3
12  6
9  4
7  -2
13  -4
11  -7
8  -5
10  1
8  -7
7  -2
12  7
11  -7
9  4
6  -7
12  5
9  5
13  -5
8  -7
6  -6
17  -5
9  3
10  1
13  -5
13  -3
10  1
12  6
10  0
13  -4
11  -8
11  -6
10  -1
10  -1
10  -1
13  -3
13  -3
9  5
9  5
7  -4
8  -5
16  1
11  -6
9  5
8  -5
12  6
11  -7
11  -7
10  -1
12  7
9  4
10  -1
8  -7
9  4
13  -3
11  -7
11  -7
10  1
10  1
9  3
10  0
9  3
12  6
10  1
7  -3
10  -1
11  -7
14  3
10  0
12  6
8  -5
14  2
8  -6
12  7
12  7
7  -4
12  6
10  -1
9  4
8  -6
9  3
9  5
9  3
11  -7
11  -8
5  -5
9  5
12  6
5  -4
8  -6
8  -5
8  -5
7  -2
8  -6
9  3
8  -7
8  -7
8  -5
7  -3
9  5
13  -3
9  4
11  -7
8  -6
9  5
11  -7
11  -7
8  -5
10  1
7  -3
12  5
12  5
8  -6
11  -6
6  -8
8  -6
7  -2
12  5
13  -3
13  -3
9  3
7  -3
10  -1
12  6
13  -3
11  -8
9  3
4  1
10  -1
11  -7
8  -5
10  0
12  5
8  -7
9  4
7  -2
12  6
12  7
9  4
10  1
8  -7
8  -5
14  2
11  -7
8  -5
9  3
9  5
10  -1
12  5
7  -3
11  -8
10  1
14  4
13  -3
12  6
9  3
10  -1
10  0
11  -6
11  -6
8  -5
10  0
12  5
11  -8
3  2
13  -5
9  3
9  3
10  1
15  -4
11  -6
9  5
11  -8
4  1
15  -6
7  -2
10  0
13  -5
10  1
11  -8
13  -3
8  -6
9  3
17  -7
8  -6
12  7
12  6
16  0
12  6
8  -7
13  -3
10  0
12  5
16  1
12  5
9  5
10  -1
9  5
8  -7
9  5
7  -3
12  7
7  -3
12  5
15  -4
12  6
12  6
10  0
8  -7
13  -5
12  5
10  -1
11  -8
7  -4
16  1
10  1
8  -5
13  -4
9  3
10  -1
8  -7
16  0
12  6
6  -7
11  -7
12  7
10  1
9  3
9  3
8  -5
9  3
11  -6
7  -4
10  1
8  -7
5  -5
13  -5
6  -8
14  3
13  -4
13  -3
7  -4
9  4
10  0
8  -7
12  5
12  7
9  5
12  7
13  -3
7  -3
14  3
8  -7
12  5
9  4
7  -4
9  5
11  -7
11  -7
11  -8
8  -6
11  -7
7  -3
7  -2
7  -2
10  -1
11  -8
13  -5
16  -1
10  -1
7  -3
7  -3
14  2
18  -1
13  -5
5  -4
13  -3
7  -4
12  7
9  4
12  7
10  1
9  4
14  2
7  -2
10  -1
15  -6
7  -4
10  1
13  -5
9  4
9  5
8  -7
9  4
12  5
11  -8
5  -5
12  5
11  -7
9  4
6  -7
12  6
10  0
10  0
14  3
14  3
8  -6
12  7
9  3
10  1
9  5
15  -5
9  4
7  -2
9  4
12  5
12  7
8  -7
11  -6
11  -7
13  -4
10  1
12  5
13  -5
10  0
10  1
13  -4
13  -4
15  -4
10  0
10  -1
16  -1
7  -4
10  1
12  7
12  5
6  -8
14  4
8  -7
9  3
9  4
13  -4
10  1
10  1
7  -3
11  -6
10  -1
11  -8
15  -5
11  -6
12  6
6  -6
13  -5
11  -8
9  5
11  -8
7  -2
10  -1
11  -8
11  -7
12  7
10  0
9  3
9  4
11  -6
8  -7
6  -6
11  -8
7  -3
10  -1
11  -6
10  0
11  -6
11  -8
9  5
12  7
11  -6
9  5
9  5
11  -8
10  0
12  7
11  -7
8  -5
9  3
7  -4
9  4
12  6
10  1
14  4
14  3
9  3
10  -1
7  -4
8  -7
11  -8
6  -7
8  -7
10  -1
8  -5
