16  1
18  5
19  2
18  9
16  2
19  -1
19  -2
18  11
18  11
17  1
18  7
19  -3
17  2
18  6
20  2
17  -1
18  11
19  3
18  7
18  5
18  11
17  1
16  6
15  -2
15  -1
18  8
18  6
19  -2
16  4
19  4
20  -4
20  -6
16  6
17  0
14  -3
15  -2
16  7
18  6
17  -1
18  9
18  7
15  1
19  -2
21  -9
16  7
21  -2
17  -3
21  -10
15  -1
19  3
15  2
20  0
17  -2
17  -3
20  1
21  -9
19  -3
19  -4
19  -1
20  2
20  -4
19  2
18  3
14  2
19  -1
13  -4
16  5
19  3
18  4
18  10
16  7
19  -3
18  4
19  2
15  0
19  2
18  5
19  0
15  -1
16  2
17  -1
19  -4
14  -1
18  8
15  2
16  7
16  8
14  2
17  -1
20  2
17  -3
19  -1
19  4
16  0
17  -1
14  2
17  -5
19  2
19  -4
20  0
18  5
15  -2
17  -3
15  -6
19  -3
21  -6
17  1
19  -4
16  0
19  1
18  8
19  -2
20  -6
20  -3
17  -1
19  -1
15  2
17  3
18  4
19  0
18  5
20  2
17  -3
19  -3
17  0
16  6
19  1
18  4
19  -1
18  4
17  1
16  4
18  7
17  -3
15  -2
15  -3
20  -6
17  0
17  -2
18  4
19  -1
19  4
15  1
17  -1
18  9
19  -1
21  -6
15  0
19  -1
16  3
19  4
19  3
18  10
21  -8
19  4
20  -1
21  -4
18  11
19  -4
18  3
19  -1
16  1
17  -2
17  -1
17  2
19  -4
16  2
18  9
20  -1
16  5
16  7
19  0
20  -6
19  -4
17  0
13  -7
18  3
16  2
19  0
15  -1
19  -2
16  3
17  -4
17  -2
16  2
20  0
20  1
18  4
19  -3
18  8
18  4
14  -5
18  10
18  5
14  -3
17  -5
17  2
20  -3
15  1
17  0
17  0
18  5
15  0
17  0
18  9
18  8
16  3
19  1
18  5
21  -7
18  8
17  0
19  -3
13  -6
16  8
20  -2
20  2
17  0
17  0
16  3
17  -5
18  3
18  6
18  8
20  -3
17  2
20  0
18  6
19  -4
16  6
20  -2
18  8
14  0
19  -2
16  4
19  1
17  2
17  -2
16  0
17  -4
17  -4
18  11
18  5
19  -3
16  3
18  10
14  -3
15  -1
19  3
20  0
16  0
14  2
18  6
17  3
20  2
18  6
17  0
17  0
20  -1
17  -3
16  3
18  7
17  0
19  0
17  3
19  3
19  0
19  0
16  4
16  1
20  -6
15  1
17  0
16  3
16  3
15  -5
18  3
16  2
16  8
16  4
18  11
16  2
19  -3
20  -2
16  7
16  7
21  -9
19  -4
18  8
14  1
19  2
12  7
18  10
19  4
19  3
18  6
19  -2
20  -5
16  5
19  -4
18  10
18  6
18  11
16  7
18  5
18  8
17  3
17  -1
16  5
18  4
17  -4
18  8
19  4
18  8
18  11
15  2
19  4
21  -2
18  5
19  -2
18  4
16  6
18  9
16  3
18  10
20  -1
17  0
19  0
21  -10
17  -4
18  6
16  6
17  -3
20  2
17  0
16  3
17  -1
17  2
20  1
19  0
19  2
18  8
17  2
18  6
16  1
19  1
20  -4
18  8
13  -9
18  8
19  1
14  0
16  8
16  8
19  -3
19  -3
20  -4
21  -10
19  4
18  5
20  -1
20  1
17  -3
17  1
17  -4
19  3
19  -4
17  3
14  -5
16  8
17  2
21  -6
20  1
18  6
17  3
19  2
15  -5
20  -5
20  2
16  4
19  0
20  -3
18  3
18  8
18  6
18  7
21  -3
15  -6
16  6
16  1
17  -2
18  7
19  -3
20  -6
19  2
14  2
19  -4
19  -4
16  8
18  8
18  7
17  3
19  -1
18  4
18  6
17  -4
17  2
19  -2
19  -1
17  -4
19  2
17  -4
18  8
19  4
16  1
18  9
18  6
16  8
18  4
18  4
15  -2
16  5
20  -4
18  10
20  -1
18  7
19  0
18  11
19  2
17  2
15  -2
18  3
19  1
19  1
16  4
17  3
19  -1
18  3
18  5
19  1
19  4
21  -9
17  -2
18  9
15  -3
17  3
15  -6
20  0
19  -2
19  -1
18  11
17  -4
19  -4
17  -3
18  10
18  8
16  8
18  11
20  0
18  7
19  -2
19  -2
18  8
19  -2
17  2
17  2
18  4
20  -6
17  -3
20  -6
15  -5
17  -2
18  3
18  6
17  -4
15  -3
19  1
17  2
20  0
20  -2
19  0
19  0
19  0
15  1
17  -4
17  -5
16  7
18  8
18  4
18  11
20  2
17  1
14  2
16  3
19  -1
19  1
20  -5
15  -1
18  3
17  2
16  3
18  5
18  8
20  0
17  -2
15  -4
16  8
19  -4
19  0
18  6
20  -6
18  10
20  -3
20  0
20  2
17  -4
19  -4
16  3
19  -2
17  -2
19  -1
18  4
19  -4
21  -4
15  0
17  -3
17  -1
20  1
15  -4
18  9
17  -5
19  2
21  -9
17  -3
17  3
15  -6
18  7
18  5
19  -4
20  0
20  -5
19  1
17  -4
15  -1
18  5
15  -4
15  1
14  -4
20  0
17  -3
17  -2
19  1
17  -2
20  1
20  -4
18  3
19  -3
19  1
20  0
18  4
16  7
18  7
18  10
16  1
16  0
16  4
17  -4
15  -6
19  2
15  2
18  4
18  6
19  2
20  -5
16  8
18  3
21  -8
17  -2
20  -3
20  2
18  5
19  -3
18  6
18  4
17  -2
19  1
14  0
16  8
18  10
20  -3
20  2
17  -5
18  10
18  9
19  -1
19  -4
20  -6
19  1
19  1
18  6
18  7
20  -4
17  -2
18  4
13  -3
19  0
20  -1
16  0
17  -3
16  2
19  2
19  -3
16  3
16  8
21  -6
18  7
20  0
17  -1
19  0
16  5
15  -2
18  5
18  3
18  11
19  3
18  9
17  0
20  -2
17  -3
17  -1
21  -3
19  -2
20  -1
19  4
17  -4
16  8
19  2
19  -1
18  6
19  2
18  7
19  0
21  -9
20  -5
17  -3
18  10
14  3
21  -10
16  8
17  -5
18  8
16  2
20  -3
17  0
18  4
18  8
17  0
19  4
17  0
19  2
19  2
14  0
19  -2
19  -4
19  -3
17  -4
18  9
17  1
20  2
18  9
20  -2
20  -2
19  -2
18  4
17  0
17  -5
18  7
15  -5
19  -3
21  -5
20  1
17  0
16  7
19  4
16  8
19  -2
18  3
19  1
17  3
17  1
20  -1
18  9
20  1
19  -2
17  1
20  -1
14  1
17  2
17  -5
17  -1
19  2
20  -1
17  -2
16  1
15  -6
15  0
19  0
15  -5
19  4
15  -5
19  4
18  10
18  5
20  -2
21  -4
17  -1
17  -4
18  11
18  8
15  -4
17  3
17  -4
19  -4
15  2
16  0
18  8
20  1
16  2
15  -6
16  3
19  1
17  0
17  -1
18  9
18  7
15  2
19  -2
18  8
19  -4
17  -4
17  3
21  -2
18  8
20  -4
20  -1
18  6
16  2
21  -9
18  7
16  7
16  1
18  7
15  2
18  6
18  10
18  10
19  4
18  9
17  -1
16  8
18  3
21  -7
16  4
19  4
16  1
13  -3
20  -3
20  -5
17  2
19  -1
19  0
20  -4
19  -4
17  -1
21  -8
19  0
19  3
15  -5
16  4
19  0
19  0
17  0
19  0
19  3
17  2
20  1
19  -1
19  -3
19  -2
19  0
17  -2
18  7
18  4
17  -5
15  -3
16  7
18  8
20  -4
15  -3
19  4
18  9
17  -5
19  1
14  -2
17  2
16  3
16  7
18  6
20  -2
20  1
15  -4
18  11
17  3
19  -2
19  0
19  3
16  8
18  5
17  -1
19  2
19  -1
16  4
18  3
19  2
19  -1
17  -4
18  4
18  9
20  2
19  3
18  11
17  2
17  2
17  -5
18  7
17  2
15  1
19  4
20  2
17  2
18  9
19  0
20  2
19  0
20  -2
17  -3
18  9
19  -3
18  4
16  6
15  -6
17  -4
17  3
17  3
17  -4
19  -3
14  -3
13  -3
16  0
17  1
16  8
18  3
20  0
18  11
20  -1
18  4
17  -2
16  4
18  9
18  4
19  -4
18  11
18  6
19  3
20  -2
19  2
17  -5
15  0
18  5
18  5
17  -5
20  -5
19  1
14  -2
16  7
17  -3
17  1
17  -5
15  -3
16  4
20  -5
20  0
18  4
19  1
17  3
14  -1
18  10
17  0
19  0
16  4
17  1
20  -6
15  -6
17  -4
14  2
18  10
19  -2
15  0
15  2
18  3
19  4
19  -2
19  -2
15  -3
17  2
19  0
18  10
16  2
20  -4
16  2
18  10
15  0
15  -4
19  -1
15  2
19  -1
19  0
19  -3
17  -2
20  -2
16  2
19  1
21  -6
17  -4
20  -5
17  -1
19  1
20  -3
19  -4
19  -3
16  2
14  1
17  -4
18  11
16  2
18  11
21  -9
16  8
13  -10
19  0
17  0
19  -2
18  8
15  1
18  9
19  0
20  0
15  -3
21  -9
18  6
17  2
17  2
17  -3
17  3
18  3
19  3
19  -1
18  3
17  -5
16  6
20  -5
15  1
16  6
16  4
14  2
18  6
17  3
17  2
19  -4
15  -5
15  -4
16  6
17  -4
17  3
19  3
18  6
18  8
12  5
18  3
20  -6
17  0
18  8
17  0
18  6
20  2
20  -1
19  2
20  0
19  -3
17  -2
