22  3
20  -5
23  -2
17  1
21  7
20  0
23  -8
21  8
18  -9
16  -10
21  -2
18  -10
21  3
25  -10
23  2
20  -5
23  -6
20  -8
17  -9
19  5
19  10
21  11
21  1
20  -14
21  11
17  1
18  -1
15  2
22  6
23  -3
21  -2
17  -10
15  9
22  3
22  9
20  -6
19  8
19  13
22  0
23  5
18  -10
21  2
21  2
23  -6
21  -3
18  3
19  -1
21  11
21  0
20  -14
18  -4
21  -2
20  -5
17  0
20  -4
21  8
12  3
21  5
17  -13
19  2
16  -4
17  -13
13  -10
23  -7
20  -7
19  0
20  -4
22  -1
22  -2
20  -8
20  -8
14  8
22  -2
22  7
19  8
12  2
24  -12
22  6
23  -1
20  -7
19  7
20  -10
22  -2
24  -5
23  -7
22  6
23  0
19  10
14  12
21  6
20  0
18  -8
19  4
22  0
20  -14
21  -1
22  9
21  11
22  -1
20  -4
22  -2
20  0
23  -2
19  12
18  -2
18  4
20  -7
22  2
21  8
22  7
23  -7
20  -8
19  4
21  7
24  -10
16  -3
21  9
21  4
19  -1
24  0
21  0
22  -5
24  -11
19  3
17  -12
20  -10
12  3
28  2
19  12
17  -9
21  5
19  4
23  -4
20  -14
18  2
20  -7
23  -3
20  -6
21  2
23  1
25  -11
15  2
17  0
15  6
18  3
24  -6
16  -3
16  -6
21  1
18  -5
23  -4
21  1
19  3
20  -5
25  -7
23  0
18  4
14  8
23  -2
23  -2
22  -5
20  -6
21  9
17  -1
19  8
20  -8
21  0
22  -1
21  10
20  -6
20  -6
12  -4
16  -10
20  -7
27  -4
21  4
24  -1
17  -2
18  2
18  -7
21  6
18  -4
22  -5
17  -8
21  0
17  1
29  -1
23  -3
21  8
21  7
18  -7
20  -4
18  4
25  -14
23  -7
25  -7
21  1
17  -12
18  -5
17  -2
19  2
23  -7
23  4
19  10
23  5
20  -6
19  13
30  -2
19  13
22  5
16  0
20  -3
21  2
16  -9
18  3
22  -1
25  -7
20  -13
23  -4
16  -2
24  -3
19  10
23  -7
17  -6
21  0
22  1
19  4
23  -6
20  -6
19  8
19  12
24  -5
18  2
21  7
20  -2
24  -11
21  7
19  1
22  4
19  3
21  4
23  -3
20  -12
19  11
19  6
20  -14
17  -7
18  -8
20  -5
19  5
21  -2
17  -11
23  2
22  2
14  -2
21  9
20  -5
21  7
20  -3
18  -5
20  -2
19  -1
20  -1
24  -8
24  1
18  2
17  0
19  1
22  3
17  -1
21  -1
19  0
18  0
19  3
19  11
24  -4
18  -6
24  -11
18  -10
18  -5
19  5
20  -3
21  -1
17  -4
21  3
24  -12
24  2
21  -2
19  4
24  -8
21  9
23  3
18  4
22  3
24  -3
23  -2
20  -1
20  -3
26  2
19  2
17  -12
24  2
19  2
20  -9
20  -2
19  12
20  -14
21  -1
21  -3
19  6
22  1
23  -7
13  -11
30  -11
21  -1
20  -3
24  -12
21  5
22  3
22  4
22  3
16  -11
17  -2
22  5
19  0
17  -9
21  8
22  3
25  -11
23  -2
21  8
23  5
16  -3
22  8
18  -3
19  12
21  9
27  -5
16  -3
21  9
21  0
21  8
16  0
24  -2
15  8
23  2
18  -1
21  2
25  -12
24  0
26  -1
25  -4
22  5
18  -8
24  -5
21  9
19  -1
18  -3
18  -8
19  0
18  -4
20  -8
19  3
23  -3
19  2
28  1
18  -10
22  3
18  4
20  -3
26  -6
23  -4
23  -2
17  1
23  -4
24  -9
19  3
21  -2
17  0
16  1
20  -13
20  -7
19  -1
21  3
20  -14
19  -1
18  -10
21  11
19  10
19  8
23  -6
22  3
17  -5
15  9
24  -2
23  -3
18  4
25  -2
17  -2
20  -9
20  -8
23  -8
19  -1
19  4
20  -3
24  0
23  -1
20  -4
22  2
22  4
23  5
18  -9
21  8
16  -7
23  0
26  2
16  -3
19  1
19  5
20  -6
20  -4
21  -1
22  0
17  -10
25  -3
20  -8
14  2
23  -2
21  10
22  -4
23  2
19  4
21  0
21  -1
23  -5
19  3
23  4
18  0
24  1
21  0
19  0
19  4
22  -1
21  0
24  -1
22  6
19  0
20  -2
22  5
24  -12
22  -5
22  2
16  3
23  -3
25  -1
18  0
20  -12
19  8
19  6
26  -8
22  -1
21  6
19  11
20  -2
23  3
20  -1
17  -10
22  8
15  6
14  7
17  -10
21  9
20  -9
19  5
22  -1
19  11
23  -1
20  -13
17  0
21  11
19  3
18  -6
22  -5
20  -9
20  -2
21  8
18  -6
16  -10
19  3
16  3
19  10
15  4
19  0
17  -6
20  -5
22  -3
17  -10
27  -3
21  6
20  -2
16  2
20  -2
22  3
24  -11
25  0
21  5
17  1
22  0
20  -2
19  12
22  7
20  -13
23  -1
18  1
23  -3
25  -2
20  -4
14  4
22  1
21  4
19  2
24  -12
28  2
22  0
20  -4
21  2
16  -5
22  2
18  0
25  -12
18  -7
24  -8
18  -1
18  -7
17  -4
21  -2
22  -5
19  1
23  -1
20  -7
22  -3
20  -5
20  -11
23  -1
22  -1
18  3
20  -7
18  -2
22  -3
18  1
21  -2
21  8
16  -7
23  2
21  11
18  3
21  -2
25  -13
26  -5
15  0
21  -3
22  -2
18  -6
20  -8
20  -9
17  1
25  -14
16  -10
20  -14
23  -2
18  -2
20  -4
25  -12
15  2
21  0
23  2
19  13
23  5
19  7
21  2
16  3
25  -13
17  -4
17  -11
23  -8
22  2
20  -3
19  11
23  5
19  -1
18  -1
17  -8
21  5
23  1
17  0
18  -6
20  -13
19  0
17  -7
21  9
25  -10
17  -13
16  -10
20  -1
19  10
19  1
24  -2
17  -8
18  -8
17  -1
18  -3
21  3
22  -5
16  -11
21  3
21  1
21  2
19  3
19  5
18  -5
19  7
21  8
20  -1
19  4
19  11
24  2
15  6
24  -8
17  -6
21  -2
16  -6
22  9
15  1
16  -10
21  -3
24  -8
24  -7
15  6
19  2
18  -9
15  1
17  1
18  -5
20  -6
17  -11
18  -2
21  11
20  -7
20  -6
19  6
25  -2
19  1
21  1
18  -10
18  -2
17  1
17  -3
24  1
23  4
21  1
23  0
20  -6
22  9
23  -5
21  3
21  8
18  -9
21  6
23  1
23  -3
24  -7
19  11
21  10
21  2
21  -2
19  10
22  9
19  8
19  5
15  1
18  -6
15  3
18  -5
19  12
19  6
15  6
23  -6
23  -5
27  -7
19  8
18  1
19  6
22  2
19  3
17  -5
26  4
18  -8
19  13
19  5
19  1
20  -2
15  -2
21  -2
23  1
22  -1
19  1
20  -2
23  4
17  0
21  0
17  0
18  -5
17  -6
21  10
22  1
19  5
17  -1
17  -3
25  -10
27  -4
21  -2
24  -11
23  -6
13  -8
20  -1
20  -14
24  2
25  -6
22  -3
17  -11
20  0
16  -7
20  0
16  -9
19  2
16  -1
21  11
20  -7
22  8
21  0
21  -2
21  1
21  3
17  -3
24  -8
20  -5
18  -9
21  -2
20  0
20  -1
21  11
17  -9
22  -4
23  -7
24  -12
24  -3
19  2
12  -3
18  -10
22  -3
21  10
27  -1
23  -5
25  0
16  3
23  0
17  -9
19  12
17  -9
16  -4
24  -12
21  6
20  -1
21  11
22  -5
25  -6
23  6
20  -6
21  1
19  5
23  3
20  -8
16  -7
26  1
21  6
21  3
22  7
15  6
24  1
22  -5
17  -11
23  -6
16  1
22  9
22  -1
13  -11
19  10
19  11
23  -5
19  5
22  7
24  1
24  -8
18  -4
19  1
20  -7
23  -6
20  -11
15  5
17  -13
22  -2
24  -9
19  2
19  -1
19  5
21  8
23  6
19  4
20  -1
20  -10
19  6
27  -5
21  8
17  -10
21  1
22  -5
23  -6
15  4
18  -4
18  -1
21  9
16  -1
21  8
20  -6
19  10
14  3
19  -1
21  3
21  1
18  -4
21  10
23  3
22  -1
24  -8
18  -2
21  -2
22  -4
19  3
21  -2
21  11
19  10
26  0
20  -7
23  4
19  -1
24  -3
24  -1
27  -3
18  -4
25  -1
21  4
19  10
20  -1
22  5
21  0
24  -4
23  -5
24  0
20  -9
22  -5
21  -2
22  -3
18  -4
24  -9
18  -4
22  3
23  -6
21  11
15  -3
20  0
21  6
22  -5
18  2
15  -3
20  -2
26  -4
22  9
22  9
20  0
19  7
15  7
12  -3
21  1
15  2
20  -2
26  1
17  -11
17  0
27  -2
18  -5
17  1
18  -3
18  -3
19  9
19  1
22  5
24  0
18  -6
25  -13
23  5
19  12
25  -14
16  -7
19  12
23  5
21  -1
20  -2
18  4
21  5
24  -4
18  -10
20  -8
22  -4
17  -9
22  -5
16  -7
23  -7
24  -6
17  -6
22  9
20  -12
18  -4
18  -10
24  -6
20  -6
25  -8
19  13
20  -3
22  5
20  -9
20  -3
25  -6
22  6
22  9
19  10
16  -7
24  -10
19  4
21  8
17  -9
15  -2
21  10
18  -3
16  3
23  -6
20  -14
25  -14
20  0
23  -3
19  4
23  6
18  2
19  -1
20  -9
22  6
20  -3
21  6
21  -2
18  -6
13  -7
18  -2
21  11
24  2
20  -12
18  -3
19  0
20  0
19  1
21  8
23  -8
19  8
18  -9
22  0
24  -10
22  -2
15  0
20  -3
19  8
17  -4
22  3
16  -5
27  -4
20  -9
25  -14
20  -13
23  -8
22  -5
21  -2
22  4
23  -2
