21  -2
19  7
24  2
18  3
24  -5
18  4
21  6
22  11
23  3
19  2
26  2
22  7
17  2
17  8
25  4
22  3
22  4
17  -2
17  -2
20  -3
19  4
23  13
20  -4
20  -6
24  -4
22  7
23  10
19  13
22  9
23  8
21  6
20  -11
19  2
21  7
21  -4
28  -2
21  6
21  0
22  1
20  -12
23  3
23  4
20  -7
27  -2
21  4
25  -2
23  10
22  7
18  6
25  7
22  3
20  -13
21  2
17  3
17  3
23  9
25  7
31  3
23  3
20  -9
20  -1
19  9
15  -5
18  4
16  -2
26  3
24  -5
26  9
25  4
21  -1
19  2
21  4
18  0
20  -12
23  13
24  0
22  0
22  9
22  3
23  8
17  6
25  -4
19  13
20  -4
23  3
26  2
20  -12
17  -1
22  3
27  -5
22  0
21  8
11  -1
25  -2
21  -1
17  -1
20  -10
19  13
18  -1
20  -5
18  1
26  7
21  4
21  1
24  -2
22  10
25  -3
22  8
23  1
19  3
24  6
17  9
20  -3
20  -10
22  7
20  -10
22  5
21  7
17  -2
22  3
23  4
23  5
20  -9
18  2
21  3
21  3
19  5
17  4
20  -1
23  4
22  0
20  -2
21  -2
21  -4
13  2
22  5
19  9
22  12
21  -1
25  -4
22  2
19  11
24  -2
23  12
23  12
23  10
24  -5
21  8
22  1
22  9
16  -2
20  -2
22  3
16  -8
19  10
20  -13
21  3
20  -8
23  10
24  6
23  10
22  8
24  -6
21  -3
28  -4
17  5
21  -1
23  10
19  1
25  0
17  -2
21  -4
20  -10
21  6
16  -11
21  8
16  -8
21  -1
23  4
20  -3
20  -12
21  0
19  1
28  1
25  0
23  9
21  3
19  6
20  -11
19  13
18  7
23  7
23  12
19  8
20  -6
21  -2
19  10
20  -9
25  5
21  1
24  6
22  9
21  7
24  3
21  -1
23  4
24  -3
27  0
18  6
20  -5
21  1
22  8
21  6
15  1
20  -4
19  2
23  11
19  1
26  0
17  7
22  6
24  1
19  13
24  -4
21  6
22  7
21  4
19  3
19  11
15  4
20  -4
19  6
20  -11
21  5
21  1
16  -10
19  3
23  12
12  -5
17  4
21  4
22  6
20  -7
27  -3
17  -2
21  -4
25  0
25  2
20  -1
22  0
21  3
21  5
22  6
17  0
17  9
21  5
21  3
19  9
21  4
18  5
15  1
17  1
21  -2
26  11
21  -4
20  -10
21  4
20  -8
20  -4
16  -8
22  12
22  5
15  -3
19  8
18  1
21  4
21  7
18  4
23  12
21  4
20  -9
18  1
18  3
18  6
23  11
13  7
18  -3
20  -1
21  8
21  -1
14  -2
18  1
22  2
24  4
21  -2
16  -6
21  2
22  7
25  4
23  2
19  12
23  10
21  3
27  -7
23  3
24  -3
12  -1
20  -11
22  6
23  9
19  3
23  10
24  0
17  10
20  -12
21  4
18  0
15  4
21  2
20  -6
13  9
20  -3
24  1
18  -1
19  2
19  4
21  -2
18  4
25  -2
23  10
21  -3
22  0
24  6
15  1
23  2
23  9
21  3
21  6
22  10
21  -4
11  -1
22  11
21  6
20  -7
20  -13
23  2
20  -6
15  1
15  -6
20  -3
21  -2
21  0
16  -10
15  -5
15  -7
18  5
24  -3
18  3
21  4
15  4
19  3
23  9
24  -2
21  -4
17  0
20  -1
20  -12
19  10
20  -12
22  7
23  11
24  4
16  -7
21  2
25  4
19  11
20  -9
19  1
16  -8
22  2
20  -3
20  -13
22  9
22  2
22  10
17  9
19  3
18  0
22  5
24  1
22  3
21  8
22  11
18  1
25  -1
25  -4
21  -1
15  -2
22  0
18  3
18  -2
20  -9
23  6
23  4
26  11
23  7
19  4
21  1
22  11
17  3
19  3
19  1
25  -3
24  0
22  7
18  -1
23  2
22  9
20  -2
15  -2
23  5
19  3
19  12
19  8
25  -2
16  -8
19  5
23  2
18  6
22  2
15  -7
20  -2
23  7
19  9
26  7
20  -6
20  -3
24  -2
22  8
23  10
19  11
20  -4
20  -7
18  -1
23  5
26  11
21  -2
18  2
19  7
26  8
24  6
18  5
22  10
18  -4
24  1
20  -8
20  -2
19  11
21  0
17  5
20  -11
19  11
24  -1
20  -3
23  13
22  10
18  6
23  7
17  4
22  9
21  5
21  -4
18  4
17  -2
18  6
20  -1
22  0
19  10
23  12
23  5
20  -7
20  -7
20  -12
22  5
16  -9
22  4
20  -3
20  -1
26  1
22  0
21  6
24  0
16  -9
15  -3
20  -3
25  -3
20  -9
24  -3
20  -8
23  11
20  -8
23  10
25  -2
26  1
18  5
21  -2
20  -3
23  13
16  -2
20  -6
18  -2
17  1
16  -10
24  -6
19  12
19  13
21  6
19  1
20  -11
23  7
22  0
26  0
21  5
19  8
20  -13
18  7
24  1
19  6
23  8
21  1
21  7
21  0
18  3
17  3
20  -13
21  7
22  3
23  10
19  5
21  3
24  1
20  -7
21  -3
20  -10
23  10
24  -4
23  11
19  4
16  -7
24  0
19  13
20  -12
23  3
22  4
18  7
18  0
19  13
20  -2
20  -1
22  12
22  5
21  -1
26  6
14  6
20  -9
23  8
21  3
26  9
18  3
22  8
23  12
17  2
17  3
19  4
21  7
21  1
20  -5
22  12
17  6
20  -2
18  0
24  0
18  7
19  13
18  0
19  4
22  2
24  -3
21  7
21  4
22  8
25  -2
15  2
26  3
28  -1
23  6
20  -3
21  8
17  4
21  6
23  7
24  -5
23  10
16  -1
19  1
22  8
19  9
21  -1
16  -3
16  -4
19  3
21  3
18  2
17  10
19  3
22  10
17  0
20  -10
17  7
25  2
21  7
22  2
21  2
16  -4
20  -7
18  6
15  -5
17  1
22  9
18  7
19  9
23  11
22  11
21  -4
25  -3
16  -3
19  13
15  -3
21  8
19  9
22  1
20  -10
21  0
20  -13
22  11
20  -6
22  3
19  10
19  12
23  8
22  9
26  10
23  9
22  8
22  11
17  8
19  12
21  -4
20  -4
23  6
19  4
25  2
15  3
21  4
19  4
27  -8
22  8
21  1
23  1
19  6
24  1
18  1
21  8
21  -1
26  3
23  10
22  11
17  5
20  -10
19  2
18  2
24  1
19  13
24  3
19  3
21  5
24  4
19  2
21  -3
22  8
19  1
20  -7
21  -4
28  -2
18  -1
25  -1
16  -5
22  6
19  3
28  -6
26  3
17  10
19  2
19  1
24  -3
20  -13
19  13
23  11
22  5
22  8
22  1
21  2
21  8
27  -5
18  -4
16  1
18  1
21  0
22  8
26  8
23  1
18  -4
25  2
18  6
27  -3
21  -2
25  0
20  -6
23  2
23  11
15  -7
21  7
20  -13
23  4
24  -6
24  -5
23  2
19  13
23  8
27  -2
21  2
19  10
19  8
19  5
25  5
26  7
18  0
21  0
18  2
21  7
26  6
16  0
17  1
24  0
18  7
19  7
26  3
23  11
18  -2
22  0
23  5
21  1
21  -1
22  2
20  -13
20  -1
22  6
19  4
25  7
23  9
18  2
22  0
18  -4
22  10
18  0
19  5
24  6
17  1
23  1
23  5
24  -4
18  -2
18  0
23  8
24  -5
21  4
14  -5
18  7
19  3
18  1
16  -7
20  -8
15  -7
20  -6
22  4
19  5
16  -8
19  6
16  0
20  -11
18  -3
22  8
15  1
19  5
20  -1
18  0
20  -13
20  -13
25  -5
19  7
21  0
26  6
20  -7
16  -9
20  -9
24  4
21  2
21  5
12  -13
19  11
27  3
22  2
23  5
21  8
19  1
24  -3
18  -3
17  -2
22  4
21  0
20  -9
20  -2
24  -4
22  6
17  5
22  5
17  4
19  2
26  6
19  11
22  5
20  -6
27  -7
18  5
23  9
21  6
21  6
17  4
20  -5
16  -8
17  6
21  -4
16  1
24  -1
16  -5
21  0
22  6
19  4
19  12
21  1
21  -2
17  2
21  -1
15  2
26  8
22  8
20  -7
22  6
21  7
24  -3
19  3
19  6
16  -2
24  4
20  -2
21  4
25  6
24  -5
19  8
22  12
22  11
19  10
19  6
23  1
22  8
22  2
24  -5
18  6
24  6
25  2
18  6
26  -1
16  -4
15  -4
26  0
20  -8
19  7
23  12
21  4
18  -2
27  -2
23  8
19  7
18  -2
25  6
21  2
19  8
19  2
19  13
19  6
17  2
21  0
23  2
20  -1
19  3
21  6
23  12
15  -1
24  1
19  2
20  -11
18  0
20  -5
24  -4
16  -9
18  3
23  3
27  3
21  4
17  4
24  4
23  10
24  -5
17  -2
24  1
21  0
23  9
24  1
23  3
15  -4
17  5
23  4
18  6
21  1
24  -3
18  -1
20  -7
21  1
18  8
20  -12
20  -3
18  5
19  4
19  5
17  2
22  5
24  2
26  6
23  6
19  13
17  -1
17  6
24  2
19  7
18  -1
27  -7
24  2
22  1
20  -12
18  0
23  6
19  4
21  7
24  5
16  -11
16  -4
18  -2
22  12
17  3
27  -9
24  0
20  -7
17  1
20  -3
19  11
22  6
13  0
22  1
21  6
22  2
18  -3
25  -5
21  3
21  1
16  -4
18  -4
24  -4
20  -9
24  6
15  -1
