20  -5
25  -2
25  -4
26  -7
20  -4
24  -1
23  -2
25  -6
27  -6
24  -5
25  -4
29  -6
23  -5
25  -2
25  -6
27  -7
26  -8
25  -4
22  8
24  -4
24  -5
27  -5
25  -2
24  -3
22  5
27  -3
25  -6
23  -1
28  -3
27  -6
28  -3
25  -3
24  -5
26  -7
25  -2
23  -1
21  7
28  -3
24  -1
25  -4
25  -3
26  -5
24  -5
23  -5
21  7
24  -2
24  -1
26  -9
25  -3
26  -5
25  -6
27  -4
26  -6
25  -5
27  -3
28  -4
26  -5
25  -4
25  -2
26  -5
25  -4
29  -7
27  -3
24  -1
25  -5
24  -1
26  -7
24  -5
26  -5
22  6
25  -2
26  -9
22  8
23  -2
27  -6
26  -9
21  8
22  9
26  -6
29  -5
26  -9
28  -6
24  -2
25  -4
22  6
22  8
26  -9
25  -2
27  -7
24  -5
24  -5
25  -5
23  -3
26  -6
27  -3
28  -2
25  -3
24  -3
30  6
21  6
24  -4
28  -5
25  -6
27  -6
23  -3
25  -6
22  5
23  -3
25  -6
25  -2
24  -4
23  -4
26  -9
26  -9
27  -7
25  -6
23  -2
17  3
22  7
24  -5
24  -5
21  8
25  -5
24  -4
24  -5
22  8
25  -3
25  -6
24  -3
24  -1
21  7
24  -3
24  -1
28  -6
24  -5
26  -9
21  4
22  5
26  -7
28  -2
25  -6
23  -1
20  -5
24  -3
24  -1
31  6
25  -5
23  -3
29  -4
27  -6
25  -2
26  -6
25  -6
24  -5
25  -3
24  -4
28  -6
24  -2
26  -7
26  -9
23  -1
23  -2
23  -4
25  -6
24  -1
25  -2
24  -4
26  -9
28  -3
24  -3
23  -3
26  -7
20  -3
22  8
24  -2
26  -7
18  -4
28  -4
23  -1
24  -1
24  -1
27  -7
25  -2
25  -6
24  -5
28  -4
27  -4
24  -5
24  -1
24  -5
22  6
25  -2
23  -4
27  -6
24  -5
20  -3
27  -3
24  -4
24  -2
24  -2
26  -9
28  -6
23  -3
26  -9
26  -6
23  -3
26  -5
26  -8
28  -5
23  -5
25  -6
22  8
23  -5
25  -5
23  -5
26  -9
27  -4
23  -5
29  -6
26  -9
26  -7
25  -6
24  -1
26  -9
24  -4
20  -7
24  -3
20  -4
21  7
24  -3
25  -3
24  -2
26  -8
23  -4
24  -3
27  -5
23  -1
26  -9
25  -5
27  -5
20  -6
24  -1
25  -6
23  -5
26  -6
22  5
23  -1
23  -3
26  -9
24  -5
25  -5
25  -2
25  -6
23  -3
23  -2
25  -4
27  -7
27  -5
24  -2
24  -5
26  -5
27  -7
24  -5
26  -9
21  6
28  -6
25  -5
20  -6
30  4
27  -6
25  -4
26  -7
28  -2
23  -2
26  -6
30  6
25  -3
26  -6
25  -3
23  -2
23  -3
25  -6
25  -4
24  -5
26  -8
28  -4
26  -6
25  -6
20  -3
26  -7
21  4
22  6
28  -6
21  6
27  -3
27  -7
26  -8
27  -3
25  -4
26  -5
22  8
21  7
22  6
25  -2
25  -6
27  -6
24  -2
26  -5
22  9
28  -2
27  -5
24  -1
27  -5
25  -6
26  -5
27  -3
26  -8
23  -2
27  -4
24  -3
26  -5
30  5
25  -2
23  -3
23  -2
24  -5
24  -4
23  -2
21  6
24  -3
25  -5
25  -5
22  8
21  8
26  -9
24  -4
23  -5
24  -2
26  -7
26  -8
25  -6
27  -4
25  -3
26  -9
23  -2
26  -8
25  -2
22  8
29  -6
18  -2
26  -9
28  -4
29  -4
25  -6
27  -4
26  -7
28  -4
25  -5
26  -8
24  -2
25  -3
27  -7
23  -5
27  -4
22  7
26  -7
24  -3
27  -6
25  -5
22  8
27  -4
24  -2
26  -9
27  -3
23  -4
25  -3
27  -5
27  -6
25  -6
25  -3
26  -7
24  -3
27  -4
27  -7
24  -5
22  6
24  -1
27  -4
26  -8
27  -5
19  -4
30  3
23  -2
29  -7
23  -4
24  -5
29  -4
24  -4
27  -4
28  -2
26  -5
27  -3
24  -5
27  -7
26  -9
25  -4
27  -3
27  -7
23  -3
23  -1
25  -6
25  -3
28  -5
22  6
27  -5
27  -4
22  8
28  -6
24  -1
26  -8
23  -3
24  -4
24  -1
24  -5
22  6
22  7
25  -3
26  -7
24  -2
25  -3
26  -8
28  -2
22  7
24  -4
26  -6
27  -5
25  -2
24  -3
25  -5
25  -6
21  8
28  -4
25  -6
25  -5
24  -2
23  -2
24  -3
29  -4
22  5
23  -1
26  -8
25  -4
27  -3
23  -5
22  8
21  6
25  -2
28  -2
19  -4
19  -2
27  -3
27  -3
25  -5
24  -3
22  7
24  -4
30  4
26  -9
23  -5
24  -4
25  -5
27  -7
28  -4
26  -6
19  -2
21  4
25  -5
24  -3
24  -3
25  -5
24  -5
21  8
25  -3
26  -5
24  -4
26  -8
22  9
28  -2
22  6
25  -6
27  -3
22  6
31  8
22  9
21  7
27  -6
28  -6
25  -6
23  -2
25  -4
27  -3
25  -4
21  4
24  -5
30  3
24  -4
25  -6
25  -3
27  -4
25  -4
26  -5
29  -4
25  -5
21  8
25  -6
25  -4
28  -3
28  -5
25  -3
24  -5
25  -3
27  -5
21  8
23  -4
31  6
26  -8
24  -2
23  -3
25  -5
26  -6
21  5
28  -3
25  -2
28  -2
27  -3
21  8
27  -6
22  8
23  -1
22  7
24  -5
25  -5
26  -6
26  -5
28  -4
22  5
22  5
25  -4
26  -6
27  -3
26  -5
26  -6
25  -3
29  -6
24  -2
26  -9
27  -6
25  -3
24  -4
26  -7
25  -2
22  8
25  -6
26  -7
20  -4
26  -5
24  -2
26  -9
23  -4
24  -4
23  -2
25  -2
26  -9
28  -3
26  -7
25  -2
27  -7
25  -3
26  -9
26  -9
27  -5
22  9
27  -3
25  -5
24  -5
25  -4
22  7
22  5
29  -5
26  -6
20  -5
24  -2
29  -6
22  6
26  -7
26  -8
25  -2
26  -5
19  -1
25  -6
24  -1
26  -7
26  -6
24  -2
25  -6
25  -6
25  -2
22  6
25  -5
27  -3
28  -4
29  -7
29  -5
25  -2
28  -5
25  -6
30  6
23  -3
27  -3
29  -6
24  -4
24  -5
26  -6
28  -4
29  -5
22  9
23  -1
25  -2
28  -4
24  -2
29  -5
22  5
23  -1
29  -6
26  -7
21  7
26  -8
23  -2
24  -2
21  4
25  -3
27  -6
27  -3
23  -3
26  -6
24  -3
24  -2
24  -4
26  -9
24  -4
25  -3
21  8
26  -7
27  -7
25  -3
26  -5
24  -5
25  -4
24  -1
31  9
22  6
25  -4
23  -2
24  -4
23  -5
29  -4
25  -5
28  -3
27  -6
22  7
26  -8
24  -4
24  -1
26  -7
28  -5
24  -2
29  -8
20  -5
23  -4
24  -4
29  -8
22  5
24  -4
27  -3
24  -1
22  9
28  -4
25  -2
27  -5
18  -1
28  -3
29  -7
26  -5
27  -7
25  -4
23  -3
25  -2
24  -1
23  -2
27  -5
29  -8
25  -4
23  -4
20  -5
30  5
27  -7
26  -9
24  -5
25  -5
24  -4
24  -1
24  -1
27  -7
27  -6
18  -4
27  -7
21  6
23  -2
25  -6
21  4
26  -5
25  -2
29  -6
24  -5
26  -6
26  -6
23  -1
21  4
23  -4
25  -6
24  -5
25  -6
22  9
23  -1
23  -1
26  -7
22  8
23  -2
25  -4
29  -4
25  -3
22  6
21  5
27  -5
25  -4
25  -6
25  -4
23  -5
26  -5
21  8
26  -7
25  -2
25  -3
23  -3
20  -5
24  -4
23  -2
19  -4
23  -3
26  -8
24  -4
26  -9
26  -6
22  6
23  -5
25  -4
28  -4
24  -3
26  -7
24  -1
25  -5
26  -5
22  7
25  -5
26  -8
24  -2
24  -1
26  -7
22  5
28  -2
27  -4
19  -3
27  -6
26  -8
23  -4
28  -3
26  -7
17  3
29  -4
29  -8
27  -6
26  -9
23  -1
29  -5
24  -4
24  -3
25  -4
27  -3
25  -3
22  8
27  -7
23  -3
24  -5
26  -8
24  -3
24  -1
26  -6
26  -9
22  5
24  -5
25  -6
22  9
24  -1
27  -4
27  -4
24  -2
22  7
24  -2
22  7
24  -1
26  -5
24  -5
25  -4
27  -3
22  9
21  5
21  4
21  8
26  -5
21  7
26  -9
26  -7
20  -3
23  -1
17  2
25  -3
22  6
22  5
28  -4
22  6
26  -8
29  -7
22  9
26  -5
28  -3
28  -4
26  -8
27  -7
25  -5
26  -6
23  -2
24  -1
24  -2
26  -9
27  -4
26  -5
24  -3
26  -8
27  -7
25  -6
24  -4
27  -7
28  -6
20  -5
28  -4
21  4
25  -6
25  -6
22  9
25  -3
22  5
20  -3
26  -6
29  -5
28  -6
27  -4
31  6
26  -9
23  -5
23  -2
26  -6
25  -3
26  -9
25  -4
24  -1
25  -6
24  -1
22  5
29  -6
27  -4
25  -3
21  5
21  6
25  -6
24  -5
19  -1
25  -6
25  -5
20  -5
25  -4
26  -5
21  4
23  -5
27  -5
26  -6
20  -7
26  -8
21  6
25  -6
28  -5
24  -5
24  -3
22  8
25  -3
25  -6
25  -3
24  -5
23  -2
27  -5
22  5
29  -5
22  7
29  -4
30  4
25  -3
23  -3
25  -6
25  -3
23  -1
23  -1
26  -6
28  -5
27  -6
30  5
22  5
23  -2
23  -4
19  -3
26  -7
25  -5
28  -3
27  -5
22  9
21  6
27  -6
25  -3
25  -6
24  -3
25  -2
24  -2
21  8
25  -3
25  -6
20  -3
26  -9
28  -2
24  -1
26  -6
26  -7
23  -3
25  -2
28  -6
21  8
26  -7
24  -3
26  -6
23  -4
26  -8
27  -5
23  -3
25  -6
28  -5
27  -3
23  -3
23  -2
23  -5
23  -4
26  -9
24  -5
21  5
24  -1
25  -3
20  -4
21  8
21  8
24  -3
22  8
20  -5
18  -5
23  -4
28  -4
24  -1
24  -1
23  -3
24  -3
25  -3
30  7
21  5
29  -6
26  -9
