9  -5
10  -6
10  5
12  6
11  -5
10  1
10  -3
10  -4
10  -5
9  2
10  0
12  8
8  6
11  -3
9  -3
11  0
10  0
11  -9
11  -6
10  -7
7  3
10  -5
8  9
12  8
11  -9
12  2
11  -9
11  -6
8  1
10  -5
10  -7
9  4
11  -7
11  -2
10  -2
11  -10
12  -2
12  8
10  5
12  4
11  -2
10  -5
11  -7
11  -5
11  0
11  -5
11  -5
8  11
11  -5
11  -6
9  2
10  -2
10  -7
10  -6
8  10
11  -3
11  -1
11  -3
9  3
8  -1
11  -6
10  -6
12  0
12  2
10  4
10  2
9  7
10  0
10  -1
7  -3
9  2
12  6
11  -1
12  6
10  1
11  -7
10  4
11  -6
10  -1
6  1
9  -3
11  -4
9  -4
11  -1
10  3
9  0
12  2
10  0
12  0
9  2
9  2
11  -8
9  5
12  9
10  0
11  -9
12  -1
11  -6
12  8
10  -7
12  1
7  -6
11  -9
10  -2
11  -6
11  -10
10  -1
9  7
10  -2
12  6
11  -11
10  3
10  1
10  -1
12  8
11  -6
10  4
8  7
11  -9
10  4
12  -3
11  -5
9  0
11  -6
11  -7
11  -8
12  3
11  -4
10  -1
10  -6
12  6
11  0
11  -3
12  -2
11  -4
10  -2
11  -1
11  -8
10  0
9  0
12  -2
11  -3
11  -1
10  -1
12  4
11  -5
11  -10
9  -5
10  0
12  6
11  -5
10  -2
11  0
10  3
11  -10
8  2
12  0
10  0
8  2
7  4
11  -11
12  8
9  -2
11  -2
10  -1
11  -6
12  -1
11  -12
11  -4
7  5
12  6
10  5
11  -10
11  -8
11  -12
11  -4
9  3
12  0
11  -10
11  -6
12  9
10  3
10  4
11  -7
9  3
10  -2
12  3
12  0
7  -6
9  3
12  6
10  -4
11  0
11  0
12  9
11  -8
12  3
11  -12
10  4
10  4
8  10
10  -5
9  -1
11  -10
12  6
11  -7
11  -10
11  -5
11  -8
9  -4
11  -3
11  -11
9  -1
11  -5
9  0
10  0
12  3
9  7
11  -10
11  -7
11  -1
10  -2
12  9
12  0
10  0
9  -2
12  -1
10  1
11  -4
11  -10
12  7
10  -2
11  -1
11  -4
11  -10
12  0
9  2
9  -5
11  -3
10  -4
10  2
10  -6
11  -5
12  6
11  -9
11  -11
8  7
6  0
9  3
11  -7
12  5
9  0
12  -3
10  -7
11  -3
12  7
12  3
10  0
10  1
9  5
9  0
10  -6
11  -8
11  -7
11  0
9  -4
11  -5
12  4
12  -3
7  5
11  -6
10  -1
10  -1
9  1
7  0
11  -3
12  5
9  3
11  -12
11  -7
11  -12
10  2
11  -2
11  -8
12  3
9  -2
11  -3
11  -4
9  -4
12  1
10  -3
11  -11
9  4
10  -2
10  3
10  2
11  -11
9  -4
12  -1
11  -5
9  -2
12  -2
11  -10
10  -1
11  -4
10  2
11  -9
11  -12
11  -11
9  0
12  0
11  -10
12  3
11  -11
11  -7
12  -1
7  -3
11  -4
11  -4
11  -9
11  -11
12  2
9  4
11  -9
12  -3
10  -3
10  -2
11  -5
11  -4
11  -12
11  -10
10  -2
10  0
12  8
12  9
10  -5
11  -2
11  -9
10  -2
11  -4
10  -2
10  -1
12  8
10  -2
7  0
11  -12
12  4
9  -1
11  -9
11  -7
12  3
11  -7
10  1
12  9
12  -3
11  -6
11  -6
11  -6
12  -2
12  -3
12  0
9  5
12  5
11  -8
9  2
9  -2
12  0
10  0
10  -5
12  5
10  -6
10  -2
10  -3
12  -1
11  -11
11  -11
11  -2
8  3
11  -12
9  0
10  0
11  -4
9  -4
11  -12
12  5
11  -12
10  5
11  -6
11  -12
7  -6
10  -1
10  2
11  -1
9  -3
10  -1
11  -1
12  -1
12  -2
11  -5
10  -5
12  0
12  9
12  5
12  2
10  -4
11  -3
10  -3
11  -11
11  -1
9  4
8  4
9  6
9  0
11  -11
10  1
12  -1
12  8
11  -2
12  7
12  5
12  1
12  9
11  -2
11  0
11  -3
11  -9
12  6
11  -9
9  1
12  6
11  0
11  -2
10  3
12  3
10  2
11  -4
10  -5
8  7
12  4
12  4
9  -1
11  -11
11  -12
12  4
11  -4
12  -3
9  -5
11  -2
12  3
11  -3
12  7
11  -4
12  5
11  -1
10  -6
10  -7
10  -2
9  0
11  -3
9  0
11  -2
11  -3
10  -7
11  -6
10  4
12  8
10  2
10  0
11  -2
10  4
9  6
11  -8
10  -6
12  -2
11  -2
12  6
11  0
12  3
10  3
11  -2
11  -5
10  -2
11  -1
11  0
10  -3
10  4
11  -10
12  8
11  -2
11  -8
11  -9
12  1
11  0
11  -5
8  11
12  9
7  -2
10  1
12  -1
12  1
9  5
11  -1
9  4
10  -5
11  -9
12  5
11  0
8  11
9  0
10  -1
10  1
10  2
12  -2
10  1
11  -7
12  0
11  -3
12  1
11  -3
8  7
12  -3
10  1
9  -5
12  5
11  -3
9  -2
10  4
11  -1
12  9
10  2
11  -7
11  -6
11  -12
10  -7
12  -1
11  -2
10  5
12  -2
9  7
11  -7
11  -10
11  -4
11  -5
12  -3
9  4
10  -3
9  -1
12  -2
10  -2
10  3
11  -6
10  -7
10  -6
10  2
11  -2
9  2
9  0
10  0
10  2
11  -12
11  -5
10  1
11  -3
8  5
10  -5
9  -2
11  -1
10  -2
12  7
10  -7
10  -7
12  6
10  -3
11  -12
7  -6
9  -4
9  7
12  5
9  -2
11  0
12  2
10  -2
11  -10
12  5
11  -1
12  -3
11  -9
9  3
10  5
11  -6
11  -8
11  -1
12  -2
10  -2
9  3
10  0
10  5
11  -11
10  -5
12  3
8  7
12  3
12  3
12  2
10  2
10  -5
12  6
12  4
8  8
11  -4
10  -6
12  7
11  -9
11  -10
11  -3
11  -12
11  -7
9  -2
11  -1
12  -3
11  -3
10  0
12  4
11  -4
11  -5
10  2
10  -1
10  -2
12  9
10  3
10  3
10  5
11  -10
12  1
12  -1
12  5
12  -1
10  -6
12  6
11  -8
10  -3
11  -12
12  3
11  -12
10  -4
11  -5
10  4
8  10
10  -4
12  0
11  -12
11  -3
9  3
12  8
12  8
10  -5
11  -7
10  5
10  -1
12  -3
12  8
11  -8
9  2
11  -9
11  -7
11  -9
9  -3
9  3
11  -6
12  6
11  -1
11  -2
7  -3
11  -12
11  -4
11  -10
10  -1
12  3
9  6
12  4
12  3
10  -7
8  10
11  -12
9  2
8  9
12  7
8  9
11  -8
11  -6
12  8
12  -3
11  -8
10  -6
11  -12
11  -11
10  -3
12  -1
11  -5
11  -1
11  0
11  -10
10  5
11  -6
10  -7
9  6
12  1
10  4
11  -9
10  -6
9  -3
11  -7
9  2
11  -11
11  -10
9  -4
6  2
11  -12
11  -5
11  -2
11  -12
11  -3
10  -2
12  -1
10  0
10  -1
12  4
12  7
12  3
10  5
10  -4
12  2
10  -6
12  5
7  3
11  -9
10  0
9  -4
11  -8
12  -3
12  3
9  0
11  -9
9  2
11  -1
9  -4
7  3
11  -2
9  6
9  -1
11  -9
10  0
12  7
10  -5
11  -8
11  -12
10  4
11  -9
12  0
12  9
11  -2
10  5
10  -7
11  -1
10  1
10  -6
8  7
11  -7
8  11
11  -5
11  -9
12  0
10  3
11  -5
12  0
10  -7
10  -5
12  3
10  -3
11  -6
11  -7
8  3
12  7
8  11
12  9
9  4
12  -2
9  0
12  -1
11  -4
11  -3
10  -2
10  -3
9  4
9  1
10  2
11  -10
11  0
9  7
8  8
11  -8
9  6
9  -1
9  6
10  -3
10  5
9  -5
9  5
11  -1
10  0
11  -6
11  -11
11  -2
12  0
9  3
11  -11
11  -6
11  -1
10  4
12  4
10  3
9  -2
12  5
10  3
7  5
11  -11
11  -12
7  0
10  0
12  2
11  -7
11  -9
10  -1
12  2
12  -2
12  2
10  5
9  5
11  -12
12  3
11  -6
11  -10
12  2
10  -1
11  -5
11  -12
11  -3
11  -5
12  -1
11  -3
12  9
11  -10
8  6
11  -8
10  -4
7  -7
11  0
10  -4
10  3
9  1
10  5
10  0
10  -3
7  4
12  3
9  3
9  7
11  -7
9  6
11  -7
11  -9
11  -6
10  4
11  -4
10  5
11  -3
10  3
8  4
10  -7
11  -3
10  4
11  -10
10  -5
10  -4
10  1
11  -2
12  6
11  -6
7  2
8  9
12  -2
10  4
11  -4
11  -11
12  -3
10  2
12  4
11  -12
10  -1
11  -7
11  -6
12  7
11  -10
10  0
9  6
10  -6
12  9
9  6
9  -2
10  -7
12  -3
11  -10
11  -2
11  -2
9  5
10  -6
12  6
10  -5
9  0
12  2
10  1
11  -4
11  -4
9  7
11  -12
11  -11
10  -6
9  -2
11  -5
11  -6
12  -1
9  -1
9  -5
11  -10
12  -1
11  -6
11  -11
10  3
12  0
9  2
10  2
9  0
11  -11
10  3
10  2
10  5
11  -5
11  -9
8  0
11  -5
10  1
12  -1
12  -3
10  -2
10  2
12  8
9  4
8  1
11  0
10  5
10  -4
11  -8
10  2
9  6
11  -6
10  0
10  -2
11  -6
10  0
10  -6
10  -1
12  5
10  3
12  8
11  -1
10  1
12  -3
12  9
9  3
10  -6
12  7
10  4
10  1
12  -1
10  3
8  1
10  -3
10  5
12  2
11  -7
10  3
12  4
12  -2
12  -2
10  5
12  2
11  -11
10  0
11  -5
9  -4
