7  -7
11  -9
7  -6
18  2
14  -2
11  -6
12  2
14  -4
13  -6
12  -6
12  4
13  1
6  -4
10  -2
7  -5
9  -1
7  -6
10  2
14  -9
14  -8
8  -6
7  -6
7  -1
11  -3
11  -5
10  -1
16  0
11  -6
10  6
8  -5
13  -7
9  3
11  -2
9  2
9  -3
11  -9
11  -9
13  -4
10  3
16  -3
12  1
13  -3
8  -10
10  8
11  -3
11  -5
9  7
9  -2
9  1
10  3
8  -3
9  6
11  -7
13  -10
8  -7
12  -6
7  -6
8  -11
14  -10
11  -6
10  6
9  1
10  -1
13  -9
12  -4
9  2
6  -4
13  -8
10  -1
10  7
13  -5
13  -8
7  -6
9  4
9  -1
7  -2
16  -8
10  6
17  6
10  9
11  -4
14  -3
12  4
9  -4
10  -1
11  -8
13  -7
12  5
10  -1
13  -7
6  -5
6  6
11  0
19  0
10  3
8  -6
7  -9
12  3
9  0
11  -1
8  -4
2  -7
11  0
10  -3
11  2
7  -12
10  -1
9  0
8  -10
13  -7
9  -2
10  -1
9  6
9  3
9  8
15  -7
7  -6
6  7
10  0
10  1
9  2
13  -8
12  -5
16  -5
8  -1
12  -4
12  2
7  -10
9  3
5  1
11  -3
11  2
12  2
10  -1
13  -6
11  3
15  0
9  -3
9  7
7  -10
11  -7
14  -3
12  2
8  -4
11  -9
10  6
9  -1
16  1
15  -8
11  2
13  -9
11  -6
11  0
8  -10
10  9
10  5
10  4
8  -9
13  -3
17  4
10  7
9  1
7  -2
8  -7
12  -1
13  -9
9  -2
9  5
9  -2
7  -12
10  -1
11  -5
7  -7
10  8
16  -1
9  5
11  2
14  -4
7  -3
6  -2
11  -8
12  5
12  -4
8  -7
10  5
10  2
7  -5
8  -4
10  5
12  5
19  -7
16  -7
13  -4
11  -4
13  -10
11  -5
14  -1
11  -1
8  -11
10  9
10  7
9  -1
10  7
11  -2
9  6
12  -6
15  -8
15  -6
8  -6
10  -2
9  2
11  2
8  -11
7  -4
12  -6
13  -10
14  -11
7  -5
11  0
6  2
9  2
8  -6
10  7
9  3
12  -1
15  -1
15  3
14  -2
6  5
8  -11
8  0
12  -6
11  -2
13  -10
10  4
9  0
13  -4
12  6
14  -8
8  -1
13  -7
11  -6
8  -3
8  -9
12  1
9  8
11  -8
7  -2
12  -1
6  1
11  -7
7  -1
11  2
13  -8
10  3
11  -7
8  -11
12  -3
10  3
16  -7
13  -2
12  1
14  -9
12  5
12  6
11  0
11  -7
14  0
15  -5
15  2
12  2
10  3
7  -12
11  -6
8  -11
8  -2
13  -11
7  -1
6  7
9  5
18  1
14  -9
12  1
17  -3
8  -9
15  3
7  -1
10  1
11  3
7  0
16  -10
12  5
16  1
11  -7
11  -5
8  -10
14  -11
12  -4
12  -6
7  -6
7  0
9  7
7  -9
11  -4
9  6
7  -6
11  -6
8  -6
11  0
12  0
8  -3
9  2
12  -4
8  -11
10  3
6  -2
10  -2
15  -8
10  9
7  -8
11  -4
8  -12
6  5
14  -8
16  -7
11  -3
10  -3
12  5
11  -6
9  1
13  -5
13  -2
14  -7
8  -3
11  -9
8  -8
11  2
13  -3
11  -2
12  1
9  4
11  -5
16  2
9  8
12  3
14  -8
10  1
16  -9
13  -9
12  2
13  -1
11  0
13  1
10  -2
12  4
12  2
8  -11
10  7
8  -5
8  -4
7  -7
8  -10
10  1
10  6
8  -12
11  -4
8  -12
10  8
11  2
9  4
13  -9
8  -1
7  -3
9  4
15  -7
10  -3
11  -1
15  2
13  -3
6  7
11  -1
7  -3
9  3
5  5
9  -2
11  -5
8  -11
14  -1
13  -5
10  2
6  7
10  0
13  1
5  0
13  1
8  0
10  -3
14  -8
6  -2
11  -3
19  -8
9  1
9  6
9  -3
15  -7
14  -7
14  -9
11  -1
14  -2
13  1
10  5
10  0
11  -6
14  -7
13  -5
12  -5
13  -6
15  -7
11  -6
11  0
12  6
13  -1
8  -9
12  3
10  0
17  2
11  -3
11  -7
18  3
12  -5
13  -4
10  8
12  1
7  -8
11  -6
13  1
7  -2
12  -1
12  6
9  -4
11  -2
12  -1
9  4
11  -7
13  -8
13  -6
7  -6
12  2
11  -3
7  -5
8  -3
12  -2
10  9
11  1
5  -4
9  -3
10  7
12  -2
12  -2
12  -2
11  1
11  2
17  -5
14  -11
9  0
8  -2
12  6
6  5
9  7
10  0
8  -9
11  -7
10  8
11  -3
12  6
13  -5
9  7
5  5
12  1
7  -4
7  -1
10  4
6  -1
8  -6
17  1
12  4
9  5
12  1
13  -2
10  6
19  -11
11  -7
8  -6
7  -9
12  3
8  -1
14  -1
11  1
8  0
12  0
5  6
6  6
11  -4
10  2
11  3
11  -1
13  -10
9  1
10  5
14  -5
10  3
11  -7
10  -2
8  -7
9  -3
11  1
12  1
8  -2
9  5
10  7
9  7
7  -12
6  5
12  -2
16  -7
13  -10
7  -1
9  6
8  -4
13  -6
13  1
15  -2
10  -3
11  3
13  -2
8  -7
16  -1
9  5
10  5
15  0
13  -2
10  2
11  -1
17  6
8  -2
10  4
9  -3
10  -1
10  3
7  -9
13  -4
9  4
11  -3
10  0
13  -5
10  1
12  -6
10  8
11  2
11  3
13  -9
12  -3
12  2
11  -7
13  -2
6  3
10  -1
9  2
13  -6
12  4
10  5
11  -4
10  -1
15  -9
8  -2
11  -4
11  2
12  6
14  -12
16  1
7  0
8  -11
10  3
9  6
11  -3
10  -2
8  -12
5  0
18  0
9  6
10  -2
8  -2
10  -3
8  0
8  -2
7  -6
12  -3
11  -4
13  -7
9  3
7  -8
14  -3
9  5
14  -11
10  0
9  0
10  3
11  -3
12  -2
10  -1
10  7
14  -6
7  -10
8  -3
10  5
7  -8
9  -2
12  5
15  3
8  -1
9  -3
15  -5
7  -10
7  -1
6  6
11  2
11  -7
14  -9
14  -10
13  -1
10  4
10  7
10  0
10  8
14  -4
8  -12
16  -10
14  -9
12  -1
12  -5
9  -3
6  0
10  7
10  6
8  -12
10  3
10  3
11  -1
7  -10
8  -7
11  -8
10  -2
11  3
13  -7
16  -10
11  -3
16  -1
15  0
15  -2
5  -5
7  -6
8  -1
11  -1
10  9
12  -4
8  -6
8  0
15  -7
13  -7
10  9
8  -5
15  -3
8  -10
12  -4
7  -2
13  -5
10  6
10  1
17  6
9  0
10  3
16  -4
10  -1
13  -7
8  -5
9  4
11  3
5  -4
10  3
11  -4
8  -4
12  -2
13  -1
8  -1
8  -11
11  -4
9  1
17  6
12  0
10  -1
9  3
6  4
13  -5
12  -1
9  2
8  -10
9  -4
9  -4
6  0
12  -4
11  -9
10  2
13  1
13  -5
8  -1
16  -9
5  7
10  -2
12  -4
9  7
10  -2
12  -1
14  -7
13  -6
11  2
7  -2
14  -2
11  -8
15  1
5  1
11  -2
13  -2
12  2
11  -8
11  -1
5  -2
11  -6
14  -5
10  6
14  -4
7  -8
8  -9
14  -8
6  -4
11  -2
8  -11
9  3
7  -2
10  2
9  4
12  0
9  0
7  -8
11  -4
12  -2
9  -3
13  -8
13  -10
13  -6
12  2
4  4
12  -5
12  -5
15  3
11  -1
5  2
8  -3
8  -10
9  2
11  -9
14  -8
11  3
8  -8
11  2
11  -3
11  2
4  5
11  -4
13  -7
6  -4
11  -9
7  -10
14  -9
10  8
8  -1
15  -2
13  -10
9  5
13  -10
12  -3
10  8
10  5
16  -3
12  1
8  -8
10  4
14  -9
5  7
11  3
11  -9
14  -10
5  3
8  -7
10  9
12  -5
8  -7
10  -3
7  -1
11  -6
8  -3
11  3
6  6
8  -6
12  -5
10  5
13  -3
8  -4
12  1
10  2
13  0
11  -9
14  0
8  -1
12  -3
10  -1
8  -3
15  0
11  -5
11  0
9  7
10  2
10  -2
11  1
8  -9
13  -2
0  -5
13  -2
9  4
7  -5
12  1
9  -4
4  7
11  -5
16  -8
6  -1
11  -2
14  -3
14  -9
15  -9
12  -5
17  6
9  4
16  -3
11  -6
16  -2
11  0
18  2
13  -3
18  2
9  -2
14  -2
8  -5
11  -4
11  3
11  -5
10  -1
12  1
12  4
7  -9
7  -1
6  -1
12  4
7  -11
11  0
13  -4
12  2
11  -6
9  6
11  1
8  -6
9  6
12  -6
13  -5
14  -10
13  1
10  5
10  -2
17  -2
12  -2
9  7
14  -7
8  -8
10  5
8  -10
10  5
10  1
10  -2
8  -6
11  -6
5  6
11  1
10  2
6  5
8  -9
12  1
9  0
9  -2
12  1
14  -8
11  3
14  -10
9  -3
15  -9
12  -3
17  3
9  4
5  -5
9  5
11  -4
14  -6
8  -11
11  -5
9  -3
11  0
8  -10
11  -3
10  5
9  2
13  -3
11  0
12  -3
10  0
15  -7
12  1
11  -4
4  7
5  -5
15  1
9  -2
11  -9
10  6
12  4
8  0
13  -5
16  -3
11  0
6  -3
13  -10
10  6
12  4
12  3
10  8
7  -7
10  6
10  8
10  3
12  0
13  -6
9  0
6  0
10  0
10  3
12  2
12  -3
9  -2
10  6
9  8
17  3
6  2
11  2
9  -3
5  3
9  0
12  -1
9  6
11  3
9  0
8  -2
11  -1
11  -3
13  -5
9  7
13  -9
9  3
10  3
11  -8
7  -9
14  -6
8  -8
9  6
11  -1
10  -1
10  -1
8  -6
13  -9
10  9
8  -4
15  1
10  7
13  -5
