24  -7
22  -6
27  -9
25  4
26  3
25  6
25  3
24  -3
25  4
25  5
26  1
25  6
26  0
25  2
25  4
25  6
22  -6
24  -5
24  -7
25  5
24  -7
25  5
23  3
24  -5
24  -6
24  -4
23  5
25  2
26  -1
25  6
26  0
24  -7
25  3
22  -8
25  3
27  -8
23  6
24  -5
24  -4
23  3
25  4
26  2
26  3
26  3
25  6
24  -3
26  3
25  5
23  6
24  -3
20  -6
25  5
25  2
24  -5
22  -5
25  5
24  -4
24  -7
25  5
25  4
26  0
26  3
22  -5
25  6
24  -3
26  0
24  -7
25  6
24  -7
24  -5
23  4
24  -5
24  -4
24  -5
24  -6
26  2
23  6
25  2
24  -6
27  -5
21  -7
22  -5
24  -7
23  2
26  0
22  -8
27  -7
27  -9
23  2
25  2
23  6
22  -8
23  5
26  0
25  3
24  -5
27  -9
22  -6
24  -4
24  -5
20  -3
27  -7
27  -8
23  6
24  -5
25  4
25  2
26  -1
27  -9
26  -1
23  5
24  -5
20  -3
26  2
24  -6
22  -8
26  2
24  -4
24  -6
25  6
24  -3
23  4
23  2
21  -4
27  -9
24  -3
24  -5
22  -8
25  3
22  -7
26  2
25  4
27  -7
25  3
22  -7
25  6
26  0
25  4
25  6
26  1
25  2
23  3
26  3
25  4
25  5
21  -4
19  -1
25  3
25  2
25  4
24  -7
25  3
23  3
24  -3
26  3
25  5
23  4
21  -4
25  6
23  5
25  6
24  -4
26  1
23  5
24  -7
24  -6
22  -7
23  6
25  3
23  5
24  -6
23  3
24  -6
23  3
26  1
24  -4
24  -3
23  6
25  2
26  2
26  2
23  6
25  5
23  3
25  4
23  6
25  5
25  5
25  6
24  -5
24  -3
26  -1
24  -7
25  2
24  -3
25  4
26  3
25  2
24  -6
27  -8
24  -3
26  3
24  -4
22  -8
21  -7
26  2
25  6
25  5
26  0
24  -3
24  -6
25  4
26  1
26  3
26  2
25  5
25  6
26  -1
26  3
27  -5
24  -3
24  -3
25  6
26  -1
25  6
22  -9
25  3
22  -8
22  -6
23  4
23  4
23  5
26  2
26  1
22  -5
24  -5
20  -5
23  2
25  2
26  3
26  0
22  -6
26  0
22  -5
25  4
24  -4
24  -6
26  1
26  -1
22  -5
24  -5
24  -6
27  -5
23  2
24  -5
26  -1
26  2
27  -8
21  -7
26  2
25  5
24  -3
25  2
26  2
25  5
26  -1
25  3
26  2
24  -3
25  6
26  1
23  5
23  3
24  -4
27  -9
24  -4
25  3
25  6
22  -9
23  2
25  6
24  -4
23  4
27  -5
24  -5
26  0
25  5
23  4
26  3
22  -8
23  3
24  -6
25  2
27  -9
25  6
24  -6
27  -6
24  -4
25  4
24  -5
25  6
25  4
25  6
25  4
24  -4
21  -6
25  5
22  -5
25  6
26  3
26  1
23  3
24  -5
22  -7
22  -8
24  -3
25  5
23  6
24  -4
22  -5
22  -5
25  6
23  2
26  0
22  -9
23  3
24  -6
24  -4
25  6
26  2
24  -5
23  5
23  4
25  6
26  3
23  2
20  -3
25  6
25  2
26  -1
22  -6
27  -6
25  4
26  2
22  -8
21  -8
21  -5
22  -5
23  6
24  -6
24  -7
27  -8
25  5
25  3
23  4
26  2
22  -6
26  -1
23  6
23  6
23  6
25  5
23  2
26  2
25  6
22  -8
24  -4
24  -6
24  -5
25  3
25  3
23  5
24  -6
27  -6
25  6
23  2
24  -4
24  -6
25  3
22  -7
23  6
26  -1
25  5
27  -7
26  2
24  -5
24  -5
24  -5
25  2
24  -4
23  3
26  0
24  -5
25  3
26  3
22  -9
24  -5
22  -5
24  -7
26  3
23  2
24  -4
23  6
20  -3
26  3
25  3
27  -9
25  3
25  6
24  -7
26  1
25  6
21  -8
24  -6
26  1
23  3
25  4
23  4
25  2
24  -7
25  3
26  2
25  3
25  4
25  3
25  2
26  1
22  -7
25  6
27  -6
26  -1
25  4
25  5
25  4
23  3
24  -6
26  1
23  2
22  -8
26  -1
23  3
26  3
25  3
21  -7
24  -4
25  4
25  3
25  4
26  3
24  -7
21  -4
24  -4
22  -7
23  3
22  -5
23  2
21  -5
24  -7
24  -7
25  2
25  3
25  2
27  -9
24  -7
22  -5
24  -3
24  -6
23  2
26  1
27  -7
23  3
27  -5
25  2
20  -3
25  6
21  -5
25  3
24  -4
26  2
23  3
26  3
25  6
20  -3
24  -7
23  6
23  2
24  -7
26  3
26  -1
26  2
25  3
22  -8
26  3
24  -5
26  0
25  3
25  3
24  -5
25  3
23  2
22  -6
26  0
26  -1
24  -3
25  6
25  4
22  -8
24  -5
22  -9
22  -9
20  -5
26  2
24  -3
24  -7
24  -5
25  4
25  6
24  -5
23  3
21  -5
25  3
25  6
24  -7
26  3
21  -5
25  4
24  -7
24  -6
23  5
22  -6
26  1
27  -8
23  2
23  3
24  -6
24  -3
26  3
25  3
22  -8
26  0
23  3
22  -7
25  3
24  -6
25  6
26  0
24  -3
27  -8
26  0
19  -1
26  1
24  -4
21  -5
24  -5
22  -6
26  0
23  2
22  -9
24  -4
23  5
26  0
20  -5
26  3
23  3
27  -5
24  -3
24  -3
26  -1
24  -4
24  -4
23  4
24  -7
25  3
23  6
21  -7
25  2
25  6
26  2
26  -1
25  3
23  4
24  -6
25  3
27  -7
24  -5
25  5
26  1
25  3
25  2
26  3
25  2
25  4
25  4
26  -1
24  -6
25  4
22  -5
25  6
24  -5
26  0
26  0
25  6
24  -4
23  4
26  3
24  -7
25  2
25  6
25  4
23  6
27  -5
25  4
23  6
24  -6
24  -3
26  0
25  2
23  4
24  -4
25  3
26  -1
25  4
23  5
24  -4
25  6
25  5
22  -8
26  3
24  -4
25  5
25  5
21  -5
26  0
27  -6
25  4
24  -7
21  -5
26  0
24  -4
25  5
24  -4
24  -6
26  1
23  3
26  1
25  2
24  -6
24  -4
24  -4
23  4
22  -9
22  -6
26  0
24  -7
26  -1
22  -8
24  -5
24  -3
24  -4
22  -7
22  -8
26  2
23  4
23  6
24  -5
23  5
25  4
26  0
25  5
22  -9
27  -7
27  -8
24  -3
26  2
24  -3
24  -3
26  2
23  5
27  -7
26  0
21  -6
23  5
23  5
26  2
27  -5
27  -6
22  -6
26  1
25  2
25  6
20  -3
23  6
26  -1
25  4
27  -6
21  -4
21  -4
25  6
22  -7
26  3
25  6
25  2
25  5
26  0
24  -3
26  3
24  -6
26  2
22  -6
24  -6
22  -9
25  4
23  3
26  0
24  -6
23  5
24  -5
25  2
24  -7
22  -8
23  3
23  3
24  -3
23  3
19  -2
25  3
24  -7
23  5
24  -5
24  -4
25  2
26  0
25  4
24  -6
25  6
25  3
23  2
24  -6
26  3
22  -8
25  3
27  -5
24  -4
24  -4
20  -3
25  4
23  6
23  3
25  4
25  4
26  0
20  -4
25  6
24  -3
25  3
24  -4
24  -4
25  4
26  3
23  6
23  4
26  0
24  -4
25  2
25  5
25  2
25  5
25  3
24  -7
18  -4
24  -7
23  4
24  -6
24  -6
24  -7
26  3
24  -6
22  -9
25  4
25  3
24  -7
21  -7
22  -8
24  -7
25  5
25  6
26  0
22  -9
27  -8
24  -4
25  6
26  1
21  -7
23  3
23  2
24  -4
25  3
26  1
24  -5
26  1
24  -7
26  3
24  -7
24  -4
25  2
21  -8
23  6
21  -7
21  -6
26  0
23  3
26  0
25  2
24  -5
26  -1
26  -1
24  -4
27  -9
25  2
25  2
23  3
25  6
24  -6
25  4
23  2
23  2
23  6
25  3
26  3
23  3
27  -6
22  -5
24  -6
23  5
24  -4
24  -3
25  2
25  5
24  -5
25  5
26  2
26  3
25  5
21  -5
24  -3
22  -9
24  -5
26  0
24  -5
26  3
25  2
25  5
24  -6
26  0
26  1
24  -4
24  -3
26  0
19  1
26  2
26  2
25  5
25  5
24  -6
25  2
25  4
24  -3
25  3
25  5
25  6
24  -7
25  5
27  -8
27  -6
21  -6
24  -5
23  6
23  4
26  1
24  -7
25  5
24  -7
22  -6
26  0
26  3
22  -6
23  4
24  -5
25  4
22  -7
26  0
22  -9
26  3
24  -5
19  1
22  -7
25  5
23  2
23  2
24  -3
26  -1
22  -9
25  4
25  5
24  -4
25  3
27  -8
25  5
25  6
25  5
22  -6
25  4
24  -4
24  -7
26  1
24  -7
21  -6
23  5
24  -5
25  5
24  -7
25  3
22  -7
17  -3
24  -6
27  -6
26  0
26  2
25  2
26  0
25  6
26  3
23  5
26  3
22  -6
24  -3
22  -8
26  0
25  4
23  3
24  -4
23  4
25  5
22  -7
23  2
22  -6
20  -5
22  -7
23  5
26  2
24  -7
26  -1
25  5
20  -4
26  2
25  2
26  1
24  -7
26  1
25  6
24  -4
26  1
25  6
24  -4
26  1
26  1
26  0
24  -5
23  5
24  -6
25  3
26  3
25  6
23  5
24  -3
24  -7
26  0
25  6
26  0
24  -6
24  -4
25  2
26  3
23  4
23  3
25  6
25  5
24  -7
27  -6
23  5
24  -7
26  2
21  -6
25  4
26  2
23  5
24  -3
25  6
24  -5
22  -7
