10  3
13  9
11  -2
10  -1
14  -1
13  7
10  2
10  0
10  3
12  1
15  1
11  -3
8  6
9  5
15  -1
10  0
14  2
13  8
12  2
13  9
10  1
9  4
11  -1
12  4
11  1
8  6
13  8
17  1
12  0
11  0
13  7
13  6
9  3
8  5
16  2
10  1
11  -2
12  2
14  -1
13  6
10  3
9  4
11  0
10  1
9  4
11  -3
10  3
12  2
9  4
13  5
13  5
6  6
13  8
8  8
17  -2
12  4
12  0
13  5
14  3
11  1
11  1
10  3
8  5
11  1
11  1
6  6
11  -2
14  1
10  0
13  8
15  1
10  -1
14  -1
12  4
8  4
9  5
11  -1
12  3
10  1
13  6
12  1
10  1
12  4
13  7
13  8
13  7
9  7
14  0
14  0
11  -2
9  6
14  2
12  2
12  3
11  -3
13  7
13  5
13  5
11  0
14  -1
13  5
13  8
7  0
13  5
16  3
9  7
10  3
11  0
11  1
12  3
11  -2
13  5
14  0
10  3
12  4
11  -1
13  8
13  5
16  -1
12  4
12  4
13  8
14  1
12  3
13  5
15  3
11  -2
14  2
12  0
12  1
12  0
9  6
7  3
11  -2
13  9
13  9
12  4
8  8
12  4
10  0
13  7
14  2
13  5
11  -2
12  0
11  -3
12  4
9  4
13  6
9  7
10  0
12  2
10  2
10  0
9  6
13  5
12  0
12  3
12  1
12  4
13  7
13  9
12  1
10  -1
14  -1
11  -1
11  -1
13  9
13  5
13  5
12  0
15  1
12  3
15  2
9  7
13  9
13  8
10  -1
13  9
13  5
16  2
16  2
8  8
11  -1
13  9
15  0
10  -1
13  9
10  -1
13  7
11  -2
11  -3
17  2
12  0
12  4
11  1
16  1
11  0
9  6
13  6
12  2
10  -1
9  7
16  2
10  -1
12  1
14  -1
11  -3
17  -1
13  9
8  7
12  2
10  0
13  5
9  5
10  0
11  -2
13  7
12  3
11  0
13  7
12  4
11  -2
11  -2
12  1
12  3
12  3
14  0
12  0
10  2
8  8
15  3
13  8
10  1
16  3
11  -2
9  5
10  0
13  5
16  1
10  3
16  -1
14  1
8  8
11  -2
12  3
9  6
10  1
13  5
10  2
12  1
14  3
12  4
12  4
11  1
14  0
12  3
8  8
16  0
13  7
15  3
10  -1
12  0
12  1
10  1
10  2
6  7
11  -2
8  6
11  0
9  5
11  1
14  0
11  -2
12  2
10  0
12  2
13  9
16  2
10  -1
14  0
11  0
12  1
7  2
11  -1
12  3
11  0
14  3
10  -1
12  4
13  8
12  4
13  9
13  7
8  8
14  2
14  1
10  3
13  8
11  0
8  4
10  2
10  0
10  0
12  3
8  7
11  -3
12  2
14  0
8  6
10  3
10  1
11  1
8  5
13  8
6  6
8  5
11  1
17  2
11  1
12  0
12  1
11  -1
12  0
9  4
13  8
15  2
8  6
11  -3
13  5
11  0
14  0
13  6
11  1
9  5
14  2
11  -1
13  7
11  0
14  2
8  4
12  3
11  -1
14  2
8  7
13  8
14  3
11  -2
15  2
9  3
11  -2
13  7
14  1
12  1
13  5
14  2
9  7
14  -1
13  7
11  -2
12  2
9  4
14  1
10  -1
14  0
13  6
9  3
10  2
10  3
11  -2
14  -1
13  7
10  0
13  9
16  0
9  4
10  3
11  -3
12  0
13  5
10  3
12  0
18  4
11  -2
10  0
11  0
10  3
14  0
14  0
16  3
11  -2
10  2
11  -2
13  9
9  7
12  1
11  0
12  3
13  9
12  2
11  1
10  1
11  1
13  7
17  2
10  -1
12  4
12  1
14  1
14  -1
11  -1
11  -1
13  5
10  -1
12  1
13  9
14  1
12  3
15  2
13  6
11  0
15  1
10  3
8  5
11  -2
10  -1
13  5
12  1
7  2
11  -2
12  1
13  8
12  3
10  1
12  0
8  6
16  2
12  2
13  7
13  7
11  0
11  1
13  6
9  7
15  3
10  0
14  1
11  -2
13  9
12  3
14  0
10  -1
10  0
9  3
15  2
12  2
11  -2
12  4
8  7
7  1
10  1
15  -1
10  3
15  1
8  8
9  4
16  0
14  -1
9  5
13  9
9  6
9  7
9  7
14  3
13  8
11  1
12  0
12  4
13  7
13  6
9  4
17  2
13  9
8  5
15  1
15  0
13  6
8  8
9  4
12  4
8  4
11  0
13  5
11  -2
13  9
12  3
13  9
9  5
9  7
12  3
11  -1
13  8
11  0
11  1
14  0
14  3
13  7
8  6
12  3
11  0
14  1
10  2
11  -2
6  6
5  1
13  6
11  -2
10  1
6  4
7  2
12  4
13  8
11  -3
13  8
13  7
14  -1
13  7
13  8
11  1
13  9
15  1
11  1
7  2
12  3
11  1
15  2
6  8
12  2
12  3
12  1
13  5
9  5
13  8
11  1
12  0
10  2
11  1
12  2
10  1
6  6
12  1
14  3
11  0
13  8
13  9
8  5
10  3
12  1
10  0
12  3
10  1
12  1
9  4
13  5
8  5
7  3
9  7
9  6
9  6
14  3
12  2
10  3
8  7
8  5
8  8
9  6
11  -2
11  -2
14  0
12  2
11  -2
13  6
10  0
10  -1
9  6
13  7
9  7
9  3
16  -1
13  6
11  -3
13  7
11  -1
11  -1
12  2
12  2
8  7
11  0
12  1
16  2
10  -1
12  0
13  5
8  7
16  1
11  -3
12  3
10  0
14  1
16  0
13  7
12  1
12  0
15  1
10  0
13  8
8  4
12  2
15  3
12  0
10  2
9  3
13  6
13  5
12  0
12  0
13  8
12  4
11  -2
15  2
13  8
12  2
11  -3
13  6
9  6
15  2
13  6
11  -1
15  1
10  0
12  3
5  -2
9  5
11  0
9  6
11  -1
12  3
10  3
10  2
10  -1
13  5
13  9
7  3
11  -3
11  1
13  6
15  0
11  -1
12  3
12  2
14  3
10  0
13  7
10  3
13  9
15  2
12  1
8  8
12  2
12  3
13  8
11  -3
14  1
11  1
13  8
11  -1
7  2
11  -1
15  1
8  7
14  0
14  -1
12  4
12  2
14  3
12  3
10  2
10  2
13  9
13  7
15  3
12  2
14  -1
11  1
11  0
14  1
13  6
14  1
12  0
13  9
11  -1
11  0
9  7
11  -3
10  0
9  6
10  1
13  7
10  1
11  1
10  3
10  1
9  3
11  -1
13  7
10  0
11  0
11  0
14  -1
8  7
12  0
10  1
14  3
13  6
11  -3
9  4
11  0
17  0
10  0
13  6
12  3
14  -1
8  4
10  -1
10  3
9  7
12  1
16  -1
18  5
12  2
8  4
15  2
11  -2
10  2
12  4
15  0
12  4
16  2
10  2
13  5
13  7
15  3
12  4
12  1
9  7
17  2
17  0
6  6
13  9
10  2
12  2
10  3
14  2
11  1
9  4
11  0
15  3
12  2
11  -1
7  2
13  8
11  1
15  3
8  6
12  3
10  0
12  4
10  3
9  4
13  8
11  -1
14  1
12  0
10  1
14  2
10  2
14  3
7  2
9  3
10  3
13  5
9  4
11  -2
10  0
13  9
11  -1
6  5
16  1
14  2
13  9
13  8
9  3
12  2
13  7
15  3
10  -1
15  0
9  7
12  2
12  0
15  1
12  1
18  3
14  2
9  5
14  3
12  4
9  3
9  6
12  4
7  2
13  5
9  6
9  6
8  6
10  3
16  0
12  3
11  1
11  -3
11  1
10  2
13  8
13  5
12  2
15  -1
7  2
11  1
13  8
12  2
10  2
10  2
9  3
10  3
7  0
9  6
12  2
12  4
11  1
12  4
7  1
13  9
8  4
9  5
10  2
8  4
9  4
8  4
12  2
10  1
10  -1
10  2
15  2
14  2
13  5
15  3
13  5
9  6
9  5
14  0
6  8
15  3
13  5
12  0
12  2
9  7
13  7
18  6
10  2
8  6
8  6
13  7
12  0
14  3
9  7
14  3
10  0
13  7
13  8
8  8
14  -1
12  1
9  6
12  2
8  8
14  -1
11  1
15  2
11  1
12  4
10  3
15  2
13  6
11  -2
11  0
9  3
9  6
15  1
11  1
6  5
10  2
11  -2
14  2
4  -7
11  -1
12  1
13  6
9  6
11  -2
11  -2
13  6
13  8
13  6
9  3
12  0
13  5
11  -2
12  0
13  9
15  3
12  4
13  6
12  3
7  3
9  4
8  6
10  3
11  -3
11  1
14  2
8  8
15  3
11  1
9  5
10  1
13  5
7  3
13  6
11  -3
15  1
14  -1
11  0
14  1
10  0
11  -3
11  -3
14  3
12  0
12  0
15  3
10  3
10  0
9  6
14  0
11  -3
15  0
8  5
12  4
9  4
14  1
13  9
9  7
11  -1
11  -2
11  1
13  5
11  -2
12  1
11  1
10  2
16  1
8  7
10  2
8  8
11  -3
13  8
9  6
11  1
17  1
13  8
13  9
13  7
12  2
13  8
15  1
9  7
11  -3
11  -1
13  7
14  2
