29  1
31  7
25  8
30  4
32  -5
33  -6
39  -3
30  2
30  2
33  -5
33  -6
35  -3
32  -6
30  4
31  8
34  4
30  2
31  8
31  7
31  7
32  -6
35  -2
33  -7
35  -2
29  0
33  -7
29  0
29  2
31  8
28  -3
31  8
32  -4
29  2
31  8
32  -5
36  7
35  -2
32  -4
32  -4
27  7
28  -4
33  -7
32  -6
32  -4
35  -3
32  -4
33  -6
31  8
34  2
30  3
33  -6
31  8
35  -2
29  2
30  4
35  -1
32  -5
29  2
31  6
35  -1
30  2
35  -3
32  -4
27  6
35  -1
31  7
34  4
30  3
29  0
31  7
32  -5
29  1
32  -6
31  6
31  6
36  6
35  -2
26  7
32  -5
31  6
33  -7
32  -6
32  -6
31  7
26  8
31  8
30  2
32  -4
32  -6
33  -5
33  -5
34  2
34  4
33  -7
33  -6
35  -3
34  3
30  2
31  8
36  8
30  2
31  6
29  1
29  0
28  -3
35  -1
29  0
33  -6
31  6
36  8
34  3
31  7
34  4
30  2
33  -7
30  3
32  -4
33  -5
35  -2
30  2
28  -3
30  2
29  0
31  8
29  0
36  6
28  -5
37  1
32  -5
34  3
34  2
31  8
35  -1
31  6
31  6
28  -4
30  2
31  6
32  -6
30  2
29  0
30  2
30  2
30  3
33  -7
35  -3
30  4
31  8
34  3
30  3
32  -5
29  1
32  -5
33  -6
30  3
29  2
29  2
31  8
32  -6
31  7
33  -6
34  3
34  3
35  -1
29  2
31  8
29  2
30  3
31  8
33  -6
33  -6
33  -5
31  6
32  -6
33  -5
33  -6
37  1
33  -5
31  6
35  -2
33  -7
30  2
26  8
31  7
29  1
36  7
29  0
32  -4
35  -3
35  -2
34  3
30  2
34  2
29  2
32  -5
29  1
34  3
35  -3
30  2
32  -5
34  3
33  -7
32  -4
33  -7
28  -5
32  -4
36  6
34  2
32  -4
33  -7
34  3
32  -5
28  -3
33  -6
37  1
27  6
30  3
25  7
35  -3
33  -5
32  -5
33  -6
27  5
33  -7
31  8
28  -4
31  7
31  7
31  8
30  3
32  -4
32  -5
33  -7
30  2
33  -6
30  3
31  6
29  0
34  2
33  -7
34  3
34  2
32  -5
35  -1
35  -1
32  -4
32  -4
32  -6
32  -4
30  4
32  -4
34  2
28  -4
36  6
33  -6
34  4
32  -5
29  2
28  -3
36  6
33  -5
29  0
28  -4
34  2
33  -5
32  -4
32  -4
31  7
31  7
34  3
27  7
34  2
29  2
35  -3
30  3
31  6
31  7
31  6
33  -6
25  6
32  -4
30  2
29  1
33  -6
30  2
32  -4
35  -3
26  8
34  3
32  -5
31  7
27  6
32  -4
34  2
27  5
25  7
34  4
32  -4
33  -5
31  8
31  8
30  4
28  -4
33  -5
34  4
34  4
29  0
35  -1
29  2
36  6
30  4
31  7
33  -7
30  3
30  3
33  -5
31  8
34  4
35  -3
30  4
30  4
31  8
35  -1
32  -6
27  7
32  -5
31  7
29  0
35  -1
34  3
33  -7
32  -6
33  -6
30  3
34  4
33  -7
30  2
30  4
31  8
30  2
36  8
28  -3
32  -4
30  2
26  8
31  7
37  1
34  4
31  6
27  7
32  -6
30  3
33  -5
27  6
32  -4
33  -5
34  2
28  -4
31  8
32  -5
32  -5
36  6
33  -7
33  -7
30  3
32  -6
36  8
34  4
31  7
33  -6
32  -5
26  6
35  -2
30  3
33  -6
31  6
32  -5
30  2
28  -3
31  7
35  -3
33  -7
23  -6
28  -3
31  6
32  -6
35  -1
34  4
31  7
30  3
29  2
30  2
30  4
32  -4
36  7
31  8
31  8
30  4
31  8
33  -7
33  -6
36  8
38  -5
30  3
34  2
33  -6
30  2
32  -6
32  -6
29  0
34  3
31  8
31  6
35  -2
33  -6
33  -6
32  -6
31  7
29  1
30  4
30  4
28  -4
31  6
36  6
34  3
33  -5
29  2
30  2
32  -6
30  4
28  -4
30  4
33  -7
33  -6
31  6
35  -2
36  8
30  2
30  3
30  4
34  4
29  0
33  -5
32  -4
31  7
31  6
34  2
33  -6
35  -2
33  -6
28  -5
31  7
28  -4
32  -4
32  -6
34  3
35  -3
33  -7
31  6
34  2
30  3
32  -4
26  7
32  -4
34  4
26  8
29  2
32  -5
32  -6
30  4
32  -4
30  3
33  -5
33  -6
30  4
29  2
28  -4
34  4
34  2
23  -7
33  -6
33  -6
34  2
33  -5
34  3
27  5
33  -7
32  -5
36  6
32  -6
37  2
32  -4
34  3
35  -3
39  -5
34  4
30  4
38  -7
30  3
33  -5
33  -6
29  1
34  3
29  0
30  2
37  1
35  -1
32  -5
32  -6
31  6
33  -6
30  3
36  8
26  8
32  -4
35  -3
33  -5
32  -6
32  -6
33  -7
33  -6
34  4
33  -7
35  -2
37  0
33  -7
37  1
31  6
34  3
33  -5
30  4
28  -4
33  -5
30  2
33  -5
30  2
33  -5
31  6
30  3
29  2
32  -5
30  2
29  0
36  8
30  3
29  0
26  6
31  8
30  2
33  -7
29  0
31  6
33  -6
33  -5
30  2
33  -7
37  0
32  -6
31  8
33  -7
33  -7
32  -4
34  3
32  -6
30  2
33  -7
31  8
29  0
34  3
31  6
36  7
33  -7
26  8
34  4
32  -4
28  -5
28  -4
32  -4
32  -6
33  -6
32  -5
28  -5
33  -7
29  0
37  2
29  1
27  5
26  8
33  -6
32  -5
36  7
31  6
32  -5
32  -6
33  -7
32  -6
31  6
34  2
30  2
33  -6
31  8
35  -1
34  3
30  3
28  -5
35  -3
32  -5
29  2
25  8
33  -6
31  8
34  3
34  4
33  -5
29  0
31  6
34  4
31  8
33  -6
34  2
28  -4
30  2
31  7
32  -6
34  4
32  -6
34  4
29  0
32  -5
31  7
30  2
30  3
34  2
30  2
33  -6
29  1
29  0
33  -5
31  6
30  3
33  -5
28  -5
31  7
33  -6
28  -5
31  8
31  6
35  -2
29  0
30  2
33  -7
32  -5
28  -4
31  7
32  -5
29  2
34  3
35  -3
32  -4
36  7
30  2
32  -5
32  -4
30  4
32  -4
36  8
34  4
35  -2
25  8
31  8
30  2
36  6
31  7
34  3
33  -5
34  2
32  -6
33  -5
31  8
30  3
31  7
33  -5
35  -1
33  -5
26  7
32  -4
29  0
30  3
31  8
29  1
32  -6
28  -3
34  2
35  -1
33  -6
34  2
38  -7
31  7
28  -3
33  -5
28  -5
32  -5
32  -4
32  -4
27  5
32  -4
29  0
29  1
28  -3
33  -5
30  3
32  -6
29  0
35  -2
31  8
30  2
31  7
35  -2
30  3
35  -3
29  0
33  -5
37  2
33  -6
35  -3
31  7
29  1
34  3
25  8
29  0
34  4
25  8
27  5
27  7
29  2
33  -5
31  8
34  4
29  0
31  7
32  -6
32  -6
35  -1
33  -5
31  8
31  8
33  -7
27  5
31  7
28  -5
34  4
33  -5
32  -5
30  2
32  -4
30  3
34  2
32  -4
28  -3
38  -7
32  -4
31  8
29  1
30  2
34  3
34  2
27  6
30  3
30  2
27  6
32  -4
34  2
32  -6
31  6
30  3
30  4
27  6
35  -3
34  3
31  6
33  -6
33  -5
27  5
32  -4
30  4
28  -4
30  3
32  -6
30  2
31  7
25  6
30  4
33  -7
30  4
29  0
31  6
34  4
34  4
31  6
30  2
31  8
29  1
32  -4
35  -1
28  -3
32  -4
33  -6
35  -2
27  5
27  7
35  -3
34  4
31  8
33  -6
27  6
32  -5
35  -3
35  -1
30  3
34  3
30  4
31  8
26  6
34  2
29  2
33  -6
31  6
32  -5
31  8
29  2
33  -7
33  -6
29  2
32  -5
29  1
32  -6
32  -4
32  -4
32  -4
31  8
34  4
23  -6
30  4
33  -5
34  4
29  0
29  1
32  -4
31  7
36  7
29  2
35  -2
30  3
27  6
34  3
27  7
36  7
36  8
33  -6
32  -4
35  -2
29  0
33  -5
28  -5
33  -6
28  -5
29  1
32  -5
36  7
34  4
31  7
29  0
30  4
35  -2
33  -7
31  8
32  -4
29  2
33  -5
30  3
34  4
29  2
31  6
30  3
32  -4
35  -1
28  -5
35  -2
35  -3
31  7
34  2
36  8
35  -2
33  -5
37  0
31  7
32  -6
30  3
34  3
37  2
32  -5
30  4
30  2
37  0
30  2
30  2
35  -2
33  -5
33  -5
27  7
30  4
31  8
33  -5
33  -5
33  -6
34  3
35  -3
29  1
25  6
29  0
33  -7
34  2
34  4
28  -5
35  -2
33  -7
31  7
36  8
29  2
32  -4
35  -3
32  -4
34  2
32  -5
30  4
34  4
32  -5
33  -6
29  2
29  0
32  -5
36  6
34  3
33  -5
31  8
30  2
31  6
29  0
30  2
33  -7
36  7
33  -5
29  0
34  3
33  -5
33  -5
31  6
34  2
28  -5
31  8
32  -4
28  -3
33  -6
29  2
30  4
30  3
32  -4
32  -5
30  4
30  2
30  2
30  3
33  -5
28  -4
31  8
33  -7
33  -6
32  -6
30  4
33  -5
34  3
28  -5
32  -6
29  0
34  2
31  8
30  2
32  -4
33  -6
32  -6
29  0
32  -6
35  -2
30  3
32  -5
29  1
27  5
33  -6
34  4
33  -6
