27  2
24  1
25  -6
27  0
27  -1
24  5
30  3
25  -4
24  4
25  -5
28  -2
26  -1
25  -7
28  -2
29  4
24  4
23  -2
24  1
28  -1
23  -1
24  4
25  -7
29  4
27  2
26  -1
25  -6
28  1
24  1
28  -2
30  5
27  2
27  1
26  -3
24  3
27  0
25  -8
27  1
27  2
25  -5
26  -5
23  -4
24  3
30  5
27  3
23  -3
24  3
27  0
28  -2
25  -8
26  -5
27  -1
27  -1
27  2
27  3
26  -5
24  2
23  -2
29  5
26  -1
29  2
25  -5
28  -1
23  -4
28  -2
28  -3
28  0
28  1
25  -7
30  4
26  -2
28  -2
26  -3
22  1
24  4
25  -5
28  -3
28  1
27  1
26  -1
23  -3
26  -2
23  -4
28  -2
24  2
23  -1
24  2
24  4
29  2
28  0
25  -6
28  1
26  -4
23  -1
23  -3
25  -8
23  -2
28  0
26  -5
26  -1
23  -4
28  1
26  -2
29  2
26  -3
27  0
25  -5
25  -7
26  -4
26  -4
28  -3
26  -2
26  -1
23  -1
24  3
26  -2
28  1
27  -1
27  -1
21  4
26  -4
26  -4
26  -2
26  -4
24  5
26  -1
25  -7
21  5
25  -6
28  -2
28  -3
24  4
27  2
25  -5
22  -3
28  -3
29  2
26  -5
24  4
26  -1
27  0
23  -3
26  -1
26  -5
23  -4
27  -1
28  1
27  2
29  3
28  -1
27  0
25  -7
28  1
24  2
25  -8
25  -6
27  2
26  -4
28  1
28  1
25  -4
29  2
27  3
26  -1
25  -4
25  -6
27  2
26  -1
25  -6
26  -1
26  -5
27  0
26  -5
24  4
24  3
26  -5
26  -4
26  -1
26  -2
27  -1
24  1
26  -3
26  -2
27  -1
25  -4
28  0
25  -6
28  1
25  -5
27  -1
25  -7
25  -7
23  0
27  -1
26  -5
21  3
24  3
29  5
28  -3
26  -5
27  -1
24  1
29  3
23  -1
26  -4
26  -2
27  1
27  1
28  0
28  -3
24  3
27  3
27  0
27  -1
28  0
26  -1
26  -1
25  -6
27  0
27  3
25  -6
25  -5
28  -3
28  0
27  2
26  -1
28  -3
27  2
27  2
27  0
25  -4
25  -6
23  -2
26  -2
26  -1
22  0
27  3
25  -5
26  -1
26  -5
26  -1
24  1
28  -1
25  -5
25  -6
25  -5
24  5
26  -3
25  -8
25  -4
24  5
27  1
25  -8
27  2
28  0
29  3
27  0
27  2
27  0
27  3
24  4
29  5
25  -8
27  3
23  -3
22  1
26  -3
26  -5
27  3
27  3
27  2
23  -3
28  0
27  0
26  -2
24  2
28  -3
28  0
26  -2
26  -4
26  -3
21  5
24  4
24  5
28  -3
24  3
25  -7
25  -4
23  -3
23  0
26  -4
24  5
27  3
27  2
24  1
26  -5
24  5
26  -1
28  0
28  -3
28  1
26  -2
24  2
27  2
28  -3
25  -6
24  5
26  -5
27  -1
23  -4
27  0
29  1
25  -6
25  -4
22  0
24  3
28  0
28  -3
27  3
29  4
25  -7
27  1
26  -4
23  -4
29  5
28  0
29  5
25  -7
27  3
25  -8
25  -7
26  -3
27  -1
27  0
24  4
28  0
26  -5
24  1
28  -2
26  -2
26  -2
24  2
26  -5
26  -4
23  -4
29  3
25  -7
24  1
27  -1
28  -1
25  -7
25  -5
29  2
27  1
22  -1
26  -2
24  5
24  2
23  -2
26  -2
26  -5
27  -1
28  -1
27  -1
28  1
24  1
23  -4
24  1
25  -7
27  1
27  -1
27  0
24  3
27  0
26  -3
25  -8
24  4
29  2
26  -4
27  3
26  -2
25  -5
27  -1
26  -3
23  -2
28  -1
27  3
26  -2
26  -4
24  3
25  -6
26  -3
27  0
23  -3
26  -3
26  -5
29  3
26  -1
27  3
28  -3
27  1
20  -5
25  -4
26  -4
26  -5
27  2
26  -5
24  2
23  -1
26  -5
22  0
26  -5
28  0
24  1
26  -2
23  -3
24  3
21  2
26  -3
30  6
26  -2
26  -1
22  1
27  -1
26  -3
27  -1
25  -6
25  -4
24  4
27  3
28  1
25  -7
26  -5
27  2
25  -7
21  6
25  -7
28  1
28  1
25  -8
28  -1
27  0
27  3
26  -2
25  -5
25  -6
27  -1
28  -3
25  -5
25  -4
28  -2
24  4
26  -2
27  -1
27  3
25  -7
26  -3
27  3
28  -3
26  -4
27  1
27  0
24  3
23  -2
27  0
27  1
29  3
27  3
25  -8
27  1
28  -1
27  1
24  5
30  3
26  -2
28  -2
28  -2
28  -3
27  2
26  -5
26  -1
25  -7
24  5
22  -1
27  0
24  5
27  -1
26  -3
25  -4
26  -4
25  -7
25  -8
25  -4
28  -1
25  -4
29  1
25  -6
25  -6
28  -1
29  4
23  0
27  1
28  -3
22  -2
26  -5
25  -7
28  0
26  -3
27  2
28  -1
24  1
26  -1
28  1
28  0
26  -5
24  1
24  3
27  2
27  0
25  -8
24  3
29  1
26  -1
25  -7
23  -1
27  1
25  -7
26  -3
28  0
24  4
25  -8
25  -4
24  3
27  3
22  -3
25  -4
25  -7
24  2
27  -1
25  -4
25  -4
24  5
27  2
28  -3
25  -7
27  0
26  -4
26  -1
25  -6
26  -3
28  -3
26  -4
28  -2
28  1
26  -4
27  2
25  -6
24  1
26  -1
23  -3
29  1
27  3
28  1
27  1
25  -8
26  -1
28  -2
26  -3
25  -7
27  3
23  -1
27  -1
29  5
27  -1
25  -4
26  -1
25  -7
24  4
26  -4
30  4
28  1
25  -4
25  -5
27  -1
26  -4
25  -8
26  -5
27  0
27  1
23  -3
27  2
25  -5
26  -4
27  0
28  -1
28  -3
24  4
28  1
24  1
25  -6
27  -1
24  3
26  -3
27  1
24  3
26  -5
25  -4
23  -2
26  -1
29  5
23  -1
26  -2
25  -8
28  -1
27  3
27  0
28  0
26  -3
24  3
25  -5
26  -1
26  -1
25  -7
28  -2
26  -3
24  3
27  -1
25  -6
29  4
28  1
25  -7
27  -1
27  -1
25  -4
28  1
24  1
27  1
25  -5
26  -2
24  2
28  -3
27  -1
20  -4
25  -4
29  2
27  2
25  -4
29  4
29  2
26  -5
26  -3
29  2
22  -2
27  -1
26  -4
27  1
26  -4
26  -3
25  -4
27  3
25  -7
29  5
25  -4
26  -3
26  -2
25  -4
26  -1
25  -5
25  -6
25  -7
29  4
24  3
27  3
24  5
25  -5
27  1
27  1
26  -1
25  -6
24  1
24  1
23  0
25  -7
28  0
25  -4
28  -3
27  -1
28  -2
26  -1
26  -3
24  4
27  0
25  -6
24  3
27  3
26  -4
21  4
28  1
30  4
27  1
25  -4
26  -3
27  3
29  1
29  1
27  2
27  3
25  -5
30  6
26  -4
28  -2
24  4
23  0
26  -5
25  -8
25  -4
28  -3
27  2
26  -5
26  -2
27  0
28  -3
26  -2
30  5
29  2
27  0
25  -7
27  3
25  -8
23  -3
24  3
24  2
26  -1
28  -3
25  -8
25  -5
28  1
26  -4
28  -3
23  -3
27  -1
26  -4
27  -1
28  1
27  0
26  -4
25  -8
25  -8
28  0
27  3
26  -1
27  3
25  -8
27  0
27  2
25  -6
28  -2
29  4
27  2
27  3
28  1
24  4
24  3
26  -1
27  -1
27  1
27  2
23  -3
26  -5
27  -1
27  3
27  1
24  3
28  -3
27  1
25  -7
28  1
24  3
26  -5
26  -3
27  2
24  2
25  -6
27  2
26  -3
25  -8
29  5
25  -5
25  -6
26  -5
25  -4
28  0
22  -1
26  -2
29  2
26  -3
26  -5
21  6
26  -3
27  -1
24  4
26  -1
26  -1
27  2
26  -1
25  -8
25  -8
30  5
28  -3
25  -8
28  -2
28  -2
26  -3
25  -5
22  -2
29  3
29  1
28  -3
23  -2
27  2
26  -3
24  3
23  -2
26  -2
28  -3
26  -4
27  0
28  -1
25  -7
25  -6
28  -2
27  0
28  -1
25  -5
25  -5
26  -4
28  1
25  -8
23  -3
26  -1
26  -1
25  -6
24  2
25  -6
24  4
26  -5
29  2
25  -4
27  0
25  -7
26  -5
27  -1
26  -5
26  -5
24  1
27  0
26  -3
25  -4
26  -5
21  3
26  -4
27  0
26  -4
29  2
25  -6
25  -6
20  -3
28  -2
26  -5
26  -1
25  -5
24  4
26  -3
27  3
21  6
24  2
25  -7
26  -1
29  4
29  4
26  -3
26  -4
28  0
22  -3
27  0
25  -6
25  -6
25  -4
27  3
23  -1
28  0
25  -4
25  -8
24  2
25  -6
26  -5
27  -1
28  -2
26  -4
25  -4
27  0
25  -7
24  4
29  1
27  3
24  3
25  -8
26  -4
23  -2
27  2
23  0
26  -4
27  -1
24  2
28  -1
25  -8
27  3
24  5
29  5
27  2
25  -6
27  2
26  -2
27  1
25  -4
29  3
30  4
23  0
26  -3
26  -1
26  -3
29  4
28  -3
28  -1
26  -5
25  -7
25  -8
23  -1
29  1
25  -6
25  -7
30  4
25  -5
26  -5
28  -3
24  4
27  2
28  0
30  5
28  -2
25  -5
27  -1
24  1
26  -1
27  3
28  1
27  1
26  -3
26  -2
25  -5
28  -3
27  3
25  -5
26  -2
25  -8
24  3
25  -4
27  2
26  -5
24  2
27  -1
26  -2
24  1
27  3
23  -3
28  -3
25  -7
24  4
25  -4
25  -7
24  5
23  0
29  5
29  5
24  5
29  5
24  5
26  -2
25  -6
28  -1
27  -1
23  -4
26  -4
23  -4
26  -2
22  -2
25  -8
28  -2
25  -5
25  -7
20  -5
