13  3
18  5
11  2
15  0
11  -2
13  4
10  -7
18  6
18  4
17  -4
14  1
17  -3
16  -1
17  -6
14  -1
14  0
18  6
11  -2
18  8
13  5
15  -1
16  -3
13  3
14  1
13  0
16  -2
13  -1
14  -2
15  -2
18  8
13  5
14  -2
16  -3
15  -2
12  -4
14  -1
16  -2
13  4
13  2
11  2
14  4
17  -8
13  1
16  0
12  -9
19  0
15  1
18  3
11  0
12  -8
14  2
13  0
13  3
14  1
13  3
18  2
15  1
13  5
17  -8
15  -1
13  -1
16  -2
11  -2
15  -4
13  2
13  -1
13  5
18  5
16  -2
13  0
15  -2
16  -1
15  -4
13  -1
15  -3
19  4
15  1
11  -2
16  1
11  2
12  -8
14  -2
17  -5
15  -5
18  7
11  -4
15  -3
17  -5
14  2
19  3
17  -3
13  1
14  1
14  4
17  -5
15  -5
10  -6
12  -7
15  1
21  -4
16  2
13  2
14  1
14  3
17  -7
12  -6
15  -5
18  7
17  -4
17  -3
13  5
13  5
15  -3
18  5
13  4
14  2
13  1
14  4
11  -2
14  3
14  -2
16  -2
11  2
13  5
14  2
15  -2
13  -1
20  5
12  -8
11  1
16  0
16  2
9  6
14  2
16  2
11  1
13  5
13  5
11  -4
14  -2
17  -3
11  0
13  2
16  -1
15  1
15  -3
15  -4
11  -2
16  -3
17  -9
19  0
16  -3
18  4
12  -5
13  0
13  -1
17  -4
13  3
10  -8
15  -3
20  3
14  2
12  -6
17  -7
12  -4
16  2
14  1
14  2
12  -8
17  -7
14  4
17  -5
12  -7
18  7
12  -10
16  -1
11  -3
10  -10
15  -3
11  -4
14  -1
16  2
14  4
14  2
12  -4
13  4
15  -3
15  0
15  -5
13  -1
18  6
14  4
15  0
13  0
12  -4
16  -1
10  -6
19  1
16  0
15  -1
13  4
12  -8
14  -2
14  -1
13  1
11  1
16  -3
12  -4
10  -8
15  -1
13  2
11  0
12  -5
11  -3
13  2
15  1
10  -7
13  0
16  0
16  -2
19  0
10  -5
15  -2
15  0
11  -4
16  2
15  0
12  -6
15  -3
12  -10
13  3
10  -10
16  -1
15  1
13  1
15  0
16  3
14  0
16  0
15  -5
9  6
17  -5
17  -8
15  0
14  4
14  1
13  1
17  -9
13  4
15  -5
15  -5
12  -10
15  0
15  -4
12  -4
15  -4
19  2
16  2
17  -4
13  2
16  2
16  0
13  1
13  0
12  -7
13  4
11  1
11  -2
12  -8
13  5
14  -1
14  4
15  -2
16  0
16  -1
13  5
19  5
14  2
11  1
9  8
19  1
16  0
12  -7
16  0
13  4
15  -2
15  1
12  -4
10  -10
16  -1
9  8
13  4
15  0
11  -3
15  0
17  -6
13  3
15  -3
13  4
14  0
22  -7
16  0
15  -4
10  -10
17  -4
13  3
13  1
16  1
13  2
13  3
13  5
13  0
20  6
13  5
7  -2
15  0
14  3
17  -7
13  0
14  -2
18  4
19  2
18  4
13  2
14  0
14  0
14  -2
9  6
17  -9
11  2
10  -6
14  0
14  0
22  -6
16  2
16  -1
14  3
17  -9
16  2
17  -7
17  -6
15  1
13  3
10  -8
13  0
9  7
15  -4
15  -2
21  -3
19  3
14  2
17  -5
12  -8
13  1
17  -6
16  1
14  -2
7  0
15  -4
15  -5
15  -4
14  4
19  3
13  4
18  2
16  -3
16  0
9  8
20  5
14  -2
17  -7
14  2
14  3
21  -5
11  1
12  -10
11  -3
14  1
11  -3
13  0
16  -1
13  1
11  0
15  -3
13  0
11  -4
13  1
19  5
13  1
14  -2
11  -3
17  -6
9  9
12  -5
13  1
19  6
13  2
12  -6
15  1
19  3
17  -9
10  -10
21  -6
11  -3
14  1
14  4
15  -1
17  -3
19  5
13  -1
15  0
13  3
23  -1
13  3
16  3
15  -1
14  4
22  -7
15  1
15  -1
16  0
14  4
17  -8
12  -6
15  -1
11  -3
13  1
17  -5
16  2
16  2
9  5
15  -2
13  3
18  8
10  -5
13  3
16  3
11  -1
12  -10
17  -5
10  -10
14  3
13  0
17  -5
17  -4
13  2
13  0
13  3
21  -9
18  2
14  3
12  -5
18  5
16  -2
20  8
15  -5
15  -4
22  -5
17  -3
15  -4
15  -1
9  10
15  -5
14  3
11  2
19  5
15  1
11  -3
12  -10
14  2
22  -4
14  2
17  -4
14  2
13  3
14  -2
12  -6
13  3
15  -2
11  -4
15  -3
21  -6
15  -5
15  -5
17  -4
16  -2
14  1
10  -9
14  4
14  1
12  -10
14  -2
11  2
17  -7
12  -6
17  -4
15  -4
14  2
12  -5
14  1
14  -2
17  -8
12  -8
16  -1
17  -3
16  -1
13  2
11  -3
16  0
13  5
13  2
16  -3
20  6
12  -4
15  1
15  -3
10  -7
12  -5
14  2
20  3
19  2
14  0
15  -5
11  -3
16  3
17  -7
18  8
14  4
14  0
16  0
13  -1
13  1
18  8
13  1
16  1
17  -8
20  3
18  6
17  -8
11  -4
18  4
11  -3
15  -3
17  -3
10  -5
15  -5
11  -3
19  2
11  -2
19  6
14  3
17  -5
15  -1
12  -4
18  3
14  1
17  -8
13  5
16  -2
13  4
8  -5
12  -5
13  1
12  -6
14  -1
18  5
19  3
14  3
12  -6
12  -10
10  -9
15  -5
17  -4
11  0
9  10
12  -10
16  -1
12  -7
13  4
16  -3
11  -2
18  3
18  8
13  4
11  -1
15  1
15  -4
16  -2
15  -3
12  -7
10  -5
15  -2
14  -2
8  -8
12  -6
21  -6
14  0
15  -2
12  -10
14  0
15  -5
14  4
17  -4
13  4
11  -3
15  -2
14  2
15  -2
12  -6
12  -8
16  3
15  -1
17  -3
14  -1
12  -8
13  4
14  -1
12  -5
11  1
15  0
14  3
15  -5
12  -7
14  4
13  3
14  2
13  1
16  3
14  4
17  -4
12  -4
16  -3
11  -4
17  -3
17  -7
14  -1
15  -3
19  2
18  3
16  -2
16  3
12  -5
16  0
13  5
15  1
18  4
14  2
15  0
13  0
14  4
16  -1
16  1
17  -7
11  -3
15  -4
11  -4
16  -3
16  0
15  1
11  -1
15  -2
16  1
11  1
17  -4
19  2
15  -5
12  -6
17  -6
14  0
12  -5
16  -1
14  4
8  -6
12  -5
18  4
12  -6
17  -8
11  -3
16  1
18  3
10  -5
14  -2
14  0
14  0
14  2
12  -7
17  -9
14  1
17  -5
11  -2
15  -5
13  3
15  -2
12  -8
15  -1
14  4
15  -5
10  -9
15  -4
14  1
15  1
14  -2
15  1
15  -3
13  0
16  1
15  -5
19  2
14  2
16  1
14  1
13  3
14  3
10  -10
16  1
13  3
14  0
18  7
16  -2
15  -4
18  5
13  1
18  6
16  0
17  -4
14  3
11  2
17  -4
14  3
14  -1
14  -1
15  -3
10  -10
13  1
13  5
18  7
14  -2
16  -2
11  1
16  -3
17  -3
13  2
15  1
13  4
16  3
13  5
13  5
17  -8
12  -10
14  -2
16  -1
12  -8
17  -7
13  3
15  -3
18  5
13  4
14  4
12  -7
14  1
17  -9
10  -9
17  -4
18  4
12  -9
17  -3
14  -1
14  2
14  1
17  -7
9  9
13  3
11  2
17  -6
16  -1
12  -4
12  -8
10  -4
13  0
11  -1
14  4
13  5
18  7
16  2
21  -9
15  -4
17  -3
15  1
11  -1
21  -5
12  -7
15  -2
13  -1
17  -8
10  -6
19  0
16  -1
13  4
11  1
19  4
13  1
10  -5
18  7
11  -4
15  0
13  0
16  -2
10  -7
8  -5
17  -8
16  0
18  6
18  2
18  3
15  -2
15  -5
15  -2
14  3
15  -3
11  -3
17  -6
19  3
14  0
16  1
15  -2
18  8
13  5
11  -4
15  -4
11  -2
11  -1
13  1
15  -2
17  -3
19  1
14  3
17  -8
18  3
14  1
11  -2
14  -1
13  -1
16  0
13  1
19  2
11  -2
11  0
16  -1
14  4
16  0
15  -2
14  4
12  -7
10  -7
10  -4
19  6
17  -7
15  -5
15  1
14  4
15  -2
15  -5
13  2
12  -4
15  -2
17  -3
17  -8
11  0
11  0
14  4
14  -2
16  -1
14  2
16  -3
16  3
16  -2
19  1
18  8
14  -1
15  -4
15  -1
12  -10
15  0
16  0
13  1
16  1
11  0
17  -6
14  1
12  -5
13  -1
9  10
13  2
12  -10
9  6
16  2
15  -2
18  2
13  0
10  -10
14  3
19  5
15  0
15  0
12  -7
13  2
11  -1
15  -2
15  -4
13  2
14  -2
18  5
9  5
19  6
13  -1
13  3
12  -4
16  1
15  1
17  -7
15  -5
18  2
8  -10
17  -9
15  0
13  2
12  -10
13  5
13  3
9  10
16  0
13  -1
14  1
15  -3
19  1
14  -1
19  1
18  4
17  -4
18  8
16  1
12  -7
13  5
16  2
16  2
9  10
15  0
16  -3
9  10
20  4
15  -5
15  -3
12  -8
8  -5
9  5
16  -1
14  1
15  0
9  10
15  -4
15  -4
16  -2
16  -1
15  -4
14  -2
11  -1
14  -2
17  -9
18  6
17  -7
13  2
14  1
11  -1
10  -8
12  -7
16  1
15  1
15  -4
15  -1
11  2
13  2
13  -1
13  1
16  -3
16  2
13  -1
17  -3
14  1
15  1
20  3
15  1
13  1
17  -5
16  -2
14  -1
17  -3
17  -6
18  3
13  3
18  2
