20  1
30  -9
18  0
24  3
27  6
24  5
27  6
27  7
23  4
21  4
31  -4
25  -3
19  -4
26  5
21  1
23  3
28  1
27  7
24  5
27  4
28  -3
27  3
28  -5
27  6
22  4
27  7
24  3
24  9
18  -6
28  -5
29  -10
25  -7
27  6
23  2
21  3
32  -4
22  4
25  -3
23  -2
29  -4
29  -6
27  3
28  -2
23  2
29  -8
27  3
24  6
22  5
27  5
26  6
22  6
25  -5
23  -2
23  2
23  3
27  8
23  -2
30  -4
28  0
28  -4
22  5
22  9
28  -5
26  1
28  -2
27  9
23  1
24  7
25  -6
30  -6
18  -1
23  1
22  10
27  8
27  5
22  9
21  3
24  3
28  1
26  5
27  7
27  5
25  -4
28  -1
28  -4
23  -1
25  -1
28  -4
28  -4
26  0
27  5
27  9
25  -6
21  3
27  4
25  -4
25  -3
25  -1
25  -3
25  -7
31  -6
26  5
25  -7
26  6
23  1
28  -3
26  1
27  4
24  5
28  -1
26  5
24  7
18  -3
20  -1
29  -8
23  0
25  -4
20  0
31  -4
26  1
19  -7
19  -6
29  -5
22  7
29  -8
26  1
23  2
27  8
24  3
22  10
22  4
24  7
23  1
26  6
25  -5
27  9
32  -9
20  4
26  2
31  -5
28  -4
28  -5
29  -7
27  8
32  -9
24  7
22  9
25  -3
22  4
25  -3
28  -5
20  1
30  -3
23  1
20  3
27  3
24  5
23  4
25  -3
28  -3
18  0
23  4
24  8
30  -3
27  3
24  5
30  -6
28  -5
27  6
28  -2
20  4
21  4
28  0
23  2
22  8
23  -1
30  -9
25  -4
24  8
28  -5
25  -5
27  5
22  10
28  -2
28  -3
24  6
28  -4
24  7
24  3
24  7
27  6
19  -8
25  -7
23  1
32  -7
28  -5
29  -9
24  4
23  4
22  10
23  3
23  -2
27  5
29  -6
22  6
20  5
22  8
31  -5
26  6
25  -6
25  -2
22  6
25  -6
23  0
30  -3
27  9
22  5
24  8
26  0
26  1
25  -2
20  3
21  2
19  -8
25  -1
20  -1
26  4
26  5
26  2
23  0
28  -5
27  3
25  -1
30  -6
26  0
20  2
29  -5
25  -5
26  2
22  6
24  7
23  0
24  6
26  4
20  0
24  6
27  7
28  -3
29  -10
26  4
27  6
20  5
27  5
23  4
29  -8
26  4
25  -3
27  8
25  -6
28  0
27  3
26  3
27  8
25  -1
28  -5
24  6
22  8
23  3
29  -9
24  9
30  -3
25  -2
25  -2
22  9
23  -1
29  -10
27  7
31  -7
23  2
29  -6
28  1
25  -6
21  1
22  7
18  -1
29  -8
25  -2
23  1
26  5
23  -2
27  7
30  -4
28  0
24  9
24  5
26  2
26  1
25  -4
23  1
22  10
27  9
19  -8
29  -6
23  0
31  -3
22  5
25  -6
21  3
28  1
20  2
24  5
24  8
26  0
25  -3
25  -3
22  9
21  1
27  7
25  -1
18  -6
22  7
25  -4
28  -2
22  6
28  0
24  8
25  -3
22  8
27  9
24  8
30  -9
22  7
24  5
22  7
22  9
31  -1
23  0
21  0
22  5
25  -2
28  -1
18  -6
23  0
28  -3
26  0
26  5
24  5
26  5
26  2
30  -7
24  9
24  8
24  7
24  6
25  -7
28  0
26  0
22  4
30  -9
21  2
24  6
24  9
27  7
29  -6
23  -2
24  7
26  4
27  6
27  9
21  2
26  3
23  -2
27  3
25  -4
24  4
34  -5
29  -10
31  -5
25  -1
21  4
20  0
26  0
17  -1
28  1
25  -3
24  8
21  5
27  4
19  -10
23  -1
26  2
23  3
19  -6
30  -3
25  -5
29  -8
25  -4
29  -5
25  -5
23  -1
24  3
19  -7
28  -2
23  4
26  2
29  -7
28  -1
23  2
20  4
25  -1
18  -1
22  8
27  8
25  -6
26  5
23  0
27  6
30  -8
30  -7
24  6
29  -4
27  3
32  -5
30  -9
26  0
23  4
21  4
22  4
25  -1
27  6
21  0
26  0
23  3
25  -4
24  6
23  2
28  -2
27  6
26  3
29  -4
23  2
25  -7
25  -1
23  -2
22  6
23  1
27  5
28  0
27  7
23  2
29  -7
25  -7
30  -5
30  -3
30  -8
22  7
30  -9
28  -3
24  9
28  -3
21  0
26  1
25  -3
21  2
23  1
24  6
24  8
28  0
21  4
28  -3
27  8
32  -4
27  3
31  -7
29  -4
24  3
25  -7
26  0
30  -9
28  -3
27  4
31  -7
22  10
23  3
26  3
25  -7
24  4
28  1
26  1
23  4
27  9
26  0
22  5
22  9
28  -5
26  5
21  1
24  9
24  3
26  3
22  9
23  2
21  0
24  4
24  4
26  2
27  5
25  -4
21  0
27  5
27  8
27  7
25  -1
26  4
21  6
24  8
20  0
31  -5
24  3
22  10
28  -2
23  -2
25  -3
21  3
29  -5
30  -5
28  1
26  2
28  -4
24  5
25  -5
23  1
27  4
26  2
21  6
20  3
24  6
27  5
24  5
25  -4
26  1
22  4
26  1
24  9
25  -4
21  6
25  -1
19  -9
29  -6
24  7
26  2
25  -1
27  8
29  -6
21  4
25  -1
20  -1
20  -1
20  -1
26  6
21  3
26  6
29  -10
26  0
28  1
26  1
26  6
27  4
29  -8
22  4
25  -1
23  -1
24  6
24  4
23  3
25  -2
27  7
29  -5
26  2
29  -6
28  -5
29  -5
27  7
23  3
29  -8
24  6
28  0
23  3
24  3
25  -4
25  -3
25  -1
23  -2
27  9
26  3
21  2
23  0
25  -7
28  1
27  7
17  -1
23  2
24  3
26  6
25  -5
21  2
27  9
26  5
27  4
29  -9
29  -6
25  -5
21  1
28  1
28  -3
30  -9
26  6
23  2
27  6
24  6
26  5
28  1
28  -4
26  4
26  0
21  0
25  -3
23  2
24  3
27  9
23  1
27  3
28  -2
27  6
26  3
25  -5
29  -5
26  2
28  -1
25  -6
28  -5
25  -2
27  5
24  3
27  6
28  -4
28  1
33  -3
23  0
25  -7
29  -6
22  8
25  -1
26  6
22  5
31  -2
26  0
21  2
27  3
24  7
30  -6
29  -7
23  -2
24  9
26  4
26  2
28  -2
28  0
22  10
22  5
32  -10
25  -2
28  -2
26  2
25  -7
23  -1
25  -2
25  -3
33  -1
29  -6
25  -5
25  -4
21  5
26  0
26  4
24  6
23  1
25  -1
29  -7
26  0
28  0
27  8
22  10
23  1
26  3
29  -8
28  -4
26  2
22  5
22  5
28  1
29  -5
26  2
24  7
19  -6
24  3
21  2
23  4
23  4
24  7
25  -5
22  10
31  -6
21  6
27  4
28  -3
26  2
23  3
28  -3
26  3
29  -5
23  4
27  6
25  -4
30  -8
27  9
28  -2
23  3
29  -4
26  6
27  4
25  -6
19  -4
23  2
30  -3
27  4
26  4
27  4
23  -1
23  3
27  8
25  -6
20  2
19  -10
26  5
23  2
29  -8
22  10
27  3
25  -4
24  7
26  2
21  0
33  -5
26  4
30  -6
26  6
25  -1
23  4
23  -2
28  -4
23  -1
29  -4
27  6
24  9
22  9
28  -1
24  5
22  10
26  1
24  4
19  -10
20  4
25  -6
26  1
28  -3
21  6
27  9
25  -7
24  6
29  -6
32  -8
26  1
24  9
25  -2
25  -3
26  4
22  10
25  -7
23  -1
24  7
23  -1
28  -3
23  0
22  9
26  5
26  5
24  4
25  -2
24  7
22  9
21  5
27  8
30  -6
24  8
26  4
23  3
26  6
24  4
27  9
28  -2
24  7
27  5
27  5
28  0
27  5
29  -6
21  6
30  -3
24  9
24  8
24  8
24  9
20  0
28  -4
25  -7
26  4
23  -2
24  6
22  7
30  -3
29  -6
28  0
26  4
27  5
22  4
27  3
22  9
31  -2
28  -1
21  4
23  0
29  -10
24  3
27  3
23  2
22  9
23  4
23  1
25  -6
26  3
26  2
25  -5
27  8
25  -2
26  3
27  4
28  -1
25  -7
27  5
21  6
30  -5
22  10
27  6
21  1
30  -7
30  -3
21  3
24  9
28  -3
23  0
23  -2
25  -7
25  -6
27  4
28  -3
21  5
29  -9
23  4
26  0
22  4
27  9
21  1
27  6
24  7
24  9
31  -2
22  6
24  5
21  5
24  5
22  10
21  2
22  8
23  4
30  -7
26  2
26  4
26  3
26  0
20  -1
27  9
25  -2
28  -1
25  -6
31  -6
19  -7
28  0
25  -6
24  6
31  -4
24  3
22  6
24  6
23  -2
23  3
23  4
23  -1
27  4
16  0
18  -6
22  7
29  -10
25  -2
26  1
22  10
23  -2
26  4
22  9
23  -1
27  7
25  -6
30  -3
20  0
21  5
28  -4
26  2
27  8
29  -8
22  4
24  6
18  -5
29  -10
27  8
23  4
25  -1
23  4
22  5
20  3
22  10
27  4
29  -7
21  2
22  7
22  7
24  9
27  7
26  2
20  3
20  1
23  -1
26  3
26  3
28  -5
20  1
25  -3
21  4
30  -4
25  -1
22  10
30  -8
27  9
25  -7
27  3
29  -9
27  6
19  -6
22  9
22  4
26  0
23  3
18  -5
26  3
25  -2
22  5
22  5
26  6
25  -3
25  -1
30  -8
28  -5
25  -6
28  1
17  -3
23  3
23  1
25  -5
22  9
27  7
25  -6
