17  3
18  -4
21  3
17  8
18  -3
25  -1
22  -8
15  -5
20  -3
17  7
20  -3
25  -3
22  -3
18  -7
17  5
21  4
23  -1
19  -6
18  -3
21  -1
22  -7
20  -2
16  -6
21  5
19  -3
18  -7
21  2
19  -6
14  1
23  -3
17  7
20  -3
24  5
21  5
19  -3
22  -8
17  8
20  1
16  -4
21  -1
21  -1
20  1
14  -2
22  -6
19  -3
25  -2
25  2
21  1
22  -3
20  1
18  -4
19  -4
17  6
16  -1
20  -4
18  -1
26  0
22  -4
17  4
19  -5
15  0
20  -2
22  -9
15  -4
16  -1
21  -1
26  -1
14  -2
18  -7
21  2
20  0
26  -2
25  -2
18  -1
21  4
18  -3
14  1
16  -6
20  0
21  2
21  4
16  -7
19  -3
23  -3
16  -3
17  5
20  2
18  -7
21  1
19  -4
25  -2
23  -6
18  -6
18  -6
21  1
19  -7
18  -4
24  2
23  -6
20  0
22  -9
18  -2
22  -8
22  -3
25  1
14  2
20  -3
23  -2
19  -7
14  -2
20  1
24  3
18  -7
20  -2
19  -9
22  -4
18  -3
19  -5
21  4
19  -5
17  3
21  0
22  -9
19  -9
20  1
21  -1
19  -4
14  0
19  -8
21  0
17  5
21  4
23  0
14  -4
17  3
19  -5
23  -2
14  -1
14  2
23  -5
17  7
18  -5
23  -4
20  0
21  -1
17  4
17  5
20  0
17  7
21  4
20  1
18  -5
21  4
23  -2
26  0
23  -4
19  -9
22  -9
20  -1
17  4
23  -6
25  3
15  -3
23  -1
16  -7
25  -3
18  -1
20  -2
23  -1
18  -3
21  -1
20  1
20  -4
17  6
20  0
21  1
22  -6
20  -4
23  -3
21  0
18  -3
25  -3
21  3
23  -4
25  1
17  3
22  -7
18  -2
20  1
19  -3
21  2
15  -1
22  -3
24  2
18  -1
19  -9
17  4
19  -6
20  0
17  4
21  1
20  -3
21  1
19  -4
21  1
16  -4
23  -6
20  -4
21  2
22  -5
21  2
25  -3
21  2
18  -7
22  -6
23  -1
15  -3
21  3
19  -3
18  -7
17  6
22  -5
19  -8
15  -2
23  0
21  -1
22  -4
19  -8
27  -5
18  -7
20  2
14  1
21  2
19  -5
20  -4
27  1
20  1
17  8
18  -5
18  -1
21  3
21  1
22  -4
17  4
17  5
23  0
22  -9
19  -3
17  3
12  -2
24  3
23  -1
21  4
25  -3
20  -3
23  0
25  -2
18  -2
19  -8
16  -2
19  -3
21  3
19  -7
22  -3
21  5
22  -7
21  -1
22  -3
19  -6
20  -4
20  -4
19  -3
22  -8
19  -7
26  -4
19  -6
17  3
18  -2
20  -1
24  6
23  -2
22  -3
20  -4
17  7
22  -9
19  -8
18  -2
21  2
20  -1
19  -8
20  1
24  4
22  -8
20  2
15  -6
24  4
20  1
25  3
23  -5
19  -9
17  4
24  3
27  -2
20  -1
21  0
22  -8
21  1
21  5
21  4
16  -7
25  -3
19  -9
22  -7
19  -8
23  -6
16  -6
13  1
22  -6
21  3
25  3
24  2
20  -2
20  2
24  2
26  -2
27  -3
25  0
15  -1
17  9
19  -8
19  -3
20  -2
22  -6
17  6
15  -1
23  -3
23  -2
17  8
18  -5
22  -6
22  -9
24  3
19  -4
23  -5
23  -1
21  -1
20  -1
19  -5
19  -6
16  -5
20  0
19  -6
24  4
17  6
23  -4
20  0
23  -1
22  -3
19  -6
18  -3
16  -4
23  0
25  3
20  -2
23  -4
23  -3
22  -5
24  6
20  -1
19  -8
20  -1
15  -5
21  5
22  -4
18  -4
19  -9
24  5
22  -6
17  9
23  -3
24  1
11  0
16  -6
19  -7
17  5
20  -1
27  0
19  -8
17  3
21  0
18  -4
22  -4
21  3
17  4
14  1
19  -7
20  0
23  -6
21  -1
21  2
21  4
25  -3
21  4
17  4
25  2
19  -3
22  -9
22  -4
25  -3
22  -9
18  -3
19  -9
21  5
16  -4
18  -7
20  -4
12  0
20  -1
16  -6
25  3
20  -1
25  3
25  -1
22  -4
18  -1
19  -3
23  -2
26  -3
20  -4
19  -9
20  -1
25  -2
23  -2
19  -3
27  -2
20  0
23  -6
16  -7
24  3
16  -2
20  -4
17  7
24  3
20  -2
21  1
18  -3
20  -2
20  -2
18  -5
22  -6
24  4
25  -3
22  -9
27  -2
21  2
17  7
25  -2
20  2
18  -6
15  -6
18  -6
21  5
17  7
21  5
21  3
24  5
19  -4
19  -4
20  -2
15  0
23  -6
11  1
18  -4
20  1
22  -9
21  -1
18  -6
18  -3
18  -3
18  -1
21  -1
19  -4
24  4
21  4
24  6
12  3
18  -3
15  -4
15  -6
19  -5
18  -6
14  -4
21  5
27  -2
21  -1
15  -3
22  -3
20  -1
19  -8
18  -2
19  -5
19  -5
21  2
16  -1
25  3
19  -6
22  -3
14  0
19  -6
18  -3
20  -1
16  -3
21  0
25  0
21  5
27  -2
15  -2
24  4
23  -5
23  -4
17  7
23  -4
22  -9
20  0
20  -3
18  -1
21  1
15  -4
19  -4
22  -6
17  5
20  0
21  2
23  -6
13  6
12  -1
21  4
21  3
23  -4
16  -4
22  -9
18  -7
16  -5
22  -4
18  -7
18  -1
25  -1
20  -1
21  5
20  -2
15  -1
21  4
23  0
15  -5
24  2
20  0
18  -3
20  -4
16  -1
16  -7
19  -6
24  4
25  -2
18  -5
18  -6
17  3
17  6
20  2
21  5
20  2
16  -4
16  -1
18  -7
18  -3
22  -9
18  -3
22  -9
16  -4
23  0
18  -7
23  -5
19  -6
22  -7
24  5
20  -1
17  5
20  -1
17  3
21  4
21  1
20  -2
18  -7
17  6
23  -5
21  2
22  -4
13  1
18  -5
17  7
23  -1
21  1
20  -4
19  -3
19  -3
17  4
18  -2
21  -1
23  -6
20  2
21  0
21  1
22  -9
19  -7
20  1
18  -1
16  -6
22  -6
17  3
23  -6
23  0
18  -3
20  1
25  2
27  1
19  -7
22  -7
22  -8
24  5
19  -9
19  -3
18  -7
18  -3
19  -3
19  -4
17  4
21  2
21  2
21  2
18  -5
21  5
19  -9
23  -4
22  -4
24  3
21  -1
25  2
22  -9
15  0
20  -2
18  -3
17  3
20  -2
27  1
19  -8
21  -1
21  5
19  -3
25  3
20  -3
17  7
20  2
20  2
23  -2
27  -4
24  5
21  -1
18  -7
18  -3
21  -1
22  -5
25  1
17  7
15  -2
21  5
14  1
20  -3
18  -1
24  6
23  -6
19  -3
20  0
27  -2
21  5
20  -4
23  -1
16  -6
24  3
15  -3
25  -3
12  -1
22  -8
18  -4
17  7
24  5
21  1
22  -3
20  1
29  -3
21  0
26  -5
18  -6
22  -5
19  -3
13  6
20  0
17  4
19  -8
19  -3
19  -7
20  0
22  -8
20  -4
23  -3
18  -5
20  0
24  6
15  -3
23  -3
20  2
23  -1
20  2
16  -1
21  3
23  0
16  -5
18  -5
17  9
18  -1
21  3
18  -2
18  -6
21  2
18  -6
18  -3
14  0
14  -4
27  -5
17  6
17  6
18  -6
20  -1
22  -7
18  -6
16  -2
23  -6
19  -6
20  -2
23  -6
24  0
23  0
16  -3
17  3
18  -3
15  -6
20  -2
24  2
21  5
20  -4
22  -8
21  2
19  -8
16  -1
20  1
15  -1
18  -4
18  -2
22  -6
14  -3
23  -3
18  -1
18  -4
25  -1
18  -4
15  -4
15  -5
21  2
18  -3
17  9
12  1
21  0
17  5
19  -5
20  0
25  2
20  -1
17  4
19  -4
22  -8
23  0
22  -4
21  5
17  5
23  -2
19  -4
19  -8
17  3
19  -9
21  5
19  -8
20  -4
16  -2
25  -1
23  -2
16  -4
20  1
22  -3
19  -9
26  0
21  4
20  -4
20  -2
21  4
20  2
18  -2
22  -6
22  -7
18  -7
17  9
23  -2
20  -2
18  -5
19  -4
14  1
20  2
21  2
16  -4
23  -5
26  -3
17  6
21  2
19  -8
18  -5
16  -6
20  -2
18  -4
18  -2
21  5
18  -3
19  -4
18  -1
24  6
19  -9
18  -5
21  1
22  -9
18  -5
22  -8
23  -2
23  -5
24  4
20  2
23  -6
19  -6
22  -8
19  -5
21  3
20  0
22  -4
16  -2
20  -3
18  -4
20  0
21  1
22  -4
22  -8
18  -3
19  -9
19  -8
19  -4
24  0
23  0
22  -3
21  2
20  1
18  -2
24  3
18  -4
18  -6
21  5
21  0
23  -2
26  -2
20  2
21  2
18  -4
21  4
18  -4
17  4
22  -7
22  -3
20  -4
15  0
23  -2
20  0
21  0
18  -6
23  0
16  -1
18  -5
22  -4
19  -9
19  -5
16  -4
26  -2
21  1
17  7
16  -1
24  0
18  -7
18  -7
24  5
25  3
17  3
19  -4
17  4
19  -5
15  -2
18  -3
23  0
20  -2
19  -5
22  -4
19  -6
21  3
17  4
21  5
19  -5
22  -6
21  -1
19  -6
22  -4
26  -1
17  9
20  -2
18  -4
24  4
15  -2
19  -8
24  2
21  3
20  -4
19  -9
24  0
20  -4
20  -1
19  -9
25  3
23  -4
24  2
14  1
22  -6
21  1
19  -8
18  -4
22  -9
24  3
17  9
21  2
23  -4
18  -7
19  -3
20  -4
21  0
21  1
22  -7
24  2
18  -7
20  0
20  -3
27  -5
21  3
22  -7
17  5
18  -3
22  -4
22  -7
19  -3
19  -3
22  -8
21  5
22  -9
19  -6
16  -4
23  0
24  1
18  -1
15  0
26  -2
23  -6
22  -7
25  1
18  -5
21  1
21  1
15  -5
25  -1
23  -3
15  -3
18  -3
24  0
