7  0
9  1
6  5
5  7
9  -9
8  -13
4  2
7  -3
5  -2
4  11
8  -1
4  6
9  4
9  -10
7  -6
7  -8
9  -3
5  9
11  -10
4  13
8  -6
6  6
10  -3
13  3
6  -2
4  7
9  -9
7  -11
15  -1
4  5
5  1
12  5
15  7
7  -14
11  -11
9  2
11  -4
9  -3
6  -2
10  6
7  -10
7  -1
7  -1
13  7
10  7
9  3
11  -1
13  12
6  -4
8  -3
8  -13
6  -5
8  1
7  -2
7  -4
7  -3
8  -12
4  4
6  2
10  4
6  2
10  3
10  1
10  3
5  6
7  -9
6  6
5  -1
4  3
7  -1
10  5
9  3
8  -3
11  -1
5  1
9  -2
10  6
5  -5
7  -5
4  5
6  6
6  -1
8  -5
7  -10
8  -7
10  9
10  7
7  -7
11  -5
7  -9
3  2
6  0
7  -10
10  -4
10  6
7  -11
7  -6
9  0
12  10
8  -10
11  -4
5  0
6  1
8  -7
12  9
8  -2
9  4
9  -1
8  -1
5  -1
9  2
7  -8
10  4
10  9
10  2
8  -1
9  -5
12  13
8  -1
7  -11
6  3
6  -2
9  -10
7  0
9  -10
11  -5
5  -5
11  -6
9  1
10  5
8  -8
6  7
11  -3
10  5
7  -12
8  -8
8  -10
10  9
8  -11
7  -10
6  0
4  6
11  -2
13  11
5  -4
9  3
5  3
9  0
10  8
6  -2
9  2
13  3
13  11
10  5
2  -3
8  -1
8  -4
7  -3
9  -4
4  4
11  1
6  -2
8  -7
8  -9
8  -12
5  8
7  -11
7  -12
7  -13
12  6
7  0
5  6
7  -5
11  -11
10  6
11  -1
10  1
5  -1
10  -2
7  -10
7  -9
8  -3
10  2
8  -7
9  -3
10  9
10  8
7  -13
8  -11
9  1
8  -6
12  8
11  -10
9  -10
2  2
9  3
5  3
7  -4
7  0
11  -4
8  -6
9  -3
5  2
12  11
8  -7
7  -8
8  1
9  0
9  -1
5  0
5  4
6  4
10  -5
7  -11
4  11
7  -11
6  7
8  -4
3  8
14  14
9  -9
8  -7
10  -5
6  3
4  4
5  3
11  0
10  -3
8  -13
8  -2
8  1
7  -11
6  -3
5  9
9  3
13  1
9  3
8  -1
5  4
9  -8
6  -4
7  -9
9  1
7  -7
7  -13
13  1
16  5
10  0
6  -5
12  5
6  4
6  -4
6  2
12  0
4  7
8  -6
7  -5
7  -10
12  2
8  -1
6  1
7  -10
9  1
15  11
7  -9
11  -9
7  -7
10  0
12  -1
9  -4
9  -8
11  -12
5  -1
7  -10
10  9
6  4
8  -8
9  3
7  -8
8  -7
8  -3
11  -6
7  -9
13  0
6  6
12  6
9  -10
8  -1
9  -9
6  -2
5  4
11  -10
11  -7
5  5
6  5
7  -5
8  -13
6  -3
11  -7
10  0
4  3
13  5
9  -1
13  11
5  -1
8  -6
7  -13
5  7
5  7
8  -10
10  7
8  -6
6  2
11  -11
9  -5
9  0
7  0
10  5
14  0
5  -3
6  5
8  -11
5  9
7  -13
5  -4
6  -4
6  7
8  -9
9  -3
9  -4
8  -5
8  -4
8  -8
8  -1
8  -6
11  -13
6  -4
8  -11
7  -13
10  0
5  -2
11  -9
6  -5
8  -9
4  10
7  -6
7  -8
6  -3
9  4
8  -1
12  4
10  0
12  3
10  8
5  -1
10  4
11  -2
11  -10
8  -4
6  1
6  -4
7  -10
8  -4
10  4
4  5
14  8
8  -2
6  7
6  -3
15  -2
5  4
8  -3
9  -5
7  -14
13  13
10  8
8  -10
9  -8
10  2
8  -5
4  5
5  2
10  -3
9  1
6  9
7  -11
9  -3
7  -6
10  4
8  -4
12  8
9  -8
11  1
9  4
9  1
11  -8
8  1
10  8
6  5
12  1
8  -13
5  -1
6  6
11  -6
5  1
8  -4
7  -13
7  -13
6  6
7  -7
14  2
11  -8
10  7
10  9
10  7
9  -5
7  -7
6  -2
11  -7
9  4
5  -3
2  0
10  2
6  5
13  2
9  2
6  -1
11  -4
7  0
4  5
4  9
8  -1
12  12
11  -3
6  3
6  7
9  -1
10  -1
6  6
5  -2
8  0
6  3
8  -6
6  4
8  -8
8  0
10  2
7  0
8  -8
12  4
5  3
7  -1
9  4
5  -1
8  -10
10  -2
6  1
11  -1
4  0
8  0
8  -13
5  6
15  2
6  -5
7  -1
11  -11
11  -6
6  3
8  -13
4  2
4  0
7  -13
10  -4
8  -9
9  4
11  -7
9  -8
6  -1
8  -10
9  -10
9  -7
7  -9
5  -1
5  3
6  8
5  -1
8  -9
6  6
9  3
4  3
6  -3
3  11
4  11
5  8
10  4
6  -4
5  4
10  -3
9  0
13  3
9  1
6  4
7  -6
11  -11
8  -13
11  -4
5  0
7  -8
8  -4
6  7
6  8
6  -4
11  -12
11  -3
10  4
4  11
12  12
8  -6
7  -7
9  0
7  -8
6  -1
8  -12
8  -2
10  -3
9  -6
6  9
10  7
9  -7
11  -5
7  -4
7  -2
6  -5
7  -14
10  9
4  0
12  0
12  2
9  4
11  -3
7  -11
6  7
9  1
9  2
9  2
9  -5
8  1
11  -1
10  5
13  1
13  8
8  -10
11  -10
10  -2
8  0
8  -11
9  -7
8  -5
9  -5
6  3
6  7
7  -5
8  -2
12  1
6  3
5  7
12  12
9  -10
6  -1
8  -7
8  -13
7  -7
5  -1
13  8
5  4
5  9
3  0
6  9
9  -10
10  8
8  0
9  -8
11  -2
10  4
6  6
12  8
11  -3
6  -3
5  -1
9  -4
6  8
5  9
6  6
7  -4
6  -4
11  -6
5  4
8  -6
8  -9
5  -5
4  4
10  -1
8  0
7  -3
10  7
8  -3
4  8
10  6
8  -10
7  -2
15  12
9  -9
10  9
6  -4
7  -1
6  -5
10  -1
13  4
10  -2
10  6
10  2
8  0
9  -4
17  3
5  8
10  -4
5  -1
6  9
6  -5
9  -4
6  1
10  8
6  7
7  -10
12  3
7  -2
3  2
8  -2
9  -7
13  10
10  5
7  -12
6  -2
8  -10
12  3
6  1
8  -9
11  -5
9  2
9  -1
14  9
8  -8
9  -8
12  5
9  -4
10  -1
6  2
12  4
8  -8
6  9
10  5
9  2
3  13
4  6
9  2
5  -3
5  0
6  2
6  -4
5  -4
14  10
7  -6
1  9
7  -13
5  -4
7  -4
9  -6
8  -7
8  -4
9  -1
5  7
7  -5
6  -2
7  -11
8  -2
10  3
9  -8
8  -12
2  6
10  8
13  0
12  8
11  -1
7  -8
13  12
11  -4
8  -2
9  2
6  -3
9  -5
14  9
11  1
6  9
14  9
10  8
12  7
11  -13
7  -2
6  0
8  -12
10  4
6  -1
12  6
10  9
8  -5
7  -14
3  1
9  -5
8  -2
9  -10
9  -4
6  8
9  -3
10  7
12  9
8  -2
7  -11
9  -9
9  -1
10  6
8  -12
11  -3
6  4
11  -8
8  -9
7  -4
7  -8
5  4
10  -1
7  -7
9  0
9  -6
10  8
12  0
2  0
11  -3
5  5
9  4
6  -3
9  -9
7  -1
10  0
13  14
6  2
14  11
4  9
10  2
7  -3
10  -2
10  -3
7  -9
8  1
11  1
13  3
7  -9
5  0
9  -9
12  10
8  -5
7  -4
7  -4
9  -6
9  4
6  -1
11  -1
6  4
8  -1
7  -1
10  0
10  0
3  10
4  1
9  2
7  -4
7  -7
11  -2
11  -5
10  2
10  -1
7  -7
9  -1
9  3
8  -12
6  3
7  -4
7  -5
7  0
9  -7
12  3
9  -3
9  -6
6  -5
7  -9
10  -3
8  -2
9  -2
11  -10
9  1
6  3
8  -2
7  -9
9  -7
14  13
8  -9
6  -3
6  3
10  9
8  -10
11  -4
6  -2
8  -4
13  5
9  -6
9  3
9  1
10  -2
9  -9
9  -10
8  -7
7  -10
10  9
11  -1
6  3
8  -5
6  8
12  9
13  12
6  7
9  -1
10  -4
10  1
8  -13
5  5
8  -12
4  2
6  0
9  2
9  -9
8  -11
10  1
7  -13
11  -8
11  -12
6  2
10  3
9  -7
8  -4
6  7
8  -7
8  -13
6  2
9  -1
10  5
8  -7
9  -3
9  0
7  -1
8  -5
9  -4
11  -12
9  -6
13  13
6  2
5  -5
8  -5
5  8
8  -11
6  1
7  -11
7  -12
8  -6
8  -13
8  -10
9  -2
6  -1
6  1
9  4
11  -1
4  4
6  8
2  2
7  -1
11  -8
7  -1
8  -10
4  9
7  0
8  -8
10  -5
7  -1
9  -1
4  -1
7  -9
12  5
3  6
8  -11
13  0
9  1
5  -2
9  -9
3  13
9  3
1  -3
7  -5
9  -9
9  2
10  4
6  4
8  1
6  -5
9  3
11  0
8  -11
11  -3
7  -6
12  12
6  6
7  -12
9  -7
10  5
8  -11
6  -5
6  8
8  -1
8  -4
5  6
8  -5
11  1
11  -6
10  5
8  -12
7  -5
9  -7
11  -13
8  -2
7  -13
8  -10
4  13
8  -1
9  -3
4  7
10  8
10  -4
8  -8
5  3
11  -4
8  -13
9  -5
8  -8
7  -10
13  4
12  0
4  0
5  1
7  -6
6  5
11  -10
7  -6
1  3
8  -13
9  -5
11  -4
11  -5
5  9
10  1
12  12
9  -1
10  7
4  1
4  13
8  -4
6  4
10  5
9  3
10  -2
10  4
9  -5
13  2
13  9
10  7
8  -9
7  -14
12  5
12  4
8  -9
11  -7
6  8
7  -10
9  4
11  -1
