14  4
16  -6
15  3
16  -2
16  -3
16  2
13  2
15  9
16  3
13  9
14  1
15  11
16  3
17  3
15  10
17  -2
15  0
15  8
15  6
14  5
15  5
16  -3
16  2
16  -4
15  0
15  5
17  -9
15  0
13  7
16  0
16  -5
16  -2
16  -2
15  7
14  -1
17  -5
15  11
15  7
16  -5
15  1
16  1
16  1
16  -7
16  5
16  0
16  3
14  0
16  -3
17  -5
16  -1
14  6
16  -4
15  6
16  1
14  2
15  1
16  -6
17  -9
14  1
15  1
15  -1
16  1
15  11
14  5
15  -1
14  6
14  4
14  4
17  3
16  -4
15  5
16  -2
16  5
16  -2
13  6
16  2
12  8
16  -2
13  -1
17  -3
12  -1
15  -1
15  3
14  -4
15  3
15  10
15  10
16  -2
14  7
14  -2
15  6
14  5
15  0
15  9
13  7
16  -5
15  0
14  1
13  8
16  -4
17  -4
13  4
15  5
17  3
16  1
17  3
15  6
15  2
15  -1
14  -3
15  9
15  7
16  -2
17  -4
17  3
15  1
15  11
14  0
15  -1
14  4
16  5
16  -5
17  -7
14  -1
14  3
15  8
16  -1
16  -4
16  -6
16  -7
14  -5
15  4
15  7
16  -6
14  -1
12  7
15  1
16  -5
13  9
16  2
15  5
15  9
15  6
15  0
16  -3
17  3
16  -5
15  2
13  10
17  -9
17  -6
16  3
16  3
12  -2
16  4
16  1
16  4
16  -6
14  -3
13  5
16  -2
14  -1
12  2
16  -7
14  6
16  5
17  -7
16  5
16  3
14  5
15  11
15  5
15  0
16  -5
15  3
16  -5
15  8
14  -5
16  -6
14  -4
14  4
15  5
12  9
17  -5
15  8
15  4
14  0
15  1
16  3
15  3
14  -2
16  1
16  1
15  1
14  4
17  -5
16  3
14  4
15  8
17  -3
15  3
13  6
17  -6
16  -1
17  -2
16  -4
14  2
16  4
14  3
15  6
17  0
15  -1
16  -1
13  3
14  -3
16  -7
17  -8
13  3
16  -5
16  -6
13  1
14  -4
15  6
16  3
15  4
14  7
14  -3
14  0
17  1
13  1
16  -5
17  -5
16  5
15  6
16  1
15  6
14  1
13  -1
15  8
14  1
15  8
14  -4
15  4
15  10
14  -2
12  5
17  -6
14  -4
16  -2
14  -3
15  1
14  1
16  4
15  0
15  2
13  3
15  1
16  -4
15  8
15  7
16  -5
16  2
15  9
14  7
16  -5
12  8
16  2
16  4
17  1
16  1
17  -2
17  0
16  1
15  11
16  -5
15  6
16  -7
15  4
16  -6
14  6
16  1
15  -1
15  6
17  -7
17  -3
15  7
14  4
16  -5
15  5
16  0
17  -3
15  9
13  0
15  11
16  2
16  -7
13  3
13  6
14  2
14  5
17  -3
16  2
15  2
15  2
15  7
16  1
16  2
16  -6
15  2
15  6
17  -9
14  -2
16  1
13  8
15  6
15  0
15  4
14  -3
16  -6
15  9
16  1
17  -9
15  7
17  -9
16  1
15  11
15  4
16  2
14  5
16  3
15  8
16  -4
14  6
14  -5
15  6
15  4
14  -4
15  6
12  5
16  3
13  7
15  1
16  0
15  -1
15  5
15  11
17  -1
14  0
17  -7
17  -5
17  3
16  4
15  1
15  2
15  -1
16  -2
15  3
15  8
16  -3
15  8
16  -1
15  7
15  5
14  5
16  2
16  0
14  1
15  2
15  9
15  9
15  8
15  6
16  5
15  6
16  -1
15  10
14  6
13  1
13  4
15  11
16  0
12  7
15  7
15  1
15  0
15  -1
15  -1
17  -6
15  3
16  -6
15  2
14  -4
16  5
14  2
16  5
15  9
15  6
15  0
16  -5
16  -3
16  -4
14  -5
15  -1
15  7
16  0
14  1
17  0
14  -5
13  9
16  2
15  2
16  4
16  -7
14  -1
14  0
16  0
11  -3
16  0
16  -2
16  1
13  1
12  -2
16  -4
15  9
15  4
14  -4
16  -7
15  4
15  7
15  1
16  5
13  1
16  -4
15  0
15  4
15  11
15  11
15  9
15  4
17  -6
17  -3
16  0
16  -2
14  0
15  0
16  -2
16  -6
15  1
16  -7
15  1
14  0
15  0
17  -8
15  2
15  3
15  5
12  -2
14  4
16  -2
14  6
16  3
15  -1
15  8
16  -6
16  4
15  11
15  6
15  7
17  -2
13  8
14  1
15  10
14  -4
16  -1
16  -6
15  2
15  9
13  -2
17  -7
15  2
14  0
15  8
15  0
14  -1
13  0
15  0
17  3
15  6
16  -7
16  3
13  -1
16  1
15  9
17  2
15  1
15  0
15  6
16  5
12  -2
14  6
14  -2
14  -5
15  8
16  0
16  1
15  1
14  6
14  4
14  2
16  4
16  0
15  0
16  2
14  -1
14  -1
14  6
17  1
15  11
16  2
14  0
15  5
15  3
14  1
15  6
16  0
16  1
14  -4
16  -4
15  6
14  6
13  -1
14  4
16  2
12  3
15  1
15  10
16  3
13  9
15  3
16  3
14  2
13  -1
15  11
16  0
16  5
15  -1
14  6
16  5
15  7
14  1
17  -4
16  3
14  2
13  9
14  4
14  3
16  0
16  -2
12  9
16  -5
15  6
14  2
14  1
17  1
14  0
15  1
16  3
13  -2
17  3
17  1
15  5
16  0
15  1
15  3
15  7
14  2
16  0
11  -1
16  0
15  9
11  -7
14  4
12  10
16  -1
16  4
13  5
16  -7
15  -1
12  1
15  10
16  0
16  -6
15  0
17  -2
17  -7
15  8
15  10
15  -1
14  6
12  7
14  5
15  7
14  5
16  -4
16  -3
15  3
13  -1
16  3
13  5
16  -6
16  -3
16  -4
12  6
16  4
17  3
16  5
16  4
13  5
16  -4
14  0
15  4
16  5
15  8
16  0
14  0
12  5
16  0
14  0
16  1
17  -1
13  3
14  -1
15  9
15  4
15  7
16  -7
17  0
10  -5
15  9
16  -2
16  3
12  3
14  7
14  -5
16  4
14  -4
15  11
16  -5
14  0
15  2
17  1
15  4
13  10
16  4
12  8
17  -9
17  0
13  10
15  5
15  3
13  7
14  7
16  -7
14  6
16  -6
16  -2
16  -4
16  -6
16  5
15  7
14  0
14  -2
15  11
17  -5
15  9
16  2
16  -6
17  -2
16  -1
16  -5
15  9
17  -7
14  -4
15  2
14  2
16  -7
16  1
16  -5
17  -7
16  3
11  -4
16  5
13  2
14  -4
15  3
12  6
13  2
17  -1
17  0
15  8
14  7
16  -7
15  9
17  -1
17  -5
16  -2
14  2
17  -8
14  4
15  5
12  -2
15  1
16  3
16  2
13  4
15  1
17  -8
17  -6
15  4
16  1
17  -5
14  3
15  4
11  4
16  4
15  10
17  3
15  6
16  -2
16  0
16  2
14  2
16  -7
14  4
15  -1
15  2
15  0
14  0
15  10
16  -3
15  -1
17  2
16  2
16  3
16  4
13  7
15  1
16  -3
14  0
14  -5
15  11
16  3
16  -4
14  -2
15  5
15  0
16  3
17  -3
16  -4
17  -8
15  5
14  -1
12  4
14  -5
16  -6
16  -3
16  -7
16  2
15  8
14  1
16  4
16  -4
15  10
14  7
15  7
15  11
14  2
16  4
16  -5
15  7
14  -1
14  1
13  7
16  1
13  10
17  -2
16  -5
13  2
13  -1
16  3
16  0
16  4
16  -7
15  0
14  6
16  5
16  -5
17  2
14  -2
15  1
16  -7
15  4
12  7
16  3
13  8
16  -3
14  3
15  7
17  -7
14  -5
16  3
15  9
14  3
15  9
16  -4
16  3
14  6
16  -3
15  1
16  0
15  6
13  5
17  -9
17  -4
16  -4
15  9
15  0
14  -3
16  1
16  -6
14  -1
15  2
16  -5
16  3
15  0
14  1
16  4
17  1
14  3
16  -1
14  -5
13  -1
15  3
14  0
16  -2
13  4
15  3
14  0
16  -6
15  11
17  1
13  9
16  -5
16  -5
15  10
17  2
14  5
16  2
15  5
14  1
16  -7
17  2
17  3
16  4
16  1
16  -2
16  2
17  -7
15  4
15  1
14  -2
12  1
16  0
16  -7
17  -9
16  -5
16  4
15  6
15  10
16  -4
15  0
13  3
13  2
13  1
15  -1
17  -3
14  -4
14  -4
15  1
16  1
13  7
14  -1
14  5
14  -1
16  5
14  -3
14  7
15  6
16  3
14  1
15  6
15  10
15  11
17  -8
16  -1
15  2
15  -1
14  6
15  11
12  4
10  2
15  6
15  10
16  -2
14  -5
17  -6
14  1
13  1
17  -1
13  9
13  7
16  0
15  0
15  5
14  5
14  -1
15  8
16  3
17  1
16  4
16  -4
16  -1
16  4
15  7
14  -4
17  -6
16  4
15  8
15  1
16  5
17  -2
11  -2
14  1
14  1
15  4
16  3
15  6
15  3
16  -3
16  -2
17  2
15  9
14  4
15  5
15  7
14  -5
13  4
16  4
15  6
15  5
15  10
15  -1
16  3
13  5
16  -3
16  -7
15  0
15  4
14  4
15  0
17  -7
15  1
16  -2
15  4
16  -4
16  -1
15  10
16  -5
13  -2
12  10
17  -5
14  -4
16  -1
16  2
14  1
16  4
16  -2
16  -4
17  1
14  1
14  7
14  2
16  -1
15  7
17  -3
16  4
16  3
15  6
16  -6
16  1
