10  12
16  -1
12  7
8  -4
6  1
11  -3
15  4
9  11
11  3
8  6
7  -2
10  5
9  4
11  -4
17  9
8  3
5  12
15  -5
9  10
11  6
15  1
13  0
15  8
12  -5
10  6
11  3
9  8
10  2
14  5
10  4
14  -2
11  3
10  9
10  8
11  8
10  1
7  2
10  4
10  2
12  1
10  14
14  5
8  5
14  11
7  10
13  -1
8  4
9  1
14  12
12  -5
9  8
13  4
8  -1
14  4
13  -1
11  4
12  -3
10  5
13  -2
9  7
12  1
10  8
9  9
5  1
15  5
12  4
11  7
14  5
9  2
10  12
11  2
9  7
11  5
11  7
9  7
8  -4
13  7
12  6
12  2
13  7
11  8
10  5
9  11
8  -2
11  -4
10  8
8  3
10  9
11  -4
11  9
7  9
14  -2
9  0
10  6
11  4
11  6
14  11
11  -1
10  12
10  10
10  4
11  -4
8  6
15  -1
9  8
7  0
13  9
11  7
12  8
11  6
10  14
11  3
10  11
11  10
12  -2
9  4
10  2
12  0
9  10
10  4
13  8
12  3
10  6
11  9
16  -7
12  0
10  5
10  13
10  4
15  -5
10  9
12  -1
8  -8
15  3
11  -1
10  5
15  -3
10  8
14  10
15  2
10  6
9  3
12  6
12  -2
8  1
11  6
11  -1
11  7
12  0
13  1
15  6
12  -5
14  8
9  11
15  7
9  10
11  -1
11  1
11  10
7  8
12  3
9  11
11  -1
9  4
9  11
9  7
6  -4
12  8
15  3
13  5
9  1
8  -1
10  11
13  7
11  0
13  -5
12  -3
9  2
10  10
9  0
11  2
10  3
17  11
14  1
9  11
13  -3
7  0
13  9
8  -2
10  6
7  7
9  4
16  -11
12  6
15  4
10  8
10  8
10  3
13  4
11  -3
11  7
9  5
10  7
11  -2
13  5
7  3
8  -4
10  3
11  5
14  1
11  -3
11  5
10  0
13  -4
9  2
10  13
13  6
16  -2
11  3
12  4
12  3
9  2
14  7
9  9
12  -3
12  2
11  7
11  2
12  -1
9  9
8  1
14  -2
13  8
13  8
10  3
5  -2
14  6
8  -5
8  -5
17  10
8  -7
9  9
13  -1
12  0
10  6
15  2
15  -2
7  10
14  10
9  -1
13  -2
15  5
9  3
12  -2
7  -2
14  1
7  1
15  3
7  11
10  7
15  3
10  1
13  6
10  8
9  3
8  -2
13  4
8  2
14  10
12  0
8  -2
13  2
12  0
7  -3
14  1
11  -1
13  -4
11  8
12  -5
13  -5
11  -4
12  -5
7  1
9  2
10  7
10  9
10  13
12  7
13  3
13  1
15  -4
6  5
12  -5
7  9
12  8
12  0
12  -1
7  2
6  1
9  12
13  2
7  1
9  9
9  7
9  -1
12  6
8  -3
11  3
9  8
10  1
9  7
11  0
11  0
14  2
11  1
10  10
10  12
13  -3
10  4
11  -2
11  7
10  6
6  -5
7  -1
12  0
14  9
14  1
9  8
8  1
10  4
9  12
10  8
10  7
11  1
9  2
12  -4
10  11
12  9
8  3
13  5
10  10
8  1
9  -1
13  9
16  -5
10  5
15  -4
10  2
9  0
14  0
7  -1
11  0
11  -2
13  9
11  3
11  -2
10  2
12  -2
12  3
11  6
10  14
12  0
13  -4
11  5
13  -1
12  5
11  6
14  -1
12  8
10  2
8  -4
13  9
13  -1
11  3
10  5
13  1
11  9
12  -2
19  6
6  -7
14  2
9  7
10  9
10  2
12  1
9  4
10  2
11  0
12  -4
9  0
10  5
14  7
11  1
14  -1
9  0
13  1
13  7
16  -5
12  3
9  0
10  4
14  8
7  8
12  4
9  2
11  10
8  -1
11  8
13  8
13  -1
11  2
10  13
13  -4
11  -1
12  -5
11  6
16  -4
8  -7
16  -6
11  -4
13  7
10  6
10  13
15  -1
9  9
15  2
8  1
10  8
7  9
12  -5
10  6
13  -1
14  2
12  -1
13  -2
8  3
14  8
15  5
8  -8
9  12
8  5
7  0
9  5
11  9
10  10
10  8
12  5
8  -4
7  11
12  -3
7  -2
11  -3
9  11
10  8
11  -4
12  7
12  1
11  2
8  1
9  -1
7  11
13  9
13  -3
11  10
11  9
14  6
10  2
11  2
7  5
12  -3
14  11
10  11
9  9
10  0
12  4
15  -4
11  0
9  13
11  8
12  3
14  3
11  -3
8  5
9  -1
8  -6
7  2
11  -3
11  3
11  4
14  5
16  -3
9  1
9  2
11  -3
6  2
12  7
5  7
12  -1
15  8
14  -2
12  7
12  7
14  3
15  -1
12  7
12  -2
9  6
9  9
8  6
13  2
13  -3
7  1
9  3
14  -2
10  14
11  1
11  4
12  -2
10  8
13  4
11  5
10  11
11  -4
7  -2
10  8
9  3
16  -12
11  -1
13  8
12  6
11  -4
11  -2
13  8
10  13
14  9
10  4
11  3
10  3
12  7
13  3
8  -7
10  3
9  9
10  0
9  9
16  -6
12  -3
17  1
10  7
13  -2
13  7
8  -2
9  1
5  2
12  -4
7  5
11  0
13  2
10  12
11  6
11  8
12  -2
16  1
10  6
9  10
12  6
9  8
10  11
12  5
9  0
16  -5
12  2
9  1
10  7
11  9
10  10
13  -5
9  1
13  9
12  -1
10  3
11  -2
11  -2
11  9
10  12
14  5
13  5
7  2
14  1
12  5
11  0
9  10
11  5
14  9
15  -3
13  8
11  1
10  6
15  -5
10  9
10  5
13  0
12  2
11  3
15  9
12  -3
11  4
12  8
10  0
11  -2
8  -8
8  3
12  1
16  -5
8  -8
11  -4
14  -2
7  10
11  8
14  3
11  -3
10  7
12  8
6  -7
5  6
12  -4
7  9
13  0
13  9
10  6
11  1
11  -2
9  -1
13  -1
11  7
8  1
12  -4
11  6
9  8
11  5
9  1
6  -8
9  5
12  3
17  -2
11  -4
11  1
10  10
13  5
14  9
8  -1
10  11
9  9
10  11
12  1
12  3
8  -7
16  -5
10  2
9  13
9  9
17  3
15  0
11  -3
15  5
12  0
9  8
11  9
16  -6
12  6
13  0
12  2
12  -3
9  13
13  -5
10  8
14  7
13  5
14  2
9  10
11  1
13  9
11  -1
9  7
14  5
8  4
12  4
11  0
9  8
8  4
11  7
12  6
13  0
11  -1
9  3
14  2
14  7
11  4
6  -3
12  4
16  0
13  0
6  -3
9  4
14  0
10  11
9  13
11  8
10  0
8  -7
10  11
8  -1
13  6
12  0
10  13
5  9
11  -4
13  0
12  -1
12  0
12  3
12  -5
11  9
11  -3
9  9
10  3
12  -2
7  8
10  8
14  10
4  1
11  -1
10  5
10  3
16  -12
9  2
16  1
15  -2
17  -3
8  4
12  -4
10  12
9  9
12  0
14  -2
11  -3
15  3
10  10
9  4
11  7
10  0
10  11
14  2
10  0
15  8
10  1
11  4
10  5
12  2
12  -2
6  -5
8  1
7  2
11  -2
13  4
8  1
11  0
14  11
14  6
11  -4
9  -1
17  3
11  3
13  -1
9  12
10  12
8  3
10  0
10  6
10  8
16  -13
13  6
11  8
12  2
12  -5
13  3
9  12
11  -2
11  -2
7  5
5  6
10  8
8  -7
6  -6
9  0
12  8
11  6
13  7
8  -3
14  10
8  4
8  -1
10  11
9  -1
9  3
10  0
15  6
10  8
7  10
17  -2
6  -4
8  1
9  10
12  1
11  -4
14  1
9  3
13  -2
10  8
12  2
13  7
11  1
11  3
11  5
13  4
10  5
11  2
11  -1
8  -1
12  2
13  -2
8  -7
10  7
6  3
6  -5
9  1
10  14
11  -4
9  13
8  -2
11  8
12  9
14  10
7  2
13  -1
7  11
12  -5
13  6
11  8
11  4
15  -3
13  8
13  -4
11  -2
8  5
15  8
12  7
12  0
16  -6
8  -7
9  0
12  9
11  5
16  -10
7  4
17  -3
3  11
6  -8
10  3
12  2
12  -3
10  13
10  10
9  9
8  0
12  0
11  0
11  3
9  8
10  12
10  13
12  4
9  2
10  11
15  1
11  6
12  6
5  -1
10  2
4  -12
8  -4
12  2
6  -8
10  3
10  13
9  -1
4  -6
10  14
8  5
15  -1
12  -2
10  0
11  6
10  13
11  7
10  3
9  4
7  -1
11  9
9  7
12  5
14  10
7  4
8  -4
10  0
11  0
9  1
7  -2
9  7
10  11
14  8
11  2
11  -4
8  6
11  1
12  -3
12  6
11  8
14  3
12  -1
10  7
10  12
10  3
10  9
11  0
11  2
10  1
9  8
12  9
9  12
13  -5
18  -2
13  9
12  -5
6  0
10  2
16  -12
9  9
12  5
10  14
7  -1
8  -3
14  6
13  -5
7  1
9  8
9  0
9  6
12  3
9  3
12  3
12  -5
12  4
7  11
12  -2
9  5
11  8
15  9
14  5
11  -2
10  2
9  7
10  7
12  1
13  9
14  1
12  0
11  4
12  5
18  -9
11  2
13  5
11  1
13  4
11  7
9  13
14  2
12  6
10  12
14  10
8  3
11  3
11  -4
14  6
13  -2
11  -3
7  -2
10  12
9  5
12  5
