12  -5
11  -3
16  -3
11  -4
16  -3
16  -4
13  -4
13  5
14  -5
11  -2
12  -5
14  0
14  -4
12  -4
7  4
10  6
12  -1
10  -1
17  7
16  0
18  5
12  -6
17  2
10  0
13  -4
18  -1
14  -2
12  3
15  -8
15  -2
17  -2
14  4
14  -3
16  -1
11  -7
14  4
17  -1
14  -6
10  8
17  7
16  -7
12  -2
9  -2
16  -8
10  1
16  -8
11  2
20  9
14  0
12  4
15  4
12  4
14  -5
8  -3
12  -1
15  -1
13  -4
8  7
14  0
19  -7
12  -6
12  4
16  -6
17  7
15  2
19  -10
13  -6
12  -7
19  -12
11  2
18  1
10  -3
17  6
14  6
12  5
16  2
18  5
15  -5
9  2
12  -6
20  2
19  -4
15  2
17  3
12  -3
13  -7
11  -6
15  -7
17  8
14  -4
13  -4
14  -6
14  4
10  5
12  -3
12  1
13  2
15  0
13  0
10  5
15  3
11  3
13  -4
17  8
12  -6
12  -5
14  5
9  3
23  -6
16  -2
15  -3
15  -6
15  4
12  5
15  -7
13  -3
18  -3
17  5
11  -9
12  4
15  -7
14  1
14  0
15  4
16  -5
14  -4
12  3
18  -2
14  0
16  -1
16  -8
14  6
14  -5
11  -7
7  4
13  1
11  -1
15  0
16  2
16  0
14  -5
12  3
16  -1
16  0
22  1
13  4
15  -4
17  -3
9  -1
9  -1
20  9
9  -2
12  -4
12  2
18  3
13  4
14  -3
10  0
13  -5
11  -1
16  1
11  -8
15  -1
15  -5
17  -2
16  -4
15  1
20  0
21  2
17  6
13  -5
11  -5
12  4
15  -2
7  5
15  -6
20  12
15  -6
11  -8
10  0
15  -2
11  -9
16  -2
12  1
12  -1
12  4
14  -1
12  3
17  8
14  -2
15  1
12  -2
13  -1
12  -6
11  0
11  -8
11  -2
14  6
13  -4
13  5
16  -4
13  -6
13  -1
13  5
18  -3
14  4
11  -9
13  -2
17  9
12  -5
13  5
15  -8
17  3
16  3
14  5
14  0
12  3
13  -5
13  0
9  6
14  0
14  -6
11  -7
16  -4
13  4
14  1
9  2
18  2
16  0
11  -8
15  2
13  3
13  0
12  -2
19  -2
12  -1
18  1
10  -2
10  -3
13  -3
17  0
16  -6
10  1
13  -1
15  4
13  1
14  -5
14  -2
18  6
11  2
15  -6
12  -3
14  4
9  0
14  0
10  2
12  4
16  2
14  -5
13  -7
11  -9
17  8
20  8
13  1
11  -3
18  -5
14  0
9  -2
18  3
19  -11
14  -5
15  -6
16  2
7  3
14  4
12  -4
13  1
17  1
11  3
9  6
12  -7
15  0
18  -5
18  -5
10  9
14  4
13  -2
16  2
13  0
13  2
12  -2
16  -4
14  -3
11  -6
11  0
15  -8
11  -2
17  5
14  -6
15  1
14  3
16  -3
12  -5
14  -2
9  0
15  -7
18  -6
13  4
15  -6
16  1
15  -4
13  4
12  4
10  6
11  3
11  2
12  -1
13  3
9  0
17  -3
12  -1
11  1
14  0
12  5
13  -2
11  3
15  0
14  0
19  -5
11  -7
15  -4
14  1
8  -3
14  4
13  5
13  0
14  1
17  7
13  -5
18  -5
17  3
11  0
13  -3
15  -4
12  5
11  1
9  2
14  6
12  -6
17  9
11  -2
18  6
17  9
15  -8
11  -2
10  -2
16  -9
17  8
13  -3
11  2
16  3
12  4
16  -1
14  1
20  6
14  -4
16  -9
13  -1
14  5
9  -6
15  -8
17  -3
13  3
19  -10
14  -3
20  12
12  -7
12  3
15  0
16  -3
10  0
5  5
12  -4
9  4
13  -3
16  1
17  7
14  -2
17  -1
12  1
17  4
10  5
9  5
10  5
14  1
16  2
14  0
16  -8
19  -2
15  -8
21  -1
9  6
15  -4
11  -4
15  -3
17  5
16  -6
17  3
15  -1
14  -1
16  -1
11  -6
14  -3
13  4
15  -2
13  -7
12  -5
19  -1
14  -5
16  2
10  3
12  0
12  -2
13  1
18  3
13  4
16  2
15  -3
10  9
15  -5
17  1
14  -5
15  -1
17  3
17  1
15  3
12  -6
15  -2
19  -1
10  2
12  -2
13  2
10  -3
12  4
14  -3
16  -2
16  3
12  0
14  6
11  -8
12  4
16  -5
12  3
12  4
16  -5
16  -8
18  3
14  1
13  0
10  1
15  -6
14  3
18  -5
14  -4
11  0
17  6
10  7
21  7
12  -2
14  -6
15  -5
12  5
13  -5
11  -4
14  -6
12  3
15  -8
16  -6
13  -2
10  6
17  5
16  -8
15  3
14  -2
13  4
15  -4
14  3
15  -4
15  -5
18  -5
15  1
14  -6
14  5
13  -3
18  0
13  -6
16  -6
19  -8
17  4
18  -3
13  2
15  -1
15  -1
9  2
15  -6
15  3
12  -1
16  -1
8  -3
14  -2
14  -1
15  -7
14  3
16  -2
13  2
12  3
8  -5
17  4
15  0
19  -5
16  0
19  -6
12  2
13  4
13  0
16  1
15  3
14  -6
19  -8
15  -4
11  2
12  -3
13  -2
15  0
16  -2
13  -1
10  -2
13  2
14  -6
12  -6
10  4
15  -4
15  -1
18  1
17  0
14  0
17  7
10  -1
14  6
17  0
18  0
12  -2
15  2
14  2
15  2
19  -5
16  -4
15  4
17  -1
14  0
17  0
13  -3
15  2
13  -3
18  -3
15  2
18  1
16  -6
17  7
11  1
16  3
14  1
18  -2
12  1
11  -4
12  -1
14  0
16  -4
16  -1
11  2
13  -1
11  0
17  0
11  -6
15  -1
15  -7
17  -3
18  5
13  5
18  4
17  3
18  -4
14  6
20  4
18  -1
15  2
9  0
16  1
13  0
10  4
14  5
12  5
13  -1
12  5
16  1
17  1
15  3
15  2
12  -1
16  3
11  -9
12  2
14  3
10  2
12  4
12  -6
16  -8
13  -3
18  -3
13  4
13  0
12  3
10  -2
13  -5
14  1
15  -4
15  -5
11  -9
20  11
13  -1
13  2
14  -6
14  -3
13  3
15  -8
14  -2
14  -5
12  4
15  -4
9  6
15  -1
10  2
11  0
12  -1
17  -3
10  6
16  1
11  2
12  -4
12  -4
13  -3
16  -2
8  5
15  4
15  -7
11  -8
15  -2
13  -2
14  1
14  -6
14  -4
12  -1
12  -6
12  0
16  -3
13  1
16  -8
14  2
17  0
14  -4
13  -7
13  -6
11  1
11  1
18  -5
12  -1
11  -6
11  -8
11  1
15  0
12  4
16  2
12  -4
10  9
13  1
11  1
21  -2
10  9
13  -5
14  6
11  2
12  -5
16  -9
14  5
15  -5
19  -8
14  5
12  0
14  2
17  2
15  1
14  -5
18  0
11  -5
19  -6
13  -5
13  -6
15  -4
13  5
9  -5
14  -5
18  -2
14  1
12  -7
14  5
12  0
16  -3
10  8
9  5
13  4
17  8
11  2
13  3
9  4
11  -8
17  4
16  -4
11  2
8  5
18  -6
14  2
11  -8
15  -3
13  -1
16  0
11  -9
13  -5
17  3
13  -4
13  3
14  4
13  -3
15  -8
14  0
18  4
10  7
11  -6
14  3
12  -6
11  0
14  6
14  5
12  0
19  -6
13  4
15  -3
12  -1
14  4
14  -5
13  -5
16  3
15  1
14  0
16  -9
18  6
14  -2
14  0
13  -1
15  3
13  3
12  4
14  -6
14  -5
13  0
12  -7
12  -6
14  -6
13  3
15  -2
14  4
16  -4
16  3
16  0
15  -3
16  -6
17  9
16  -7
16  1
14  -4
17  9
15  -3
18  -2
13  -2
10  7
16  -6
14  -2
17  -2
10  6
17  1
13  2
16  -7
18  1
16  -4
17  7
12  -3
10  -2
16  0
11  -9
14  -5
17  -3
17  5
15  -6
16  -7
17  9
15  -7
14  -1
12  -7
12  -3
17  7
18  -3
15  -8
8  6
19  -5
11  -4
13  2
12  4
13  -7
14  1
9  2
13  -1
16  3
11  -1
20  12
16  -1
11  -9
10  0
10  -3
13  -2
14  0
16  -9
14  1
10  9
16  -3
11  -1
15  3
15  0
12  5
13  -5
11  -6
16  -9
17  3
12  -2
17  7
17  0
15  -3
15  -3
19  -5
16  -5
15  -4
19  -10
13  -4
15  2
9  -1
12  -7
9  5
15  -2
12  3
17  9
13  -5
17  5
11  -2
15  0
11  -3
13  1
13  2
17  5
10  0
14  -3
15  -5
16  3
10  4
16  -4
10  2
14  -5
14  1
12  2
16  -7
18  3
9  -3
13  -5
21  -1
15  0
13  -4
11  -2
19  -13
12  -7
13  -4
17  0
12  -4
15  0
12  -5
12  -7
12  -7
15  -7
13  -6
15  -5
11  -2
22  -4
13  4
9  -2
12  4
11  -2
14  -3
17  3
17  -1
12  -2
13  -2
12  -1
9  -5
13  0
12  -2
15  -8
14  1
20  4
13  -1
17  3
10  3
11  2
12  1
14  -5
17  2
12  -1
16  -8
12  -3
14  -4
13  -1
12  0
11  -9
16  -3
17  0
16  -4
17  5
14  5
10  4
10  1
12  2
18  3
15  3
12  -5
15  -6
18  1
8  4
17  5
15  0
10  0
14  3
15  2
11  2
17  -1
14  -3
15  3
15  -8
14  -4
16  -4
17  1
14  5
12  -4
18  -6
16  -1
11  2
12  5
14  1
18  -3
14  -6
16  1
15  -1
11  3
9  5
14  -2
18  1
13  0
13  5
11  -4
12  3
16  -8
18  -2
13  0
12  2
11  -4
12  -1
13  2
11  -7
14  -3
14  0
13  -3
17  7
16  -5
14  -3
15  -6
15  -6
