16  12
21  5
16  6
20  -7
22  -5
16  10
22  3
19  -4
22  -1
18  -6
13  -6
24  3
17  -4
14  9
20  1
16  11
21  8
17  6
17  8
22  3
20  -4
16  10
19  -4
22  -3
21  1
22  -5
18  -12
19  -6
24  12
20  2
23  -9
19  2
19  -5
17  -4
17  4
16  11
21  9
19  2
21  2
20  -8
22  3
21  1
14  0
15  11
19  -8
19  -6
22  -5
20  -5
20  -7
22  4
20  -4
20  4
21  13
19  1
19  -5
16  5
19  -5
23  -10
20  1
21  4
22  2
20  -5
22  -3
19  3
16  2
20  4
22  -3
16  12
20  -1
17  8
18  -1
19  1
21  7
20  2
18  -6
19  -1
17  1
19  0
19  -9
22  -5
16  7
20  4
21  10
19  0
19  -7
21  2
18  -1
20  -6
20  -7
21  4
20  -1
19  1
17  -3
20  -5
21  10
23  1
16  11
20  -3
24  9
19  -7
18  -11
19  1
22  1
18  -1
16  13
19  -4
19  -7
20  -3
19  -2
19  -5
19  2
18  -5
22  0
21  4
21  9
25  1
24  1
19  -9
21  8
18  -7
21  6
22  -4
23  0
23  -6
19  -3
21  13
22  -5
22  -2
18  -3
22  4
20  -3
21  8
22  4
19  -6
19  -6
19  3
18  -4
20  -8
20  0
23  -7
18  -5
18  0
20  -7
21  5
23  0
20  4
19  -2
18  -7
19  -2
22  -2
20  -6
16  11
21  3
23  -2
22  -1
16  4
16  6
21  4
19  -9
21  9
17  -3
19  -1
16  13
20  -4
18  -9
18  -6
20  -6
19  1
19  -7
20  0
18  -12
20  -5
21  4
15  8
19  2
24  13
22  4
20  -1
18  -10
21  13
22  3
22  3
23  -4
19  2
22  7
14  5
20  -2
21  8
20  4
17  2
23  0
14  6
17  2
19  -2
23  0
15  8
21  12
20  -5
17  -3
19  -6
17  2
23  -7
17  8
23  -7
19  -2
15  2
23  1
19  1
19  2
21  13
22  6
21  10
19  -5
15  3
22  0
16  9
15  10
21  6
22  -2
18  -6
23  -2
18  -3
18  -1
23  -7
14  10
21  10
22  0
21  7
19  -4
16  10
18  -8
12  0
16  3
18  -11
19  1
15  4
17  0
18  -3
16  4
20  4
19  -6
14  5
17  2
16  1
23  -7
19  0
18  -5
21  2
17  5
21  1
23  -7
20  1
22  3
17  -2
16  12
19  -4
22  -4
16  10
15  9
18  -10
20  -8
21  6
16  6
18  -2
20  -2
20  -7
19  1
22  -5
21  8
21  12
20  3
22  2
17  -3
20  -1
16  2
20  4
14  6
23  2
17  -1
19  -8
16  11
21  9
20  -4
21  6
21  2
16  12
19  -9
16  5
15  4
16  5
22  5
22  3
23  0
19  1
15  1
20  -1
19  -4
20  3
21  9
18  -8
22  2
18  -3
21  4
22  2
20  1
18  -5
18  -9
16  7
20  2
18  -2
20  2
20  0
20  3
22  7
20  -6
16  7
19  2
20  -6
22  -4
18  -1
20  0
16  13
21  1
21  5
18  -1
17  -4
19  2
20  -8
19  -6
21  13
19  -6
20  3
20  -5
21  10
20  1
19  -8
24  11
17  5
17  4
18  -2
21  10
17  5
16  3
17  8
22  2
15  2
20  -2
17  -4
20  0
21  1
18  -9
19  0
18  -9
23  -2
21  8
15  1
16  7
19  -8
16  5
18  -4
22  6
19  -4
21  2
17  -3
22  -1
23  -5
21  12
21  5
19  0
18  -8
18  -4
17  4
20  3
20  -3
22  -3
18  -4
19  2
21  12
15  2
22  1
20  0
19  3
19  -5
17  8
15  4
24  7
21  13
23  2
18  -3
18  -6
20  1
19  -8
21  6
24  2
21  11
17  6
19  0
20  -4
18  -12
23  -3
19  0
15  9
21  3
20  -7
20  0
22  3
18  -1
23  2
18  -12
20  -3
22  0
17  3
20  4
20  4
20  -8
24  3
14  0
19  -4
22  6
16  8
18  -7
20  -2
21  6
24  7
18  -9
19  -8
21  6
17  -4
22  -1
22  3
17  3
20  -8
24  13
19  1
12  0
20  0
14  11
16  5
22  5
21  6
16  5
20  2
19  3
18  -6
19  0
19  1
17  -2
22  5
18  -7
20  3
20  0
20  3
24  5
17  7
18  -3
19  -7
22  6
19  0
20  -2
19  2
18  -7
18  -9
19  -5
20  -4
21  6
19  0
21  8
18  -10
17  1
22  7
17  -4
20  1
22  1
16  3
19  -7
18  -6
19  0
16  11
20  0
20  -5
19  -9
17  7
20  0
18  -4
18  -8
19  -6
20  -7
18  -6
19  1
24  5
14  2
20  -3
22  -1
18  -8
22  6
18  0
18  -9
17  6
21  5
21  8
22  7
21  6
15  11
21  13
17  5
20  -5
13  -2
17  4
19  1
17  -2
17  0
16  4
20  -4
21  11
17  3
21  11
22  7
20  -4
21  3
23  1
21  11
18  -10
19  3
20  4
17  6
18  -7
24  6
24  12
20  -8
13  -4
21  11
19  -2
21  7
18  -12
20  -5
20  -4
19  1
21  10
17  4
20  4
22  -3
17  -4
20  4
15  1
20  1
18  -5
21  2
20  -6
22  4
16  5
18  0
18  -4
20  -1
19  0
18  -4
23  1
20  0
19  3
22  -4
24  3
21  9
19  -4
20  3
18  -9
19  -1
21  5
21  6
19  -9
21  1
20  3
18  -12
21  7
20  -8
16  10
16  1
18  -1
18  -2
18  -3
17  -3
20  -4
19  -5
17  0
23  -1
18  -10
19  -5
19  -5
20  3
22  6
23  -5
19  1
21  5
20  -5
21  3
20  -2
20  0
17  0
17  5
19  -7
16  2
17  8
26  2
14  2
19  -9
16  6
20  1
21  8
20  -4
19  -7
18  0
23  -7
22  0
24  12
22  4
18  0
19  -2
24  6
20  4
22  3
22  1
22  -1
19  2
17  5
16  1
17  5
21  13
20  -5
21  12
22  2
19  -5
18  0
18  0
17  1
19  -1
22  5
25  -2
22  2
22  6
24  12
20  4
18  -11
21  12
19  3
20  -4
20  -4
16  12
19  -6
15  11
19  1
16  5
14  1
24  11
18  -2
20  -1
18  0
20  -3
18  -2
19  -3
20  -8
20  -2
17  0
19  -4
17  1
20  -1
19  -2
18  -10
22  -1
22  -5
23  -7
21  10
17  4
22  -2
22  -3
18  -5
18  -5
16  9
20  1
22  2
17  -3
20  -6
16  1
12  0
17  5
19  2
20  4
16  7
22  2
21  4
17  1
17  8
21  3
21  4
20  0
19  -2
21  7
18  -3
18  -7
17  7
19  0
19  3
23  -3
16  10
16  9
18  -8
20  -2
19  2
21  13
19  -2
16  8
22  3
17  3
19  -4
20  -7
23  -9
20  -8
18  -12
18  -7
19  -2
18  -4
18  -2
20  -4
19  2
21  9
18  -8
20  -2
20  0
18  -6
21  10
17  -1
21  1
16  2
17  -4
22  -2
20  -1
21  12
17  7
19  3
21  2
20  0
25  -3
21  5
21  6
19  -6
18  -6
20  3
17  0
19  -4
22  -3
17  2
19  -1
18  -8
20  -1
16  5
22  -1
18  -10
19  -6
22  1
19  3
22  0
19  -6
19  -6
20  4
16  11
21  2
20  -5
20  -3
20  -3
22  1
17  -3
21  10
21  12
21  6
20  -8
18  -11
19  2
19  -3
21  2
18  0
19  3
17  6
20  -1
21  10
21  9
18  -5
18  -8
20  4
18  -11
18  -5
20  1
23  2
19  -7
18  -3
19  2
21  2
19  -1
21  12
17  5
24  9
18  -12
19  -2
22  -5
24  13
17  -4
18  0
20  -2
20  -8
23  -6
19  2
16  4
18  -2
22  -1
17  1
19  -8
19  -5
18  -2
22  -4
18  -8
17  3
20  -6
22  2
15  13
16  10
17  3
18  -10
19  -3
22  1
17  -2
19  -2
19  -9
20  -5
22  -2
17  -4
15  4
18  -12
13  3
16  10
22  -1
17  2
22  0
18  -10
18  -3
19  -6
25  -6
19  -2
21  1
18  0
18  -8
21  4
19  -7
22  4
17  -3
15  9
21  1
22  7
21  9
16  11
18  -10
17  8
19  1
19  0
21  13
18  -6
19  -9
20  4
19  0
18  -8
20  3
21  2
20  3
23  -1
16  2
25  5
17  5
19  -6
19  -2
21  7
16  4
19  -2
20  -5
21  12
23  -1
15  6
22  -2
18  -5
19  -8
20  -6
21  7
19  -6
19  -6
20  4
21  11
16  7
24  1
16  13
19  1
19  -3
17  6
23  -3
18  -9
21  13
18  -1
20  2
22  -1
15  10
23  0
22  -2
21  10
18  -10
22  1
20  -1
20  2
19  -7
14  11
21  11
18  -12
23  2
23  -5
19  -1
19  0
22  0
20  -7
18  -9
19  -2
16  10
19  -8
16  13
22  1
23  1
23  -4
18  -4
17  -4
21  3
20  -3
21  1
20  3
20  -3
21  9
23  -7
20  1
24  13
17  -1
19  -5
16  11
18  -2
25  2
21  10
20  -7
19  -8
17  1
21  4
19  2
19  3
16  12
23  1
18  0
21  9
24  11
19  -8
19  -1
17  4
18  -5
19  -7
19  -7
20  4
19  -9
16  8
18  -7
14  9
18  0
14  10
16  1
21  10
18  -8
22  -3
21  5
19  -8
19  -8
17  -2
23  -6
19  -7
20  0
21  2
18  -8
17  -3
20  -5
23  -8
21  1
19  -5
19  -9
16  13
20  2
19  2
22  -3
23  0
16  10
20  -4
20  -4
21  13
23  -5
16  2
20  -7
