18  2
16  6
13  2
15  2
19  -7
17  -7
18  11
17  -8
14  -5
14  -7
20  5
12  1
17  -7
14  -4
15  2
16  1
13  11
13  11
16  6
16  4
13  10
9  -6
18  6
15  7
16  2
14  -1
18  2
17  -5
16  7
21  -6
15  4
15  2
13  6
14  -6
13  8
12  7
19  -7
15  4
14  0
12  -1
12  5
15  9
17  -5
17  -8
14  -4
20  4
16  6
15  2
10  0
16  2
18  4
14  2
19  -4
12  -1
12  4
17  0
10  3
18  10
15  4
17  0
14  1
13  4
19  -3
16  10
10  1
19  -11
15  4
16  11
18  4
15  4
15  10
18  2
12  -2
13  11
14  -2
14  -1
14  -5
16  11
16  5
14  -4
18  8
14  -2
13  10
14  0
16  5
18  3
19  -12
12  2
12  4
17  -6
15  1
18  12
18  8
18  7
14  2
18  2
13  11
17  -1
18  2
17  -8
16  4
15  5
20  0
18  4
14  -1
15  8
14  -8
19  -9
11  -1
13  10
17  -7
16  4
10  1
16  8
14  -5
18  10
14  -8
14  2
13  4
19  -9
17  1
15  7
18  3
15  4
18  8
15  3
15  7
18  3
9  -5
15  6
18  8
16  2
19  -11
18  10
15  4
10  7
15  1
15  2
18  6
18  7
15  1
16  5
14  -8
17  -5
12  7
18  10
16  9
19  -7
13  12
16  3
15  3
18  4
17  2
15  2
13  10
15  7
14  -6
15  8
15  5
15  8
15  1
17  -7
16  4
18  10
16  11
10  -2
13  10
13  12
18  11
21  1
10  2
14  2
17  -1
8  -2
15  1
14  -1
17  -8
18  2
17  2
10  -1
16  10
18  12
14  1
22  -3
16  11
11  0
20  -2
16  8
19  -12
15  5
15  9
19  -12
13  4
12  0
14  1
19  -2
20  2
21  4
10  -2
14  0
17  -6
16  9
14  0
10  3
18  2
13  4
15  3
16  4
15  7
18  3
13  9
15  1
17  -7
14  -4
13  11
20  -4
19  -11
19  -6
17  -5
15  7
17  -3
16  6
14  2
19  -2
15  1
15  8
19  -11
13  9
17  -4
14  -1
14  0
18  11
15  5
16  11
19  -3
21  -1
13  6
14  -7
19  -2
14  2
18  9
18  11
18  8
12  4
17  1
14  -3
18  12
13  4
17  -4
15  4
16  2
14  -1
14  0
14  -8
15  10
11  -4
17  2
19  -10
13  4
17  -1
13  7
20  -4
14  2
16  9
11  -2
11  3
12  5
19  -8
12  2
19  -5
14  -6
16  7
19  -9
16  6
17  -6
16  3
12  3
14  2
18  12
19  -11
13  12
16  5
17  -2
16  9
15  5
17  -5
11  4
14  -8
15  4
13  7
20  4
15  10
13  4
13  12
14  2
11  1
14  -3
22  4
14  -8
19  -12
15  2
16  9
16  9
16  10
17  1
16  10
12  0
12  6
13  9
13  6
14  -2
14  -3
21  1
16  6
12  -2
16  11
12  7
18  2
20  0
13  4
11  3
13  4
17  -6
13  6
18  6
17  -4
19  -6
14  -8
12  -2
15  6
15  3
15  2
14  -7
14  2
20  3
18  12
20  6
18  5
15  10
11  0
15  2
13  3
19  -11
16  6
15  3
17  -6
17  -5
13  6
17  -1
16  4
14  -8
19  -2
15  8
16  2
16  6
16  3
20  -2
16  6
11  1
11  -3
15  8
17  -6
15  4
15  10
17  -6
12  3
18  5
17  -5
12  5
15  6
14  1
12  4
17  -6
17  -3
17  2
11  -1
19  -2
18  11
19  -4
16  8
17  -2
18  2
13  11
18  9
15  2
16  8
15  5
14  -3
17  2
15  1
13  9
15  10
14  -7
18  3
14  0
13  6
13  9
15  6
17  -4
17  0
15  11
18  6
11  -2
15  6
15  11
16  3
14  -7
14  1
17  0
16  5
10  3
17  -4
13  8
21  3
15  9
16  11
18  3
16  5
14  -7
16  9
12  5
16  5
14  -6
14  -2
12  4
19  -8
15  4
19  -2
15  1
17  2
13  3
15  2
19  -12
16  10
18  6
13  12
15  5
12  -2
14  -7
18  10
14  -1
10  4
20  5
14  2
10  0
17  -6
20  1
18  6
16  9
15  8
14  -1
17  -5
14  1
14  0
18  3
17  -1
10  4
15  11
16  5
13  8
15  10
16  2
14  -8
15  4
22  -4
12  -2
15  4
15  11
17  -3
15  3
13  11
19  -2
17  2
10  2
12  7
16  9
15  4
15  2
17  2
14  1
13  7
15  2
15  1
12  -1
11  -2
15  6
16  9
16  11
19  -7
11  5
18  2
15  3
16  11
13  6
15  8
18  7
18  6
14  -8
17  -7
18  6
14  -2
15  3
17  -8
19  -6
16  2
17  1
15  3
14  -6
15  11
13  4
18  12
16  10
15  8
16  1
13  9
15  9
14  -2
16  11
15  4
16  9
15  4
14  -2
14  0
18  10
17  2
15  5
22  3
17  -4
17  -1
18  9
18  10
15  10
14  -1
17  -7
15  3
12  -2
17  -7
16  3
15  9
15  8
17  -2
13  7
15  10
17  -6
16  8
18  3
17  -2
18  6
12  -3
13  5
17  2
16  8
14  -4
18  3
19  -11
16  3
18  8
18  8
12  -2
19  -11
13  8
18  6
9  -2
15  8
14  0
22  3
17  -3
15  2
13  9
18  10
14  -7
18  5
14  1
17  -5
13  8
17  -5
13  11
18  9
19  -12
19  -8
14  1
18  10
15  10
11  -4
15  5
12  2
17  0
16  9
15  10
17  1
12  5
16  6
14  -1
13  10
19  -7
15  10
16  2
19  -5
16  3
14  0
11  -2
18  10
15  5
10  3
10  8
18  8
12  -3
16  5
11  2
16  1
15  2
15  8
19  -5
16  10
19  -9
18  12
16  5
15  2
17  0
12  -3
17  -3
11  1
13  11
19  -6
16  7
16  1
14  1
14  -5
20  6
16  3
15  9
16  1
14  1
17  -4
21  2
16  3
19  -5
17  -7
11  3
15  3
15  8
11  4
16  8
14  -5
19  -4
14  -5
14  2
15  1
13  2
14  -7
12  6
15  10
17  -4
18  4
16  6
19  -9
16  11
17  2
14  -3
21  0
16  11
17  1
14  -7
12  0
16  9
13  5
13  9
17  -6
10  7
14  -1
17  -7
13  8
14  0
15  7
13  7
17  -8
17  0
19  -10
13  8
13  2
17  -2
14  -1
14  -5
17  -4
15  6
11  5
13  6
16  4
12  5
17  -1
13  12
15  5
17  2
17  2
15  6
18  2
17  -4
19  -3
19  -3
14  -7
18  2
20  0
10  0
20  -2
15  9
19  -9
14  0
17  -2
16  7
12  4
18  3
17  -8
16  4
19  -3
16  9
14  -2
18  7
12  -1
15  8
13  10
18  6
18  5
18  3
11  -3
17  -7
16  7
17  -8
12  -3
14  -6
15  8
16  3
16  7
15  1
17  0
8  3
15  2
14  1
10  6
12  7
19  -8
16  1
14  -5
14  1
15  1
12  0
14  -1
18  6
15  10
16  2
16  6
13  5
19  -10
17  -3
15  4
14  0
16  5
15  9
15  2
15  2
15  10
24  8
13  6
14  -5
16  1
16  4
19  -5
15  7
13  11
17  -1
19  -3
11  4
15  9
16  4
20  5
16  8
17  -6
15  2
15  4
17  -8
9  4
16  8
16  1
13  6
15  10
20  -2
16  9
13  8
18  4
14  0
14  -8
15  8
16  9
22  4
16  10
10  7
15  6
19  -8
13  5
17  0
18  2
15  7
15  11
13  12
16  3
18  9
17  -2
15  10
11  -1
15  11
15  4
19  -11
19  -4
21  2
17  1
14  -1
20  -3
17  -4
18  4
16  1
12  3
13  10
12  2
15  7
17  -7
14  -6
10  -1
16  9
19  -8
17  2
16  3
18  10
10  5
10  4
18  8
20  4
12  -2
13  8
20  -2
13  7
8  -1
15  3
10  -2
10  4
17  -3
14  0
15  1
16  6
21  1
15  3
11  5
19  -11
14  -7
15  6
10  0
20  -3
15  10
12  4
17  -1
13  9
18  2
16  3
14  -4
19  -5
15  5
19  -3
14  -8
14  0
14  -6
15  2
19  -12
14  -1
16  10
18  4
15  4
19  -7
17  -6
15  7
21  3
15  6
10  6
20  -3
18  10
18  12
16  9
14  -4
9  0
16  4
11  -2
15  11
18  6
11  2
13  3
14  -3
12  5
16  8
13  12
13  3
19  -6
11  4
14  -7
15  4
13  8
14  0
16  2
16  11
13  4
13  5
14  -4
13  7
15  5
16  5
11  1
13  7
17  -4
17  -1
17  -2
19  -12
14  -5
15  4
15  2
19  -4
10  1
15  8
19  -6
20  0
13  12
14  -5
12  2
16  9
16  5
14  -6
17  -7
21  1
15  7
16  1
13  5
14  -2
14  -7
11  1
15  9
16  4
14  -6
17  1
10  7
22  -2
19  -4
10  2
13  10
18  9
21  -6
17  -3
11  5
17  -6
15  9
15  11
14  -6
16  10
19  -3
14  -6
17  -6
19  -8
11  6
14  0
12  -3
16  6
18  9
19  -5
14  -2
13  4
17  2
16  7
16  5
10  6
13  10
12  0
13  4
18  12
11  1
14  1
13  10
15  3
12  1
17  -8
20  -4
14  -1
16  9
17  -5
15  5
17  0
18  12
19  -8
16  8
13  12
16  4
20  -2
13  5
19  -3
20  1
15  2
17  -3
