10  8
8  2
12  0
15  -1
10  6
10  7
12  1
10  8
7  5
13  8
8  2
10  8
17  0
11  -4
11  -5
12  -1
10  8
10  7
13  8
11  -3
11  -5
11  -4
13  7
13  8
18  1
13  8
11  -3
15  0
13  8
10  8
11  -5
10  8
10  8
11  -3
17  1
11  -3
14  4
11  -3
12  -1
13  8
13  6
10  7
9  3
13  7
10  6
13  8
13  6
10  8
14  5
15  0
15  -1
13  6
14  3
14  3
10  6
9  4
10  6
12  0
10  7
13  8
14  5
12  -1
12  1
5  -2
14  4
11  -4
15  0
12  0
15  -1
9  4
9  3
12  1
10  8
12  0
11  -3
13  8
16  8
13  8
12  -1
12  1
13  8
12  0
14  4
12  -1
13  7
8  3
17  -1
10  6
13  7
9  5
13  8
13  7
14  3
11  -4
10  7
9  3
13  8
11  -3
14  5
12  -1
10  6
11  -5
11  -5
14  5
17  -1
12  -1
12  0
9  4
10  8
11  -3
13  8
15  0
12  0
11  -4
13  6
10  8
14  5
7  6
14  3
15  -1
13  7
11  -3
8  3
10  8
12  -1
11  -5
10  8
12  1
11  -4
14  4
8  1
15  -2
11  -4
16  7
11  -5
12  0
12  0
14  3
11  -5
12  0
11  -4
12  1
11  -4
13  7
16  7
13  8
8  1
13  8
9  5
14  3
7  6
12  1
10  7
10  6
11  -4
14  5
11  -4
13  6
15  -2
15  0
11  -3
10  7
13  8
9  5
9  5
11  -3
14  5
10  6
8  2
7  7
16  7
11  -4
12  -1
12  -1
11  -5
10  8
13  8
11  -3
12  -1
13  6
13  6
13  7
15  -2
10  7
9  5
12  0
15  0
13  6
13  6
11  -5
9  5
12  -1
8  1
13  6
14  3
11  -3
11  -3
9  5
15  0
14  4
11  -3
13  7
10  8
13  7
14  4
10  6
11  -5
12  -1
16  6
9  5
13  7
12  -1
15  -2
13  6
13  8
12  0
6  -6
15  0
16  6
14  3
12  0
12  1
11  -4
12  -1
11  -5
14  3
13  7
10  8
14  3
12  -1
11  -4
11  -4
10  6
17  0
13  7
8  1
11  -5
11  -4
13  8
10  6
8  2
9  5
10  7
10  6
13  6
11  -5
12  1
12  0
16  7
12  0
11  -3
10  8
8  1
11  -4
11  -4
10  7
7  5
12  -1
13  6
11  -4
11  -3
13  7
11  -3
10  6
12  -1
7  6
10  6
9  3
12  1
16  7
8  3
15  -2
10  6
13  7
10  6
14  5
18  -1
15  -1
12  -1
10  7
13  7
13  6
11  -3
16  7
14  4
10  7
12  1
11  -5
7  7
12  0
13  8
13  8
13  6
14  3
8  3
15  0
12  1
13  6
14  4
14  3
10  8
11  -3
10  8
12  1
8  3
11  -4
15  0
11  -5
17  0
10  7
11  -5
11  -3
10  6
14  3
13  7
9  3
12  0
13  8
11  -4
14  5
13  7
14  3
12  0
12  -1
9  4
13  6
15  -2
9  3
7  6
14  4
9  5
13  6
15  -2
11  -5
15  -1
16  6
10  6
14  4
12  0
12  0
12  -1
13  8
13  8
15  -2
9  4
13  7
15  -1
13  7
14  4
9  4
11  -5
9  5
13  7
16  7
12  -1
11  -5
11  -3
14  3
16  8
12  1
12  -1
11  -4
11  -4
8  1
9  3
10  7
8  3
17  -1
9  4
13  6
14  3
14  3
10  7
10  8
14  5
9  4
11  -3
8  2
10  8
9  4
14  5
11  -4
13  6
14  4
12  1
14  4
12  1
11  -5
10  8
13  6
13  7
7  6
12  1
13  7
10  7
15  -2
11  -4
6  -6
16  7
7  6
12  0
14  4
10  8
9  3
10  7
12  1
12  -1
11  -4
10  8
13  7
12  0
9  3
14  4
13  8
16  6
13  8
9  5
12  0
10  8
11  -3
9  5
13  8
15  0
12  -1
11  -3
13  7
12  0
10  7
8  3
14  3
12  0
14  3
11  -5
13  8
7  6
11  -5
14  4
14  4
12  -1
9  3
11  -3
12  1
10  6
15  -2
7  7
15  0
8  1
14  5
12  -1
12  -1
11  -3
13  8
19  5
13  8
13  6
13  8
12  -1
9  3
10  7
12  1
15  0
13  8
14  3
10  7
13  8
15  0
9  5
11  -5
14  4
12  1
4  5
9  4
15  -1
12  1
8  3
11  -5
10  8
10  7
11  -3
13  6
11  -5
12  0
10  8
13  6
10  6
9  5
12  1
13  8
13  6
14  3
10  6
8  3
11  -5
15  -2
13  7
9  3
12  0
14  5
7  7
13  6
11  -5
13  8
11  -4
12  0
15  -1
11  -4
10  7
14  5
11  -5
15  -2
10  7
13  6
14  4
15  0
14  5
14  5
13  8
8  3
13  7
9  5
11  -5
8  2
10  8
12  1
16  6
17  1
13  8
13  6
13  6
12  -1
13  8
10  7
8  1
12  0
11  -5
16  7
12  -1
14  4
11  -3
14  3
14  5
11  -3
12  1
11  -5
12  0
13  8
13  7
13  8
14  5
14  3
12  0
13  6
8  2
13  8
13  8
11  -5
8  1
16  8
14  4
12  0
10  6
9  4
13  6
12  0
12  0
13  6
9  4
11  -4
13  8
10  7
11  -4
13  6
13  6
9  4
11  -4
9  3
6  -6
13  6
11  -4
12  0
12  -1
13  6
9  3
10  6
13  8
8  1
11  -5
11  -4
12  1
12  -1
8  1
10  7
9  5
14  5
14  3
13  7
12  0
9  5
10  7
11  -5
12  0
11  -3
12  1
13  7
12  1
15  -1
10  6
12  1
12  1
15  -1
10  6
14  3
16  8
10  6
15  -1
8  1
12  -1
13  7
13  8
11  -5
14  3
7  5
12  1
9  5
7  7
12  0
8  1
11  -3
10  6
12  1
15  -2
11  -3
10  7
7  5
10  6
13  8
9  4
13  6
8  1
13  6
15  -2
12  1
12  1
9  4
14  4
15  -1
11  -4
11  -5
8  2
8  3
11  -5
11  -5
14  4
13  8
15  -2
13  8
14  3
9  5
16  6
10  6
11  -5
11  -4
11  -3
10  7
9  3
14  3
13  8
9  5
9  5
11  -5
13  6
11  -5
12  0
10  7
14  5
15  0
9  4
13  6
12  0
14  5
12  -1
11  -3
8  1
8  2
13  6
11  -3
12  -1
11  -4
13  7
11  -4
13  8
13  7
13  6
10  6
13  8
12  0
11  -3
9  3
12  0
11  -5
14  5
11  -5
12  1
4  3
12  -1
9  4
8  2
10  7
11  -3
12  1
7  5
15  0
12  0
13  7
15  0
8  1
11  -4
14  4
9  4
14  4
13  7
13  7
10  7
10  7
7  7
13  6
10  6
11  -3
13  7
11  -5
11  -4
11  -5
13  7
15  -1
8  3
8  2
10  6
12  1
8  1
12  0
9  5
13  7
11  -4
10  8
15  0
14  3
13  8
15  0
15  -1
14  5
13  8
12  1
11  -5
13  7
11  -5
10  7
13  7
11  -4
12  0
10  6
15  -1
12  -1
16  6
13  8
12  0
13  8
11  -3
13  7
13  6
15  0
11  -4
14  3
11  -3
11  -4
12  1
14  3
14  4
15  -1
14  3
14  5
11  -5
10  6
12  -1
8  1
9  4
12  1
8  2
14  4
14  3
11  -4
9  3
12  -1
14  5
16  7
13  7
12  -1
9  4
12  0
11  -5
14  4
16  7
14  3
12  1
12  1
12  0
12  0
12  1
11  -5
12  0
12  -1
13  7
14  3
13  7
12  0
12  0
16  6
15  -2
10  6
14  3
11  -3
11  -5
11  -4
15  -2
12  0
9  3
10  6
11  -5
10  8
16  6
9  3
11  -4
13  6
11  -3
10  8
10  6
14  4
17  1
14  4
12  1
13  8
14  3
8  2
8  2
12  -1
11  -5
11  -4
9  5
16  7
12  0
10  8
11  -4
12  0
13  7
12  0
15  0
11  -4
12  -1
16  6
14  5
8  3
13  7
10  8
12  1
13  7
10  6
13  8
9  3
16  6
8  1
15  -1
11  -5
9  5
11  -4
11  -3
13  8
14  3
8  3
11  -4
11  -4
11  -3
12  1
10  6
12  -1
9  5
7  6
10  7
15  0
15  0
12  -1
12  1
15  -1
12  1
9  3
14  5
14  4
12  1
9  3
11  -4
11  -4
10  7
11  -5
8  1
12  0
12  0
9  3
4  5
9  3
8  3
12  -1
15  0
13  6
15  0
13  6
12  -1
11  -4
7  5
13  8
12  1
11  -5
10  6
10  8
15  0
14  4
15  -1
12  0
13  7
6  -5
12  0
8  1
12  1
13  7
12  -1
10  6
12  0
14  4
13  7
9  4
10  6
18  -1
11  -5
15  0
13  8
11  -4
18  1
15  0
15  -1
14  5
10  8
13  6
10  6
9  4
15  0
12  1
11  -3
12  -1
13  7
10  6
9  5
13  7
8  2
9  3
12  -1
7  5
8  3
11  -4
10  8
14  4
10  8
12  0
11  -5
9  5
13  6
13  7
9  4
11  -3
14  3
14  4
6  -4
10  6
12  0
11  -5
14  5
12  -1
9  3
15  -2
14  3
10  7
9  5
8  2
11  -4
13  8
16  7
11  -3
13  8
15  0
12  1
9  3
13  6
13  6
12  0
