9  3
11  -3
10  0
8  1
8  1
10  0
5  -1
8  1
11  -2
11  -3
15  -1
12  3
8  1
7  -1
8  3
11  -4
11  -2
9  4
18  -3
9  4
11  -2
10  1
8  3
11  -2
9  5
15  -2
10  0
13  -8
10  -1
14  -7
8  2
11  -4
6  0
8  2
11  -2
11  -4
8  3
9  5
10  -1
11  -2
11  -4
8  1
8  2
9  3
7  1
11  -4
8  2
11  -3
14  -6
9  4
7  -1
8  1
11  -2
13  -8
14  -6
10  0
7  1
16  -8
11  -2
12  3
9  5
12  3
10  0
4  -3
13  -7
11  -2
7  0
6  1
14  -6
11  -3
8  3
11  -2
8  2
14  -7
7  -1
3  1
11  -4
10  0
12  5
12  5
11  -2
10  -1
13  -8
12  4
9  4
10  1
6  0
13  -7
10  1
8  2
6  1
7  1
7  0
9  3
7  0
8  1
8  1
11  -3
10  1
9  3
12  5
10  1
12  3
8  2
6  0
10  1
12  3
9  3
10  -1
10  1
9  3
11  -4
10  -1
14  -6
9  5
14  -7
11  -3
9  3
10  1
10  0
10  -1
8  1
9  4
12  4
12  5
10  0
13  -6
9  3
12  3
9  4
12  5
9  4
10  1
10  -1
9  5
8  3
12  5
11  -4
12  5
9  3
9  3
11  -2
15  -2
12  4
10  -1
9  3
11  -2
12  4
9  5
10  0
8  1
7  1
11  -3
14  -6
11  -2
10  0
8  3
9  4
7  0
8  1
12  5
8  1
7  0
8  1
12  4
12  4
10  0
6  1
7  0
11  -4
7  0
12  4
7  1
11  -4
11  -3
9  3
11  -2
10  1
12  3
12  5
9  5
10  1
12  5
11  -4
7  0
6  -1
11  -2
11  -2
8  1
9  4
11  -2
12  3
6  -1
11  -4
10  0
11  -4
12  5
14  -6
11  -4
11  -4
9  4
12  5
8  2
10  -1
13  -7
10  -1
12  4
7  0
7  1
9  5
12  5
11  -3
7  1
9  5
8  1
11  -2
10  -1
11  -2
11  -3
7  0
8  3
12  3
8  2
14  -8
7  1
11  -3
10  0
10  1
9  4
10  1
10  0
11  -4
12  4
12  3
8  2
12  4
10  1
8  1
10  1
10  0
11  -3
12  5
8  1
9  5
9  5
7  -1
12  4
7  -1
13  -8
10  -1
13  -6
13  -6
10  1
7  -1
15  -3
15  -2
7  -1
10  -1
11  -3
8  3
12  3
11  -4
9  4
12  4
11  -4
9  5
9  4
8  2
13  -6
12  5
12  4
10  1
10  1
12  4
13  -6
11  -2
9  5
12  3
12  5
11  -4
11  -3
12  5
10  1
11  -4
7  -1
10  1
8  3
10  1
11  -4
11  -3
8  1
9  5
13  -6
10  0
13  -7
9  4
12  3
9  5
6  -1
6  0
10  1
11  -4
11  -2
8  2
11  -3
13  -6
11  -2
10  1
9  3
12  3
9  4
12  4
12  3
13  -8
7  1
10  1
9  3
9  3
6  1
8  1
13  -6
10  1
14  -7
9  3
11  -4
7  0
13  -7
9  3
14  -7
7  -1
13  -7
13  -7
8  1
13  -7
14  -7
10  1
11  -3
10  0
6  0
10  0
13  -8
16  -7
8  1
7  1
9  4
7  -1
8  1
9  4
12  3
9  4
11  -2
11  -2
4  -2
8  3
14  -7
7  1
8  3
10  0
11  -2
8  1
7  0
11  -4
12  3
10  0
13  -7
7  -1
9  5
8  3
11  -3
13  -7
8  1
14  -6
10  1
10  1
8  1
11  -4
12  5
9  5
8  1
12  3
8  1
13  -6
8  3
11  -4
8  1
9  3
11  -2
11  -3
8  1
8  2
12  4
10  0
12  5
15  -2
7  1
12  5
5  -3
11  -4
8  3
8  3
13  -7
8  1
9  5
11  -3
7  0
7  -1
12  5
8  3
12  3
8  1
10  0
11  -2
11  -3
7  1
11  -2
11  -2
15  -2
10  -1
10  0
11  -3
8  1
12  3
11  -2
8  3
12  5
14  -8
11  -2
9  4
13  -6
6  0
11  -3
8  1
9  3
10  0
10  -1
10  0
11  -4
9  5
7  0
10  0
8  3
11  -3
12  5
8  2
10  1
11  -2
7  1
12  4
12  4
8  3
6  -1
8  1
12  3
9  3
7  0
9  5
9  5
9  3
13  -6
13  -8
8  1
11  -4
13  -7
12  4
7  0
12  3
8  1
7  0
10  -1
8  1
11  -2
12  5
11  -2
13  -6
13  -6
10  1
13  -6
11  -4
13  -8
14  -7
11  -2
10  1
9  3
9  4
11  -3
9  4
11  -4
13  -7
10  1
12  5
13  -6
13  -7
7  0
10  0
11  -2
6  1
7  -1
12  4
12  3
10  -1
7  -1
9  4
11  -3
9  4
12  3
10  1
12  5
11  -3
13  -6
11  -4
8  2
10  0
12  4
11  -4
10  1
7  1
12  5
14  -8
13  -7
9  5
10  0
11  -2
10  -1
7  1
13  -6
9  4
8  3
9  4
10  0
11  -3
8  3
15  -1
14  -7
11  -3
10  0
9  3
12  4
11  -3
8  2
12  3
10  0
8  2
7  0
10  -1
11  -2
4  -2
14  -6
6  0
5  -1
14  -7
5  -3
10  1
9  4
8  3
11  -2
11  -3
12  5
9  4
10  0
9  5
5  -3
12  4
12  5
14  -7
9  5
7  0
7  -1
13  -7
9  3
9  3
8  3
8  3
9  4
11  -3
9  4
9  5
14  -7
9  3
11  -3
8  2
10  1
11  -2
10  1
11  -4
12  5
13  -8
10  1
9  5
7  0
10  -1
8  3
9  3
14  -6
11  -2
6  -1
13  -7
9  4
8  3
10  0
10  1
11  -3
6  0
11  -2
10  0
10  1
12  4
8  3
9  3
8  3
10  1
8  2
9  5
10  0
9  5
11  -4
12  3
13  -7
9  3
11  -3
10  1
10  1
9  5
10  1
11  -4
15  -1
7  -1
7  0
9  5
12  4
11  -4
8  2
12  5
10  0
8  1
12  5
13  -8
12  3
11  -3
14  -7
11  -2
11  -2
11  -2
9  4
7  1
14  -6
10  -1
10  0
11  -4
10  1
11  -4
8  2
14  -7
10  -1
9  5
5  -3
13  -8
7  -1
7  0
11  -2
12  3
9  3
11  -4
12  5
10  -1
9  3
10  0
12  5
11  -4
14  -8
16  -7
9  5
7  0
7  0
5  -2
5  -2
7  0
4  -2
12  3
7  1
5  -3
7  1
8  1
10  1
10  1
7  0
8  3
13  -6
13  -7
12  4
14  -8
15  -3
10  -1
11  -4
10  0
12  5
9  5
10  1
11  -3
13  -8
9  3
11  -2
12  3
8  1
11  -4
12  3
13  -8
10  0
12  3
9  4
8  1
12  3
12  3
9  5
10  -1
13  -7
9  4
7  1
7  -1
11  -4
10  1
10  1
10  -1
11  -3
7  -1
10  -1
11  -4
12  5
9  3
7  1
10  0
10  0
8  1
10  -1
8  1
8  3
13  -7
7  0
14  -8
9  4
9  4
11  -4
10  1
13  -8
10  -1
11  -3
9  3
7  -1
8  3
7  -1
7  0
6  1
11  -4
11  -2
11  -2
14  -8
9  4
8  1
9  4
9  4
12  4
10  0
9  4
4  -4
6  -1
11  -2
8  1
12  4
12  4
12  3
12  5
11  -2
6  0
10  -1
9  4
8  3
6  1
14  -6
10  -1
11  -3
11  -3
13  -8
8  3
8  3
10  1
13  -6
6  0
11  -3
11  -2
9  3
13  -8
10  -1
7  -1
10  1
11  -2
8  2
11  -3
10  -1
14  -8
11  -4
8  3
7  1
8  3
8  1
8  2
10  1
10  0
11  -3
9  4
9  3
7  1
6  1
9  5
10  -1
7  -1
9  4
9  4
9  5
7  1
14  -8
10  0
8  2
12  5
10  1
12  3
6  0
6  0
10  1
10  0
10  -1
14  -6
13  -7
13  -7
13  -7
9  3
8  1
12  3
7  -1
7  1
8  2
11  -4
13  -7
10  1
9  5
7  -1
8  2
11  -3
11  -3
9  5
7  1
6  0
9  3
5  -1
8  3
10  -1
11  -4
6  -1
13  -7
12  5
13  -6
10  0
9  3
10  -1
14  -7
8  2
9  4
11  -4
8  2
7  1
12  3
9  3
12  4
8  3
8  3
8  3
9  4
7  0
11  -4
13  -8
13  -8
13  -7
12  5
9  3
14  -7
10  1
8  2
10  1
8  1
7  -1
8  2
9  5
14  -8
10  0
6  -1
10  -1
6  -1
12  3
8  1
12  5
12  3
11  -3
9  4
11  -4
11  -4
12  3
9  3
7  -1
3  3
11  -3
10  0
8  3
15  -2
12  4
8  1
11  -3
8  1
10  -1
11  -4
9  3
11  -4
13  -6
7  -1
11  -3
11  -3
11  -4
9  5
9  4
9  4
13  -6
14  -6
11  -3
11  -4
5  -3
7  -1
13  -6
11  -3
13  -7
10  -1
13  -6
13  -6
13  -7
12  4
8  3
7  -1
7  -1
12  3
10  -1
9  5
11  -3
11  -2
8  2
11  -3
10  0
14  -7
10  1
10  -1
11  -3
13  -6
9  4
11  -2
11  -2
13  -7
8  1
10  1
14  -7
10  -1
15  -3
6  1
9  4
9  5
10  1
9  5
12  4
9  5
11  -3
10  0
8  2
8  3
11  -2
11  -4
11  -4
8  1
7  0
11  -3
8  1
11  -3
14  -7
12  5
13  -8
9  4
7  0
7  0
11  -3
10  -1
6  0
8  3
8  2
13  -7
8  1
11  -4
11  -2
