33  0
27  10
31  4
27  7
27  4
29  -7
29  -5
23  0
33  4
28  -6
31  10
28  -2
26  -12
27  7
29  0
29  4
26  -5
29  5
28  1
33  0
30  1
29  -5
27  -1
22  -3
28  6
26  -7
26  -14
28  -3
29  -3
29  -1
26  -12
32  13
29  2
30  5
30  -6
31  6
29  -6
25  1
27  11
29  -3
33  -3
26  -6
31  0
26  -14
31  -3
20  5
31  3
27  6
27  -1
30  0
24  -11
26  -8
26  -12
30  -1
27  11
24  -7
24  -3
25  -6
30  -4
23  0
30  -6
27  12
28  -6
31  10
31  -1
28  -1
32  9
31  0
33  3
27  8
29  3
28  -5
27  7
29  -2
30  3
24  -6
28  4
31  4
26  -14
26  -8
27  4
24  1
32  5
28  2
32  11
26  -3
31  10
30  1
29  -5
25  -1
29  2
24  -3
31  3
32  5
29  -2
30  -4
26  -5
31  -2
31  2
28  -7
25  -1
25  -6
26  -8
26  -1
31  8
22  7
28  -3
32  9
25  -4
28  5
31  4
28  6
30  -5
28  6
28  -1
29  3
28  -6
31  -3
27  7
32  8
29  -6
30  1
27  8
28  7
29  7
26  -6
30  -5
26  -10
27  0
28  4
29  0
23  1
29  3
26  -4
28  -5
28  4
30  7
27  6
28  3
26  -7
31  10
28  1
25  -1
30  -4
23  3
26  -5
26  -12
35  5
26  -9
30  5
30  -3
28  -1
30  -3
25  2
30  -6
25  1
26  -11
34  -7
25  -1
28  1
26  -5
28  -6
25  -4
31  -2
26  0
29  7
26  -8
30  0
27  10
30  5
31  8
30  -4
28  -3
28  -6
26  -3
29  1
26  -3
30  6
23  7
25  -6
29  -3
28  4
29  -4
29  -4
27  0
30  4
29  3
30  6
34  -1
27  5
33  -3
27  6
34  -9
32  9
30  5
32  12
30  2
24  -11
26  -10
26  0
27  10
28  0
26  -1
28  3
31  -2
29  0
27  0
28  5
31  -2
30  1
30  1
25  -1
27  9
23  4
27  6
30  4
32  2
28  -7
24  -3
32  14
26  -8
30  -3
23  -6
26  -6
26  -4
26  0
25  -4
26  -13
26  -3
31  5
28  0
29  1
28  -2
30  6
27  2
26  -5
27  13
25  -3
25  5
29  -7
29  6
28  6
27  7
26  -1
31  5
23  -3
28  -5
31  -2
25  5
31  1
30  5
30  -3
28  0
28  -1
29  1
28  4
26  -14
24  -7
26  -3
25  -4
26  -9
29  7
32  7
24  -4
27  13
29  -4
27  1
24  -5
29  1
25  0
31  0
27  7
29  1
24  -11
29  2
25  -3
30  -2
25  3
27  -1
30  -5
31  2
28  -7
30  -3
31  -1
27  -1
30  5
26  0
29  4
29  -7
26  -3
28  -5
32  6
30  5
27  7
28  0
32  12
26  0
29  2
28  3
30  -2
27  6
27  11
27  2
24  1
32  14
28  7
29  -7
28  -4
29  1
31  3
24  -1
29  4
27  -1
29  -5
25  -3
29  2
31  6
25  0
28  1
27  2
30  5
31  7
32  1
28  -5
30  -5
27  1
29  -5
29  -4
27  3
29  -5
30  7
24  -7
24  1
26  -8
33  -1
30  -3
31  5
28  -5
28  -6
25  4
33  -4
31  3
28  -7
30  6
27  13
28  -2
27  1
31  -3
31  5
27  0
31  11
27  10
28  4
28  -3
23  2
30  6
25  7
26  0
27  7
28  3
26  -12
28  1
31  9
30  0
29  4
30  2
25  7
30  -6
31  7
26  -6
26  -14
29  5
27  7
27  4
26  -13
27  3
30  -5
27  3
26  -5
26  -2
25  4
25  1
29  6
28  -3
29  1
27  9
27  4
31  -1
27  8
29  5
28  -2
28  5
29  0
31  4
24  -12
30  -6
30  -2
26  -3
25  5
28  -3
32  2
26  -9
30  0
24  -11
30  3
32  2
29  -6
29  4
28  0
28  -1
35  -6
29  -7
28  -1
30  1
26  -4
30  3
29  -6
29  -4
27  13
27  10
29  -3
27  13
30  1
31  7
30  2
26  -10
29  -6
28  4
25  0
26  -7
29  1
26  -4
30  -3
28  5
30  -4
33  5
30  1
30  6
22  8
28  3
29  -2
26  -1
22  2
31  11
28  -4
29  2
28  -6
27  11
31  7
22  7
29  -5
29  -3
30  6
24  -2
26  -6
27  11
23  5
29  0
28  2
31  2
30  6
29  3
31  -3
33  -3
24  -5
27  3
30  -4
26  -14
30  -4
28  5
26  0
26  -1
23  -4
32  12
29  0
31  -2
26  -1
31  9
25  -3
28  -6
30  0
28  3
32  11
28  7
31  6
27  2
26  -1
32  5
28  -2
33  7
28  -2
31  8
28  -5
32  12
26  -14
33  4
28  -2
28  2
30  5
23  -5
28  -1
28  -3
26  -8
28  -4
29  4
28  3
26  -3
29  0
26  -3
25  5
24  -8
31  11
29  -2
27  8
30  3
24  -6
28  -2
30  3
29  -3
29  -7
26  -8
28  2
28  -2
28  -7
27  -1
32  14
30  4
30  1
29  -5
25  1
31  0
25  -5
25  -4
26  -13
29  7
29  -3
26  -10
29  -4
29  -6
32  9
28  -1
32  7
29  -1
31  10
26  -11
25  -2
28  5
28  2
31  10
30  -3
28  0
26  0
28  -2
32  5
31  8
27  8
28  -7
30  -5
30  1
28  -3
31  3
30  7
30  3
28  5
30  -3
31  11
30  5
27  13
27  12
28  5
30  1
31  9
29  7
28  0
30  -2
31  7
31  2
23  -3
29  5
23  0
29  -7
28  5
24  -3
29  -1
27  0
27  8
26  -13
28  -3
29  5
23  4
22  6
32  3
27  10
31  9
29  7
32  0
30  -3
31  5
25  -5
25  -6
25  0
21  -4
23  -6
31  7
28  7
32  11
29  0
32  0
29  -1
32  1
28  1
27  8
30  3
26  -10
29  -6
32  6
26  -9
22  9
26  -4
26  -3
33  0
29  2
31  1
26  -12
31  10
27  2
31  3
28  0
27  11
31  6
26  -8
28  -2
25  -6
29  -3
26  -6
29  0
27  12
26  -9
25  6
30  -3
26  -10
29  3
30  6
27  6
29  -2
26  -8
28  -4
25  -2
30  2
31  0
34  2
26  -14
31  6
24  -6
33  1
27  5
27  5
31  -1
30  4
29  -1
24  -8
21  5
27  2
33  -5
23  -2
29  -3
30  -2
26  0
22  2
27  1
26  -2
25  -3
28  7
23  3
25  1
32  7
25  6
28  1
30  1
26  -7
25  0
33  -1
29  -1
34  1
29  -5
30  -5
30  -2
29  7
29  5
28  0
24  -5
32  1
28  -5
27  2
29  -7
32  2
27  8
27  5
24  -4
33  6
28  0
29  -2
25  1
21  0
23  -3
20  14
33  -5
28  3
33  6
27  13
29  2
27  9
27  9
30  5
33  4
31  7
32  7
27  0
29  5
34  -5
29  -5
31  2
28  0
28  -2
29  6
31  7
29  0
28  7
29  1
24  -5
27  10
31  0
30  -4
29  5
23  2
31  7
30  6
27  10
27  -1
27  12
29  -5
29  -1
26  -4
28  1
30  4
27  13
27  2
29  -3
29  1
27  13
28  7
26  0
23  1
30  6
25  3
29  5
31  0
28  -7
29  -2
24  -7
29  5
32  2
25  -1
26  0
32  2
29  -3
27  10
30  5
26  -7
28  4
28  -2
30  8
28  -2
28  -1
30  7
26  -11
26  -14
32  9
32  2
28  0
28  -2
23  0
26  -3
25  6
31  0
31  4
26  -5
27  5
28  -5
29  -5
27  7
29  2
29  -3
31  10
37  0
24  -13
30  -2
34  -8
32  13
31  9
28  -4
31  1
27  7
32  6
31  8
24  -4
29  0
29  6
27  2
28  -3
28  7
31  1
27  1
26  -7
23  7
29  -1
25  -3
30  6
32  10
28  -2
25  3
24  -13
31  3
28  0
30  8
29  -2
29  -6
24  -3
24  -10
31  -3
26  -1
25  5
27  11
26  -12
32  10
35  -5
28  -6
24  1
30  3
32  0
30  -6
29  5
28  -2
26  -1
31  3
30  -2
31  1
30  6
30  -6
28  3
23  -7
25  -6
28  0
28  -6
32  7
30  8
26  -7
27  9
28  3
28  2
27  -1
28  6
28  1
26  0
30  -5
30  4
25  5
22  6
32  8
28  1
24  0
31  6
30  3
29  3
28  -2
27  0
28  1
32  8
30  -5
23  3
31  9
28  -6
30  -3
26  -1
22  4
31  -2
32  11
31  0
26  -10
30  4
31  5
26  0
27  1
26  -9
28  -1
26  -8
27  13
28  -4
33  8
21  -1
28  6
34  3
25  -5
27  7
30  -4
28  2
29  -1
26  -5
27  0
27  10
32  3
30  3
30  -4
32  1
29  0
29  -7
31  -1
26  -10
29  -3
27  4
27  0
28  -7
28  7
25  2
29  6
28  1
29  7
26  -1
28  2
29  3
30  1
28  0
30  -2
26  -7
28  5
26  -13
24  -3
25  5
30  -5
30  -5
28  6
31  5
24  -8
27  1
31  9
29  4
33  6
29  1
30  7
28  0
29  -5
27  9
28  7
26  -3
27  13
22  6
31  4
25  -4
31  0
30  6
27  0
23  5
34  -5
33  9
31  -3
30  8
24  -8
20  10
29  -6
25  6
26  -3
28  -2
30  8
29  -4
30  3
27  6
28  -6
31  0
30  5
29  -3
30  -6
29  -6
29  -3
26  -11
26  -12
24  -8
27  10
30  -3
25  -7
29  -6
23  -4
28  4
29  -2
30  0
31  -1
29  -7
29  -1
28  -6
24  -6
32  1
