12  3
5  0
14  0
9  4
14  -5
12  4
12  -1
12  -1
16  -5
5  -4
15  0
11  -3
13  -1
12  2
8  1
11  0
15  -3
12  0
13  4
7  0
16  -7
12  3
8  5
10  -6
9  9
8  4
9  6
7  -2
14  -3
9  7
12  1
13  5
11  0
6  1
14  -4
11  -3
12  0
13  5
11  -3
7  -1
17  -2
8  5
15  -3
11  -2
9  9
16  -8
12  -1
12  -2
11  1
17  -3
7  -3
15  -1
15  -2
13  0
10  -6
9  5
16  -10
13  4
11  -1
12  0
14  1
10  -7
11  0
7  3
7  -3
11  -4
12  1
12  3
12  -2
10  -5
12  4
9  5
10  -1
12  -2
9  8
11  -4
11  0
8  0
10  -2
12  3
12  2
13  4
13  1
12  0
14  -5
14  -3
11  1
10  -3
8  2
13  5
8  1
15  0
12  4
16  -8
15  -1
12  4
7  -3
10  -7
9  8
7  0
11  1
9  9
7  -1
8  3
8  1
9  5
9  7
9  4
10  -4
14  -2
9  9
8  0
9  3
10  -1
9  5
6  3
10  -5
13  5
9  6
9  4
8  6
10  -7
10  -4
12  1
5  -2
9  3
14  1
10  -7
12  4
11  -1
11  2
8  0
10  -3
10  -5
17  -1
12  1
10  -5
13  3
11  -4
11  -3
9  4
14  -1
12  4
6  4
14  -2
6  1
7  -3
10  -6
6  3
14  -4
10  -6
8  6
13  3
10  -1
13  -1
8  6
6  3
13  3
12  1
10  -5
9  4
17  -6
9  8
14  -1
14  -5
15  2
13  -1
10  -4
11  -2
8  0
13  -1
10  -5
7  -3
11  -3
11  2
12  4
11  -2
11  -4
12  0
10  -7
11  -1
14  -1
9  7
7  1
11  1
13  5
14  -2
6  1
13  5
18  4
13  0
7  0
12  0
9  6
7  1
11  1
12  3
11  -3
13  4
8  0
11  -4
9  3
10  -4
12  -2
7  3
9  7
14  -2
12  1
11  2
12  0
7  -2
13  2
8  6
10  -2
8  3
10  -5
13  4
12  -1
15  -2
9  5
9  5
12  -2
13  0
8  6
9  7
12  3
14  1
15  -2
10  -2
11  -2
10  -5
14  1
8  6
7  3
18  -2
8  6
8  2
11  -3
7  1
8  0
11  -4
12  4
11  2
16  -7
7  -1
9  6
12  2
15  -1
9  4
8  5
5  -4
9  8
11  1
11  1
16  -8
10  -2
12  -1
8  4
8  0
11  1
13  1
7  -2
15  -3
11  0
15  -2
13  4
10  -7
14  -2
11  0
11  -4
12  0
6  6
13  3
14  1
10  -1
10  -3
15  3
11  -1
8  1
9  7
8  3
7  0
16  -7
18  -1
10  -7
8  3
11  -2
8  0
10  -4
17  -6
11  1
8  1
9  5
10  -3
9  9
8  5
6  2
17  -2
11  0
9  8
9  8
8  1
10  -4
12  2
14  -3
10  -6
8  4
18  -2
9  4
15  1
11  2
16  -10
10  -1
14  0
14  -4
14  -2
18  0
11  -2
15  -3
14  1
9  7
14  -3
7  1
7  0
10  -7
9  5
7  3
15  -3
15  0
12  -2
10  -4
8  2
11  -3
8  5
10  -3
13  2
9  3
10  -4
11  -2
13  4
11  -1
13  2
17  -2
8  6
6  3
14  -4
11  -4
9  9
9  9
14  0
17  -7
10  -2
10  -3
11  -1
5  -5
8  0
14  1
9  6
18  -2
12  3
13  5
15  3
8  1
8  4
10  -7
5  -4
12  0
12  1
11  -3
11  -4
13  2
9  5
15  2
11  1
13  5
11  -4
6  6
15  0
10  -6
6  4
9  5
12  -1
9  7
10  -1
19  1
14  -1
9  6
9  8
14  -3
10  -2
10  -1
9  3
10  -5
7  -2
11  2
11  -1
8  3
12  1
13  1
11  -1
13  4
11  -2
12  -2
18  -2
5  0
10  -7
11  -2
10  -7
11  -1
16  -6
12  0
15  -3
10  -6
10  -6
7  2
7  2
9  8
11  -3
9  7
8  4
13  2
12  0
8  2
10  -2
10  -2
13  4
4  6
5  -6
11  -2
8  4
6  0
7  2
10  -3
13  3
11  -3
11  1
9  8
10  -4
8  1
9  4
12  3
12  3
14  -4
12  4
8  6
12  -2
10  -2
5  -5
15  -1
16  -9
15  -2
13  3
16  -4
10  -3
11  2
7  -2
8  0
9  6
10  -7
3  5
14  0
9  6
10  -1
11  2
12  4
10  -3
10  -3
13  4
10  -4
13  0
13  3
12  4
9  5
9  5
13  0
14  -3
10  -4
13  4
8  1
6  2
15  0
9  4
6  3
11  0
9  4
13  4
15  2
17  -2
14  -5
13  3
11  -3
11  -2
11  -1
9  8
11  2
10  -1
11  0
12  0
9  6
10  -4
8  1
7  -1
12  1
8  1
9  4
14  -5
6  0
11  0
4  3
16  -7
18  -1
12  -2
8  6
13  0
10  -4
8  4
11  0
9  5
11  1
11  0
13  4
11  -4
7  2
12  2
8  5
16  -8
10  -6
16  -6
5  -3
13  0
9  5
8  6
12  3
5  -3
9  8
9  9
9  3
6  1
10  -1
13  5
8  1
10  -5
8  3
13  3
7  2
13  -1
10  -2
3  5
9  4
10  -7
10  -2
5  -6
12  0
16  -4
6  5
7  1
14  1
12  -1
11  0
11  -3
5  -4
11  -3
11  0
8  0
6  2
12  4
9  6
9  7
6  6
10  -4
6  1
11  -4
16  -7
11  -1
11  2
10  -1
10  -3
7  -2
10  -5
13  -1
10  -3
14  0
11  -1
10  -6
8  5
9  3
13  -1
9  7
9  4
7  1
13  3
13  2
7  0
10  -4
11  -3
8  3
10  -5
16  -7
11  -2
6  4
8  0
5  -3
13  -1
7  3
9  8
8  5
8  3
10  -7
14  0
15  3
11  0
12  0
14  -3
8  0
12  -2
7  0
11  1
12  -1
13  2
9  4
9  3
9  7
16  -7
10  -2
10  -2
6  2
11  -4
11  -3
11  0
8  0
13  -1
8  4
9  6
12  1
13  1
12  4
11  -3
13  4
12  -2
12  2
10  -5
7  -3
9  7
15  2
8  2
8  5
14  -4
12  4
6  2
10  -1
11  -3
14  -3
11  0
12  -1
10  -5
10  -7
11  2
10  -2
10  -1
11  -4
13  5
9  5
14  -1
17  -6
12  1
12  0
14  -1
11  -2
11  -4
9  5
9  9
9  9
11  -3
12  1
10  -3
8  0
14  -1
8  5
11  0
9  9
16  -5
12  -1
12  2
6  2
10  -1
9  8
14  -4
12  4
11  0
7  -2
16  -7
10  -7
10  -3
12  0
20  2
10  -7
15  1
15  1
8  2
11  0
9  6
8  4
10  -1
11  2
12  0
13  0
13  2
13  3
11  -3
10  -1
12  4
12  0
10  -6
10  -5
11  -3
11  -1
16  -7
13  4
12  1
8  5
8  3
8  0
15  -2
11  -4
11  -1
8  3
15  2
13  5
16  -8
10  -5
9  7
9  7
12  3
13  -1
6  5
9  3
11  1
13  5
7  -3
13  1
14  -1
13  4
14  1
8  2
12  0
10  -5
8  1
11  1
16  -8
11  2
12  4
15  -1
12  2
14  -3
10  -7
9  5
10  -7
13  1
14  -5
5  -6
10  -5
12  4
9  9
7  3
15  -1
12  3
8  6
11  -1
10  -6
6  6
12  2
6  3
10  -5
12  2
10  -3
9  7
10  -3
9  8
11  2
10  -1
14  -4
9  5
12  3
13  -1
12  0
17  -5
12  3
7  -1
14  0
11  0
10  -7
9  6
14  1
10  -1
10  -3
14  -5
12  2
7  1
10  -7
14  -2
9  8
9  7
11  2
16  -4
15  -1
13  -1
11  -4
11  -4
6  1
8  5
9  4
11  0
12  -2
16  -6
6  5
14  -1
12  4
12  0
12  -1
11  0
17  -2
12  0
10  -4
11  -1
10  -3
12  -2
12  -1
14  -2
8  5
14  1
10  -3
6  4
5  0
7  2
15  0
12  1
12  1
9  9
6  4
10  -5
13  2
10  -5
14  -2
10  -7
12  -1
8  6
10  -4
10  -1
17  -5
5  -5
11  1
15  -3
10  -7
10  -2
15  2
15  -3
9  7
16  -6
11  -3
7  -1
11  2
11  -1
8  5
3  7
12  3
8  6
14  1
15  -3
10  -1
9  6
11  -2
17  -6
7  -1
9  8
6  2
10  -5
9  9
12  0
14  -1
7  -3
14  -4
14  0
10  -6
10  -2
14  -2
12  -1
16  -10
12  1
12  4
9  3
9  5
9  3
12  1
12  2
10  -3
12  0
6  4
10  -5
10  -7
13  2
13  2
8  0
6  3
8  5
9  6
9  7
10  -7
11  2
5  -3
5  -2
12  4
8  3
8  6
12  1
13  4
12  1
10  -3
11  0
13  1
11  -1
12  4
7  -3
8  6
7  -3
17  -3
9  9
11  1
10  -6
13  5
12  2
9  5
10  -3
12  0
10  -2
16  -7
12  2
12  0
8  5
16  -4
11  -1
12  -1
15  -2
9  7
14  -2
8  5
17  -4
11  -1
5  -1
8  4
9  7
11  2
12  1
12  0
9  3
15  2
9  5
13  5
13  -1
11  -1
12  3
11  0
11  1
9  3
9  5
8  5
14  -1
11  -4
8  4
10  -6
11  -2
12  -1
12  0
11  -3
7  2
9  9
9  7
9  7
15  2
5  -2
13  2
8  4
13  3
15  1
15  -2
12  -1
13  2
11  -4
9  9
16  -5
13  3
11  0
13  0
10  -5
9  4
13  2
8  2
14  0
7  -3
10  -3
13  3
