14  -3
14  1
19  -1
10  -2
12  0
13  -2
17  3
12  6
19  -4
16  3
14  -6
14  -7
14  0
17  9
11  3
15  -12
12  5
17  8
12  -2
16  8
11  2
14  3
12  7
16  8
17  4
12  0
13  2
15  -6
18  -1
14  -6
11  0
13  4
10  10
11  1
12  9
14  2
12  6
16  6
11  -8
11  0
9  10
16  9
16  8
15  -5
19  5
17  9
11  -2
17  0
12  6
13  5
14  -4
12  4
11  -1
15  -5
11  -9
14  -6
9  3
9  -1
13  4
14  2
15  -4
15  -7
13  3
14  -8
9  0
15  -11
15  -5
22  -6
11  -7
11  -7
14  -7
11  2
12  9
15  -5
11  2
11  -9
13  4
13  1
16  11
18  -9
19  6
13  5
9  5
16  2
15  -4
16  6
11  -4
10  0
12  10
15  -5
17  -2
14  -6
14  0
13  4
12  -1
14  -4
14  1
13  0
18  2
13  -2
10  7
15  -10
19  3
15  -8
17  8
15  -1
14  -7
14  -2
14  -1
16  10
13  4
14  -1
10  -1
9  -1
19  -6
13  -4
16  11
14  1
13  5
10  5
15  -13
14  -5
14  -3
12  1
14  0
11  0
15  -6
12  5
13  -5
16  8
15  -4
13  -4
10  -1
11  -3
15  -12
13  4
10  9
14  -7
13  4
11  1
13  6
10  9
17  3
14  1
11  -2
15  -4
14  -2
14  -6
18  -1
12  9
15  -2
13  5
15  -4
12  8
12  -2
19  0
15  -5
16  12
15  -5
12  6
16  6
11  -2
12  -2
12  5
14  1
11  -2
14  -7
15  -4
9  -1
11  -2
13  -6
14  -4
13  5
11  3
15  -9
13  -3
12  -2
14  -3
14  -3
15  -7
14  2
15  -9
15  -6
9  11
19  -5
16  12
14  -8
12  10
13  3
21  13
11  2
15  -2
16  3
13  2
11  -9
16  9
11  -7
18  -2
15  -5
13  -3
13  -5
13  -6
17  10
15  -3
12  3
16  8
14  -4
18  -7
12  7
14  2
11  -4
12  -2
15  -4
13  -3
11  2
14  0
13  2
16  9
13  4
14  -1
13  2
14  -1
13  -6
14  2
14  -3
14  -4
11  1
12  -2
11  2
18  -9
13  3
13  2
14  -3
12  1
16  2
11  -6
16  1
13  -3
14  -1
18  -2
17  6
14  -8
13  6
16  6
13  4
16  8
13  -5
8  2
12  7
13  1
20  0
12  9
15  -2
15  -12
16  11
16  4
13  -2
11  3
14  -5
18  3
10  5
13  2
14  -1
17  3
14  3
19  4
13  -6
15  -9
15  -7
16  6
18  0
13  1
17  3
11  -7
12  5
10  8
17  8
15  -9
12  6
13  -6
12  1
13  5
17  8
16  7
10  1
12  3
11  -5
17  10
14  1
13  5
15  -11
15  -3
18  0
12  5
13  5
15  -4
11  -3
16  12
13  -3
14  -3
11  -8
13  3
15  -6
14  -1
13  2
13  -2
13  -2
12  -1
18  -8
16  12
13  -5
18  3
8  4
13  3
16  7
7  -2
13  -5
14  -5
12  9
18  -9
17  -2
10  8
14  -6
14  1
19  0
17  2
14  0
16  9
15  -12
14  1
17  -2
16  13
16  13
12  10
16  1
12  -2
16  3
12  8
13  -5
12  3
15  -8
17  6
13  2
14  4
14  -7
14  -6
16  10
18  -4
13  5
13  -3
12  4
15  -5
10  3
17  7
9  0
14  -1
16  1
17  1
13  0
15  -9
16  13
14  -5
13  2
10  9
16  12
14  -4
14  -8
10  3
12  1
14  1
13  -3
14  -4
15  -3
13  -4
13  6
14  4
15  -13
14  -2
17  2
15  -5
15  -4
14  -6
12  4
14  -3
15  -4
21  6
15  -6
16  2
14  -1
18  -2
13  -4
13  -5
13  -1
11  0
15  -5
12  10
15  -9
10  -2
12  4
9  8
14  -2
16  12
13  0
14  -3
14  -3
15  -13
11  -6
16  8
14  -2
14  -6
15  -13
14  4
11  -2
13  5
16  5
17  1
15  -5
12  10
12  2
14  -5
17  2
17  9
14  0
16  7
13  -5
11  -5
13  -4
16  11
15  -2
15  -1
17  -2
14  4
14  -7
14  1
19  4
14  -1
12  -2
15  -10
11  -6
11  -1
17  7
16  3
14  -6
17  9
11  -7
10  3
16  4
15  -9
12  6
16  3
14  1
16  10
16  3
17  0
12  -2
11  0
18  -5
11  -3
11  3
13  -3
13  0
13  -4
13  6
16  5
11  0
15  -3
13  3
13  -2
10  2
14  3
11  -5
12  5
12  5
16  7
13  -3
11  0
13  -2
13  -1
14  -6
12  5
11  3
13  5
12  7
12  7
13  2
10  7
16  4
14  -2
15  -8
16  10
11  -1
15  -4
16  10
9  6
13  2
15  -4
13  2
12  6
10  4
13  3
12  9
14  -4
12  -1
16  5
15  -10
18  -1
20  -3
10  4
15  -6
17  10
14  0
20  2
10  4
14  -8
9  11
13  -6
9  6
15  -6
13  4
17  7
18  1
13  4
12  9
13  -4
13  1
10  2
17  -2
18  -3
17  7
17  -2
12  8
14  0
16  6
16  2
13  -4
14  -2
15  -5
12  8
10  9
11  3
15  -5
14  -6
15  -2
12  3
16  5
10  9
13  -4
15  -13
15  -6
18  0
17  1
19  2
15  -10
11  1
14  -3
11  0
14  -3
17  2
16  12
12  8
12  3
18  -2
16  12
13  6
14  -5
19  -4
17  4
12  10
14  3
13  4
15  -5
10  10
17  10
16  4
15  -9
17  7
14  -3
14  -4
15  -4
16  4
16  1
14  -4
13  1
16  5
13  1
15  -6
16  5
13  -5
15  -4
15  -1
10  4
11  3
15  -11
16  10
14  4
14  -6
15  -10
13  3
17  8
16  5
14  -3
15  -8
17  10
16  12
13  4
16  11
15  -7
11  1
11  1
11  -4
13  2
13  5
10  5
8  5
20  3
17  10
19  0
9  7
13  -4
14  -8
14  -7
16  6
12  8
12  7
10  3
10  9
13  1
13  -1
15  -3
16  12
13  -1
15  -6
12  8
16  7
16  7
15  -8
13  -2
14  -1
15  -10
13  0
13  -6
12  10
17  1
14  1
10  3
11  3
11  3
15  -4
13  -1
11  2
11  -2
15  -13
9  11
11  2
10  7
15  -4
13  -5
15  -4
15  -13
15  -4
16  10
11  -1
17  -1
18  -6
16  4
12  1
11  -7
12  7
16  6
13  2
12  2
12  6
11  -2
19  1
11  -8
12  -2
14  -3
11  -8
15  -9
17  5
13  -1
13  -3
17  3
13  1
12  8
14  -4
15  -6
9  8
9  5
12  7
14  -6
12  7
13  3
12  1
9  8
17  0
13  -2
17  0
16  5
14  1
10  0
17  9
11  -4
15  -4
12  7
16  11
14  -3
14  3
12  -1
17  2
12  2
11  -3
14  -4
13  0
14  -5
11  -3
13  1
14  -6
15  -2
12  0
13  5
15  -13
15  -13
15  -9
11  3
11  -5
19  0
15  -9
17  2
14  -4
12  0
14  -2
15  -11
13  1
13  0
12  8
14  1
14  -1
16  8
9  9
17  10
16  13
16  12
12  8
12  0
14  -4
14  2
11  -1
12  4
12  9
16  9
13  3
15  -11
18  -6
12  5
13  -2
15  -9
15  -12
14  -7
13  -6
17  0
13  6
15  -3
15  -6
15  -11
12  1
18  2
12  -1
15  -13
9  2
14  2
12  -2
9  10
11  1
15  -3
12  6
10  9
11  -7
12  1
16  9
14  -5
14  -7
10  9
17  -2
13  4
17  5
9  9
14  -4
19  1
14  3
14  -4
13  5
11  -9
11  -7
13  -4
15  -10
19  0
13  -1
14  -7
14  -8
9  10
9  6
15  -2
14  -3
12  10
11  -5
16  13
17  10
10  4
9  11
14  -6
13  5
16  13
11  -8
15  -1
11  0
14  -4
12  10
14  2
17  8
15  -9
13  1
12  4
17  6
12  6
15  -8
14  0
19  5
10  2
15  -6
11  -3
16  2
16  10
12  3
19  3
8  2
13  1
14  -2
17  10
13  4
13  -6
12  2
15  -3
14  -4
12  6
16  8
8  -2
17  5
14  0
14  4
20  -1
13  -6
15  -5
13  2
11  1
12  7
13  -2
15  -3
17  5
16  10
15  -8
12  5
12  4
9  5
16  7
13  -6
17  -1
12  6
9  9
14  2
14  0
12  7
13  6
14  -1
16  7
15  -10
16  3
16  3
17  6
12  7
15  -10
14  -1
12  4
13  3
13  6
14  -4
13  5
8  -1
13  -6
15  -8
11  -2
11  -7
16  5
11  -5
13  0
13  -5
17  3
11  -1
13  -4
13  6
14  3
18  -9
14  3
13  4
16  8
14  -6
11  -7
12  -1
11  -8
16  6
18  2
14  2
13  -5
14  1
12  -2
16  10
12  7
15  -8
16  1
15  -1
15  -7
11  2
15  -13
16  1
18  1
19  5
15  -5
18  -9
17  4
16  1
12  10
12  10
13  6
15  -5
14  -1
14  -4
15  -2
13  -4
11  -5
17  7
14  -4
14  0
15  -6
14  -2
17  10
16  10
14  2
12  5
14  -7
14  -4
13  -5
9  5
15  -12
12  -1
13  -1
16  3
14  -2
12  -1
13  -3
16  8
14  -5
13  0
13  -3
12  4
14  -3
15  -12
17  4
17  8
14  -6
20  6
13  1
11  -4
16  4
17  8
15  -4
15  -13
14  -1
13  -5
15  -2
15  -7
16  6
14  -4
13  2
13  -5
13  2
15  -5
11  -7
13  -2
17  9
14  2
11  -5
15  -4
17  -2
11  -1
15  -6
14  3
16  4
11  3
13  -6
11  -1
