9  4
15  7
10  1
11  4
16  -7
11  5
14  -5
12  -1
10  2
12  1
14  -4
9  4
12  -3
12  0
16  -4
15  7
17  -4
13  -7
13  -8
14  -4
14  -5
15  6
15  4
14  -6
18  5
13  -8
15  7
12  1
12  1
16  -7
13  -6
14  -5
10  -1
16  -6
11  4
11  6
11  7
13  -5
14  -4
15  5
9  6
14  -4
16  -5
11  3
13  -9
12  -2
13  -7
14  -3
14  -7
13  -9
15  6
14  -5
13  -5
14  -4
13  -5
11  3
12  0
16  -6
11  3
14  -5
13  -6
15  4
13  -5
15  5
11  4
12  1
13  -6
15  5
15  8
17  -5
15  4
11  4
15  4
11  3
13  -5
13  -7
10  0
16  -8
12  -2
14  -3
13  -6
12  -2
8  5
12  0
15  4
15  4
14  -4
15  5
14  -3
17  -3
14  -7
13  -5
12  -2
14  -6
17  -1
13  -5
13  -7
12  1
16  -5
13  -9
12  1
13  -7
13  -7
10  2
15  4
14  -5
15  6
12  -2
12  -3
14  -3
14  -7
13  -5
14  -6
13  -6
11  4
12  -1
12  1
15  5
16  -5
10  1
12  0
14  -6
13  -5
16  -5
15  5
14  -6
16  -5
17  -4
13  -8
13  -8
16  -6
13  -9
13  -5
15  4
15  7
12  1
11  4
13  -8
17  -2
16  -8
14  -5
14  -4
12  -2
12  -2
14  -4
12  -1
14  -7
12  -1
14  -6
14  -4
11  5
13  -9
13  -5
15  7
9  3
16  -6
17  -1
12  0
14  -4
13  -6
12  -1
12  -2
15  4
15  6
12  -3
9  3
17  -3
13  -6
13  -9
11  5
13  -6
10  3
12  -1
15  6
14  -6
11  4
13  -5
12  -2
12  -1
13  -8
15  5
16  -7
14  -5
13  -6
14  -4
13  -7
13  -5
14  -3
13  -8
13  -6
16  -7
14  -6
12  -2
12  0
13  -7
11  5
14  -6
15  6
13  -7
14  -7
11  4
15  8
13  -6
15  7
12  0
10  0
10  -1
12  1
13  -9
14  -5
11  7
17  -2
15  8
12  -2
14  -3
15  6
13  -8
12  1
16  -5
15  8
12  1
14  -7
13  -7
14  -7
12  1
17  -2
13  -6
11  3
14  -7
15  5
14  -7
13  -9
12  0
13  -8
11  5
15  5
13  -8
16  -5
11  3
13  -9
11  6
17  -4
15  6
13  -8
12  -1
13  -8
17  -3
14  -7
15  6
13  -8
13  -7
10  3
13  -5
16  -7
13  -5
10  2
11  7
14  -7
16  -8
14  -7
10  3
14  -5
11  6
16  -6
13  -8
10  1
12  -2
15  7
9  6
14  -7
14  -6
15  8
15  5
15  4
12  -3
14  -3
15  7
17  -5
13  -5
15  6
12  -3
14  -6
13  -8
14  -3
12  -2
17  -3
16  -8
8  6
13  -7
13  -6
10  0
8  4
13  -6
13  -8
12  1
13  -6
13  -7
13  -9
11  4
15  4
13  -7
16  -6
14  -5
11  5
13  -9
12  0
13  -5
14  -7
14  -7
15  7
11  6
17  -1
11  7
14  -6
16  -4
15  8
13  -7
15  5
15  7
12  0
13  -8
12  -3
11  5
14  -7
14  -5
11  6
14  -3
12  1
16  -8
14  -7
14  -3
14  -4
12  0
12  -1
16  -7
16  -7
13  -5
12  0
17  -4
13  -5
11  4
13  -8
12  -3
13  -8
13  -6
17  -2
15  8
17  -2
15  5
16  -6
14  -4
11  3
14  -5
16  -4
17  -4
12  -3
15  7
14  -5
15  8
15  4
13  -5
12  0
10  3
10  2
10  2
12  1
12  0
14  -3
14  -7
11  5
14  -4
13  -9
12  -2
16  -5
14  -5
14  -7
14  -3
12  -3
14  -6
15  8
14  -4
15  5
16  -5
14  -7
13  -7
14  -7
12  1
11  4
16  -5
15  8
13  -6
16  -6
15  7
16  -8
8  3
16  -5
16  -8
16  -5
17  -5
15  6
15  8
15  8
15  6
12  -1
18  1
11  7
14  -7
15  8
12  -3
16  -4
12  0
14  -5
16  -8
13  -6
10  2
11  3
15  4
14  -3
15  8
15  6
14  -6
15  8
13  -7
11  4
13  -7
17  -1
14  -4
13  -5
13  -8
12  -1
17  -4
14  -5
11  6
10  -1
15  5
12  1
12  -3
9  7
14  -5
12  0
10  3
14  -7
12  -1
13  -8
13  -9
13  -7
14  -6
14  -6
15  5
11  4
9  3
14  -7
13  -9
13  -6
11  5
15  4
14  -3
10  1
13  -5
14  -6
13  -9
14  -7
17  -4
10  2
17  -4
16  -8
16  -7
15  5
13  -8
12  0
12  -2
12  1
14  -6
14  -7
13  -8
12  1
17  -4
16  -6
10  -1
13  -8
17  -2
12  0
14  -4
14  -7
16  -7
14  -7
17  -2
11  6
15  7
12  -2
11  3
17  -4
11  6
15  4
12  1
14  -6
12  1
14  -6
13  -9
12  0
10  2
13  -9
13  -7
16  -6
12  -3
11  4
13  -9
13  -6
15  7
12  1
13  -5
13  -9
14  -3
13  -5
13  -9
16  -5
14  -3
15  5
16  -7
17  -4
13  -7
15  6
13  -9
12  0
15  7
11  3
15  5
12  1
15  5
12  0
13  -5
16  -5
14  -6
17  -3
8  7
13  -9
16  -6
13  -8
16  -7
17  -3
12  -1
13  -7
11  4
13  -6
16  -8
10  0
10  2
17  -5
16  -6
14  -4
12  1
9  7
12  -1
16  -7
13  -8
13  -9
15  6
15  5
10  0
14  -7
11  6
14  -6
10  -1
15  6
14  -7
16  -4
16  -6
13  -6
12  0
13  -9
8  4
15  7
11  3
17  -5
15  8
13  -6
15  6
13  -5
12  -1
14  -5
11  7
11  5
15  6
12  -1
10  3
11  4
15  8
13  -7
11  3
12  -3
13  -9
13  -8
12  -3
13  -5
9  3
15  6
16  -5
14  -3
15  8
15  8
14  -7
14  -3
11  7
15  8
15  6
14  -3
16  -6
15  6
14  -4
12  -2
16  -8
15  4
11  6
15  8
13  -8
14  -6
12  0
10  0
11  7
15  7
14  -4
12  -2
14  -7
12  -1
16  -5
9  6
13  -7
16  -6
13  -8
17  -1
11  7
14  -5
17  -2
12  -1
18  5
16  -4
13  -7
16  -8
12  1
14  -3
14  -5
16  -8
12  1
17  -3
12  0
12  1
15  6
12  0
13  -9
13  -7
13  -7
13  -9
13  -5
16  -8
13  -9
13  -6
16  -4
15  4
11  3
12  -1
13  -7
11  4
13  -9
12  -2
13  -8
15  7
11  4
14  -3
11  4
16  -6
12  -2
15  4
14  -5
11  5
17  -4
17  -2
13  -9
17  -5
12  -3
13  -8
9  7
16  -4
11  4
16  -6
12  -2
14  -7
13  -6
14  -6
14  -5
16  -6
12  -1
15  4
11  4
12  -2
9  6
14  -7
16  -6
16  -6
15  4
16  -7
16  -4
14  -5
15  8
15  8
14  -3
15  8
16  -5
16  -8
12  0
11  6
15  7
12  0
13  -6
12  1
14  -3
12  0
17  -4
11  7
14  -7
15  8
12  -1
9  3
16  -6
14  -3
15  8
15  6
14  -7
15  5
8  3
15  8
14  -5
12  -1
9  7
12  -3
11  6
13  -7
15  7
12  -1
13  -7
9  3
16  -5
13  -6
16  -7
10  0
18  2
9  5
14  -5
15  5
14  -4
12  -1
14  -6
14  -7
10  -1
16  -8
11  4
14  -7
13  -8
12  -3
18  4
11  4
13  -5
17  -1
13  -6
12  -1
17  -5
15  5
10  1
9  4
11  4
11  3
13  -9
17  -5
13  -5
13  -6
16  -7
13  -9
14  -7
14  -7
11  3
12  1
13  -6
13  -8
13  -5
13  -8
13  -5
15  7
16  -5
14  -4
12  1
13  -7
13  -7
13  -6
15  6
15  5
12  -3
14  -3
11  5
15  8
14  -3
14  -4
11  4
13  -6
15  7
12  0
11  4
11  6
13  -9
9  4
12  -3
18  3
12  1
13  -9
15  7
14  -7
15  6
14  -7
14  -6
15  6
18  4
9  6
12  1
14  -3
13  -7
14  -7
12  1
12  -3
13  -7
12  -2
11  5
13  -6
11  5
15  7
12  -3
14  -4
13  -6
12  1
16  -7
13  -7
16  -5
19  -2
12  0
15  7
12  0
15  5
15  8
11  3
15  6
13  -9
13  -7
15  8
12  -2
14  -7
17  -1
13  -5
12  -2
14  -6
13  -6
18  4
16  -7
11  5
12  -1
12  -3
11  5
12  -1
16  -8
10  3
8  3
15  7
12  -1
13  -9
15  4
15  6
13  -5
14  -4
17  -4
14  -5
12  -1
14  -5
11  7
16  -5
14  -3
14  -7
15  5
17  -4
12  -2
13  -6
17  -1
11  3
13  -5
13  -8
14  -6
11  7
16  -6
12  0
15  7
16  -8
16  -5
17  -2
16  -5
14  -5
15  6
11  6
14  -5
14  -7
17  -3
13  -7
17  -4
14  -7
13  -7
12  0
15  4
12  -3
13  -5
13  -7
18  1
10  -1
14  -6
14  -7
14  -6
12  -2
11  7
15  6
13  -7
12  -3
10  2
14  -6
14  -7
10  2
11  3
16  -6
10  0
11  6
15  6
14  -6
15  6
10  1
10  1
14  -4
15  7
11  7
15  7
12  1
17  -3
15  5
13  -8
15  6
12  0
13  -8
14  -6
16  -8
16  -5
13  -6
11  3
13  -8
16  -5
11  4
13  -8
8  7
14  -5
16  -6
14  -7
16  -6
12  -2
14  -5
14  -3
15  5
10  2
13  -6
11  6
9  7
9  6
13  -5
13  -6
16  -8
11  3
15  7
14  -4
18  5
12  -2
12  -1
17  -3
13  -7
12  -3
15  5
15  7
12  -1
14  -3
8  3
16  -8
12  -2
13  -6
11  5
11  5
14  -5
13  -9
13  -6
10  -1
15  4
12  -3
11  5
