18  6
21  -9
24  -5
21  -5
19  6
11  6
19  8
19  2
19  6
17  -4
19  8
18  2
18  6
14  -1
16  1
17  -4
20  3
19  10
24  -2
21  -8
20  -5
18  8
21  -8
16  2
21  -10
19  7
16  -4
19  8
22  -9
18  10
18  2
22  -10
15  6
18  9
17  -7
19  9
19  2
18  4
17  -2
20  -1
17  -2
14  -3
21  -4
17  -2
19  6
18  7
19  7
16  3
26  -2
21  -9
19  2
20  -1
21  -6
21  -7
19  5
15  8
18  8
17  -9
14  -5
19  4
24  -8
17  -5
18  8
17  -5
15  6
21  -5
23  6
16  -4
23  7
17  -2
19  6
17  -4
12  0
12  6
21  -3
19  9
23  2
17  -9
18  4
15  10
20  3
21  -7
23  8
13  2
19  5
22  -7
26  -4
16  -1
19  9
22  -8
19  8
19  7
17  -4
16  2
20  -5
24  -5
22  -3
17  -5
17  -2
16  4
17  -8
22  -6
15  7
21  -10
21  -9
21  -6
13  4
17  -2
18  10
15  4
21  -4
17  -10
21  -6
17  -5
15  7
14  -5
22  -3
17  -9
22  -8
21  -5
20  2
21  -4
15  3
18  4
18  6
17  -5
19  6
22  -8
18  4
21  -7
13  7
18  3
21  -7
16  -1
18  8
18  2
19  10
20  -2
18  4
21  -10
21  -5
19  2
18  9
18  8
19  9
19  4
19  3
19  2
18  2
21  -9
17  -6
19  9
14  -7
15  6
17  -8
22  -11
18  7
20  0
19  5
19  2
23  3
24  -1
17  -3
16  -4
18  10
17  -10
18  8
19  4
17  -3
21  -6
22  -10
19  9
22  -6
20  1
22  -11
21  -2
24  -8
19  10
19  2
18  7
16  0
22  -5
19  5
16  -4
21  -2
20  1
20  -1
15  5
17  -7
20  3
18  6
23  8
14  -3
17  -10
22  -10
15  10
15  3
24  0
20  -3
17  -8
20  3
17  -7
15  9
20  3
21  -7
18  3
16  2
17  -3
19  5
16  4
18  10
16  -2
22  -10
16  -3
19  8
18  7
21  -5
13  6
18  8
16  4
22  -4
16  2
13  5
17  -5
17  -2
21  -10
14  -7
21  -3
16  3
15  6
19  7
17  -9
24  -2
23  5
18  2
18  6
19  5
18  10
23  4
18  10
19  3
16  1
20  -3
18  2
18  9
17  -6
20  3
21  -10
19  10
19  3
18  2
20  0
16  2
23  4
18  9
20  2
17  -8
18  8
18  8
22  -11
19  10
21  -8
21  -6
20  0
20  2
20  0
17  -4
23  7
21  -3
17  -6
17  -4
18  6
15  6
18  9
24  -2
20  2
19  9
17  -2
19  4
16  -1
22  -3
21  -7
23  3
16  -1
23  8
22  -6
18  6
17  -3
17  -2
23  7
14  -7
16  -2
21  -3
19  3
19  3
13  4
22  -11
17  -9
14  -1
22  -10
20  1
17  -10
18  6
13  0
20  0
19  9
18  4
18  3
20  -5
16  3
16  4
13  7
18  2
14  -5
13  2
16  4
19  10
21  -4
19  3
18  6
16  -2
18  10
19  10
23  7
18  2
18  2
17  -10
23  6
16  1
20  -2
22  -11
18  8
21  -3
18  9
17  -7
21  -3
23  7
17  -3
23  5
20  2
21  -3
16  0
20  -2
17  -6
23  6
12  3
16  2
24  -3
17  -3
14  -7
20  -1
21  -7
19  3
17  -10
18  10
17  -10
15  4
20  0
17  -10
19  5
18  2
17  -8
19  9
12  4
15  8
19  10
20  -4
19  5
19  9
23  1
19  8
16  -3
17  -6
17  -7
14  -9
18  5
19  4
16  -3
20  -5
20  -2
20  2
20  -5
14  -4
18  8
15  9
15  11
15  4
17  -2
20  -2
19  3
18  10
17  -4
18  7
22  -7
16  2
18  10
15  3
19  4
20  -4
16  -2
21  -6
13  1
17  -2
19  10
17  -6
20  -1
24  -7
24  0
18  7
16  -4
17  -3
19  5
15  7
21  -3
18  10
21  -8
19  7
20  2
18  2
18  8
24  -5
24  -1
19  7
19  6
24  0
21  -10
18  3
21  -7
18  6
19  8
18  10
16  -4
14  -3
20  2
17  -4
17  -7
21  -7
18  5
16  4
22  -10
19  7
20  1
14  -3
18  9
22  -8
17  -2
14  -5
18  3
18  4
20  0
18  2
18  5
21  -7
22  -3
17  -6
17  -8
21  -5
21  -4
24  -1
16  2
20  0
22  -11
20  -5
21  -7
15  3
17  -8
19  10
20  3
22  -7
19  10
19  3
15  9
23  4
15  7
18  5
20  2
18  10
18  2
19  9
19  6
19  3
19  9
17  -9
25  4
20  -3
20  -2
21  -8
19  8
17  -7
17  -8
17  -3
23  6
18  3
21  -2
14  -8
16  4
20  -2
18  6
17  -9
19  9
18  10
19  8
16  3
18  6
18  7
22  -11
19  6
17  -9
18  3
16  1
19  10
16  1
20  -4
17  -3
16  3
16  2
19  5
17  -10
19  8
18  3
21  -8
18  8
20  -4
20  -3
17  -10
19  8
19  3
16  -4
22  -9
17  -9
20  -1
23  3
18  5
21  -8
19  4
21  -4
15  5
16  3
18  4
13  5
18  3
19  7
20  3
21  -8
16  0
21  -8
19  10
16  -3
20  -2
20  -4
18  3
17  -3
17  -6
16  0
18  3
22  -4
21  -5
12  7
16  0
19  8
20  -5
17  -6
19  10
20  -2
21  -2
19  9
21  -7
15  7
15  7
19  4
17  -10
13  7
18  7
18  9
18  3
21  -5
20  -5
21  -8
14  -8
22  -7
13  1
23  8
18  5
19  4
20  0
21  -3
17  -5
18  10
19  7
19  3
21  -3
16  -1
14  -7
23  2
12  6
13  -1
22  -7
19  2
16  0
18  2
18  3
20  2
16  -4
23  9
16  3
23  4
16  -3
17  -6
25  2
21  -5
19  10
19  3
20  -2
18  3
20  -3
20  1
20  1
17  -7
22  -9
22  -11
22  -5
21  -8
21  -10
18  8
20  3
23  4
17  -5
19  4
18  10
18  6
18  2
19  5
18  6
20  0
19  5
14  -6
13  1
18  9
21  -9
26  -5
20  3
20  -5
13  1
14  -6
20  -1
19  6
19  2
22  -6
17  -5
14  -3
17  -7
17  -10
17  -5
21  -2
22  -6
21  -4
10  6
18  9
20  0
16  -4
20  3
16  -3
18  10
17  -6
24  -7
19  7
23  4
16  1
24  -8
20  -1
18  6
15  6
20  0
14  -2
21  -9
20  -5
17  -5
15  6
23  1
26  -1
17  -7
19  4
18  4
17  -6
19  6
19  9
22  -9
21  -2
20  -3
20  -5
21  -4
16  -3
17  -4
16  1
20  3
23  7
20  2
19  8
18  3
18  6
15  7
19  4
16  -1
16  3
21  -5
21  -6
16  -4
17  -6
21  -6
15  6
22  -7
18  2
20  0
19  4
18  3
20  0
17  -7
22  -5
17  -4
19  9
13  3
22  -8
15  5
21  -10
21  -5
20  -4
20  -5
19  3
22  -10
15  9
18  10
19  7
20  -5
17  -2
17  -3
17  -5
21  -7
21  -3
17  -2
16  -1
18  5
17  -7
19  5
15  9
17  -4
18  3
23  8
14  -9
17  -10
20  -3
19  3
18  2
21  -7
19  6
16  -2
18  6
16  2
16  2
19  10
17  -5
18  7
19  3
25  -2
15  6
16  3
17  -4
14  -1
18  10
23  3
19  8
16  -2
17  -2
19  10
21  -3
18  5
20  2
24  -1
24  -8
16  0
17  -2
18  5
18  5
19  3
16  -4
19  10
18  6
20  -5
17  -4
19  4
23  5
23  9
20  0
17  -3
26  -5
22  -3
24  -4
21  -6
20  2
25  3
13  -1
21  -2
17  -7
21  -10
21  -5
19  4
16  4
16  -2
20  1
18  8
18  3
17  -10
17  -2
21  -6
21  -6
17  -10
18  10
19  3
15  9
14  -3
14  -3
19  2
20  -5
10  6
19  4
22  -10
20  -4
19  5
19  6
18  4
17  -3
18  2
20  2
16  -2
18  6
20  3
15  8
14  -5
16  0
17  -8
18  8
21  -5
15  8
21  -8
23  4
18  10
22  -11
13  4
18  3
20  1
19  2
16  3
21  -4
24  0
21  -8
20  3
15  3
20  1
14  -9
20  -4
19  9
20  -4
15  3
24  -5
18  9
19  2
18  10
16  -1
24  -8
16  4
15  8
20  -1
20  -1
19  6
18  2
17  -3
23  9
20  -1
20  -1
19  4
15  9
20  -5
21  -6
18  5
13  6
14  -2
17  -9
20  0
20  -2
20  -3
18  8
20  -4
18  5
19  7
22  -7
14  -4
20  3
20  3
17  -3
16  3
19  3
19  6
20  3
25  -3
19  2
18  4
17  -7
18  9
21  -8
19  5
18  9
16  -1
16  4
18  6
13  6
17  -9
17  -2
17  -2
22  -10
17  -4
14  -9
19  7
17  -9
17  -10
17  -9
19  9
18  10
22  -10
20  2
13  6
18  8
20  -5
16  3
13  -1
16  -3
20  -3
19  6
23  4
19  6
22  -7
20  -1
17  -7
19  2
18  4
23  5
18  5
21  -4
17  -7
15  11
16  2
22  -4
19  3
24  -1
14  -6
19  7
21  -8
16  -2
17  -5
21  -4
21  -3
19  3
20  2
17  -7
15  8
17  -10
19  3
17  -6
19  6
14  -8
19  6
17  -7
22  -10
16  2
18  9
16  3
15  10
19  5
16  3
20  2
18  2
24  -7
19  7
19  9
21  -7
17  -3
20  1
17  -7
13  0
18  3
22  -7
22  -3
22  -9
15  6
18  8
22  -3
20  0
21  -5
19  8
15  9
19  10
16  -1
