12  -1
11  -7
14  1
10  -7
8  6
12  0
9  5
11  -5
10  -7
12  0
10  -8
7  6
12  -1
11  -7
10  -8
11  -6
10  -6
11  -6
13  1
12  0
9  6
9  4
14  2
13  -1
13  -1
11  -6
10  -7
12  0
11  -6
13  1
9  6
13  1
12  -1
11  -5
12  0
14  3
10  -6
10  -8
12  0
13  0
13  1
11  -7
11  -7
9  5
11  -7
11  -6
10  -8
14  1
7  6
13  -1
11  -7
11  -7
13  0
13  0
14  2
13  -1
10  -6
11  -7
13  1
10  -7
12  -2
8  6
11  -7
13  0
11  -5
13  -1
9  4
12  -1
11  -5
13  0
9  5
11  -6
14  2
11  -6
13  1
13  1
12  0
12  0
12  0
12  -1
11  -5
13  1
12  -2
12  -2
14  3
10  -7
11  -7
8  6
10  -6
11  -7
9  5
13  1
9  4
12  0
14  3
12  -1
11  -7
9  6
11  -7
13  0
12  -2
10  -8
10  -6
12  -2
12  0
12  -1
11  -5
12  0
13  0
13  -1
13  -1
13  1
11  -7
14  3
14  2
11  -5
12  -2
12  -1
13  -1
14  1
12  0
8  7
11  -5
9  6
10  -8
12  0
12  0
14  3
13  1
12  0
9  5
11  -5
8  5
10  -7
11  -6
12  -1
11  -7
12  -1
9  6
12  0
11  -6
10  -6
8  7
12  -2
14  3
14  1
12  0
8  5
12  -1
13  1
13  1
10  -8
9  5
11  -5
11  -7
13  0
13  0
11  -6
13  0
13  -1
12  -2
10  -6
13  1
13  1
12  -1
13  -1
11  -5
12  -1
11  -7
13  1
10  -6
10  -6
10  -8
15  2
11  -5
12  0
13  -1
14  3
14  2
11  -6
12  0
11  -5
10  -6
10  -7
9  6
12  0
12  -1
12  -1
14  3
12  -1
12  0
12  0
9  4
9  5
13  -1
14  2
14  3
14  2
11  -6
13  1
10  -7
13  1
11  -6
12  0
9  5
13  1
15  0
12  -2
11  -6
12  0
10  -8
12  0
10  -7
12  -2
12  -2
12  0
9  4
12  -1
11  -5
10  -8
14  1
13  0
13  0
10  -6
12  -2
10  -7
9  5
10  -6
11  -5
12  0
11  -5
10  -8
9  4
13  1
8  6
11  -6
9  4
14  1
13  -1
12  -1
9  6
11  -7
13  1
11  -5
12  -1
12  0
10  -8
10  -6
13  0
11  -7
10  -8
14  1
13  1
11  -6
11  -6
12  0
10  -8
10  -6
12  0
12  0
9  6
11  -7
13  1
10  -7
12  -1
13  0
15  1
10  -6
14  3
11  -6
14  1
13  -1
12  -2
12  -1
11  -6
14  3
12  0
12  -2
10  -7
13  0
11  -6
12  -1
9  5
12  0
12  -1
10  -8
10  -6
12  -2
12  0
10  -6
11  -6
12  -2
10  -7
11  -7
10  -7
12  0
10  -6
11  -6
10  -6
11  -7
11  -7
10  -8
10  -7
12  -2
15  2
12  -1
11  -7
11  -6
11  -7
11  -7
13  1
11  -7
13  0
12  -1
9  6
11  -6
13  1
13  1
10  -8
11  -7
11  -5
12  -2
9  5
10  -8
13  0
10  -7
12  -1
11  -6
13  -1
12  0
8  5
9  5
13  -1
11  -6
12  0
9  6
11  -7
12  -2
12  0
13  0
10  -7
9  5
13  0
12  0
11  -5
13  1
12  -2
10  -6
10  -7
10  -6
10  -8
12  -2
11  -7
12  -2
14  1
11  -6
12  -1
14  2
11  -5
11  -7
10  -6
12  -1
12  0
15  0
10  -6
14  3
12  -1
12  -2
11  -7
11  -6
14  1
8  6
12  -1
12  -2
12  -1
12  -1
13  1
12  0
12  -1
12  -2
12  0
11  -6
12  -1
11  -6
12  -2
14  1
14  3
9  6
11  -6
11  -5
11  -6
9  5
12  -2
12  0
12  0
12  -1
14  1
12  -1
10  -6
11  -6
11  -7
11  -6
11  -5
12  -1
14  1
12  0
8  6
12  -2
8  5
10  -8
10  -6
12  -1
12  -1
10  -8
12  0
9  6
12  0
11  -5
13  0
12  -2
13  -1
13  -1
14  2
11  -7
12  0
14  2
12  -2
12  0
12  -2
12  0
14  3
12  -1
13  0
14  2
10  -6
11  -5
14  1
12  0
10  -7
13  -1
11  -5
12  -2
12  -1
8  5
13  0
10  -7
13  1
12  -1
12  -1
9  6
13  0
14  1
13  0
11  -7
12  -2
13  -1
13  1
11  -6
14  1
12  -2
9  4
13  0
13  0
12  -2
12  -1
12  -1
10  -6
14  3
14  3
13  -1
13  0
11  -7
10  -6
9  6
13  -1
8  6
13  1
10  -6
12  0
13  1
10  -6
10  -8
14  3
12  0
10  -7
11  -5
10  -7
8  7
13  0
12  -1
14  1
11  -5
10  -8
11  -6
11  -6
12  0
12  -1
12  0
10  -8
11  -7
12  -2
10  -8
12  0
13  1
11  -6
12  -2
14  3
12  0
9  4
13  -1
13  -1
11  -5
14  2
10  -6
12  0
11  -5
13  0
11  -6
7  5
11  -7
11  -5
8  6
9  5
12  -1
11  -6
11  -5
12  -1
11  -7
11  -5
15  0
13  0
11  -7
9  5
11  -6
13  1
11  -7
13  0
15  2
11  -7
12  0
10  -8
10  -8
11  -6
14  2
11  -7
11  -7
13  -1
12  -1
13  0
13  0
10  -8
9  4
12  -1
12  -1
14  2
12  -1
11  -5
9  4
10  -6
8  6
12  -2
8  7
11  -7
13  1
12  0
11  -7
13  1
13  -1
12  0
13  0
13  0
13  0
13  -1
12  -1
10  -6
14  2
9  6
12  0
10  -6
13  0
13  0
11  -5
11  -7
11  -6
11  -5
10  -8
13  1
12  -1
11  -7
12  -1
13  0
11  -6
12  -2
13  -1
10  -8
11  -5
12  0
11  -6
10  -8
14  3
12  0
11  -7
12  -2
11  -5
11  -7
11  -5
10  -7
11  -6
12  -1
11  -6
12  0
13  0
12  -2
13  -1
11  -5
13  1
11  -6
14  2
14  1
11  -5
10  -6
13  0
11  -5
11  -6
11  -6
11  -7
9  6
12  0
15  0
13  0
12  0
14  3
11  -6
13  1
10  -6
8  5
12  0
11  -5
14  1
10  -7
12  -1
13  -1
11  -7
8  5
12  -2
11  -7
14  3
11  -7
13  -1
12  0
13  0
12  0
12  -2
15  2
12  0
12  -2
11  -7
12  0
11  -7
13  -1
10  -7
11  -6
13  -1
12  0
7  4
11  -7
13  1
11  -7
11  -7
11  -6
11  -5
11  -7
10  -6
13  0
11  -5
12  -2
12  0
10  -8
11  -6
14  1
14  1
11  -7
10  -7
13  -1
11  -6
11  -6
11  -5
14  1
10  -6
14  1
13  0
10  -6
14  2
12  -2
14  3
12  -1
13  -1
12  -2
11  -5
10  -7
11  -5
12  -1
14  3
9  6
13  1
14  2
11  -7
13  1
11  -5
14  2
8  5
12  -1
13  0
12  -1
11  -5
13  -1
9  6
14  2
7  4
12  0
12  -1
12  0
11  -5
10  -7
9  5
13  0
10  -8
11  -6
14  3
12  0
10  -8
14  3
11  -7
13  1
11  -7
12  -2
9  4
10  -7
12  -1
12  0
11  -6
8  7
14  3
12  0
11  -6
10  -6
11  -6
14  3
12  -1
13  0
14  3
11  -5
12  -2
12  -2
13  0
11  -7
12  -1
13  1
13  -1
11  -7
13  0
14  3
13  1
11  -5
11  -7
10  -7
12  -2
13  -1
9  6
11  -6
12  -2
8  6
13  1
12  -1
11  -7
11  -7
13  1
12  -2
11  -5
12  -1
9  6
11  -5
13  1
14  2
12  -2
12  0
11  -7
11  -5
10  -6
13  -1
12  -2
13  1
10  -7
15  2
14  1
12  0
11  -5
9  5
12  -2
11  -7
9  4
12  0
12  -1
12  0
11  -7
12  0
13  0
13  1
12  -1
15  0
11  -7
11  -6
9  4
13  -1
9  4
13  1
10  -7
11  -6
10  -7
12  -1
11  -5
14  2
12  -2
12  0
11  -5
12  0
10  -6
12  0
10  -8
14  1
12  -1
10  -8
11  -5
13  1
13  1
10  -7
11  -5
12  0
11  -6
12  0
14  2
11  -5
11  -7
9  5
10  -6
11  -6
10  -8
12  -2
12  -2
11  -6
14  2
11  -6
13  -1
10  -7
11  -7
12  -2
14  1
12  -2
12  0
14  3
10  -7
9  5
10  -6
11  -5
10  -6
13  -1
14  3
11  -6
11  -7
12  0
11  -5
10  -7
13  1
12  -1
10  -8
12  -2
11  -6
11  -5
11  -5
10  -6
12  0
12  0
13  1
12  -2
11  -7
13  0
11  -5
11  -7
13  -1
13  0
13  1
9  5
13  -1
10  -7
10  -8
14  3
12  0
12  0
13  -1
10  -8
12  0
14  3
12  -1
12  0
12  -1
13  1
13  0
11  -6
10  -7
13  0
13  -1
13  0
13  -1
11  -5
7  4
11  -7
13  1
12  -1
13  1
11  -5
11  -7
8  5
12  -2
12  -1
11  -7
11  -7
11  -7
7  6
12  -2
9  6
10  -8
12  -2
11  -5
14  2
10  -6
12  0
13  0
13  1
11  -5
11  -6
12  -2
12  0
10  -8
14  1
10  -6
13  -1
14  1
12  -2
13  0
11  -7
11  -7
10  -8
13  0
13  -1
10  -6
13  1
14  3
12  -1
11  -5
10  -6
10  -6
11  -7
9  5
11  -7
11  -7
8  5
9  6
12  -2
12  -1
10  -7
11  -5
12  -1
14  1
12  -1
11  -5
12  -1
9  6
14  3
13  0
14  2
12  0
12  -2
12  -2
9  4
12  0
7  6
7  5
9  4
13  1
9  4
14  3
9  4
11  -7
11  -6
11  -7
13  0
12  0
14  3
12  -1
12  0
