31  -1
34  4
31  3
34  13
29  6
29  10
30  2
35  9
37  7
32  7
36  -6
33  -9
30  12
34  7
30  0
34  -1
33  -9
31  3
33  0
35  -3
36  -10
36  -10
32  3
30  12
31  1
32  -5
32  7
34  1
31  11
32  -1
34  11
35  9
35  -2
33  -6
35  -4
33  -4
33  1
30  11
27  4
31  12
30  10
34  5
30  4
31  7
34  -1
30  12
35  -4
34  6
33  5
30  0
29  6
34  8
32  1
33  -5
32  -4
33  0
35  -2
34  0
34  9
32  -5
32  2
31  6
34  6
35  0
30  6
34  6
31  8
31  -2
31  2
33  0
30  2
34  2
32  4
32  5
26  -3
31  1
32  -3
32  7
37  -2
33  -8
31  2
34  9
33  -3
32  3
29  -1
34  9
34  10
33  -1
32  7
32  3
30  10
31  4
32  7
31  2
27  0
32  -2
33  -3
33  4
36  -10
29  -3
33  -5
30  7
34  13
35  9
34  7
32  -6
33  -7
32  2
33  -1
32  -2
31  9
36  -5
33  -6
35  3
32  3
33  -6
31  6
30  11
29  10
31  3
31  5
33  -6
34  8
33  -7
32  7
32  6
32  -3
32  2
30  7
35  -3
33  2
30  1
32  3
33  4
33  0
31  9
36  -6
35  7
29  8
28  4
33  3
31  5
34  12
36  -4
32  4
34  10
31  8
34  2
34  4
38  3
28  9
33  -2
31  6
32  5
29  4
27  4
31  10
31  10
28  8
32  4
36  -8
32  5
30  2
32  5
34  2
35  7
36  -10
26  -2
34  3
30  7
27  -1
34  10
32  3
31  6
31  5
34  6
31  2
32  6
32  2
31  5
33  3
34  1
29  4
29  -2
30  12
33  -8
30  6
31  11
35  0
33  2
31  2
30  11
32  7
31  3
33  -4
37  -3
34  6
33  -3
34  1
32  -2
34  4
28  -5
34  3
34  4
35  0
31  12
32  2
25  4
30  5
35  2
33  5
32  2
36  0
33  -8
31  9
29  4
36  -12
31  12
27  -9
34  10
29  0
30  13
28  -5
28  9
32  -5
27  4
32  6
31  6
34  10
33  2
34  7
28  1
33  -3
33  3
32  5
32  -1
29  2
28  -5
29  5
31  7
32  0
35  9
33  -1
30  5
34  1
34  -1
35  3
30  1
30  13
30  6
29  0
29  -3
32  7
29  6
32  2
30  10
30  6
32  6
34  5
35  4
33  -8
33  -1
37  9
33  -2
33  0
33  -9
33  -6
32  -3
34  1
33  -3
30  8
35  6
30  6
31  8
33  1
29  3
32  -6
29  9
35  4
29  -3
34  2
33  -6
35  6
35  1
31  -2
33  -8
32  4
30  11
28  9
32  2
33  3
32  4
33  -5
33  -6
31  1
34  7
33  2
31  7
35  3
29  3
29  5
33  -7
31  -1
31  7
33  2
33  -6
31  3
31  1
32  7
31  1
35  2
31  10
33  -5
30  7
32  6
31  11
33  -5
29  -1
35  -2
32  -7
32  -4
34  12
31  8
33  2
34  11
33  -2
33  -1
29  7
34  9
30  11
34  2
32  -3
29  9
29  7
32  3
34  7
34  1
32  -3
31  4
33  2
31  8
32  1
33  5
29  7
34  6
30  8
36  -6
33  -2
29  7
32  -6
34  8
31  2
33  -5
32  -7
36  -9
34  9
38  5
35  -4
35  8
36  -3
32  -2
31  8
31  2
33  2
35  10
31  5
36  -14
29  7
32  2
31  -1
33  -3
29  1
32  -6
33  4
31  11
33  4
33  4
29  -2
33  -5
32  4
30  -1
32  0
34  2
31  5
31  10
31  1
29  10
33  -1
33  -5
34  13
33  4
35  -3
34  2
34  8
31  9
33  -2
36  -9
30  12
33  -4
30  3
34  2
34  11
31  -1
34  7
35  4
30  11
31  10
33  -9
33  -2
29  -1
35  6
30  12
32  4
36  -2
33  4
31  0
29  9
33  -6
38  0
30  10
34  11
35  5
36  -13
32  -7
32  -5
32  -7
29  -1
34  7
32  -1
33  -9
35  0
34  5
32  5
30  2
32  -1
26  2
34  5
33  5
34  9
29  2
30  11
31  9
32  -3
29  -2
33  0
33  -7
35  -4
33  -1
35  10
31  0
32  0
30  6
29  2
31  4
33  1
29  6
30  1
35  6
28  1
30  0
35  0
33  -6
35  -2
34  3
34  9
31  12
31  12
31  7
34  3
36  -3
32  -4
34  9
32  6
35  2
33  -6
32  -6
34  4
35  1
33  -6
31  0
33  5
34  2
31  5
33  -9
30  9
35  -3
31  11
36  -4
33  -6
31  12
34  11
30  10
30  13
32  1
34  8
35  -1
33  -5
30  2
37  6
34  10
32  -4
32  4
33  -5
33  -5
32  0
33  5
35  1
29  8
35  1
35  5
30  -1
33  -2
31  -2
33  1
35  1
33  1
32  -6
34  10
33  -2
32  -4
33  -2
32  -2
31  4
35  4
30  10
30  4
32  -1
35  3
31  3
34  3
35  4
32  -6
32  4
32  -5
31  11
34  10
32  0
32  0
31  -1
33  4
31  4
28  9
30  13
33  2
33  -2
30  11
34  0
30  3
34  6
36  -4
30  9
35  -3
32  -3
31  9
36  -8
34  13
32  -4
32  0
31  -2
33  -2
32  6
34  6
34  2
31  6
34  12
33  -2
35  3
34  5
36  0
32  6
34  6
29  1
30  7
32  -2
32  7
35  10
33  -6
31  12
29  -2
34  0
28  -3
32  2
33  0
30  3
35  -4
30  -1
35  6
30  5
29  6
37  6
31  -1
32  -3
31  2
33  -1
30  9
32  -2
30  2
33  -5
34  1
35  3
28  0
30  6
34  -1
31  6
29  2
34  11
33  -6
33  -4
35  3
26  3
35  -4
37  -4
33  2
37  -4
29  9
32  -7
34  4
29  11
32  -7
35  0
33  -9
33  3
34  4
36  0
31  3
35  -4
34  7
36  -4
32  -6
31  0
33  -5
33  -9
33  4
36  -14
30  4
33  5
35  9
33  0
31  8
32  1
30  8
34  4
34  0
32  -4
34  0
31  2
30  -1
33  4
34  6
35  9
33  -8
37  0
29  4
35  5
34  1
32  7
34  4
34  9
35  -4
30  9
33  -7
32  5
31  11
32  -6
34  10
32  -6
32  1
34  13
33  -1
26  -5
34  13
36  -8
30  7
32  -7
32  6
30  4
30  4
31  -2
34  6
33  -7
34  2
31  9
30  -1
29  5
34  6
31  -1
30  0
27  -1
34  8
35  9
34  -1
32  -5
32  -5
32  -7
32  0
30  -1
36  -8
31  12
28  -1
35  4
29  11
30  1
28  -2
28  9
34  0
32  6
30  6
30  3
28  7
33  -2
29  6
36  -7
35  0
27  0
33  -3
29  10
33  -3
32  1
35  2
34  8
29  5
33  4
36  -8
34  13
36  -10
36  -11
32  -6
31  5
32  -3
31  -2
33  -5
35  7
32  -7
33  5
32  -4
31  5
31  10
34  11
33  3
31  10
31  7
35  9
36  -2
30  4
37  1
30  2
33  -8
34  7
35  0
36  -6
34  9
31  9
33  -4
34  1
28  6
31  11
33  4
32  6
34  10
31  -2
34  11
35  6
33  5
34  9
35  10
33  -7
31  0
33  -2
34  4
35  7
28  8
35  9
31  1
32  -6
34  8
36  -7
32  1
30  12
27  -7
34  11
33  -4
28  -2
29  -2
27  -10
30  3
32  3
35  3
31  2
31  7
34  11
33  -8
28  8
33  5
31  -1
31  5
29  -1
27  0
32  -4
31  4
35  3
32  -5
28  4
32  6
36  -5
34  6
29  -2
32  -6
35  -2
32  -2
33  2
31  10
34  1
32  4
32  -2
34  13
36  -5
31  7
35  10
34  8
35  -1
30  2
36  -13
32  1
34  7
34  -1
34  3
34  5
29  1
34  0
33  3
32  6
30  10
33  3
35  8
35  2
30  6
32  0
33  3
28  1
31  1
35  9
32  -7
31  3
32  1
29  3
34  6
33  -9
33  5
34  2
30  7
35  -2
36  -10
28  5
32  2
33  2
33  -4
34  5
28  5
30  2
32  -5
31  2
35  4
33  -8
36  -11
28  -3
32  -2
33  -7
29  6
32  -3
35  1
36  0
32  2
29  -1
29  6
32  -1
30  0
34  9
31  1
32  1
35  6
34  3
34  8
32  -7
33  -7
33  1
30  8
34  4
33  -7
31  9
28  8
34  11
35  6
34  6
34  3
35  8
34  3
34  10
30  1
31  7
32  2
27  -8
28  8
34  1
33  -3
34  -1
33  4
32  6
31  10
33  2
33  -3
28  -2
32  2
37  -2
30  3
30  8
34  12
34  5
29  10
31  -2
33  -2
28  -5
34  7
37  2
34  3
33  1
34  -1
28  -2
36  -8
32  -5
36  -3
33  -1
34  4
30  0
30  4
32  6
35  6
32  6
31  2
31  6
33  -9
31  10
34  10
33  3
31  2
31  11
33  -7
34  7
36  -13
32  -2
33  0
35  10
33  5
31  2
32  7
29  -2
31  11
36  -13
32  -6
34  8
32  -7
32  6
34  10
29  3
34  12
35  -1
31  1
34  2
29  -2
36  -4
32  -2
34  10
29  -2
34  1
33  1
32  2
31  0
33  -7
33  -2
31  12
35  -2
32  5
32  2
35  6
32  7
36  0
32  -3
29  6
31  -1
34  10
32  4
32  -4
29  8
34  4
33  -3
33  3
33  -5
35  -3
26  -5
31  11
33  -9
