21  -6
15  -8
20  7
15  -5
18  6
17  -4
16  -9
18  7
19  4
18  5
19  2
16  -9
18  6
18  5
18  5
13  -7
18  8
15  -7
17  -5
21  -8
20  5
21  -6
18  8
20  5
19  2
19  0
20  7
20  9
20  7
21  -8
19  1
20  5
18  7
21  -6
18  4
20  6
18  7
21  -5
16  -8
20  5
19  2
17  -8
20  7
16  -8
19  1
18  5
16  -9
21  -6
18  5
14  -3
16  -9
21  -5
19  1
18  7
15  -8
22  7
18  8
21  -4
18  6
19  1
19  0
19  2
18  6
19  4
22  5
21  -8
15  -5
16  -7
21  -5
17  -8
18  8
18  4
22  5
18  7
20  8
22  7
18  7
20  9
23  6
17  -6
20  5
16  -5
16  -7
15  -7
22  6
17  -6
20  5
18  4
19  3
21  -5
14  -4
21  -6
17  -8
15  -8
17  -4
18  5
18  6
18  7
20  8
22  5
18  4
21  -6
19  1
20  7
18  8
15  -6
21  -4
16  -6
21  -6
18  5
22  7
17  -4
18  7
16  -5
19  0
16  -9
19  0
14  -3
19  3
20  9
17  -6
20  7
14  -3
18  5
23  5
21  -6
22  4
16  -5
18  6
20  9
19  4
18  5
21  -5
14  -2
23  3
15  -8
19  4
19  4
18  4
17  -6
16  -5
18  6
17  -7
20  6
20  9
18  5
17  -7
14  0
14  -4
19  3
22  5
20  5
18  7
16  -8
17  -5
15  -9
22  5
18  7
18  6
15  -5
13  -5
18  7
16  -7
17  -7
16  -5
20  7
22  5
20  6
19  4
22  5
19  0
16  -5
21  -7
20  8
16  -6
20  9
20  7
17  -4
15  -5
16  -8
21  -4
21  -7
21  -6
19  0
20  7
19  3
19  0
17  -7
19  1
17  -5
16  -5
17  -7
18  8
18  5
16  -6
19  0
20  7
18  7
22  7
18  4
16  -7
19  3
21  -6
18  7
20  9
17  -8
18  8
18  5
21  -5
21  -6
20  5
21  -5
24  -2
17  -7
19  1
22  8
20  6
13  -4
17  -8
18  4
18  4
20  9
18  8
13  -8
17  -4
19  2
15  -5
17  -5
21  -5
17  -4
18  4
20  5
21  -4
17  -5
17  -5
20  5
18  7
18  8
22  6
19  3
21  -6
18  7
23  6
16  -6
20  9
14  -3
17  -7
18  8
16  -9
20  7
21  -7
21  -8
21  -6
22  8
13  -4
16  -7
20  7
20  7
17  -8
15  -8
17  -8
18  8
18  8
16  -7
19  2
18  7
17  -6
16  -5
19  4
14  -1
15  -7
12  -1
22  5
19  3
20  8
15  -5
19  3
16  -7
17  -4
13  -6
21  -4
18  7
15  -7
20  6
18  8
18  7
18  4
20  7
17  -5
20  5
21  -8
14  -4
20  5
18  7
21  -5
15  -8
17  -6
19  2
18  4
23  6
21  -7
21  -4
18  7
20  6
20  8
22  4
18  7
19  1
17  -6
18  8
22  5
16  -5
22  4
18  5
17  -4
19  0
18  7
20  8
19  4
18  7
17  -5
22  4
18  8
16  -9
18  8
13  -5
17  -4
17  -5
21  -4
21  -7
22  6
23  2
19  1
17  -7
18  4
14  -3
15  -5
21  -8
17  -8
16  -8
18  4
20  5
20  5
17  -7
19  3
15  -7
17  -4
20  5
18  5
20  9
15  -5
20  7
18  4
18  7
22  6
17  -7
13  -4
18  6
19  4
14  -1
18  8
17  -8
18  7
17  -4
14  0
17  -5
17  -5
19  4
21  -6
18  4
20  9
16  -6
18  6
19  0
17  -7
18  4
22  8
16  -8
17  -4
16  -5
15  -6
16  -5
16  -6
18  6
16  -9
17  -4
17  -6
19  2
19  1
20  5
17  -5
18  6
20  5
23  2
18  4
18  8
19  2
22  8
18  7
16  -8
21  -4
20  9
15  -6
16  -8
20  6
16  -7
19  4
19  2
18  5
21  -5
15  -9
22  7
15  -8
18  7
20  8
19  4
17  -4
17  -4
19  1
21  -8
21  -7
17  -8
19  4
18  6
20  6
18  4
20  8
19  4
15  -7
21  -4
20  6
17  -6
19  4
19  2
15  -8
18  8
18  5
15  -6
15  -7
20  9
13  -7
20  7
15  -9
20  7
15  -9
19  1
18  8
18  8
16  -7
17  -5
21  -6
14  -4
21  -4
15  -5
21  -7
17  -7
17  -7
17  -5
16  -8
20  7
17  -4
22  6
20  8
21  -4
20  7
20  5
14  -4
19  1
21  -8
16  -7
17  -6
19  2
17  -4
16  -7
19  0
18  6
12  -3
18  7
22  8
17  -8
17  -4
22  5
19  0
19  1
19  2
18  6
24  0
18  7
18  7
19  4
17  -7
19  4
21  -4
19  1
21  -6
16  -5
19  1
22  8
18  8
19  0
18  5
16  -9
18  4
19  2
16  -7
20  6
19  2
17  -4
21  -6
19  0
17  -6
18  5
18  5
19  2
18  6
18  6
20  7
16  -6
21  -5
19  2
20  9
20  9
18  6
18  8
17  -8
20  9
19  4
16  -6
21  -4
17  -7
21  -7
21  -7
19  3
17  -5
18  7
16  -7
19  1
19  3
15  -6
17  -7
17  -4
17  -4
18  8
22  7
20  6
21  -7
20  7
18  7
22  7
22  5
18  7
19  1
17  -7
17  -6
16  -8
23  3
15  -6
22  7
15  -9
18  5
19  1
20  5
15  -9
17  -7
17  -6
14  -4
18  7
15  -5
19  1
21  -4
21  -4
17  -8
21  -5
17  -6
14  -1
14  0
21  -4
19  4
16  -5
16  -5
17  -6
21  -4
18  5
16  -6
22  4
22  5
18  4
20  7
20  9
16  -7
17  -5
20  8
18  7
21  -5
19  0
18  6
21  -8
17  -8
14  -1
17  -7
22  7
15  -8
19  0
15  -7
20  7
21  -7
16  -7
17  -5
21  -7
20  6
20  9
15  -6
19  3
19  4
16  -8
17  -4
17  -8
15  -7
22  8
18  5
17  -7
13  -8
19  2
19  2
19  2
20  7
17  -8
19  1
17  -6
17  -5
17  -4
19  3
20  6
22  7
20  5
19  1
17  -5
17  -7
19  3
17  -7
16  -5
17  -4
17  -8
18  8
18  7
16  -9
19  0
19  1
21  -4
16  -8
20  8
16  -9
17  -5
17  -8
19  0
18  6
20  8
16  -6
20  7
21  -5
19  0
20  6
14  -1
18  5
21  -4
22  5
20  7
17  -5
17  -7
19  4
18  4
17  -7
17  -4
18  4
17  -5
20  7
20  5
16  -7
20  7
21  -5
23  2
18  8
19  3
18  4
16  -9
17  -6
17  -4
14  0
20  9
18  8
16  -7
19  1
20  7
17  -6
16  -6
23  6
23  4
19  2
19  1
19  4
20  6
21  -4
18  5
18  4
17  -4
16  -7
20  9
16  -9
19  1
18  6
14  0
19  2
17  -5
15  -8
13  -5
17  -6
19  3
18  7
16  -7
18  8
18  5
16  -6
21  -4
15  -6
20  6
18  4
16  -6
17  -6
16  -8
20  8
21  -4
18  6
17  -6
19  1
22  8
15  -7
19  1
20  5
14  0
18  8
17  -7
17  -4
22  6
16  -7
18  8
16  -8
17  -8
15  -7
15  -8
18  7
18  6
18  7
18  8
15  -7
17  -8
18  7
18  7
20  8
20  6
20  9
14  -2
21  -4
20  7
21  -5
18  6
20  6
24  -4
20  6
16  -6
17  -6
15  -7
19  4
13  -5
21  -4
21  -4
20  9
19  2
20  5
18  6
17  -8
19  2
18  4
23  2
20  5
20  9
17  -7
18  7
18  6
24  -4
20  8
19  1
21  -6
21  -4
20  5
16  -7
18  8
20  7
18  6
21  -7
16  -5
18  5
17  -4
20  9
21  -6
16  -9
22  6
18  7
22  6
18  6
16  -5
18  6
19  1
19  3
17  -5
17  -8
15  -7
17  -8
17  -5
18  6
16  -5
18  5
16  -8
17  -5
21  -6
16  -7
17  -7
17  -5
21  -4
18  7
19  3
19  1
17  -5
23  6
18  6
17  -8
17  -6
15  -7
20  6
19  1
20  7
19  2
16  -9
20  6
19  1
17  -8
18  6
20  7
16  -5
19  1
16  -7
20  6
18  7
23  2
22  4
20  5
20  8
19  3
22  7
14  -3
20  9
22  7
13  -4
17  -5
19  1
20  5
20  7
18  8
19  0
18  6
17  -5
16  -9
20  9
17  -6
21  -5
18  7
19  4
17  -7
20  9
21  -6
16  -5
21  -6
18  7
21  -7
19  0
19  3
20  5
19  2
17  -6
16  -6
19  4
16  -7
16  -8
19  0
20  8
20  7
20  6
19  3
17  -8
16  -7
15  -8
17  -4
18  7
19  1
24  0
19  1
15  -7
20  8
19  2
15  -5
22  4
18  5
20  5
18  7
16  -8
18  4
18  6
20  7
21  -4
18  4
18  5
18  6
16  -8
17  -5
16  -7
16  -6
16  -6
15  -5
22  6
18  4
19  3
21  -5
16  -8
16  -8
17  -5
19  0
15  -8
22  5
19  3
17  -8
15  -8
16  -6
20  9
21  -5
17  -8
14  -1
21  -5
16  -9
21  -5
16  -9
19  3
19  1
19  2
16  -9
20  5
16  -6
16  -8
18  6
20  7
15  -8
13  -8
18  8
19  1
19  4
18  8
17  -5
17  -6
17  -4
16  -8
20  6
19  2
16  -8
15  -5
19  0
19  3
17  -6
19  3
18  7
16  -9
20  7
14  -1
21  -8
16  -7
20  8
19  4
15  -7
19  4
17  -5
20  5
19  4
18  4
18  5
19  1
22  5
18  4
18  5
19  3
17  -6
17  -5
22  5
21  -4
