24  2
22  -4
24  -4
21  -4
24  -5
24  5
22  1
23  8
23  -1
23  8
22  -3
20  -9
24  2
26  0
25  3
24  -2
23  0
23  9
21  -2
21  4
25  2
21  -2
22  -5
24  -2
19  2
21  4
23  4
24  2
21  -3
21  -3
26  1
23  4
23  -3
22  -2
21  0
24  1
23  8
21  8
19  -3
23  8
23  5
23  1
24  7
26  9
24  -1
24  4
21  -1
21  7
23  4
20  -2
22  5
22  -4
18  10
24  6
20  -6
22  6
25  4
24  -4
23  -3
24  7
24  2
23  -1
24  6
22  7
18  -1
20  -6
20  -9
23  8
21  5
21  8
21  5
22  1
18  8
20  -1
20  2
24  4
22  -5
24  5
24  2
23  8
24  6
23  0
20  -3
20  2
25  -1
22  -4
24  -5
22  -4
24  -3
20  -6
24  -4
22  2
19  -4
23  4
24  4
23  -1
22  -1
23  3
24  -2
23  1
25  3
24  -3
22  7
26  1
22  5
19  4
20  -7
23  5
21  3
22  7
23  -3
21  0
22  -3
24  1
25  3
25  9
19  3
22  7
24  6
26  0
22  7
20  -9
24  -1
21  -1
23  -3
19  -6
23  -3
23  -1
21  2
23  6
21  6
19  -4
21  -2
21  0
22  1
21  6
23  2
22  -4
25  9
22  -2
24  -4
25  7
22  6
20  -9
25  8
22  1
22  -5
21  -3
19  1
18  8
22  1
27  -2
21  2
18  2
21  8
22  4
23  2
19  -6
21  5
23  -3
22  6
22  5
23  9
18  7
22  -2
24  4
23  -1
23  9
20  -4
24  7
24  3
23  2
25  6
24  6
19  -3
22  -3
18  10
24  6
23  -2
22  0
16  1
20  -5
24  -1
22  -5
24  -1
23  4
23  4
24  6
24  2
24  7
21  4
24  -5
20  1
24  2
22  1
22  6
17  3
23  -1
24  3
22  7
22  -4
21  -3
22  5
24  3
22  -5
23  9
22  -4
20  2
24  0
24  -1
22  7
25  6
25  10
23  3
25  2
24  5
21  4
25  -2
23  -2
24  -5
22  7
21  5
20  -10
24  7
19  -6
23  3
21  -1
24  6
24  -1
22  -4
21  -1
20  1
21  3
22  -5
24  -3
24  3
23  4
25  10
22  1
20  -6
21  5
22  6
20  -3
25  2
25  -1
24  6
22  5
21  4
22  7
21  0
22  2
25  3
21  2
21  5
24  -3
20  1
26  7
23  4
22  5
24  7
25  5
21  6
21  2
23  7
25  1
25  0
20  -4
23  2
23  8
22  5
22  6
24  6
20  -7
24  0
23  2
19  -4
23  2
24  6
22  -2
25  9
23  3
18  11
25  10
24  -3
20  0
19  -2
26  8
24  -2
21  6
23  -2
21  2
22  1
22  -1
23  5
21  -1
23  9
23  0
24  6
25  5
19  -1
22  -3
23  3
22  -3
24  -4
23  -2
25  2
23  -1
24  -5
23  -2
20  1
23  -1
25  6
20  -7
23  -1
24  3
24  -5
21  0
22  -2
23  -2
22  -1
23  3
21  3
21  -1
19  -2
23  6
20  0
21  0
25  3
22  -4
23  0
22  -3
24  2
24  1
23  6
22  -3
18  9
21  5
23  2
25  9
22  0
24  -4
22  -5
22  -3
25  4
20  0
24  0
22  6
18  10
20  2
25  2
21  6
23  9
24  3
25  0
24  -5
21  8
24  7
22  5
20  -2
21  5
21  1
24  -1
25  5
26  6
19  3
22  4
25  5
22  -2
20  -1
23  -1
22  -2
22  -3
22  6
25  8
21  -1
20  -7
24  -2
24  5
22  -5
22  3
24  0
22  1
26  10
23  9
17  1
20  -3
23  -2
23  -2
23  6
24  4
23  8
26  3
23  0
26  -2
23  0
22  0
22  0
20  -6
22  -3
24  4
26  6
24  -5
21  1
23  3
23  9
22  1
25  8
25  -2
24  6
23  2
21  -1
21  0
25  9
25  3
23  -2
22  0
21  1
22  2
19  -1
21  1
23  1
20  0
22  4
25  3
21  -3
21  -4
24  5
21  8
20  1
23  -2
26  5
26  8
24  3
24  4
17  10
21  -2
21  5
19  -7
25  2
22  7
23  6
20  -5
21  -2
23  -1
22  0
20  -6
24  0
23  5
21  0
25  8
23  1
23  3
22  -1
23  5
19  3
21  8
22  3
20  -8
16  9
23  -3
23  8
24  -3
23  8
25  1
20  -3
23  1
23  6
24  5
23  -3
24  5
25  7
23  2
22  4
19  1
19  2
22  -2
25  6
21  3
22  6
22  0
25  0
26  1
23  1
23  6
22  -1
23  -1
25  5
22  7
20  -6
25  0
24  7
23  7
24  6
20  -6
21  1
24  7
21  8
23  1
23  2
23  8
23  2
24  6
21  4
22  2
24  -4
24  -2
24  6
18  9
22  -1
25  10
23  9
23  4
26  -2
23  3
21  7
23  6
23  9
23  -1
21  4
21  8
24  7
23  7
21  1
23  6
26  8
22  1
21  4
22  4
24  -3
23  -1
22  0
23  2
25  10
21  -1
25  4
24  7
25  6
23  -2
23  3
24  -3
25  0
24  6
24  -5
22  0
20  -8
25  8
21  -1
22  -3
24  -1
22  -4
23  7
21  -1
25  5
24  -2
22  5
24  1
24  2
22  4
24  -5
24  1
24  -1
22  6
23  2
21  -1
25  5
20  -3
25  9
20  1
22  -5
25  5
22  5
23  5
22  0
21  7
24  -2
23  8
20  -5
21  5
24  7
24  2
17  1
18  0
25  0
22  -5
21  6
24  3
22  0
21  6
21  6
22  -1
22  -2
19  -3
23  4
24  5
21  6
24  -3
26  9
25  1
21  4
22  0
24  3
24  2
24  -4
24  -5
22  1
23  2
23  -3
24  3
17  6
23  2
21  0
22  6
23  1
22  7
20  -9
22  6
23  -3
21  5
20  -5
23  9
20  -4
20  -8
25  8
23  4
21  6
23  -1
23  -3
23  6
20  -5
18  0
21  5
20  -9
25  5
21  -4
22  -4
21  -2
23  1
22  6
23  6
23  -2
21  5
25  8
20  -10
24  -1
24  4
23  -2
20  -2
24  -1
26  8
24  7
23  0
23  2
24  2
20  1
23  6
24  2
22  3
24  5
22  0
21  -2
23  4
23  8
21  5
21  4
23  4
21  -2
25  3
24  0
22  -4
24  2
21  7
19  -7
20  -8
22  -5
24  5
22  5
23  9
23  0
26  4
24  -1
22  4
26  5
23  7
25  8
21  -3
25  4
20  -1
21  1
20  1
21  4
20  -6
22  -5
22  0
25  -2
21  -3
22  -2
25  5
25  -1
22  -3
25  0
23  5
24  3
20  -2
19  -2
21  5
25  -2
24  3
24  -3
26  1
25  -2
22  5
24  -1
23  9
22  6
24  -1
22  -4
25  6
19  5
22  -5
22  3
24  7
22  7
23  5
25  5
23  -2
22  6
24  1
21  0
24  -5
22  -4
25  0
24  0
23  -1
24  6
24  1
23  -1
23  0
17  2
23  2
23  -2
24  7
23  7
24  6
23  2
24  6
22  4
25  4
21  -3
23  -2
25  3
24  -3
22  6
22  2
23  0
26  5
20  -2
20  -8
22  7
20  -3
19  -1
22  -3
20  -6
24  6
22  7
22  0
19  -4
23  4
26  -1
23  7
24  6
23  5
17  2
23  -3
18  3
23  5
21  7
23  -3
16  2
21  6
23  5
17  2
22  -2
21  -2
23  -1
24  0
21  7
25  4
24  -5
23  3
24  -2
22  2
25  2
23  4
22  -2
20  -4
22  6
21  -3
20  -8
22  6
20  -10
24  -2
23  -2
23  0
21  8
24  6
23  7
21  1
26  1
20  -7
24  6
24  3
22  2
23  0
24  0
23  7
22  2
24  0
20  -3
22  -2
20  -6
15  -2
22  5
18  6
21  -4
24  -1
22  3
22  -3
23  7
22  -1
19  -4
24  1
23  6
22  2
19  -1
18  8
23  7
26  8
23  2
22  7
24  -4
25  6
20  -8
22  1
24  -3
19  0
19  -7
25  8
21  2
24  3
20  -8
20  -7
23  0
23  5
23  -1
24  6
23  -2
20  0
23  6
20  -8
24  -4
19  -1
18  10
21  2
24  0
22  -4
23  -3
21  -2
22  6
22  6
23  9
21  -3
19  -7
23  9
22  2
24  3
25  7
20  -10
22  6
22  -5
26  7
19  4
24  7
21  1
23  8
25  2
21  1
23  9
20  -4
23  4
23  2
23  2
25  1
20  -4
22  -1
21  1
20  -2
23  7
25  1
20  -10
27  -4
24  5
19  3
24  6
21  6
23  0
22  3
25  7
23  5
27  -10
24  -5
24  -2
20  -10
24  0
20  -4
21  0
24  2
21  0
23  -3
21  1
26  9
23  9
25  3
23  6
21  -4
20  -6
24  0
27  -2
24  5
19  0
21  3
19  3
24  1
19  4
25  0
22  -1
23  -2
25  10
27  -2
24  -5
25  6
23  2
24  -1
21  5
25  8
25  -1
24  7
20  1
20  -2
21  4
22  1
24  7
21  1
22  -2
26  0
24  -4
24  3
23  6
18  0
22  5
23  7
19  1
21  0
26  4
20  -8
23  -2
24  7
22  -5
21  7
26  3
23  6
24  5
22  -1
22  5
22  -2
22  -4
23  -2
21  -2
19  5
24  -4
24  2
22  0
25  0
25  1
23  -3
24  3
25  -2
17  3
25  10
16  2
21  2
24  -1
20  -10
18  6
21  -2
23  3
21  0
22  -3
23  9
25  9
20  -8
