16  -9
18  3
15  -4
19  7
19  3
18  -7
18  -4
18  3
20  4
18  -8
23  -2
21  7
19  -3
15  -8
18  -3
18  -4
20  0
19  1
22  1
18  2
18  0
21  4
21  1
19  -5
19  -4
19  0
18  4
20  -3
18  -5
18  -4
18  -1
22  -8
20  8
20  2
19  6
18  3
18  -2
21  3
19  -2
19  3
19  7
21  7
21  1
17  -4
20  5
19  7
13  -12
18  2
20  6
20  -2
23  -8
15  -1
19  -3
21  5
19  -1
21  7
19  -5
21  12
22  2
21  4
19  -5
20  1
18  2
19  6
20  5
18  -7
20  7
16  -1
17  1
18  -3
21  9
21  5
19  -2
16  -10
22  -7
23  -6
20  -3
17  -2
16  -1
20  6
21  11
20  5
19  0
19  2
21  11
20  7
22  0
24  -6
24  -11
18  3
19  -4
20  2
21  9
18  1
21  12
21  6
21  4
19  6
20  1
21  5
18  2
19  5
22  -3
21  5
18  -6
18  -2
19  5
18  -8
18  -7
18  -1
21  2
16  -6
21  2
20  7
15  -13
17  -1
16  -2
22  0
22  3
16  -1
18  -6
18  0
16  -5
21  5
20  4
18  1
16  -6
21  3
20  -2
18  4
16  0
22  1
17  -4
17  2
15  -10
19  -1
24  -12
20  8
17  0
16  0
15  -10
18  -1
17  -9
18  -8
17  -8
21  12
24  -7
18  -8
17  -2
22  -7
19  5
19  5
16  -4
21  10
16  -1
22  3
17  -9
18  -8
19  6
19  -4
17  1
24  -6
19  4
20  -2
20  5
22  -2
22  0
16  -3
20  -3
18  -3
19  2
15  -2
17  1
16  -9
21  13
22  -8
17  2
21  11
19  3
19  6
19  -5
22  -3
19  -5
20  4
17  3
22  -7
23  -9
17  1
15  -6
22  3
21  1
17  -8
16  -4
20  -1
20  7
18  -6
20  5
22  2
21  10
15  -13
18  -7
20  8
20  0
16  -10
24  -8
15  -2
15  -7
18  -2
17  0
19  5
21  12
19  -5
21  3
20  9
20  1
16  -11
21  1
17  -9
20  -1
19  6
20  4
18  0
20  2
19  6
14  8
19  7
20  6
19  2
19  1
18  -1
19  -1
19  3
18  -4
20  9
19  -5
14  -2
20  -1
16  -2
22  -6
14  9
20  8
22  -2
17  -1
19  6
25  -3
22  -2
17  -5
20  -1
16  -12
22  0
15  -13
18  3
20  2
17  -5
21  5
18  4
23  1
17  3
22  3
21  2
20  6
19  -1
18  -3
21  9
17  -7
19  -5
22  2
17  2
18  -6
15  -4
18  -6
24  -11
19  2
18  -8
21  12
22  -7
17  -4
22  -3
18  -6
19  0
18  -6
21  12
17  -1
15  -13
23  1
22  -8
20  -1
19  -1
18  -2
18  -6
19  3
17  -4
15  -3
21  13
24  -7
19  -5
20  4
20  5
22  -1
20  3
17  -2
16  -8
23  -6
14  -2
22  2
18  1
21  7
17  2
15  -4
20  3
15  -13
20  0
18  -2
21  3
20  5
20  -3
19  5
21  1
19  -1
21  12
16  -9
18  4
23  -5
20  3
18  0
20  6
22  -9
19  2
19  7
18  -7
19  -3
15  -12
14  -3
18  -5
17  -5
22  1
20  -1
16  -9
22  -6
17  -8
21  12
17  -2
17  -4
16  -9
22  3
18  -6
18  -4
20  2
16  -5
17  0
19  -1
16  -12
20  -2
18  -3
18  3
20  7
19  -3
19  3
21  8
16  -9
21  7
15  -11
16  -1
20  3
19  -5
21  13
21  7
14  6
19  4
19  4
19  -4
16  -11
18  -3
18  -1
17  -7
19  0
15  -10
19  3
18  -7
19  7
17  -5
17  -9
22  3
20  9
19  6
18  -1
18  2
21  3
19  -4
19  0
17  -3
19  0
15  -7
18  -6
15  -8
23  0
19  4
17  1
21  7
14  -1
20  9
22  -7
19  -5
19  -2
20  7
20  9
15  -9
19  5
19  7
17  2
16  -10
20  7
15  -4
19  5
19  3
22  -4
20  7
19  3
19  7
18  -1
19  5
19  -3
19  -4
17  2
19  -4
19  7
19  0
18  0
14  -3
18  -8
19  0
19  2
19  2
21  6
24  -10
23  -3
20  4
16  -9
20  6
17  1
19  -4
19  3
25  -1
19  1
18  -3
17  -9
20  -2
22  -1
18  4
21  4
18  3
18  2
21  12
19  -3
20  8
21  3
19  2
18  0
18  4
17  -6
21  12
17  2
21  2
17  -2
19  3
22  -4
19  0
22  -2
20  -2
18  4
24  -5
21  12
23  -10
17  -6
22  -7
19  -2
17  -5
19  -3
20  6
20  8
19  3
17  -4
17  -4
19  4
21  6
16  -7
22  1
19  -4
21  2
20  6
16  -1
22  -2
14  0
19  4
18  3
18  2
20  -1
19  0
19  5
16  -7
21  9
21  12
17  -7
20  -3
17  -5
19  -5
19  2
14  -2
21  4
18  2
17  0
16  -4
22  3
21  4
21  2
15  -4
21  6
22  -4
16  -1
16  -11
17  -7
17  -6
17  -1
23  1
16  -12
19  5
17  -8
20  5
21  5
18  -7
16  -2
15  -1
19  3
14  2
22  -9
18  0
19  -4
22  -6
20  3
21  9
19  -1
20  5
17  -4
18  -4
14  -3
19  -3
18  -7
20  -2
18  1
21  9
18  4
21  7
16  0
17  -4
19  5
20  -2
19  -5
20  -3
18  1
18  -6
18  -8
19  2
19  -2
20  -2
19  6
19  -3
22  3
18  -6
16  -3
21  7
18  -8
18  -5
15  -1
23  -6
18  -7
20  0
18  -6
17  0
18  3
19  0
19  2
19  4
18  -1
13  -6
21  7
19  5
19  4
22  -2
16  -11
21  13
15  -4
16  -7
16  -12
19  -2
20  0
17  -1
21  9
16  -4
21  1
15  -13
20  -3
18  -3
17  1
15  -9
19  6
19  3
19  -5
20  2
22  -5
20  -2
18  -4
19  7
19  -3
20  9
20  -2
21  9
16  -5
17  1
21  7
15  -3
19  3
19  5
17  -1
21  12
20  -3
18  -2
21  10
22  -1
16  -5
19  1
17  1
20  5
19  2
22  -1
20  6
18  4
20  1
20  0
22  -7
24  -10
21  9
19  4
20  8
14  2
20  2
24  -11
16  -10
21  11
20  5
14  -1
25  1
20  7
22  0
18  -7
18  -7
19  4
20  8
20  -3
20  -3
22  -3
19  1
20  9
18  1
22  -3
19  5
18  1
19  7
15  -10
19  3
23  -6
17  3
18  -4
20  -3
18  -2
17  -1
23  1
22  2
18  -5
14  7
21  8
16  -12
20  -1
20  5
16  -8
20  8
17  -9
20  2
18  -3
19  4
19  -1
19  -2
21  13
18  0
21  12
21  5
19  7
16  -3
22  0
19  -3
19  6
19  -5
19  -3
20  9
22  2
18  -1
19  1
19  -5
18  0
20  8
18  -7
19  1
21  2
21  9
18  -7
21  12
22  -7
16  -4
19  -4
18  -1
21  6
17  2
22  -1
18  -8
18  -6
21  8
19  -2
22  -8
15  -11
20  2
22  1
20  1
20  -3
22  -8
20  -2
21  9
14  8
19  7
20  4
21  4
21  12
18  2
23  0
22  -6
19  0
21  3
19  5
21  12
20  5
17  2
18  -6
18  1
18  -2
15  -3
18  2
22  -8
18  -3
21  9
21  6
22  -4
20  8
20  6
21  8
19  -5
18  -1
20  2
20  9
23  -5
17  -8
20  7
18  2
21  12
25  -8
21  1
20  0
19  -5
19  3
21  11
19  -4
21  10
21  8
21  5
18  -7
18  -4
16  -2
18  1
20  -3
23  -1
17  -9
17  1
16  -7
24  -2
18  -5
21  6
19  -3
19  4
19  5
15  -1
22  -2
15  -12
19  -1
19  -4
22  2
17  -9
20  7
21  2
21  1
19  -1
18  2
18  -1
22  -3
21  2
21  11
19  -2
22  -6
20  -3
18  -2
16  -2
20  9
14  -3
15  -6
19  -3
21  1
18  1
14  -1
21  11
20  0
24  -2
21  11
19  7
22  1
22  -9
17  -3
20  -2
20  4
16  0
16  -12
24  -2
21  12
23  -4
16  -4
18  4
24  -1
19  3
16  -2
17  -4
17  -6
22  2
24  -2
16  -4
18  -4
18  3
18  -5
20  5
20  3
17  -5
19  3
22  -5
22  -6
18  -5
18  -4
21  1
19  -2
17  3
19  -1
21  11
22  -7
18  -5
21  9
15  -12
18  3
17  -6
23  -7
16  -2
19  6
15  -8
21  8
22  -2
18  -8
23  -8
20  -2
23  0
19  4
19  -1
18  4
21  1
19  0
19  1
18  -7
17  -9
16  -3
17  2
20  6
18  3
16  -5
17  1
18  -4
18  -5
23  -6
19  6
19  6
21  1
21  1
19  -2
19  -5
20  -2
22  3
16  -11
20  3
23  -3
22  -1
17  -9
22  1
17  -7
19  -2
19  4
20  2
20  5
21  10
15  -13
14  3
19  3
16  -12
19  -3
19  -4
21  6
19  5
16  -11
17  -6
19  3
21  9
17  -3
18  -8
16  -1
20  6
22  3
20  -2
18  -6
18  4
16  -2
20  3
20  7
20  2
17  -9
23  -5
19  3
22  -1
19  5
16  -9
20  3
21  8
21  11
23  -2
17  3
20  0
22  -8
17  1
22  -6
18  -2
17  -1
18  -2
15  -9
20  -2
23  -8
19  -4
17  -1
19  2
19  -3
21  12
17  -8
18  -4
22  -9
17  -5
16  -12
19  4
20  4
19  -5
20  4
22  1
17  -9
18  2
18  -6
24  -13
20  6
22  -4
20  -1
20  -1
15  -8
16  -11
18  3
20  -3
18  -5
18  -4
17  -4
21  10
18  0
19  -4
23  -3
19  1
19  -2
15  -10
