11  1
9  -3
13  -11
10  -6
11  8
6  10
11  5
10  2
11  4
8  -4
11  4
12  13
7  6
10  -2
10  0
9  -5
9  0
9  -2
8  -4
9  -1
8  -3
9  -4
11  8
10  -9
10  -5
10  -8
10  -11
10  -1
9  -10
10  -11
10  -12
11  4
8  -2
8  1
11  12
8  2
9  -2
11  4
10  -2
11  7
9  -6
9  -6
10  -8
8  -5
10  -4
9  0
10  -4
11  5
9  -1
11  14
10  -9
9  -9
10  -4
13  -1
10  -2
9  -11
10  -2
7  -1
7  7
10  -6
13  -5
9  -5
9  -5
12  5
6  -4
8  4
9  -5
8  4
10  1
10  -7
11  12
9  -11
13  -3
9  -7
9  -9
11  8
11  10
12  14
12  11
9  3
7  2
12  7
8  5
10  0
11  4
10  -6
13  -2
11  10
10  -12
10  -8
11  14
11  3
8  -6
8  -6
9  1
13  -4
8  -7
10  -4
8  -6
12  4
8  1
9  -2
10  -10
11  13
9  -9
12  10
8  -3
10  2
8  -1
7  -2
11  12
10  -7
11  11
6  10
11  8
12  5
8  0
9  -9
10  -4
9  -9
9  -6
9  -7
8  -2
11  2
9  3
11  4
10  1
10  -2
11  1
9  -6
12  14
8  -4
8  -7
9  -4
10  -3
7  2
10  -8
8  5
11  11
9  1
9  -8
9  -6
10  -11
11  6
9  1
11  13
11  5
10  -10
9  -8
10  2
10  -8
7  -4
11  10
12  6
9  -3
11  12
10  1
8  -2
9  -1
10  -6
9  -9
9  -10
11  11
11  5
11  7
11  12
7  -4
8  1
11  6
9  -11
10  2
7  5
11  2
12  11
10  -3
13  -2
11  12
6  5
9  -10
11  11
12  12
9  -9
11  14
10  -9
6  4
9  -1
12  0
11  3
9  0
9  -8
11  0
8  7
11  7
9  0
13  -4
8  7
10  -8
10  -10
11  2
10  -7
10  -9
8  4
10  -9
10  1
6  0
8  4
12  1
8  5
9  3
10  1
13  -6
10  -9
9  1
10  -6
11  14
9  0
8  -5
11  1
11  9
8  0
9  -4
12  9
10  -3
10  -1
10  -12
8  7
10  -6
10  -3
11  7
10  2
10  0
11  13
9  -3
8  3
12  2
12  14
11  3
7  5
11  6
12  10
7  -5
11  4
10  -9
10  -10
9  -6
9  -10
10  0
10  -6
11  11
9  -4
12  7
13  -11
9  1
8  2
11  4
11  13
9  -3
11  7
11  9
9  -10
9  -6
10  -5
10  -11
8  5
11  12
12  10
9  -2
10  -7
12  1
11  11
7  -3
9  2
13  -3
12  14
11  1
10  2
8  -4
8  6
8  4
10  -9
11  12
8  0
12  11
9  3
10  2
10  -12
7  4
8  -5
12  13
12  7
8  4
9  -5
11  2
9  2
9  -10
11  5
12  3
10  -12
10  -3
10  -3
11  14
8  -7
11  11
9  -5
8  4
8  -6
10  -7
11  6
13  -4
10  -3
11  13
10  -4
9  -9
10  -12
9  1
11  9
11  6
8  -1
10  -1
10  -7
9  -9
7  6
11  6
8  -3
10  -10
11  13
10  -10
12  7
6  8
7  4
8  -4
11  10
11  10
8  -1
12  1
7  -2
8  -3
11  10
12  10
12  3
8  1
10  -7
9  -6
9  -7
10  -2
10  -10
11  14
11  6
8  3
9  -11
12  4
10  -2
10  -6
9  -11
10  2
11  2
10  -11
10  -9
8  2
11  6
6  -4
11  1
10  -11
7  -1
10  -7
11  3
9  -3
9  2
11  8
11  8
10  -3
11  3
9  -6
13  -12
7  6
9  -1
9  -3
8  3
9  1
10  0
10  -2
8  2
14  4
11  4
9  1
10  -11
10  -1
8  -1
12  12
10  -3
11  12
9  -2
9  3
11  9
10  1
9  -9
12  14
10  -1
9  -5
10  0
13  -2
9  -3
11  1
10  -4
9  -3
13  -10
10  -5
12  5
8  1
11  6
10  -11
11  7
9  -6
10  0
11  13
10  -10
11  10
7  9
9  -9
11  14
8  -5
8  0
9  -2
7  4
9  0
10  -5
11  4
12  4
8  1
9  -11
9  -2
10  -7
11  12
12  13
9  -2
11  9
10  -2
10  -1
9  -2
10  -7
8  7
10  0
10  -3
10  -4
9  -9
7  5
11  10
9  -6
11  1
10  -10
9  -10
12  0
12  4
7  6
11  13
10  -10
8  -7
10  0
10  -1
10  -4
9  -3
8  -1
12  0
11  5
11  7
9  -5
7  -4
9  -5
9  -8
11  7
10  -7
11  0
10  -3
8  -3
11  7
10  -11
8  6
8  4
9  -2
9  -10
11  6
11  1
9  -10
9  -4
10  -6
11  12
10  -6
12  5
7  -1
8  -3
10  -7
12  11
11  2
9  -2
8  1
11  6
11  0
7  0
10  -12
9  -8
8  -1
8  2
8  -2
11  3
12  4
7  -1
11  1
11  8
10  -6
8  -1
7  3
9  -9
11  6
11  0
12  11
7  6
10  -9
10  -11
11  3
9  -8
5  -10
10  -12
10  -7
10  -9
9  -4
9  -3
12  0
8  3
10  -2
13  -12
7  9
8  1
12  14
13  -8
9  -5
7  3
10  -8
11  14
9  -11
11  14
9  3
12  14
10  -12
11  0
8  3
10  2
10  -12
11  6
8  6
9  -5
8  -7
11  5
11  5
10  -4
10  -7
13  -7
11  5
12  6
12  2
9  -3
10  -11
11  10
12  1
7  7
10  0
11  14
14  4
11  5
11  12
6  7
9  -1
11  11
8  6
11  11
11  8
7  6
7  9
8  -3
9  3
13  -7
11  2
10  -4
11  1
11  9
12  8
6  2
9  -9
9  2
11  4
9  -10
7  9
9  -4
8  -3
11  10
10  -4
11  10
12  5
7  9
6  2
9  -3
10  -9
7  2
9  -3
11  2
10  -4
8  -1
9  0
10  -7
13  -7
12  1
12  3
12  9
9  1
12  6
12  10
6  7
10  -4
10  -3
8  2
9  -8
10  -12
12  12
10  -9
10  -10
11  6
8  6
12  8
10  -1
10  -9
10  -2
10  1
12  12
13  -3
9  -2
10  -8
9  -5
9  2
11  7
9  -3
10  -12
11  4
10  -1
8  -7
10  -11
6  1
10  -4
9  -10
9  -6
12  7
9  3
10  2
11  5
10  -12
6  0
10  0
11  6
11  1
10  -6
9  0
10  -3
10  -2
11  11
12  9
10  -10
12  10
10  -4
10  -2
10  -2
7  5
13  -11
8  -7
11  9
9  -2
11  7
11  11
13  -6
12  4
9  3
11  13
9  -9
8  -3
10  2
8  3
12  8
10  -9
9  3
8  5
10  -8
12  12
10  -12
9  -7
6  0
10  -5
7  -1
9  -3
11  7
13  -7
9  3
10  -7
13  -9
13  -4
11  2
11  4
11  4
7  -2
12  2
11  8
9  -6
11  6
11  1
11  1
11  2
11  3
11  3
12  12
11  4
10  -12
6  3
12  3
9  0
8  -4
12  4
10  -8
9  1
7  2
9  0
11  4
10  2
7  -1
10  -5
13  -11
9  -3
11  8
12  0
10  -1
9  -8
13  -8
10  -10
10  -8
12  13
7  8
10  -1
7  2
11  5
9  -3
8  6
9  -7
8  1
9  -4
10  -7
11  0
10  -9
12  4
10  -10
11  5
12  2
11  14
10  -10
8  3
14  7
10  -2
10  2
10  -7
11  6
11  8
9  -4
10  -12
10  -6
10  -9
10  1
10  -3
10  -11
8  -7
10  -4
11  3
8  7
13  -7
9  -2
11  2
9  -5
9  -11
7  9
9  -8
10  -6
10  -2
10  -10
9  -4
10  -1
10  -3
10  -4
10  -9
9  0
8  2
12  0
7  6
10  1
10  -11
9  -8
9  -11
9  3
9  -7
10  -4
13  -14
10  -7
9  -8
11  14
11  3
10  -3
11  5
10  -6
11  5
11  11
10  -5
8  2
12  3
8  3
11  13
9  -9
9  -8
11  7
12  13
10  -6
10  -11
9  0
10  -11
11  9
12  12
7  4
12  13
10  1
12  10
8  5
11  4
10  2
13  -11
9  -7
12  8
9  3
8  2
11  12
6  -1
8  6
11  3
11  5
13  -11
9  1
7  4
11  14
10  -12
10  -1
8  4
10  -4
13  -3
11  0
10  -9
7  -4
11  10
10  -12
12  4
10  -4
11  7
12  0
9  1
10  -8
8  3
13  -13
10  -12
7  5
10  -5
11  7
10  -8
10  -12
12  3
7  8
7  3
9  -7
12  14
10  -5
11  6
8  4
10  -10
11  13
9  -9
11  7
9  0
8  7
10  -4
9  -3
6  1
8  -7
8  6
11  11
10  -6
7  1
11  1
10  -2
10  -4
7  4
12  2
11  2
14  -6
11  7
11  1
10  -7
8  1
10  -9
10  2
11  4
10  0
8  1
8  -1
9  -5
12  6
8  6
10  -4
11  1
10  -10
12  10
11  6
8  7
9  -2
12  8
11  10
10  -1
10  -2
9  1
8  -4
10  -2
11  13
12  4
9  -5
10  1
10  -3
12  0
14  7
12  5
12  10
8  5
11  7
11  4
9  2
8  6
11  4
11  7
9  -1
10  -7
7  9
11  5
11  6
13  -2
11  13
12  1
11  5
8  5
8  -7
10  -7
10  -1
11  4
9  -1
9  -4
9  3
10  -5
11  6
10  -3
9  0
9  0
8  5
10  1
11  8
11  10
11  4
9  -10
12  3
8  0
11  13
11  0
9  -8
10  -2
10  1
10  -5
12  0
10  0
5  -8
10  -1
13  -4
11  7
11  4
10  -2
10  -2
9  -2
10  1
11  7
11  2
10  2
11  2
11  3
12  7
7  6
10  -6
11  5
