4  1
2  5
3  -4
3  -4
2  0
3  -6
4  -5
2  8
3  0
4  0
3  1
2  3
3  -8
2  -2
4  -3
4  -1
4  -9
3  -2
3  -8
3  -8
4  -6
3  -11
4  3
2  10
3  0
1  -9
3  -7
3  -6
4  -2
3  -8
3  -8
2  1
4  -6
4  1
4  -11
2  8
4  -2
2  1
2  3
3  -1
4  0
4  2
2  -1
1  -13
4  -8
4  -7
4  -8
3  -7
2  4
3  -11
4  -10
3  -1
4  -9
3  -5
3  2
4  -8
4  -6
4  -6
3  -3
2  -1
3  -2
3  -6
2  2
4  -9
4  0
2  5
1  -12
3  -10
2  10
3  -1
1  -7
3  -1
3  -4
3  -4
2  6
2  1
4  -6
3  -9
3  -4
2  8
2  -2
3  3
4  -4
2  5
2  -1
2  2
3  -4
3  -1
4  -10
3  -4
4  -2
4  -10
2  8
4  -4
1  -7
4  -5
2  5
1  -9
3  -1
3  -3
4  -11
2  -2
2  1
3  -2
4  1
2  8
4  -9
1  -4
3  2
4  -4
1  -12
4  2
3  -3
2  7
3  -2
3  -10
4  1
2  -1
3  -6
2  2
3  -9
2  1
4  3
4  0
2  2
3  -4
2  1
3  -4
3  1
2  7
2  1
3  -10
3  -1
3  -4
3  -9
3  -10
3  -1
4  0
2  7
4  -10
3  -2
2  -2
4  2
2  2
4  -6
3  -9
2  -2
3  -11
3  3
2  12
3  -11
3  -3
4  -4
3  -1
4  3
2  2
2  1
3  0
3  -8
2  2
2  10
4  -5
3  1
3  3
2  -1
2  4
4  3
1  -10
2  5
4  -7
3  -9
3  -5
3  -6
3  2
4  -7
3  -2
3  -5
3  -11
3  -8
3  -8
1  -3
4  -8
2  11
4  -6
2  12
2  1
2  12
4  -9
4  -5
4  -9
3  2
2  7
4  -5
2  9
3  -8
4  -7
3  -7
2  9
3  2
2  3
3  -3
4  1
2  3
3  0
2  9
2  4
3  -4
4  -9
3  -4
2  6
1  -8
4  -8
3  -7
2  9
4  -8
3  -1
2  11
3  -1
3  -6
4  -2
3  -11
4  1
4  -8
4  3
4  0
2  10
4  2
2  10
4  -10
4  -5
4  -8
3  -3
3  -11
4  0
3  3
4  -3
1  -11
3  -8
3  -5
4  -3
4  -3
3  -4
2  2
3  -7
2  11
3  -9
3  0
4  -2
4  -4
3  -8
1  -10
4  -2
3  -5
3  -7
3  -4
2  11
2  0
3  -11
4  -7
2  12
2  8
1  -7
3  0
3  2
4  -4
4  -1
3  -10
2  -1
2  3
3  -5
3  -3
2  10
3  0
3  -7
3  -8
4  3
2  1
4  -7
4  1
4  -3
1  -3
1  -9
1  -7
4  -9
2  1
4  -9
3  -6
1  -7
2  0
4  0
3  -7
3  -6
3  -6
3  -11
3  3
4  -8
3  -10
2  10
4  -1
3  -1
3  0
3  -5
1  -7
3  -11
3  -2
0  -1
2  12
4  3
2  5
1  -1
3  -1
4  -11
4  -8
3  3
2  9
3  -2
3  -11
4  -6
3  -8
4  2
3  -3
2  4
4  -7
4  0
2  7
2  1
4  -7
4  0
3  -1
3  -5
3  -1
3  -11
3  -10
4  -7
3  -6
3  1
4  0
4  -5
3  -2
4  1
3  3
3  -3
3  0
4  -7
4  -2
4  -1
4  -9
2  2
4  -2
4  0
3  -10
4  -6
4  3
2  11
3  -4
2  11
3  -1
4  -5
3  0
3  -6
3  -9
3  -9
3  -1
4  3
2  -1
3  -3
3  -3
3  -6
3  -11
4  -8
4  -9
2  7
3  -8
1  -2
3  -2
4  -4
4  2
3  -6
4  1
4  0
2  3
3  -10
4  -7
4  -11
3  -1
3  -3
3  -10
3  3
4  1
2  6
2  2
4  3
3  -8
3  -8
4  2
4  -4
3  3
4  -4
3  -10
2  -1
4  -1
2  6
3  3
3  -11
4  -5
4  2
4  -11
3  -11
4  -4
3  0
1  -2
4  -5
3  -9
3  -11
4  -4
2  10
3  2
4  -10
3  -6
4  -2
4  -11
3  -3
3  -8
3  -9
4  -3
4  -5
3  -4
3  -7
3  -7
3  -1
2  4
4  3
4  -4
3  -2
3  -4
3  -1
3  -5
3  -11
4  -3
4  1
4  -10
3  1
3  -1
4  -5
1  1
3  0
3  -7
3  -1
4  -1
1  -1
3  -6
3  -6
4  -4
2  6
3  -9
3  -6
4  -7
4  -3
3  -1
3  -10
3  -3
4  1
4  -3
4  -11
4  -7
3  -4
3  -7
3  -8
3  -7
3  -11
4  -9
3  -5
4  -3
3  -10
2  8
3  -1
4  -10
2  10
4  3
3  3
3  -3
4  -7
4  -3
2  5
3  3
3  -5
3  1
3  -8
4  -4
2  -1
4  -7
3  -7
3  2
4  1
4  -6
3  2
3  -2
3  -8
4  0
2  5
4  -7
2  12
2  6
2  11
2  8
4  -6
3  -4
4  0
4  -9
4  -6
4  3
3  1
2  5
4  1
3  -9
1  -5
3  -2
2  -2
4  0
4  0
3  -11
2  4
3  -3
4  -6
4  -2
4  -1
3  1
4  2
3  -5
4  2
2  12
4  -4
2  11
1  -8
4  3
3  -7
3  -6
3  -1
3  -2
4  -11
3  -10
4  -7
3  3
2  3
3  1
3  -1
4  -4
3  -3
4  -8
2  10
3  1
4  -5
4  -3
3  -4
2  11
2  8
3  -7
3  0
3  -7
3  -1
3  -7
3  -11
4  3
3  -5
3  -2
2  5
3  -3
2  7
4  -7
3  -3
3  -4
4  -6
3  2
3  -9
2  12
1  -1
4  -3
2  10
4  -5
2  5
4  -8
3  -3
3  -7
3  -4
3  -1
3  -11
3  -11
4  -1
2  9
4  -5
3  -11
4  -10
3  -7
4  2
3  2
4  3
3  1
3  1
4  -11
4  -5
3  -10
4  1
3  -5
3  -7
3  -4
4  -7
4  -10
4  -6
2  8
4  -4
3  0
2  -1
4  -3
3  -7
3  -4
3  -5
4  -4
1  -6
2  4
3  -1
4  -6
2  3
4  -8
4  1
3  -1
3  3
3  -10
3  -7
2  4
3  -1
3  -1
4  -6
2  10
2  8
4  -2
2  1
3  3
3  0
2  0
2  7
4  -5
1  -3
1  -5
3  -11
3  -2
4  -2
3  -10
3  0
3  1
4  -9
3  -3
3  -2
2  4
4  -3
3  1
3  -11
3  -3
3  -5
4  -5
3  -10
3  1
3  1
2  2
3  -3
4  0
3  -9
3  0
2  10
0  5
3  -11
3  -9
3  -2
3  -9
4  -2
3  -10
4  -9
3  -10
2  1
4  -6
4  2
4  -9
3  -11
3  -11
3  -1
3  -5
1  -2
3  -8
2  3
3  2
1  1
3  1
3  -10
2  -2
3  1
2  4
2  7
2  2
3  1
4  -2
1  -3
3  -2
2  -1
4  -8
4  1
4  -10
3  2
4  -2
2  10
3  -5
4  3
4  -4
4  -11
4  -6
4  -8
2  5
3  -1
4  -10
2  8
2  2
3  -10
3  -10
3  -6
4  2
3  -5
3  -5
3  -5
4  -4
3  -2
3  -5
4  1
3  -1
3  -7
3  -4
4  -9
3  1
2  4
3  -8
2  1
3  -5
3  -5
2  1
3  -10
4  -10
4  -4
4  -6
3  -8
3  -7
4  -8
2  10
4  -8
4  -1
4  -3
0  -3
3  -5
1  -4
2  -2
2  6
4  -1
4  -1
4  -5
2  0
3  -3
2  11
3  -11
2  2
4  -4
3  1
2  9
3  -2
3  -7
3  -6
3  -3
4  -7
3  3
4  -11
4  -5
4  -8
2  10
3  0
3  -8
3  3
3  2
3  -7
2  8
3  -2
2  9
3  -7
4  1
3  -11
3  3
3  -6
4  2
2  11
2  6
4  -3
4  1
3  -8
3  -4
2  -2
3  0
3  2
4  -3
4  -4
4  1
4  1
4  -3
4  -7
3  2
3  -10
2  1
4  2
4  -11
4  -5
3  -1
3  -11
4  0
4  -6
3  -2
3  -10
4  -7
4  0
2  12
3  -4
1  -8
1  -13
3  -9
3  -10
2  10
4  2
4  -2
1  -1
4  -10
4  -7
4  -1
4  -9
3  -4
3  -7
4  -9
4  -6
4  -6
3  -6
3  -11
3  -9
4  -11
2  4
2  10
3  -11
3  -5
2  -2
4  3
3  -8
4  -2
4  -8
3  3
1  -10
3  -9
4  -9
3  -4
2  5
4  0
2  4
2  10
3  -11
4  -1
4  -3
3  -4
3  -5
3  -6
4  -7
3  2
4  -2
4  -5
4  -2
4  -4
4  -8
3  2
1  -10
4  -2
2  -1
2  -2
2  -1
2  6
3  -9
3  -4
4  -11
3  -8
2  1
4  -10
3  -11
3  -8
4  0
2  7
3  -4
2  -1
2  4
2  5
3  -11
3  1
4  -4
4  -1
4  -7
2  9
4  1
4  -8
2  2
3  -6
1  -2
2  11
2  9
4  1
3  -6
4  2
4  0
2  3
3  -3
2  4
3  3
4  -9
3  1
3  -6
4  -1
3  -8
4  -4
4  -7
2  7
2  7
2  4
3  -6
4  -5
4  3
2  9
3  -9
4  2
3  -7
3  -7
3  -1
3  -2
4  3
3  -8
4  -2
3  -5
4  -8
2  0
4  3
3  -1
3  1
2  6
3  1
1  0
2  7
4  -1
2  3
2  -2
3  -5
3  -10
3  -1
4  -4
4  -8
3  -9
0  0
4  1
3  2
3  -3
3  0
4  -8
3  -7
3  -3
4  3
3  -3
3  1
3  -2
2  0
2  1
3  -11
4  3
3  -5
4  -9
4  -6
4  -7
3  -4
3  -11
3  -2
3  -6
2  0
3  2
4  -11
4  -11
2  11
3  1
4  -3
2  11
4  -4
4  -8
3  -2
1  -12
2  10
3  3
4  -1
3  -9
3  -2
