15  5
11  -8
14  8
15  -4
13  -9
12  -4
13  -10
13  -8
12  4
13  -10
15  8
11  -4
13  -10
15  -3
15  4
11  -4
15  5
20  2
18  13
14  12
19  -3
16  0
15  7
16  4
14  11
17  5
13  -7
14  12
11  0
16  -3
12  6
13  -3
16  -6
15  3
15  7
13  -2
14  6
14  10
13  -10
18  11
12  5
15  2
15  1
15  3
12  4
16  0
14  11
14  5
16  3
15  0
16  5
14  9
12  2
18  7
13  -7
13  -10
15  5
16  -5
14  12
16  3
10  -5
15  -4
13  -6
16  -3
12  3
15  6
16  -6
16  -1
13  -4
15  -1
17  3
14  1
14  8
14  3
13  0
15  1
18  6
17  0
13  -4
9  0
17  5
13  1
12  7
17  10
12  6
18  9
16  -4
15  1
15  6
11  -10
17  11
8  6
15  0
14  3
13  -2
14  10
13  -8
15  3
15  -3
15  6
14  9
12  7
14  7
14  10
14  8
20  3
20  -1
17  0
14  10
15  7
12  -2
16  -4
9  -1
20  0
16  -3
14  6
14  5
16  -4
13  -8
14  0
14  5
15  -2
12  -5
14  12
14  12
15  -1
15  4
17  9
13  -1
15  -2
12  5
15  8
15  0
16  4
15  5
15  -3
15  0
10  -2
18  12
17  10
17  8
16  3
16  4
18  10
10  -8
14  7
15  8
16  -4
17  0
15  -1
14  0
9  -5
9  2
15  -3
14  1
12  7
16  -3
16  4
17  3
14  11
15  -3
12  3
18  9
9  -7
13  -9
17  3
15  -4
20  3
13  -6
15  4
18  5
17  0
16  1
14  5
17  7
17  3
14  5
16  4
16  5
9  2
16  -5
18  11
12  1
11  -2
15  2
17  0
11  -3
16  2
16  -2
17  3
17  8
16  -6
14  3
14  4
14  9
18  11
13  2
19  -3
17  1
19  -6
12  4
11  -9
13  -8
13  -2
17  1
15  -2
18  5
18  13
10  -7
13  -5
17  3
15  -2
14  9
17  11
13  2
16  -1
20  8
13  -3
11  1
15  6
14  3
16  -3
18  7
16  -3
16  1
18  2
11  -6
16  1
16  1
14  1
16  2
15  5
18  11
15  1
11  1
15  -2
14  11
18  2
12  -5
15  7
10  -7
14  10
14  12
12  6
14  8
13  -5
13  -9
16  2
15  7
22  -9
17  9
17  12
15  2
16  -3
15  -3
13  -1
16  -7
14  6
17  4
12  -4
12  3
16  4
12  4
15  4
16  -4
13  -9
15  6
15  0
16  1
15  8
13  -10
12  -4
15  3
12  -2
13  2
12  6
14  12
13  -6
15  -4
16  3
13  -4
17  5
11  0
18  4
18  8
11  -8
16  -4
15  -1
13  -2
17  5
17  0
18  12
14  11
18  5
16  -2
15  4
15  2
11  -3
18  13
16  0
15  2
13  -4
10  -1
12  -5
17  3
12  7
13  -8
14  12
16  -3
14  12
11  -1
17  4
15  -1
16  -5
14  4
16  2
15  -1
19  -11
19  -11
10  -9
15  -4
14  0
14  0
14  4
18  5
13  -3
13  -8
14  7
16  -5
18  8
18  8
13  -1
14  3
13  0
14  7
17  12
12  -5
13  0
18  13
15  3
12  -5
11  -7
13  -7
17  0
13  0
15  4
15  -2
15  3
14  1
8  -6
17  4
18  4
19  -7
14  11
13  -4
11  -10
13  -2
17  9
13  -7
18  10
11  0
17  0
16  -7
17  7
14  2
17  1
15  -1
18  2
14  4
15  -1
14  7
16  -5
11  1
16  5
21  -5
9  -7
19  -2
15  -1
15  -1
10  -4
18  5
16  -6
19  -10
10  -1
15  0
16  -1
14  8
17  10
16  -6
14  10
16  5
16  -4
16  -6
18  2
14  1
16  -6
16  -1
12  0
13  2
14  4
14  4
16  0
16  1
14  10
18  5
15  -4
14  8
15  -2
13  -5
13  -5
12  0
17  0
14  7
14  9
13  -7
20  7
16  -7
13  -4
12  -5
16  3
16  1
15  8
13  -2
18  2
21  -3
15  -3
12  3
12  1
15  8
14  8
13  -7
15  3
9  -7
16  -1
16  -7
15  5
15  -4
10  -5
18  11
15  -2
18  11
18  4
15  5
17  8
12  5
14  3
14  4
12  3
10  0
13  -9
16  5
17  10
13  1
17  9
15  3
16  -7
13  2
14  12
14  1
15  1
14  7
17  11
11  0
11  -7
15  6
14  12
14  10
10  0
14  5
13  -1
15  7
18  4
11  -3
14  2
17  1
14  7
19  -6
15  -1
16  -2
16  4
16  1
15  7
15  0
7  5
14  6
16  4
15  1
20  7
13  -7
16  3
12  2
13  -3
14  1
11  -4
15  0
12  -1
13  -9
15  -2
16  0
13  -8
12  0
12  -1
10  -5
18  1
16  5
14  7
13  -7
16  4
15  -3
12  6
17  12
17  3
17  9
14  0
13  -3
14  10
12  -3
19  -6
14  7
14  3
15  4
11  0
15  2
15  2
16  -2
14  11
16  -6
18  3
16  -6
18  13
13  2
17  0
16  2
17  6
16  2
18  10
12  3
12  0
17  1
15  3
15  4
15  -1
15  5
13  -1
12  -4
15  -2
14  6
11  -8
13  -6
17  10
17  0
13  -10
18  3
14  9
16  0
12  -2
13  -6
12  0
18  2
18  10
15  0
15  -4
14  11
14  8
17  3
15  3
12  7
16  -7
17  11
14  3
15  -4
15  5
19  -5
8  3
14  9
15  2
19  -8
15  7
14  1
15  1
14  10
17  5
15  4
17  0
14  8
14  0
17  7
14  9
16  0
15  8
18  6
13  -5
19  -1
16  -3
16  3
22  -8
11  -9
13  -1
15  1
9  1
13  -5
15  1
15  0
14  12
14  7
15  -2
12  1
16  2
16  5
14  5
15  -3
12  5
13  0
17  1
15  -1
16  -4
16  -5
12  2
14  1
17  2
14  9
14  5
13  2
17  9
17  7
14  10
14  1
13  -5
15  4
15  8
15  3
17  2
16  2
15  -3
13  -1
13  0
11  -3
14  10
17  7
11  -4
11  -10
15  -3
13  2
16  5
13  -4
17  10
10  -2
19  -2
12  6
11  -2
9  -8
16  -3
14  8
15  5
14  2
14  3
17  7
15  6
14  4
13  -10
16  -7
15  5
12  -4
18  1
11  -6
13  2
10  -5
16  -1
13  -2
18  5
16  0
16  -2
13  0
16  5
14  10
20  6
14  4
17  11
15  7
13  -2
14  11
17  7
18  7
16  5
15  0
12  5
15  7
19  -9
16  2
14  4
13  2
12  6
14  10
12  2
15  0
10  -8
18  7
11  -4
15  0
12  -4
16  -1
15  8
13  2
12  -3
15  2
10  -12
14  11
14  1
14  5
17  8
16  -2
17  3
15  -4
12  2
17  11
18  8
17  8
14  4
14  3
17  10
15  4
16  1
14  8
14  9
14  10
7  1
12  -4
14  11
17  12
17  8
11  -4
16  2
15  3
15  6
17  6
13  2
12  -1
9  -4
12  4
15  3
17  10
11  -5
15  -1
16  -6
15  1
13  2
17  4
10  -3
16  -3
13  -2
10  -5
17  9
14  3
16  -4
13  -10
15  1
16  5
15  0
16  -3
17  7
16  -7
14  4
14  12
15  8
16  4
18  2
11  -7
16  -1
10  -8
16  5
19  -7
14  0
14  1
12  -2
18  9
15  -4
16  -4
15  7
14  1
13  -5
17  6
16  -3
13  0
17  12
16  2
13  0
14  0
14  4
18  11
11  -8
14  5
14  9
15  5
12  2
15  -1
16  1
12  5
13  -4
17  2
15  7
12  0
18  8
16  -4
16  -3
17  5
18  7
16  -3
14  0
16  -4
15  4
12  -3
14  1
16  -4
19  0
13  -1
14  0
15  3
13  2
10  -10
14  4
16  -2
16  -7
14  4
13  -3
15  8
12  -2
16  2
12  7
14  5
15  -2
15  5
15  0
17  3
19  -9
17  2
10  0
15  7
15  8
19  -3
15  1
17  1
14  2
13  -3
13  -9
15  5
15  -2
12  -1
13  0
14  7
15  7
20  3
17  4
18  1
15  2
15  8
15  6
13  2
14  6
11  -10
14  4
11  -4
15  7
12  -5
15  -2
16  5
15  6
14  6
17  0
9  -2
10  -9
14  9
13  -2
16  -6
16  0
13  0
17  9
16  -2
11  -4
13  -2
16  -2
14  11
15  5
13  -4
14  11
11  -5
15  3
14  1
17  11
17  2
13  -4
19  -1
15  -4
12  -1
17  0
17  9
12  3
17  3
15  8
14  6
15  3
14  12
12  6
16  -5
14  5
17  4
15  -2
12  3
14  11
17  0
12  -3
19  -2
11  -2
14  0
18  13
12  6
15  -4
17  5
18  7
14  7
17  12
12  5
11  -10
14  3
17  0
16  -3
11  -8
13  -1
15  -4
15  2
12  0
13  2
16  -5
13  0
18  10
18  13
17  10
10  -3
20  0
17  7
12  4
14  10
12  -4
14  2
11  -10
16  -1
10  0
13  2
14  12
17  8
13  -9
18  1
16  4
10  -2
12  -4
16  4
17  12
13  -7
13  -6
13  -4
13  -1
14  1
12  2
11  1
16  4
14  2
16  -6
15  -1
14  7
16  -4
18  6
19  -1
14  9
14  12
17  1
11  -6
12  0
12  -5
13  -7
15  6
7  7
19  0
14  8
12  -1
14  7
15  1
16  4
19  -2
16  -6
16  -7
15  3
15  -2
16  -2
15  -1
13  -4
14  1
17  8
9  -8
15  -4
18  1
15  -3
