19  6
17  -2
20  11
15  -10
19  4
19  -1
19  1
18  11
14  -3
12  -4
12  -3
13  -6
22  -1
13  -1
17  -3
14  1
19  11
16  4
17  2
14  -1
16  -3
17  -7
16  6
16  -1
16  2
18  7
16  -1
20  13
16  -3
17  3
16  5
18  12
22  9
19  2
22  3
17  -6
19  10
17  3
19  9
20  7
12  -9
11  7
19  11
16  3
18  12
17  1
21  -11
14  -6
16  3
19  4
22  9
15  -8
16  2
11  12
20  11
14  5
16  -4
17  0
18  7
17  -5
20  9
18  13
15  -6
18  10
16  4
15  -7
17  -3
21  -8
21  0
14  3
15  -2
20  12
15  -5
17  -2
11  3
14  6
17  4
19  6
15  -5
22  8
17  0
19  5
16  2
14  -5
18  9
18  1
13  -5
10  -5
14  -6
15  -4
21  -4
18  5
18  1
16  -5
16  -2
19  10
15  -5
15  -5
21  -3
18  7
20  12
20  6
18  1
18  7
22  6
20  2
19  11
15  -8
13  -3
19  11
16  0
16  -5
20  12
17  -2
18  1
18  4
18  3
13  -4
19  -1
18  4
14  2
16  0
18  3
14  -1
16  5
17  -5
16  -5
17  -5
17  -6
20  10
17  4
20  5
18  10
21  -10
9  2
18  4
16  7
13  3
18  6
22  0
17  -7
15  1
19  10
18  10
16  4
16  1
19  -1
21  -11
16  0
18  2
18  3
17  -6
15  -9
14  0
16  0
15  -1
18  5
16  1
19  11
13  -4
19  -1
18  5
20  4
17  2
16  0
16  -3
14  -2
18  8
11  1
25  -1
14  3
15  -3
18  13
18  10
17  0
20  5
17  -8
14  -6
19  3
16  -3
17  -7
18  12
14  0
15  -8
13  -5
20  4
19  0
14  4
15  -5
20  2
16  -5
17  4
18  1
15  1
21  -8
15  -4
13  3
16  2
17  -7
18  4
19  8
16  -1
17  -3
22  5
19  9
15  -6
17  -1
13  -7
14  1
19  8
17  -7
17  2
16  -4
21  -5
14  6
16  -4
15  -4
18  12
20  4
24  5
18  9
17  -8
19  10
14  -3
21  -3
16  -2
19  9
17  3
20  6
18  1
14  -4
18  4
12  -5
17  3
15  2
19  7
19  3
19  -1
17  3
21  -6
18  10
19  9
17  -6
21  -6
18  11
19  11
19  10
13  2
18  3
17  1
20  4
14  -2
17  1
22  6
17  -2
18  4
19  3
21  0
15  -6
17  1
18  10
21  -12
18  12
15  -6
17  -7
19  5
16  2
18  3
15  -8
16  4
19  8
16  -2
22  8
16  4
17  -6
15  -7
16  -3
15  -9
22  4
20  2
16  -4
18  11
11  2
16  3
19  10
16  -3
20  8
20  1
18  12
15  2
20  5
17  -3
21  -7
23  -4
16  -4
15  -1
11  9
17  -4
14  4
20  7
16  -5
15  -10
19  3
15  0
23  -4
19  8
16  6
14  -2
20  3
20  12
23  -5
18  3
12  -3
17  -5
18  8
16  5
18  8
18  9
15  -4
22  -3
12  -8
19  8
16  6
15  -6
19  6
18  12
17  -2
16  1
16  -2
17  -6
17  -2
15  -4
13  -7
19  -1
19  9
18  13
16  0
21  -10
18  8
20  9
16  2
16  -3
17  -2
19  -1
20  10
14  4
15  2
18  2
21  -3
16  -5
18  7
16  6
14  4
18  1
15  0
13  0
18  3
16  5
16  6
21  -7
17  2
13  0
18  1
12  -11
13  -9
20  8
12  -13
19  8
16  1
14  2
14  6
16  1
14  -1
16  3
14  6
15  -1
17  -5
18  5
13  -9
16  -4
14  1
20  10
18  11
20  6
22  5
17  0
14  -3
13  -3
19  10
19  9
19  -1
19  6
15  -2
15  -8
17  -6
14  1
20  7
16  -4
14  6
18  13
18  1
17  -8
19  4
15  -6
14  6
15  -10
16  -3
18  9
14  5
18  13
16  -5
13  -4
11  3
18  3
14  0
21  -8
16  4
16  6
18  1
15  -2
14  1
13  1
14  -1
14  1
14  0
18  4
20  12
18  5
18  9
18  7
18  8
21  -2
18  6
17  -5
20  5
24  5
16  5
18  10
16  -1
18  10
19  7
16  -5
17  -6
17  2
20  5
21  -9
22  -3
17  3
16  -5
17  1
17  -3
18  3
16  3
18  6
18  9
18  6
20  6
18  13
18  5
19  11
16  -3
16  4
18  1
20  4
14  4
15  0
17  -4
16  -3
12  -4
17  2
15  -7
18  1
19  9
18  8
17  1
22  0
18  10
19  7
17  -1
21  -8
20  11
17  4
19  9
16  -4
17  -4
17  0
17  3
15  -8
14  -2
14  1
20  10
22  0
14  4
17  -4
19  7
17  -6
14  -5
19  3
18  11
14  -4
16  -5
15  -5
15  -6
11  9
18  5
14  -3
13  0
13  -4
14  6
19  2
16  7
17  -6
21  -7
17  -1
13  -7
16  6
15  0
15  -6
24  11
22  9
12  -3
15  -8
19  8
20  5
15  -1
16  4
21  -3
18  10
21  -12
21  -3
17  -5
16  1
17  0
16  -5
19  7
22  4
13  -9
11  2
16  2
18  11
21  -7
13  -5
15  2
18  10
15  2
13  -2
18  2
20  2
18  10
17  -4
18  12
13  -4
15  -1
17  3
17  -5
13  -7
18  3
19  10
17  -8
21  -6
15  -8
17  -2
17  3
18  5
20  12
17  -3
15  -9
17  -6
21  -12
18  4
15  -9
19  7
21  0
17  -7
17  -5
16  -2
13  0
17  -2
16  -1
15  -3
18  13
21  -3
20  6
17  -5
15  -8
19  0
20  12
16  -3
17  1
18  9
19  11
19  1
16  -1
15  -2
20  2
17  3
16  0
16  4
20  10
15  -10
15  -9
19  10
17  -5
23  -9
15  -4
18  2
15  -6
22  8
22  7
21  -10
16  4
19  -1
20  11
16  0
15  -7
16  -3
14  6
15  -5
13  -9
17  -5
18  11
18  1
17  3
18  2
22  7
20  12
19  2
15  -6
16  6
15  -7
15  -4
14  -6
16  6
18  10
14  0
22  6
20  6
18  5
18  6
21  -4
21  -5
17  -3
13  -8
15  1
18  4
16  7
22  9
19  11
21  -4
17  -2
19  1
15  -8
23  -7
19  2
14  6
21  -12
18  7
17  3
16  -3
12  -7
17  4
17  -1
15  -8
21  -6
18  7
18  8
17  3
19  9
20  12
19  9
18  4
15  -10
13  -5
17  0
19  3
20  10
17  4
13  3
15  -10
17  3
17  0
11  5
19  7
25  -2
14  1
18  10
17  -5
13  -6
20  8
18  12
18  11
18  12
16  4
16  0
16  7
19  10
10  4
16  1
19  -1
19  7
21  -6
16  5
20  1
16  7
17  -2
19  6
18  9
14  -6
14  5
18  9
16  3
17  -2
16  4
19  3
20  5
16  7
16  1
15  0
18  6
11  12
18  7
20  4
18  3
14  2
16  5
15  -8
17  -7
14  -4
14  2
21  -9
17  -7
19  5
18  8
18  2
19  7
20  5
17  -5
19  11
19  8
16  7
13  -2
17  0
18  10
17  2
19  11
19  0
17  3
16  -3
16  -3
15  -8
13  3
20  6
17  -6
14  3
16  4
15  -5
14  3
16  2
17  -3
14  5
18  6
21  -3
22  5
17  -7
15  -3
15  -4
14  2
14  -2
20  13
19  1
18  4
14  -2
20  2
19  7
14  -1
17  3
15  -5
15  -3
19  11
16  4
21  0
17  -7
18  10
14  0
16  7
20  8
20  7
20  7
17  3
13  -5
18  8
12  -1
15  -6
19  2
19  9
17  3
16  -5
16  3
15  -3
13  -3
22  -2
16  7
19  8
17  4
18  3
23  -11
18  2
16  -4
21  0
20  1
18  13
19  9
18  13
18  10
19  6
13  0
14  -5
21  -9
22  -2
13  1
17  1
19  0
16  -3
19  6
15  -10
17  2
17  -8
14  4
20  3
14  -5
18  1
16  -5
22  8
16  2
13  -8
16  -1
21  -12
21  -2
16  1
18  8
19  7
12  -6
21  -7
17  -4
13  3
17  -4
13  -8
21  -10
20  3
16  -1
16  0
16  -5
9  -1
19  0
20  6
18  12
15  0
16  -3
14  4
16  0
19  0
19  0
18  8
20  3
16  6
16  2
22  8
15  -8
20  10
19  4
20  4
19  0
19  11
13  -6
20  8
22  5
18  5
17  -8
12  -10
17  -3
16  -4
14  6
19  1
13  2
19  7
17  -5
17  -1
17  -2
13  -4
17  4
19  -1
20  10
18  12
16  5
17  4
16  5
18  2
15  -1
16  1
15  1
19  7
19  8
15  -8
21  -11
18  9
13  -4
20  3
20  12
12  -9
18  6
13  -1
20  6
20  4
20  1
19  9
15  -10
18  5
20  5
18  12
17  3
15  1
12  -1
19  7
12  -2
17  -3
18  1
16  -5
15  -10
14  4
18  9
21  -5
19  2
20  12
19  5
16  5
19  8
21  -7
16  -4
16  2
11  4
11  2
17  -3
15  0
20  12
19  3
22  6
11  7
18  10
21  -4
14  3
19  10
17  -1
14  -6
20  7
15  -9
21  -9
20  5
17  0
16  -3
17  3
13  1
15  2
15  -2
13  -4
19  -1
17  -7
15  -1
20  9
17  3
20  11
19  9
18  11
16  -5
20  12
19  6
17  0
17  -3
18  1
15  0
19  2
17  -7
15  -2
22  9
18  7
14  5
20  9
18  8
17  -5
21  -2
18  4
15  -1
16  7
20  2
16  -2
14  3
21  -4
21  -5
15  1
14  -3
16  5
