25  -1
25  -10
24  4
26  6
29  5
22  -13
28  -6
26  1
24  6
30  -3
26  10
24  1
23  -12
18  -3
27  7
25  -1
28  -1
25  -2
23  -13
22  -3
23  -13
22  -12
21  0
28  2
30  1
27  1
22  -13
24  1
26  9
25  0
22  -7
21  6
27  7
19  -3
25  -7
26  6
18  -9
23  -6
25  1
26  6
26  7
23  -5
26  9
26  10
23  -13
24  1
23  -5
29  -2
25  -4
22  -5
24  4
24  2
26  8
25  -1
24  5
27  5
21  6
29  -6
26  6
23  -9
23  -8
27  11
25  -2
25  0
20  -5
24  12
21  4
29  -6
27  3
23  -4
26  12
21  10
21  2
27  1
18  -4
23  -3
21  3
27  3
20  -11
21  3
27  7
19  -9
29  -2
23  -8
25  -9
28  -4
25  -6
22  -13
32  1
22  -5
27  6
24  5
29  -7
25  -1
19  -8
23  -11
22  -5
32  13
30  -7
25  1
24  4
26  6
23  -4
21  2
22  -9
22  -11
29  -2
27  13
26  6
26  5
32  1
22  -3
22  -4
23  -11
26  4
26  13
22  -6
25  -9
25  -9
23  -11
21  9
23  -4
23  -2
25  0
24  1
24  0
24  4
24  3
25  -3
28  -9
27  10
25  2
25  -5
23  -10
22  -6
19  -8
24  5
19  -7
24  7
25  -1
23  -7
28  -9
28  1
22  -3
26  6
25  -3
21  11
25  2
25  -2
25  -8
25  -6
21  8
25  -5
20  -10
26  5
26  8
22  -3
24  8
23  -4
23  -11
25  2
26  10
29  4
23  -11
26  9
23  -8
27  9
25  -9
24  9
26  2
25  -2
19  3
28  3
22  -3
20  -4
23  -13
23  -10
24  5
25  -8
31  11
25  2
23  -3
28  0
26  9
28  0
26  11
26  6
24  11
24  6
22  -7
27  8
28  -4
23  -9
30  4
25  -1
28  -6
20  -11
21  5
24  12
22  -13
27  5
21  3
24  4
23  -7
21  1
29  -7
26  3
23  -4
32  5
25  2
21  6
19  2
26  9
28  3
20  -13
29  -2
23  -7
27  7
23  -1
25  -8
28  -2
25  -6
24  7
24  1
25  -3
24  8
22  -5
23  -10
25  -8
23  -9
27  11
25  -3
19  -3
28  -8
25  2
26  11
23  -8
27  10
25  0
21  12
25  -9
27  6
18  -8
16  1
24  6
21  1
24  6
24  10
20  -9
24  7
28  3
24  6
22  -3
27  3
21  2
22  -12
19  0
25  -7
30  -6
25  -4
22  -1
28  -9
30  4
21  1
20  -8
25  -10
24  9
26  12
26  1
23  -3
28  -2
21  8
28  1
22  -4
26  3
21  12
22  -3
24  0
25  -4
28  -3
20  -10
20  -9
27  4
30  0
26  5
27  2
24  7
26  10
23  -12
24  11
20  -3
23  -10
22  -4
22  -7
23  -12
23  -13
25  -9
25  -5
21  12
25  -3
24  4
27  9
26  2
25  -10
24  9
30  -3
20  -13
25  -8
25  -5
24  8
30  -7
28  2
25  -6
21  4
20  -2
22  -2
23  -4
26  3
24  7
25  -4
27  11
25  -1
25  -1
24  7
16  -1
27  12
24  3
21  11
22  -6
22  -5
25  -10
29  -5
18  -9
23  -7
28  -7
24  12
24  9
27  10
23  -1
20  -13
26  7
31  9
26  13
26  4
27  8
27  13
28  2
23  -11
23  -11
30  -5
28  -9
24  10
29  -6
27  8
21  4
23  -2
18  -7
25  2
23  -12
26  2
25  -5
25  -4
25  -1
27  10
32  6
23  -2
23  -11
27  7
25  -9
21  2
17  3
28  0
26  9
25  -3
25  -10
24  10
25  -1
25  -4
26  4
22  -8
22  -4
22  -1
23  -3
25  -10
28  -1
19  -7
22  -6
23  -2
23  -7
29  5
23  -10
26  3
29  2
21  4
27  13
28  -3
27  8
23  -11
21  12
23  -3
21  2
29  -6
22  -11
25  -10
19  -1
28  2
24  11
23  -5
25  -4
25  2
22  -1
20  -13
30  -2
26  3
21  4
23  -3
26  8
27  9
25  -9
25  -7
18  -3
25  -9
24  2
21  6
19  -7
26  4
26  5
24  2
25  -5
20  -9
24  4
20  -9
23  -7
23  -4
28  -8
27  10
21  2
23  -4
23  -1
27  10
23  -12
26  8
23  -7
22  -13
18  -1
24  5
22  -3
25  -6
22  -11
25  -9
23  -1
22  -8
22  -12
23  -5
23  -1
29  0
27  9
21  11
26  12
24  0
26  7
29  -2
24  5
27  2
23  -11
24  7
25  -6
27  10
26  12
25  -10
21  9
30  1
25  -10
20  -8
20  -13
24  1
19  -7
28  -1
26  11
20  -10
26  1
30  4
25  -5
29  0
24  8
22  -13
28  -4
27  5
28  -8
24  12
26  5
23  -7
22  -7
22  -2
25  2
26  13
19  -7
25  -6
26  12
29  -1
27  3
25  -3
26  12
25  -3
17  3
30  -7
25  -8
25  -7
26  12
24  1
26  12
21  11
23  -8
24  4
25  -5
25  -6
23  -9
24  4
23  -4
24  5
20  -13
28  -4
24  8
22  -10
21  1
25  -7
25  -2
32  1
28  -6
27  10
25  -5
26  8
20  -8
23  -2
27  6
32  5
28  -6
22  -1
26  12
27  7
20  -8
27  13
23  -11
24  3
24  0
25  -10
26  2
21  1
21  6
22  -5
28  -5
27  6
28  -7
25  -8
26  3
25  -8
22  -9
25  -8
25  -6
23  -9
25  1
22  -2
29  -6
22  -3
23  -5
27  12
27  1
30  2
21  1
25  -5
30  2
28  -6
25  1
27  11
27  2
24  3
21  6
20  -9
30  1
23  -9
27  3
28  -6
23  -3
27  3
24  6
26  3
26  6
28  -4
27  8
21  0
27  4
23  -9
26  7
27  9
26  5
27  6
24  7
24  1
28  2
21  11
23  -4
27  6
23  -12
27  1
26  10
27  11
22  -1
25  -8
24  5
25  -3
20  -9
22  -9
26  10
25  -3
21  5
26  6
26  2
28  -8
25  -3
24  1
23  -11
24  9
25  2
25  2
28  0
27  8
31  6
25  -8
24  8
20  -12
21  7
28  -1
27  13
26  13
24  1
27  12
26  4
23  -3
22  -4
25  -6
28  -8
23  -4
23  -11
25  -9
27  13
25  1
25  -5
19  -1
24  2
26  9
24  5
25  2
24  5
24  11
28  -9
20  -9
25  -2
26  3
29  -3
23  -7
20  -1
25  -2
26  12
23  -2
19  -4
24  6
31  4
27  3
23  -3
27  8
24  4
24  7
29  -7
24  5
26  6
28  -3
24  0
15  2
26  2
25  -7
25  1
22  -6
26  12
21  4
22  -7
23  -9
27  3
20  -3
30  -2
23  -2
20  -4
23  -13
24  4
21  3
16  -5
29  -7
28  1
26  5
26  8
27  7
21  10
26  4
28  -6
28  0
25  -3
15  -1
24  1
26  5
23  -4
23  -1
24  12
18  -9
27  2
28  -7
21  9
26  10
29  0
21  7
24  6
27  10
20  -5
23  -9
23  -9
23  -9
26  13
27  7
24  12
26  4
27  5
27  9
24  8
23  -13
25  0
23  -10
21  0
26  13
23  -3
23  -7
21  5
28  -4
23  -8
21  4
21  12
19  -5
24  5
27  10
26  3
22  -3
24  10
25  1
28  -4
25  1
26  1
25  -1
22  -6
24  12
23  -2
21  9
25  0
21  11
27  12
26  9
25  -5
26  9
28  1
20  -5
22  -4
22  -6
22  -10
23  -12
25  -6
26  1
26  12
21  8
25  -4
28  0
26  1
27  6
26  13
24  4
24  0
23  -7
21  3
24  12
25  -2
24  9
24  9
24  7
24  1
25  -5
24  11
26  7
20  -7
19  -5
19  -6
25  1
27  11
23  -8
27  9
20  -9
23  -13
24  11
22  -13
22  -9
27  8
28  -6
20  -3
30  4
27  8
27  5
25  -2
21  7
21  3
27  2
20  -2
23  -7
23  -8
24  6
28  1
29  -7
24  11
25  0
32  2
24  2
23  -7
20  -8
23  -5
25  -2
23  -13
25  -5
22  -13
24  2
26  1
26  12
26  9
22  -4
24  5
20  -5
23  -5
21  6
22  -6
20  -10
26  5
25  -10
24  10
26  12
25  -3
29  -2
27  7
26  2
27  9
26  10
26  6
25  -3
22  -3
26  12
26  11
29  -1
23  -8
25  1
23  -5
25  -1
22  -5
24  2
25  1
26  4
28  -9
25  -5
17  3
29  0
23  -10
23  -13
23  -11
24  2
23  -8
30  -5
25  -7
26  13
24  10
23  -5
24  1
22  -3
28  3
22  -6
25  -10
23  -5
24  9
22  -5
28  -4
27  6
21  3
26  12
25  -6
19  -5
31  12
21  2
23  -9
21  4
23  -9
20  -5
25  -4
24  11
21  2
26  5
20  -13
28  -4
23  -7
25  -3
24  10
28  -1
23  -12
28  2
26  2
28  -8
28  3
23  -7
23  -11
26  5
28  -8
21  7
26  11
30  -4
24  4
26  9
19  -1
23  -12
29  -3
27  10
25  -8
21  12
26  6
27  11
19  -1
26  4
18  -4
25  -3
20  -2
26  9
25  2
23  -7
24  12
28  2
23  -12
27  4
24  0
25  -6
28  -1
23  -10
26  12
24  9
24  9
28  -2
26  6
29  5
22  -8
27  2
28  -9
29  -2
24  11
24  11
22  -8
26  8
24  4
22  -6
28  -1
24  8
26  4
22  -7
26  4
25  -3
22  -8
30  4
27  13
29  0
23  -3
29  5
24  4
27  9
28  -2
21  9
25  -10
21  9
30  1
22  -6
30  -4
23  -9
24  7
24  6
27  3
24  12
26  4
18  -5
28  2
27  12
18  2
27  12
29  -3
21  0
24  2
26  4
