23  6
25  0
27  -6
25  4
23  3
25  2
17  -12
23  2
23  8
20  6
21  0
22  4
26  6
20  2
28  -3
21  1
23  -3
28  -8
20  -3
21  5
21  6
21  8
20  5
20  5
24  10
20  8
19  6
29  12
16  3
26  -2
20  5
26  -1
22  1
23  9
23  8
21  9
27  -7
28  -9
27  -6
28  0
24  3
23  0
21  2
22  7
13  1
23  9
29  10
28  -5
20  4
21  5
24  3
25  -5
18  -9
22  9
20  2
23  -1
21  10
24  3
27  -1
25  -5
28  -2
20  4
25  1
18  -5
24  4
24  9
20  6
24  9
24  10
22  7
23  7
25  6
30  0
28  -8
19  4
21  3
25  -4
20  -3
17  -5
25  4
24  5
25  4
28  -5
23  4
21  8
29  9
20  9
24  12
24  4
24  1
24  12
21  2
21  2
24  5
22  6
21  3
17  -8
23  0
24  10
23  0
24  10
25  -1
25  0
25  -4
24  8
22  2
23  9
19  -2
21  5
25  4
25  -4
25  -6
20  1
22  -3
24  4
20  6
27  -3
27  -2
17  0
28  1
20  5
27  -9
22  -2
27  -9
18  -3
26  -5
21  5
21  4
24  10
27  -2
27  -4
18  -8
22  2
29  7
25  1
20  5
24  10
17  -1
24  12
29  12
25  -4
28  1
23  3
19  6
18  -11
22  4
21  12
20  5
20  -1
28  -2
25  5
19  6
16  -3
25  4
28  -10
26  -3
27  -8
19  2
21  8
22  -3
21  2
20  3
19  -3
21  6
24  5
27  -12
24  9
22  9
22  8
26  5
20  7
20  2
25  -4
22  2
22  0
28  1
23  9
23  9
24  5
26  1
23  -2
20  9
23  2
23  -2
21  1
25  -4
21  9
21  10
19  -2
23  1
20  2
26  -2
23  4
19  7
21  2
24  1
23  0
23  6
19  7
25  0
23  7
23  6
28  -10
21  9
25  2
25  3
23  -3
22  8
24  4
24  6
25  -5
25  -3
21  9
26  0
21  10
22  9
27  -10
25  6
26  -4
26  -3
17  -10
22  4
21  3
26  -1
25  -2
22  4
23  -1
23  -1
22  2
28  -9
22  5
27  -5
22  9
16  -3
24  10
23  8
25  3
27  -9
26  -1
23  0
29  5
22  2
23  -1
23  7
28  1
25  -2
25  3
25  -5
24  7
23  -3
23  9
24  12
18  -9
22  -2
20  -2
21  10
20  5
22  6
23  1
21  10
23  -1
25  2
25  -4
26  0
23  7
26  6
24  7
25  2
23  8
22  1
22  6
26  -2
28  -5
27  0
25  -4
22  1
22  -3
25  6
21  3
25  0
21  12
26  1
20  9
17  -3
23  6
21  6
22  0
19  0
24  13
25  -3
25  -4
27  -8
23  9
26  6
19  0
26  -3
26  7
21  11
25  0
27  -4
21  6
24  12
28  -1
24  7
21  4
27  -6
25  0
26  -3
22  9
22  6
22  3
22  6
22  6
22  1
27  -1
28  -6
24  13
23  1
18  -3
20  0
19  -1
22  0
24  5
25  -6
21  7
26  2
24  5
23  9
25  2
19  0
24  8
21  10
26  -1
24  6
21  8
22  0
26  -3
21  5
23  4
23  2
23  2
24  4
20  4
26  -5
24  13
20  9
22  7
22  5
23  7
22  2
22  1
25  -2
17  -7
25  4
19  5
25  2
25  -5
19  -2
23  7
26  5
26  5
23  -1
21  1
21  3
21  10
26  -2
25  -6
23  6
18  1
23  5
28  -3
23  9
20  5
20  4
25  5
26  2
22  0
25  4
24  6
25  0
22  -1
24  13
23  3
21  1
16  -2
25  2
19  6
23  3
24  4
21  8
22  6
26  5
25  -1
20  4
21  1
23  5
24  1
22  4
26  1
26  6
27  -3
22  -2
24  13
21  3
19  9
27  -10
24  4
22  3
23  7
18  -5
23  6
26  -1
28  1
19  7
28  0
22  -1
27  0
27  -9
17  0
22  -1
25  -5
26  1
23  0
23  -3
21  7
22  4
22  9
21  3
26  7
25  -2
23  9
21  10
26  -2
23  1
21  5
21  7
17  -3
23  4
23  -3
23  6
17  -2
26  6
23  3
24  5
22  9
19  -1
24  7
20  8
31  2
24  7
22  4
21  2
25  3
21  0
23  -3
22  4
23  2
24  1
23  3
26  1
19  7
24  10
22  1
23  5
23  9
26  6
24  11
27  -11
21  0
20  -3
21  12
18  -11
25  3
19  5
25  -1
20  4
21  3
25  -2
19  4
20  7
21  5
23  -1
22  5
19  4
23  -1
25  5
30  3
22  7
22  6
25  -4
27  -8
20  9
25  2
25  2
18  -5
27  -9
24  8
23  1
22  4
17  -11
22  -1
18  -7
24  4
22  -3
22  7
17  -6
21  1
18  -3
26  1
24  10
23  0
22  2
27  -2
22  1
22  2
21  11
21  5
22  4
24  1
23  3
24  7
19  4
24  8
28  -6
23  8
25  -6
22  2
21  10
22  -1
18  -1
22  8
24  3
23  9
22  6
23  8
24  2
28  -4
28  -9
25  6
26  -3
22  0
24  2
19  4
20  4
25  -5
15  3
25  -2
23  0
24  7
24  13
19  4
21  0
23  6
27  -5
19  6
23  2
21  8
24  10
25  -5
17  -5
26  5
21  4
25  -2
22  0
21  11
17  -10
22  -1
21  2
23  -1
21  7
22  1
17  -7
23  7
17  -11
20  6
23  -3
26  -4
24  10
22  2
27  0
21  1
21  2
26  -2
21  6
26  -2
19  -1
21  2
22  2
23  -2
29  7
23  4
21  6
24  11
27  -11
16  -2
23  -1
23  9
23  3
25  -1
21  1
26  5
23  6
24  9
21  6
24  9
22  5
23  8
21  1
18  -11
23  5
24  13
25  -3
25  5
28  1
26  -5
21  5
25  -6
21  3
23  8
20  2
26  -5
20  1
25  -4
26  4
26  5
24  12
26  -3
23  -2
27  0
24  6
18  -9
19  8
22  3
21  6
23  -3
26  -4
23  1
22  3
20  9
24  3
26  2
22  1
22  3
23  1
27  -2
30  8
26  5
24  13
27  -7
23  8
24  8
24  8
24  8
23  -3
29  10
24  4
24  5
24  4
24  12
20  6
21  12
23  -2
26  -4
20  6
18  -11
24  12
23  7
19  7
27  -4
23  -3
24  5
19  8
25  0
22  2
20  9
19  1
26  -1
23  2
23  0
19  0
18  -3
21  1
26  1
24  12
20  -1
24  13
22  -3
25  -6
24  9
21  9
20  -1
25  -5
19  3
20  3
25  -1
23  0
18  -10
20  -3
25  4
25  -5
25  -4
26  3
23  1
21  10
23  1
22  2
23  5
20  -3
24  6
28  -7
23  8
17  -5
27  -11
25  -4
18  0
22  -2
21  2
21  5
27  -3
23  7
18  -11
23  9
24  4
22  3
20  -2
22  6
22  4
28  0
22  1
20  8
24  10
24  13
23  -2
27  -2
22  -2
20  1
26  4
26  5
24  7
23  9
20  3
28  -9
23  6
25  6
22  5
22  -3
22  -1
25  3
25  6
20  -3
25  -1
23  6
24  6
24  5
22  5
22  -3
18  -8
22  3
21  0
19  -1
25  5
25  1
21  9
23  -2
22  9
24  4
22  -2
16  3
17  -2
21  1
26  -2
30  5
23  -2
21  3
22  7
26  -2
24  10
18  -4
20  -2
18  -5
25  -1
19  -1
23  4
23  5
27  -10
24  3
24  1
22  -2
23  -3
24  1
24  5
26  -2
22  3
25  1
24  9
24  7
22  5
26  -1
22  5
19  9
22  9
26  -2
20  4
23  7
24  5
22  4
26  0
22  2
26  6
21  1
23  6
18  -11
24  7
22  7
25  -4
26  2
22  3
23  -1
20  8
19  0
21  8
24  7
27  -1
21  3
26  1
21  1
19  -2
24  12
24  10
24  3
23  -2
23  2
29  8
21  6
24  1
24  4
23  3
22  2
23  5
24  10
21  9
22  0
27  -8
23  -3
25  -5
18  1
25  3
24  1
24  13
25  3
20  5
28  -1
22  -3
24  11
18  -5
27  -5
24  9
26  7
21  10
21  8
21  10
25  -2
26  -5
26  0
25  -3
21  4
16  -3
27  -11
24  2
20  1
19  8
21  1
18  -11
22  8
19  2
25  6
21  5
22  1
23  0
28  -7
23  1
19  7
23  8
26  -1
22  5
28  -7
23  3
30  2
18  -5
25  1
28  -4
25  3
21  10
23  1
27  -6
24  5
25  -3
22  9
23  7
24  1
25  4
29  0
24  1
23  9
21  6
20  3
21  10
17  -7
27  -11
23  8
24  3
23  5
25  5
21  4
21  8
23  1
23  -1
24  13
24  10
29  8
23  9
23  2
20  -2
24  9
23  6
21  6
23  -2
22  5
25  1
23  -2
22  5
26  1
19  5
24  1
22  -1
27  -10
23  3
26  7
20  -2
22  6
21  8
23  6
19  -2
20  3
22  -3
21  8
28  -6
17  -11
23  9
17  0
23  -3
23  4
20  9
24  8
23  1
26  2
25  -4
22  5
25  6
23  9
25  -3
23  5
18  -6
21  8
24  7
21  8
19  3
23  -2
23  4
23  6
24  3
20  8
24  6
23  7
24  7
19  4
24  8
21  10
21  1
27  0
25  -3
28  -6
23  -1
23  1
27  -2
22  3
20  6
24  1
26  -1
25  -5
21  12
23  -1
24  12
23  6
24  8
19  1
23  -1
20  1
22  -2
22  1
