27  -4
32  4
26  2
29  3
26  -2
27  -6
26  8
28  2
29  3
28  -3
27  2
28  -1
29  4
26  5
30  6
29  6
32  9
27  0
30  3
27  0
29  12
28  -1
27  3
31  0
28  -2
29  7
24  4
29  10
27  4
30  7
30  10
30  9
29  7
30  1
30  11
29  6
29  8
28  -4
28  0
31  -2
27  3
26  -1
23  2
26  5
27  -3
25  1
26  3
29  11
30  1
30  4
28  4
30  7
32  3
28  -4
30  11
28  -5
32  2
25  -2
23  -6
29  5
28  -1
28  0
25  -3
25  -3
29  7
28  5
28  2
28  -4
30  6
26  3
28  4
24  5
29  10
31  -9
30  3
27  -4
30  6
31  -6
27  -3
29  12
29  5
27  -3
27  4
28  1
28  -2
31  -3
29  2
27  -2
28  4
31  -6
26  6
29  8
29  9
30  11
29  12
33  1
30  7
29  6
27  3
28  5
24  -2
29  9
27  1
31  -7
29  10
33  -8
29  6
24  -5
29  10
31  -6
27  -3
28  4
30  8
26  8
31  -2
28  5
28  2
24  -1
26  -1
32  7
28  1
25  2
30  9
28  2
27  -4
28  -4
24  2
28  5
26  3
28  -4
25  3
26  -1
29  2
28  -3
27  -5
27  -4
29  8
27  -3
27  0
28  5
26  5
28  -3
27  4
32  10
25  1
30  11
30  7
31  -4
29  9
30  8
28  -4
26  2
28  2
27  1
25  0
26  6
27  -6
26  2
29  8
31  -8
25  1
25  1
30  11
30  6
26  -2
27  3
26  6
24  -3
26  2
28  0
27  -4
27  -1
28  1
28  1
26  8
30  10
26  3
28  0
24  -5
31  -4
29  3
27  -5
30  1
27  -3
30  1
27  -5
28  0
24  -5
27  -6
30  3
31  -8
27  -4
31  -5
31  -2
30  4
30  4
30  7
24  -4
27  1
32  8
33  1
29  2
29  7
26  3
31  -7
30  6
28  -5
30  4
28  4
25  1
32  1
33  2
26  4
32  6
29  9
25  -5
28  5
29  5
29  9
26  3
26  -1
29  8
27  4
29  5
30  8
28  5
24  3
30  3
30  11
28  -4
31  -2
24  -1
28  -4
29  4
30  5
30  6
30  8
25  -5
27  -5
30  3
28  2
29  7
26  -2
30  9
27  0
29  7
26  3
29  10
28  -4
32  7
25  3
27  -1
29  2
26  7
31  -9
28  4
28  -1
26  8
31  -3
27  0
29  12
30  11
27  -4
26  -1
26  6
30  7
28  -1
29  5
27  0
21  4
28  4
32  4
28  -2
30  3
29  10
30  6
28  -2
30  11
29  7
28  -5
29  10
30  2
27  -1
27  0
28  1
28  -4
28  3
27  2
28  2
30  3
30  2
31  0
30  11
25  4
31  -4
27  1
28  2
30  6
28  4
30  9
25  -3
27  -6
29  4
30  8
28  4
27  -2
27  -3
29  6
31  -7
26  8
27  3
29  8
30  6
24  4
27  -4
29  9
27  -2
26  3
30  9
27  -5
26  5
30  7
31  -1
28  1
30  4
31  -9
32  9
31  -7
30  5
24  3
30  7
29  9
29  5
32  3
28  -2
28  -4
28  -5
26  6
32  1
32  9
28  0
25  2
25  5
29  5
30  4
27  -1
26  -2
26  -1
24  -2
27  -4
28  1
26  4
31  -6
25  3
28  -2
27  -3
27  -6
28  4
28  5
30  4
29  11
30  8
28  -5
30  10
26  7
25  0
27  -5
25  1
29  10
26  4
29  10
27  3
31  -9
28  -5
24  2
30  10
30  7
30  8
28  1
27  -5
29  5
28  -5
31  -5
28  -5
29  4
29  9
28  -2
25  4
25  5
28  -2
26  6
29  9
25  3
29  12
26  1
30  7
29  7
29  9
25  -3
26  7
31  -1
29  7
28  0
33  -1
27  -5
28  0
26  5
26  7
27  1
29  9
28  -2
27  4
28  1
24  -5
27  2
28  0
30  7
24  -1
25  -1
30  9
28  5
29  12
28  -4
29  8
27  -1
26  5
29  3
29  8
28  0
31  -4
28  3
30  7
30  7
28  -3
28  1
27  0
30  11
29  3
29  12
30  8
27  -5
26  3
27  -6
25  4
29  9
26  2
29  4
24  -4
27  1
29  3
30  10
29  5
26  2
29  5
27  0
27  1
26  -2
26  -2
28  1
32  7
24  3
29  4
25  4
32  5
24  -4
28  2
29  8
27  -5
30  9
30  6
31  -1
24  1
29  3
27  -4
29  6
26  -2
30  7
27  -3
28  -2
28  1
28  1
30  5
28  -1
28  5
28  2
27  3
28  1
28  4
26  -1
28  1
28  5
30  9
26  0
32  7
28  -3
31  -10
29  7
27  3
27  -4
29  12
29  6
29  7
29  6
26  8
28  -2
29  3
28  -2
25  5
26  0
29  6
30  6
29  5
26  4
32  6
28  -4
29  10
31  -7
27  3
32  10
28  -5
28  -3
33  -8
28  -2
29  6
28  0
28  0
26  -2
27  4
31  -5
27  2
28  4
29  11
27  2
29  10
29  11
29  8
30  1
30  1
30  2
24  2
29  3
22  7
27  3
30  8
27  -3
28  3
29  3
32  0
28  4
30  9
21  10
32  9
25  -3
29  2
30  11
32  5
22  7
28  -5
24  -1
32  3
26  8
28  -3
32  8
30  5
28  -5
29  12
26  2
29  10
29  3
27  0
27  1
30  7
26  3
32  8
25  -5
28  4
31  -7
31  -1
29  5
27  2
27  -3
28  3
29  6
30  10
29  5
29  10
27  -6
30  2
25  0
30  11
28  -3
30  11
31  -9
32  5
27  -3
29  5
29  8
26  4
32  6
32  8
27  -5
28  1
28  3
26  4
30  10
30  7
29  4
32  4
25  2
29  4
27  -2
24  -1
26  1
30  2
26  8
30  2
29  11
26  -1
26  -2
30  8
30  5
27  1
30  10
27  -3
26  -1
29  7
27  4
28  4
31  -7
23  -2
31  -5
29  8
30  2
29  11
29  5
28  3
28  0
31  -5
27  -4
29  10
25  4
31  -7
28  0
29  10
27  -4
28  -3
28  -4
29  10
29  8
25  3
30  2
21  7
28  0
26  -1
26  3
29  2
30  9
23  -1
28  1
28  -1
27  -1
31  -3
27  0
28  -1
26  -1
28  0
28  -4
27  0
32  8
28  -5
34  8
29  3
25  0
28  4
29  4
29  4
27  -6
26  7
29  4
29  7
30  1
28  3
32  9
28  -2
26  5
29  4
30  8
25  -2
29  5
28  2
25  0
31  -8
27  -1
29  10
27  -6
24  2
25  4
29  12
25  -2
31  -10
29  2
26  3
27  -6
26  1
30  6
26  6
25  -3
26  4
28  -3
26  8
26  3
26  1
28  5
30  5
29  8
29  2
28  3
29  3
29  4
31  -3
28  -1
25  -2
28  4
29  5
27  -3
27  -5
29  7
28  1
30  5
27  2
27  3
25  2
29  4
31  -3
29  3
28  -5
26  -2
25  -4
27  -6
29  3
30  6
27  2
30  9
29  11
30  1
30  4
29  3
27  -4
26  0
28  2
24  -4
30  2
28  -5
32  9
32  10
28  -3
30  3
29  10
28  2
31  -10
30  11
21  11
25  -1
30  6
30  10
28  5
29  9
26  5
23  -1
27  -4
30  2
26  3
28  1
29  2
25  5
29  2
28  -4
25  0
27  -3
28  -5
28  -1
28  -2
30  9
24  5
27  3
29  3
32  5
30  8
31  -10
27  -4
29  10
33  0
30  6
29  5
30  5
26  -1
30  7
28  3
30  9
26  -2
28  0
28  3
26  6
29  6
27  -5
30  10
27  -1
25  4
29  10
31  -3
27  4
30  6
29  2
23  -1
27  -4
30  11
28  -2
29  3
26  1
26  2
25  -1
29  3
29  8
29  8
31  -4
30  1
22  3
28  -5
28  -3
28  -4
28  -3
27  -1
30  2
31  -2
29  10
28  -1
28  -4
29  10
24  3
31  -4
29  12
29  5
27  -1
30  3
27  0
30  5
31  -3
31  -3
28  5
28  0
26  7
30  10
18  -4
28  -1
28  -2
31  -10
26  3
26  2
27  1
30  5
24  3
27  4
27  1
26  5
27  -4
30  2
29  8
28  -5
29  4
30  6
30  5
24  1
26  2
28  5
28  -1
28  -3
33  2
30  10
22  3
26  8
29  2
31  -2
29  11
28  5
31  -7
31  -9
29  7
30  3
26  4
28  -4
28  -4
29  7
27  -3
26  -1
31  -6
27  0
28  1
25  0
24  -5
28  -4
28  3
29  11
25  -3
28  -5
29  7
28  4
25  -3
27  -5
29  12
26  -1
30  2
29  6
30  8
27  2
30  3
27  -3
27  -5
28  -4
25  -2
27  2
22  4
26  0
32  9
27  4
29  12
24  -3
28  -1
29  3
28  -2
32  7
27  2
28  5
29  5
29  12
27  -6
30  9
26  1
30  1
24  2
29  9
25  -1
27  4
26  7
26  1
29  7
26  8
31  -9
24  -2
30  3
31  -6
24  1
28  4
26  2
31  -5
30  1
29  4
30  11
31  -1
27  1
30  9
29  7
30  6
30  3
26  0
22  3
28  1
29  10
28  -2
26  4
25  -4
29  11
28  -2
28  1
28  1
29  7
31  -3
27  4
30  2
26  -2
25  -1
28  -2
30  4
27  -6
26  6
30  3
23  0
24  -4
32  3
26  0
25  4
28  -2
27  -1
23  -6
27  1
29  7
30  1
27  1
31  -10
32  3
29  6
