26  8
23  -5
24  0
19  1
23  -5
24  1
21  -9
27  -8
27  -6
28  4
27  -8
25  3
25  5
24  2
24  0
24  0
28  6
27  -8
25  5
27  -4
23  -2
25  3
24  0
24  3
25  4
26  6
23  -4
22  -8
27  -5
26  5
25  4
23  -4
27  -5
21  -9
22  -8
27  -8
23  -3
26  7
25  6
24  0
23  -5
25  4
28  6
28  4
24  4
22  -8
26  7
26  6
29  -5
20  -6
25  2
25  4
26  5
20  -6
26  5
26  6
25  3
26  8
24  3
26  4
26  7
24  0
24  1
25  4
21  -5
23  -3
28  5
24  3
24  4
29  -4
27  -5
22  -5
24  3
24  0
25  4
26  4
26  4
23  -6
24  4
27  -5
26  8
23  -5
24  0
23  -2
24  2
28  7
26  8
24  4
27  -4
27  -7
26  5
24  3
28  6
23  -6
21  -7
24  2
27  -5
24  3
24  0
24  0
26  8
28  5
23  -6
25  4
25  6
25  2
26  8
27  -6
27  -4
24  0
27  -6
25  2
25  3
23  -4
22  -8
24  0
26  8
27  -4
24  1
26  4
28  6
25  3
25  5
23  -5
23  -6
23  -3
24  4
23  -6
27  -8
24  2
26  6
26  6
24  0
27  -8
24  1
27  -6
28  6
23  -3
26  7
23  -6
27  -5
23  -6
26  6
27  -7
25  6
25  4
22  -5
22  -5
25  2
28  5
26  4
25  6
23  -3
23  -4
25  6
25  5
28  7
22  -5
27  -8
22  -8
25  6
25  2
26  4
26  8
25  4
26  8
26  7
23  -4
23  -3
27  -7
25  5
24  3
25  6
26  8
25  6
27  -8
25  6
25  4
25  3
29  -1
27  -8
23  -2
26  6
24  1
24  1
26  8
21  -5
25  5
23  -5
25  4
26  4
26  4
25  2
27  -8
27  -5
27  -8
25  2
26  5
22  -8
24  1
24  3
24  3
27  -6
27  -8
24  1
27  -6
23  -4
25  5
22  -9
23  -2
26  8
26  8
24  4
25  5
24  3
24  3
27  -4
19  0
22  -7
25  5
26  5
27  -6
25  2
26  8
24  3
21  -8
21  -7
25  6
29  -2
22  -7
22  -5
23  -2
26  6
28  7
23  -3
28  6
29  -2
27  -5
25  5
26  6
28  7
26  4
26  4
27  -8
23  -5
23  -5
28  6
27  -4
25  6
25  6
25  6
27  -5
26  8
27  -7
26  7
26  4
24  3
27  -4
26  8
24  2
25  5
22  -5
25  3
26  5
24  2
21  -6
23  -4
26  4
28  3
26  4
23  -2
24  1
27  -7
26  7
23  -6
24  2
24  3
21  -6
27  -8
25  4
26  7
25  4
26  7
25  6
21  -8
26  7
23  -4
27  -4
24  3
24  3
24  0
25  5
25  5
28  4
25  5
25  3
27  -8
26  5
24  3
28  7
27  -5
25  5
26  6
25  6
26  7
25  4
28  4
27  -8
26  6
25  6
27  -7
26  8
24  3
26  8
25  4
25  5
27  -7
25  4
23  -2
29  -1
27  -6
24  0
25  4
25  6
25  2
26  6
23  -2
26  6
24  0
26  8
26  6
25  3
26  6
24  4
25  6
25  5
27  -4
26  5
26  8
23  -2
23  -6
26  5
23  -2
26  6
23  -5
25  6
25  4
25  2
23  -2
25  2
25  2
26  4
27  -6
25  5
25  4
25  4
24  0
25  5
22  -7
23  -2
24  1
25  2
26  7
27  -7
26  8
24  1
26  7
26  8
23  -4
28  3
23  -3
23  -6
25  2
26  6
25  6
27  -4
27  -8
27  -4
26  7
23  -6
28  7
23  -3
25  5
29  -2
25  2
26  7
27  -6
27  -8
24  1
25  6
23  -4
26  4
24  3
25  6
28  7
24  3
26  8
29  -2
23  -6
27  -8
24  4
25  6
25  2
25  3
26  8
21  -5
27  -8
24  3
24  4
23  -4
26  6
26  6
26  6
23  -3
24  3
27  -4
28  4
26  5
21  -9
17  1
25  3
26  6
21  -7
26  7
23  -3
22  -5
25  3
25  4
25  5
27  -4
21  -7
25  6
26  7
25  4
23  -6
24  2
26  5
26  6
27  -5
28  5
28  7
26  6
25  3
29  -2
25  5
24  1
26  4
24  1
21  -8
24  2
25  4
27  -5
24  1
18  -8
27  -5
26  5
24  4
23  -2
24  0
25  5
25  3
26  5
23  -5
24  2
25  5
26  7
23  -5
25  6
26  6
28  4
25  4
23  -2
24  3
25  5
26  4
23  -4
25  3
25  5
27  -4
23  -2
24  1
23  -5
27  -4
24  3
25  4
24  1
22  -6
21  -9
26  7
26  4
27  -5
25  2
24  1
25  4
24  2
26  4
25  5
25  3
25  5
23  -4
23  -2
24  1
24  0
26  5
23  -4
27  -7
26  4
24  0
24  4
25  2
27  -7
23  -5
25  5
29  -5
25  4
26  6
19  3
25  4
23  -3
26  8
25  6
27  -4
25  6
28  7
26  7
26  8
25  5
26  6
26  5
24  4
23  -3
23  -6
24  2
25  2
28  7
27  -6
26  5
24  2
27  -6
20  -3
21  -5
23  -5
23  -6
23  -6
25  3
24  4
24  3
28  6
28  7
28  4
23  -5
28  7
28  3
27  -8
24  3
25  6
24  4
29  -4
25  4
23  -2
27  -8
25  2
24  0
26  7
26  6
25  6
25  2
22  -5
26  8
25  2
26  5
25  2
23  -2
25  2
28  5
22  -9
21  -5
29  -3
20  -4
24  1
25  3
28  7
25  6
26  8
26  5
27  -8
23  -4
22  -5
25  6
26  6
24  3
26  5
22  -5
28  6
26  6
27  -8
26  6
28  3
26  8
26  8
23  -3
26  8
26  5
24  2
24  2
26  7
24  2
26  7
26  4
25  4
26  4
26  5
25  5
23  -2
20  -5
27  -7
24  1
28  6
24  3
25  3
20  -2
28  5
24  2
26  4
26  7
24  1
24  3
26  5
26  8
24  0
25  3
27  -7
28  5
21  -6
25  6
27  -7
23  -6
24  4
29  -2
23  -5
28  7
23  -3
27  -7
24  3
26  5
23  -5
27  -5
23  -3
27  -7
25  6
25  6
26  7
23  -2
26  6
27  -4
23  -2
26  5
26  7
25  5
26  6
26  8
23  -5
25  4
25  5
25  3
25  6
27  -5
24  4
27  -4
27  -7
25  5
26  4
26  7
26  6
26  8
25  4
24  2
25  2
26  7
26  5
26  6
27  -5
25  6
25  6
27  -4
24  4
25  3
25  3
27  -4
19  1
24  3
27  -6
24  0
24  0
25  6
25  3
24  2
26  7
26  4
24  0
24  2
24  3
26  8
26  5
25  5
27  -6
23  -4
26  6
24  3
24  3
24  2
22  -7
23  -5
25  5
26  8
21  -9
24  3
27  -6
26  7
25  5
23  -3
21  -6
28  7
26  8
26  6
23  -4
27  -4
26  6
26  8
25  5
23  -6
25  6
24  0
24  4
24  4
21  -6
22  -7
26  5
26  5
25  2
23  -5
23  -4
24  4
25  4
28  3
25  4
27  -4
24  2
23  -5
26  4
23  -2
25  5
25  2
24  3
27  -4
24  3
28  3
24  4
26  5
24  3
24  3
28  5
26  7
25  3
26  5
24  3
26  5
23  -2
25  6
25  4
28  5
25  6
29  -2
21  -5
27  -5
26  6
27  -5
25  3
24  0
29  -4
24  0
27  -7
25  3
26  7
25  4
26  4
27  -8
25  2
27  -4
26  4
23  -3
26  7
20  -6
23  -3
24  4
28  5
22  -5
27  -5
25  6
23  -4
27  -7
21  -6
24  2
24  1
24  0
23  -6
29  -3
23  -6
28  3
27  -5
21  -9
24  3
25  2
28  7
23  -5
26  5
26  4
25  2
23  -4
23  -4
25  2
26  5
25  2
23  -6
24  0
25  3
27  -8
28  4
27  -4
23  -3
29  -2
27  -8
25  6
27  -8
23  -4
25  4
26  7
25  6
25  4
24  2
26  7
26  8
23  -4
21  -6
24  2
22  -6
26  4
27  -5
26  4
22  -5
26  7
23  -5
25  4
22  -9
23  -6
27  -4
25  6
26  8
20  -4
24  4
24  3
25  3
24  4
28  6
24  4
23  -3
28  7
24  1
27  -4
23  -5
21  -5
23  -4
24  2
25  6
19  0
20  -3
25  3
24  2
25  6
23  -4
24  3
26  4
27  -5
28  6
24  0
27  -6
26  8
26  8
25  4
27  -8
27  -6
25  2
21  -7
22  -9
24  3
22  -8
25  6
24  1
25  2
28  4
21  -6
23  -2
24  2
25  2
26  8
25  4
25  2
26  6
29  -2
22  -5
22  -6
22  -6
23  -6
27  -5
24  1
26  8
26  5
25  2
25  5
25  5
28  5
26  5
28  7
27  -5
26  7
24  0
26  4
25  3
25  6
25  2
24  0
25  3
26  4
25  2
27  -8
27  -6
28  3
29  -1
26  6
25  6
28  3
28  5
27  -5
27  -6
26  8
27  -6
25  2
24  0
26  7
29  -3
24  0
22  -6
23  -5
28  7
24  2
24  4
24  3
24  2
26  8
24  1
20  -5
23  -6
26  6
24  1
23  -4
24  0
21  -8
28  5
28  7
25  6
24  4
25  5
26  5
24  0
24  3
23  -2
27  -6
27  -7
26  4
26  7
25  4
24  4
25  3
22  -5
26  8
27  -4
29  -1
24  3
24  2
26  5
25  5
26  5
24  4
24  1
25  3
25  4
25  6
28  5
23  -3
26  7
