10  7
12  -3
13  -2
9  2
8  3
15  7
12  1
10  12
10  13
10  -1
15  3
14  4
11  -7
14  -7
9  2
15  8
8  1
13  7
17  10
12  -3
11  -9
10  4
12  -2
9  14
10  6
9  9
10  1
11  -13
11  -14
7  -10
13  5
12  5
13  2
17  13
13  1
10  11
14  -2
11  -8
9  10
14  6
12  -5
11  -1
16  -5
13  -1
13  -2
12  6
9  7
9  1
12  1
11  -9
12  7
14  -5
11  -4
7  -7
9  13
11  -13
9  10
9  2
12  -1
10  1
9  13
11  -2
11  -5
9  2
13  -1
11  0
10  -1
12  7
14  2
11  -1
9  8
8  -5
12  -5
10  9
11  -5
13  -1
10  5
10  0
12  6
10  2
11  -2
12  -3
15  6
10  12
12  6
8  -2
12  -2
9  5
12  -7
11  -14
13  9
7  -4
10  9
13  -2
14  3
11  -9
14  3
12  -4
11  -6
11  -14
10  0
11  -14
8  -4
13  8
12  2
12  -3
10  13
12  -2
11  -10
12  -2
12  1
10  1
10  5
13  7
12  4
12  6
13  4
6  1
11  -3
9  4
9  0
9  11
8  8
13  5
12  1
9  8
14  -2
14  -4
12  7
10  3
13  0
9  9
11  -2
13  6
10  7
13  1
10  6
13  7
14  -1
11  -10
12  -7
10  6
10  11
13  -2
8  6
7  -6
10  4
5  -8
10  1
8  -1
10  10
11  -10
14  5
7  0
12  -5
7  -4
16  1
11  -8
9  7
11  -7
14  3
12  -6
12  7
13  -1
10  7
14  3
14  6
10  9
9  8
11  -4
10  3
9  11
11  -7
14  -6
9  2
11  -8
10  5
8  2
14  5
10  12
14  -8
14  3
11  -11
12  0
11  -9
11  -14
12  -7
9  8
9  13
11  -8
9  10
10  2
13  5
11  -1
12  5
8  -5
12  -3
10  8
10  -1
9  10
10  13
13  9
9  2
13  3
10  12
13  6
12  -4
13  8
11  -8
7  -14
12  1
12  5
11  -1
11  -11
9  3
9  13
5  -11
16  -5
11  -11
7  -8
11  -4
12  3
14  -7
11  -3
9  3
13  4
9  11
9  13
8  -2
13  1
7  -11
9  2
14  -6
6  2
9  11
10  10
12  3
10  12
13  12
11  -13
15  -2
10  6
8  7
13  -1
12  5
13  -2
11  -11
8  0
14  -7
11  -6
16  -2
7  0
12  -2
13  -2
10  10
14  -6
11  -1
8  0
10  1
12  1
10  0
13  11
11  -3
13  4
6  -12
12  -5
13  5
8  0
15  -2
7  -1
13  7
11  -6
13  6
8  0
11  -5
12  3
12  2
9  10
15  0
11  -2
9  4
10  6
9  3
13  -1
10  13
7  -7
10  1
13  0
12  -6
11  -10
5  -9
13  11
8  7
12  -3
10  9
7  -4
11  0
13  8
12  2
11  -11
10  5
11  -14
8  -5
13  9
6  -2
10  11
7  -11
7  -12
7  -3
12  1
11  -9
9  3
10  4
10  0
9  9
12  -4
15  -3
13  1
10  10
13  11
12  3
11  -13
11  -8
8  5
10  8
9  12
12  -5
10  1
9  2
11  -10
10  10
9  9
11  -3
12  -6
11  -7
15  10
10  3
15  -3
12  7
8  -3
10  4
9  14
9  8
7  -10
15  2
9  0
11  -9
13  4
11  -14
13  3
12  5
11  -2
8  -4
7  -14
13  9
8  1
15  -4
10  13
13  10
8  3
11  -13
10  -1
11  -6
11  -8
12  1
13  -1
8  -4
10  4
12  3
10  5
10  1
8  2
9  9
11  -1
6  -1
13  4
11  -4
10  -1
8  8
11  0
11  -6
12  -7
15  0
13  8
11  -5
11  -2
9  7
9  7
9  4
12  -5
12  5
11  -10
14  -5
13  0
13  10
12  4
14  -8
8  -5
16  4
10  4
9  8
13  -1
9  1
11  0
12  -3
13  10
11  -1
9  6
8  9
12  -1
11  -1
12  -6
14  1
12  7
14  -1
12  -6
12  5
15  10
7  -13
14  -5
11  -3
9  5
13  12
12  5
11  -11
9  9
9  13
10  -1
16  -5
11  -14
12  -4
11  -3
12  -6
13  8
10  12
11  -11
13  1
10  4
16  1
10  11
11  -9
10  6
9  1
12  1
11  -2
14  -8
13  3
8  9
15  -2
9  13
9  4
12  1
12  1
17  14
11  -7
8  -5
13  -1
10  8
13  -1
9  1
12  -4
11  -2
12  5
13  4
9  9
11  -6
10  8
8  4
10  2
14  -6
8  7
11  -10
15  -1
13  6
11  -3
12  -4
11  -11
15  4
8  5
15  5
12  -7
8  -4
13  10
14  5
16  1
10  9
10  3
12  1
8  2
13  3
8  -2
9  2
8  3
9  0
13  10
12  -7
6  -5
12  2
12  5
16  -2
8  0
9  2
12  -4
15  2
15  0
10  4
12  6
12  3
15  8
9  14
10  12
8  5
11  -14
14  5
7  -8
9  7
11  -5
12  -2
11  -11
12  4
11  -4
13  9
12  -3
8  -1
14  -1
10  -1
9  5
10  5
14  1
14  -6
11  -3
6  -12
8  5
10  5
11  -8
11  0
11  0
9  3
13  1
8  -5
11  -12
10  0
5  -2
8  7
13  6
10  -1
10  2
10  5
8  1
12  -1
15  1
9  12
12  0
13  8
12  4
12  4
14  1
14  3
12  -6
9  3
9  10
15  6
10  10
11  -5
12  7
11  -12
10  4
12  1
7  -10
12  -1
14  -2
11  -2
7  -12
11  -3
11  -8
11  -5
13  12
10  1
13  7
11  -5
11  -14
12  3
11  -8
9  6
17  12
14  -2
12  2
9  1
10  4
11  -5
12  -4
14  5
10  9
14  5
12  -2
9  5
10  12
14  -2
11  -10
10  13
9  7
13  12
13  6
9  11
12  -6
9  5
10  7
14  4
9  11
9  9
11  -12
6  -5
10  10
7  -11
11  -8
11  -9
10  12
10  9
10  -1
9  0
13  7
12  4
12  7
12  1
11  -3
11  -11
13  7
12  7
7  -9
16  5
12  2
12  -3
13  12
11  -5
10  3
10  7
10  1
11  -4
12  3
9  12
14  4
12  -5
14  -4
14  -4
12  2
11  -6
5  -3
12  1
13  11
12  4
9  6
10  0
7  -7
11  -7
9  8
12  -4
9  3
13  10
12  1
10  2
10  2
10  1
13  3
14  -8
11  -14
8  5
13  2
8  -5
9  0
13  6
14  3
15  6
8  8
15  8
11  -9
12  1
11  -5
10  2
8  -2
11  -2
11  -10
11  -10
11  -14
11  -7
12  1
12  -6
13  8
10  3
13  -1
11  -12
9  2
10  0
11  -1
11  -13
9  12
8  4
13  4
8  5
15  -2
13  1
10  10
11  -4
11  -7
12  -7
9  8
12  0
7  -1
10  5
9  2
13  10
8  9
12  1
12  -1
12  4
10  1
12  6
12  -7
11  -13
13  2
11  -14
12  2
11  -8
12  0
10  6
16  -4
11  -10
11  -13
12  -6
14  2
12  7
14  -8
12  -4
9  4
11  -11
10  0
13  7
10  5
9  9
12  4
6  2
12  -4
14  -4
12  -1
11  0
14  6
13  0
9  11
6  -9
12  -2
9  6
13  4
12  7
10  1
10  13
12  0
12  -2
11  -2
10  6
11  -10
11  -11
11  -10
10  10
10  0
10  5
11  -4
10  10
13  8
12  2
13  3
12  -3
13  11
14  -2
12  1
12  -7
8  7
8  0
8  7
7  -7
14  -7
12  1
12  -1
13  0
10  10
9  5
9  10
15  4
12  -5
6  -6
9  9
12  3
8  6
13  3
13  4
10  -1
9  6
16  1
9  1
11  -11
12  -5
10  10
11  -2
11  -2
15  0
13  2
13  2
8  0
15  2
9  11
8  3
10  6
13  3
13  12
13  7
11  -10
11  -10
10  2
7  -12
15  2
12  6
9  2
10  0
12  6
11  0
10  7
11  -5
10  11
12  -2
4  3
11  -8
12  -2
14  5
11  -8
13  5
9  10
8  -2
8  -4
7  -9
9  10
9  10
10  1
11  -2
9  8
14  -6
12  5
8  1
9  0
11  0
12  5
9  2
10  8
10  4
11  -9
11  -3
11  0
11  -14
11  -1
12  -5
10  1
10  2
15  3
13  7
11  -7
11  -8
7  -9
8  3
5  -6
11  -3
12  -1
10  2
13  4
7  -11
12  3
12  6
16  -2
10  10
12  4
12  6
11  -10
11  -7
11  -5
13  10
14  6
12  -3
10  2
12  4
11  -2
13  4
10  12
11  -8
14  -2
13  4
11  0
12  -3
10  4
8  -1
9  12
11  -2
9  9
11  -1
10  4
15  9
9  7
10  1
12  1
13  4
15  2
9  6
10  5
12  -6
10  -1
13  9
8  1
8  1
15  0
10  8
8  7
12  -6
10  13
7  -9
14  -6
13  5
7  -6
14  6
12  0
13  5
9  10
13  1
9  4
10  5
10  0
13  6
14  3
11  -12
11  0
10  6
10  -1
11  -13
7  -8
12  6
12  7
14  -7
10  3
10  0
14  3
13  9
8  1
10  12
13  6
11  0
14  4
8  -4
7  -13
6  -7
14  -7
14  -7
12  4
11  -1
11  -6
10  1
9  7
8  3
11  -1
8  0
8  7
11  -14
12  5
11  -14
13  3
11  -4
8  -2
10  -1
12  6
10  1
11  -2
11  -3
12  1
12  1
13  1
11  -11
12  -4
10  -1
12  5
11  -4
12  0
12  1
12  -7
8  -2
7  -1
15  -3
9  3
9  11
12  7
11  -5
8  6
6  -2
8  8
8  4
11  -14
8  2
7  -5
