28  -9
26  5
26  0
30  -5
30  -6
28  -9
29  -4
29  -8
29  -3
27  4
29  -7
29  -3
27  -1
27  2
26  1
28  -6
28  -8
28  -3
28  -6
29  -4
30  0
28  -6
26  2
28  -7
26  2
31  2
27  2
30  -2
30  -6
29  -6
27  -1
28  -6
29  -8
29  -4
31  5
29  -8
27  5
28  -7
31  2
31  2
27  5
24  3
30  -4
30  -5
26  -1
27  4
29  -8
22  -1
30  -2
30  -3
30  -6
27  4
29  -4
29  -7
29  -7
26  3
26  3
28  -8
27  1
30  -3
27  3
29  -7
29  -6
30  -5
29  -8
29  -4
29  -9
29  -5
26  5
28  -6
27  0
30  -1
29  -4
27  -1
29  -5
27  2
27  0
27  3
28  -9
30  0
30  -1
29  -5
26  5
29  -5
29  -3
25  1
29  -3
27  4
30  -4
28  -9
29  -4
27  3
30  -3
27  0
25  5
29  -8
30  -1
30  -6
25  4
27  -1
28  -3
28  -4
26  2
25  4
30  -1
26  3
27  5
27  3
27  5
30  -5
28  -4
30  -2
26  -1
30  -1
29  -5
30  -2
27  0
27  0
29  -3
27  0
27  2
25  3
28  -9
29  -5
29  -3
26  5
29  -3
26  -1
28  -7
29  -4
29  -6
27  0
29  -9
27  4
28  -6
28  -7
27  2
28  -3
26  5
29  -4
29  -7
29  -7
26  4
28  -9
29  -7
25  4
25  3
28  -5
26  0
25  1
29  -5
29  -4
28  -4
27  -1
23  6
27  -1
28  -9
28  -6
28  -6
26  2
26  3
26  0
28  -3
30  -5
27  4
27  0
29  -8
28  -3
23  2
26  -1
29  -9
29  -4
28  -4
28  -6
29  -8
26  3
25  2
28  -7
27  -1
25  4
29  -4
27  2
28  -3
29  -9
30  0
29  -6
29  -6
26  2
29  -8
28  -9
28  -3
29  -4
28  -4
28  -4
28  -3
29  -9
29  -8
31  4
29  -5
30  -2
28  -7
28  -4
29  -3
29  -3
29  -7
29  -3
27  2
28  -7
27  -1
25  4
29  -9
29  -3
29  -3
31  8
29  -4
28  -9
28  -3
30  -6
29  -7
31  8
26  3
29  -9
28  -4
30  -5
25  3
23  4
28  -8
26  5
25  1
27  2
28  -5
29  -3
29  -5
28  -7
27  3
27  4
30  -5
25  1
26  5
29  -6
29  -5
25  1
29  -3
27  1
26  2
28  -3
24  8
26  1
27  3
29  -3
26  2
28  -6
26  4
30  -1
29  -9
24  8
26  5
29  -3
29  -7
30  -6
26  2
28  -5
30  -4
28  -5
27  5
30  -5
26  5
27  1
30  -1
26  4
26  1
24  7
28  -4
29  -4
25  -1
24  3
30  0
26  0
29  -7
29  -4
30  -2
28  -3
27  3
31  6
31  7
27  1
28  -5
29  -7
26  2
28  -6
28  -3
27  3
29  -7
27  3
29  -4
31  6
28  -3
25  2
31  2
30  -5
27  4
24  7
26  2
25  1
28  -6
25  0
25  5
29  -3
27  0
31  3
31  2
30  -1
24  4
27  1
29  -8
28  -9
28  -6
28  -5
30  -6
29  -8
28  -5
29  -3
26  0
29  -4
29  -6
30  -6
28  -3
28  -4
31  5
29  -7
27  0
28  -6
28  -3
28  -7
26  -1
27  2
29  -9
27  1
27  1
28  -6
27  2
26  5
25  3
30  -6
27  5
30  -5
27  0
28  -5
25  1
29  -4
25  3
30  -2
27  0
28  -4
28  -4
27  1
22  -1
26  1
29  -5
28  -3
28  -3
29  -3
25  4
26  2
25  4
28  -4
29  -4
31  4
24  6
31  3
26  1
26  4
29  -3
26  -1
26  1
25  -1
28  -9
27  3
27  5
30  -1
31  8
27  5
29  -9
30  -2
29  -3
25  3
27  3
30  -1
28  -5
29  -4
29  -9
29  -7
26  0
25  2
28  -6
30  0
29  -4
29  -3
27  1
26  1
28  -4
30  -5
25  0
28  -7
29  -3
29  -7
28  -6
28  -6
30  -4
28  -3
27  0
31  6
22  -3
29  -8
26  3
29  -8
30  -3
28  -5
27  4
26  2
25  4
27  3
27  0
27  5
24  8
28  -4
29  -5
23  3
26  5
27  3
29  -4
31  5
30  -2
25  4
24  3
29  -6
27  1
28  -3
27  4
28  -7
30  -3
29  -9
28  -8
29  -5
31  8
22  -1
24  5
28  -5
29  -5
28  -3
30  -5
30  -3
25  3
30  -5
23  6
29  -4
26  2
26  4
25  5
31  4
30  -4
27  1
25  2
26  1
29  -4
28  -9
29  -8
26  -1
28  -5
26  0
29  -4
29  -9
28  -3
26  5
27  4
29  -5
22  -1
29  -6
30  -2
29  -3
31  5
29  -6
27  2
28  -5
29  -8
27  3
30  -6
28  -5
28  -4
31  5
28  -9
25  3
28  -3
30  -6
29  -6
28  -6
24  3
26  0
27  5
27  5
26  4
28  -9
29  -7
28  -3
26  3
27  2
29  -5
26  4
28  -5
30  -5
29  -4
27  2
27  1
26  -1
29  -9
29  -5
25  0
26  1
27  -1
26  3
27  4
29  -9
26  3
29  -5
29  -9
28  -8
24  3
29  -7
27  3
26  -1
27  1
27  2
26  5
27  -1
26  -1
29  -5
29  -9
26  -1
29  -4
28  -5
29  -3
29  -9
26  4
27  2
25  1
28  -3
30  -4
26  3
29  -7
27  0
26  1
28  -9
29  -8
30  -3
25  1
28  -8
31  6
29  -7
28  -7
23  3
30  0
26  3
29  -8
26  1
30  -3
27  -1
30  -3
28  -9
28  -5
29  -8
29  -4
28  -4
25  2
29  -5
30  -4
29  -5
29  -7
27  5
27  1
26  1
27  5
28  -4
27  0
27  3
25  4
31  4
29  -8
28  -6
26  3
28  -4
26  -1
28  -7
26  -1
27  4
27  5
26  1
31  2
26  0
29  -9
29  -6
27  -1
29  -7
28  -9
25  2
27  0
26  4
25  0
28  -9
27  2
29  -5
27  5
26  3
28  -6
30  -5
28  -5
28  -8
29  -3
25  1
29  -5
29  -9
25  2
27  4
28  -8
29  -7
29  -6
27  5
27  5
28  -3
29  -3
27  4
28  -3
27  1
23  2
28  -9
30  -4
27  4
29  -5
27  4
29  -9
27  1
28  -9
27  2
26  1
28  -9
28  -9
28  -5
30  -1
26  1
28  -3
29  -4
28  -6
27  2
29  -6
27  0
29  -6
26  4
23  2
29  -8
27  0
27  3
31  3
28  -7
30  -1
29  -4
26  -1
28  -3
27  -1
25  2
26  2
28  -4
29  -9
27  0
26  -1
27  2
25  2
25  4
30  -3
28  -8
28  -4
27  2
30  -3
26  2
25  0
25  2
29  -8
29  -8
27  3
29  -3
30  -4
29  -6
28  -4
25  2
26  -1
28  -6
29  -6
31  8
27  0
27  5
26  4
26  1
28  -9
30  -2
24  3
30  -2
27  2
29  -7
28  -4
27  4
27  1
25  1
29  -4
28  -5
27  5
28  -8
27  -1
29  -8
29  -6
30  0
29  -9
29  -9
26  -1
27  5
29  -3
30  -4
26  4
27  3
28  -9
29  -3
29  -7
26  1
31  8
29  -6
28  -8
25  -1
30  -6
28  -8
30  -4
28  -8
27  1
25  2
27  0
28  -6
25  1
28  -7
26  5
28  -5
28  -8
27  2
28  -8
23  5
26  5
28  -7
28  -3
30  0
30  -3
27  4
27  -1
28  -8
29  -4
28  -9
27  -1
28  -3
28  -6
29  -3
29  -5
26  -1
28  -7
29  -9
29  -5
25  0
30  -6
30  -4
28  -5
30  -5
29  -6
27  1
29  -9
25  1
27  4
27  0
25  1
29  -4
29  -7
28  -5
28  -6
28  -9
28  -5
27  0
28  -8
27  5
28  -6
27  1
28  -6
31  4
27  2
30  0
27  4
26  3
29  -7
25  5
28  -3
29  -9
29  -8
26  5
28  -8
25  3
28  -9
29  -8
28  -4
27  0
27  1
29  -8
29  -7
28  -4
31  4
29  -7
29  -5
22  -2
29  -4
26  1
29  -3
24  8
27  1
30  0
27  -1
27  0
26  3
28  -4
30  -5
28  -5
28  -5
27  4
27  0
30  -5
30  -3
28  -5
29  -8
28  -9
28  -7
27  0
29  -9
27  -1
29  -5
26  2
24  8
28  -7
30  -3
26  4
30  -1
26  0
30  -1
30  -5
25  1
28  -5
30  -6
27  5
31  3
27  2
27  4
30  0
30  -2
25  3
28  -3
25  4
28  -9
27  1
27  2
27  0
28  -3
27  1
26  5
28  -9
26  4
29  -5
27  0
30  0
28  -7
25  2
29  -9
29  -5
29  -6
28  -4
26  3
30  -4
26  3
24  4
27  0
27  4
26  1
30  -3
27  5
24  3
27  -1
27  1
29  -4
28  -9
30  0
27  2
28  -8
29  -8
29  -6
27  0
28  -4
29  -8
27  1
27  -1
29  -7
26  -1
24  9
27  4
30  -2
30  -1
27  2
28  -3
28  -6
30  0
29  -6
30  -3
27  5
30  0
28  -6
28  -5
26  5
27  4
27  3
28  -5
30  -1
27  3
25  1
27  4
30  -5
27  5
28  -8
28  -4
27  5
29  -3
29  -3
27  1
25  2
27  3
31  3
30  -4
28  -7
26  1
28  -4
28  -7
27  -1
29  -8
29  -9
28  -3
27  5
29  -8
29  -8
26  3
28  -8
26  4
28  -9
29  -5
30  -1
27  5
29  -7
31  3
30  -4
25  2
28  -9
28  -5
29  -8
26  5
20  4
27  1
28  -5
30  0
26  5
25  1
29  -6
25  -1
28  -7
26  4
28  -8
27  -1
27  -1
29  -5
27  0
28  -9
27  4
29  -6
28  -7
27  5
29  -3
28  -8
26  5
26  0
29  -4
28  -4
29  -9
29  -8
28  -3
27  -1
29  -7
26  -1
