10  0
13  -5
12  -2
21  4
15  7
17  1
11  -5
20  -6
12  -2
17  -2
13  -7
12  -4
16  0
17  -4
12  -4
14  -4
10  3
17  -1
11  -4
15  1
13  -5
11  -6
22  4
13  -10
12  -1
13  -4
16  3
15  5
19  -5
18  -5
17  0
17  -3
12  -2
18  -4
15  1
19  -1
21  3
12  -4
16  0
12  -5
13  -9
12  -5
17  -1
15  2
17  -1
14  -8
13  -5
12  -1
6  -2
16  4
11  -5
12  0
16  1
15  1
13  -7
22  8
16  6
12  -2
17  -4
10  2
15  4
15  3
10  -1
14  -4
14  -8
14  -6
15  5
13  -7
15  5
12  -3
14  -7
10  2
14  -8
17  -4
19  -2
16  4
17  -1
11  -2
13  -8
18  -5
14  -5
19  -4
18  -5
16  3
15  2
21  5
13  -10
18  0
14  -5
19  -4
14  -8
16  4
11  -3
21  2
22  7
15  1
14  -3
16  3
17  -2
12  -5
15  6
16  2
21  4
17  -3
16  0
10  -2
13  -10
18  -1
18  -3
13  -4
13  -5
14  -3
14  -3
18  -5
15  7
20  -7
13  -4
12  -1
14  -7
17  -1
13  -10
15  4
15  1
12  -3
16  0
13  -7
12  -5
12  -1
16  6
14  -6
13  -4
16  2
14  -4
15  5
20  -3
17  -1
17  0
14  -9
10  3
15  7
15  6
14  -8
13  -6
11  -1
15  1
14  -8
10  -2
13  -7
15  4
18  0
17  -3
10  -3
12  -1
11  -6
12  -1
17  0
17  -2
15  1
9  -2
20  -3
20  -6
20  -5
26  7
13  -10
11  0
16  2
6  -8
13  -10
14  -9
13  -9
13  -4
16  1
14  -4
14  -3
9  1
14  -6
21  5
16  0
15  6
16  4
17  -4
18  -4
11  -4
13  -10
17  -3
13  -9
14  -4
14  -3
16  1
8  -4
18  -4
16  5
16  5
16  3
12  1
15  6
9  2
14  -4
8  0
16  4
14  -4
11  0
12  0
14  -4
16  4
14  -3
14  -7
15  5
14  -9
16  1
18  -2
16  6
15  3
12  -1
18  -2
15  6
12  -1
15  2
22  7
13  -6
15  2
22  5
14  -6
14  -3
14  -8
21  4
15  2
14  -7
13  -10
18  -5
13  -4
12  1
18  0
18  -3
18  -4
15  1
9  4
9  1
16  0
14  -8
14  -4
20  -4
20  -4
11  -4
19  -4
18  -6
20  -2
17  -3
14  -8
15  4
13  -4
15  3
16  6
16  6
22  6
11  -6
13  -7
20  -6
9  1
20  -5
18  -6
15  5
14  -5
16  0
13  -10
17  -3
16  0
16  5
16  4
12  -1
9  -1
19  -1
10  0
16  1
13  -6
9  1
17  -3
16  5
17  0
19  -3
12  -4
14  -7
14  -3
18  -6
18  -1
13  -8
12  0
9  0
11  -4
18  -3
15  3
17  -4
12  1
14  -8
14  -7
17  2
15  3
16  4
14  -4
16  5
17  -4
20  -7
17  -4
16  5
15  4
17  -1
9  1
11  -5
10  1
13  -9
12  0
17  2
15  2
16  2
13  -7
12  1
18  -6
14  -4
10  -3
17  -4
15  1
19  -4
15  5
19  -6
13  -8
12  -5
15  4
13  -7
13  -5
15  5
12  -5
14  -7
13  -5
16  2
15  1
15  6
13  -9
11  -4
13  -4
15  5
10  1
21  6
16  3
17  2
11  -1
14  -3
18  -1
19  -6
16  6
13  -5
11  -6
19  -2
12  0
20  -4
20  -6
13  -5
9  -2
14  -5
16  6
15  7
16  5
12  -4
11  -3
16  6
16  0
16  5
14  -7
12  1
14  -4
11  -1
16  1
12  -2
13  -6
15  6
14  -6
20  -4
19  -1
20  -1
11  -4
13  -7
12  -1
11  -3
21  6
13  -5
12  -5
12  -5
10  1
15  7
15  3
14  -8
15  5
18  -6
17  -1
11  -3
14  -4
16  0
21  2
15  4
18  -1
17  -1
17  -3
18  -1
15  7
14  -4
14  -4
14  -7
18  -2
9  2
11  0
18  -3
16  6
16  3
12  -1
18  -3
14  -8
14  -8
19  -5
13  -6
18  -4
17  1
20  -5
15  5
15  2
13  -9
18  -5
13  -7
15  3
10  2
16  1
17  -1
14  -6
16  6
17  -3
19  -4
14  -8
12  0
12  0
11  -3
20  -5
15  2
16  6
13  -9
16  3
12  -1
12  -4
12  -1
15  5
20  -7
16  1
14  -5
16  5
13  -9
11  -5
17  -3
10  0
12  -3
21  3
15  4
14  -9
15  6
18  0
10  1
11  -6
18  -5
15  5
16  4
16  3
13  -5
23  7
18  -1
17  -1
15  5
17  0
11  -3
16  4
14  -7
14  -3
16  6
18  -3
16  6
12  -4
16  5
18  -3
15  7
19  -2
17  2
15  6
20  -7
16  1
18  -1
17  0
14  -3
16  5
14  -6
20  -4
16  1
15  3
15  3
13  -10
18  -1
15  7
16  3
12  1
16  1
17  -1
14  -6
14  -4
13  -6
15  6
22  4
10  -3
11  -1
16  2
10  0
13  -8
22  6
17  1
16  6
15  1
19  -6
17  -2
11  -2
18  -1
18  -1
14  -9
15  3
14  -8
18  -1
14  -7
18  0
13  -8
14  -9
12  -3
17  0
16  1
17  -3
16  4
17  2
17  1
14  -3
17  2
16  0
15  3
19  -4
13  -10
18  -4
22  7
17  -2
18  -1
10  0
16  3
15  7
19  -7
13  -7
17  2
12  -1
15  1
15  3
15  4
13  -7
16  5
23  10
19  -4
14  -7
15  6
11  -5
16  0
15  2
16  2
15  3
12  -5
20  -2
14  -4
12  -2
12  -5
13  -8
10  -3
19  -7
15  7
12  1
12  -4
9  3
19  -1
19  -6
22  9
13  -7
13  -5
20  -6
12  -2
15  4
14  -9
14  -4
13  -8
18  -4
17  2
13  -5
15  5
13  -4
19  -1
23  9
13  -9
13  -8
13  -4
18  -3
15  1
18  -4
20  -3
18  -2
16  1
16  4
13  -5
14  -4
18  -3
16  3
12  -2
16  0
14  -3
14  -8
12  0
16  1
13  -7
14  -7
15  7
17  -4
19  -5
17  -3
10  2
22  6
21  5
14  -6
13  -7
19  -7
12  -2
19  -7
19  -2
14  -8
10  -2
10  1
16  6
15  5
14  -3
16  4
13  -4
10  2
14  -7
15  7
11  -2
10  -1
16  3
16  2
17  0
11  -4
22  3
19  -4
17  -3
13  -5
17  -4
19  -4
16  5
11  -6
14  -5
15  3
16  0
18  -4
17  2
14  -9
14  -3
12  -1
19  -7
17  2
13  -8
22  3
18  -1
17  -1
9  0
17  -3
21  4
9  0
15  7
15  5
13  -8
15  6
13  -4
16  1
13  -8
15  5
13  -10
21  2
18  -5
12  -1
21  3
12  -4
15  2
11  -4
18  -4
16  1
17  -1
13  -9
16  3
11  -2
17  0
16  1
13  -5
11  -3
18  -1
19  -1
19  -1
18  -6
14  -4
13  -6
14  -6
19  -1
16  0
17  2
15  1
13  -10
13  -4
18  -3
11  -6
15  1
14  -7
20  -1
16  1
11  -6
17  -3
17  -4
16  0
16  6
18  -3
17  -2
13  -6
13  -4
12  -1
13  -8
18  -5
12  -5
15  6
14  -5
14  -8
14  -5
15  7
16  2
12  -3
18  -4
13  -5
16  3
14  -8
17  2
17  0
11  0
8  1
20  -2
21  2
16  1
19  -4
16  5
11  -2
11  -1
16  5
18  -5
11  -5
14  -9
14  -3
17  1
11  0
10  2
13  -5
16  3
19  -5
14  -3
15  6
20  -4
12  -1
17  2
15  1
15  2
15  3
16  2
15  1
19  -7
13  -10
15  4
11  -4
12  -5
13  -10
10  -2
12  -1
13  -6
8  0
15  7
18  -2
14  -9
19  -1
13  -9
17  0
16  2
17  -4
8  -2
12  1
20  -5
18  -2
18  -5
21  4
15  6
17  0
12  -5
17  -4
18  -2
15  2
14  -7
23  6
16  6
17  -1
12  -4
14  -5
16  6
15  1
12  -2
18  -6
14  -7
16  6
13  -6
15  4
17  0
14  -4
16  5
16  5
15  7
16  1
18  0
10  -3
15  4
19  -2
17  -3
14  -7
13  -10
16  4
11  -2
12  -2
13  -6
17  -2
16  3
17  -2
15  2
10  -2
12  -2
16  1
17  -2
16  6
20  -6
13  -5
14  -3
18  -1
15  6
11  -1
19  -7
15  3
13  -6
18  -4
12  -4
17  2
19  -4
16  4
14  -3
18  -5
15  6
17  2
20  -3
11  -1
12  -4
16  1
12  -1
15  2
16  0
15  7
11  0
14  -3
17  -1
15  1
16  0
17  -1
11  -4
20  -1
10  0
19  -7
15  1
17  -2
19  -7
14  -4
15  3
15  2
13  -8
19  -7
16  0
13  -10
18  -2
18  -6
10  1
19  -4
8  1
13  -8
10  -1
20  -7
18  -3
19  -5
19  -3
13  -9
15  2
13  -8
13  -9
14  -8
17  -3
17  1
13  -10
15  2
15  5
14  -8
18  0
15  7
16  5
13  -8
18  -2
17  -2
17  -1
13  -6
23  9
15  1
10  -1
10  -2
19  -6
20  -5
12  -2
18  -6
14  -7
17  2
17  -4
22  8
21  8
14  -3
18  -6
14  -4
16  2
16  5
14  -4
12  -4
15  7
22  7
16  0
16  3
18  -3
13  -9
10  2
9  4
16  4
11  -4
13  -7
11  0
16  6
15  2
13  -4
16  1
12  1
15  6
13  -5
15  6
19  -7
16  4
16  4
18  0
10  0
18  -4
14  -8
12  -3
16  4
16  2
13  -7
17  2
14  -6
22  8
21  7
11  -1
16  4
19  -4
19  -1
18  -2
8  1
16  3
19  -5
13  -8
20  -6
11  -6
20  -1
15  6
12  -5
15  1
19  -6
16  0
17  0
17  -1
12  -1
