15  -9
12  7
10  -5
14  5
14  2
7  -6
12  2
8  -8
13  1
10  -8
9  7
15  0
10  -8
14  -1
13  3
11  -7
12  0
10  -7
11  0
11  -6
14  4
12  -2
12  2
12  0
9  5
12  3
11  3
14  -3
15  -9
16  5
12  -1
11  -4
13  1
6  3
14  5
7  0
15  -8
10  -12
19  -9
14  3
19  -2
12  7
8  -3
13  -1
18  -5
8  -7
9  5
12  -3
14  5
13  -1
12  0
11  2
14  0
9  8
10  -2
11  2
13  5
16  5
12  0
14  -4
11  -2
12  -1
8  -2
12  -1
8  -6
13  -3
8  -10
13  2
7  0
9  2
13  4
12  5
16  4
12  6
5  1
16  3
14  -3
8  -9
10  -4
11  1
12  3
11  -1
14  4
12  2
14  1
13  3
12  -1
8  -2
13  4
13  3
14  0
13  3
15  -10
15  -10
10  -8
14  -3
15  -2
9  5
16  -1
8  -10
13  -4
8  -9
12  4
14  3
12  7
13  5
13  2
9  9
14  -2
11  1
9  2
15  -7
14  1
9  8
10  -8
13  5
7  -4
10  -2
16  9
13  -4
8  -11
10  -2
6  0
15  -7
14  0
7  0
10  -2
11  -6
12  4
12  3
11  0
14  -4
12  2
11  -2
13  -2
11  -4
11  1
13  4
9  3
13  4
12  6
16  1
12  3
14  4
10  -12
14  5
10  -4
12  2
13  6
12  -3
11  -4
12  2
12  2
15  -2
10  -7
7  -1
13  4
11  2
11  -4
16  6
12  0
9  6
13  6
15  -9
14  3
13  3
14  -3
9  4
13  -2
15  -4
6  -4
11  -4
13  -4
13  -2
13  -4
11  -7
8  -4
11  -5
10  -3
10  -2
12  -2
13  2
13  6
5  1
15  -7
16  -1
12  3
12  5
11  -5
15  -5
10  -10
17  -2
8  -5
12  3
15  -7
9  9
16  -1
15  -3
10  -7
14  4
10  -2
11  -7
10  -9
7  -6
16  3
13  4
14  -2
13  5
10  -2
8  -4
14  0
9  9
15  -5
8  -8
11  -3
14  -2
9  -1
9  3
12  6
13  5
15  0
14  4
13  -4
11  -5
11  2
13  2
15  -1
13  -2
9  -1
14  -3
13  -1
12  3
11  0
10  -7
10  -10
11  1
11  3
7  -7
16  4
6  1
8  -7
13  -3
9  6
12  3
12  -3
11  -5
18  -5
13  3
14  5
16  8
12  3
16  1
13  0
12  1
10  -6
11  -1
11  -1
13  -2
5  1
13  5
15  0
12  0
11  -1
9  1
11  -7
11  -1
15  -1
11  3
8  -8
12  2
12  6
10  -5
14  4
14  1
13  6
14  5
16  0
8  -5
17  4
14  0
14  6
8  -9
15  -6
12  5
14  2
15  -8
14  6
13  5
15  -1
11  -5
13  -3
13  6
9  0
15  -1
11  -5
16  6
11  -6
15  -8
10  -11
13  0
14  -4
13  6
11  -1
7  -6
13  5
11  1
17  0
10  -6
15  -5
12  2
10  -3
15  -9
14  4
10  -9
12  0
14  5
9  4
9  7
12  -1
9  9
9  7
7  -2
11  -7
9  2
13  -2
13  5
9  0
8  -9
12  1
12  3
12  6
12  -1
9  9
11  2
14  2
12  -2
11  2
12  4
10  -12
8  -9
16  2
16  2
12  1
16  1
11  3
9  1
7  -2
13  3
12  3
10  -7
15  -9
12  2
9  -1
11  -1
9  4
15  -8
11  -5
9  6
11  -2
10  -10
15  -6
10  -3
18  -9
14  6
10  -8
9  -1
14  -2
14  5
15  -7
11  0
10  -5
15  -1
13  -1
9  0
10  -10
14  -4
10  -11
8  -10
13  3
15  -1
10  -5
12  6
14  -4
14  -2
15  -9
7  -1
12  3
12  6
11  -7
12  2
14  -1
13  -4
9  0
13  2
12  7
16  5
13  6
11  -5
13  -4
15  -3
12  3
9  0
15  -9
11  -4
10  -6
11  2
14  1
14  4
12  0
15  -9
10  -6
12  0
12  5
14  5
10  -12
18  0
13  3
9  4
9  7
14  4
11  3
8  -3
11  -3
13  2
10  -4
11  3
10  -9
10  -5
15  -10
10  -2
9  -1
10  -7
11  3
9  7
13  -4
10  -4
12  5
16  8
11  -4
14  3
4  6
15  -3
10  -2
15  -3
13  2
15  -9
12  -2
12  5
12  4
13  4
10  -2
11  -5
16  4
15  -3
14  3
11  -7
17  2
14  2
11  -4
11  -7
14  6
8  -8
9  5
11  -2
12  7
10  -3
14  6
12  4
12  6
10  -12
10  -11
14  6
13  4
11  -7
10  -8
12  -2
14  4
9  6
10  -7
11  -5
12  3
8  -10
10  -10
12  6
12  7
6  -2
14  -4
11  3
13  -1
10  -5
15  -9
11  1
16  7
13  4
9  7
12  2
10  -5
12  3
15  -1
15  -1
9  1
11  -1
13  4
7  1
14  -1
12  3
14  6
10  -7
10  -2
14  4
13  5
13  2
8  -10
14  1
15  0
10  -8
8  -9
13  4
15  -1
12  7
11  -5
12  4
11  -4
12  5
9  8
15  -9
11  -7
15  -9
13  0
8  -8
17  -1
9  0
13  0
16  7
8  -10
13  6
12  4
15  -3
12  -1
9  5
15  -3
11  -4
12  -3
18  -1
7  -2
8  -8
14  -4
12  2
11  2
11  0
8  -2
13  3
12  0
12  1
10  -4
12  3
11  0
19  -2
12  2
7  -1
12  4
14  0
15  -7
12  1
13  0
11  -3
6  2
11  2
9  9
13  -2
12  -3
11  3
14  1
17  -2
16  9
14  1
9  0
12  2
10  -10
15  -10
12  5
13  6
14  -1
11  -5
12  6
8  -11
13  -1
12  4
14  2
12  -2
16  1
14  -1
14  6
10  -2
9  3
6  2
14  -3
11  1
14  -1
14  4
11  -6
13  5
13  0
10  -6
12  4
15  -6
12  3
11  1
11  -4
11  -4
12  0
17  7
7  -1
11  -1
9  7
11  2
13  1
14  3
16  9
13  6
13  6
9  6
11  -7
10  -11
10  -7
14  5
10  -5
11  -3
9  4
10  -12
10  -4
13  4
11  0
10  -12
8  -7
14  2
16  7
11  -6
11  -6
13  3
9  1
6  5
14  3
11  -6
10  -10
14  1
8  -2
13  1
15  -7
14  6
9  -1
9  0
10  -8
9  2
12  4
15  0
12  3
9  7
14  4
14  6
11  2
10  -8
14  -4
12  -3
10  -12
12  0
14  0
12  4
12  2
9  9
14  -2
12  3
14  5
13  2
13  -2
14  1
13  -4
15  -1
9  9
15  -1
17  6
13  3
11  3
13  -4
14  -4
12  -3
12  -1
13  -2
10  -6
10  -6
12  4
15  -5
15  -9
13  -3
17  -3
11  -1
10  -4
12  1
15  -7
12  3
9  0
15  -5
12  1
9  8
15  -6
9  9
14  -4
9  4
16  0
11  -2
12  6
13  3
17  5
12  4
13  -2
12  -2
14  6
12  5
15  -1
7  -7
8  -8
15  -7
12  1
4  10
11  -1
14  5
13  2
9  1
11  0
14  2
14  -3
12  0
11  3
11  0
14  3
8  -2
11  -3
9  2
14  5
11  -6
15  -3
11  3
13  -2
11  -2
12  -2
14  1
15  -4
12  3
14  3
9  4
14  3
10  -4
13  0
5  7
16  8
12  7
13  1
17  4
14  4
12  -2
12  -1
9  1
7  -5
14  1
10  -9
13  0
15  -4
16  1
9  -1
15  -7
9  5
13  4
11  -3
9  3
12  6
14  -4
12  5
14  4
13  -3
9  9
15  -9
11  3
13  -1
13  3
11  -6
8  -8
13  0
14  0
10  -7
15  -6
11  -3
10  -10
12  3
17  -1
10  -9
8  -9
8  -8
11  -1
10  -12
10  -9
5  2
12  -2
13  1
12  0
11  2
9  0
9  9
11  -5
13  1
16  -1
13  1
17  -2
8  -6
11  2
13  -4
10  -11
12  -2
17  0
14  2
14  3
15  -7
13  2
12  7
12  6
12  -3
12  4
11  2
12  3
14  -1
12  2
14  3
9  8
16  -1
9  2
10  -11
12  -3
14  -1
14  0
10  -10
17  0
11  -2
10  -12
14  0
18  -3
13  0
15  -2
17  -2
10  -11
14  5
10  -7
15  -10
16  0
10  -4
13  4
14  0
17  2
12  0
9  6
8  -9
9  4
10  -5
13  0
8  -7
6  -3
12  -3
12  6
19  -5
15  -3
9  -1
9  2
13  -2
12  7
14  5
15  -5
8  -10
11  -5
10  -12
15  -8
13  -2
12  -1
14  -2
11  -5
14  0
13  6
10  -4
13  -3
9  5
13  -2
14  1
19  -6
15  -3
14  -1
14  2
13  3
8  -9
17  5
11  -1
14  3
7  -2
8  -10
11  -3
14  5
12  1
9  4
14  6
11  -1
13  0
17  5
10  -11
12  -1
7  0
14  -1
16  9
9  5
11  -2
14  -1
11  -5
9  2
8  -7
16  2
14  6
8  -4
12  -2
12  2
12  -3
13  2
9  9
11  1
15  -10
16  6
16  9
10  -8
13  1
13  4
15  -7
13  -4
9  3
10  -3
10  -4
16  4
12  3
8  -7
12  2
11  -3
14  -4
12  3
14  -1
10  -12
11  -7
7  -5
13  1
11  3
16  4
11  3
14  2
6  -4
9  0
17  6
9  8
12  5
14  1
12  3
8  -10
10  -12
9  5
13  -1
15  -10
12  -2
12  -2
12  -1
15  -1
10  -11
11  2
6  -2
13  0
10  -4
11  -5
13  0
13  -2
13  4
12  1
14  6
16  1
14  -2
18  -1
11  2
14  6
10  -2
14  3
11  -5
12  0
11  0
15  0
10  -8
12  -3
7  1
14  -1
10  -7
8  -1
13  -1
