20  -1
23  2
17  7
16  3
18  -1
20  2
20  -9
18  3
20  -8
14  4
16  10
20  2
16  7
17  0
22  -1
20  -9
18  -5
16  4
16  8
22  7
21  6
19  1
20  -5
21  1
20  -6
20  -1
14  10
18  -5
15  3
22  6
17  9
17  -1
20  -5
16  0
16  11
20  -2
17  10
20  -8
16  10
27  6
14  5
19  7
19  8
22  1
18  2
22  7
21  8
22  -2
18  5
23  -3
14  11
24  -4
18  -1
14  4
21  -1
17  5
23  -3
20  -1
17  2
19  1
14  6
21  -2
21  5
16  7
20  -7
14  7
16  8
16  10
18  4
17  1
18  6
14  1
16  7
19  -2
19  1
18  -4
19  -2
16  9
24  -4
23  -6
22  5
18  -1
16  11
16  2
19  -2
15  2
15  12
21  1
26  4
17  6
18  -1
12  6
21  -2
17  10
19  3
22  5
12  -4
20  0
25  -9
17  6
21  8
19  -4
16  1
21  5
16  5
18  1
21  4
17  8
20  -2
17  -2
15  13
16  3
17  3
14  3
17  9
16  -1
24  -3
19  -2
18  3
23  4
19  4
14  11
19  7
21  4
20  -6
20  -1
18  -4
21  4
17  7
20  -5
19  0
16  1
15  11
16  3
22  -1
17  2
15  2
21  7
18  5
19  -2
15  3
15  2
21  5
21  7
20  -9
21  0
15  2
18  -1
16  4
18  -4
20  3
23  -6
21  4
21  7
17  0
22  -4
20  1
22  5
16  -1
19  -1
19  8
17  -1
22  4
19  6
18  -5
20  -7
21  -2
23  -2
19  0
22  8
15  13
17  0
19  -2
20  -3
16  5
18  3
17  8
21  6
21  -3
18  3
18  -1
21  5
18  -5
20  -2
16  10
12  6
19  -4
16  -1
12  -5
18  5
25  -13
16  10
15  7
18  -3
17  2
22  3
18  0
22  -1
19  -1
16  9
19  7
23  2
21  3
14  8
13  1
20  0
13  6
17  2
15  6
24  -6
17  3
20  -8
20  -1
14  5
16  6
16  3
11  -3
16  1
17  10
22  4
15  12
19  7
18  3
22  8
18  1
18  -2
15  1
17  -2
15  5
19  3
16  8
18  -1
20  -9
18  3
21  0
19  0
21  2
19  6
18  -4
23  0
24  -5
17  6
19  6
11  1
21  8
21  -1
18  5
20  -5
19  -2
16  5
17  2
19  -3
15  10
19  8
16  -1
15  11
25  -9
22  2
23  -4
25  -11
20  -7
14  7
15  8
16  11
18  2
19  1
19  5
18  4
19  2
18  7
25  -2
18  3
20  -3
20  -7
16  3
17  8
15  1
15  8
17  1
17  10
16  7
17  0
19  -1
18  7
18  7
13  5
20  -3
18  -5
25  -7
17  6
18  -3
25  -11
20  1
13  6
16  5
19  1
21  0
22  0
16  5
18  0
15  12
19  -3
23  1
22  4
21  3
19  2
21  0
12  6
21  7
18  -5
21  -2
20  -1
14  4
16  9
17  1
15  1
20  -9
16  7
17  1
16  10
19  6
18  2
19  2
16  5
20  2
22  7
21  -1
19  4
15  9
17  6
17  -1
15  4
18  1
26  -1
14  0
19  -1
16  2
16  4
18  5
17  -1
20  -2
17  5
19  0
16  10
16  9
19  1
24  -2
18  2
21  3
18  7
20  -6
20  0
19  3
17  9
14  11
12  4
20  -9
15  8
19  4
17  1
15  1
20  1
14  7
22  -3
20  -6
14  1
14  7
19  5
15  13
18  3
24  -1
15  9
21  5
18  2
19  2
21  -2
22  -4
19  4
15  1
25  -9
17  1
15  8
22  6
18  -2
15  8
24  0
20  -7
18  2
16  10
23  -5
17  1
19  7
25  -9
14  5
20  0
19  7
18  -2
17  -2
18  6
18  -2
19  3
19  -4
23  2
18  -1
19  3
21  -1
23  2
16  9
20  -1
16  2
18  -2
18  -2
25  -7
13  1
27  -3
16  6
24  -4
19  5
18  -1
16  0
20  2
16  3
17  6
19  8
12  -4
19  6
21  -2
14  7
14  5
20  -5
18  -5
17  2
20  3
16  -1
18  -3
19  -4
17  1
17  -1
17  7
21  5
17  8
20  -6
17  8
23  -6
20  3
22  3
17  7
17  7
21  5
15  2
21  5
16  10
21  5
18  4
21  -1
18  1
16  3
21  4
21  7
21  9
14  10
17  6
17  3
20  -2
19  4
19  2
16  8
17  5
20  -1
16  5
18  5
18  -2
24  -5
15  2
16  5
9  7
17  0
20  -5
17  10
19  3
18  3
21  4
16  3
18  5
20  -2
20  2
23  -2
13  -1
20  -3
20  -9
13  10
16  9
18  -2
15  3
19  4
16  3
19  4
20  -6
16  3
18  5
18  -1
20  -8
23  1
14  9
21  5
14  10
20  -6
16  2
20  -7
21  5
17  4
14  2
18  3
22  6
16  0
22  3
17  -2
20  -8
18  -4
15  2
14  2
21  9
24  -2
19  -3
19  1
22  0
15  13
21  9
14  1
22  6
18  -1
21  6
19  4
21  2
15  12
17  10
17  0
14  0
15  12
15  9
17  10
19  -3
17  -1
18  -2
16  10
18  1
23  6
19  3
23  2
17  3
19  5
21  3
19  -2
19  5
14  6
17  -1
15  11
19  2
15  5
20  -2
18  0
22  -1
18  3
15  4
19  5
22  1
20  0
24  -10
18  -4
18  5
13  3
23  1
14  6
20  0
14  2
21  0
18  -3
22  -2
17  0
20  -2
18  7
24  -1
18  -1
15  8
24  -6
18  7
17  6
20  -2
18  -5
16  6
14  0
15  4
19  6
18  0
22  5
18  -5
13  1
20  -5
15  9
21  -1
16  9
23  0
18  6
16  6
16  9
14  6
22  6
19  7
18  6
19  0
23  -6
18  1
19  6
19  2
18  5
20  -8
23  0
23  -3
14  10
21  7
16  7
17  6
23  -1
14  5
20  -9
16  5
17  0
22  -4
18  -1
17  1
17  3
20  0
18  4
16  3
14  -1
19  2
17  -1
15  13
20  -5
17  0
17  4
22  3
19  1
15  2
16  0
23  -3
21  0
16  9
16  8
14  0
16  4
13  3
22  8
21  8
20  -7
17  -1
22  8
20  1
19  -2
24  -10
20  -8
23  -4
18  -2
16  1
20  -9
16  10
22  -4
21  4
22  -4
17  4
18  4
17  3
16  3
24  0
19  1
14  4
20  -3
19  4
18  4
19  5
18  -5
17  6
13  -2
17  1
15  11
14  9
15  4
17  6
21  1
19  1
21  -2
17  0
19  5
14  6
21  8
18  2
19  -3
18  -2
16  0
20  3
18  2
12  -3
16  8
17  6
20  -5
22  0
20  -5
20  -7
23  -6
19  5
15  1
15  7
19  -3
21  4
24  -9
17  1
19  8
20  -8
21  5
12  6
17  7
22  8
14  0
14  4
19  -1
15  6
16  2
21  2
16  7
13  5
17  9
20  -3
19  1
17  3
18  -5
20  -8
21  5
20  3
19  1
18  5
17  7
22  7
23  3
22  2
22  1
23  4
17  2
16  1
21  4
19  0
21  4
24  1
17  7
22  7
16  3
14  7
19  1
17  4
24  -9
23  -3
21  4
19  0
17  -1
18  7
16  6
16  5
18  4
21  -3
16  9
17  9
20  -5
20  -7
18  -1
14  8
19  4
14  6
18  -4
16  3
18  -4
20  -1
20  -7
16  5
18  -5
17  5
18  2
16  2
20  -8
18  2
16  2
23  5
18  0
19  3
21  -3
15  6
16  6
21  7
15  2
16  0
17  -1
18  -2
17  3
20  -3
20  2
19  -4
13  -2
22  3
21  5
14  0
21  9
18  -5
21  4
14  9
17  0
17  6
11  0
17  4
19  0
17  7
22  -1
24  -4
14  11
20  -6
21  -1
17  3
20  0
22  8
17  10
16  7
22  1
18  -2
18  -4
21  -2
18  3
14  2
16  9
15  2
22  0
18  -1
21  7
18  0
17  6
18  4
17  2
20  -8
17  2
19  6
18  3
19  1
19  1
13  2
16  9
21  -2
19  5
22  4
16  11
18  0
23  -2
19  4
22  2
20  0
17  3
24  -7
19  -4
17  1
18  1
19  7
19  3
16  11
18  5
19  -4
15  13
17  10
15  11
21  1
19  -4
20  -1
19  4
20  -3
16  -1
23  -4
19  -4
20  -3
17  6
21  7
15  1
20  -7
21  2
21  7
21  6
16  1
23  1
18  -1
22  -3
22  4
17  9
24  -4
19  8
20  2
21  8
20  -4
17  -2
18  -4
20  -9
17  10
24  -9
14  2
17  9
16  9
19  3
19  -4
24  -8
16  0
18  -2
17  8
14  0
19  5
27  2
16  0
17  8
19  2
20  2
16  3
15  1
20  1
15  7
23  6
17  8
17  8
17  5
22  2
17  6
19  -2
20  -3
22  2
16  8
17  7
20  -6
19  0
24  -1
21  2
22  2
14  2
18  1
25  -2
20  -9
16  6
17  9
22  1
17  -2
20  2
17  -1
22  3
20  2
21  6
18  -3
19  5
18  -2
19  -4
18  3
20  -9
15  1
22  0
16  2
19  0
23  -4
19  -1
19  8
21  6
17  2
20  -9
19  3
15  6
12  4
20  -5
22  3
19  7
20  -7
19  6
18  -1
16  4
23  -4
22  -3
19  7
18  -3
15  2
19  -1
20  -2
22  6
19  5
20  -1
23  6
21  -1
21  7
20  -5
16  9
21  5
19  -4
19  6
14  9
20  -3
