10  5
10  2
15  8
11  5
8  0
13  -6
14  -12
13  -4
12  -1
12  2
14  -11
15  5
10  -1
14  -11
10  -2
10  -5
9  -2
9  6
12  7
12  5
10  2
13  -1
11  7
13  -3
13  -6
16  -2
10  5
9  -2
10  -2
10  5
8  1
14  -12
7  5
11  1
11  5
17  0
12  0
14  -4
11  6
12  -1
13  -7
14  -6
9  1
8  -3
9  6
13  0
15  4
7  1
11  0
14  -11
13  -7
8  3
6  0
8  2
11  -3
15  9
10  1
9  -2
11  0
10  4
7  7
13  -9
15  3
11  -1
10  -2
11  -3
14  -7
11  1
11  -1
13  -6
10  3
14  -13
13  0
11  6
12  -3
9  4
14  -7
10  2
12  -5
9  3
12  -4
11  -1
9  -4
12  3
7  9
15  6
13  -9
12  2
13  -7
12  -1
13  -9
14  -4
16  6
10  -4
9  1
9  0
11  6
13  -7
13  -9
14  -1
10  5
13  -6
12  -5
8  0
13  3
12  6
11  0
6  -2
11  7
8  0
12  -5
11  -3
16  -1
15  11
8  2
8  -6
14  -7
10  4
10  -1
12  -1
9  0
15  4
12  -5
9  4
11  6
11  3
11  -5
5  1
12  -1
11  0
12  2
7  3
12  -1
14  -5
12  -2
12  3
14  -12
12  5
15  0
12  4
7  6
12  2
10  1
11  -4
13  -5
13  3
10  6
17  9
13  2
13  -9
10  6
15  5
6  -7
14  -4
15  3
15  4
12  0
14  -12
8  1
12  5
9  -2
10  -6
15  7
8  -3
13  3
8  3
12  -1
14  -1
6  -2
12  7
12  -5
9  -5
11  3
14  -2
8  -2
9  -5
12  -4
12  -5
13  -8
11  3
12  5
10  5
12  -3
12  0
7  8
11  4
11  4
13  2
12  5
12  1
10  -4
14  -13
15  11
12  6
12  7
11  4
15  7
12  3
12  -3
10  5
12  5
13  3
16  8
12  3
9  6
12  0
12  -2
10  -4
10  -2
13  -9
14  -6
15  3
6  -3
10  -5
13  -2
11  6
12  -3
14  -11
18  -1
12  -2
11  -4
11  1
13  -7
10  5
14  -10
8  -3
14  -1
9  -1
14  -3
9  -3
7  10
11  5
13  -9
13  -8
9  -2
14  -8
10  -5
15  11
13  0
12  3
9  3
9  2
8  -1
11  2
13  -4
11  7
12  2
17  0
8  -7
12  4
14  -8
14  -8
10  2
12  -3
8  0
14  -6
9  -5
14  -13
15  -1
14  -8
16  4
10  6
12  1
14  -10
9  6
13  -3
10  -3
18  -11
11  1
10  -1
13  -9
9  7
11  5
9  0
9  7
10  -3
9  6
12  -2
13  -5
11  -4
13  -7
13  3
14  -10
11  -3
10  -1
8  -3
11  6
12  -1
10  -5
16  8
7  6
11  2
8  3
14  -2
12  -4
14  -1
11  -3
12  6
11  -4
11  -3
13  -5
12  5
18  -6
9  -1
11  4
14  -6
12  -3
14  -6
11  -5
13  -3
13  0
14  -5
11  -1
8  2
10  0
11  3
14  -6
13  -2
11  -1
11  3
12  4
14  -3
11  0
9  2
15  6
6  -9
11  -5
8  0
14  -11
12  7
12  2
12  2
13  0
9  -4
13  -7
11  2
16  -3
12  -2
13  -5
10  -2
13  2
9  -2
7  5
10  4
12  -5
10  0
9  7
11  3
10  1
10  5
13  -9
12  4
16  -1
10  6
10  -3
10  2
10  4
12  2
13  -8
11  3
16  6
16  3
15  8
10  -4
10  -5
11  6
11  -2
16  -1
9  -2
7  3
15  0
14  -3
9  2
8  -6
12  5
15  11
11  3
11  -3
16  6
17  6
11  6
9  -4
11  4
15  9
10  -4
12  -2
17  7
17  6
10  2
15  3
10  -2
13  -4
9  -4
9  6
6  -6
14  -10
16  6
19  -2
12  -1
10  -5
12  6
8  1
12  -5
8  -9
9  -5
10  3
13  -1
10  5
13  -3
13  -9
15  11
15  2
9  7
10  -6
10  1
10  -6
11  -3
11  -5
10  6
11  0
14  -7
11  -1
17  4
11  2
13  2
16  3
15  3
11  -2
12  -3
15  6
12  4
11  -2
11  5
12  -3
10  3
13  -1
16  3
9  3
6  -4
11  1
8  -8
10  4
10  5
13  2
13  -8
17  7
14  -7
11  2
9  0
11  2
14  -1
8  2
12  2
11  1
14  -9
11  -5
13  -7
13  -5
13  -5
8  -1
12  7
9  5
12  6
16  7
14  -6
12  -3
13  -9
13  -2
11  -4
12  5
11  7
10  -6
14  -6
11  -1
14  -10
16  7
7  8
9  4
10  3
13  2
12  6
17  1
10  3
17  5
9  0
15  8
12  3
11  -4
8  -3
12  7
7  4
13  -8
9  6
14  -2
15  -1
13  -9
10  3
13  -4
10  1
13  -7
9  4
15  1
7  1
11  -1
13  -6
14  -1
12  -2
14  -11
12  5
14  -7
11  -5
8  0
15  3
13  -6
14  -5
11  2
12  4
16  4
15  -1
12  6
11  5
12  4
9  4
11  1
9  -4
11  -4
13  -3
13  2
12  4
16  -2
17  6
13  -2
12  -4
17  6
14  -10
15  2
8  -2
11  -1
9  1
12  -4
15  1
12  -1
11  5
13  -7
14  -10
12  3
11  3
12  0
9  1
15  0
10  1
10  5
11  2
14  -8
13  2
10  3
8  -6
13  -1
11  2
12  -4
15  1
6  2
12  -3
10  -6
13  0
12  1
14  -5
13  -3
14  -10
12  -3
12  -1
12  -5
14  -5
13  2
15  0
16  -1
13  0
8  -8
10  -5
14  -5
10  6
10  1
14  -9
10  -2
8  -3
12  3
9  2
10  -4
11  -5
12  -2
12  2
10  0
15  1
14  -2
14  -12
10  2
12  0
8  -4
9  6
11  -5
8  -7
9  5
12  -2
13  -8
9  -4
12  0
13  3
11  5
13  -2
16  -1
16  7
13  -5
12  -3
6  -8
13  -9
14  -2
11  2
14  -10
11  1
8  -9
11  0
11  2
10  -1
12  5
16  5
14  -13
12  -1
12  7
13  -1
9  -5
8  -7
14  -8
12  6
9  -1
13  -5
13  -3
13  -3
12  -3
11  7
11  0
10  4
8  0
12  4
10  1
8  -9
12  -4
9  -4
9  3
9  -4
11  -1
14  -9
15  6
12  4
13  -4
14  -2
10  -4
9  7
11  1
6  -9
15  1
11  1
9  6
9  -1
13  -1
12  5
12  -3
14  -12
7  7
13  3
18  -3
12  7
16  8
12  2
13  -1
12  0
12  3
12  1
10  5
15  1
10  6
11  -3
11  1
11  -4
9  1
15  6
16  8
17  0
13  -6
12  0
9  0
11  -1
9  -3
13  3
12  -2
12  6
8  2
13  -5
16  2
11  -5
9  6
9  7
15  11
13  -8
16  5
9  -3
8  -7
10  1
8  -6
11  0
14  -12
11  -5
12  4
10  4
11  -3
12  -3
9  -4
9  -4
11  2
13  -8
9  -1
15  11
8  0
10  -2
9  -2
17  0
14  -7
16  2
11  6
12  1
12  -4
9  -2
7  12
6  -9
17  6
7  10
12  -2
11  5
15  0
16  8
11  -4
13  -2
9  6
15  -1
10  1
14  -8
9  -1
13  -3
14  -7
14  -3
15  0
13  -8
11  -5
12  -4
16  -4
14  -13
11  -1
14  -12
9  5
10  -4
14  -12
6  -3
14  -4
14  -7
12  3
9  4
8  -8
11  3
11  5
13  -3
11  2
8  -3
17  10
13  -4
11  2
8  -7
11  7
14  -8
7  3
12  -5
13  -8
15  5
13  -3
13  -2
10  1
13  -8
14  -8
13  -4
14  -12
12  4
6  -3
12  2
14  -9
10  -1
9  -4
12  5
13  3
11  6
9  -2
13  -9
12  -3
12  0
10  -5
13  2
14  -12
11  2
10  5
14  -13
13  1
13  -1
11  3
9  3
13  -4
7  11
12  -4
14  -9
11  -4
12  0
13  -3
12  5
13  -5
16  7
11  5
11  4
13  -1
12  3
8  -8
12  4
10  -4
8  0
11  -4
13  3
10  6
10  3
10  0
14  -8
15  11
14  -8
12  7
14  -5
13  0
12  2
16  5
18  -7
13  -3
12  1
13  1
13  -4
12  -4
15  11
10  -6
12  -4
14  -2
14  -13
9  5
7  9
11  7
11  4
11  6
13  -4
14  -4
16  -4
14  -6
16  1
9  2
8  2
12  -5
10  -6
13  -6
12  -2
9  -5
9  -5
12  6
9  3
11  0
9  1
8  -8
12  -3
8  -5
17  7
15  4
12  -4
15  7
10  0
6  -4
10  3
15  6
13  3
11  4
8  -2
13  3
15  0
8  2
13  3
12  3
14  -13
11  3
10  3
13  -9
11  5
9  -3
13  1
12  3
10  6
10  -3
14  -11
8  -6
6  -5
10  -1
11  -4
10  5
15  8
9  5
16  6
12  3
14  -9
6  0
13  -2
10  -5
15  1
6  0
8  -8
11  -2
20  3
9  -5
11  -4
14  -13
14  -7
10  4
11  -4
13  2
12  5
11  -2
11  1
14  -4
9  7
7  11
9  3
10  -5
13  -9
11  0
8  1
10  4
8  -9
12  -5
5  -1
10  6
11  -5
14  -2
10  4
9  -5
13  -7
12  0
12  7
7  8
13  -4
12  -1
14  -8
9  5
14  -10
11  -2
10  -3
10  -4
12  0
14  -10
14  -2
12  -1
12  3
14  -13
15  -1
8  2
13  -3
7  6
16  3
12  -5
11  6
8  3
10  5
12  -4
9  3
16  5
8  0
16  4
14  -3
7  12
14  -7
8  -1
8  -3
9  -1
12  4
11  5
12  -4
8  -9
10  5
12  -1
12  -1
9  1
9  5
12  3
11  4
12  3
