8  4
11  0
11  -1
6  -1
13  2
9  -2
10  -3
10  -2
7  7
15  -5
10  -1
10  -2
9  -1
5  6
9  -3
7  5
10  -1
11  0
12  5
7  7
11  1
10  -1
12  6
7  5
12  6
11  1
10  -3
9  -3
10  -3
14  -4
9  -2
15  -4
14  -5
9  -1
7  6
15  -4
6  -1
11  0
11  0
9  -3
9  -1
9  -1
7  7
11  0
13  3
10  -2
15  -6
7  5
10  -1
16  7
8  5
16  6
11  1
12  6
14  -5
8  4
5  7
14  -4
13  4
10  -1
8  6
15  -6
10  -1
11  0
12  4
9  -1
13  3
14  -4
10  -1
12  6
9  -3
12  5
18  4
9  -2
11  1
11  0
10  -1
6  -1
16  7
11  1
16  5
5  7
8  5
11  0
11  -1
9  -2
8  5
10  -3
12  6
11  0
14  -3
13  3
12  4
6  0
7  5
10  -1
15  -4
8  5
10  -1
10  -2
13  3
12  6
12  5
5  7
10  -3
8  4
11  -1
6  -1
14  -5
12  6
15  -4
13  3
7  5
14  -5
7  6
11  -1
9  -3
13  3
12  6
11  0
12  4
10  -2
6  0
9  -1
10  -1
9  -3
10  -3
7  7
7  7
8  4
10  -3
17  -4
8  5
13  2
16  7
11  1
9  -3
11  0
11  0
6  -1
10  -3
13  2
16  6
9  -2
14  -3
11  1
8  5
11  -1
14  -3
17  -6
11  1
8  5
8  5
10  -3
7  5
9  -1
7  7
10  -3
13  3
6  -1
9  -1
14  -3
12  5
14  -3
13  4
7  7
13  4
13  2
9  -2
13  4
12  6
8  4
12  6
10  -3
6  -1
7  7
11  0
13  4
12  4
12  5
13  2
5  7
9  -1
11  -1
11  0
15  -5
5  5
8  6
13  4
11  0
11  -1
11  1
13  3
8  6
7  6
11  -1
8  6
10  -3
16  6
11  0
10  -3
7  6
14  -5
10  -2
11  1
11  0
8  4
8  4
13  3
6  1
9  -3
13  3
9  -3
14  -3
11  1
9  -3
9  -3
7  5
15  -5
12  6
17  -4
11  1
12  6
10  -1
10  -3
13  3
12  4
11  0
11  0
14  -4
6  -1
8  4
10  -2
8  4
13  2
8  6
6  1
7  6
7  7
12  6
13  3
7  6
10  -1
12  6
10  -3
11  1
11  1
12  6
12  4
12  5
12  4
13  4
14  -5
11  -1
10  -1
9  -3
9  -1
10  -3
13  2
11  -1
10  -1
10  -3
14  -4
11  1
8  4
13  2
12  4
11  0
15  -5
13  2
11  -1
13  2
14  -3
11  1
12  4
15  -4
14  -4
11  1
7  5
17  -4
13  4
7  5
9  -3
11  1
11  0
9  -2
9  -1
12  5
10  -2
6  1
11  0
10  -1
13  3
12  5
10  -3
9  -1
15  -6
12  4
10  -3
7  6
10  -2
18  5
11  1
13  2
12  6
12  6
7  5
11  0
12  5
15  -4
13  4
8  5
6  0
7  6
8  6
17  -4
11  0
13  3
13  4
6  -1
7  7
13  4
13  3
11  1
8  6
7  5
4  -4
7  6
10  -2
14  -4
10  -2
11  0
11  1
12  5
9  -3
11  -1
12  5
7  5
8  5
9  -1
10  -3
8  5
6  -1
7  6
8  5
13  4
7  7
11  0
7  7
16  6
12  4
11  -1
13  2
12  4
5  5
10  -1
6  -1
12  6
9  -2
12  4
13  4
9  -2
10  -1
13  2
15  -6
12  6
12  5
7  6
14  -3
12  4
13  2
13  2
8  5
11  0
8  5
10  -1
8  4
10  -2
8  5
8  4
15  -5
12  6
10  -2
6  1
10  -1
9  -2
8  5
11  -1
13  2
13  4
8  6
11  -1
10  -1
13  3
11  -1
5  7
10  -3
10  -3
7  7
11  0
11  1
8  4
8  6
11  0
14  -3
13  2
10  -1
11  0
9  -2
14  -5
9  -1
8  4
8  4
5  5
13  2
11  0
15  -6
8  6
9  -2
7  6
13  3
13  4
12  5
11  1
8  6
8  6
10  -2
11  -1
12  6
14  -4
8  4
19  -3
8  6
7  6
10  -2
12  5
6  1
14  -4
15  -5
11  1
11  0
3  -8
12  6
7  6
10  -2
9  -2
9  -1
12  4
11  0
10  -2
8  5
9  -1
8  4
8  5
10  -3
10  -3
12  4
9  -3
18  5
12  4
12  4
11  -1
15  -4
5  6
11  0
10  -2
11  0
14  -4
11  -1
13  2
10  -1
11  -1
11  1
13  2
13  4
12  6
7  7
7  7
19  -2
12  4
7  6
12  6
7  7
13  3
14  -4
11  0
11  0
10  -2
10  -3
11  -1
7  6
13  3
13  4
8  6
7  6
6  1
9  -2
10  -2
9  -2
12  6
9  -3
12  4
6  -1
8  5
10  -3
12  5
10  -2
11  -1
10  -1
8  5
13  3
11  1
7  7
10  -3
11  -1
9  -1
9  -2
12  5
13  3
15  -5
9  -2
7  5
7  6
13  3
15  -5
13  4
8  4
6  -1
11  1
14  -4
6  1
12  5
9  -1
13  3
12  6
12  6
13  2
14  -3
8  5
11  -1
10  -1
11  -1
6  -1
13  3
17  -4
10  -2
9  -2
10  -1
11  0
8  6
12  5
11  1
11  1
14  -4
16  6
8  5
9  -3
11  0
10  -1
11  -1
16  6
11  -1
13  2
10  -3
12  5
10  -3
11  -1
8  5
9  -2
8  6
12  5
7  6
12  4
12  4
13  2
13  4
13  2
5  6
6  0
12  4
12  5
11  -1
10  -2
11  1
12  5
9  -1
14  -4
10  -1
8  5
11  1
13  4
11  -1
7  5
12  6
9  -2
6  -1
11  0
11  0
11  1
8  5
12  4
8  4
7  6
13  4
11  -1
9  -2
8  5
10  -3
8  6
7  6
13  2
8  6
10  -2
12  6
11  0
11  1
13  2
9  -2
7  7
12  5
11  1
8  5
12  6
14  -4
11  -1
15  -5
15  -4
14  -3
13  3
10  -2
10  -2
8  6
11  0
7  7
9  -2
13  2
7  7
9  -1
12  4
15  -5
9  -3
13  4
19  -1
13  2
7  6
9  -3
9  -2
11  0
8  6
10  -2
16  7
8  6
12  5
12  4
9  -3
12  6
7  6
13  2
12  5
14  -5
11  0
7  6
15  -4
12  5
9  -1
12  4
7  7
9  -1
10  -3
11  1
7  5
5  7
8  5
12  4
13  2
20  7
10  -1
5  6
10  -1
6  0
9  -1
7  7
7  6
11  0
17  -6
13  4
7  7
16  5
7  5
7  6
14  -5
13  4
7  7
13  3
7  7
10  -2
14  -5
6  -1
13  2
10  -2
9  -1
10  -2
6  0
11  1
12  6
9  -3
10  -2
15  -5
14  -5
10  -3
10  -3
12  5
8  5
8  6
9  -2
11  0
13  4
16  5
9  -1
6  -1
10  -1
10  -1
8  6
11  0
10  -2
9  -1
11  0
9  -3
11  1
9  -1
11  0
10  -1
9  -1
10  -3
12  5
10  -3
13  3
15  -5
8  4
11  1
10  -1
12  6
15  -4
5  5
11  -1
11  -1
15  -4
13  2
8  4
12  5
9  -1
10  -2
10  -1
8  6
9  -3
12  5
9  -3
10  -3
16  5
10  -1
9  -2
15  -4
13  2
13  2
7  5
8  4
10  -2
11  -1
12  6
14  -4
9  -3
17  -6
13  2
9  -3
10  -2
14  -5
11  1
17  -4
10  -2
12  5
11  -1
13  4
17  -4
16  6
13  4
9  -3
8  6
10  -3
11  0
13  3
8  4
12  5
11  -1
15  -6
12  6
10  -3
13  3
10  -1
9  -2
15  -6
9  -2
12  5
8  6
13  4
12  5
14  -3
14  -3
10  -3
10  -2
10  -3
10  -3
7  7
11  1
10  -1
7  6
7  7
12  5
12  5
10  -3
11  -1
9  -1
12  6
8  5
13  4
13  3
14  -4
10  -3
10  -3
15  -5
16  7
12  6
15  -6
10  -3
14  -3
12  4
7  7
12  5
7  6
10  -1
8  4
11  1
11  1
10  -2
15  -6
12  5
11  -1
9  -1
9  -1
14  -5
8  4
6  -1
13  4
16  5
10  -2
12  6
14  -5
7  5
6  1
9  -3
9  -3
11  1
15  -5
9  -3
13  2
10  -1
14  -5
11  -1
12  6
10  -3
14  -5
7  6
7  7
10  -3
11  -1
13  2
9  -2
13  2
13  2
10  -3
13  4
10  -1
8  5
10  -1
13  2
11  1
7  6
11  -1
13  2
11  -1
11  1
8  6
8  4
11  0
8  5
10  -3
7  5
10  -3
15  -5
10  -3
12  4
14  -5
9  -1
10  -3
8  6
10  -3
14  -4
13  3
18  4
5  7
18  6
12  5
10  -3
9  -1
12  5
11  0
18  5
7  7
11  -1
11  -1
8  4
7  6
10  -3
10  -1
4  -4
11  -1
9  -1
9  -3
6  -1
13  4
13  3
14  -4
9  -2
14  -3
8  5
8  5
9  -3
8  4
6  0
15  -5
10  -2
9  -1
9  -2
13  4
12  6
11  1
13  3
13  4
11  0
9  -3
5  6
13  3
12  5
11  1
10  -1
5  5
9  -1
13  2
9  -3
10  -2
12  4
8  5
12  5
11  -1
16  7
13  4
11  1
10  -3
6  -1
10  -3
12  6
14  -5
10  -1
8  5
11  0
9  -1
15  -6
10  -2
13  4
12  4
10  -1
11  -1
11  1
14  -5
8  4
7  6
15  -6
14  -4
12  5
11  -1
9  -1
9  -2
15  -5
12  6
11  1
13  4
11  -1
10  -2
13  3
7  5
9  -1
