30  4
29  -1
31  -6
34  -2
31  -7
30  4
30  5
34  -2
31  -7
28  5
30  3
31  -8
34  -2
33  4
32  1
28  7
30  4
32  2
35  -6
28  7
32  2
33  5
31  -6
31  -7
33  3
27  1
33  5
30  4
32  2
32  3
33  3
32  2
30  5
29  0
31  -6
29  -1
30  4
31  -7
27  0
34  0
29  -2
28  6
26  -6
28  6
32  3
31  -8
33  4
32  1
29  0
31  -7
30  3
30  5
31  -8
31  -7
29  0
34  0
34  -1
29  0
29  -1
34  -1
32  3
26  -5
30  4
28  5
33  4
26  -6
35  -6
25  -4
33  4
34  -1
30  3
34  -1
32  1
28  5
32  3
33  5
28  5
35  -7
31  -6
33  3
32  3
31  -6
30  3
35  -5
31  -7
31  -7
31  -6
38  -2
31  -7
25  -4
33  3
31  -6
31  -6
34  -1
29  -1
30  4
28  7
29  -2
25  -5
30  3
34  0
34  -1
29  0
30  5
33  5
28  5
32  1
27  1
36  3
27  0
32  2
32  1
32  2
27  0
31  -6
34  -2
36  3
26  -6
31  -8
32  2
33  3
29  -1
31  -8
31  -7
31  -7
32  2
26  -7
30  5
33  4
32  2
34  0
29  -2
29  0
30  4
30  5
30  4
32  2
33  4
34  -2
34  -2
32  1
31  -8
30  4
31  -7
34  -2
30  3
31  -6
26  -7
21  8
29  0
29  -1
36  1
31  -7
30  3
34  -2
28  7
29  -1
32  2
29  -2
27  0
28  6
32  3
27  -1
31  -7
34  0
29  -2
30  4
29  0
33  3
35  -6
29  -2
34  -1
31  -6
30  3
34  0
32  3
25  -3
35  -7
33  5
28  7
34  0
32  3
34  -1
29  0
25  -3
27  1
33  3
28  5
29  -1
29  -2
30  5
29  -2
31  -6
34  -1
33  3
31  -6
31  -7
30  4
32  3
34  -2
32  1
32  3
32  1
29  -2
34  0
27  1
30  4
30  5
33  4
32  3
28  7
32  2
30  4
27  1
32  3
32  3
27  1
31  -6
26  -7
34  0
28  6
34  0
31  -6
25  -3
30  4
31  -8
24  -5
31  -8
28  5
32  3
28  5
35  -7
34  -2
28  7
35  -7
35  -5
28  5
32  2
28  7
30  4
32  2
32  1
29  -2
32  2
34  0
29  -1
29  -1
31  -8
31  -8
28  7
34  -2
29  -1
31  -6
28  7
33  4
30  5
31  -8
31  -8
31  -7
33  3
33  3
31  -7
29  0
26  -5
33  4
32  1
31  -8
29  0
31  -8
34  -2
32  3
27  1
26  -6
26  -7
32  1
34  -2
34  -1
31  -7
33  4
28  7
28  7
33  5
29  0
35  -5
35  -6
26  -5
31  -8
33  3
33  5
33  5
32  1
30  3
33  5
31  -7
34  -2
32  2
37  -6
31  -7
32  2
31  -6
28  5
34  -2
33  4
33  5
32  1
32  1
30  3
36  3
34  0
37  -7
24  -6
31  -7
30  5
37  -7
32  2
26  -7
29  -2
33  3
27  -1
30  4
32  1
34  0
31  -6
30  4
33  3
30  5
35  -6
29  0
31  -7
30  3
30  4
28  5
29  -1
26  -7
31  -8
30  4
34  -2
31  -6
35  -7
32  2
27  1
28  5
31  -7
33  4
30  3
32  3
34  -1
30  3
33  4
30  4
32  3
32  2
35  -5
35  -5
31  -7
27  -1
30  5
29  0
29  0
30  3
27  -1
30  4
33  3
26  -5
33  5
32  2
32  2
31  -8
30  3
31  -7
28  5
32  2
26  -7
24  -5
30  4
32  2
33  3
31  -8
31  -6
31  -8
32  1
25  -4
34  -2
31  -6
27  1
33  4
29  0
30  4
32  1
29  -2
33  3
29  -2
26  -5
34  0
27  1
25  -4
31  -7
32  2
35  -5
32  1
29  0
37  -8
30  5
32  1
33  4
32  3
32  2
35  -6
31  -8
31  -6
28  5
35  -7
35  -7
27  -1
32  2
31  -6
32  1
31  -6
26  -6
30  5
27  -1
32  3
29  -2
29  0
32  1
29  0
33  3
31  -8
29  -2
29  -2
36  3
31  -6
36  1
30  5
33  3
31  -6
35  -6
32  2
32  2
30  3
30  3
29  -2
36  2
34  0
32  1
30  4
31  -7
31  -7
35  -6
29  -2
31  -7
32  3
34  -1
30  5
32  2
30  3
35  -7
27  1
34  0
29  -2
31  -6
34  0
32  2
34  -1
29  -1
32  3
32  1
30  5
35  -7
31  -8
28  7
37  -7
34  -1
31  -7
30  4
31  -8
28  7
26  -5
28  7
30  5
33  3
29  -2
31  -7
30  3
31  -6
33  4
32  1
26  -5
28  7
33  3
28  5
28  5
32  3
31  -6
29  -1
33  5
26  -5
32  1
32  3
29  -2
28  7
29  0
31  -7
27  0
33  4
33  5
30  3
31  -7
29  0
31  -6
32  1
33  5
33  3
29  -1
29  -1
34  0
33  5
31  -7
30  4
33  4
31  -8
31  -7
34  -2
34  0
32  2
27  1
36  1
33  3
31  -6
29  0
33  5
36  1
30  4
32  3
37  -7
29  0
33  3
32  3
27  -1
31  -8
31  -6
29  -2
29  -1
32  1
31  -7
32  2
29  -1
34  -2
34  -1
33  5
28  6
29  -2
37  -6
34  -2
34  0
35  -5
35  -6
35  -7
34  -1
34  -2
29  -2
35  -6
27  1
31  -6
32  1
29  -2
34  0
30  4
29  0
34  0
29  0
32  2
29  -1
32  1
27  -1
32  3
30  5
31  -8
32  3
36  1
30  4
31  -8
29  -1
28  6
31  -7
32  1
33  3
32  2
30  3
25  -4
26  -6
30  5
28  7
33  3
34  -1
31  -6
34  -2
30  5
34  0
32  3
28  5
31  -6
29  0
29  -2
35  -5
31  -6
30  3
30  3
28  7
32  3
31  -8
32  3
29  -2
30  5
35  -5
33  4
27  1
32  1
30  3
32  1
29  -1
31  -7
31  -8
30  3
33  5
33  3
32  2
31  -7
31  -8
32  2
33  3
30  5
28  7
33  3
33  5
34  0
35  -6
29  -1
35  -7
31  -6
31  -6
30  4
36  1
32  2
31  -6
35  -7
25  -3
30  5
31  -8
27  -1
30  3
31  -8
32  1
29  -2
33  3
26  -6
27  -1
32  3
34  -2
33  3
36  2
37  -6
30  3
29  -1
27  -1
34  -1
30  5
32  1
30  5
32  1
25  -5
31  -6
29  -1
36  3
34  0
31  -6
30  4
29  -1
32  2
35  -7
31  -7
27  1
32  2
28  6
31  -7
30  4
32  3
29  0
29  -1
27  1
31  -8
34  0
31  -8
34  -2
33  4
36  3
32  2
31  -7
34  0
30  4
34  -1
31  -8
31  -7
34  -1
29  0
27  0
35  -6
34  -2
32  1
30  4
36  3
30  5
27  1
33  4
32  3
31  -6
34  -2
31  -6
30  5
31  -7
29  -2
25  -3
29  -1
31  -8
32  2
33  3
31  -8
29  -1
31  -6
31  -7
33  5
31  -8
33  4
29  0
30  4
32  3
28  6
30  5
33  5
31  -8
34  0
32  1
30  4
29  -1
28  6
29  0
32  1
31  -8
31  -7
34  0
32  2
32  1
33  3
25  -5
26  -5
30  3
32  2
29  0
35  -5
30  5
33  5
33  4
32  2
27  0
29  -1
29  -1
31  -8
33  3
32  2
34  0
27  0
35  -6
31  -6
32  3
30  5
30  5
34  -1
28  6
33  3
34  0
31  -7
32  3
33  3
32  3
32  3
30  5
28  5
29  0
36  3
29  -1
28  5
29  -1
30  3
34  0
32  1
33  3
29  -2
34  -1
29  -1
33  4
28  7
33  5
28  5
28  5
30  4
33  4
28  7
31  -6
32  2
29  -2
32  1
32  3
35  -5
25  -4
28  6
30  4
30  5
29  -1
31  -6
28  6
33  3
33  4
34  0
32  1
31  -7
35  -7
32  2
30  3
31  -6
32  1
33  5
33  4
32  1
36  2
32  3
27  -1
31  -7
29  0
33  3
30  5
34  -1
36  1
31  -7
31  -7
32  1
30  3
31  -7
31  -6
27  1
30  3
30  5
31  -6
30  3
33  4
31  -8
28  7
34  -2
34  0
29  0
29  -2
33  4
32  3
33  4
27  -1
34  -2
32  1
27  0
31  -6
34  0
35  -7
29  0
31  -6
29  -2
33  3
33  4
36  1
31  -7
33  4
31  -6
33  4
34  0
36  1
34  -1
31  -7
32  2
36  2
35  -6
32  2
30  5
33  3
32  1
29  -1
28  5
33  3
27  0
24  -5
35  -7
31  -8
32  3
35  -7
21  6
30  4
30  3
33  5
33  3
29  0
29  -1
27  -1
35  -7
30  3
36  1
31  -8
31  -7
33  4
33  4
30  3
27  1
35  -7
29  -2
33  5
29  -2
31  -8
32  2
30  5
30  5
29  -1
34  0
33  4
32  2
32  3
31  -6
31  -6
30  4
30  4
28  7
34  -1
34  -1
31  -7
30  3
30  3
28  5
28  7
30  5
32  2
32  2
31  -8
28  5
29  -1
31  -8
29  0
30  4
33  4
36  2
30  3
35  -7
29  -1
32  3
33  5
34  -2
30  3
30  3
27  -1
34  -2
32  2
28  6
33  4
31  -6
36  2
32  1
31  -6
29  -2
31  -7
37  -6
29  0
31  -7
35  -7
32  3
27  -1
28  5
33  3
29  -2
32  3
31  -8
32  1
30  4
32  3
31  -7
26  -5
30  3
29  0
35  -7
31  -7
35  -6
31  -8
35  -5
28  6
32  1
30  3
29  -2
32  3
