11  5
20  2
12  -2
16  -1
10  -2
16  2
10  4
12  -6
16  0
16  -1
18  -6
15  2
12  -6
12  0
16  -1
17  -2
15  -3
16  1
12  -5
17  -2
18  -1
15  -4
15  2
16  1
15  2
15  -4
16  3
18  -3
14  -5
13  -3
14  -3
8  7
13  -2
13  -3
21  4
14  -2
13  -3
11  3
14  -3
13  1
20  7
16  0
14  -2
17  -1
12  -1
14  -1
13  0
15  -2
14  -2
12  -4
17  -5
11  7
12  -6
16  2
21  2
16  -1
15  1
20  2
15  -2
11  5
14  -5
11  3
12  -1
17  -6
12  -5
15  -4
14  -4
13  0
14  0
9  -7
17  -2
11  5
13  2
11  3
13  -3
14  -5
12  -5
10  2
14  -1
15  2
15  -2
13  3
18  -7
12  0
12  -3
15  -2
8  5
14  -5
16  3
14  -2
17  -1
7  0
14  0
14  -5
19  -3
17  -4
17  -3
14  0
17  -6
16  0
15  -4
14  -4
14  -5
9  -4
15  1
17  -7
16  3
14  1
18  -7
14  -2
13  2
16  4
14  -3
13  -2
15  -2
13  2
18  -7
15  2
11  1
17  -4
13  -1
12  -6
16  5
12  -4
17  -7
18  -6
12  -5
14  -1
12  -6
13  -2
15  -3
10  1
16  0
14  -2
17  -5
13  1
15  2
17  -4
12  -3
16  4
14  -2
11  4
14  1
15  -3
15  -1
14  -3
12  -6
11  4
16  4
19  -4
18  -4
12  -2
9  -4
18  -4
13  2
18  -7
13  -2
15  -4
18  -5
14  -2
17  -4
14  -1
13  2
15  1
15  2
23  -1
12  -5
12  -4
17  -1
19  -4
16  1
10  2
10  4
15  0
14  -4
9  -3
15  -2
12  -5
15  -2
10  2
17  -7
15  -3
20  8
14  -3
18  -4
16  4
10  -1
11  6
18  -6
14  0
17  -1
15  1
15  -3
13  -1
13  -2
15  -3
16  0
12  -2
15  -2
15  -3
12  -4
12  0
18  -1
8  8
16  1
13  -3
12  -1
13  -3
16  1
14  0
18  -1
11  2
12  -3
14  -4
17  -6
12  -6
13  -2
16  3
12  -4
18  -1
18  -4
12  0
21  4
17  -3
20  3
19  -6
17  -6
13  -3
18  -3
10  3
13  3
11  3
12  -5
18  -5
14  -1
18  -3
9  -5
10  -1
12  -2
12  -3
14  -2
12  -5
12  0
17  -5
19  -2
11  6
17  -6
20  3
12  -4
10  2
22  0
19  0
18  -2
16  3
20  2
17  -5
12  -2
14  -2
14  -2
18  -5
15  -1
19  0
15  2
11  1
14  -1
18  -2
20  7
18  -6
18  -5
16  0
12  -6
12  -5
17  -1
14  -1
17  -3
15  0
18  -4
14  -3
15  -2
13  -1
15  2
17  -7
19  -5
13  3
13  -1
11  2
14  -1
16  0
11  1
12  -5
16  4
14  -3
17  -7
10  2
14  -1
17  -6
13  -1
17  -4
13  3
16  5
15  -3
16  3
15  2
15  1
16  3
10  1
12  -6
14  -2
16  1
15  -1
10  0
19  -6
16  4
18  -7
12  -4
14  -1
10  4
11  5
12  -1
13  1
14  -4
12  -1
14  -5
16  4
13  1
11  5
19  -4
11  1
14  -5
14  -5
15  2
11  4
18  -4
14  -3
12  0
11  5
16  0
13  -1
13  1
19  -3
15  -1
15  -2
15  2
12  -5
14  1
13  -3
14  -1
13  3
12  -5
16  4
14  -1
17  -3
18  -7
15  -2
14  -4
17  -3
13  1
20  8
15  0
10  3
16  1
16  2
13  -2
18  -7
15  1
14  -4
16  5
13  0
16  2
15  -3
17  -3
11  6
17  -4
13  -2
12  -2
11  2
16  0
15  -3
14  -4
16  3
13  2
15  0
15  2
12  -4
16  1
15  -3
10  -1
16  5
14  0
9  -5
11  3
13  -2
10  2
15  1
11  6
12  -3
17  -4
13  3
11  5
12  -3
19  -1
17  -4
19  -6
14  -2
19  -5
16  1
14  -5
12  0
17  -1
16  4
5  -4
14  -3
11  2
19  0
16  3
14  0
15  -1
13  -2
13  1
12  0
15  0
11  1
15  2
15  -2
17  -5
14  -2
14  -2
20  7
20  8
10  -2
11  4
15  -1
20  2
14  0
12  -6
13  -2
19  -4
14  -1
15  -4
18  -6
19  -6
11  7
15  2
14  1
17  -3
11  7
18  -5
17  -3
18  -5
16  0
17  -4
15  1
13  -1
14  1
10  3
10  0
14  -3
20  4
15  -3
15  2
11  6
10  2
14  -2
13  3
17  -2
14  -5
12  -1
13  0
14  -1
10  -1
12  -2
18  -1
10  0
12  0
11  5
10  -2
13  2
14  -2
17  -3
13  -1
9  -7
14  -1
18  -3
16  3
13  -2
12  -4
17  -5
19  -4
14  1
15  2
16  -1
15  -2
14  -2
15  0
12  -2
8  6
13  -2
13  -3
15  -2
17  -3
15  1
15  -4
10  -1
15  1
14  -2
16  4
12  0
12  -1
12  -1
18  -5
12  -1
14  -3
14  0
17  -6
10  -2
16  3
15  -1
19  -5
17  -6
13  3
12  -5
13  1
17  -3
11  5
13  -3
17  -4
16  4
13  0
17  -1
14  0
14  -2
18  -7
12  -4
15  -4
13  -2
18  -4
16  2
11  2
12  -5
15  -3
10  3
10  0
8  5
15  -2
17  -3
12  0
11  5
17  -7
16  0
14  -2
14  0
19  -6
16  1
14  -2
15  0
14  -2
11  2
15  0
11  6
17  -7
13  0
15  -4
14  -4
18  -3
15  -2
16  5
16  2
14  -3
16  4
15  2
12  -5
13  -2
13  0
17  -1
14  -2
16  -1
9  -3
15  -3
18  -4
14  0
12  0
18  -2
12  -3
15  -4
13  -1
14  0
14  -4
14  0
13  3
15  0
13  0
15  2
17  -1
18  -7
18  -1
14  0
15  0
17  -2
9  -5
17  -3
15  2
14  -2
12  -5
14  1
13  -1
16  3
9  -4
15  0
16  2
14  -1
13  1
18  -3
18  -4
20  3
15  1
14  -3
14  0
11  7
14  -5
11  4
13  -2
19  0
11  3
17  -3
15  -1
10  0
16  -1
12  -5
15  1
14  -2
11  6
17  -4
13  -2
14  -2
16  -1
17  -1
13  0
17  -4
14  -5
21  4
14  -2
13  3
18  -3
15  2
15  0
11  4
16  5
11  1
10  1
12  -1
14  1
14  1
11  2
16  5
10  3
13  -2
11  1
17  -5
9  -3
18  -2
15  0
16  0
21  7
15  -2
12  0
15  1
14  -2
10  2
14  -2
14  -4
14  -2
16  2
13  -1
11  4
14  -2
12  -6
17  -6
15  2
14  -4
17  -5
15  -2
15  -3
10  2
13  1
19  -6
14  -5
19  -4
9  -7
16  4
13  -2
10  4
16  3
8  8
13  1
19  -5
15  2
16  0
19  -2
15  -2
17  -4
20  6
18  -6
17  -7
11  7
15  2
16  0
17  -6
7  -2
13  -3
20  7
14  1
13  1
14  0
8  2
15  -4
14  -5
16  4
21  4
14  -4
16  4
17  -3
13  -2
15  0
16  1
20  2
12  -1
12  0
13  -2
12  -4
16  5
19  -6
9  -5
13  3
15  -3
14  -1
14  0
13  3
17  -6
14  1
15  -3
18  -3
12  -3
10  3
15  0
16  4
13  -2
20  7
18  -1
12  0
15  -3
8  6
11  1
14  -3
15  -4
15  0
11  5
14  -2
14  -4
14  -2
12  -1
6  -6
17  -4
16  -1
13  1
12  -3
14  -4
14  0
14  -4
10  2
17  -7
14  0
14  1
16  3
16  5
15  0
12  -1
12  -2
13  3
15  -3
13  2
23  -4
12  -4
16  2
14  -2
14  -3
12  -3
15  -1
16  4
15  0
16  5
19  0
15  2
14  -1
17  -5
11  6
16  -1
8  2
20  8
17  -4
20  7
14  -3
14  -4
11  5
15  -2
11  2
14  1
14  -2
12  -4
20  5
10  -1
16  2
14  -2
17  -1
12  -3
14  -1
20  8
15  -2
14  0
13  -2
11  5
18  -2
16  0
12  -5
14  0
10  0
10  -1
12  -1
19  -6
13  1
15  0
11  6
17  -3
18  -3
14  -5
15  -4
16  1
12  -5
10  -2
15  2
16  0
14  0
15  2
16  3
9  -6
19  -4
18  -3
12  0
7  0
12  -1
15  -3
15  -2
12  -4
15  -3
9  -4
12  -6
17  -7
14  -1
20  2
14  -1
14  -5
15  -3
18  -7
17  -2
12  -5
12  -3
12  -5
16  0
10  3
11  5
15  -1
15  -4
8  3
19  -3
11  3
12  -4
14  -3
10  -2
15  0
16  -1
14  0
19  -4
13  -1
13  3
12  -3
14  -2
15  -3
17  -4
14  -4
14  -1
10  0
11  4
15  -2
9  -6
14  -2
15  0
13  0
15  -1
11  2
15  2
12  -3
14  -2
8  8
13  -3
15  0
15  -3
12  0
15  1
14  1
15  2
15  0
7  1
19  -5
15  -1
15  -4
11  2
21  5
18  -4
9  -4
17  -7
12  0
11  1
13  -2
10  3
19  -3
18  -6
17  -4
12  -2
10  0
14  -5
19  -5
14  -4
17  -1
15  -2
16  5
10  4
8  6
17  -7
19  -4
14  -1
16  4
12  -3
15  0
13  -3
16  -1
14  -3
12  -6
8  8
12  -1
14  -3
17  -2
15  1
18  -1
13  -2
17  -6
19  -1
16  3
17  -3
16  5
10  1
11  5
15  0
16  1
14  -1
18  -3
10  1
15  0
18  -3
19  -4
12  -3
15  -4
17  -4
20  2
13  3
13  -3
17  -7
13  -1
13  0
18  -1
12  -3
17  -6
14  -2
15  1
14  1
16  3
17  -5
11  3
16  5
17  -3
14  -1
17  -7
18  -5
11  3
19  -4
12  -3
14  -3
16  -1
14  -1
13  -1
14  0
10  1
