25  0
25  -2
24  -4
23  6
26  1
25  -1
25  -4
25  0
23  7
26  -3
24  -6
19  6
24  -10
25  -2
23  3
23  3
24  -7
25  -4
25  0
22  -1
23  6
26  -1
25  -6
25  -1
22  -3
24  -4
25  -5
24  -9
24  -8
24  -4
25  -1
22  -4
25  -5
24  -10
23  6
18  -3
26  1
23  3
24  -6
22  -1
25  -5
23  4
25  -2
24  -4
24  -7
25  -6
23  5
21  -3
25  -2
24  -10
22  -1
26  -3
21  -4
27  4
23  6
24  -5
25  -1
27  5
23  5
21  -4
25  -1
25  -2
24  -7
26  -2
25  -2
26  -3
24  -10
23  7
26  -2
24  -6
19  4
26  -4
20  -4
25  -6
24  -5
24  -8
22  -2
26  -4
20  1
24  -4
27  3
25  -2
24  -6
23  4
27  6
25  -1
23  5
25  0
24  -8
24  -5
27  2
25  -5
24  -5
23  3
24  -10
23  2
23  3
24  -7
23  8
23  7
24  -7
25  -3
25  -4
26  -4
25  -3
23  6
25  -1
21  0
25  0
23  7
26  0
24  -10
25  -6
26  1
23  6
24  -8
27  4
22  -2
24  -6
24  -4
27  6
24  -7
26  2
24  -7
22  -3
24  -5
25  -4
25  -1
24  -6
23  5
24  -6
27  1
25  -6
25  -5
25  -3
24  -8
22  -4
26  -2
26  -2
23  5
22  2
24  -10
24  -4
22  1
25  -1
25  0
24  -4
23  3
23  4
24  -9
23  8
25  -2
26  2
23  6
24  -9
26  -3
22  -4
25  -3
24  -9
26  -3
25  -3
27  5
24  -7
24  -6
25  -1
24  -7
25  -4
24  -5
22  -4
21  -5
24  -6
25  -2
23  8
20  -5
22  0
22  -1
23  3
21  -5
24  -6
23  5
27  4
23  5
22  -4
22  -4
24  -4
25  -1
19  6
21  -1
24  -5
23  4
25  -5
23  8
24  -8
23  8
26  -3
22  -3
24  -8
22  0
23  3
23  6
21  -4
23  3
24  -4
24  -5
24  -5
23  3
27  3
23  5
22  -4
22  2
25  0
23  3
23  2
26  2
25  -1
22  0
23  4
23  6
24  -5
26  1
23  6
25  -4
27  6
23  5
22  -3
23  3
25  -6
25  -1
25  -6
24  -6
23  3
26  -2
23  5
24  -9
21  0
26  -4
24  -5
25  -6
21  -3
25  -3
25  -3
26  0
25  -6
25  0
24  -5
23  4
23  7
24  -10
20  -4
24  -9
20  -3
24  -7
25  -2
23  8
23  5
25  -6
24  -6
20  -2
25  -4
20  1
24  -6
24  -8
23  2
25  0
25  -2
26  2
23  7
23  8
20  -4
23  3
24  -8
24  -7
24  -8
25  -2
27  2
21  -2
22  0
21  -4
23  3
20  -1
24  -6
24  -4
24  -7
22  1
24  -8
25  0
22  -2
26  -3
24  -7
25  -2
24  -6
25  -6
25  -6
22  -3
22  -1
25  -5
23  2
24  -6
26  -1
22  -4
26  -4
26  -3
22  2
27  7
25  -2
26  -3
25  -1
27  6
23  6
24  -8
25  -6
19  4
23  4
27  6
23  8
25  -5
22  -2
25  -6
25  -2
26  -2
23  2
20  -2
22  -3
25  -2
23  8
24  -10
24  -4
25  -4
25  -1
22  -2
25  -5
23  5
24  -7
24  -8
23  8
25  -3
23  7
23  6
25  -6
23  6
24  -8
27  4
24  -10
23  3
26  -4
23  4
23  2
22  1
22  1
24  -6
22  -1
24  -9
25  0
27  4
23  8
26  -3
24  -5
23  6
24  -8
24  -7
23  6
24  -9
21  -3
23  6
24  -7
23  7
25  -2
26  -4
23  8
26  -1
24  -5
27  6
22  1
22  0
23  3
23  2
22  -4
24  -6
25  0
20  -3
23  8
22  0
24  -5
23  8
24  -9
21  0
27  2
25  -6
21  -2
23  5
26  -4
26  2
20  -1
24  -4
25  -1
24  -5
24  -6
21  -4
22  2
24  -6
25  -4
24  -10
26  0
21  -3
26  -3
23  3
24  -9
24  -7
23  8
23  7
26  -3
26  -2
23  6
25  -3
24  -9
21  -6
24  -10
25  -3
23  5
23  3
25  -4
23  4
24  -5
24  -10
26  -4
23  8
23  7
23  2
26  2
24  -6
24  -6
26  -1
25  -3
23  7
24  -8
23  2
24  -9
23  8
25  -2
24  -6
22  -4
21  -6
24  -5
24  -6
22  -2
24  -8
25  -5
25  -4
22  2
20  -5
25  -1
25  -2
25  0
24  -9
24  -8
23  8
24  -6
27  7
24  -10
24  -7
26  0
20  -1
23  6
21  -6
24  -8
25  -6
22  0
24  -9
27  7
25  -6
23  8
26  2
20  -5
25  -1
26  -4
26  -2
25  0
25  0
23  6
25  -4
27  1
26  -1
25  -3
26  1
24  -7
23  2
23  5
21  -2
26  -3
24  -7
24  -4
25  -2
26  0
23  6
22  1
23  8
25  -6
26  -2
27  1
24  -7
27  3
21  -6
21  -2
19  3
23  8
25  0
26  2
25  -3
23  5
26  2
26  2
27  5
25  -3
24  -8
25  -4
19  3
23  8
22  -4
23  7
26  2
26  -1
26  -3
24  -8
24  -6
23  4
27  6
27  6
25  -6
24  -10
25  -1
25  -4
24  -6
24  -5
26  0
26  2
25  -3
23  5
25  -6
25  -4
25  -1
25  -2
23  2
23  6
25  0
21  -6
26  -3
23  3
26  -4
19  7
25  -6
25  -2
26  1
23  8
25  -1
24  -4
23  3
25  -3
22  -1
25  0
21  -6
25  -3
26  -2
25  -2
21  -5
23  7
22  -4
22  0
22  -2
23  8
26  2
27  6
23  5
25  -6
25  -6
27  1
24  -9
22  0
26  -4
25  -5
23  7
24  -9
22  2
22  0
23  8
23  3
25  -3
25  -2
24  -7
24  -8
22  -4
24  -7
24  -5
25  -3
23  4
23  5
26  -1
23  5
20  -3
25  -4
22  -3
27  6
22  1
24  -7
24  -5
24  -6
24  -6
23  4
26  0
24  -6
22  0
26  2
22  0
27  4
25  -4
26  0
24  -9
26  -4
22  -2
24  -5
25  -5
24  -5
24  -10
24  -6
22  -3
22  -2
21  -2
21  -4
24  -9
22  -4
20  -4
25  -6
27  5
24  -5
23  6
21  -5
25  -2
24  -7
26  0
23  7
24  -9
20  0
24  -4
24  -10
24  -6
22  -4
23  6
24  -8
23  7
27  4
25  -1
25  0
23  5
25  0
26  -2
26  0
22  -4
24  -5
26  0
24  -7
22  -4
26  0
23  2
25  -2
23  2
21  -3
23  7
25  -3
19  4
26  -4
22  0
24  -10
26  0
23  8
22  0
27  1
23  3
24  -4
25  -3
25  0
25  0
26  -3
24  -10
23  3
21  -3
24  -9
25  -6
27  4
24  -6
24  -7
25  -5
22  -1
26  -1
25  -1
24  -9
23  6
23  7
25  0
23  2
22  -1
20  -5
24  -9
23  7
24  -5
25  -4
26  0
25  -3
24  -8
23  7
24  -6
22  2
24  -8
24  -8
20  -3
24  -7
23  4
22  1
22  -2
26  -4
22  0
23  4
23  2
25  -2
22  -4
25  -6
22  1
25  -1
24  -6
25  -2
22  -2
25  -6
22  -1
26  1
22  1
24  -8
25  -1
23  3
25  -4
26  2
25  -5
25  -5
26  0
25  -2
24  -10
24  -10
26  2
25  -1
24  -8
23  5
25  -6
23  3
25  -1
23  2
22  -4
24  -9
25  -4
24  -5
25  -2
24  -10
23  6
22  -2
25  -6
23  6
25  -5
23  4
23  5
25  0
23  3
23  8
24  -4
25  0
23  8
26  -1
27  2
25  -2
24  -6
23  7
21  -5
24  -4
22  -1
25  -6
25  -4
23  6
23  8
24  -8
25  -1
26  -2
24  -9
21  -5
26  -4
22  1
24  -8
23  3
24  -9
26  0
24  -9
25  -1
25  0
24  -9
23  3
25  -4
25  -2
24  -7
23  5
26  -1
24  -8
21  -1
24  -10
22  -2
22  -1
27  3
22  -2
21  -5
26  -1
26  -3
25  0
25  -2
25  -4
26  -2
25  -3
24  -9
23  6
23  7
24  -10
23  2
23  7
25  -3
24  -9
23  6
23  3
23  2
25  -2
22  2
22  -1
24  -4
24  -10
23  5
22  -2
23  3
25  -2
26  -4
25  -1
24  -6
27  7
27  1
26  -4
21  -5
26  2
24  -9
22  1
20  0
26  2
25  0
22  -4
25  -6
20  0
25  -1
20  0
23  6
25  -1
23  6
24  -10
24  -8
24  -7
25  0
25  -1
24  -6
25  -3
25  0
25  -4
24  -6
23  5
24  -9
22  0
21  -6
25  -2
23  7
24  -10
26  -1
23  5
23  4
25  -2
24  -6
25  -5
27  4
25  -2
23  7
19  7
24  -9
24  -4
23  2
21  -3
24  -9
24  -6
22  -1
22  -3
27  3
24  -8
26  -2
25  -5
24  -7
23  7
26  -1
24  -8
25  -6
24  -7
26  -1
25  -6
20  -4
27  3
24  -10
22  0
25  -4
24  -4
25  0
25  -4
22  -3
24  -5
26  2
24  -7
22  -3
22  -2
22  -4
26  1
25  0
22  2
23  5
23  5
25  -5
26  1
26  -3
23  3
25  -2
23  2
23  5
25  -4
24  -4
22  -3
25  -6
24  -8
24  -10
27  2
24  -9
21  -6
23  5
24  -9
25  -3
23  5
22  -3
23  5
26  2
27  6
23  5
26  -3
24  -7
24  -9
24  -4
24  -9
24  -8
26  1
25  -3
24  -9
26  2
25  -1
24  -10
24  -4
24  -9
20  1
23  2
23  4
24  -10
26  -3
24  -5
25  -3
23  8
25  -2
21  -2
23  4
22  -3
24  -8
22  1
22  -4
22  1
24  -4
24  -8
26  -3
25  -5
27  4
23  3
22  -2
25  -1
25  -3
21  0
23  7
24  -5
21  -4
24  -7
23  8
24  -7
25  -4
20  1
