20  3
27  -3
22  -7
21  9
17  -2
24  5
22  -4
21  9
23  -6
12  4
21  5
19  -4
26  -2
21  7
24  8
23  -9
20  1
26  -1
23  -9
21  7
17  -1
22  -5
22  -6
21  6
24  7
25  2
24  6
26  -1
20  4
17  -1
25  4
25  1
22  -7
28  3
18  0
21  5
26  -1
23  -8
23  -5
25  0
24  8
22  -3
22  -5
23  -9
21  9
25  1
24  8
20  1
25  1
25  2
24  9
20  3
23  -5
28  5
24  8
21  9
22  -7
25  0
24  5
21  6
17  -1
22  -6
21  9
22  -5
24  8
25  4
23  -9
21  9
22  -4
22  -7
21  9
24  7
18  -1
24  8
23  -6
23  -9
21  9
21  7
25  3
23  -5
17  0
26  -1
21  5
25  4
18  -2
22  -7
22  -3
24  9
25  3
21  5
26  0
21  9
22  -3
22  -7
22  -7
19  -4
25  4
19  -2
17  -2
22  -5
21  7
26  2
26  -2
23  -7
22  -3
22  -6
25  3
22  -3
23  -9
21  8
23  -9
20  4
22  -5
27  -1
22  -3
22  -5
24  7
23  -7
21  5
25  3
20  1
18  2
23  -6
20  4
20  1
18  1
23  -5
25  4
22  -3
20  1
23  -9
22  -5
22  -3
25  4
21  5
21  5
22  -4
22  -3
25  4
23  -7
19  -2
22  -7
19  0
20  5
16  4
23  -7
23  -7
23  -5
23  -6
23  -5
21  5
19  -3
28  7
23  -5
23  -7
26  1
17  -2
21  7
21  6
21  6
23  -5
19  -1
23  -6
18  1
26  -2
21  5
23  -9
24  5
24  9
21  6
26  0
20  4
25  0
18  -1
21  9
18  1
20  4
20  3
23  -5
23  -7
22  -6
22  -7
23  -9
20  2
23  -6
25  4
22  -4
22  -5
24  8
22  -6
20  3
22  -3
22  -4
24  9
21  7
20  1
22  -7
19  -2
22  -6
19  -4
20  2
23  -5
19  0
25  1
23  -9
19  -2
25  0
22  -4
16  2
17  1
23  -8
15  6
19  -1
22  -4
22  -5
24  6
23  -9
23  -6
21  8
21  7
17  0
24  5
26  0
16  2
21  5
16  2
18  2
20  4
21  5
23  -7
24  7
25  0
19  -3
18  0
19  -3
25  3
21  6
20  4
24  8
22  -6
25  3
23  -9
23  -8
24  9
27  -5
25  1
20  2
22  -3
20  2
25  0
24  6
28  3
23  -7
15  8
15  4
19  -3
21  9
25  0
23  -5
19  -3
27  -2
24  5
20  2
24  7
21  7
21  8
22  -5
24  8
24  5
23  -7
22  -3
25  2
21  8
23  -7
25  2
17  -2
21  5
27  -5
24  7
21  8
25  2
25  3
21  8
19  -3
20  5
24  9
22  -6
21  6
17  -2
17  0
19  -4
21  6
17  0
21  6
22  -6
26  -2
18  -2
24  5
24  5
26  -1
24  6
22  -5
24  7
21  9
22  -5
19  0
21  9
21  5
19  -1
21  9
20  2
20  3
20  2
24  6
21  8
21  5
20  1
24  8
21  5
20  2
23  -8
22  -7
21  9
19  -2
18  0
18  0
22  -5
24  7
23  -7
23  -9
18  -1
25  2
22  -4
23  -8
27  -5
24  8
21  7
21  9
22  -7
23  -6
22  -6
19  -3
21  8
18  2
24  8
19  -3
20  4
23  -6
22  -3
22  -3
25  1
25  3
19  -4
20  3
25  3
18  0
20  1
22  -6
22  -6
23  -9
24  9
21  7
23  -6
22  -6
22  -6
17  1
26  2
22  -4
18  -1
29  3
22  -3
25  4
23  -5
25  4
21  5
23  -6
15  7
21  9
22  -4
22  -4
22  -3
21  6
21  5
28  7
24  7
20  4
21  9
21  5
23  -8
20  1
24  7
22  -4
22  -7
20  3
20  2
19  0
25  0
21  7
23  -7
21  5
22  -4
19  0
23  -9
21  5
21  6
23  -7
27  -3
18  -2
22  -3
22  -7
24  5
23  -9
25  2
24  5
24  9
16  2
27  -1
19  0
24  8
20  5
24  5
20  2
21  8
25  1
19  0
22  -6
24  6
19  -1
23  -9
21  7
20  4
20  2
27  -1
20  2
22  -7
23  -8
24  5
23  -5
21  7
24  8
16  1
25  4
21  9
18  0
21  5
23  -5
20  4
22  -5
25  0
25  0
23  -7
21  7
19  -3
21  5
28  6
24  5
23  -9
18  1
26  -2
21  6
21  7
24  9
20  5
20  1
22  -6
17  -1
24  5
20  2
26  -1
21  7
21  6
24  5
25  1
24  9
22  -4
24  8
20  1
22  -6
23  -7
20  5
19  -4
23  -5
22  -5
23  -9
18  -1
20  3
25  2
21  7
22  -3
19  0
18  2
17  -3
17  -2
21  9
19  0
23  -7
22  -5
23  -6
21  8
24  8
22  -3
25  4
21  9
20  1
22  -5
18  -2
26  0
23  -8
20  4
27  -2
23  -8
23  -8
24  9
25  0
24  5
23  -6
22  -3
23  -9
17  -3
18  2
22  -7
25  4
23  -9
20  2
19  0
23  -6
20  1
23  -8
23  -5
23  -6
24  8
21  7
21  6
25  4
24  8
20  4
24  6
21  9
18  0
23  -8
20  2
23  -5
24  9
20  2
24  7
21  7
28  7
19  -2
22  -7
21  7
21  6
21  6
22  -7
24  7
20  1
24  9
25  3
21  9
23  -6
23  -5
24  6
22  -6
23  -9
20  4
25  0
20  3
22  -4
17  -3
20  2
20  4
21  5
22  -4
21  5
23  -5
23  -7
16  2
18  0
25  2
23  -6
20  4
23  -9
13  0
18  -2
27  -2
18  1
24  6
23  -8
25  1
22  -5
26  -2
21  5
24  8
21  5
21  5
21  8
22  -5
20  1
21  6
21  9
21  6
19  -2
24  8
26  0
21  7
16  5
14  7
23  -7
20  2
21  6
24  5
18  -2
20  1
20  5
20  1
19  0
24  5
23  -8
21  7
18  0
23  -6
18  2
20  4
20  2
22  -4
24  8
25  3
24  9
20  1
18  1
21  9
24  6
22  -7
25  3
22  -3
23  -8
19  0
23  -6
20  2
17  -3
21  5
20  2
23  -7
19  -1
20  4
26  -2
20  4
21  6
20  4
21  7
29  -1
18  0
25  4
24  5
23  -7
29  2
25  1
23  -9
19  0
23  -6
22  -4
21  6
27  -3
23  -5
19  -2
24  6
18  1
23  -6
22  -3
24  6
23  -6
25  4
15  8
17  -3
24  9
23  -9
18  -1
18  -2
22  -4
16  1
23  -5
25  1
19  -2
23  -5
23  -5
19  -1
20  4
20  1
17  1
25  3
23  -6
23  -9
22  -6
20  3
21  7
28  5
19  -3
19  -4
19  -1
24  6
23  -9
28  3
20  5
23  -9
21  5
20  4
21  8
24  9
25  4
19  0
19  0
21  5
19  -3
25  0
26  0
23  -8
21  9
25  1
24  9
23  -8
18  2
22  -6
21  7
23  -7
24  6
14  6
25  0
22  -3
20  5
19  0
22  -7
22  -5
25  3
23  -8
23  -5
21  5
21  8
20  2
21  7
25  1
20  2
24  6
21  7
21  7
18  0
24  8
21  7
17  1
22  -3
20  5
15  6
22  -3
23  -5
21  8
21  7
20  4
22  -4
22  -3
22  -3
22  -7
18  0
21  5
23  -9
24  9
18  2
22  -7
21  8
17  1
22  -3
21  6
24  6
23  -6
22  -5
25  4
19  -2
23  -5
22  -4
19  -3
18  0
25  3
26  -2
19  -1
23  -5
24  8
27  -1
24  8
23  -5
21  8
20  5
25  4
23  -7
20  2
22  -5
22  -3
23  -9
23  -9
22  -6
24  8
26  0
20  3
24  6
25  1
24  9
19  -3
19  -4
26  2
22  -3
24  6
22  -7
19  -4
22  -4
17  0
21  5
24  5
20  3
20  1
20  3
22  -7
24  9
19  -4
28  7
25  3
24  7
23  -7
19  -4
20  2
20  4
22  -4
20  5
24  9
23  -6
23  -9
18  1
22  -3
22  -3
22  -5
25  3
21  7
21  7
22  -3
20  4
19  -2
22  -3
18  1
21  8
22  -6
20  4
22  -3
21  8
24  7
24  9
19  -3
18  0
25  2
21  6
20  4
24  5
23  -9
25  1
21  8
17  0
19  -4
21  8
20  5
20  1
25  2
21  8
24  9
22  -7
25  3
18  0
20  1
23  -8
21  5
21  7
22  -5
24  6
23  -7
21  8
21  8
24  5
16  4
22  -3
23  -9
22  -6
25  0
18  0
22  -6
19  -1
18  1
20  5
21  8
20  1
20  5
20  2
20  5
19  -4
21  6
21  6
17  -2
17  -1
26  -2
22  -3
25  1
23  -7
21  5
16  3
24  9
20  5
20  2
21  7
24  9
23  -8
21  9
24  8
26  2
15  8
26  -1
21  7
21  8
17  0
22  -5
23  -7
22  -4
15  5
19  -2
19  0
20  3
21  7
23  -6
21  9
21  8
20  5
25  3
20  5
20  3
22  -3
23  -7
22  -6
25  0
20  5
22  -4
22  -6
24  8
20  1
23  -7
23  -8
22  -5
26  1
18  -1
24  8
23  -9
22  -6
23  -8
25  0
22  -4
15  5
22  -7
24  6
20  3
19  0
26  0
22  -4
20  3
20  4
22  -7
23  -5
25  2
20  4
17  0
19  -3
18  2
24  8
19  -3
22  -3
21  7
23  -7
22  -5
22  -6
19  -2
18  1
22  -7
16  1
21  8
26  2
20  1
18  -2
21  5
19  -2
26  2
23  -6
23  -7
19  -2
17  -1
23  -9
23  -6
24  9
21  5
21  7
23  -8
20  1
