9  6
9  7
12  3
7  5
8  -7
9  5
10  6
8  -8
11  1
9  7
11  1
9  7
9  7
9  6
12  3
8  -8
9  7
12  3
10  7
11  0
10  7
12  4
9  7
9  7
10  7
8  -6
10  8
11  0
11  2
9  6
10  6
11  2
10  6
9  5
9  5
12  5
8  -6
11  2
8  -7
9  7
8  -6
11  2
9  6
10  6
10  8
10  6
8  -8
9  7
9  5
10  7
7  5
9  6
6  5
11  2
11  2
11  0
8  -8
11  2
11  0
9  5
12  3
8  -7
10  7
9  7
11  1
11  2
10  6
12  5
11  2
10  6
9  6
11  2
9  6
9  5
10  6
9  6
9  7
10  7
9  5
7  7
6  4
9  6
9  6
11  2
9  5
10  7
8  -6
12  5
9  5
9  5
11  0
11  2
9  5
12  3
11  1
9  5
10  7
8  -6
8  -6
9  6
10  7
11  0
8  -6
11  1
11  2
8  -8
10  8
11  1
10  7
7  7
10  6
9  5
11  1
9  7
12  4
10  6
8  -8
11  1
7  6
11  0
10  8
9  6
10  8
9  7
10  7
9  6
9  6
11  1
11  2
10  8
7  6
9  6
11  2
10  7
8  -7
12  3
9  5
11  1
11  1
10  8
10  7
10  8
11  2
7  6
11  2
10  7
8  -6
11  2
10  8
11  0
11  2
9  6
10  8
12  3
11  2
11  0
9  6
9  6
10  7
8  -8
12  4
7  5
11  0
10  6
10  8
8  -8
11  0
9  6
8  -7
10  6
10  6
7  7
10  7
9  5
9  6
11  1
10  8
10  8
8  -6
8  -6
8  -6
7  5
11  2
9  7
10  8
11  2
9  5
8  -7
7  6
10  7
10  7
10  7
8  -8
9  7
11  1
10  8
9  5
7  7
10  6
9  5
9  7
9  6
9  6
11  0
10  6
12  5
8  -6
10  6
11  0
10  7
11  2
9  5
10  7
9  5
8  -7
10  7
10  6
10  8
9  6
9  6
11  2
9  6
8  -6
8  -8
11  1
9  5
11  1
12  4
11  1
10  7
11  0
10  7
11  0
12  5
8  -7
9  7
8  -6
9  5
9  5
7  7
11  0
10  6
11  2
10  7
11  0
12  3
9  6
11  1
11  1
11  0
9  6
9  7
11  2
9  7
9  7
12  5
11  0
10  7
11  1
10  6
11  2
8  -6
8  -8
7  5
10  7
10  6
8  -7
9  6
9  7
10  8
10  6
10  8
9  6
11  0
10  7
10  7
11  1
9  5
11  0
11  1
10  6
9  7
10  8
10  8
9  7
8  -7
11  0
9  5
9  5
12  3
9  5
10  8
10  8
9  6
11  2
12  4
9  6
11  0
10  8
11  1
12  4
10  8
11  2
8  -8
7  6
12  3
11  2
5  2
11  1
9  6
9  6
12  4
10  8
9  5
8  -8
12  3
9  5
11  2
11  2
10  6
10  6
11  2
9  6
10  8
10  8
9  7
5  4
9  5
9  5
11  1
11  2
7  6
10  8
9  6
10  8
12  5
11  0
10  6
9  6
11  1
10  6
9  6
11  1
9  5
10  8
11  0
11  0
10  6
10  6
8  -6
10  8
11  0
12  4
11  0
9  7
11  2
10  7
8  -8
9  6
11  2
7  6
11  1
11  0
8  -7
7  5
10  8
7  5
10  8
9  5
10  6
9  5
11  0
10  7
10  8
9  7
10  6
7  7
12  3
12  4
10  8
10  6
8  -8
9  7
9  5
10  8
11  1
10  8
10  6
6  6
9  6
10  8
12  3
6  6
9  7
11  1
8  -6
9  6
11  0
8  -7
10  8
9  6
10  8
10  8
11  0
10  8
9  7
9  6
10  6
8  -7
11  1
12  3
8  -7
11  1
10  6
9  7
10  8
11  2
12  5
8  -6
8  -6
8  -6
9  5
10  7
7  6
10  7
7  7
11  1
10  8
11  0
10  6
10  7
9  7
10  8
7  6
8  -7
10  6
11  0
12  3
11  0
12  4
9  5
11  1
10  7
5  2
9  7
8  -7
10  6
10  8
7  6
8  -8
12  3
9  6
11  1
9  6
12  3
10  8
8  -8
9  7
9  7
7  7
11  2
9  7
8  -8
9  7
10  8
10  6
12  5
9  5
10  8
12  4
11  2
10  6
10  7
10  7
10  6
11  2
9  7
10  6
8  -8
11  0
11  0
8  -7
12  5
10  7
10  6
11  0
8  -7
7  5
10  8
11  0
11  0
11  1
9  5
10  7
9  5
10  8
8  -6
9  7
10  7
12  3
9  7
8  -8
12  4
10  7
10  8
10  7
11  2
9  5
9  7
9  6
9  5
7  7
7  6
8  -6
9  5
10  6
9  5
11  1
7  7
12  4
10  6
7  5
7  6
9  6
9  6
10  6
6  6
10  7
9  6
12  4
8  -8
10  8
9  6
8  -7
11  2
6  5
9  7
8  -6
9  5
12  4
9  7
10  6
9  6
9  7
11  1
11  2
9  7
7  5
9  6
8  -6
8  -8
11  0
7  7
10  6
11  1
9  5
10  7
10  8
11  1
9  7
9  5
11  1
8  -8
7  5
7  7
10  8
9  6
11  2
7  5
10  8
9  7
11  2
9  7
10  6
10  8
9  5
9  7
8  -7
11  2
10  8
9  5
10  7
11  0
11  2
9  5
9  5
9  7
11  1
10  8
11  0
10  8
10  7
10  6
11  1
11  2
11  1
10  7
8  -6
10  8
10  7
10  6
7  5
9  7
10  7
9  6
7  5
8  -8
12  3
11  1
8  -6
6  4
8  -6
8  -8
10  6
8  -7
6  5
9  7
12  5
9  5
10  7
10  8
10  7
11  0
8  -8
10  6
9  5
8  -8
10  8
10  7
9  5
10  6
10  7
10  8
10  7
10  8
11  0
10  8
11  0
9  7
10  6
11  2
10  6
11  0
7  7
12  4
10  6
9  6
11  2
10  8
8  -7
11  2
8  -8
11  0
10  8
10  7
10  8
11  0
10  8
11  0
12  4
11  1
9  5
10  7
12  3
9  7
11  2
10  6
8  -6
10  7
9  5
10  6
9  6
9  6
12  3
10  7
9  6
10  8
10  6
8  -8
11  0
5  2
7  5
10  7
8  -7
10  8
10  8
9  7
10  8
9  7
8  -6
10  8
6  5
12  5
10  8
10  7
8  -8
10  7
10  7
10  8
9  5
10  7
9  7
11  0
8  -6
9  5
8  -8
9  5
11  2
9  7
9  7
8  -6
10  6
8  -7
9  5
9  7
9  6
11  0
10  8
11  1
11  1
11  1
10  6
9  5
10  6
11  1
12  3
8  -7
10  6
10  6
9  5
9  5
9  6
9  5
9  5
11  0
9  5
10  6
9  7
11  0
11  1
8  -6
10  7
8  -6
10  7
12  4
10  6
9  5
10  7
11  1
9  7
11  1
9  6
10  6
9  5
10  7
10  8
10  7
11  0
11  1
11  1
10  8
9  5
10  6
11  0
9  5
9  7
9  7
8  -7
9  7
10  8
10  7
12  3
10  7
8  -6
12  4
11  0
11  2
10  7
10  7
10  7
8  -8
11  1
11  0
11  2
11  1
10  8
10  6
12  5
7  7
12  5
10  8
10  7
9  5
8  -6
10  8
11  0
10  7
12  5
8  -6
7  5
11  0
12  3
8  -6
10  6
11  0
11  0
8  -8
8  -7
10  7
11  1
10  8
7  5
10  7
8  -7
11  1
12  3
10  7
7  5
10  7
7  6
12  3
8  -8
10  7
8  -6
10  7
9  5
11  1
11  0
10  8
9  6
12  4
10  8
10  8
11  1
11  1
10  6
9  5
10  6
11  2
6  6
10  7
11  0
9  5
10  8
11  1
9  5
9  7
11  0
10  6
12  5
7  6
11  0
7  7
11  0
9  7
10  7
11  1
12  3
8  -6
9  6
10  7
11  2
9  6
10  7
10  6
12  4
10  8
10  8
10  8
9  6
7  7
10  7
9  7
8  -6
10  8
8  -8
7  6
9  6
10  8
10  8
9  7
10  6
9  5
9  6
10  8
11  0
7  6
8  -8
9  7
11  0
9  7
8  -8
8  -6
11  1
11  0
9  5
9  5
11  1
11  0
9  6
11  2
12  4
11  0
10  7
10  8
9  7
12  4
10  6
10  8
7  5
11  1
9  6
11  1
10  7
10  6
7  5
10  6
11  0
10  7
9  7
11  0
10  6
11  1
8  -8
10  6
11  0
9  5
10  7
9  6
10  7
12  4
8  -6
8  -8
9  5
8  -8
8  -6
7  7
12  3
11  0
8  -7
8  -7
12  5
10  7
11  1
10  8
9  7
7  5
11  0
10  8
9  7
7  5
11  1
10  6
11  2
11  2
9  5
9  7
7  6
9  6
6  6
8  -6
6  5
7  7
11  2
9  7
11  1
9  5
8  -7
11  2
10  7
10  8
11  1
11  2
10  7
11  0
9  6
11  1
11  2
8  -6
10  8
9  6
10  7
9  6
12  5
8  -7
12  4
11  0
12  5
11  1
11  1
10  8
8  -6
10  6
11  1
10  6
10  6
7  7
12  4
11  1
10  7
