16  5
17  -6
19  -3
19  -2
16  5
19  0
16  5
17  -3
17  -4
15  -3
16  6
19  0
18  -6
16  6
14  -9
14  -6
15  3
17  -1
19  -2
16  10
17  -3
16  6
17  -6
17  -6
18  -7
19  -1
16  5
16  4
17  -7
17  -5
16  4
18  -3
20  -6
18  -7
16  4
18  -7
18  -5
17  -2
15  2
16  4
16  4
18  -6
16  4
18  -6
17  -7
17  -7
14  -5
18  -5
18  -4
19  -3
19  -3
14  -9
18  -8
18  -8
17  -3
20  -6
17  -6
18  -6
16  8
19  -1
14  -9
16  8
20  -7
17  -1
16  10
18  -6
18  -3
18  -6
20  -5
18  -5
18  -5
17  -4
17  -4
18  -4
16  9
16  10
15  3
17  -1
17  -6
18  -4
20  -2
17  -4
18  -5
18  -6
18  -5
17  -4
18  -7
17  -2
15  -1
17  -2
17  -4
18  -6
16  9
17  -7
18  -9
20  -7
16  9
18  -4
17  -1
19  -4
15  0
12  -5
17  -1
17  -5
19  -3
17  -4
20  -2
17  -4
18  -8
19  -5
17  -1
17  -2
18  -8
13  4
16  4
16  9
19  -4
16  10
16  10
19  -1
15  2
16  6
17  -5
16  5
19  -5
14  -9
16  4
18  -3
17  -4
18  -7
19  -2
16  7
18  -5
15  2
18  -8
20  -3
19  -3
19  -2
18  -3
14  -10
17  -6
18  -4
18  -5
16  10
19  -3
19  -1
17  -2
17  -6
17  -4
19  1
14  -5
18  -7
18  -3
18  -6
17  -7
16  10
17  -7
19  -4
16  9
19  -3
16  5
17  -3
18  -4
17  -7
19  0
16  7
14  -8
15  -1
17  -5
17  -5
17  -2
17  -1
17  -3
16  9
16  7
17  -3
18  -3
16  8
15  1
20  -3
17  -4
20  -4
18  -3
18  -6
17  -3
17  -3
18  -6
18  -7
19  -5
17  -1
17  -2
19  -5
17  -3
18  -5
18  -5
16  5
20  -4
16  9
19  -5
19  -4
17  -6
18  -7
19  -5
14  -9
18  -9
18  -4
15  2
16  4
15  -1
18  -6
16  4
16  7
18  -5
18  -8
18  -8
18  -5
14  -8
16  4
20  -7
20  -2
17  -7
18  -6
17  -7
16  8
19  -1
15  -1
17  -6
18  -3
19  -5
16  10
17  -1
17  -2
15  3
18  -9
16  7
17  -6
15  -2
14  -10
19  -3
16  7
16  4
17  -4
17  -4
15  0
15  -2
18  -4
17  -7
19  0
18  -6
15  1
17  -6
19  1
18  -9
17  -7
17  -1
19  -1
16  4
16  4
17  -7
18  -9
17  -1
18  -5
15  0
16  5
18  -6
17  -7
16  10
17  -2
20  -6
18  -4
19  -4
17  -2
14  -7
17  -5
18  -9
17  -6
17  -6
17  -4
19  0
17  -3
20  -3
18  -7
16  4
19  -2
16  8
17  -4
15  0
19  -5
19  -3
17  -4
18  -5
18  -3
17  -5
20  -5
16  6
15  -1
18  -5
16  6
14  -4
19  -4
18  -3
19  -1
17  -1
17  -5
16  7
15  0
17  -2
19  -1
17  -1
19  -1
16  7
19  -4
19  0
19  -5
18  -7
19  -4
19  1
20  -8
17  -2
11  -7
20  -6
14  -6
16  6
16  7
19  -2
17  -7
17  -5
17  -3
18  -6
16  4
15  -2
19  -5
18  -5
18  -8
16  5
19  -4
15  3
18  -4
15  2
17  -5
17  -3
16  9
17  -7
17  -3
17  -7
19  -4
19  -1
17  -3
16  9
19  1
19  0
16  8
16  8
18  -6
17  -1
18  -8
18  -3
15  3
18  -5
17  -1
18  -5
18  -6
17  -2
15  0
18  -7
15  3
20  -7
17  -5
17  -3
14  -4
19  1
17  -5
18  -8
18  -6
14  -6
18  -6
20  -4
14  -5
16  8
18  -3
17  -1
18  -9
19  1
14  -4
18  -7
16  5
16  6
16  8
15  2
17  -6
18  -9
18  -9
19  -3
17  -2
16  10
17  -3
16  9
14  -7
16  9
18  -4
17  -4
17  -2
19  0
20  -8
17  -5
17  -1
19  -4
18  -3
18  -3
17  -2
16  7
18  -6
19  -3
15  -2
19  1
18  -7
17  -4
17  -3
16  7
18  -9
16  6
16  7
18  -3
15  -3
17  -1
17  -7
16  10
16  5
16  6
17  -1
16  10
19  -5
17  -1
17  -6
17  -5
16  10
19  -3
20  -6
18  -5
18  -9
15  3
14  -6
17  -5
16  10
17  -1
16  4
20  -3
16  4
15  -1
18  -7
18  -9
18  -8
17  -2
18  -7
17  -1
19  0
19  1
18  -8
18  -9
14  -4
18  -9
18  -8
16  10
19  -4
17  -7
14  -6
12  -5
18  -7
17  -6
18  -5
17  -1
16  4
16  4
19  -4
20  -4
19  -1
17  -6
16  10
18  -9
16  4
16  4
18  -3
18  -8
16  9
16  4
16  6
18  -4
17  -3
17  -5
16  6
19  0
19  0
19  -5
16  10
15  1
18  -7
17  -7
17  -3
18  -4
16  4
17  -1
17  -6
20  -5
18  -8
15  -2
20  -4
17  -5
18  -3
20  -6
18  -5
16  4
16  9
14  -7
18  -3
18  -9
17  -6
20  -2
15  -2
15  3
18  -7
18  -5
18  -6
20  -3
18  -3
18  -8
15  -2
18  -4
18  -7
20  -2
16  9
13  3
16  9
18  -3
18  -8
17  -5
17  -5
16  5
16  7
17  -1
19  1
19  -5
17  -4
17  -1
19  1
18  -5
19  -2
16  9
20  -7
16  8
19  -3
17  -4
17  -5
15  0
16  10
18  -3
17  -6
18  -9
17  -7
19  -3
19  -3
17  -7
20  -8
17  -7
17  -4
20  -8
17  -2
17  -2
19  -4
19  -3
17  -6
17  -4
18  -3
16  9
17  -5
19  -5
15  2
18  -3
18  -8
20  -7
18  -7
14  -9
20  -8
16  4
19  -5
17  -5
18  -4
19  -2
17  -1
17  -5
18  -6
19  -1
18  -7
18  -6
18  -3
19  -5
19  -2
19  0
16  5
16  10
16  10
17  -7
17  -6
19  1
17  -4
16  4
19  -2
17  -6
20  -2
15  -2
19  0
20  -7
19  -1
18  -8
15  2
19  -1
17  -2
18  -7
17  -5
18  -3
17  -5
18  -3
18  -8
19  -4
17  -3
16  7
17  -6
17  -6
16  10
19  0
16  7
19  -4
18  -3
17  -2
18  -8
18  -6
17  -4
18  -9
19  0
18  -7
15  2
15  3
18  -9
20  -6
17  -5
19  -3
16  9
17  -7
18  -8
18  -3
19  1
17  -5
16  5
18  -5
19  -2
19  -4
18  -4
15  1
17  -4
18  -9
16  5
19  -3
20  -7
17  -5
19  0
19  -3
18  -7
18  -5
15  1
18  -7
17  -1
17  -2
17  -2
16  9
17  -3
18  -7
18  -3
14  -4
18  -7
19  -4
17  -2
17  -3
18  -7
16  10
19  -2
18  -9
20  -3
17  -2
18  -8
19  -4
16  4
19  -4
15  -2
17  -4
19  -1
16  5
12  -6
19  -3
16  5
18  -6
15  0
18  -8
16  5
18  -4
17  -5
18  -7
17  -5
19  -1
18  -4
20  -4
18  -5
14  -4
15  0
16  9
20  -6
14  -10
18  -5
17  -4
19  0
17  -2
15  -1
16  10
16  4
17  -6
18  -3
16  9
15  -2
20  -5
17  -6
18  -3
16  6
17  -3
17  -5
17  -4
18  -4
17  -1
18  -6
19  0
17  -2
19  -3
19  -3
17  -2
15  -3
17  -4
18  -5
17  -7
18  -9
18  -4
16  5
16  4
18  -4
16  4
17  -2
17  -2
17  -2
17  -1
19  1
15  1
20  -3
15  1
14  -9
18  -5
15  -2
18  -9
16  5
19  -2
19  -4
15  0
20  -7
16  5
16  5
16  4
19  -2
18  -5
18  -5
18  -5
17  -6
18  -9
18  -9
17  -1
19  -1
17  -5
19  -1
16  4
18  -5
16  8
17  -6
16  5
16  9
17  -3
15  -1
15  0
17  -2
17  -5
18  -9
18  -4
17  -1
17  -5
16  9
16  8
18  -8
19  1
18  -5
18  -8
17  -3
17  -6
13  3
17  -7
19  1
18  -6
19  -3
17  -5
19  -3
18  -4
19  1
17  -5
18  -4
18  -7
17  -1
16  5
17  -2
17  -3
17  -3
14  -9
17  -4
15  0
17  -7
18  -9
15  -1
19  -2
17  -6
18  -5
18  -4
17  -5
19  0
18  -4
15  1
19  -4
20  -4
18  -4
19  -2
18  -6
19  -5
14  -6
18  -4
17  -6
18  -7
18  -9
15  3
16  5
17  -7
17  -3
16  6
14  -9
17  -7
18  -8
19  -2
18  -6
17  -5
18  -7
14  -9
17  -7
18  -8
19  0
20  -7
17  -4
18  -5
15  3
19  -5
13  -1
20  -5
18  -9
17  -2
14  -9
16  4
18  -8
16  4
18  -8
18  -8
18  -9
14  -5
19  -1
18  -8
17  -3
18  -8
17  -2
17  -5
19  -3
20  -4
16  7
16  10
17  -4
19  -4
17  -5
12  -5
14  -4
16  4
18  -9
19  -5
20  -4
18  -8
20  -7
18  -8
18  -3
16  8
18  -7
16  7
17  -1
16  6
16  7
20  -5
19  -4
17  -3
18  -9
20  -5
18  -4
18  -3
17  -2
19  -5
18  -4
17  -7
16  8
17  -6
19  -3
16  5
15  0
15  -3
16  10
20  -3
17  -2
19  -3
18  -4
17  -1
14  -7
19  0
18  -7
17  -3
15  -1
19  -3
17  -5
18  -9
18  -5
13  2
16  9
14  -9
17  -1
18  -5
16  10
19  -2
19  -4
17  -5
18  -8
19  -2
19  1
16  8
18  -6
17  -5
18  -5
18  -9
16  6
19  -3
15  -2
18  -8
17  -3
18  -8
18  -9
19  -4
17  -4
16  4
18  -3
15  -3
18  -7
19  -3
16  6
14  -9
18  -4
15  2
16  6
16  8
17  -5
18  -6
17  -2
15  1
19  -3
18  -9
16  9
16  4
18  -3
17  -5
14  -4
18  -8
17  -3
17  -6
18  -6
19  -1
15  2
17  -3
16  10
17  -1
16  9
19  -2
