16  2
10  -2
8  8
17  2
12  5
13  8
16  -1
14  5
13  11
11  -10
11  -10
12  -7
13  10
10  -7
12  5
14  4
14  9
10  0
11  -10
15  -3
15  -4
14  -1
15  -1
12  -4
15  -1
11  1
9  7
13  11
14  1
11  -3
14  10
11  -8
13  3
14  1
13  8
13  9
11  1
14  6
10  -9
16  -7
13  7
15  8
13  10
14  9
14  -1
16  3
11  -4
14  4
11  -2
15  4
12  4
15  2
13  3
16  -2
13  3
16  -5
15  6
12  3
16  -2
14  1
16  -1
13  3
15  7
17  0
11  0
15  6
12  0
19  -3
11  -1
11  -2
15  2
13  10
17  6
17  0
15  5
9  0
10  -2
12  5
12  -3
13  -1
15  -1
14  -1
12  -7
16  3
15  -1
13  11
13  3
14  10
13  1
18  -10
14  2
17  -4
14  -1
14  -1
13  7
12  -4
13  3
18  -8
14  7
17  -4
16  -1
13  3
15  -4
12  5
13  -1
12  2
17  -3
11  -2
15  -1
10  -2
14  1
12  -3
10  -4
15  7
14  2
16  -5
13  6
11  1
8  2
18  -3
14  1
17  7
10  -6
15  1
15  4
10  0
17  6
15  5
16  4
15  3
12  -6
15  6
17  -3
16  -7
15  2
12  1
15  8
13  6
15  -3
16  -2
16  3
13  5
15  2
11  0
17  -4
12  -5
8  0
15  -2
12  -6
17  -1
16  -4
20  -7
12  4
15  -3
16  -1
12  -6
13  0
13  10
13  0
17  4
12  -5
19  2
9  10
7  -2
11  -1
11  -4
12  3
13  10
11  -1
11  -4
15  4
11  0
8  0
14  -1
10  -8
8  3
14  9
17  1
14  5
15  -1
16  -2
16  0
17  -1
12  5
14  8
11  -8
17  4
15  7
13  -1
13  5
15  6
15  1
13  4
10  -7
14  8
14  10
13  -1
16  0
10  -9
16  0
14  6
10  -9
15  -3
14  10
15  6
12  2
14  10
10  -7
7  1
15  7
10  -1
16  -2
12  -3
11  1
15  -1
10  -11
14  7
9  6
15  8
11  -4
15  5
9  10
19  4
13  2
12  -3
9  10
11  1
13  10
16  -6
12  -1
13  7
11  -6
13  8
10  -11
16  -4
12  -3
13  8
12  2
16  2
9  3
14  9
15  1
14  -1
9  6
12  -3
18  -8
14  11
14  11
18  -11
17  -3
13  6
16  -5
12  5
12  2
15  3
14  0
15  2
14  3
16  1
16  2
13  8
17  4
12  3
13  -1
11  -7
15  0
17  1
11  0
15  0
14  6
12  -5
14  4
12  5
7  5
11  2
11  0
12  5
10  1
12  -5
11  1
14  -1
15  4
13  3
14  11
14  2
11  1
14  8
12  -6
15  -1
13  8
13  4
17  7
16  4
14  1
15  -4
9  4
14  4
15  1
11  -3
16  2
14  8
12  -3
13  5
15  5
11  -1
14  5
18  -5
16  -2
17  2
14  1
15  6
10  -1
13  8
14  10
15  7
11  -7
18  -5
10  -11
8  8
13  6
10  -1
13  4
13  5
13  4
12  2
11  0
11  -9
12  -6
9  9
10  -7
16  4
12  -6
12  -6
17  4
12  -1
13  11
12  -5
11  2
13  6
10  -3
16  3
10  -10
12  5
13  9
14  7
14  1
13  4
12  2
15  -4
14  7
13  10
16  -5
13  5
12  -3
13  11
13  10
12  -5
15  8
18  -10
16  4
14  7
16  2
11  -8
15  1
14  9
12  0
13  5
13  5
13  4
10  1
10  -3
11  -3
16  2
17  6
11  -2
15  1
9  2
12  -6
12  4
16  5
13  7
10  -10
15  7
8  5
10  -6
9  12
12  -1
16  2
13  -1
15  3
9  7
15  8
11  -9
12  -1
16  -7
10  -5
14  7
14  2
15  0
18  -3
12  1
11  -1
14  10
15  4
14  6
12  -3
12  1
18  -2
11  2
15  4
7  2
13  8
16  -3
11  -6
14  5
15  1
13  2
13  4
12  -3
11  -1
10  0
14  5
13  4
11  -1
13  -1
19  5
13  0
15  3
12  -1
9  4
16  -7
12  4
11  -3
16  5
13  2
15  3
14  9
14  -1
16  -5
16  1
10  -8
9  6
11  -4
10  -9
12  4
15  4
10  0
17  3
11  -5
15  4
13  3
17  -3
13  1
11  -5
9  5
16  -3
12  -4
9  2
10  -9
14  3
13  5
16  -6
14  3
10  -3
17  -3
9  9
14  7
13  2
13  2
14  -1
14  6
9  8
16  -1
9  0
14  0
18  -3
10  -4
13  8
13  7
16  1
13  0
17  4
10  -11
14  11
10  -3
12  -4
16  1
14  6
15  -2
10  -5
15  -4
14  4
15  -4
15  -3
13  1
14  5
12  -2
14  6
14  4
15  8
14  8
15  2
7  -3
17  5
13  9
13  -1
10  -11
16  4
8  11
13  6
14  11
11  -6
17  -1
11  -3
11  2
16  -3
11  -8
9  9
12  4
18  -8
11  -5
15  -3
17  0
13  9
15  7
19  -1
15  5
12  -6
17  7
17  4
19  2
15  -3
10  -11
13  1
12  3
11  1
13  2
14  11
11  2
9  4
16  -2
12  0
13  2
12  -7
18  -5
12  5
13  3
12  2
12  5
11  0
15  7
12  -6
9  1
15  1
15  -3
11  -1
13  4
13  8
18  -9
13  3
16  -6
16  -1
13  5
12  3
16  -3
12  -2
18  -1
17  -4
16  0
15  -1
16  -6
14  8
11  -10
13  7
8  11
15  -1
14  1
15  -4
15  -1
15  1
12  -6
8  9
16  -6
14  11
12  -3
18  -5
14  8
16  -2
12  0
14  3
13  1
14  10
12  -1
16  -5
14  11
12  -2
13  5
13  11
13  6
14  0
16  3
13  10
11  -6
16  0
10  -8
16  3
13  10
8  11
14  10
12  -2
12  -2
13  9
14  1
13  8
16  -5
11  -5
12  5
17  -3
17  -1
13  0
13  10
16  -7
8  11
10  -3
10  -11
12  -3
16  -5
13  5
12  -6
11  -8
13  1
13  7
15  4
11  -3
10  -4
13  10
14  8
9  0
14  4
10  -1
14  7
15  4
14  8
16  -3
14  4
10  -3
8  3
15  -2
11  -9
12  2
17  -3
16  2
16  4
15  1
17  -2
18  -3
16  -5
11  -9
15  6
15  2
13  8
11  1
17  -1
12  2
15  -4
11  -2
11  -7
11  -7
13  3
15  3
14  0
12  2
10  -4
14  1
12  0
16  -2
10  -6
15  -3
10  -7
10  0
11  2
12  5
14  7
14  6
13  8
13  6
11  2
13  6
15  6
18  -8
15  0
17  4
14  1
14  9
13  6
12  2
13  3
14  5
13  11
14  0
16  0
17  6
12  -1
13  2
15  7
10  -8
14  3
10  -1
11  -2
15  0
14  11
14  1
16  3
14  0
11  -2
16  0
13  10
10  -5
13  -1
15  -1
10  1
13  11
17  -3
11  0
13  1
16  -7
16  -4
14  6
12  -1
15  0
15  -4
16  -7
12  4
10  -10
12  4
15  7
12  -3
11  -7
19  6
14  2
15  5
11  -1
15  1
13  1
13  11
11  2
15  -4
15  5
11  2
14  7
15  0
14  5
11  -10
12  -7
14  0
15  -1
20  -3
17  4
12  -7
13  9
16  -1
17  4
10  -11
16  -4
13  11
11  -7
12  1
14  0
11  0
13  9
11  -1
12  -1
12  4
17  4
14  2
13  7
15  1
12  3
16  3
13  2
14  4
11  -4
15  -2
14  0
10  -3
14  1
15  2
10  -2
16  -4
17  -4
13  6
16  -7
13  6
13  4
15  1
10  -10
12  0
17  1
9  6
14  9
12  0
18  -6
12  3
11  -5
16  -7
16  5
15  2
12  4
12  2
18  -5
14  3
14  5
17  -3
11  -3
17  3
13  5
13  7
17  -5
12  4
18  -1
12  0
6  -3
10  -3
13  0
11  -3
11  0
10  -8
12  -2
17  6
19  0
15  8
17  -5
15  6
12  5
16  -7
9  7
14  -1
17  -4
15  -2
8  11
17  -1
15  6
11  -6
14  9
12  5
13  9
12  -1
13  3
8  0
15  6
12  -7
13  3
15  -2
11  -5
8  10
18  -3
16  4
13  9
16  3
14  -1
11  -2
13  4
15  5
9  8
13  0
13  4
8  12
15  1
16  -3
15  3
11  1
11  0
13  4
14  -1
15  -4
15  6
17  5
12  -1
9  11
15  3
11  -2
15  -1
16  0
15  -4
12  3
15  0
9  8
12  2
15  5
15  3
12  0
11  -3
12  -7
14  3
12  0
13  10
12  3
11  -4
10  0
11  -8
13  -1
11  -5
14  10
12  5
16  2
15  4
12  -2
12  -1
11  2
11  2
13  7
16  2
7  -4
19  7
12  -7
12  3
16  3
13  11
10  -9
16  -6
11  -1
15  4
11  -10
9  1
16  0
13  11
14  1
12  -2
11  -10
14  10
14  8
11  -2
13  2
12  -3
12  2
13  11
12  0
10  -4
11  -8
18  -4
14  0
11  -6
14  2
10  0
13  2
18  -10
9  3
15  -3
17  -5
8  1
9  4
11  -7
19  5
13  0
16  -7
16  -6
15  1
9  11
15  -1
17  6
9  1
16  0
9  12
14  -1
9  2
13  8
17  4
8  6
16  -7
13  0
13  -1
15  7
10  -5
12  3
17  1
11  1
10  1
16  -6
15  3
14  8
12  -1
11  -10
12  2
13  4
15  7
13  11
12  1
17  2
11  -10
15  3
12  5
6  1
13  7
14  5
11  -4
16  1
9  8
11  -8
13  4
16  5
