31  3
26  0
28  0
27  -6
30  -7
28  3
30  -5
27  -5
23  3
30  -5
29  -2
29  -1
27  -4
25  4
28  0
26  4
27  -3
27  -4
23  3
30  -6
30  -5
25  4
30  -7
32  5
30  -7
27  -7
28  3
30  -4
27  -3
26  1
28  1
28  2
28  3
25  5
28  0
28  2
31  5
27  -7
34  -8
32  5
27  -5
31  5
29  -1
27  -4
31  5
29  0
26  4
29  0
29  -1
31  3
31  4
31  6
26  2
30  -7
29  -1
29  -3
32  4
27  -4
28  4
29  -1
30  -5
30  -5
31  7
31  3
32  8
28  1
32  7
29  -2
30  -4
28  4
25  5
29  0
31  4
29  -3
31  5
27  -3
32  7
32  7
25  6
31  3
31  6
27  -7
28  3
29  0
29  -3
28  4
26  1
28  0
24  0
29  -2
29  0
28  3
26  1
31  7
31  5
31  3
29  -1
33  4
31  6
26  4
26  3
27  -6
30  -5
29  -3
32  5
26  0
26  0
29  0
26  0
25  8
22  -2
32  5
30  -6
27  -7
31  5
25  5
28  1
29  -3
27  -4
27  -7
26  1
35  -4
25  7
28  2
28  1
32  4
25  8
28  4
30  -4
28  1
32  6
28  1
32  7
33  2
31  4
31  7
21  4
25  5
27  -4
31  3
29  0
30  -4
32  6
31  5
27  -4
29  -2
31  6
30  -8
28  0
26  0
29  -1
30  -8
29  -3
30  -5
29  0
28  0
23  3
31  4
31  4
30  -8
30  -6
25  5
28  0
31  5
27  -5
28  1
31  4
31  6
29  -1
32  7
22  0
28  0
30  -8
28  0
28  2
25  7
28  0
27  -7
29  -3
26  4
25  7
30  -6
26  2
28  1
27  -6
27  -6
32  8
31  7
32  5
27  -3
29  1
24  -1
27  -4
33  1
25  8
32  8
32  7
31  5
27  -5
27  -7
28  4
26  2
34  -9
32  5
24  2
26  1
29  0
24  3
28  1
28  2
27  -5
33  1
25  7
35  -2
30  -4
31  7
31  4
33  3
26  3
33  3
28  0
25  5
27  -3
24  -1
33  0
25  4
31  7
27  -5
31  7
23  4
29  0
30  -6
27  -5
29  1
26  0
30  -5
29  -3
32  7
29  -3
25  4
31  7
29  1
29  -1
32  4
29  -1
27  -6
31  3
31  7
31  5
29  -2
29  -2
30  -7
32  5
29  -1
28  1
27  -7
30  -7
25  4
31  3
30  -6
29  1
23  5
31  6
28  1
30  -4
31  5
33  2
26  3
28  3
25  4
32  8
29  1
25  5
34  -9
30  -4
27  -7
26  4
25  5
31  5
24  -1
27  -6
29  -2
30  -7
25  4
27  -7
26  1
26  2
31  4
31  6
29  1
27  -3
29  0
26  1
27  -3
29  1
28  1
30  -8
26  2
31  6
30  -6
27  -3
26  4
32  7
30  -7
25  7
32  8
30  -7
28  1
31  7
32  8
29  -3
29  1
28  1
27  -3
28  4
29  1
33  3
31  5
32  5
26  1
27  -5
28  1
24  2
29  -2
24  2
28  1
30  -5
29  -3
27  -3
32  4
27  -6
28  2
28  1
26  3
27  -4
26  1
28  0
31  7
30  -8
29  0
29  1
34  -6
34  -7
23  4
30  -7
27  -3
25  5
28  3
26  2
29  1
31  7
30  -4
29  -2
28  4
28  0
28  2
28  1
31  4
34  -9
30  -4
30  -5
32  5
29  1
28  0
33  0
30  -4
30  -5
28  4
31  6
30  -4
29  1
35  -4
24  3
30  -7
26  1
28  0
30  -7
31  7
29  -1
26  3
33  2
30  -4
29  -3
24  0
34  -9
30  -5
27  -3
29  1
26  4
26  3
24  1
32  6
28  0
29  1
31  4
30  -7
30  -7
28  2
29  0
32  4
25  8
30  -8
28  1
28  1
24  0
29  -2
29  -3
29  1
25  5
29  0
31  7
32  5
28  2
31  5
28  0
30  -7
33  1
32  8
29  -1
30  -8
30  -4
30  -5
27  -7
28  0
28  2
28  1
25  6
25  5
28  1
25  8
26  3
29  0
22  0
27  -5
29  -3
31  4
31  5
29  -3
30  -5
27  -6
33  2
32  7
30  -5
32  6
29  -1
28  1
26  0
30  -6
29  -3
30  -8
31  7
25  6
27  -5
30  -4
31  4
27  -6
29  -1
29  -3
28  1
23  6
26  2
30  -4
27  -4
26  2
31  4
30  -7
32  4
33  3
28  1
25  7
19  -3
29  1
23  4
27  -4
28  4
29  0
24  2
23  7
33  1
31  4
28  0
27  -6
25  8
29  0
30  -5
32  8
24  -1
27  -3
31  4
30  -6
32  8
25  4
22  -3
28  1
25  7
27  -4
26  3
29  0
26  3
27  -5
28  0
30  -6
25  8
32  5
25  4
27  -4
30  -5
28  4
29  1
24  0
36  2
26  2
32  7
28  1
31  6
32  6
30  -5
31  7
27  -3
30  -6
26  3
29  -3
27  -7
32  6
34  -6
27  -4
29  -1
29  0
30  -5
27  -5
28  0
32  8
31  5
30  -5
30  -4
28  2
31  7
27  -3
30  -5
31  6
34  -8
31  4
28  3
25  7
32  8
28  1
33  0
27  -6
27  -4
27  -6
26  2
30  -7
30  -5
27  -4
25  7
26  1
26  3
31  7
28  0
25  5
33  0
25  5
26  0
28  0
29  -2
30  -7
30  -6
28  4
31  7
26  1
28  2
26  1
29  0
29  -2
31  5
24  -1
29  1
28  0
29  -3
29  0
29  0
26  0
29  -3
33  1
24  3
32  6
29  -2
27  -7
30  -4
28  0
26  3
28  3
27  -7
30  -8
26  2
31  5
30  -4
24  2
27  -4
28  0
31  3
32  7
31  5
35  -1
27  -7
26  1
26  3
25  8
24  2
30  -4
28  1
28  4
30  -4
26  3
31  6
28  4
29  -1
30  -4
33  3
30  -8
27  -6
25  5
25  4
28  4
25  8
27  -6
31  5
28  4
20  1
28  4
26  0
25  7
26  1
32  8
30  -4
28  1
29  -2
28  0
30  -4
28  1
26  0
26  3
24  -1
25  5
27  -6
23  3
32  6
31  6
26  0
26  3
26  3
30  -4
31  7
34  -5
32  4
29  1
26  4
26  2
33  0
28  0
29  -2
31  4
21  3
29  0
29  -1
29  -2
28  1
33  1
29  -3
32  6
33  2
25  6
25  6
33  1
26  3
28  3
30  -6
25  5
28  0
32  5
28  1
26  0
26  4
31  4
28  3
23  6
29  0
28  2
30  -4
27  -5
31  6
26  1
32  5
28  1
27  -7
29  0
31  4
27  -3
27  -3
30  -8
32  6
26  2
29  -2
23  6
31  4
27  -4
31  6
29  -2
24  2
32  5
28  2
29  -1
29  -3
26  4
22  -3
31  3
28  0
27  -7
25  8
24  1
26  2
28  3
30  -6
32  6
31  5
32  4
29  -1
29  1
28  3
27  -7
30  -6
28  3
31  7
30  -5
32  5
26  0
34  -9
29  -1
27  -4
24  2
32  4
30  -6
28  0
28  2
28  2
28  3
31  6
25  7
26  4
21  3
25  5
30  -8
27  -7
25  5
28  4
28  1
25  7
28  4
31  6
30  -8
34  -9
26  2
25  6
28  3
28  0
31  7
24  3
29  -2
22  -2
27  -3
29  -1
32  7
25  5
29  -2
33  4
28  2
30  -7
27  -6
32  5
28  2
23  3
31  3
28  4
28  4
29  0
32  5
29  1
31  7
27  -6
30  -5
31  5
27  -4
27  -4
33  4
28  1
28  0
29  1
27  -3
28  2
23  4
29  -2
27  -7
30  -8
29  -2
26  0
29  -2
28  3
28  4
29  -3
31  6
33  1
29  -1
35  -4
27  -3
31  3
25  6
29  -2
33  4
33  4
26  1
25  7
26  0
26  4
28  3
32  5
31  4
33  3
31  7
31  7
30  -7
32  4
27  -7
24  -1
22  -3
31  6
31  4
28  1
28  0
32  6
30  -5
29  -1
23  6
31  3
25  4
30  -8
29  -3
24  3
25  8
27  -7
30  -4
31  4
33  3
29  1
32  7
30  -6
32  7
29  -1
32  5
26  0
27  -4
26  1
33  2
31  7
26  4
31  6
28  4
32  7
31  4
28  0
30  -4
33  4
29  1
29  -3
30  -4
32  7
31  6
29  -1
32  4
32  4
28  3
33  3
30  -6
24  -1
31  7
26  1
28  1
29  0
28  2
28  1
28  4
28  4
29  -2
32  6
32  4
30  -6
34  -5
25  6
26  2
29  0
27  -5
32  4
29  -3
29  -3
26  4
25  8
31  7
31  3
31  4
26  4
31  3
34  -7
27  -5
28  1
29  -3
27  -5
30  -4
27  -7
25  8
29  -2
28  2
27  -6
32  6
31  4
32  8
31  4
31  5
26  4
29  -2
27  -6
29  0
28  3
27  -4
31  6
27  -6
31  4
29  -1
28  0
28  0
23  5
26  4
31  4
29  1
24  3
29  -3
24  2
28  1
29  -1
31  5
27  -3
32  6
25  7
25  8
32  6
30  -4
29  0
27  -7
29  -2
27  -3
27  -3
30  -7
30  -8
26  0
30  -7
30  -4
29  0
29  -3
30  -7
26  2
18  5
27  -5
31  7
31  5
29  -1
29  0
35  -2
27  -5
28  3
34  -9
31  6
27  -4
30  -8
29  1
33  2
26  0
22  -2
28  0
32  8
30  -4
30  -7
32  5
30  -7
31  7
29  -1
34  -6
30  -7
26  2
29  0
29  1
32  6
26  1
