17  11
14  1
19  2
19  -1
19  6
15  -6
18  -3
16  -6
15  -9
15  -1
15  -7
18  1
16  -8
14  1
15  -1
15  1
17  4
18  6
16  -9
17  2
17  12
18  1
18  0
14  -5
20  10
17  5
16  -7
14  -5
16  -1
17  2
17  5
15  2
17  8
18  1
15  -7
19  8
15  1
19  6
18  -3
19  3
14  -8
16  1
15  -4
15  -3
17  5
18  6
15  2
19  1
21  3
18  5
19  9
15  -8
18  5
16  1
16  -3
14  -4
18  2
15  -6
19  -1
15  -6
15  3
19  0
13  -3
17  12
13  3
16  -1
18  6
14  -9
18  7
17  13
20  4
19  1
14  -2
16  -2
16  -9
17  5
18  6
13  -6
16  0
17  9
14  -8
18  5
20  6
18  7
17  6
13  0
18  -5
19  6
15  -8
15  -4
17  8
20  7
16  -8
16  1
18  1
18  7
16  -5
17  10
19  6
17  13
17  7
18  -3
17  1
15  3
19  9
17  3
18  -4
15  0
13  1
13  -8
18  -4
17  12
17  8
17  2
17  9
17  12
19  7
16  -4
17  13
14  -10
16  0
17  10
14  -6
17  5
14  -3
15  -6
16  -4
17  10
17  13
20  2
19  1
12  -1
16  1
13  0
20  6
18  6
19  6
17  6
15  0
19  10
18  1
19  3
17  4
16  -9
14  -4
18  -1
14  -11
18  -2
18  2
19  1
18  1
18  -2
16  -9
14  -6
13  -6
19  9
15  -5
16  -2
15  -3
17  12
16  -7
17  10
18  3
19  8
18  0
17  2
16  -8
17  6
14  -7
13  -1
20  8
17  2
15  2
17  7
17  8
13  0
19  9
18  6
13  1
17  9
20  0
19  4
15  -9
16  -11
19  10
19  -1
12  -10
19  9
17  9
16  -3
17  13
18  1
19  7
22  -10
18  -4
19  0
13  4
19  1
15  -6
18  -2
15  -1
17  4
18  1
16  -5
14  0
15  3
16  -1
19  7
17  6
19  -1
17  11
19  4
17  10
16  -3
21  3
18  0
16  -6
19  5
17  10
18  -5
15  1
15  -1
15  1
17  9
19  6
15  -1
15  -1
15  -1
17  11
15  -4
19  2
19  11
15  -8
18  4
16  -8
20  7
14  1
16  -4
18  -1
17  11
18  4
16  -4
16  -5
18  0
18  2
16  -11
14  -5
15  1
14  1
16  -8
18  1
18  5
15  -7
18  -5
17  4
13  4
20  -1
19  9
20  3
16  -6
14  -11
17  8
17  6
15  -5
16  -1
16  -4
16  -10
15  2
13  -5
19  2
18  0
16  -3
17  13
18  -4
15  -5
20  -1
17  8
11  -2
18  0
17  10
17  2
18  -2
17  4
18  7
12  -6
16  0
18  7
17  6
15  1
18  2
17  2
20  11
16  -9
16  -5
17  10
13  -1
18  1
16  -6
17  2
17  6
19  10
19  6
18  0
15  -7
19  8
14  -10
17  4
16  0
16  -10
14  -8
17  4
17  8
14  -3
18  -2
20  9
15  -6
16  -9
19  5
12  -6
15  2
17  4
21  9
16  -7
17  2
16  -11
15  -1
17  8
16  -3
18  6
15  -8
15  3
19  1
18  -1
13  -5
17  13
14  -11
19  10
16  -10
19  11
18  2
15  -2
17  6
16  -11
16  -9
19  8
18  0
16  -10
19  -1
19  8
18  5
17  7
17  2
18  6
19  4
12  0
18  -2
17  2
13  -8
15  -5
16  -5
16  1
18  4
19  1
18  -2
18  3
14  -2
17  4
14  -4
19  2
13  3
19  3
16  1
11  -10
17  7
18  2
16  -9
16  -8
19  5
15  -2
18  1
17  10
13  -2
14  -3
21  8
16  -1
15  -8
17  1
17  10
14  -10
18  -2
18  3
18  2
15  -8
15  -9
15  -3
16  -3
17  2
17  13
15  -8
19  1
16  1
15  -6
19  1
16  -7
18  0
17  7
16  1
16  -2
16  -5
16  -1
16  -7
18  2
15  -1
17  11
16  -4
18  1
16  -11
16  -1
16  -1
19  0
17  10
15  -8
13  1
17  7
15  -1
21  11
15  -6
12  0
12  -3
16  -4
15  -3
15  2
20  1
18  1
18  0
17  13
21  5
15  -6
18  3
20  10
12  -2
19  10
15  -1
17  1
19  10
17  5
13  -3
18  2
17  13
20  1
19  0
20  5
18  3
14  1
14  -1
16  -6
18  4
16  -6
20  5
21  11
19  1
15  -8
15  -7
19  0
18  2
16  -6
20  4
8  1
15  -9
19  10
20  10
17  1
16  1
17  8
14  -8
18  0
14  1
20  7
12  1
17  8
16  -3
20  10
18  -1
15  -2
19  10
17  10
16  -8
18  -5
15  2
15  -5
16  -1
17  10
18  4
19  2
19  2
16  1
18  1
15  -1
15  2
18  2
15  -6
17  5
19  7
18  -3
16  -7
17  2
17  13
21  7
19  -1
16  -6
20  5
15  -8
18  4
15  -5
15  -8
14  -4
18  7
16  1
18  -4
18  -3
14  -3
16  0
16  -11
16  -5
15  2
14  -8
18  3
19  4
12  -3
19  6
19  3
16  -1
18  -1
14  -9
15  3
17  4
20  6
19  5
20  11
15  -6
18  4
14  -1
16  -1
18  0
19  6
16  -1
14  -7
16  0
17  4
19  4
20  10
19  -1
21  8
15  -2
17  6
13  4
18  3
17  11
14  -9
17  1
14  -10
12  -8
16  -2
14  -3
15  -6
19  1
19  2
16  -4
16  1
18  7
17  3
18  -3
18  0
15  2
20  11
11  -7
18  2
15  -7
16  -11
14  -7
18  5
17  12
15  -3
19  9
17  1
18  3
16  -8
19  3
17  2
16  -9
15  -6
14  -11
18  2
18  3
16  0
19  11
12  -1
17  2
14  -3
14  0
15  -9
15  0
14  -10
14  0
17  3
19  2
20  6
20  5
18  4
12  0
19  10
16  -2
21  1
16  -8
16  -5
16  -4
18  0
19  -1
20  4
15  -7
18  -5
15  -4
20  9
20  0
17  4
15  -5
16  -10
20  9
19  3
17  9
16  -7
18  -5
17  7
17  9
19  8
18  3
15  3
17  4
6  -1
16  -7
15  0
17  4
17  2
19  4
16  -4
16  -5
18  -1
15  3
17  3
15  -3
12  -9
15  -5
20  7
14  0
16  -6
19  2
13  4
15  1
19  8
14  -11
14  -9
20  1
18  -3
20  2
15  -3
15  -6
17  1
19  4
18  -5
17  8
12  1
19  7
18  3
17  13
14  -4
15  -2
16  -4
16  -8
20  3
19  3
17  8
20  4
19  7
15  0
18  -4
16  -2
18  6
16  -11
16  -8
15  -8
16  -9
16  -8
19  1
19  11
19  2
16  1
17  1
16  -9
16  -6
19  8
18  -5
18  5
19  0
18  -5
12  -2
18  1
17  1
18  -4
16  -2
17  5
18  -1
19  2
18  2
19  1
19  10
12  -3
19  7
18  3
17  4
20  4
18  5
19  0
17  4
21  5
19  1
19  10
16  -10
20  1
19  4
18  3
20  -1
19  5
17  11
21  8
15  -7
14  0
17  6
18  3
16  -8
19  0
15  -5
15  2
18  3
17  10
12  -8
17  5
16  1
19  11
18  -2
16  -11
15  -7
18  5
21  3
15  -7
13  -5
15  -3
17  10
18  2
17  8
13  -5
18  4
15  -9
15  -7
18  7
19  4
17  7
14  -11
14  -10
14  -1
13  -2
19  8
18  3
14  -4
17  5
16  -8
15  3
15  2
19  9
16  -9
17  5
18  -3
17  3
17  4
17  4
17  4
17  5
17  8
17  1
17  10
13  2
16  -7
14  -8
15  0
16  -7
14  0
15  -9
17  11
16  -11
17  4
16  -3
18  -1
18  6
17  11
16  -8
18  7
17  10
17  6
15  -8
17  7
17  5
18  4
18  7
20  8
19  3
18  2
18  0
18  -2
15  1
18  -3
17  6
21  10
15  -8
16  -10
17  7
18  -1
18  -1
17  13
16  -9
17  7
19  11
20  4
21  1
16  -9
16  -4
17  6
16  1
17  8
17  5
17  4
13  -1
15  -4
17  1
19  0
16  -6
20  5
16  -7
14  -1
19  9
15  -9
20  8
16  -2
17  6
13  -1
19  11
19  9
20  -1
19  -1
18  7
18  -2
17  11
17  2
19  11
15  -2
19  6
18  3
14  -2
17  6
12  -4
16  -8
18  0
15  -3
20  7
18  -2
16  -7
17  8
19  1
18  -5
18  -3
18  -4
17  5
18  7
14  -8
15  -7
18  2
17  13
16  -2
17  4
17  4
15  -3
16  -1
18  -3
20  7
15  -9
19  -1
18  2
17  5
14  0
16  -8
19  4
19  9
17  8
17  11
18  2
18  -3
18  -4
12  0
20  -1
18  -1
16  -2
16  -9
15  -9
15  2
17  5
16  -11
16  -6
15  1
14  0
18  7
15  0
18  -3
19  8
17  3
14  -9
17  10
20  11
15  -9
18  4
12  2
18  0
17  10
17  13
15  -1
18  -1
19  11
17  2
20  -1
17  3
19  11
16  1
21  1
19  10
21  3
16  -2
18  -3
19  8
14  -5
20  9
18  -1
18  1
18  7
20  0
18  -1
18  -4
15  -8
16  -7
17  8
16  -10
19  8
19  2
17  4
16  -3
21  9
16  -4
17  4
14  1
15  -3
17  2
16  -10
19  3
15  2
12  -8
15  3
20  1
17  12
18  1
17  10
15  -9
17  12
19  2
17  13
18  7
18  6
17  4
14  0
16  -6
18  0
15  -2
19  -1
18  5
17  10
19  9
16  -1
17  5
14  -6
19  5
16  -10
19  0
15  0
15  0
16  -5
