14  -8
13  -1
13  -1
11  -10
13  -10
15  1
12  2
11  -7
14  -7
13  -4
14  -11
14  -14
18  2
13  -3
13  2
12  1
13  -2
12  -5
11  -5
14  -5
8  7
10  -7
10  -3
11  -8
14  -3
11  4
10  4
9  1
12  5
14  0
9  4
12  1
15  -6
15  5
12  1
16  -8
11  -7
17  4
11  2
15  -5
21  -1
10  6
8  6
10  -5
15  -3
9  13
16  -9
10  6
11  0
16  -12
9  5
6  1
13  2
12  7
8  4
12  2
9  0
14  -13
12  6
9  10
7  -3
13  2
17  -2
17  9
15  -6
13  -12
14  -14
7  -7
14  -5
15  -2
6  -3
9  13
17  0
11  2
11  -1
15  -6
10  -2
11  -6
8  -2
10  -1
16  -4
10  1
13  2
8  4
9  3
14  -2
7  -11
12  8
10  3
14  -12
12  -4
16  -11
12  -5
14  -11
13  -10
12  -2
18  -8
11  3
11  -7
14  -10
15  -2
11  4
15  8
11  -6
12  2
13  -10
9  11
14  -5
7  -3
9  5
16  -12
12  -2
10  -3
9  5
9  10
16  -9
10  1
18  -4
11  3
7  -13
15  8
12  6
14  -1
14  -13
15  6
13  -5
10  -7
23  -3
13  -10
12  8
11  -4
14  -13
13  -9
10  -7
8  6
12  0
11  -6
13  -3
16  -7
15  -3
16  0
12  -2
14  -8
13  -3
12  2
15  3
10  -5
16  -8
9  13
8  5
12  -3
11  1
10  -5
15  8
14  -14
11  0
12  3
10  5
15  6
12  4
11  -8
15  2
13  -10
10  -7
12  2
12  7
15  -3
16  1
13  -7
16  -5
9  7
13  -9
10  -7
11  -1
11  4
14  -9
12  -4
17  -4
9  14
14  -7
15  3
12  6
6  9
13  -4
17  -1
15  -4
10  5
14  -8
13  0
10  -1
15  5
14  -9
16  1
11  3
13  -5
20  6
9  4
14  -1
9  0
17  9
16  -6
17  0
14  -9
17  0
17  5
13  -11
13  -2
15  -6
9  10
13  -10
14  -14
12  8
15  -3
7  1
17  7
11  -9
15  -3
16  1
21  2
8  4
17  -5
15  8
12  9
14  -4
12  5
15  6
14  -7
10  3
11  -1
8  2
9  8
8  -2
12  -4
15  3
11  0
11  -9
11  -8
12  1
16  -6
9  0
10  -3
10  5
13  -4
10  4
12  2
13  -2
8  7
13  -3
10  -1
14  -12
10  -4
12  -3
17  4
12  -2
18  1
11  -4
13  0
8  2
9  6
13  1
12  2
7  -2
12  7
12  2
13  1
11  -3
14  -7
10  -2
10  3
10  -7
10  -2
9  13
12  -3
12  -3
9  10
13  -7
11  -2
11  3
10  5
15  6
12  -4
13  -11
8  -1
13  -6
17  7
11  -3
13  -2
12  -4
10  -1
16  1
13  -4
10  1
15  5
6  7
9  10
13  -5
13  -7
8  1
12  4
11  -1
9  8
11  -7
18  4
14  -7
12  4
11  -1
11  -1
12  3
14  -9
17  -5
14  -8
8  -1
11  0
16  -1
12  -3
11  -9
13  -6
12  8
9  10
16  -12
14  -4
13  -3
13  -8
12  1
12  6
15  -2
13  -10
9  5
15  -3
12  6
13  -10
10  3
16  -1
11  3
20  -1
12  5
12  7
13  -12
8  -7
9  6
18  -7
15  8
11  -10
10  7
10  1
13  2
6  8
11  -5
12  -1
11  0
7  -6
13  -4
19  -7
10  1
8  -2
15  4
14  -14
7  -7
6  9
12  -2
12  7
13  -8
21  0
13  -7
9  9
13  -8
11  -2
9  0
16  -3
12  5
13  2
14  -9
10  6
14  -9
14  -1
16  -13
12  6
13  0
7  -13
11  3
14  -7
9  3
10  -5
15  6
12  -5
16  -8
13  2
9  0
10  -5
16  -10
10  -4
19  -4
12  2
12  6
10  -1
12  7
11  -9
13  -3
11  -2
12  7
13  -3
13  -3
11  1
17  8
19  -6
16  0
14  -5
9  11
13  -2
10  -6
16  -9
11  -5
14  -6
12  1
9  5
11  -3
15  -6
12  9
12  9
8  -6
15  8
10  -6
19  -5
11  2
6  -3
13  -10
18  -2
13  -11
13  -11
14  -13
13  1
13  -5
14  -6
11  -1
12  -4
9  12
8  -7
11  -10
13  0
13  -12
8  -3
14  -10
15  -3
14  -4
11  -2
7  -5
13  -4
13  -9
15  6
12  -2
13  2
15  4
10  3
16  -6
13  2
13  -1
13  -11
11  -2
17  -5
13  -6
15  -1
17  6
12  -1
16  1
13  -7
8  -1
11  -1
11  -10
10  4
10  2
12  6
10  -7
13  2
17  2
8  2
14  -11
12  6
9  2
12  7
12  8
14  0
13  -3
9  6
16  -3
12  -4
19  -11
12  3
17  5
13  -2
12  7
15  6
11  -2
12  8
13  -12
14  -5
10  0
11  -5
11  2
13  -2
9  8
15  -4
11  -6
17  1
9  1
13  1
7  -4
12  -2
16  -10
11  0
14  -14
14  -1
10  3
14  -10
14  -4
9  12
12  5
13  -7
11  3
14  -12
13  -8
9  9
11  -1
10  2
17  -5
14  -3
9  14
9  5
11  -9
12  2
15  2
14  -14
12  2
12  -4
15  8
11  2
10  3
11  -5
15  8
19  -12
11  2
11  -1
10  -6
14  -6
9  6
9  7
10  -6
16  -9
15  2
13  -5
11  -3
13  -11
16  -10
15  -5
4  -4
14  -8
15  1
15  7
11  -1
14  -13
12  -5
17  -1
15  5
11  -5
11  -1
9  14
13  -1
21  -3
10  1
9  0
10  0
15  2
9  12
11  -3
13  -2
15  0
14  -12
15  -5
11  2
13  -6
8  6
7  -2
9  13
16  -5
14  -14
14  -6
12  -2
11  3
9  0
6  10
12  4
16  -10
14  -7
11  -2
17  -5
12  1
16  -7
16  -9
18  -4
10  -2
13  -3
10  -5
9  12
12  2
15  0
14  -1
10  2
13  2
8  -1
14  -11
11  -3
13  -11
9  10
11  1
11  -1
9  5
14  -6
14  -1
14  -10
7  -1
14  -2
9  5
15  3
9  9
16  -9
18  -1
9  0
8  0
17  4
12  5
14  -1
16  -5
9  2
9  8
8  4
17  5
13  -7
10  -7
13  1
13  2
14  -8
13  -5
14  -13
11  -7
6  11
12  2
11  3
9  9
16  -4
12  0
6  2
14  -8
13  -11
8  7
14  -10
12  1
8  1
15  7
7  -11
11  4
15  4
20  11
14  -10
14  -11
12  -3
8  -5
12  -3
10  -2
9  3
13  0
11  -8
11  2
12  -2
10  3
12  6
16  0
17  4
10  -4
16  -10
10  3
13  2
9  5
11  -9
6  1
13  -9
12  9
11  -5
11  -7
12  -2
14  -11
14  -6
13  -1
17  1
19  -7
10  2
12  3
17  -4
11  2
8  3
11  -7
11  4
13  -10
9  13
11  3
17  9
8  4
12  -1
14  -11
11  -3
18  3
10  1
13  -5
10  -3
13  -3
13  -5
18  3
18  -7
12  3
14  -3
14  -7
8  -4
11  3
11  -6
14  -4
15  -5
6  2
10  -1
17  -1
14  -13
20  3
15  4
13  -5
12  -1
15  8
15  2
12  -1
16  -12
13  -5
11  -4
10  3
6  -1
11  -7
13  -8
14  -4
9  12
10  0
8  2
11  -1
15  -4
13  -12
11  3
14  -6
14  -9
17  -1
7  -11
14  -6
12  -1
14  -7
11  0
9  0
13  -1
10  0
11  -4
8  6
8  1
9  14
14  -14
7  -1
12  -4
10  6
9  7
10  -3
15  -6
13  -5
10  -2
16  0
13  -2
10  6
12  0
14  -1
13  0
15  -2
20  8
17  8
12  2
13  2
10  -5
12  -4
15  -5
13  -12
11  4
10  5
12  -2
13  1
18  6
17  8
10  6
12  2
10  -7
10  5
18  -1
13  -8
9  11
15  5
8  5
7  0
10  4
11  -9
13  -6
11  -1
13  -8
16  -7
14  -6
14  -12
16  -9
15  0
13  1
12  -1
10  2
13  0
9  10
9  6
10  6
7  -6
9  12
18  -4
11  2
12  2
10  -2
12  4
12  5
10  2
13  -3
11  -6
13  -6
10  -6
11  -2
9  6
16  1
16  -4
15  2
12  -5
11  1
8  1
11  -10
9  6
15  -1
14  -8
14  -2
10  4
12  9
11  -5
11  -1
13  -11
14  -3
14  -9
9  4
9  8
14  -7
14  0
15  8
11  4
10  -2
11  3
17  4
11  1
12  4
13  -1
10  -4
8  3
12  -2
11  -4
11  4
11  0
9  2
16  1
14  -7
9  11
20  13
7  -12
5  13
11  3
13  -7
9  7
13  -8
7  -8
13  -8
12  1
12  -2
11  3
11  -8
13  -9
16  -2
13  -6
12  6
11  -9
16  -7
9  13
12  8
12  4
17  9
12  -1
15  1
16  1
12  5
9  5
14  -13
13  -7
9  3
16  -8
9  9
9  5
9  11
11  3
16  0
11  4
11  3
14  -9
9  6
8  4
13  -11
10  1
13  -8
11  -8
12  3
11  -8
11  3
13  -1
11  -1
7  -2
13  -6
16  -3
19  0
12  7
12  3
12  2
12  4
10  3
8  -3
16  -4
10  5
15  -5
13  -11
14  -10
13  1
13  -4
9  10
13  -11
13  -4
13  -11
15  -1
9  9
13  -10
13  -7
16  0
13  -12
12  8
12  3
11  1
12  8
17  -2
12  -1
17  -5
10  -7
10  2
14  -2
10  0
6  2
9  12
14  -2
12  7
8  -6
12  5
17  8
10  0
22  5
13  0
10  3
13  -7
12  -3
9  11
10  4
14  -5
11  -8
12  -3
15  -5
15  0
15  7
10  7
17  8
10  -3
11  -3
12  3
14  -2
11  3
12  5
13  -5
9  9
6  5
14  -4
8  6
