22  -4
17  4
24  1
25  -8
23  4
22  -1
18  -8
23  5
20  -5
23  5
18  -5
22  -3
19  -1
19  -5
22  -2
23  7
20  -5
20  -9
24  -1
24  2
23  6
22  -2
20  -6
22  -1
19  -5
25  -5
21  2
18  -6
21  1
18  -5
23  3
20  -7
22  0
20  -8
21  -1
23  4
25  -8
15  -6
21  0
15  -2
22  -2
19  -5
22  -4
13  3
19  -2
23  7
21  3
25  -6
23  3
19  -3
23  6
22  -1
21  0
21  2
21  1
27  -2
18  -8
20  -5
23  4
20  -9
21  3
17  6
20  -6
19  -4
21  3
23  4
19  -5
18  -6
25  -8
22  -4
21  -1
23  3
24  0
22  -3
20  -7
19  -3
25  -7
21  3
23  4
20  -6
24  2
16  1
22  -1
17  7
23  6
22  -1
17  8
19  -4
24  2
19  -1
20  -6
22  -2
24  2
20  -6
23  3
20  -6
20  -9
21  -1
22  -2
21  2
23  4
18  -9
21  1
17  4
18  -5
22  -2
20  -8
21  0
24  0
18  -8
21  3
20  -9
19  -4
20  -6
21  -1
25  -8
20  -7
19  -1
21  2
24  1
21  2
22  -2
23  6
19  -4
20  -7
24  0
24  2
21  0
19  -4
16  0
21  0
23  6
20  -5
22  0
23  6
19  -1
18  -5
16  4
21  2
22  -2
20  -6
23  3
19  -3
24  -2
22  -4
21  1
23  5
20  -8
23  7
15  -6
18  -9
22  -3
23  5
21  -1
22  0
22  -3
24  2
24  -2
18  -5
20  -8
18  -6
20  -9
21  0
23  4
22  -2
23  5
19  -3
23  7
21  0
24  2
24  1
21  2
21  0
18  -5
18  -6
21  1
23  3
22  -4
20  -8
21  1
26  3
19  -4
22  -2
18  -8
25  -9
25  -5
21  3
19  -1
20  -5
21  1
23  6
24  1
18  -6
20  -6
18  -6
21  0
23  6
21  0
21  2
24  0
22  -3
22  -2
18  -9
22  -3
17  5
22  -1
20  -8
22  -1
18  -9
21  3
23  7
21  1
18  -6
25  -6
24  -1
20  -7
23  4
21  1
23  6
22  0
18  -7
23  4
20  -8
18  -8
20  -5
18  -8
23  4
22  -3
22  -3
25  -7
24  -2
26  2
24  0
19  -5
16  3
21  -1
20  -5
19  -1
20  -7
20  -9
22  -3
20  -7
20  -9
23  6
21  -1
26  3
22  0
20  -6
25  -9
17  4
23  4
22  0
18  -6
22  0
18  -9
21  0
23  5
19  -5
21  -1
25  -8
20  -9
17  6
20  -8
19  -5
22  -1
21  2
24  -1
21  1
23  4
27  -1
18  -9
21  3
22  -3
21  3
18  -6
22  -2
20  -8
21  2
22  -4
21  1
23  7
22  -3
22  -4
22  -1
22  -3
25  -8
24  -1
19  -3
20  -8
24  0
18  -8
20  -9
21  0
22  0
25  -8
21  3
18  -8
22  -2
20  -9
21  2
21  1
24  0
19  -3
21  2
22  -2
23  3
22  -1
20  -5
17  4
23  3
21  -1
23  3
26  3
18  -9
21  1
21  3
18  -8
22  -1
19  -3
26  5
19  -4
22  -4
24  -2
23  3
16  0
20  -9
25  -7
22  -2
22  -2
20  -9
21  1
20  -8
22  -1
20  -6
21  2
21  -1
20  -8
23  4
23  3
22  0
19  -1
21  3
17  7
24  1
19  -2
23  3
23  5
23  7
22  0
24  -1
25  -6
22  -2
18  -6
25  -6
21  0
21  1
23  3
24  1
20  -9
20  -9
22  -3
18  -6
19  -5
18  -7
19  -3
23  3
21  3
18  -5
21  3
20  -5
22  -2
20  -8
22  -4
22  0
17  6
21  0
21  0
25  -8
20  -6
21  -1
20  -9
20  -5
26  2
17  7
20  -7
19  -2
20  -5
20  -6
17  7
19  -5
20  -6
20  -6
22  -2
20  -7
22  -3
18  -6
25  -5
21  3
23  4
23  7
22  -2
18  -5
19  -3
22  -1
19  -3
22  -1
23  4
21  2
22  -4
26  2
22  -2
20  -6
19  -1
23  6
21  2
21  3
20  -8
20  -9
20  -5
24  0
20  -5
16  0
24  -1
17  7
26  6
20  -6
23  6
23  6
22  -1
18  -9
25  -9
19  -3
25  -8
22  -4
26  3
20  -9
19  -3
23  4
18  -6
24  2
24  2
11  5
19  -4
22  0
19  -5
27  -3
24  0
22  0
19  -1
14  3
19  -1
24  2
22  -4
20  -9
22  -4
22  -3
25  -9
21  1
20  -8
22  -1
21  1
21  1
26  5
22  -4
17  6
27  -1
24  -2
20  -9
18  -5
16  4
24  0
20  -7
21  1
24  1
21  3
22  -4
19  -3
21  0
20  -5
21  3
18  -9
19  -3
18  -7
22  -3
23  3
24  0
21  3
19  -2
23  3
18  -8
23  5
24  -2
18  -5
19  -2
22  0
26  5
21  1
21  0
21  0
21  0
19  -4
21  -1
21  -1
22  -1
19  -3
22  0
21  2
21  1
22  -1
22  -4
17  4
21  0
23  5
23  4
18  -7
22  -1
23  4
18  -6
22  0
23  7
19  -1
23  6
21  3
24  -1
24  1
20  -9
16  0
20  -5
25  -9
20  -6
22  -2
17  6
22  -4
25  -7
21  -1
19  -4
22  -4
16  3
25  -9
19  -1
23  6
20  -8
21  -1
23  6
22  -1
22  -2
22  -1
25  -7
17  6
18  -7
14  5
25  -6
21  0
23  6
25  -9
20  -5
21  -1
26  5
23  4
16  3
22  -1
17  4
20  -9
24  1
20  -7
23  4
26  5
26  4
17  8
26  5
26  4
19  -3
19  -2
22  0
19  -4
19  -3
20  -5
21  -1
15  -6
19  -3
23  3
22  -3
25  -5
17  5
20  -9
24  1
14  2
23  5
18  -6
22  -3
16  4
20  -8
21  0
21  1
23  5
20  -6
24  2
25  -7
19  -3
22  -1
21  3
19  -1
16  4
21  1
21  -1
18  -6
22  -2
23  4
20  -6
27  1
21  -1
23  6
22  -3
21  0
20  -9
17  7
20  -6
21  3
21  3
20  -8
19  -5
20  -9
19  -5
20  -6
21  2
19  -5
17  5
17  7
21  -1
22  -1
18  -9
18  -5
24  1
20  -5
23  7
23  5
23  7
22  -3
24  -1
27  0
18  -8
22  -1
24  1
20  -9
24  -1
22  -3
20  -6
22  -4
20  -8
21  3
15  -6
26  5
20  -9
23  3
20  -5
21  2
24  1
18  -5
27  0
22  -2
24  1
18  -5
18  -5
16  1
20  -7
16  4
19  -5
25  -7
23  4
17  7
21  2
23  5
21  3
21  1
22  0
24  0
23  7
21  -1
22  -2
21  0
21  2
21  1
20  -7
22  -1
20  -6
18  -6
22  -2
20  -7
26  4
17  8
23  3
27  -2
20  -5
19  -2
21  3
24  1
18  -6
18  -9
19  -1
22  -4
20  -6
21  3
26  6
21  2
19  -4
20  -7
24  -1
23  3
22  0
21  0
18  -6
19  -2
24  0
21  2
20  -8
24  2
19  -1
24  -1
16  4
19  -4
21  -1
16  0
23  3
21  3
21  2
21  1
18  -8
16  4
25  -9
26  2
22  -1
21  0
24  1
25  -8
24  0
23  7
18  -9
25  -7
21  3
22  -1
20  -5
18  -6
22  -3
23  4
20  -5
19  -4
17  7
22  -3
23  3
21  3
24  2
18  -9
19  -4
21  0
23  5
16  4
21  1
16  0
17  7
20  -6
23  4
24  1
22  -3
20  -6
20  -9
18  -5
26  5
22  0
23  3
29  -4
19  -4
18  -9
23  4
19  -5
20  -8
26  2
24  -2
24  -1
20  -6
20  -6
19  -1
19  -5
20  -5
23  3
21  3
23  6
23  7
23  7
17  7
21  -1
18  -9
22  0
22  -4
23  6
22  -2
22  0
25  -5
21  1
24  1
19  -5
21  2
22  0
24  0
22  -1
20  -7
23  3
23  7
22  0
17  8
14  3
20  -6
22  -4
22  -4
19  -3
27  -1
19  -2
23  6
23  4
21  -1
23  3
23  6
20  -6
19  -1
24  1
26  6
20  -9
16  4
22  -3
19  -3
24  -2
20  -9
20  -7
19  -4
23  6
21  -1
21  1
22  -1
19  -4
24  2
25  -5
18  -5
23  7
22  0
24  -1
17  7
19  -5
23  5
22  -4
18  -9
24  0
20  -9
18  -7
20  -6
23  3
22  -1
21  -1
22  -1
21  2
24  2
18  -7
23  6
25  -7
23  5
22  -4
20  -7
20  -7
19  -2
20  -7
22  -4
21  2
20  -5
24  0
19  -2
19  -4
21  2
21  -1
21  1
22  0
18  -9
13  6
20  -9
21  2
20  -8
19  -3
20  -7
21  0
16  2
22  -2
18  -6
21  3
24  -2
24  -2
24  1
24  -1
23  3
22  0
22  -3
22  0
24  0
17  8
16  3
20  -5
23  5
21  2
22  0
19  -1
20  -9
21  -1
25  -7
23  5
21  3
20  -8
22  -1
13  6
18  -7
19  -4
27  0
16  2
20  -8
21  0
26  3
17  5
19  -4
21  0
18  -6
20  -7
27  -2
22  -2
24  2
19  -4
19  -4
21  0
21  1
26  2
24  -2
18  -8
22  -2
21  1
22  -2
21  3
18  -5
16  1
20  -7
23  7
25  -5
22  -1
21  1
22  0
22  -3
19  -5
18  -7
16  4
20  -8
24  1
22  -4
21  0
19  -1
16  4
22  -2
22  -3
23  3
20  -9
22  -1
21  3
22  -2
22  -3
21  2
25  -8
24  1
22  -2
18  -7
19  -5
20  -7
22  -4
21  1
24  -1
20  -8
17  8
25  -9
23  6
23  5
22  -2
20  -8
22  -1
23  7
20  -5
18  -8
17  4
24  2
20  -5
20  -5
21  1
22  -4
21  0
17  7
17  7
19  -1
19  -2
20  -6
26  6
