29  -8
31  4
26  -4
26  -8
30  11
26  -1
34  -7
26  1
27  -5
30  4
31  -2
26  -9
26  -8
33  8
34  -8
26  2
28  -7
30  12
26  -10
34  -7
31  8
32  -2
29  -5
28  -10
28  -9
25  0
30  0
30  11
27  0
29  -10
29  -6
25  2
26  -1
28  -9
30  0
29  2
32  -7
31  0
25  5
25  -2
33  7
33  4
33  0
32  -6
31  0
27  0
27  8
28  0
27  -3
28  4
30  7
27  -3
32  -7
26  2
24  -3
29  -7
27  -5
29  -8
34  -9
32  -7
26  -6
28  -3
30  10
23  2
29  -8
27  -3
33  1
27  -5
28  -1
31  -1
33  12
32  -2
27  9
27  3
31  -4
31  5
30  -1
28  -6
27  -5
28  1
29  0
32  4
34  -11
27  9
30  2
30  12
33  6
31  6
27  2
29  -8
28  -6
34  -3
28  -9
26  -3
34  -2
29  0
26  4
27  0
25  2
28  4
32  -9
29  -10
29  -8
24  2
29  -4
25  6
29  2
29  -4
27  -1
22  0
26  2
26  -1
25  1
30  8
28  -6
33  13
29  2
28  1
30  2
29  -10
32  -1
23  9
28  -6
24  10
32  -10
34  0
29  -2
26  3
35  -8
31  3
30  12
31  7
30  12
29  -2
30  11
29  -9
27  -3
29  2
28  -7
33  7
29  1
26  -8
30  0
33  2
31  -1
29  -1
27  -5
31  -4
26  -10
31  -2
26  2
29  -9
28  -8
32  -9
29  -2
26  -8
31  5
29  -5
27  -5
25  5
31  8
30  12
31  -4
25  -7
28  0
30  4
27  7
30  -2
28  -3
28  2
26  -3
31  -1
29  -3
26  0
34  -4
29  -4
31  3
30  1
31  1
28  1
27  -4
29  -7
38  -3
27  0
21  -1
28  3
20  0
28  -7
26  -5
28  -1
30  0
29  -4
30  1
26  -2
27  9
25  5
30  7
31  9
30  6
28  4
21  -9
28  -1
34  -6
26  -7
28  -4
29  -4
33  12
29  -9
27  5
30  9
29  -4
33  5
25  0
29  4
29  -3
26  -3
28  -5
34  -10
32  -10
30  5
31  -2
32  -3
30  10
32  -8
30  -2
25  5
32  -8
31  6
28  -9
31  3
29  -6
31  9
24  9
27  -3
32  3
30  3
29  1
32  -9
28  -10
31  10
33  3
25  -3
28  -5
30  3
27  4
31  3
29  2
28  -9
30  12
28  3
26  -1
37  6
30  -1
25  -5
28  -6
28  1
30  5
28  0
28  -10
28  2
31  10
31  6
29  -4
26  -5
28  -1
26  4
29  -8
34  -13
25  5
27  1
29  -8
22  3
30  0
36  1
27  -1
28  -1
28  2
24  9
33  9
33  9
33  5
28  -7
27  3
27  -2
27  1
25  -2
35  -8
28  -3
28  -1
27  -1
28  -8
27  2
32  1
31  4
26  4
27  -4
27  1
32  4
26  -7
25  -7
27  1
26  -6
33  6
27  -5
33  6
31  1
31  -1
27  -1
30  9
25  -2
29  -1
28  3
25  3
33  8
26  -8
31  6
24  10
25  -5
31  4
23  4
29  -7
26  2
28  -1
30  2
31  -4
28  1
23  9
26  -6
28  -8
29  3
28  -9
30  12
32  -7
28  -6
26  1
31  1
29  -5
28  -2
27  8
26  1
29  4
30  12
28  -9
33  13
32  -7
30  4
31  -1
28  -2
34  -2
31  -1
28  -7
28  0
26  -10
25  3
34  -7
28  0
27  5
27  9
30  2
28  -2
27  -1
24  11
32  -5
29  -9
29  -6
28  0
33  9
27  3
33  2
29  3
33  13
34  -4
31  3
20  2
27  5
27  -3
32  3
28  0
27  5
29  -7
29  -9
29  -9
26  -8
23  5
24  -3
26  -8
30  9
28  -10
27  3
29  -1
28  -8
31  5
31  -4
24  4
26  -5
28  4
30  5
26  -4
29  4
28  -4
30  7
33  5
30  5
25  1
23  5
33  6
28  -2
29  3
27  0
26  -4
27  -3
28  3
31  3
29  4
29  -9
31  8
31  -3
33  10
27  3
27  -5
28  -7
30  11
30  6
26  -5
35  1
26  -9
29  -5
33  11
30  3
29  -6
31  0
28  -4
27  0
32  -5
26  -4
29  4
28  3
28  -7
30  6
23  6
32  -3
32  -7
27  7
29  4
32  -4
27  -2
29  -2
25  2
27  -4
28  -7
23  -2
25  -3
31  -1
27  7
24  0
21  -12
27  -5
32  4
27  1
31  7
31  0
30  12
31  1
25  0
30  8
28  1
32  -1
28  -5
26  -2
32  -1
32  2
25  -2
33  4
32  2
26  -7
27  1
29  -3
33  1
26  4
31  -4
33  3
29  -7
32  -4
31  -3
32  1
31  -1
31  -2
32  -4
31  -2
35  2
33  13
34  -11
30  0
30  4
26  -8
31  4
29  -4
31  -1
26  -10
27  1
28  2
31  -3
35  -10
30  10
29  -10
31  -3
29  2
25  5
24  -1
28  -3
23  6
28  0
25  -1
33  8
25  -6
31  10
26  -4
31  -1
33  9
30  4
27  7
31  10
29  2
31  7
25  -6
31  2
33  6
25  5
33  8
25  1
29  -6
31  6
32  -4
25  -4
28  -7
28  1
28  -2
27  1
26  -3
27  3
34  -9
25  -1
28  -10
29  2
27  2
29  -1
26  -3
30  12
28  -3
30  7
30  12
29  -2
31  7
26  -7
28  3
31  0
30  0
31  0
30  9
29  -5
27  8
29  -2
32  -5
27  8
31  -4
28  -4
28  -1
27  1
30  5
23  -2
28  2
30  0
35  -11
28  -7
25  -1
33  5
31  8
29  4
28  -6
27  0
23  9
30  6
29  -6
32  1
32  -4
27  9
30  -1
30  0
27  2
26  -5
31  0
24  -3
29  -7
30  2
28  -9
30  8
29  3
27  8
28  -3
31  3
30  1
31  8
28  -10
26  -8
25  2
28  -3
34  0
26  -7
28  0
26  4
27  9
34  -1
32  1
30  9
34  -13
32  -3
28  -9
25  -3
29  -3
27  -4
31  -4
29  -4
33  5
26  -9
25  -3
29  4
30  5
31  -1
23  -1
29  -1
22  10
30  5
29  -9
31  -1
30  3
31  0
31  -3
28  4
34  -12
28  3
28  -2
23  10
28  -3
26  -4
28  0
28  -3
27  4
25  0
29  -9
30  -2
30  1
32  -7
27  7
30  7
27  6
31  -4
30  3
26  -3
22  6
28  -10
32  -1
30  12
30  9
29  -7
25  -7
31  -1
30  11
28  4
30  0
28  -6
23  11
26  0
30  3
27  0
30  -1
33  3
28  2
27  0
31  -3
30  10
32  -4
29  -8
34  -9
30  4
23  6
30  1
29  0
27  7
27  2
20  1
26  1
27  -4
24  3
27  6
32  2
29  -1
32  -2
33  13
30  2
31  0
29  2
33  8
30  3
34  -7
31  10
32  -5
32  -5
29  -2
27  2
22  3
31  8
28  3
29  -3
28  -5
35  -2
28  -7
35  -3
30  -1
29  0
30  0
27  -5
30  9
33  14
28  0
27  -5
29  -1
30  8
27  3
32  -9
25  6
29  -2
29  -10
33  9
30  6
31  10
27  8
28  -9
28  -9
27  1
30  1
34  -2
25  4
26  -6
26  -3
26  -10
27  2
29  -4
23  7
32  -1
26  1
33  0
30  0
24  10
31  -4
30  12
28  -10
29  -6
25  6
31  5
33  6
30  0
28  -1
28  3
28  -8
26  -10
31  3
30  -2
29  -10
25  1
30  4
32  -6
33  1
24  -3
30  7
24  5
32  1
21  -9
26  3
31  -4
32  -7
31  7
31  7
30  2
29  0
26  -4
30  -2
31  0
31  0
31  2
25  5
30  6
28  1
31  8
29  -4
23  2
31  6
29  -2
30  5
31  1
24  2
26  4
30  9
30  9
30  -1
25  5
29  4
32  3
31  8
29  -1
26  -2
30  3
34  -1
33  8
33  3
30  11
30  5
30  4
29  -3
26  0
30  5
20  1
27  -2
31  3
26  -6
28  4
35  -11
32  1
29  4
29  -8
31  1
34  -8
33  4
27  0
32  -2
29  -3
34  -8
28  4
28  -5
27  2
35  2
28  2
26  1
32  -9
29  1
30  3
30  5
28  -10
30  2
32  -7
29  4
30  6
24  1
24  -1
30  -2
29  3
33  1
30  1
31  -3
28  2
32  -10
32  -10
28  -1
29  3
30  11
25  0
23  1
33  1
27  -3
26  0
26  -9
27  8
25  2
33  14
24  7
30  5
27  7
31  3
33  8
22  5
32  -1
25  -2
29  1
33  3
28  0
31  -2
27  5
25  3
29  -4
25  7
28  -8
32  -8
34  -8
24  9
30  -1
29  0
25  4
25  4
29  -5
30  9
31  10
28  2
32  2
31  5
31  -2
31  -3
29  -3
28  -7
27  7
29  -2
29  4
32  -1
28  2
32  1
33  10
36  0
34  -13
28  3
32  -4
25  -2
34  1
24  10
26  -4
31  10
30  3
27  -4
31  1
29  -10
27  5
32  0
28  -2
25  2
30  3
30  1
30  11
26  -8
27  -3
33  9
33  8
28  2
32  -10
25  -4
33  11
27  -1
30  -2
25  -7
26  -2
28  -10
30  9
28  -9
26  -7
28  2
30  -2
31  1
31  8
29  -4
31  6
21  -11
31  -4
33  1
30  2
30  12
31  10
26  -1
31  1
27  5
26  -3
29  -10
27  -1
29  -9
30  7
32  1
31  10
26  -5
31  1
26  -5
31  3
25  -7
29  -5
24  3
24  9
28  -3
29  -7
31  -3
25  4
28  4
24  4
28  3
28  3
32  -5
26  1
27  5
29  -5
36  3
27  -5
29  3
27  3
32  -1
30  12
31  7
27  -3
