24  -8
24  -8
22  5
24  -1
24  -2
22  8
26  4
19  -5
24  -1
22  8
24  -2
23  -7
22  4
16  4
25  9
25  10
25  2
23  -8
18  -6
17  9
22  9
21  -7
27  10
15  -10
19  -6
25  4
22  6
23  -2
23  -5
23  -9
24  -4
22  4
24  -4
31  1
23  -1
26  7
30  -11
23  -9
25  9
19  -6
23  -9
25  9
28  -8
24  -6
18  -2
26  4
22  7
22  7
24  -3
25  5
18  0
25  10
18  -1
25  3
23  -4
22  7
28  -4
21  -5
25  3
27  8
27  9
27  2
25  3
21  -9
23  -5
20  4
27  4
22  9
22  9
23  -1
28  -3
24  -5
23  -9
24  -1
24  -8
24  -4
24  -7
24  -4
25  7
24  -7
22  5
24  -3
24  -1
24  -4
27  9
22  9
24  -3
20  7
26  0
24  -7
32  -9
23  -2
27  4
21  -7
25  4
24  -5
19  -8
29  -6
24  -7
16  9
22  9
23  -6
25  8
18  0
20  5
20  5
22  4
23  -3
21  -8
25  5
24  -2
25  2
24  -1
21  -3
18  -8
22  8
21  -5
23  -1
22  9
28  -6
22  7
23  -4
22  2
22  7
30  -8
23  -5
26  4
22  6
23  -5
19  -5
25  7
20  4
28  -7
23  -7
20  4
22  4
27  3
21  -5
25  9
19  -7
24  -4
27  6
22  7
22  7
22  5
25  8
16  9
24  -6
27  3
25  3
24  -2
22  3
21  -7
23  -2
29  -2
24  -7
20  7
26  5
17  6
22  4
24  -3
24  -6
20  1
21  -6
24  -6
25  10
25  10
28  -1
21  -1
28  -7
19  -6
21  -2
26  7
23  -6
26  5
24  -6
20  1
20  3
23  -2
27  9
20  -1
22  7
27  2
23  -6
22  7
24  -2
25  7
19  -11
24  -1
26  1
25  6
24  -5
26  0
23  -9
22  3
27  8
24  -8
24  -2
21  -5
27  5
23  -4
26  4
26  6
23  -6
20  0
25  5
23  -8
24  -4
27  6
23  -9
23  -5
18  -4
23  -8
25  9
21  -2
23  -8
20  3
22  7
22  4
19  -11
21  -1
20  -1
24  -2
26  0
23  -4
24  -6
22  8
22  1
29  0
27  5
26  0
20  -1
25  3
21  -5
21  -1
25  9
26  2
28  -2
26  4
25  10
25  3
20  -1
24  -6
23  -3
28  -3
25  4
23  -4
25  10
28  -1
20  6
25  9
27  10
26  2
20  7
19  -6
28  -2
20  4
24  -4
27  7
23  -2
23  -5
25  6
24  -7
22  7
23  -2
20  0
25  6
22  7
29  -4
21  -1
20  4
23  -8
23  -1
25  8
23  -8
26  6
26  0
24  -2
20  2
26  7
25  2
21  -8
29  -6
18  -4
24  -6
23  -3
23  -7
22  8
29  -7
20  0
21  -1
20  2
28  -6
20  7
28  -4
26  2
16  4
21  -3
19  -4
27  3
24  -7
25  5
26  6
24  -4
26  0
28  -3
26  0
27  7
29  1
26  4
21  -2
27  4
15  -9
25  9
19  -6
23  -6
23  -9
26  7
21  -6
17  6
26  5
26  7
27  2
27  3
23  -4
22  1
25  8
27  3
23  -1
22  3
24  -5
26  8
19  -4
23  -1
23  -9
23  -4
22  7
22  9
23  -3
27  5
22  5
17  5
25  4
22  5
29  -6
28  -1
27  5
26  8
21  -4
24  -1
21  -5
21  -1
25  7
19  -4
27  4
23  -9
29  -2
27  8
22  9
23  -5
27  10
29  -2
28  -6
24  -1
26  7
26  3
23  -8
22  7
25  8
23  -5
23  -3
25  3
24  -7
24  -5
26  5
26  6
24  -4
25  10
22  8
28  -2
24  -2
26  7
26  7
28  -1
24  -7
28  -1
18  -6
29  0
21  -9
30  -4
25  7
22  9
24  -1
18  -5
24  -6
27  8
23  -8
20  2
22  7
28  -7
20  5
23  -6
23  -7
24  -6
20  6
28  -5
25  4
24  -6
22  5
24  -4
22  4
26  0
19  -6
25  9
21  -9
25  5
23  -3
23  -2
23  -5
24  -6
23  -4
27  6
22  6
27  5
25  4
24  -2
23  -4
27  5
23  -5
29  1
28  -9
24  0
23  -4
26  5
22  8
26  7
26  5
23  -2
22  3
23  -6
22  2
23  -3
24  0
29  0
23  -3
24  -6
22  6
25  8
27  2
25  8
26  1
27  6
23  -7
26  5
29  -7
28  -7
27  5
29  -5
27  2
25  9
27  7
25  9
29  -5
20  5
28  -7
26  2
27  9
28  -9
20  6
23  -4
27  10
25  5
22  4
22  9
23  -5
21  -8
26  8
25  10
24  -5
24  -2
23  -4
25  3
26  1
22  8
25  9
23  -6
28  -6
25  7
25  6
25  5
20  7
26  7
26  4
27  7
32  -3
27  3
24  -4
19  -4
24  -7
20  -1
24  -5
25  9
23  -8
27  10
26  0
26  5
21  -5
21  -6
24  -6
24  -7
23  -5
23  -2
24  -3
26  4
30  -4
26  0
18  -8
23  -3
22  4
24  -6
20  3
19  -8
23  -6
25  7
29  -3
26  7
26  5
25  10
23  -2
26  7
22  5
26  2
24  -8
22  6
16  6
22  1
22  2
21  -7
16  1
26  3
25  9
29  -5
27  4
31  -2
26  8
22  2
22  8
26  7
24  -6
23  -1
27  7
22  4
21  -5
23  -4
29  -2
22  3
20  1
22  9
19  -3
25  8
22  9
22  2
26  3
26  8
19  -10
30  -5
28  -4
24  -3
26  0
18  -2
24  -8
20  5
27  2
26  6
23  -1
23  -6
21  -3
22  7
28  -9
24  0
27  9
25  6
30  -9
23  -6
25  5
16  9
28  -2
18  -2
21  -5
21  -2
22  3
21  -8
23  -6
25  7
25  10
21  -8
27  3
26  2
24  -5
24  -7
25  4
29  1
31  0
24  -3
19  -5
25  6
24  -5
24  -2
27  10
24  0
22  4
24  -4
26  7
29  -4
26  2
22  4
24  -4
22  4
29  -7
28  -1
18  -6
19  -7
22  3
24  -5
20  1
23  -4
30  -3
23  -3
31  4
26  8
21  -6
26  4
23  -1
27  6
20  2
22  2
23  -8
21  -7
25  9
22  4
27  5
22  1
25  5
21  -1
27  7
25  7
28  -2
22  5
22  4
26  0
25  9
25  8
26  2
30  -5
25  9
27  7
23  -4
17  8
25  7
22  3
16  1
19  -4
20  5
28  -9
24  -2
24  -3
26  8
25  8
27  9
21  -5
16  3
29  1
24  -5
23  -9
23  -1
21  -1
21  -4
24  -3
19  -5
20  3
24  -4
24  -2
23  -1
23  -9
20  3
19  -10
31  -3
21  -4
26  0
23  -7
26  8
25  2
19  -7
22  6
17  3
24  -6
31  3
23  -1
20  5
23  -5
24  -4
25  4
19  -6
27  4
31  4
25  2
25  2
19  -6
20  2
32  -7
26  1
25  8
25  6
24  -8
17  9
23  -8
25  10
30  -3
30  -6
28  -4
21  -5
24  -3
28  -9
22  9
26  5
17  10
24  -3
26  3
27  3
25  9
23  -7
24  -4
26  5
18  -3
25  6
26  7
19  -5
19  -8
24  -7
25  7
22  6
24  0
20  0
24  -2
18  -6
23  -1
25  7
30  -8
29  -5
23  -8
25  6
26  4
21  -7
24  -5
27  8
23  -4
26  2
21  -7
25  6
20  7
23  -8
21  -4
20  0
27  9
26  4
28  -4
22  5
30  -6
25  6
22  3
22  8
19  -8
24  0
26  1
23  -6
23  -5
20  2
21  -4
22  1
24  -7
24  -7
20  4
23  -5
27  10
23  -6
24  -8
23  -7
23  -8
27  9
20  4
26  7
24  -4
23  -8
23  -7
22  8
26  4
23  -2
28  -8
24  -3
24  -6
24  -6
22  5
26  6
21  -1
21  -6
25  4
26  0
19  -3
23  -9
24  -4
27  7
20  6
24  -2
27  4
23  -2
27  9
21  -8
19  -9
24  0
25  3
24  -7
24  -1
21  -1
22  4
24  -8
23  -8
19  -6
26  5
28  -8
20  3
21  -7
23  -5
26  5
22  6
19  -7
21  -3
24  0
19  -9
25  3
23  -7
20  7
24  -2
23  -8
26  6
21  -3
27  2
24  -1
20  2
22  4
29  -3
21  -5
19  -11
24  -5
23  -5
26  2
27  10
29  0
23  -1
21  -1
22  5
27  5
28  -5
20  2
20  4
30  -11
26  0
22  8
23  -9
23  -9
24  -8
24  -7
26  4
28  -3
23  -5
24  0
24  0
21  -7
22  9
20  0
23  -1
21  -9
24  -3
23  -5
24  -7
28  -2
21  -8
23  -2
26  7
26  7
26  2
25  4
28  -2
22  3
23  -3
22  3
25  10
27  4
25  4
23  -4
28  -4
29  -4
20  -1
23  -4
26  1
22  5
24  -5
25  6
24  0
22  8
31  -4
20  3
25  7
22  6
23  -7
25  10
32  -5
22  7
27  6
25  6
29  -4
28  -5
23  -8
25  2
26  1
26  3
22  8
28  -6
25  7
25  7
23  -6
25  10
26  3
22  9
22  1
26  3
21  -8
18  -5
23  -3
25  10
25  9
29  -1
19  -7
25  4
22  5
27  6
25  7
22  6
21  -8
26  8
22  4
25  6
22  5
21  -7
19  -9
23  -1
27  3
23  -9
31  2
27  5
27  10
25  2
26  3
21  -2
25  9
27  7
18  -1
25  3
23  -9
20  2
30  -8
18  -5
20  2
22  7
17  4
18  -6
24  -8
22  9
26  5
24  -4
21  -7
27  7
20  4
24  -7
20  7
20  6
23  -7
24  -2
27  8
24  0
27  7
23  -5
27  10
21  -7
20  7
19  -5
22  4
26  8
25  2
21  -3
20  -1
