10  10
11  5
12  -8
7  3
6  9
5  8
10  6
9  6
6  1
8  0
11  3
9  9
7  3
9  9
9  13
9  4
7  2
9  13
9  2
9  6
7  8
11  2
9  7
9  1
8  -7
7  -1
10  6
12  -3
6  -1
11  5
11  7
12  2
11  6
9  2
11  6
10  6
8  0
7  -3
10  7
7  2
11  4
6  8
6  -4
5  4
8  -8
9  8
7  -2
12  -7
10  0
11  0
9  6
8  -7
8  0
8  -2
10  4
12  -8
9  9
10  4
9  11
10  -1
5  -1
8  -5
8  -5
9  3
10  -1
8  -8
8  -10
10  3
7  0
10  12
9  0
9  9
11  7
7  -2
10  8
11  -1
10  10
11  11
9  9
8  -2
10  11
7  2
12  -12
7  3
8  2
7  -5
9  6
9  0
8  1
10  -2
7  -5
8  -4
9  13
8  -3
8  -10
9  11
8  0
8  -7
9  8
9  6
6  -4
12  -3
8  -8
7  8
7  -4
11  11
10  -1
9  7
13  -2
11  2
8  4
11  4
10  5
6  0
10  1
9  6
10  11
12  -4
11  13
8  -10
7  2
11  11
11  0
12  -9
11  4
10  4
11  5
13  1
8  -8
10  1
11  0
6  0
5  -5
10  2
10  0
10  12
7  5
8  3
8  3
9  14
11  10
6  7
10  8
8  -2
6  1
12  -4
6  6
11  -1
9  1
11  11
10  7
5  7
12  -5
7  -4
5  -4
8  -10
9  1
7  -2
8  -7
8  4
9  2
8  -4
8  2
9  0
9  11
10  3
8  0
11  12
9  9
11  8
8  3
10  1
9  2
6  7
12  -9
10  3
13  2
10  12
8  -10
10  11
12  -3
10  3
8  3
9  12
8  0
8  -10
10  -2
7  4
9  9
9  11
7  7
9  14
9  6
8  -2
10  -2
11  12
11  9
12  2
9  9
12  -3
6  9
10  11
9  1
9  1
6  -3
8  2
8  -5
10  12
11  3
10  0
12  -3
8  3
7  2
7  -4
12  -7
8  1
8  3
8  -3
5  5
9  12
11  4
10  11
11  4
10  10
9  4
9  3
8  1
8  -4
11  -1
9  9
10  2
11  11
7  -5
10  5
9  7
9  10
7  4
8  0
12  -11
12  -2
8  -6
10  -1
8  4
10  6
7  7
11  7
11  1
9  9
12  -10
11  6
6  3
11  13
11  11
8  -4
7  0
6  -2
7  0
9  9
10  5
6  -4
9  13
6  9
8  -3
10  10
7  -4
11  -1
8  -4
10  -2
11  10
11  -1
7  5
9  8
11  0
6  9
7  -1
10  -1
8  3
9  12
9  7
12  -3
8  -5
11  4
11  4
11  -1
9  9
11  7
6  5
10  -2
12  -3
11  8
10  10
9  9
5  -5
11  12
7  1
7  -1
6  9
7  2
10  6
6  -1
13  -2
11  -1
9  13
11  1
10  0
5  -6
12  1
9  1
6  -4
11  12
6  0
9  5
11  12
5  6
10  -2
10  3
8  -4
12  -5
11  6
9  8
8  0
13  8
6  -4
10  1
11  7
10  8
6  -4
12  -8
12  2
10  -2
7  -3
10  7
8  -1
10  1
7  -1
6  7
7  -6
7  3
7  4
7  -4
9  4
11  6
9  14
9  10
10  -1
7  8
8  -1
8  3
8  2
8  -1
9  13
6  0
8  -9
10  7
12  -9
9  5
10  4
13  4
11  6
6  0
12  -9
8  -5
9  8
12  1
10  -1
10  2
7  8
7  -4
10  -2
6  4
10  0
8  1
8  -10
7  0
10  6
5  4
8  -4
8  -6
11  8
13  12
10  0
9  3
7  0
11  -1
6  5
9  14
7  5
10  0
9  3
7  4
11  3
9  3
9  1
11  12
11  4
13  5
11  13
9  3
8  0
11  9
10  0
8  3
9  4
7  8
8  -4
7  -6
6  3
7  2
8  1
10  9
9  9
8  -10
8  -1
9  6
11  1
11  9
12  -8
8  -7
12  -7
9  0
9  9
11  6
10  0
10  1
8  -5
9  0
10  10
6  -5
11  3
13  1
8  -8
8  -3
7  -5
8  -8
8  -6
6  8
8  -5
10  7
7  -6
10  1
11  2
12  -6
9  2
8  -2
10  -2
8  -4
12  -4
11  6
9  7
10  12
8  -5
7  5
11  1
9  4
8  3
11  6
12  1
8  -9
10  8
7  5
10  10
11  13
11  4
9  8
13  -2
9  6
10  -2
12  -8
11  5
6  5
11  5
3  5
8  -9
9  14
10  7
10  2
9  0
12  -10
9  10
7  -5
10  4
12  -1
7  5
7  6
10  10
10  8
13  11
8  0
6  2
10  0
9  14
8  -6
11  9
10  10
9  12
10  -1
9  3
7  3
12  -8
11  4
10  2
9  14
10  10
8  -10
7  4
10  3
11  7
10  3
7  2
10  1
10  7
8  -6
10  5
10  8
8  -1
7  1
8  -2
8  -8
12  -7
10  12
7  1
10  5
6  -1
11  0
6  7
10  12
8  -10
12  -2
8  -7
11  2
9  7
8  -1
9  14
6  0
5  -3
11  -1
9  11
9  4
8  -6
9  1
10  6
7  4
9  6
10  3
8  -2
10  5
10  2
9  14
11  11
9  3
11  5
9  14
10  0
12  -11
9  11
8  -4
9  6
8  -10
8  -7
7  6
12  -3
9  12
8  4
9  12
9  8
9  8
6  -2
11  -1
9  3
10  -1
8  2
9  0
9  4
7  2
8  -5
7  6
9  2
11  0
9  5
9  5
5  -2
10  12
11  2
7  -4
11  13
11  0
12  -12
10  12
6  4
8  -5
8  -7
11  11
11  9
10  3
7  2
10  7
8  -10
11  7
10  11
9  9
9  4
9  5
9  14
11  4
3  -2
8  -6
10  2
6  -5
7  2
8  4
9  2
8  -8
7  0
7  -2
10  5
11  1
9  2
11  8
8  -9
9  2
9  14
7  3
10  3
7  -3
11  -1
10  10
8  -10
5  -3
7  6
12  -6
12  0
10  6
9  7
8  1
11  12
8  -5
8  -4
10  10
7  -1
9  7
8  1
7  -5
10  -2
8  0
10  0
12  0
9  6
10  12
9  5
11  8
6  -3
11  2
13  7
10  10
8  -1
10  3
12  -8
7  6
8  1
7  -3
10  12
8  -4
9  1
10  9
11  13
11  4
9  9
8  -2
10  1
11  4
10  12
9  5
4  -5
9  12
8  -2
9  3
10  -1
9  2
6  3
10  8
11  7
8  2
6  7
6  2
8  -2
10  7
9  14
8  -4
9  7
5  7
9  11
6  5
9  2
11  1
11  4
9  5
7  6
9  7
11  1
10  -1
9  5
8  -7
10  10
11  11
9  3
11  5
7  4
8  0
8  -2
13  9
8  -1
7  8
7  -6
12  1
4  -14
10  11
9  9
7  -2
9  13
8  -9
10  0
9  0
11  12
10  0
5  -5
10  10
10  8
10  -1
11  6
5  5
10  8
9  1
7  -3
3  -6
10  -1
8  -6
9  12
13  3
8  3
6  2
10  10
13  7
10  0
12  -7
9  11
9  6
8  4
12  -8
9  9
9  10
11  4
8  -8
9  2
8  3
8  -9
9  9
9  10
9  4
9  8
13  12
10  2
11  8
11  6
8  -4
8  -2
9  14
10  8
7  1
8  -1
9  11
8  -9
10  11
9  2
10  6
11  2
9  6
8  -7
9  2
10  9
10  12
10  -1
12  -7
6  9
6  6
4  -8
9  11
8  -1
13  7
12  2
10  8
10  9
9  14
7  -4
9  11
9  9
13  7
8  1
8  -6
8  -5
11  5
6  2
10  1
12  -4
9  13
8  4
7  0
11  9
8  2
10  4
9  2
9  8
10  -2
10  6
11  6
8  -1
8  4
9  5
7  8
5  8
8  2
7  -5
7  -3
9  5
7  -3
10  12
12  -10
12  1
6  -2
10  9
4  -2
6  5
9  6
11  8
10  2
13  3
9  0
7  3
9  3
10  2
11  5
11  7
11  3
8  -4
12  -2
9  14
10  8
7  -4
13  9
9  8
11  1
10  4
12  -10
11  12
8  -4
9  1
9  7
10  5
7  7
8  -7
9  10
8  -3
10  3
10  11
6  9
11  1
8  4
10  -2
9  0
11  10
10  1
9  0
6  -2
10  3
9  10
11  0
9  3
12  -12
9  7
7  6
8  2
9  10
12  -2
9  9
7  -1
11  4
13  -1
9  6
9  4
7  -4
9  14
7  -4
10  11
6  0
8  -6
8  2
11  12
10  6
8  -5
8  -10
9  0
11  13
10  9
10  11
10  -2
10  2
13  8
11  7
10  2
7  4
10  9
5  5
5  0
7  8
8  -3
10  9
8  -6
10  6
12  -9
10  10
7  6
11  5
10  -1
10  -2
10  6
10  -2
9  11
9  12
7  3
11  11
8  -3
8  -9
11  6
7  4
11  9
11  13
8  -7
8  -10
10  6
9  10
8  -8
7  4
10  5
11  6
10  7
7  8
10  4
7  4
9  12
8  -1
9  0
7  2
12  -7
7  3
9  9
9  11
9  11
10  12
8  3
8  -1
10  9
12  0
10  2
9  9
9  14
11  10
10  0
9  7
5  1
9  8
7  8
11  1
10  6
9  9
8  0
8  -6
11  -1
12  1
8  -3
10  5
10  -2
12  -5
12  0
9  5
11  9
10  3
11  9
9  8
9  11
10  0
6  8
10  12
10  4
8  -3
8  -7
9  11
11  5
8  4
9  14
12  -11
10  3
