23  -5
27  -2
22  -5
25  3
23  -8
25  3
23  -4
22  -1
26  -10
28  4
26  -8
26  -9
24  -9
25  -2
21  -3
27  5
28  4
22  2
24  -3
28  4
21  1
27  3
24  -4
26  -6
28  1
22  1
30  -10
27  -2
27  6
27  -1
25  2
22  1
27  4
24  -3
22  -4
24  -8
23  -8
23  -11
27  -1
26  -10
23  -5
27  3
22  1
25  3
23  -9
26  -11
25  -3
25  -3
25  -2
22  -2
27  3
26  -3
27  1
30  -3
25  -3
25  2
24  -4
26  -8
22  -6
24  -5
24  -4
22  -3
26  -7
24  -10
25  -3
24  -7
22  1
25  -4
23  -11
21  2
24  -9
26  -11
23  -11
21  -4
26  -10
24  -7
22  -2
27  0
27  6
25  -3
30  -3
22  -1
27  -2
27  -1
24  -9
24  -6
27  6
26  -10
21  -5
22  -1
22  -2
23  -9
26  -11
27  2
29  5
25  -2
27  2
27  1
24  -8
23  -8
24  -8
24  -8
27  1
25  0
26  -8
24  -5
21  0
25  1
24  -11
28  0
27  5
24  -11
25  -2
23  -11
23  -9
23  -10
27  5
27  6
27  0
27  2
25  4
26  -10
25  4
26  -11
26  -5
27  2
21  -4
25  -3
20  -5
26  -5
25  1
25  -2
24  -5
23  -10
27  4
25  -1
25  -3
25  -2
23  -6
23  -3
25  1
25  -4
25  -1
22  1
24  -4
22  2
26  -7
23  -5
25  4
26  -9
24  -10
25  2
22  -2
26  -10
28  -1
26  -4
30  -4
23  -5
24  -5
26  -7
23  -3
23  -7
25  0
19  -7
22  0
23  -8
26  -7
24  -3
24  -7
24  -6
27  5
27  6
24  -7
24  -5
27  4
24  -7
27  -2
25  -3
26  -9
26  -4
22  -3
24  -11
28  4
26  -5
24  -9
23  -8
25  1
24  -9
29  4
21  -5
28  -1
22  0
21  -4
24  -8
24  -3
24  -8
24  -7
26  -7
22  1
24  -5
25  2
23  -11
26  -5
28  7
24  -4
25  -1
24  -6
25  1
27  -1
26  -8
25  -2
27  5
29  0
24  -5
23  -4
23  -6
25  -1
25  -4
27  2
24  -8
30  -2
27  4
22  -5
26  -8
26  -5
27  1
23  -4
21  -2
27  5
24  -9
23  -11
26  -7
26  -9
26  -8
23  -11
27  4
28  1
24  -5
25  2
28  0
26  -3
23  -5
24  -5
24  -7
22  -4
27  4
26  -8
29  1
28  0
26  -7
25  -2
25  2
24  -8
19  -2
24  -7
27  2
22  0
26  -3
23  -4
26  -8
26  -4
26  -9
27  3
27  6
27  -1
23  -3
28  1
24  -7
21  -4
28  5
23  -9
24  -8
27  -2
25  -4
21  -4
26  -5
27  6
23  -7
24  -6
27  5
25  -2
27  -2
24  -6
25  2
26  -7
21  -3
24  -5
23  -10
26  -4
21  2
27  1
27  -1
26  -6
25  4
21  -3
26  -4
27  2
25  2
28  0
24  -3
25  -1
23  -8
20  -4
26  -9
21  -3
27  3
27  2
24  -5
24  -4
25  2
25  4
25  -1
23  -4
25  4
28  3
23  -6
26  -4
24  -4
23  -3
23  -5
19  -2
26  -10
28  6
27  -1
25  -1
25  -2
24  -7
21  -1
24  -4
26  -5
26  -11
29  -3
28  4
22  2
24  -9
23  -5
26  -10
27  4
26  -5
24  -5
25  -3
28  -1
24  -4
25  -1
24  -4
28  5
26  -11
23  -4
25  -3
28  1
23  -6
27  6
23  -3
22  -4
29  4
27  -2
23  -3
26  -6
23  -7
25  4
29  -3
28  2
27  4
19  -4
23  -4
26  -9
26  -10
24  -8
27  6
18  -1
23  -11
26  -8
25  2
27  1
22  2
27  4
28  2
23  -11
25  -4
22  -1
22  -1
29  5
26  -9
26  -6
26  -7
21  -3
25  4
25  -3
26  -3
27  6
27  -1
25  0
26  -10
29  0
26  -11
26  -8
28  6
26  -7
22  -1
27  4
23  -8
25  -2
23  -7
24  -3
25  1
24  -5
28  5
24  -9
22  -6
23  -5
24  -3
26  -6
26  -9
25  4
26  -7
23  -6
24  -10
21  -1
20  -9
23  -3
28  5
28  0
27  6
25  -1
21  -1
21  -3
26  -9
24  -11
26  -9
26  -8
23  -11
25  1
26  -3
24  -8
22  -4
22  -1
25  -4
27  4
24  -6
25  1
24  -7
29  -3
19  0
25  -3
24  -8
26  -6
21  0
24  -7
26  -6
25  0
23  -4
26  -3
24  -10
26  -5
27  0
27  2
22  -6
21  -3
24  -3
25  2
28  2
23  -3
21  3
26  -6
26  -11
25  0
27  -2
25  4
25  4
22  1
24  -6
25  -4
24  -7
23  -3
26  -7
25  -3
23  -7
25  -2
24  -7
25  -3
25  2
27  0
27  -2
23  -3
23  -4
27  -1
24  -3
24  -3
23  -4
24  -8
25  1
24  -4
22  -5
23  -5
25  -4
27  6
27  1
25  0
26  -8
20  -5
27  5
25  -1
26  -3
25  3
30  -6
21  -3
25  2
21  2
25  -1
22  -5
24  -5
25  4
27  -1
25  -1
25  1
26  -10
28  6
25  -4
20  -5
24  -6
22  -4
24  -8
22  -2
24  -3
18  0
21  -2
25  -3
22  -1
22  -1
22  1
20  -3
22  -2
26  -7
26  -5
27  -1
22  -1
27  -2
18  2
25  1
28  0
25  2
20  -9
24  -6
26  -7
26  -5
25  4
23  -3
23  -7
24  -11
29  4
24  -4
26  -11
19  -7
27  6
25  2
22  -4
24  -5
25  -3
23  -8
24  -3
21  0
23  -10
21  -4
28  4
26  -5
28  3
26  -10
25  -2
22  1
24  -4
26  -4
24  -4
22  -4
22  -3
24  -10
23  -3
25  4
25  0
24  -11
28  2
28  3
20  -10
27  4
21  3
24  -3
25  1
23  -7
25  1
23  -3
26  -9
26  -7
26  -6
27  2
27  -2
26  -4
25  1
27  4
22  0
25  -2
21  -3
24  -3
26  -4
26  -8
24  -9
23  -11
27  2
28  1
27  5
27  6
27  -2
24  -4
25  2
29  -2
24  -5
25  -4
26  -10
21  -3
22  0
26  -7
26  -7
24  -4
27  0
26  -7
26  -10
21  3
29  3
28  3
23  -3
26  -8
26  -9
24  -4
27  -2
24  -4
26  -6
23  -11
24  -10
23  -10
22  -2
27  3
27  2
29  4
26  -9
26  -10
23  -4
26  -6
27  -2
26  -3
21  -3
26  -7
24  -4
26  -9
30  -6
27  -2
24  -9
28  2
25  -2
25  -4
21  -1
24  -4
27  1
27  2
25  -1
21  -2
24  -6
21  0
23  -11
21  1
24  -8
26  -4
23  -7
24  -5
26  -7
27  0
21  -3
19  -2
22  -2
26  -4
25  -1
27  0
21  -4
30  -6
28  3
25  2
23  -11
25  -2
28  0
26  -9
25  -2
21  -4
27  4
26  -3
28  4
23  -9
26  -5
26  -9
26  -7
26  -10
27  -2
25  3
24  -4
21  -1
24  -9
26  -4
29  2
24  -5
24  -4
26  -9
25  0
24  -6
28  2
23  -10
24  -6
26  -7
24  -7
24  -9
29  -3
24  -9
23  -9
23  -8
22  -5
24  -10
27  2
26  -7
25  3
29  3
27  5
28  -1
26  -4
25  1
23  -5
23  -7
25  -3
26  -9
26  -6
24  -10
28  4
25  -4
26  -7
24  -4
23  -3
23  -5
25  1
24  -10
27  5
24  -8
26  -8
25  2
24  -10
28  -1
23  -4
21  1
29  -3
25  -4
25  -2
24  -4
20  -10
27  1
23  -3
26  -8
26  -10
24  -4
24  -11
28  4
26  -10
27  2
25  -4
26  -5
25  -4
26  -4
24  -8
24  -6
22  -5
24  -5
27  5
26  -10
23  -4
27  -1
26  -4
28  7
20  -3
25  -2
27  2
26  -3
25  1
22  -2
20  -5
25  1
24  -5
25  4
24  -6
25  4
24  -4
22  -3
26  -8
25  1
24  -4
24  -6
24  -4
26  -7
23  -10
20  -7
25  -4
24  -10
24  -11
26  -6
25  4
22  1
28  3
28  3
27  -1
22  2
27  4
25  -1
25  3
25  -4
24  -7
21  2
25  4
21  -4
22  -2
21  -2
23  -9
23  -6
26  -3
23  -7
21  2
22  -3
24  -6
26  -11
29  5
27  0
25  -1
23  -8
24  -10
27  1
26  -9
29  -1
21  -1
25  4
25  4
25  0
30  -10
27  1
24  -10
26  -7
24  -4
20  -4
27  -2
23  -7
23  -3
27  6
26  -3
23  -10
23  -11
24  -3
22  -2
22  2
21  -1
20  -5
28  4
26  -9
22  -2
25  2
26  -7
23  -6
24  -10
27  4
26  -8
21  3
28  3
22  1
25  -4
26  -11
28  3
22  -1
27  5
24  -8
25  2
28  4
26  -9
24  -3
21  -5
24  -10
25  0
27  -1
25  2
29  -1
27  5
26  -9
21  2
26  -6
21  2
25  -1
28  7
26  -8
22  -3
27  6
25  -3
22  -2
23  -10
23  -4
22  -3
20  -10
23  -10
25  -4
25  -1
28  4
27  -1
24  -8
23  -9
21  0
24  -10
23  -8
25  -1
27  0
22  -1
28  3
28  1
19  -2
20  -7
22  -3
24  -5
28  0
21  -3
27  0
20  -9
19  -1
24  -10
26  -3
27  0
27  2
22  0
25  -2
28  6
26  -5
20  -3
26  -7
24  -5
23  -9
24  -8
20  -4
28  2
23  -3
27  6
27  4
25  3
21  -4
26  -11
29  4
23  -9
28  2
24  -9
24  -10
26  -4
23  -6
28  7
26  -11
25  -2
26  -8
27  0
27  0
27  4
24  -6
26  -7
30  -2
25  0
26  -3
26  -10
24  -7
21  -1
25  -1
26  -4
27  5
25  -3
24  -6
22  -6
21  2
24  -5
25  2
25  4
26  -9
24  -11
23  -11
26  -7
22  -5
30  -9
27  6
24  -3
27  6
26  -4
21  3
26  -6
27  2
24  -4
27  1
29  -3
27  5
20  -7
23  -10
27  6
