17  -1
19  5
19  6
18  -2
16  2
18  -3
18  -2
18  -3
18  -1
17  2
17  3
17  0
18  -2
17  -1
18  0
16  2
18  1
16  5
17  3
18  1
18  -1
17  -1
18  -2
18  1
19  4
18  -3
18  -1
20  -6
18  -2
19  8
19  6
17  -1
17  3
14  -5
18  1
19  6
18  -2
17  3
18  0
18  1
17  3
16  1
19  4
18  0
18  -1
18  0
15  -1
20  -4
16  5
19  5
17  2
18  -3
17  0
17  0
13  3
16  4
16  1
17  -1
19  7
18  0
18  -2
17  3
19  6
17  -1
20  -6
17  2
15  3
19  8
19  7
19  8
18  -2
16  4
19  8
15  0
18  0
18  1
18  1
18  -2
17  0
18  0
19  6
19  4
18  -3
13  7
16  3
19  8
18  -1
19  4
18  -2
15  -1
20  -7
17  -1
18  -1
18  -2
16  2
18  -2
18  1
17  1
20  -5
18  0
19  4
18  -1
18  -3
20  -6
18  1
20  -3
18  -3
19  8
17  2
19  5
16  2
17  -1
18  -2
16  3
18  1
19  6
19  4
19  7
19  7
19  7
19  6
17  2
18  -1
20  -7
19  8
17  2
16  4
15  2
15  -1
16  4
19  4
18  -1
17  -1
16  2
18  1
16  2
16  2
18  -2
16  1
18  0
20  -4
16  1
14  -5
20  -5
19  6
17  2
18  0
20  -7
14  -5
18  -2
19  5
18  1
16  2
19  5
18  -1
19  4
19  8
18  0
19  4
18  -3
18  -3
19  7
20  -5
18  -3
18  -1
17  2
16  5
17  1
18  -2
16  2
19  7
17  0
17  0
19  4
19  8
20  -6
17  3
15  3
19  8
17  -1
16  4
16  5
20  -3
19  7
16  4
18  0
15  1
18  -2
17  -1
19  6
16  4
18  1
17  -1
13  6
18  -1
18  0
14  -4
19  7
17  3
18  -1
17  2
19  8
17  0
20  -6
18  1
17  2
18  -1
13  7
18  1
20  -3
18  0
17  -1
19  7
18  -3
18  -2
19  6
18  -3
19  5
18  -3
19  4
19  4
17  1
18  0
19  8
18  -3
17  -1
18  -3
16  3
20  -6
19  6
19  5
16  5
18  -2
16  1
16  3
19  4
19  4
19  8
20  -6
16  5
18  -1
18  1
18  -3
17  -1
17  3
17  -1
17  0
18  -3
17  -1
17  -1
20  -4
19  4
16  1
18  -1
16  4
17  0
17  -1
19  6
18  1
16  2
17  1
19  4
18  -3
19  8
18  0
16  1
19  7
19  5
18  1
20  -4
20  -4
17  2
17  3
15  1
17  -1
20  -5
17  0
17  3
17  1
19  4
20  -4
16  3
17  2
18  -1
15  0
20  -5
14  -7
17  -1
15  3
17  1
15  0
20  -4
17  1
18  -2
19  6
19  8
17  3
17  3
19  8
17  -1
17  0
18  -1
18  -2
16  3
17  1
18  -1
19  8
19  7
16  2
18  0
19  4
19  4
18  1
19  4
18  1
18  -3
18  -2
18  -2
17  2
17  1
17  1
17  -1
18  -3
16  3
19  6
17  -1
18  -3
15  1
18  -3
18  1
16  5
19  8
20  -4
19  5
20  -6
19  5
20  -6
14  -5
17  -1
20  -5
15  3
17  0
18  0
19  6
16  5
17  3
19  5
18  0
15  0
20  -4
20  -4
17  -1
17  3
18  -1
18  -2
20  -7
16  2
18  1
16  5
18  1
18  -3
18  -1
19  5
19  5
19  5
18  -1
19  4
20  -3
20  -4
19  8
17  -1
18  1
17  -1
18  -3
18  1
18  0
17  1
19  8
19  5
17  1
16  2
18  0
20  -5
19  7
18  -2
14  -4
20  -7
16  1
17  -1
19  5
14  -6
19  6
20  -4
17  3
18  -3
17  0
18  1
17  2
20  -4
19  6
18  -2
17  2
17  3
19  4
19  5
19  4
18  -1
16  2
18  -1
16  3
20  -7
18  1
18  -1
17  2
18  -2
17  3
15  -1
16  2
17  -1
20  -7
17  0
17  1
17  2
18  1
19  4
16  4
17  0
19  8
16  4
20  -3
19  8
19  8
17  2
17  1
17  3
17  0
18  -2
19  6
18  -2
15  3
17  1
19  4
18  -1
16  5
16  2
19  6
17  1
19  4
18  0
19  8
15  2
19  6
18  -2
19  8
19  6
19  6
17  1
19  4
18  -1
18  1
18  -2
15  2
19  5
16  5
17  -1
17  -1
17  0
16  4
16  5
19  6
16  1
17  2
19  4
18  1
18  1
20  -7
19  7
16  4
16  1
16  3
18  0
16  1
17  1
17  0
18  1
18  1
20  -3
18  -2
19  8
14  -8
19  4
18  0
19  7
14  -6
17  2
20  -3
17  0
18  1
17  1
19  6
18  -2
19  8
17  0
16  5
20  -7
17  -1
18  -3
17  -1
15  0
18  -2
16  1
19  5
18  -1
17  0
17  3
19  4
18  -1
18  -3
19  4
18  1
16  1
15  1
18  1
16  2
17  -1
19  4
16  2
19  7
17  3
19  6
18  -3
18  -3
19  5
19  4
18  1
15  -1
20  -4
18  0
18  1
20  -3
19  5
17  2
19  6
15  -1
19  5
20  -6
19  8
19  5
18  -2
17  2
18  1
15  3
17  1
18  0
19  8
19  4
15  3
20  -4
17  3
18  -3
18  -2
17  -1
19  8
19  7
17  0
20  -3
20  -3
18  1
18  1
17  -1
17  0
18  -2
18  1
16  4
16  5
17  3
17  1
16  1
18  -3
19  4
17  0
17  3
18  -1
20  -7
17  0
17  -1
17  3
14  -5
20  -6
18  1
19  7
18  -3
19  5
19  4
17  3
15  -1
18  -1
19  4
18  -3
17  0
18  -2
19  8
20  -5
19  8
18  -2
17  0
18  -3
17  1
17  -1
19  6
14  -5
19  6
16  2
20  -6
19  4
19  4
17  1
19  5
17  -1
16  4
17  3
17  2
16  2
17  3
19  7
18  -2
15  1
18  -1
18  0
17  2
17  0
17  3
18  -2
19  5
18  1
17  2
16  1
17  0
17  2
17  0
17  -1
17  1
17  3
19  4
18  -2
19  4
18  1
18  -3
18  -1
18  -2
20  -7
20  -6
18  1
17  2
18  0
19  6
15  -1
16  5
17  3
19  4
18  0
17  0
18  -3
18  1
14  -7
15  1
18  0
16  5
17  3
18  1
17  -1
17  3
17  0
19  5
17  1
15  -1
16  4
19  6
19  4
20  -4
18  -3
19  5
17  0
17  1
17  3
18  0
19  8
17  2
18  1
16  3
16  3
19  5
18  -3
19  4
19  4
19  8
17  -1
17  3
17  0
17  0
18  -2
20  -6
20  -4
20  -5
19  8
18  1
18  0
18  -1
17  -1
17  1
17  1
18  -2
18  -1
18  -2
17  2
17  1
15  2
19  6
18  1
17  1
20  -4
17  2
20  -7
18  -2
17  0
15  1
15  2
20  -5
17  0
18  -1
19  8
18  -1
19  4
17  -1
18  0
18  -1
15  2
15  -1
20  -3
20  -3
18  1
18  1
17  1
18  -2
20  -4
17  1
17  1
17  1
18  -2
17  0
19  5
16  2
19  5
17  -1
17  -1
16  3
18  -1
17  1
17  0
19  8
17  3
20  -6
19  7
17  2
18  0
19  5
19  8
17  2
17  0
14  -5
19  5
19  6
17  3
18  1
15  2
18  -2
17  2
18  -1
16  1
18  1
18  -1
19  8
17  -1
19  4
19  5
17  0
18  -2
15  3
15  1
17  3
17  2
18  -1
18  -2
18  0
19  4
16  4
18  1
19  6
17  1
19  4
17  -1
16  3
18  1
18  -2
15  -1
18  1
18  0
19  8
19  8
18  -3
19  4
18  1
15  1
20  -5
18  -2
18  -2
19  4
19  5
19  5
18  -1
15  3
17  -1
17  3
15  -1
18  -1
19  5
17  0
16  2
18  -1
17  1
19  4
16  1
18  -2
19  5
17  3
17  3
17  2
18  -2
17  3
17  -1
18  1
17  0
19  5
17  3
18  -3
15  1
19  5
19  8
16  5
16  5
19  7
15  3
17  -1
19  5
16  3
20  -3
16  4
15  0
17  1
18  0
16  2
14  -5
17  1
15  -1
16  1
16  2
16  1
20  -5
19  4
17  -1
17  2
18  -2
18  1
17  0
18  -2
15  -1
17  1
19  6
17  3
19  4
17  -1
19  7
18  0
17  0
20  -7
19  5
19  5
17  1
19  4
17  2
17  3
19  7
17  3
18  0
18  -3
20  -6
18  0
17  -1
20  -4
20  -4
20  -5
17  0
18  1
19  8
15  0
16  4
18  1
18  -2
19  5
19  6
15  -1
17  2
17  3
19  5
18  0
18  0
20  -6
18  0
18  -3
17  1
17  -1
17  2
17  -1
18  -1
15  3
18  -3
17  0
17  3
19  6
18  -3
17  1
17  1
18  1
17  3
19  8
17  3
18  -1
18  -3
20  -3
18  1
18  1
16  3
19  4
17  0
17  -1
18  -3
18  -1
18  1
18  -1
18  1
18  -3
16  1
18  1
17  0
20  -3
16  5
18  -1
18  1
16  5
17  -1
17  3
17  -1
18  -1
17  0
18  -3
14  -7
19  6
18  -2
18  1
17  0
17  1
19  7
16  2
19  8
17  3
19  7
17  0
19  7
19  5
15  0
19  6
18  0
19  8
18  0
18  -2
18  -2
15  3
19  8
17  0
17  -1
18  -3
18  0
17  2
18  1
17  -1
19  4
18  -1
16  5
16  1
16  1
