13  7
13  7
11  5
9  -3
11  5
8  4
6  3
5  6
15  6
17  -5
10  5
14  7
16  -6
13  7
10  6
9  -3
11  6
14  8
13  6
13  6
14  6
11  4
12  -5
12  -3
13  8
16  -8
12  -5
11  6
11  6
13  7
17  -5
11  6
12  -3
15  6
16  -6
8  3
6  3
12  -4
12  -3
10  5
12  -5
11  6
13  6
14  7
15  5
9  -2
14  8
16  -7
13  7
16  -7
17  -5
3  -3
5  6
18  7
10  5
10  6
11  4
10  4
11  4
12  -5
12  -3
13  8
11  5
16  -8
9  -2
10  4
9  -3
12  -5
8  2
14  7
14  6
10  5
10  6
13  7
19  -4
15  6
12  -3
10  4
10  6
10  4
10  4
7  8
13  8
14  6
8  4
10  6
13  7
13  8
15  6
7  8
11  4
11  5
12  -3
11  5
12  -5
14  8
10  4
13  7
13  8
14  6
9  -3
9  -3
11  6
11  5
8  3
9  -4
13  7
9  -3
10  5
12  -5
13  8
5  8
9  -3
9  -2
8  4
9  -2
10  6
10  5
9  -3
7  7
13  8
10  6
11  4
11  6
12  -4
14  6
12  -5
11  4
11  6
10  5
7  8
9  -3
9  -4
13  7
12  -5
11  5
11  6
7  6
17  -7
13  6
14  7
7  6
15  6
9  -3
11  5
13  7
8  4
10  4
11  5
7  8
14  7
9  -2
15  6
7  8
10  4
5  7
9  -4
12  -5
13  8
13  6
14  8
13  7
8  4
9  -2
10  5
13  7
9  -2
6  3
13  8
4  0
13  7
10  5
11  5
16  -8
15  5
17  -6
12  -5
10  6
9  -4
8  3
6  4
10  4
13  8
12  -4
7  8
9  -4
12  -3
12  -3
12  -4
9  -4
18  8
11  4
13  7
11  5
15  6
10  6
12  -3
16  -6
14  6
13  8
9  -4
14  7
13  8
13  8
10  4
9  -4
11  4
11  4
10  5
10  6
11  4
10  6
11  5
13  7
10  5
8  4
8  4
14  6
15  6
13  7
8  4
9  -3
10  4
10  6
13  8
12  -3
10  6
6  5
11  4
14  6
10  4
11  6
8  4
9  -4
10  5
10  4
8  4
10  4
8  2
8  4
10  6
11  6
12  -4
13  7
12  -4
10  5
12  -4
11  6
15  5
6  3
8  2
11  5
12  -3
11  5
10  4
12  -5
12  -3
11  4
12  -5
9  -3
8  2
16  -6
7  8
6  4
12  -3
17  -6
12  -3
7  7
10  6
9  -4
13  6
12  -4
10  6
8  4
11  5
6  3
10  4
13  7
14  7
8  4
12  -5
12  -4
12  -4
14  6
10  4
8  2
7  6
13  6
12  -5
8  3
15  5
9  -4
9  -4
12  -5
11  6
12  -4
11  6
11  6
10  4
13  6
11  4
11  4
13  7
8  4
9  -4
13  6
12  -4
15  5
14  8
10  6
4  1
14  8
11  6
14  6
13  7
11  6
12  -5
6  5
11  6
10  5
14  6
14  8
12  -3
9  -2
11  4
5  6
11  6
13  7
11  6
9  -3
13  7
10  4
5  8
15  5
13  7
10  4
11  5
9  -4
8  4
13  8
14  8
7  7
12  -5
14  8
9  -3
8  3
9  -2
10  4
7  6
12  -3
13  7
7  7
7  7
12  -3
10  4
12  -3
8  3
17  -7
11  6
13  7
13  6
7  6
8  4
9  -4
13  8
15  5
7  8
5  8
9  -3
12  -3
5  6
12  -3
10  5
11  5
12  -3
12  -4
11  4
13  8
9  -2
10  4
11  6
9  -4
8  2
12  -4
5  6
9  -4
12  -4
8  4
5  8
14  6
14  8
9  -4
9  -4
10  5
9  -2
9  -2
13  6
13  6
11  5
11  6
12  -3
7  7
11  5
10  4
6  5
12  -4
8  4
8  4
7  7
7  8
9  -2
14  8
10  6
9  -2
12  -5
11  5
11  5
12  -3
11  5
10  4
12  -4
12  -5
9  -2
15  6
11  5
12  -4
10  5
10  6
10  6
10  5
13  8
14  8
13  7
9  -4
10  4
7  6
16  -8
11  6
7  8
7  7
10  6
9  -3
9  -2
5  6
13  8
10  4
13  6
17  -5
11  4
9  -2
11  5
13  8
11  6
9  -2
11  4
13  6
17  -6
9  -4
10  6
12  -5
8  4
7  6
12  -5
12  -5
12  -4
11  4
15  5
9  -3
15  6
6  5
16  -8
7  7
11  6
12  -5
9  -4
10  4
11  4
12  -4
13  6
13  7
8  2
8  3
9  -3
14  7
9  -4
9  -4
12  -5
6  5
7  7
15  6
15  7
7  7
7  6
13  8
7  6
14  7
8  2
10  5
17  -5
10  5
11  4
7  7
9  -2
10  5
12  -4
12  -3
12  -5
16  -6
8  3
13  6
11  5
14  8
12  -3
10  5
6  3
10  6
9  -2
10  6
10  6
9  -3
15  6
9  -3
8  3
15  6
7  8
7  6
13  8
15  5
12  -3
9  -2
10  5
8  4
11  6
11  4
11  6
5  6
13  8
14  6
10  4
9  -4
14  8
6  5
11  6
11  6
6  4
14  8
9  -4
10  6
15  7
11  5
13  7
15  6
12  -5
9  -4
12  -4
12  -3
14  8
14  6
15  6
16  -8
11  4
17  -6
11  4
10  6
10  4
12  -5
13  6
12  -3
8  2
7  6
12  -3
6  4
12  -5
10  4
9  -2
11  6
10  6
8  4
11  4
9  -3
8  4
10  6
11  6
10  6
17  -5
7  8
14  7
11  6
6  3
9  -2
11  4
12  -3
9  -3
12  -4
15  7
18  7
11  5
8  2
7  8
8  2
13  7
11  6
16  -7
9  -2
16  -6
9  -2
11  6
10  4
12  -3
14  6
10  6
11  4
14  8
14  8
10  4
12  -4
8  2
9  -4
11  5
12  -3
11  6
8  2
9  -2
12  -4
8  3
9  -4
9  -3
6  5
13  7
12  -3
9  -3
9  -3
14  6
13  7
9  -2
12  -3
11  6
10  6
8  4
20  1
12  -5
7  7
11  4
16  -6
12  -3
11  6
7  6
6  3
12  -5
11  4
8  3
11  4
12  -4
9  -4
9  -4
12  -4
8  3
6  5
11  4
12  -5
10  4
9  -4
13  7
11  4
12  -3
8  2
10  4
12  -4
7  7
9  -2
8  2
10  4
9  -3
11  5
8  2
12  -5
15  5
10  5
12  -3
13  6
12  -3
5  6
14  7
10  5
11  5
9  -4
13  8
10  5
9  -4
15  7
12  -5
9  -2
9  -4
11  5
13  8
8  4
19  -4
13  8
10  4
11  6
12  -5
11  6
8  4
9  -2
8  4
11  5
13  6
14  7
12  -4
7  6
13  6
11  5
8  4
12  -5
10  6
8  3
13  7
9  -4
11  4
10  6
13  8
14  8
10  5
9  -2
15  5
12  -3
8  4
9  -4
9  -2
9  -4
9  -3
10  5
11  4
10  6
10  4
10  4
12  -3
9  -4
9  -2
9  -4
14  6
12  -3
11  5
6  3
12  -3
15  6
6  5
9  -2
8  2
11  6
18  8
9  -2
11  6
13  8
11  6
9  -4
11  5
9  -4
15  7
10  5
7  7
14  7
10  6
9  -2
6  4
8  3
15  6
14  7
9  -4
11  6
10  6
10  6
7  8
10  6
9  -4
13  8
7  6
14  7
11  6
12  -5
14  7
10  4
12  -4
10  4
10  4
9  -4
13  8
13  6
10  4
8  2
8  4
7  7
11  6
12  -3
15  5
7  6
11  6
11  5
14  7
16  -6
13  8
13  8
15  7
12  -5
12  -3
7  6
13  6
9  -2
11  4
9  -3
10  4
12  -4
12  -4
13  8
14  7
11  5
9  -4
11  5
7  6
9  -4
10  4
11  4
5  8
11  4
11  5
12  -4
11  5
13  6
10  5
6  5
14  6
11  6
5  7
14  8
7  7
10  4
15  7
8  3
12  -4
11  5
12  -4
11  5
9  -2
13  6
15  6
9  -2
11  5
15  5
12  -3
14  6
12  -5
15  6
12  -4
8  3
7  7
12  -4
8  4
17  -6
12  -3
12  -4
14  6
12  -4
12  -3
10  4
11  4
12  -4
12  -3
17  -5
11  6
14  8
12  -4
10  6
14  6
11  6
10  6
10  4
15  7
10  5
8  2
8  3
8  4
13  6
8  4
11  5
9  -4
12  -4
5  7
10  4
10  6
9  -2
12  -5
12  -3
7  6
17  -5
11  5
13  6
11  4
10  5
12  -3
11  5
13  6
8  3
13  8
8  4
11  5
8  3
14  6
9  -4
10  6
15  6
13  6
11  5
9  -4
11  4
8  2
15  7
12  -3
11  5
14  8
10  6
11  4
11  4
12  -5
10  5
13  7
13  7
7  6
11  5
7  8
11  5
13  8
13  8
10  5
11  6
16  -8
8  3
15  5
10  6
13  6
13  8
9  -3
12  -4
12  -5
8  2
10  4
18  6
8  3
10  6
13  7
8  3
14  8
10  4
9  -3
8  3
10  5
12  -3
14  8
14  7
9  -3
15  5
10  6
7  7
15  7
11  6
9  -4
6  5
11  5
13  8
9  -2
14  8
7  7
8  4
14  8
11  5
10  5
14  8
8  3
15  6
9  -4
11  6
10  4
7  8
7  8
16  -7
14  7
15  7
10  5
10  6
10  5
11  5
12  -3
11  5
16  -8
13  7
13  6
14  6
10  4
8  4
5  8
13  7
