23  6
27  -9
25  1
22  -7
24  7
29  2
28  -7
25  4
28  -9
19  8
21  -9
32  -2
29  4
29  4
26  7
29  -6
28  -8
26  -1
28  -6
25  4
27  -2
26  -1
27  -1
27  3
29  4
28  -5
30  13
26  4
25  7
27  3
29  1
31  -7
26  5
26  -4
23  4
28  -13
29  -4
28  -4
26  5
27  -7
23  -3
25  8
27  -4
22  0
29  -3
27  -6
26  1
24  3
24  1
29  1
25  13
25  12
26  2
24  11
26  0
27  -3
24  9
29  -5
29  5
26  8
22  -7
28  -6
28  -2
28  -9
24  12
30  2
26  0
25  12
25  13
25  5
24  11
27  3
29  1
25  4
27  -2
32  -2
25  5
31  1
29  -7
27  -4
27  -3
24  9
28  -13
20  2
27  -3
26  0
28  -12
23  3
23  5
31  -8
23  2
26  -4
30  8
25  12
26  -2
30  7
23  4
27  -9
25  2
30  12
23  7
25  3
23  9
27  -6
26  3
24  2
26  6
23  8
29  1
28  -2
25  5
24  8
20  4
26  8
27  -6
24  10
29  -1
26  2
29  -5
28  -1
25  6
28  -4
26  8
21  1
27  -4
23  6
28  -7
31  -5
29  -4
25  13
24  11
30  1
24  11
27  2
29  -1
31  -8
26  1
25  11
28  -7
26  8
31  1
27  -5
27  1
31  -2
28  -13
26  1
26  5
26  4
29  4
20  7
27  3
30  11
24  5
23  -1
32  -5
26  3
25  6
30  7
27  -9
26  -3
27  -6
24  11
28  -11
30  5
26  8
24  12
31  -1
28  -6
31  2
28  -8
26  1
27  3
27  -1
28  -5
29  -4
30  2
32  -3
32  0
25  3
27  -9
24  2
26  6
28  -9
26  5
30  5
24  1
23  -1
28  -7
26  7
25  9
27  -1
26  1
29  4
24  5
28  -9
21  -4
27  -4
27  1
26  2
22  0
30  1
28  -7
21  -1
21  -1
23  0
25  6
27  2
26  -3
25  1
24  11
24  10
27  0
28  -3
28  -3
28  -6
28  -12
27  -2
27  -8
29  -5
29  -5
24  4
25  10
30  2
26  3
25  7
29  4
25  4
22  -1
27  1
26  8
25  7
30  8
27  -2
29  0
29  -4
28  -12
25  1
27  0
28  -4
25  1
24  0
27  2
26  1
31  -9
28  -6
29  5
25  1
24  3
24  11
23  9
24  7
27  -7
29  -7
30  11
24  0
32  -2
23  -3
25  9
29  0
27  -3
31  1
27  -5
26  -3
27  -7
30  12
26  -2
31  -9
24  10
26  6
26  3
28  -4
26  0
27  -4
27  -1
29  2
23  -3
27  -2
26  -2
28  -8
25  12
26  8
27  -7
28  -3
23  -1
25  2
31  -7
24  4
24  2
23  7
25  3
23  -3
29  -6
25  5
25  11
28  -7
31  -5
26  2
25  2
28  -8
29  -6
31  -5
25  12
25  11
27  -1
23  0
21  -7
30  9
28  -1
26  6
27  1
29  -2
25  13
29  -7
21  -7
24  1
26  3
19  -1
27  0
26  0
28  -2
28  -4
29  5
29  -3
28  -10
27  1
28  -7
24  0
25  13
27  0
26  6
25  5
28  -8
24  0
30  9
28  -10
30  11
30  10
25  12
28  -10
31  3
27  -2
25  6
28  -3
31  3
28  -13
27  -5
26  -4
28  -8
25  5
30  4
27  -7
27  2
27  -5
28  -5
26  6
30  6
26  4
30  13
28  -3
22  -1
30  7
22  -9
30  13
29  3
26  -2
28  -10
30  12
29  3
27  -6
30  7
31  -1
27  -8
26  -1
24  4
25  7
34  -7
28  -4
30  6
30  8
31  -1
20  3
22  -3
29  -1
23  -1
26  4
22  -8
30  10
27  3
25  2
24  6
27  1
22  -2
25  1
28  -2
32  6
25  8
29  3
26  2
31  1
27  1
26  -2
24  11
31  2
27  -3
30  4
30  13
27  0
29  -1
27  -6
25  5
29  -2
25  11
27  3
30  10
27  -6
27  0
24  0
30  6
27  -7
26  4
22  1
29  2
28  -2
28  -7
28  -1
28  -11
27  3
27  -2
25  1
27  3
30  5
29  -5
20  7
28  -5
26  3
25  8
28  -3
28  -5
25  1
25  5
27  1
27  3
27  2
29  -4
24  1
27  -4
27  -7
28  -4
28  -13
25  3
30  7
27  0
28  -1
29  3
32  6
34  -2
25  6
27  -7
28  -6
28  -9
32  2
28  -1
29  -3
21  0
25  1
29  2
28  -6
27  1
20  7
28  -7
23  7
26  -1
19  -2
29  4
27  -7
28  -7
27  -8
25  1
28  -5
25  2
28  -8
32  4
27  3
22  -6
24  4
25  4
29  -4
26  -4
29  3
24  1
27  -7
27  -3
28  -1
23  1
24  9
27  2
28  -11
23  9
28  -2
27  3
27  -3
27  0
24  0
27  -8
27  -4
25  8
19  7
28  -6
26  -2
27  3
26  0
28  -7
28  -3
27  -4
24  3
25  4
29  -4
25  8
23  5
24  12
27  -5
32  7
22  -2
31  3
24  9
30  6
32  7
29  -6
32  2
30  9
29  -4
31  1
26  0
27  -8
23  -1
28  -5
27  -8
30  1
31  0
29  2
27  3
25  3
26  8
29  2
23  1
24  7
25  6
25  6
27  -8
25  9
23  5
29  -4
29  3
27  2
24  3
23  7
26  2
16  0
25  3
25  1
28  -7
30  10
24  0
28  -11
29  -4
27  -8
28  -1
30  1
28  -12
24  1
23  3
22  -4
26  -3
25  8
31  3
32  2
27  -1
28  -11
31  -4
26  4
26  -4
24  6
28  -6
23  7
25  4
25  7
28  -4
23  -3
27  -2
29  -5
27  -2
23  7
28  -6
28  -11
27  1
25  12
23  7
30  9
22  0
25  4
26  -4
31  3
25  13
24  2
26  8
24  11
23  -3
29  -7
27  3
27  -6
28  -6
26  3
26  -1
29  4
26  0
23  -3
27  0
22  -5
23  1
24  2
28  -6
23  8
26  7
27  -7
28  -1
24  12
26  -4
28  -12
30  1
24  7
25  6
29  -4
24  5
27  -4
24  0
28  -12
28  -10
27  2
29  2
23  8
24  12
31  -9
28  -9
24  5
24  6
24  3
30  4
27  1
27  3
29  -6
27  1
31  2
30  8
26  2
29  2
30  8
26  4
27  -4
23  3
23  2
31  -9
31  -2
29  -3
28  -6
31  -6
23  -3
27  -8
29  -1
27  -5
25  9
27  2
25  9
26  5
23  1
29  0
24  5
24  3
25  1
28  -4
31  1
30  11
29  -2
27  -3
22  -8
25  2
18  5
27  2
23  2
25  8
25  6
25  6
25  11
23  7
28  -8
29  0
22  -1
26  3
26  8
27  -9
32  3
26  8
28  -1
26  -1
26  1
24  9
30  5
29  -3
26  3
25  6
28  -1
25  3
26  8
28  -3
24  11
28  -11
26  8
27  -5
22  -4
25  1
27  -7
28  -13
29  2
27  -2
24  5
23  9
29  -2
29  -2
27  -3
28  -6
26  -3
27  -7
25  2
25  13
28  -12
28  -7
30  2
32  1
26  6
23  6
26  4
26  -2
22  -3
25  10
27  -1
25  6
27  3
26  8
23  9
25  6
31  3
29  2
26  -2
28  -4
27  -7
31  -2
24  12
23  0
25  12
28  -2
23  0
28  -1
28  -1
29  -5
26  4
24  2
30  12
24  7
25  8
29  3
27  -5
32  1
29  -3
26  -4
27  -6
26  3
28  -12
22  -9
28  -8
23  -2
31  -9
30  3
28  -4
27  -4
28  -12
30  9
27  -9
28  -10
25  10
27  -7
26  8
25  5
25  5
22  -1
28  -9
27  2
32  7
31  -7
28  -5
30  5
30  3
30  10
29  3
25  10
29  0
29  1
28  -6
27  -2
23  -3
27  -6
29  2
26  6
32  2
27  -4
25  9
24  0
24  5
29  0
25  11
30  1
29  -3
28  -7
30  13
21  -2
27  -3
29  3
28  -13
30  9
28  -6
31  -5
28  -7
26  -4
28  -10
31  1
22  -5
25  10
28  -13
28  -8
26  5
28  -2
26  0
26  5
27  -6
22  -9
30  11
27  -4
26  2
26  2
27  -4
27  2
33  -4
28  -13
32  5
27  -7
28  -7
26  -1
27  -1
23  2
26  1
30  6
27  -4
27  1
27  -5
29  -5
27  -6
23  6
25  2
29  4
27  -4
26  4
28  -4
23  8
25  13
21  -7
27  3
27  2
27  -2
30  12
29  -3
28  -1
33  -8
32  -3
25  5
28  -6
21  -9
24  12
29  0
27  3
23  1
25  13
22  -2
25  11
27  -2
28  -8
30  3
27  -5
25  9
20  -2
29  -1
25  12
26  5
26  0
24  3
25  10
25  10
25  10
24  9
33  -1
25  3
30  12
31  -8
26  2
26  -4
31  -7
27  3
24  12
29  1
26  6
24  0
31  -7
28  -13
28  -5
30  8
29  -1
27  -2
29  2
27  3
28  -3
31  -9
32  6
26  8
25  4
27  -9
31  -8
26  8
23  0
28  -5
27  -6
22  -8
31  -4
29  -5
29  1
25  6
25  8
29  -3
28  -11
27  3
30  4
27  -5
26  -2
24  0
31  -5
28  -12
27  -2
26  5
29  -1
24  1
24  12
23  4
24  9
30  7
20  -2
23  8
21  -9
32  -3
26  2
27  -5
29  0
29  -4
24  1
25  7
26  7
23  7
30  2
31  -2
26  5
28  -13
27  -8
23  5
25  1
27  -4
30  10
21  1
25  12
28  -2
24  2
29  2
27  1
28  -8
24  0
25  11
26  -4
25  12
25  13
25  2
27  -8
28  -12
24  11
28  -8
25  12
28  -11
