21  7
21  3
19  -2
21  4
20  -3
21  10
19  0
22  -9
20  -9
21  10
23  -8
19  1
19  -2
20  -6
22  -11
20  -4
17  1
19  2
17  4
21  8
21  6
22  -10
22  -4
19  3
22  -11
17  5
20  -9
21  9
23  -7
19  3
20  -6
21  8
23  -2
18  -2
20  -3
22  -6
18  -3
18  2
21  10
19  -4
20  -6
23  -5
18  -3
21  8
23  -4
20  -5
19  -3
21  6
20  -10
21  10
22  -9
20  -9
18  -1
21  3
21  10
19  -2
22  -3
20  -5
22  -10
20  -4
23  -3
22  -9
21  8
20  -10
22  -7
21  10
20  -10
22  -9
22  -9
21  9
20  -8
19  -2
22  -7
22  -11
19  -5
21  6
19  3
20  -6
19  -4
19  -4
20  -3
18  4
22  -5
20  -3
21  8
17  3
19  3
18  2
16  5
19  -5
19  -1
20  -5
23  -7
23  -10
18  4
20  -8
20  -11
21  2
21  3
18  -2
23  -10
18  4
21  8
22  -10
20  -9
22  -9
22  -3
21  8
22  -11
21  9
20  -6
22  -8
18  2
23  -10
23  -9
18  3
22  -8
21  4
22  -7
21  3
22  -8
19  -3
20  -7
20  -5
20  -4
23  -6
19  0
20  -7
20  -9
23  -7
19  1
20  -8
21  4
18  -2
20  -5
22  -5
21  9
22  -4
23  -4
18  -4
20  -5
20  -11
21  8
19  -5
22  -4
19  3
23  -9
18  2
20  -8
22  -7
20  -4
16  4
22  -5
16  5
22  -11
21  2
21  8
18  -2
19  0
17  0
19  -3
20  -5
22  -6
18  0
21  6
22  -11
17  0
19  0
17  2
22  -6
20  -10
20  -10
20  -11
20  -11
21  10
22  -10
19  -1
18  1
22  -11
20  -6
22  -4
18  -1
21  8
20  -5
22  -10
21  9
22  -6
21  7
19  1
20  -4
20  -5
20  -9
20  -9
18  -4
19  1
20  -7
21  5
22  -8
19  -3
20  -10
20  -5
19  3
20  -9
20  -6
21  10
19  -5
19  0
21  5
16  1
22  -4
17  0
19  0
21  10
24  1
21  9
23  -8
21  6
21  3
21  3
18  -4
21  6
21  7
21  5
20  -5
19  -4
19  2
20  -7
22  -9
19  -1
19  1
21  6
22  -7
19  -2
20  -8
22  -4
22  -6
16  2
21  3
23  -2
20  -8
21  7
21  4
20  -4
19  -4
22  -8
20  -5
18  1
20  -3
21  7
21  3
20  -9
21  9
22  -4
20  -10
20  -9
23  -2
20  -11
19  0
20  -7
19  -1
22  -6
19  -4
20  -5
18  2
22  -7
18  -4
22  -9
21  4
18  0
23  -3
23  -5
19  -5
20  -9
20  -8
23  -9
22  -7
20  -8
19  -1
23  -6
23  -7
20  -7
21  10
19  1
20  -4
21  5
20  -5
22  -5
18  -4
21  5
21  3
19  -1
16  0
23  -7
23  -2
20  -8
21  5
18  4
21  8
19  -4
20  -3
20  -10
20  -7
22  -11
20  -8
20  -11
18  3
20  -5
22  -7
22  -11
16  0
22  -5
21  10
21  2
20  -9
19  -4
17  7
18  3
22  -10
22  -11
19  3
20  -9
22  -10
22  -10
20  -3
22  -3
22  -9
20  -8
21  9
20  -4
19  0
23  -6
19  -4
20  -9
20  -3
21  10
19  1
18  4
21  4
21  8
22  -7
18  2
21  4
24  2
23  -4
22  -10
20  -6
19  2
23  -8
21  5
19  -5
21  9
19  2
21  7
17  -1
18  -2
20  -10
23  -8
20  -3
18  -1
21  6
21  2
19  -3
22  -6
22  -9
20  -4
19  3
22  -8
18  -2
21  10
22  -10
19  0
19  -2
22  -3
21  9
19  -1
20  -4
22  -5
24  9
17  4
20  -11
18  0
22  -4
23  -5
21  3
20  -8
15  -10
18  -4
22  -3
21  2
18  1
21  5
18  -3
22  -5
19  -4
23  -10
13  -2
20  -3
22  -7
21  8
19  -5
20  -11
19  1
20  -8
20  -10
22  -11
23  -9
22  -9
24  3
18  -2
21  8
22  -3
19  -2
20  -11
20  -8
21  8
20  -11
20  -9
22  -10
21  5
20  -9
22  -11
21  3
19  3
19  -4
21  10
20  -5
18  -3
23  -8
22  -3
21  10
21  10
19  -1
23  -7
20  -6
19  -4
20  -10
20  -7
21  3
20  -11
20  -11
21  9
23  -10
23  -10
20  -8
19  2
20  -5
20  -6
19  2
19  -2
21  6
19  -1
22  -9
17  6
23  -5
19  2
19  0
22  -9
20  -10
20  -3
22  -11
18  -3
20  -11
22  -10
19  0
21  2
17  5
20  -8
19  0
20  -5
21  9
21  8
21  9
20  -5
21  10
14  2
21  9
20  -9
22  -6
21  8
16  -1
21  10
23  -7
17  7
19  1
20  -9
22  -10
20  -6
23  -5
18  -1
22  -4
20  -7
23  -8
18  3
19  -1
18  -1
19  -4
18  1
23  -8
18  0
20  -8
23  -10
18  -4
22  -7
19  0
19  -3
20  -5
20  -4
21  6
20  -10
21  7
20  -8
23  -10
18  2
17  1
18  3
20  -8
21  3
21  10
23  -9
18  3
24  9
22  -7
20  -6
20  -9
21  6
19  1
15  -3
23  -6
19  -5
19  -4
21  2
23  -10
19  -3
22  -11
22  -9
23  -7
20  -6
21  10
24  5
20  -11
22  -11
21  10
22  -3
23  -10
20  -9
19  1
20  -7
21  8
20  -7
22  -5
21  3
21  7
19  0
20  -5
20  -4
23  -8
21  8
15  -8
22  -6
20  -10
20  -8
22  -4
19  2
23  -9
19  -1
20  -8
20  -3
21  3
21  5
22  -7
18  1
20  -10
23  -4
21  2
19  -4
19  1
20  -4
20  -10
20  -10
21  7
23  -10
22  -9
24  6
18  -1
20  -5
22  -5
23  -7
21  6
22  -8
22  -7
22  -10
21  7
21  8
23  -4
22  -5
22  -7
22  -10
20  -6
21  5
21  6
21  8
21  3
18  -1
18  -2
20  -10
20  -4
21  6
20  -7
22  -8
20  -5
22  -11
20  -3
20  -5
20  -3
22  -10
22  -6
21  10
19  -5
22  -10
17  1
19  -4
20  -7
21  7
16  0
17  3
20  -3
22  -5
22  -7
20  -8
23  -4
20  -5
22  -6
20  -7
22  -9
22  -11
17  0
22  -10
22  -7
16  4
21  7
23  -5
20  -9
20  -9
23  -3
22  -5
20  -11
20  -10
23  -2
23  -8
18  2
19  -4
21  3
22  -7
20  -9
23  -6
18  -1
21  7
19  3
21  8
22  -11
20  -9
22  -7
20  -9
23  -8
18  3
21  6
19  3
19  3
22  -7
19  2
23  -8
22  -5
19  -2
19  -2
20  -5
14  0
22  -8
19  3
21  6
24  5
21  3
21  9
18  -3
22  -10
21  2
20  -8
17  7
19  -2
18  -3
20  -7
24  2
23  -3
22  -5
21  4
19  3
21  4
22  -3
20  -3
21  6
20  -10
22  -3
23  -3
18  3
19  -4
21  6
20  -3
21  4
21  7
23  -5
21  7
20  -7
19  -3
23  -10
19  1
23  -9
21  2
23  -3
22  -8
18  -1
22  -5
22  -4
18  -4
22  -6
21  9
23  -9
22  -10
22  -3
20  -9
19  -2
21  7
22  -10
19  -5
22  -10
23  -10
20  -9
20  -9
20  -10
22  -6
18  -3
23  -5
18  -2
20  -10
21  10
21  9
22  -10
19  -3
24  9
21  7
23  -10
20  -7
19  -5
20  -7
21  3
19  -4
20  -7
19  3
21  5
18  -1
22  -7
21  5
21  5
22  -11
18  3
24  9
18  -3
22  -3
22  -8
21  5
23  -5
23  -8
22  -7
18  -4
18  2
21  4
21  6
22  -5
18  3
21  8
20  -9
21  2
22  -6
20  -4
20  -7
23  -4
21  5
22  -11
18  -2
20  -6
24  8
21  5
19  -3
19  -2
19  -3
21  7
21  6
21  8
22  -5
21  9
23  -9
21  5
18  -2
21  6
20  -9
18  -3
20  -11
20  -10
15  -6
20  -9
20  -4
20  -6
22  -10
18  -1
20  -8
20  -10
21  5
21  7
21  7
20  -7
24  2
20  -3
19  -2
23  -5
18  -2
17  1
23  -2
22  -4
21  3
21  9
17  0
22  -6
20  -8
19  -3
21  2
22  -5
21  2
22  -9
18  4
21  5
22  -8
21  7
17  -1
20  -11
22  -9
22  -7
21  3
19  -1
21  9
23  -2
22  -11
21  2
24  2
21  9
17  3
21  6
21  4
20  -9
22  -7
17  6
20  -9
21  8
19  1
21  8
19  1
23  -5
22  -8
23  -3
20  -7
17  3
21  7
22  -4
23  -8
19  -1
23  -5
21  2
23  -2
21  10
21  7
24  5
24  2
21  5
20  -5
20  -6
20  -8
22  -3
21  10
21  9
23  -3
18  1
18  -3
20  -7
18  -2
20  -6
19  1
19  -5
19  -3
17  0
21  3
21  9
21  10
21  10
23  -2
20  -10
21  3
22  -10
20  -8
18  -4
20  -7
22  -11
21  3
22  -4
21  5
19  -4
20  -10
18  -4
22  -8
21  8
19  -5
18  -3
22  -4
21  5
20  -3
20  -7
21  3
22  -3
21  6
23  -4
21  8
21  2
19  -2
18  -2
22  -5
20  -9
19  -3
22  -6
19  -3
22  -3
23  -2
18  -3
20  -6
21  2
19  2
21  4
23  -8
24  5
21  6
19  0
20  -4
20  -3
15  -11
23  -7
18  1
20  -6
20  -7
17  6
20  -5
22  -11
20  -5
20  -8
19  -5
19  3
20  -9
19  2
22  -3
23  -7
20  -5
22  -9
23  -6
21  4
22  -11
21  9
22  -10
21  6
21  4
20  -5
23  -8
20  -3
20  -7
23  -10
20  -10
16  -2
20  -4
21  3
21  6
20  -8
18  2
22  -3
22  -6
20  -8
20  -4
21  6
21  4
16  0
22  -11
23  -4
21  3
18  2
18  -1
22  -8
19  0
20  -6
