29  -7
28  9
32  -2
32  -4
28  11
27  -5
27  -4
27  -5
23  -2
30  0
29  -1
29  -8
26  8
26  0
30  -6
29  -6
27  -5
32  -4
23  -6
28  3
29  -8
27  0
29  -2
28  3
29  -1
23  -8
32  -1
25  -3
29  -8
30  1
28  6
31  3
28  8
28  11
27  -7
29  -8
29  -4
32  -2
26  1
29  -1
33  1
28  5
30  -1
31  5
24  -8
25  4
31  1
28  3
29  -7
28  8
31  8
30  -4
27  0
32  -3
28  8
29  -3
32  2
32  -5
25  -2
28  10
26  3
29  -6
29  -9
31  0
25  0
28  11
32  -2
32  -4
26  8
30  0
29  -7
31  5
30  -3
27  -5
29  -9
29  -2
24  -7
26  2
29  -2
28  6
25  2
29  -7
29  -7
24  -3
32  1
30  0
27  1
28  3
28  11
29  -9
31  3
32  0
27  -2
32  -4
32  -6
23  -7
28  6
29  -5
33  -3
28  7
25  3
26  8
29  -8
26  1
30  1
31  3
29  -9
27  0
28  5
28  4
25  4
27  -6
30  -6
33  -1
28  6
29  -1
31  4
30  -2
27  -6
27  -1
32  -6
27  -3
26  5
30  -6
27  -5
30  1
25  2
31  5
31  4
27  0
27  -5
25  2
26  1
30  1
24  -5
32  -3
30  -1
28  4
31  5
29  -2
31  3
32  -5
31  2
28  8
30  -2
31  0
31  6
29  -4
28  8
30  -3
29  -7
32  1
30  -5
26  0
28  5
23  0
30  -3
24  -3
30  -2
28  5
27  0
31  0
28  5
29  -4
28  8
30  2
30  2
28  4
28  7
32  -6
27  -5
33  -1
32  1
29  -1
30  -4
26  7
29  -7
25  2
31  5
30  -4
31  6
30  0
28  7
30  -6
28  4
31  7
31  3
33  0
28  4
27  0
29  -4
30  -5
29  -6
30  2
29  -4
29  -6
30  -4
29  -9
29  -2
30  -2
32  0
31  8
31  7
25  1
25  -3
26  5
24  -4
29  -9
27  -7
27  -2
29  -6
28  3
30  2
27  -1
28  9
30  -5
26  8
27  -1
29  -4
29  -9
28  4
26  4
26  1
27  -6
26  1
32  -5
29  -6
26  6
31  7
28  8
25  -4
27  0
31  4
30  1
29  -5
27  0
30  -4
26  2
29  -4
26  2
30  -1
19  6
32  -2
27  -6
30  2
28  8
31  6
32  -4
32  -4
29  -2
29  -2
29  -9
24  -11
28  10
29  -6
30  2
30  -3
27  0
29  -6
25  -4
28  4
28  5
26  0
29  -1
32  -5
32  -1
31  6
30  -4
32  2
28  7
35  -2
29  -2
30  -3
26  6
29  -3
30  -1
26  2
26  6
32  -1
29  -1
32  -4
26  4
30  0
25  0
28  5
31  8
28  6
25  -3
29  -4
28  9
32  -3
28  10
30  -4
25  3
30  -4
29  -4
30  2
31  2
26  2
28  4
28  3
28  10
28  10
31  7
29  -3
27  -1
26  4
30  -5
30  -2
32  0
31  8
30  -2
26  7
29  -8
31  6
31  5
25  -3
28  8
29  -2
30  -1
25  4
28  6
26  5
28  6
32  -4
27  -6
30  -6
30  0
27  -2
33  5
27  1
28  6
31  2
24  -6
28  11
25  -4
32  1
28  7
30  -3
28  9
30  -5
28  8
23  -8
27  -4
28  8
30  -3
26  4
27  -5
28  9
30  -2
24  -9
30  0
29  -2
33  -3
27  -1
31  4
28  3
28  4
32  -1
26  7
31  1
32  -5
30  2
26  8
31  5
27  -7
31  1
27  -7
28  10
26  1
25  0
29  -3
25  4
27  -4
26  8
30  -3
29  -8
28  5
27  -2
26  2
25  -4
27  -1
32  -3
31  7
28  6
27  -3
30  2
33  4
24  -6
28  4
33  -1
33  0
32  -5
25  2
27  -2
29  -5
32  -2
28  10
28  8
28  7
30  -2
26  8
30  -1
28  5
29  -6
29  -2
30  1
26  1
30  2
33  -2
30  2
30  -6
30  -2
30  2
25  2
30  -2
30  -2
27  1
28  8
30  2
26  6
30  -1
32  -4
27  -2
29  -5
28  4
30  -2
29  -7
30  -3
29  -5
30  -3
26  8
29  -7
27  -3
29  -3
29  -8
27  -7
30  -4
31  2
31  0
31  7
28  11
28  11
29  -2
27  0
23  -4
24  -5
24  -10
28  8
28  8
31  6
31  5
29  -7
31  8
28  9
30  -5
29  -9
31  2
26  3
26  3
23  -6
32  -4
25  2
27  -6
29  -9
30  -2
30  -1
29  -5
27  -3
31  6
31  1
26  0
32  -1
26  6
30  1
29  -8
25  -1
26  1
28  9
28  3
26  4
28  6
26  5
31  6
28  7
29  -2
28  5
29  -3
33  5
29  -1
28  5
28  8
28  6
24  -11
29  -7
32  -2
27  -2
29  -6
30  -4
27  -3
30  -6
29  -1
30  0
29  -6
31  6
28  7
31  4
31  8
26  6
29  -5
33  -1
25  4
28  9
28  3
27  0
26  2
31  3
27  -2
34  -1
30  -2
29  -8
30  -3
28  3
26  2
27  -6
27  -3
26  8
28  8
26  2
31  4
29  -3
30  -3
27  -3
27  -7
29  -5
29  -6
25  4
33  5
24  -8
28  5
28  8
29  -6
31  6
31  1
30  -6
27  -6
29  -4
30  -4
28  9
28  8
27  -6
30  0
33  4
31  0
27  -7
26  8
28  4
25  -4
29  -9
29  -6
29  -9
24  -4
27  -5
29  -4
26  8
27  -5
30  -2
27  -5
28  10
30  1
31  6
27  -4
29  -8
30  -2
31  0
31  5
29  -1
27  0
26  4
27  -1
29  -3
29  -3
28  9
29  -8
27  -7
27  1
28  7
28  3
33  -3
30  1
30  -1
23  -5
29  -6
30  -1
25  -2
28  8
32  -1
29  -8
29  -9
32  -2
29  -6
30  1
25  -3
30  0
27  0
31  6
28  7
26  1
27  -6
26  7
31  0
28  11
27  -7
26  6
30  2
26  1
27  -3
28  6
22  7
28  3
30  -5
26  2
30  2
31  7
25  -3
28  5
29  -5
25  -3
28  11
27  -3
29  -2
30  0
33  5
29  -4
26  2
26  8
30  -6
23  -7
27  -5
30  -6
27  -1
30  2
32  -4
32  2
30  -1
30  -2
28  8
29  -7
27  -6
31  3
29  -1
29  -4
33  -3
30  -3
25  2
30  -2
31  4
28  8
30  2
29  -4
29  -4
28  11
31  3
31  1
30  1
29  -8
28  4
24  -3
27  -1
26  2
28  11
30  -3
28  9
30  -4
27  -4
27  -4
29  -3
20  9
30  0
27  1
30  0
31  7
29  -9
27  1
27  0
30  0
27  -4
27  -4
28  5
30  1
30  -2
29  -8
30  -3
30  2
29  -8
33  2
29  -9
31  0
26  1
25  -2
24  -6
28  6
33  3
32  -4
29  -7
30  -3
32  -2
28  10
29  -9
33  1
26  6
32  -1
26  0
25  1
31  1
26  7
26  6
32  -3
30  -6
29  -2
25  3
26  0
26  0
31  7
32  2
27  0
30  -1
31  2
28  11
30  0
32  -4
29  -5
28  7
28  7
30  0
30  -6
30  -1
30  1
29  -8
29  -2
30  -4
32  -2
30  1
23  -3
26  8
29  -1
31  3
29  -2
29  -2
31  0
28  5
28  11
31  0
32  1
30  -6
26  1
26  6
29  -5
27  1
33  2
29  -6
29  -7
25  1
31  1
28  5
30  2
26  3
27  -4
30  -3
26  0
27  -1
29  -7
31  1
28  3
28  3
31  7
27  -5
29  -5
32  -5
31  5
28  5
25  0
28  6
28  10
34  -6
28  6
32  -5
30  0
29  -8
32  -6
29  -6
29  -7
30  1
25  -1
31  1
32  1
32  -5
28  5
30  2
28  4
30  2
25  1
29  -8
33  0
25  0
27  0
29  -6
26  8
27  -6
30  -5
30  -1
28  10
29  -7
30  1
30  0
30  2
29  -9
30  -4
25  0
27  -2
28  7
27  -1
30  -4
31  8
28  4
28  4
31  4
29  -8
27  -5
31  0
25  -3
29  -9
29  -1
29  -8
27  -1
30  -3
24  -11
28  4
32  1
30  -1
30  2
29  -2
29  -7
26  6
30  -5
26  2
28  9
29  -4
26  0
29  -8
25  -2
29  -7
26  6
30  -1
28  3
27  -6
29  -1
32  -1
32  1
25  -4
29  -2
31  5
28  6
30  0
30  2
32  -1
29  -6
29  -2
26  8
31  0
30  -6
26  4
27  -6
26  8
30  -6
31  7
27  -6
25  4
28  10
30  -1
30  1
29  -8
26  5
28  10
26  8
33  4
31  3
29  -8
31  3
26  4
31  5
29  -7
29  -4
29  -9
27  -7
30  1
27  -2
33  2
33  4
28  10
29  -9
28  8
30  -6
28  9
31  2
25  -3
31  0
22  4
31  8
28  6
32  -6
25  -4
28  10
31  1
29  -1
29  -3
31  1
27  1
26  5
33  3
27  -4
27  -1
31  3
29  -1
33  5
31  3
25  -4
33  2
29  -8
24  -4
23  -4
27  -6
23  -8
29  -2
27  -1
31  3
33  0
31  4
31  5
29  -6
26  6
31  3
31  4
31  3
31  1
29  -8
30  1
30  2
27  1
33  1
30  0
32  -2
28  8
26  3
30  -2
27  -3
28  10
29  -9
28  5
31  3
30  -5
32  -6
29  -4
32  -5
24  -9
26  5
25  3
26  6
27  -4
30  1
31  8
28  7
28  7
30  -5
29  -9
29  -8
29  -2
30  -4
27  -7
27  -1
24  -11
28  9
26  7
27  -4
26  1
29  -4
29  -4
28  7
29  -8
29  -6
28  3
31  7
29  -8
27  0
29  -4
26  0
25  -4
30  -6
30  -6
29  -5
