14  -4
14  1
13  -2
16  7
15  3
16  5
18  6
16  4
15  0
17  6
18  1
16  8
15  3
18  7
15  4
17  1
16  3
19  -8
15  5
16  7
17  5
18  4
14  -4
17  3
15  4
14  -4
12  5
17  4
15  4
14  -1
16  2
17  1
17  2
16  5
17  3
17  6
17  6
15  2
17  5
18  4
19  -4
17  4
14  -3
14  -4
15  4
16  6
19  -9
16  4
17  6
14  1
13  2
18  3
16  6
13  0
14  -4
16  3
14  0
17  2
14  -3
14  0
18  3
15  -1
18  1
14  -5
12  5
15  -1
16  3
15  1
17  2
15  3
16  7
13  3
15  -1
12  4
19  -6
16  7
13  4
17  5
17  6
14  1
18  2
16  7
18  7
16  8
16  8
16  2
17  2
15  -1
17  1
17  0
17  4
15  -1
17  2
16  5
15  2
15  -1
15  3
18  6
14  -4
17  2
14  -3
19  -4
17  4
18  3
16  7
18  7
19  -4
16  2
16  3
15  -1
16  4
16  7
12  6
12  0
14  1
17  5
16  5
16  2
17  3
18  1
14  1
13  4
14  1
17  2
17  1
16  8
11  -2
16  3
17  5
15  -1
16  6
15  1
14  -4
15  2
16  3
15  3
13  0
17  4
18  1
15  -1
15  4
19  -9
17  4
14  1
18  3
17  6
13  2
15  1
17  4
16  4
18  2
16  2
15  1
17  2
17  1
17  5
15  1
16  7
12  4
18  7
18  1
18  6
13  1
15  1
15  5
14  -1
14  1
17  2
13  2
16  6
16  7
15  1
18  3
18  7
17  2
17  3
17  0
14  0
16  8
14  -2
16  6
12  1
15  2
16  7
15  1
14  -1
15  1
17  4
15  3
16  7
16  8
14  -3
14  -4
18  4
17  4
16  5
16  2
14  -5
18  1
18  5
12  3
16  8
13  3
16  8
18  7
15  5
18  6
16  4
17  0
14  1
15  1
17  5
16  6
18  4
17  6
16  6
15  1
20  1
16  6
16  5
16  8
17  2
19  -7
17  1
16  7
15  0
14  0
17  0
16  8
15  0
15  1
18  5
13  4
17  4
15  1
16  5
15  1
16  7
17  5
17  1
17  0
17  6
15  4
17  1
17  1
18  5
17  0
17  6
17  3
16  7
17  2
17  0
17  3
17  3
16  4
15  0
14  -4
15  2
16  5
13  -2
13  3
15  3
17  3
19  -9
12  2
13  -1
18  3
18  1
18  2
14  -2
14  -3
14  1
14  0
16  8
17  4
17  2
16  5
15  5
17  4
18  1
16  5
13  4
17  0
15  -1
18  3
19  -7
16  3
15  1
18  6
19  -5
15  5
15  0
17  4
15  4
15  2
15  2
13  3
15  0
14  -1
14  -1
14  -2
16  3
14  -2
12  3
11  -7
15  3
15  4
14  0
16  3
13  -1
18  2
16  8
15  0
15  5
8  1
19  -4
14  -5
17  1
18  4
15  2
14  -1
15  1
13  0
16  3
12  3
15  3
15  0
16  2
17  0
14  0
16  3
16  2
14  -2
13  4
14  -4
15  1
15  5
17  4
10  -7
17  0
17  2
14  0
18  5
14  0
19  -6
16  7
18  3
17  2
18  2
18  6
19  -4
19  -4
13  2
16  7
15  3
18  3
14  -1
17  1
17  4
17  1
15  5
15  4
18  1
14  -4
18  5
17  1
18  6
19  -10
17  6
17  6
13  4
14  -1
18  3
16  5
19  -7
12  6
15  2
14  0
18  1
17  5
16  4
16  5
15  1
16  3
16  6
17  6
19  -6
16  3
17  4
14  -1
16  3
17  1
17  5
15  4
16  7
17  5
16  5
14  1
18  2
18  5
14  -1
14  0
16  8
16  5
17  1
17  3
19  -4
16  7
15  5
18  5
17  6
18  2
17  0
18  1
16  5
16  6
14  0
14  -1
15  3
16  2
18  2
16  4
16  5
18  7
19  -6
17  6
18  3
14  -1
18  6
17  5
13  3
18  4
14  -3
15  -1
15  0
18  1
16  2
16  4
15  1
17  5
17  0
20  -3
15  4
14  -4
17  3
13  3
18  2
20  1
18  2
18  7
20  2
17  2
14  0
16  4
17  2
17  1
11  -4
16  6
17  1
17  0
16  5
15  2
16  4
15  2
13  3
16  3
18  1
16  3
17  2
15  1
12  0
18  6
18  4
15  3
19  -7
16  4
19  -10
17  4
17  4
17  4
19  -10
17  0
16  6
17  4
15  5
15  0
14  0
14  1
14  -5
17  1
16  6
17  1
18  2
15  -1
16  7
13  3
17  0
16  2
16  6
16  5
15  3
16  4
16  6
17  0
18  5
17  5
17  6
16  6
19  -10
11  -6
17  4
15  5
13  -1
15  5
15  3
16  2
16  4
14  -2
19  -5
12  6
15  -1
14  -1
17  4
17  4
14  -1
15  4
17  0
17  5
16  4
16  2
14  -2
14  -1
19  -6
14  1
15  4
18  2
14  -5
15  5
17  3
16  7
14  -2
16  5
18  1
14  -3
18  2
18  3
18  2
16  5
17  2
16  2
11  -5
18  3
17  0
18  3
16  2
17  6
15  3
18  2
17  0
14  0
18  4
17  4
17  6
16  7
17  6
14  -2
15  5
20  0
13  4
18  7
15  1
16  4
17  0
17  3
15  3
15  3
16  6
18  6
14  -1
16  2
15  3
14  -5
15  2
15  -1
15  1
16  5
13  3
18  2
18  3
16  3
16  3
16  4
12  2
17  6
14  -4
15  5
16  8
16  5
15  0
11  -8
13  0
18  4
15  4
13  3
17  2
14  -3
17  1
15  0
19  -9
16  7
15  2
14  -3
17  1
16  5
17  4
18  2
18  6
16  6
13  2
14  -3
16  5
18  6
15  5
18  6
13  1
17  2
18  7
15  3
16  7
12  3
17  1
14  0
18  4
17  0
13  0
17  0
16  5
15  3
17  1
18  6
17  6
16  2
17  0
17  3
16  8
15  -1
16  7
18  5
11  -6
18  7
15  5
18  4
18  1
12  3
20  0
11  -5
17  1
16  3
16  3
19  -8
13  1
17  4
18  7
14  -2
15  -1
18  7
17  2
17  4
15  4
15  1
17  1
15  2
18  6
15  0
17  3
19  -4
14  -4
17  3
15  -1
13  2
13  1
14  0
15  -1
17  3
16  2
17  0
16  8
16  7
16  5
12  5
12  2
15  5
15  -1
18  5
17  3
13  -1
14  -5
15  2
15  5
19  -5
20  -4
17  4
15  3
16  2
18  2
13  -2
17  4
17  0
16  2
17  2
12  1
16  5
18  2
17  0
17  4
16  5
17  5
15  2
18  2
13  3
17  4
17  1
17  6
14  -5
17  1
17  2
16  3
13  -1
13  1
15  -1
17  2
11  -3
13  -2
15  -1
15  -1
14  -5
15  4
17  2
15  3
15  5
16  6
14  1
18  5
10  -6
13  0
13  -2
17  3
15  0
16  6
16  4
17  1
14  -5
15  4
15  2
17  1
15  1
15  -1
19  -5
14  1
17  4
17  2
15  5
12  0
10  -7
19  -4
19  -10
13  1
15  1
15  1
15  0
16  8
15  1
15  0
16  6
18  3
14  0
15  -1
16  6
13  4
18  2
12  0
17  5
15  5
17  1
14  1
16  6
13  2
13  -1
16  6
17  5
13  0
16  8
15  3
18  1
15  0
16  5
16  4
20  -2
16  7
13  1
16  3
17  5
14  -2
13  4
16  2
15  3
17  4
13  0
13  -1
15  1
15  5
16  6
17  5
17  6
17  0
14  1
13  -2
16  2
15  5
16  6
15  0
13  1
17  3
17  0
17  2
16  8
18  6
14  -2
15  0
15  0
16  8
13  3
16  2
14  1
16  2
18  6
19  -6
15  -1
17  2
16  4
12  0
17  5
18  4
16  8
17  6
17  3
17  0
17  3
15  2
17  6
15  1
14  0
17  6
14  0
17  5
17  5
18  3
18  5
19  -5
16  4
14  -1
15  4
17  4
14  -1
17  1
16  7
15  1
16  5
16  6
17  5
17  4
18  3
17  4
20  -2
16  2
18  5
14  -2
16  6
13  -2
16  2
16  5
18  4
18  3
19  -7
16  7
18  1
15  1
17  4
13  -2
15  0
18  6
19  -9
16  6
17  3
15  5
17  5
17  5
12  5
15  5
18  5
16  5
16  4
15  4
12  1
18  4
14  -2
16  7
14  -3
16  4
15  4
18  7
16  4
17  5
19  -9
18  5
15  2
15  2
17  3
14  -4
15  -1
15  5
17  0
14  0
16  5
15  1
18  2
16  7
18  3
18  6
18  4
17  1
19  -7
14  -5
20  -3
16  4
15  1
17  2
15  0
17  5
16  7
19  -4
16  7
16  2
19  -9
15  4
16  5
19  -10
17  2
14  -2
14  -3
16  6
16  2
16  4
20  0
14  -2
18  4
16  2
17  0
17  1
13  -1
14  -5
18  7
16  4
13  4
17  4
15  3
18  3
13  0
15  4
19  -8
17  6
15  4
17  1
19  -9
17  4
16  8
13  0
17  5
13  4
19  -4
17  0
19  -6
14  -1
18  2
14  1
14  -4
17  2
16  6
18  1
16  4
18  2
17  2
15  -1
16  4
17  4
19  -5
15  1
14  1
15  -1
14  -4
