23  0
20  -5
20  -7
20  -7
17  -5
18  5
20  -4
23  5
21  0
19  3
19  2
18  4
19  7
19  2
16  3
23  2
22  -7
19  6
21  -2
19  4
22  -7
22  -4
17  -7
21  2
21  -3
18  6
21  -2
22  -6
19  8
21  -1
23  3
23  4
21  -3
17  -6
23  2
19  2
20  -6
18  4
23  1
20  -3
23  5
22  -9
21  -2
18  8
23  -1
20  -7
22  -4
22  -5
21  0
22  -4
21  -3
19  4
18  4
18  8
20  -6
23  2
20  -2
19  7
22  -10
21  -2
24  8
20  -4
21  1
23  4
22  -10
21  -1
21  -1
23  -1
22  -9
19  7
23  1
20  -5
20  -5
20  -5
21  -2
21  -2
22  -8
18  4
20  -5
22  -9
17  -2
18  5
22  -7
17  -6
20  -6
22  -9
22  -7
22  -5
18  9
18  5
21  0
23  2
20  -6
19  4
23  4
20  -2
22  -10
20  -5
21  -4
22  -4
23  -1
20  -6
19  2
21  -1
21  -2
21  2
19  2
19  5
19  6
21  -1
20  -2
22  -5
18  6
19  5
18  9
20  -7
18  5
22  -7
21  2
22  -7
21  -4
22  -9
21  -4
18  4
20  -6
22  -4
21  2
18  8
18  7
21  -1
23  5
22  -10
23  0
18  4
23  2
21  2
20  -5
17  -7
19  7
20  -1
20  -4
24  3
20  -7
22  -8
19  4
21  0
19  2
23  1
20  -1
22  -7
20  -4
19  3
19  4
23  4
20  -6
21  -4
18  6
20  -6
21  0
20  -5
21  2
19  5
20  -6
20  -5
21  -4
21  -3
20  -3
17  -5
19  5
22  -9
20  -5
20  -7
21  0
20  -1
20  -7
19  7
19  2
22  -7
21  1
21  -2
23  1
20  -5
19  6
21  -1
22  -5
18  8
22  -6
18  6
24  8
22  -5
20  -3
22  -7
22  -9
21  -1
22  -8
19  6
22  -5
17  -6
20  -7
22  -5
23  0
19  4
21  1
19  5
23  -1
20  -1
20  -3
20  -5
20  -2
19  3
22  -10
18  8
20  -1
22  -8
24  7
18  4
22  -6
19  8
20  -4
18  5
20  -6
19  3
20  -1
20  -5
21  -2
21  1
22  -10
18  10
22  -8
22  -10
23  -1
18  9
19  5
17  -4
20  -5
19  2
19  5
22  -10
19  7
21  -3
21  -4
23  4
24  7
23  -1
23  2
18  10
17  -3
24  3
21  2
18  4
23  -1
20  -4
22  -10
21  1
22  -6
21  0
19  6
18  4
21  -2
21  0
22  -4
20  -7
19  6
20  -4
20  -4
23  4
24  4
22  -4
23  2
22  -4
22  -8
23  0
17  -5
20  -4
20  -7
21  1
21  0
20  -1
16  6
21  -2
23  0
18  6
18  10
17  -6
22  -9
17  -4
20  -7
20  -6
23  0
18  6
21  -4
21  -1
23  2
22  -5
22  -7
21  -4
19  5
18  8
22  -10
22  -10
20  -2
22  -7
21  2
21  -3
22  -6
18  8
21  -4
17  -5
20  -4
21  -3
20  -2
22  -8
16  2
22  -8
18  7
16  6
20  -3
21  -2
21  -4
22  -5
20  -7
21  0
20  -3
20  -1
17  -5
21  -3
21  -3
20  -2
19  8
23  2
21  -3
22  -4
21  2
21  -1
21  -2
23  3
16  4
21  1
21  -2
21  -2
20  -3
19  3
22  -10
22  -4
20  -4
21  0
22  -10
19  4
20  -3
20  -7
21  -3
21  -1
19  5
20  -2
21  2
19  2
22  -9
22  -6
22  -6
21  -1
21  1
18  4
19  2
20  -6
21  -2
20  -2
22  -4
23  5
21  -1
18  5
22  -10
17  -6
21  -4
20  -5
21  1
21  -4
17  -7
20  -5
21  -3
22  -5
22  -9
19  6
24  4
20  -5
19  5
20  -5
20  -6
22  -5
23  4
20  -6
23  0
18  4
20  -7
20  -6
20  -3
20  -7
18  4
21  2
20  -7
22  -4
23  -1
23  0
19  8
20  -6
21  -4
19  2
22  -7
19  3
21  2
20  -3
20  -5
21  -4
21  -2
22  -5
22  -8
20  -4
23  0
20  -4
18  7
20  -5
20  -3
17  -2
20  -6
21  2
22  -9
20  -5
22  -6
19  5
23  0
17  -7
21  -2
20  -6
18  5
21  0
18  8
20  -1
20  -5
22  -10
22  -10
21  -3
19  6
21  -1
18  7
21  -1
19  7
20  -4
21  2
21  -1
21  0
21  1
15  -2
22  -6
22  -7
22  -9
21  -1
21  2
19  8
19  7
21  1
20  -2
22  -9
21  -4
22  -6
22  -9
22  -5
19  6
19  6
17  -5
22  -8
22  -6
21  -3
21  2
19  7
19  7
21  2
22  -10
22  -7
18  6
21  -2
23  3
21  0
23  4
22  -7
24  4
17  -3
22  -4
21  -2
19  3
20  -7
22  -6
18  5
20  -2
23  2
20  -3
21  -1
22  -9
19  5
19  3
19  6
21  -3
20  -1
21  1
20  -1
21  0
16  3
22  -8
21  -2
22  -6
21  1
19  3
21  -4
17  -8
22  -8
19  2
18  5
20  -2
21  -3
20  -7
20  -1
20  -1
20  -1
18  9
22  -9
17  -6
19  8
21  1
20  -2
22  -4
21  -2
21  -3
21  -3
22  -8
21  -4
22  -10
20  -3
23  1
21  0
20  -3
20  -6
19  2
16  4
23  0
20  -1
22  -7
23  2
22  -9
22  -7
23  1
22  -6
22  -10
20  -6
20  -7
22  -8
21  1
21  -3
20  -6
22  -9
22  -7
22  -4
22  -4
17  -4
17  -7
20  -6
21  -2
19  7
22  -8
17  -6
23  3
21  -4
22  -4
22  -5
20  -4
20  -2
17  -6
20  -4
20  -6
22  -5
20  -5
18  6
19  2
19  3
19  6
20  -5
20  -1
21  -1
22  -6
20  -4
22  -10
19  5
21  1
21  -3
21  -2
22  -5
22  -9
19  5
19  8
21  1
21  0
18  5
21  -3
22  -9
20  -5
21  -3
19  3
20  -1
16  6
19  3
21  2
18  6
22  -8
19  3
19  4
21  -4
18  6
20  -5
20  -3
23  5
17  -4
19  5
24  7
20  -7
19  5
22  -6
21  2
22  -6
23  2
23  0
22  -5
21  -2
18  4
24  3
19  4
20  -5
19  4
21  -3
22  -10
22  -6
19  5
23  -1
18  6
19  8
21  -2
21  -4
18  9
21  0
19  7
23  -1
20  -4
21  -2
20  -6
19  6
21  -1
19  6
21  -1
17  -6
21  0
22  -6
21  -1
17  -7
21  0
23  3
21  2
19  3
21  -1
22  -7
21  0
20  -5
21  -4
22  -10
19  4
20  -4
19  6
18  5
20  -1
21  -2
17  -8
18  5
19  2
23  0
18  7
20  -2
19  3
22  -4
20  -2
23  3
23  -1
23  0
22  -4
17  -6
17  -4
19  2
19  7
21  -1
21  2
21  2
21  -3
22  -9
19  2
20  -5
19  3
18  8
22  -9
21  -2
20  -4
19  2
19  6
19  6
21  -1
18  6
21  -3
20  -5
21  1
20  -5
15  -3
21  0
20  -6
19  5
19  7
20  -5
21  -2
19  5
19  7
17  -5
22  -5
19  3
20  -7
20  -2
20  -2
22  -7
19  7
22  -7
20  -7
22  -8
19  7
21  -4
22  -10
20  -5
19  7
24  6
22  -7
21  -2
21  2
20  -1
21  -2
22  -5
20  -4
20  -6
21  0
23  1
19  5
19  5
21  0
21  0
21  -2
22  -6
22  -4
21  0
22  -4
22  -9
21  -2
22  -7
23  4
21  -4
18  10
22  -10
20  -4
20  -1
18  9
20  -3
19  8
23  2
22  -9
22  -9
24  3
19  4
22  -4
18  7
20  -5
19  4
19  3
17  -3
18  5
20  -5
21  -4
22  -7
19  2
22  -8
18  7
19  8
21  0
19  8
21  -3
18  4
21  -3
21  -1
20  -1
20  -2
23  3
17  -8
17  -2
18  9
20  -6
18  5
24  6
20  -1
19  6
22  -5
21  1
17  -8
22  -6
18  8
20  -3
18  8
18  5
23  3
21  -4
21  -2
20  -5
17  -5
19  5
19  8
21  -2
20  -3
24  6
22  -5
22  -9
18  9
22  -8
21  -2
23  4
20  -5
21  0
20  -1
18  8
21  0
21  -1
22  -5
20  -1
20  -5
21  -2
20  -5
21  -1
21  -1
23  1
19  6
18  4
19  3
20  -7
21  1
19  8
20  -5
20  -5
21  -4
21  -1
19  8
22  -8
21  2
24  5
18  7
22  -8
22  -4
20  -3
17  -7
20  -4
18  8
20  -5
21  -4
17  -2
22  -4
22  -4
22  -10
17  -3
23  -1
19  2
20  -4
18  6
21  -4
21  -1
23  2
23  1
21  -4
20  -5
18  5
18  9
23  1
19  3
21  -3
23  2
21  1
23  3
22  -6
16  2
22  -8
20  -1
18  4
18  6
24  6
20  -4
17  -8
23  2
18  4
19  4
19  3
22  -7
22  -7
21  2
21  -4
23  5
22  -10
21  -4
19  2
20  -3
19  4
22  -5
20  -5
21  -1
21  -1
21  -2
19  6
22  -8
21  -1
21  -2
23  -1
15  1
21  2
20  -2
21  -4
19  8
22  -7
21  0
19  7
21  -4
22  -7
19  2
21  2
21  2
17  -8
19  8
21  0
20  -3
22  -7
22  -7
19  6
22  -5
21  -2
21  2
19  6
21  -3
19  8
17  -3
19  2
20  -3
22  -6
20  -3
19  6
22  -7
20  -6
22  -10
20  -7
20  -5
19  6
21  -3
21  -2
19  6
22  -10
16  6
13  -5
20  -5
22  -6
23  0
23  0
21  -3
21  0
22  -8
21  0
20  -5
15  0
22  -10
23  2
20  -5
18  5
22  -4
20  -6
23  -1
19  5
21  2
23  2
17  -8
22  -4
21  -1
21  2
20  -7
18  8
23  0
20  -5
18  5
21  2
22  -8
21  -2
22  -4
