20  -1
17  -5
17  -5
20  -1
18  -2
23  8
19  5
18  -4
14  -6
19  6
13  2
17  -8
23  8
10  5
18  -5
19  8
18  -5
19  8
16  -6
19  7
22  3
20  1
16  -7
13  5
14  -6
17  -9
20  -2
17  -9
19  9
17  -8
17  -6
18  -1
18  -2
15  5
15  9
14  -6
15  6
12  -3
18  -2
14  -6
16  -7
17  -6
14  -9
19  5
14  -7
19  9
17  -8
18  -1
26  -5
15  7
14  -6
18  -2
17  -8
16  -5
18  -3
15  7
23  6
13  4
18  -3
17  -5
22  4
23  5
17  -7
18  -3
10  4
17  -8
19  6
21  1
15  6
19  7
15  9
18  -2
11  2
20  -2
15  6
22  5
20  0
13  3
16  -7
15  5
20  -1
18  -3
22  5
14  -6
21  4
15  6
20  2
21  2
17  -7
18  -3
16  -4
21  2
16  -8
14  -9
20  1
20  1
13  1
16  -7
19  9
14  -6
21  4
20  2
17  -8
16  -4
16  -5
18  -4
15  6
19  9
15  6
18  -4
17  -5
19  8
20  0
16  -6
17  -5
17  -9
18  -1
19  5
14  -7
16  -5
18  -2
21  4
23  8
19  5
16  -6
15  5
21  2
15  9
13  3
13  4
16  -4
14  -5
18  -3
18  -2
18  -3
18  -5
22  4
11  1
17  -5
23  8
14  -8
16  -5
19  9
16  -7
19  7
17  -8
15  7
19  9
16  -6
15  8
19  8
21  2
16  -8
17  -9
21  4
15  8
22  2
23  5
16  -4
21  2
18  -1
16  -4
19  6
18  -4
18  -4
17  -7
13  5
14  -6
19  8
18  -5
22  2
10  3
12  -4
16  -6
13  5
21  5
13  2
18  -3
19  6
21  3
16  -5
16  -5
15  5
17  -6
16  -8
16  -5
23  6
20  -2
18  -5
19  5
18  -5
17  -5
20  1
18  -3
11  0
16  -5
16  -4
13  1
19  8
18  -5
19  6
16  -7
19  6
19  6
21  5
19  8
20  -1
17  -6
16  -5
17  -9
13  2
14  -9
19  5
14  -8
14  -9
18  -1
8  -5
16  -6
11  1
22  5
19  7
22  5
14  -7
19  9
18  -4
15  5
19  8
20  0
19  5
20  1
17  -8
18  -4
18  -1
19  6
14  -8
18  -5
17  -7
18  -3
16  -5
17  -6
17  -8
20  -1
21  4
17  -7
18  -3
23  6
20  0
14  -9
15  6
12  -6
24  -2
17  -7
20  -1
18  -3
18  -5
19  9
9  2
17  -6
19  6
17  -6
18  -5
20  -1
17  -5
14  -6
20  -1
17  -9
19  8
15  6
21  5
17  -8
18  -5
17  -9
15  5
14  -9
16  -7
19  8
15  6
12  -3
19  8
15  6
16  -5
17  -8
17  -8
20  1
18  -5
15  7
17  -6
22  4
23  5
22  3
15  6
21  5
15  6
17  -8
14  -6
19  9
22  1
18  -3
17  -7
20  -2
16  -5
14  -6
15  7
16  -6
19  5
14  -7
21  5
21  4
19  9
21  2
18  -4
17  -6
17  -9
17  -9
16  -5
19  5
16  -5
19  9
15  7
18  -3
14  -6
19  7
19  8
15  9
19  7
19  5
18  -3
20  0
19  6
18  -1
21  4
16  -4
20  1
16  -5
14  -6
17  -7
17  -7
18  -3
15  7
20  2
19  9
16  -6
20  2
22  4
20  -2
16  -8
13  1
17  -7
15  9
18  -4
15  7
12  -3
20  -2
19  9
17  -5
14  -5
17  -9
16  -7
16  -7
18  -3
17  -5
17  -7
27  3
12  -5
19  8
23  6
22  2
20  0
17  -7
15  7
14  -6
21  4
21  1
17  -6
11  -1
18  -2
17  -7
21  5
13  5
23  8
18  -3
13  2
15  8
14  -8
17  -7
22  1
17  -8
16  -4
17  -8
19  5
19  6
19  9
14  -7
19  7
19  6
15  5
20  -2
16  -5
13  2
20  2
16  -7
20  -1
19  5
16  -5
20  2
18  -5
18  -3
16  -4
18  -1
21  2
17  -6
17  -7
19  7
26  -6
17  -7
19  8
22  2
14  -9
19  9
17  -5
13  4
18  -2
17  -8
20  1
17  -8
19  6
16  -8
19  9
19  5
14  -7
21  1
13  3
20  1
16  -6
21  3
18  -1
16  -8
13  4
20  -1
22  4
20  2
22  2
17  -6
15  8
14  -8
20  1
19  9
14  -7
15  6
17  -8
21  3
17  -6
15  6
12  -4
17  -5
15  5
16  -4
21  1
15  6
14  -8
20  1
19  9
19  5
19  5
18  -3
17  -6
16  -4
16  -6
16  -6
16  -4
16  -6
18  -2
23  6
13  3
18  -3
14  -8
20  1
14  -5
16  -4
20  0
19  6
14  -9
15  7
11  2
22  1
20  0
18  -5
16  -8
18  -3
19  8
15  9
14  -6
17  -5
14  -5
23  6
18  -1
25  6
18  -4
20  -1
22  2
18  -2
16  -4
17  -9
18  -5
15  8
18  -4
16  -6
19  7
14  -5
19  5
18  -4
17  -7
18  -1
19  6
18  -5
19  6
14  -8
19  7
12  -7
20  0
20  -2
23  7
17  -7
14  -7
19  7
18  -2
15  8
14  -5
18  -3
16  -6
20  -2
16  -4
17  -9
19  6
15  7
17  -6
18  -4
17  -8
16  -4
13  2
16  -6
16  -5
17  -6
17  -5
13  2
19  6
16  -6
13  2
18  -2
16  -6
21  2
11  1
16  -8
15  8
19  9
23  6
19  6
20  1
13  5
13  3
23  8
16  -5
20  -2
14  -6
18  -2
19  7
15  7
16  -7
17  -7
17  -7
18  -2
17  -8
20  -2
14  -9
18  -5
19  8
14  -9
15  5
18  -3
22  5
20  -1
14  -5
20  2
22  2
18  -1
19  5
21  4
16  -5
21  2
17  -7
17  -5
15  6
18  -5
11  0
18  -3
17  -8
16  -7
20  1
14  -9
16  -4
18  -5
18  -2
16  -6
22  2
21  5
18  -1
13  5
23  8
17  -6
17  -6
19  7
15  7
16  -8
16  -5
18  -5
18  -2
16  -7
10  4
15  9
19  8
15  7
20  1
24  1
16  -5
20  0
13  4
15  9
14  -7
21  2
18  -5
19  7
20  0
21  1
21  2
20  0
21  3
19  8
11  -2
18  -2
17  -9
19  8
16  -4
11  -2
19  8
19  6
13  3
18  -4
17  -6
18  -4
16  -5
17  -6
20  -2
13  1
22  3
24  -2
14  -6
16  -6
16  -7
18  -3
16  -6
19  8
19  5
22  1
16  -7
18  -4
17  -8
16  -8
18  -2
18  -4
16  -5
15  7
19  9
15  8
18  -2
19  9
17  -5
16  -6
17  -9
22  2
19  6
17  -7
18  -1
19  7
19  8
16  -6
21  5
12  -4
15  5
19  5
20  -1
19  7
12  -7
18  -2
20  2
16  -6
17  -5
15  5
14  -7
12  -7
18  -2
17  -7
17  -7
21  4
17  -6
19  6
15  8
18  -4
18  -1
15  6
19  8
20  2
14  -9
20  1
15  7
16  -4
10  5
22  1
13  1
15  9
19  6
20  -2
17  -6
15  8
19  8
19  9
16  -6
20  1
16  -7
18  -1
18  -3
14  -7
13  1
21  4
20  0
14  -5
21  1
10  1
11  -2
14  -7
15  6
17  -9
19  6
17  -9
21  4
17  -6
15  6
15  9
18  -4
18  -1
18  -5
17  -9
18  -4
21  1
21  5
20  -2
18  -3
17  -9
16  -6
16  -6
18  -2
19  9
18  -4
16  -7
20  2
23  6
17  -9
18  -1
20  2
17  -5
15  5
18  -4
16  -7
16  -6
22  2
18  -1
11  1
16  -7
14  -7
24  -1
18  -2
15  5
19  9
14  -6
20  1
17  -7
18  -4
22  2
18  -2
18  -4
16  -6
22  5
16  -7
14  -9
21  1
19  6
17  -5
16  -4
18  -4
16  -4
14  -9
17  -9
14  -6
17  -7
23  6
18  -3
21  2
20  -2
19  9
17  -8
21  5
15  5
18  -5
15  5
20  1
21  4
13  5
20  1
20  0
15  7
19  6
16  -4
9  1
21  1
20  1
17  -7
11  -2
16  -6
15  7
19  8
18  -2
15  9
16  -5
21  3
19  9
17  -9
15  9
18  -4
20  2
21  2
17  -9
17  -6
13  4
10  1
15  7
17  -9
18  -3
19  8
20  1
18  -5
15  7
15  5
16  -4
15  7
14  -8
15  6
17  -6
14  -7
18  -4
18  -3
15  6
15  9
18  -1
17  -7
21  1
22  1
14  -6
17  -8
16  -8
14  -6
16  -4
18  -4
18  -4
16  -6
19  7
18  -2
14  -7
15  6
20  -2
21  1
22  1
18  -5
12  -6
20  -1
17  -9
21  4
16  -8
11  1
20  0
22  4
22  1
17  -9
15  6
17  -7
18  -2
17  -8
18  -3
16  -4
15  9
15  9
16  -4
20  0
21  2
13  2
13  3
13  2
19  5
11  0
17  -6
22  2
21  2
20  1
20  2
19  8
14  -9
14  -9
12  -4
17  -6
17  -5
13  5
18  -2
17  -6
17  -6
16  -6
14  -6
19  6
15  5
14  -6
14  -8
20  -1
21  2
13  4
12  -6
19  7
17  -6
17  -6
18  -2
18  -1
15  8
18  -1
19  6
17  -8
17  -6
19  9
20  -1
18  -5
20  0
17  -6
15  6
14  -7
15  8
18  -5
20  1
15  5
18  -2
17  -8
21  3
16  -5
17  -6
13  1
19  7
20  -2
15  9
15  6
19  6
17  -8
19  6
14  -9
16  -7
19  6
16  -7
17  -9
20  1
13  1
20  -1
15  6
18  -5
15  5
14  -5
15  8
18  -3
17  -9
22  3
18  -5
17  -7
16  -5
15  5
15  8
18  -4
16  -4
17  -7
14  -8
18  -5
11  1
18  -4
17  -7
17  -9
19  5
22  3
20  -1
17  -6
