24  4
29  5
28  -2
29  4
31  3
23  2
25  5
30  -4
29  4
33  1
28  -1
29  5
29  5
33  2
31  5
24  6
27  0
26  -3
23  2
24  6
30  -5
29  4
28  -2
22  -2
30  -5
29  4
28  -1
30  -6
29  5
31  4
24  5
30  -4
27  1
28  0
30  -6
28  -2
26  -2
30  -6
28  -2
28  0
28  -2
28  -2
29  6
27  1
26  -3
30  -4
22  -4
24  5
24  4
26  -2
27  0
29  5
27  0
25  4
31  3
28  -2
28  -1
31  5
27  0
28  0
27  2
28  0
33  2
28  0
30  -4
29  6
27  2
27  2
25  3
32  8
30  -5
31  4
27  1
28  -2
25  5
28  -2
28  0
29  6
23  2
22  -2
32  7
26  -2
32  8
27  0
26  -3
28  0
32  6
28  0
28  -2
28  -1
35  -2
27  2
31  3
26  -4
28  0
29  4
20  2
28  -1
27  1
31  4
28  0
26  -2
28  0
27  0
27  2
27  0
27  2
30  -4
26  -3
23  0
28  -1
27  2
29  6
28  -1
27  0
23  2
29  5
32  6
28  0
29  5
31  3
22  -3
26  -4
29  4
23  2
26  -2
30  -6
27  0
24  6
31  5
24  6
30  -6
29  6
30  -6
25  3
26  -2
25  4
31  3
29  4
27  1
27  2
32  6
29  4
29  5
30  -6
28  0
29  6
27  1
30  -6
30  -5
30  -4
27  2
21  0
30  -6
29  5
30  -5
29  4
29  6
29  4
30  -5
28  -2
26  -4
32  6
32  6
31  4
27  1
28  -1
31  4
26  -4
28  -1
30  -5
27  0
28  0
28  -2
29  5
26  -3
26  -4
25  3
28  -1
29  5
29  4
27  0
28  -1
26  -4
28  -1
28  0
27  2
27  2
30  -6
27  2
27  1
27  1
21  -1
31  4
30  -5
26  -3
25  5
29  5
29  5
26  -2
29  6
30  -6
28  0
30  -5
30  -5
26  -2
29  6
32  7
30  -4
27  2
29  4
29  5
27  2
23  1
32  8
27  2
27  1
24  4
26  -3
26  -3
29  5
24  4
30  -6
29  4
26  -2
35  -4
24  5
28  -2
27  1
31  3
29  5
32  8
26  -3
23  0
28  0
29  4
31  5
30  -4
29  5
29  4
29  6
27  0
27  2
29  4
28  0
28  0
28  -2
32  7
27  1
30  -4
27  2
31  3
23  1
27  0
28  0
28  -2
30  -5
25  5
32  7
28  -2
27  2
34  5
27  2
26  -3
27  2
28  -1
28  -1
26  -4
28  -2
28  -2
24  4
23  0
31  5
29  4
29  5
32  6
27  2
25  5
31  5
23  0
29  6
29  4
28  -1
25  5
27  0
30  -6
31  5
25  3
32  8
27  1
30  -5
30  -6
27  0
31  3
29  6
31  3
30  -6
23  1
27  0
26  -3
28  -1
31  5
31  3
27  1
28  0
27  1
27  0
28  -2
27  0
32  7
27  1
27  0
27  2
31  5
26  -2
27  0
25  4
29  5
28  -2
24  5
31  4
27  2
30  -4
25  4
30  -4
32  7
27  0
28  0
26  -3
29  6
28  -1
34  4
34  5
25  4
29  5
26  -3
21  -1
25  5
29  5
29  6
29  6
31  3
30  -4
24  6
26  -3
25  5
32  8
27  2
19  -4
25  5
30  -6
28  -1
28  0
30  -6
29  6
29  4
26  -4
30  -5
29  5
33  1
29  4
27  2
26  -2
25  4
28  -1
26  -4
29  4
28  -1
27  2
30  -4
29  4
27  2
30  -6
27  2
28  0
31  3
29  5
26  -3
29  4
23  1
28  -1
23  0
29  6
29  5
29  6
24  6
31  3
33  0
24  4
29  6
31  4
31  4
25  5
31  4
25  3
26  -4
31  3
22  -2
31  5
26  -2
26  -3
27  1
27  2
29  5
29  5
29  4
28  -2
29  6
32  6
29  4
29  6
28  0
31  5
28  0
28  0
29  4
30  -5
25  5
27  1
28  -1
30  -6
27  0
28  -1
28  0
24  5
26  -3
27  1
29  4
32  7
27  0
33  2
30  -5
28  -1
29  4
30  -6
30  -6
29  4
31  5
28  -2
23  2
27  1
28  -1
25  3
24  5
30  -5
27  1
26  -3
29  5
29  4
29  6
25  4
32  7
28  -1
26  -3
28  -1
27  2
32  6
19  -5
23  1
26  -2
29  5
28  -1
30  -6
27  2
27  2
29  5
29  5
23  0
29  5
25  4
29  6
26  -3
29  6
26  -3
30  -5
23  0
32  8
27  2
31  5
23  0
29  6
29  4
30  -5
26  -2
31  5
21  -1
24  4
29  5
31  5
31  4
23  1
32  7
31  3
29  5
27  1
27  0
26  -3
27  1
29  4
25  3
32  7
29  5
23  2
26  -3
33  2
32  8
24  6
28  -1
29  4
26  -4
28  -2
30  -6
28  -1
22  -4
26  -4
26  -3
30  -6
30  -6
31  5
27  2
28  -1
26  -3
25  5
27  1
30  -6
29  5
28  0
27  1
30  -6
26  -2
30  -4
25  3
30  -5
29  6
25  3
28  -1
29  6
26  -4
26  -2
26  -3
28  0
32  8
27  0
32  7
25  4
27  1
30  -6
28  -1
31  5
28  -2
27  2
26  -2
21  -2
25  5
25  4
29  5
26  -2
28  0
28  -2
26  -4
28  -2
25  4
32  6
28  -2
28  0
32  6
27  1
33  1
30  -6
25  4
24  5
26  -2
25  3
29  4
29  5
29  5
25  3
26  -4
28  -1
28  -2
28  -2
28  -1
29  4
28  0
29  5
28  -1
26  -2
28  -2
31  5
29  6
30  -6
25  4
27  2
29  6
30  -6
30  -4
23  1
31  4
29  5
29  6
28  -2
29  5
25  4
26  -3
30  -5
29  6
28  -1
27  0
27  2
28  -1
26  -2
29  6
30  -5
29  6
32  7
33  0
28  -2
28  -1
26  -2
28  -1
31  5
27  1
29  5
28  0
27  2
31  5
30  -5
24  5
26  -3
28  -1
26  -2
25  3
28  0
25  4
32  6
28  -1
26  -2
26  -2
28  -1
25  5
30  -6
28  -1
29  5
32  8
27  2
29  6
29  6
33  2
29  6
22  -4
26  -4
32  7
30  -6
29  6
32  8
31  3
26  -2
28  -1
30  -5
29  6
25  4
28  -2
24  4
27  2
28  0
27  2
30  -4
23  1
28  -2
29  5
28  -1
23  1
30  -4
28  -1
27  1
30  -5
23  1
26  -2
30  -4
27  2
28  0
24  6
26  -4
30  -5
29  6
32  7
28  -1
27  1
33  2
27  0
29  5
31  4
28  0
30  -5
29  6
28  -1
27  2
29  4
26  -2
27  2
27  1
30  -6
26  -3
27  0
30  -6
28  -1
28  -2
28  -2
22  -2
31  4
27  2
31  3
27  1
26  -3
23  1
31  4
28  0
30  -4
28  0
25  3
32  8
29  5
29  4
27  1
24  4
27  0
24  5
28  0
27  1
30  -5
25  4
28  -1
31  5
30  -4
28  -2
26  -4
28  -2
26  -2
32  8
30  -5
26  -2
30  -4
24  4
29  5
26  -4
26  -3
30  -4
26  -4
28  0
31  4
26  -2
30  -6
33  1
24  4
26  -2
29  6
31  3
29  4
26  -3
31  4
30  -5
26  -3
28  -1
25  4
31  4
27  2
31  4
28  0
27  1
30  -5
30  -6
30  -6
29  4
29  5
28  -2
30  -5
31  4
26  -2
30  -5
32  7
27  0
28  0
31  3
28  -1
32  6
28  -2
26  -3
28  -2
27  1
26  -2
28  0
30  -5
30  -4
24  4
29  5
27  0
28  0
25  4
30  -4
31  3
24  4
26  -2
27  2
25  4
28  -1
28  0
30  -6
31  4
28  -2
20  3
31  5
29  4
27  1
31  4
27  2
30  -4
28  -1
27  1
27  2
28  -1
25  3
26  -2
32  6
23  0
25  4
29  4
28  -1
29  4
35  -3
28  -2
32  8
29  4
25  5
30  -5
25  5
27  1
25  4
27  2
28  -1
23  0
23  1
26  -3
27  2
26  -4
27  1
31  5
27  1
30  -4
32  7
24  5
28  -2
27  2
31  3
31  3
26  -4
30  -5
28  -2
28  -1
29  6
23  0
27  0
30  -6
30  -4
26  -3
29  6
31  4
30  -5
28  0
26  -4
27  2
31  5
27  1
28  0
26  -4
28  0
26  -4
29  4
26  -3
26  -4
28  0
31  5
30  -4
30  -4
31  3
29  5
27  2
26  -2
29  6
31  4
29  5
23  2
29  4
25  3
29  5
27  0
25  3
27  1
30  -6
29  5
29  6
27  1
28  0
32  6
28  -2
31  5
32  8
29  4
30  -4
28  -2
26  -4
23  1
28  0
30  -4
30  -6
24  4
28  -1
25  3
27  0
25  3
28  0
29  6
27  2
25  3
24  4
28  0
25  5
31  4
27  0
25  5
28  -1
32  7
30  -6
27  2
28  -2
29  5
25  5
26  -2
29  5
29  5
27  2
30  -5
23  0
31  3
25  5
27  0
29  5
27  1
28  -1
27  0
27  1
28  -1
29  6
26  -4
27  2
26  -4
32  6
33  2
30  -4
28  0
24  4
30  -6
30  -4
28  -2
31  3
27  2
27  2
29  6
31  5
24  4
30  -4
22  -4
27  0
28  -2
29  5
29  5
23  2
29  5
28  -1
25  3
32  6
31  4
29  5
31  5
30  -5
21  0
30  -5
29  6
25  4
25  4
23  2
26  -3
27  1
28  0
31  4
27  0
31  5
24  6
29  5
29  6
28  -2
