24  4
24  5
25  0
24  5
27  4
27  5
26  -8
26  -7
20  5
21  -1
30  3
20  5
26  -8
24  4
25  0
24  3
24  5
26  -8
26  -8
20  5
22  -4
30  2
28  0
22  -4
20  5
23  5
23  6
26  -6
26  -8
18  -4
22  -2
25  0
22  -2
25  -1
26  -7
27  6
22  -3
25  -2
23  5
24  4
25  0
22  -3
26  -8
20  4
24  3
27  5
22  -4
23  4
20  6
19  -5
24  4
22  -3
22  -2
19  -4
22  -3
26  -6
26  -7
27  5
24  5
21  -2
22  -3
26  -8
20  6
16  -7
17  -7
22  -3
20  5
26  -6
24  4
23  6
26  -8
20  5
27  5
24  3
27  5
22  -3
21  -1
20  5
22  -2
18  -2
25  -2
20  6
24  4
24  4
18  -4
25  -2
30  1
19  -5
29  -1
19  -4
20  4
21  0
25  -2
23  5
28  1
22  -4
27  6
25  -1
15  3
23  4
19  -4
19  -3
23  4
26  -7
29  -2
16  -5
23  6
24  3
26  -7
25  -1
19  -5
20  4
22  -2
20  5
23  6
20  5
21  0
27  5
25  -2
24  4
24  4
21  -1
24  5
20  6
23  4
23  4
20  6
24  4
24  3
28  1
21  0
21  0
23  6
19  -5
20  4
24  5
25  -1
21  -2
23  5
23  5
26  -7
22  -3
28  -1
23  5
21  0
23  6
21  -2
21  -1
26  -6
22  -4
20  4
28  1
26  -6
20  6
27  6
28  1
22  -3
30  2
22  -4
19  -3
26  -6
26  -6
29  -3
20  6
22  -4
24  4
27  6
24  4
22  -3
25  -2
21  -2
26  -8
26  -8
25  -1
24  3
19  -5
20  4
25  -2
23  6
25  -1
27  4
23  4
20  5
22  -2
22  -3
20  4
23  4
26  -6
21  0
25  -1
21  -2
23  6
23  4
26  -6
22  -3
18  -2
20  4
21  -2
25  -1
24  3
26  -8
24  3
26  -6
21  -1
23  6
23  5
18  -4
23  5
19  -3
24  5
18  -4
25  -2
28  -1
26  -7
19  -3
24  5
22  -3
26  -6
22  -2
24  4
19  -4
26  -8
24  5
23  5
26  -8
21  0
24  5
27  6
22  -3
24  5
19  -3
24  3
18  -3
17  -8
24  3
25  -1
20  6
20  6
23  6
27  6
17  -8
15  3
25  0
22  -3
22  -2
23  4
23  5
22  -4
18  -4
20  5
28  -1
23  4
18  -4
23  5
25  -1
24  3
16  -7
22  -2
24  5
24  4
23  4
27  4
27  5
23  6
23  5
20  6
24  5
22  -4
25  0
27  4
21  -2
22  -2
18  -2
23  4
14  0
24  5
24  4
25  0
19  -4
25  -1
23  5
21  -1
25  -2
24  3
25  0
20  4
24  3
23  6
22  -3
24  3
20  5
28  -1
23  6
27  4
20  4
23  6
24  4
21  -2
20  4
24  4
19  -3
21  -2
27  4
23  5
26  -7
22  -4
22  -3
25  0
23  6
25  -2
18  -3
26  -8
28  0
22  -2
19  -5
20  4
25  -2
23  4
26  -8
25  0
22  -3
18  -2
21  0
26  -8
26  -7
20  5
22  -3
22  -2
22  -3
25  -2
24  3
24  3
24  5
22  -4
26  -7
21  -1
22  -3
15  1
22  -4
27  6
27  6
20  6
20  5
26  -8
23  5
25  -2
23  4
23  4
22  -2
25  -2
16  -7
28  0
21  -2
23  4
22  -3
21  0
26  -7
24  4
24  5
18  -3
22  -3
26  -6
23  5
24  4
23  4
21  -2
24  4
23  5
23  6
26  -7
24  3
27  4
19  -5
25  -1
18  -4
22  -2
21  -1
22  -3
22  -3
22  -3
24  3
19  -3
22  -4
25  -1
23  4
22  -4
20  6
28  1
24  5
23  6
20  5
18  -3
20  4
20  5
28  1
24  5
27  6
17  -7
23  5
27  6
25  -1
18  -3
24  4
24  3
26  -8
19  -3
21  -1
24  5
21  -1
23  6
23  4
24  3
20  6
24  5
23  4
28  0
16  -6
21  0
20  6
24  3
20  5
24  3
20  6
26  -6
28  -1
16  -5
23  6
23  5
24  4
21  -2
25  -2
26  -6
26  -7
20  5
26  -8
21  -1
27  6
25  -1
26  -6
20  6
22  -3
22  -3
25  -2
23  5
23  4
19  -3
25  -2
19  -4
23  4
22  -4
20  6
27  5
21  -2
21  0
22  -4
28  0
23  5
23  5
21  -2
26  -7
26  -6
26  -6
25  -2
24  4
23  5
22  -4
24  3
21  -1
19  -3
26  -6
19  -5
21  0
23  4
23  6
25  0
20  4
20  4
23  6
22  -2
24  4
23  6
25  -1
22  -3
21  0
27  5
21  0
24  5
21  -1
24  3
20  6
32  2
28  -1
24  5
23  4
17  -8
23  6
25  -1
24  3
22  -4
20  4
19  -5
24  3
20  6
20  5
21  -1
19  -3
23  6
24  4
18  -3
17  -6
27  4
24  5
17  -6
28  -1
21  0
27  4
21  -1
23  4
20  6
23  5
19  -5
22  -3
25  -2
18  -2
20  5
20  4
25  -1
28  0
27  6
21  -1
23  5
24  4
22  -3
26  -6
24  4
23  4
22  -3
21  -2
23  4
23  6
21  0
22  -3
19  -5
23  6
21  0
29  -1
14  -1
22  -4
23  6
21  0
23  4
23  5
25  -2
27  5
25  0
21  -2
30  1
22  -2
27  4
23  5
24  5
18  -4
22  -4
23  6
22  -4
24  4
24  5
28  1
22  -3
26  -6
25  -2
25  -1
21  0
28  0
19  -5
24  5
22  -3
24  5
28  0
24  4
18  -4
25  -2
23  4
16  -7
19  -3
25  0
24  3
19  -5
26  -7
22  -3
25  -2
22  -2
23  5
20  6
18  -3
25  0
22  -4
27  6
21  -1
22  -4
24  5
22  -3
27  5
20  5
21  0
23  4
20  6
27  4
25  -2
25  0
25  -1
23  6
22  -4
22  -4
24  5
17  -6
26  -8
28  -1
25  -1
28  0
23  6
19  -5
24  5
24  4
23  4
25  -1
26  -7
24  3
22  -3
28  0
24  4
15  1
22  -2
16  -6
23  4
19  -5
20  5
23  5
27  5
23  4
23  5
22  -4
24  3
26  -8
22  -2
26  -6
22  -4
22  -2
25  0
21  0
21  -2
23  4
19  -4
23  6
23  4
21  -1
21  0
21  0
25  0
29  -1
19  -4
22  -2
27  5
20  4
25  -2
25  -2
24  3
21  -2
24  4
26  -8
24  5
26  -7
31  -5
18  -2
23  5
24  4
26  -6
29  -2
26  -7
25  -2
21  -1
24  5
17  -8
25  -2
24  4
23  6
19  -4
21  0
26  -6
26  -8
21  -1
22  -4
27  6
24  5
22  -2
18  -3
25  0
25  -2
23  4
24  3
25  -2
26  -6
23  4
21  0
22  -4
19  -5
23  6
24  4
23  5
18  -2
22  -3
17  -6
22  -4
23  6
22  -4
23  4
24  5
26  -7
13  -2
16  -5
18  -2
27  6
23  4
20  4
26  -7
20  6
21  -2
29  -1
17  -6
16  -5
23  4
24  5
26  -7
27  4
21  0
21  -1
22  -2
21  0
22  -3
23  5
26  -7
25  0
27  4
28  0
27  5
24  5
24  3
26  -7
27  6
29  -1
19  -5
23  4
25  -1
20  4
25  -2
20  4
22  -2
20  4
28  -1
22  -3
25  -1
19  -4
21  0
20  6
25  -2
23  5
22  -2
20  6
18  -3
23  4
27  4
21  -1
23  6
23  4
18  -3
22  -2
26  -6
24  5
23  4
23  5
26  -6
25  -1
25  0
22  -3
25  -2
24  3
21  -1
21  -1
24  4
23  6
21  -2
19  -3
24  5
24  3
19  -4
18  -3
27  5
30  1
28  0
23  5
27  6
21  -1
19  -3
22  -4
23  6
26  -8
22  -3
17  -8
14  1
22  -2
19  -4
25  0
24  4
22  -2
24  5
23  5
28  -1
20  5
21  -1
16  -5
18  -2
23  6
25  -1
23  6
25  -2
27  4
22  -3
22  -3
19  -4
23  6
24  5
23  4
22  -4
23  5
20  4
22  -4
25  0
22  -3
26  -7
27  4
24  3
23  5
23  6
27  6
20  4
24  4
27  4
24  4
22  -4
22  -4
22  -3
22  -2
23  5
20  4
19  -5
22  -3
24  3
18  -3
24  4
24  3
21  -2
25  -1
21  -1
19  -3
18  -4
24  3
21  -1
30  1
23  4
23  5
20  4
25  -1
27  6
25  -2
20  5
23  6
26  -8
20  6
23  5
23  6
20  6
26  -8
17  -7
25  -1
19  -4
16  -5
19  -4
28  0
27  6
25  0
22  -2
24  4
25  0
23  5
21  -1
26  -8
24  5
20  4
24  3
23  6
25  -2
28  -1
27  6
27  5
21  0
26  -6
22  -2
24  4
20  4
26  -6
29  -3
23  6
25  -1
24  3
20  6
22  -4
28  1
22  -2
22  -4
27  6
25  0
26  -7
20  4
23  5
22  -2
22  -2
24  4
25  -2
21  -2
26  -6
22  -2
23  5
18  -4
22  -4
21  -1
28  -1
20  5
22  -2
22  -2
28  -1
24  4
24  4
22  -3
21  -2
23  4
20  5
24  5
20  4
20  4
22  -3
22  -3
24  5
27  4
25  -2
21  0
19  -5
20  6
19  -4
25  -1
27  4
31  -3
21  -1
22  -3
22  -4
20  4
22  -2
17  -8
15  2
25  -1
22  -4
20  4
19  -4
23  5
23  5
21  -2
16  -6
22  -2
24  3
24  5
23  6
25  -2
26  -8
25  0
22  -4
24  3
26  -7
22  -4
21  -1
23  4
18  -3
25  0
21  0
25  0
24  3
25  0
26  -6
23  4
19  -4
27  6
24  5
