9  4
9  4
7  -4
6  -2
4  -4
10  -7
7  -2
7  -2
9  4
7  -4
7  -4
10  -7
11  1
9  6
10  -7
9  5
7  -2
8  3
8  2
8  1
10  -5
9  4
8  1
7  -2
8  1
13  1
8  2
9  6
4  -3
7  -4
6  0
5  -3
10  -5
6  -2
8  1
8  2
8  1
7  -3
10  -5
11  1
9  4
6  0
8  3
8  1
8  2
10  -5
6  0
7  -4
11  2
8  3
9  4
10  -7
10  -6
8  3
9  4
9  4
9  6
11  0
9  6
3  1
8  2
3  1
7  -3
6  -2
7  -2
5  -3
10  -5
9  6
8  3
8  1
11  0
11  1
8  1
6  -1
8  3
9  4
9  6
10  -7
10  -6
9  6
9  5
5  -3
7  -3
13  2
8  3
8  2
8  2
9  4
7  -2
6  0
10  -7
4  -2
10  -5
10  -5
10  -5
8  1
6  -1
4  -2
14  5
11  0
12  -3
10  -6
4  -4
9  4
10  -7
7  -2
4  -3
4  -3
7  -4
8  2
7  -2
5  -5
8  3
8  1
10  -6
7  -2
6  -1
6  -2
5  -3
6  0
3  1
7  -3
5  -3
9  4
12  -2
7  -3
12  -1
7  -3
4  -2
6  -1
10  -7
9  4
12  -2
7  -3
9  6
9  6
10  -7
7  -4
7  -4
9  4
10  -5
4  -3
9  6
7  -4
7  -3
8  1
6  -2
6  -2
14  6
10  -5
9  4
8  1
6  -1
11  0
5  -4
7  -2
4  -3
4  -3
12  -2
6  -2
8  3
11  2
7  -2
9  6
6  0
6  -2
10  -5
11  1
8  2
9  5
9  5
4  -4
12  -2
5  -3
8  3
9  4
8  1
11  1
6  0
12  -3
10  -6
9  4
12  -1
8  1
11  2
10  -6
11  2
7  -2
5  -3
9  6
11  2
11  0
9  5
8  2
8  3
7  -4
12  -2
12  -2
9  4
8  1
8  2
7  -2
5  -4
7  -2
10  -5
9  6
11  2
8  3
9  6
10  -7
8  2
9  6
11  1
10  -5
3  1
5  -5
6  -1
9  6
7  -3
5  -3
11  2
7  -2
6  -1
9  5
6  0
5  -4
6  0
9  5
12  -3
5  -3
5  -3
14  4
6  0
7  -2
6  -2
8  1
5  -3
9  5
9  5
11  2
6  -1
10  -7
6  -1
5  -4
6  -1
8  3
7  -3
10  -5
8  1
9  4
6  -1
6  0
9  4
9  4
9  5
9  6
11  1
7  -3
9  5
9  6
13  3
10  -7
11  0
9  6
10  -7
7  -3
12  -2
7  -4
4  -2
11  0
9  6
8  2
8  2
6  0
6  0
4  -3
9  6
8  1
8  3
8  2
9  5
8  1
9  5
7  -2
7  -2
13  2
5  -3
7  -3
9  5
10  -5
9  6
6  0
12  -3
7  -2
11  2
6  0
9  5
10  -5
7  -3
4  -2
9  6
6  0
11  2
4  -4
7  -3
11  2
8  2
8  3
10  -5
4  -2
10  -7
11  2
10  -5
11  0
9  6
7  -4
13  2
7  -3
10  -7
8  3
11  2
10  -5
6  -1
7  -4
8  1
5  -5
5  -3
8  1
10  -7
6  0
8  1
9  4
8  1
4  -3
9  5
13  2
10  -7
6  -2
9  5
9  5
11  1
8  1
10  -6
9  6
13  3
8  1
6  -2
12  -3
7  -4
8  1
7  -4
10  -7
9  6
8  1
6  -1
6  -1
11  1
6  0
6  -2
8  1
8  2
4  -3
7  -4
8  2
7  -3
7  -3
14  4
4  -2
4  -3
10  -7
7  -2
9  5
12  -3
8  1
7  -4
11  0
8  3
9  4
8  1
7  -3
6  -2
5  -3
5  -5
10  -6
3  0
11  2
9  5
8  1
6  0
9  4
6  0
10  -5
7  -2
11  2
5  -3
8  1
7  -2
7  -2
11  0
6  -2
7  -4
9  4
8  3
6  0
10  -6
8  2
11  0
12  -1
6  -2
13  1
13  2
8  3
13  2
11  2
8  2
8  1
10  -7
8  1
13  3
14  6
6  0
12  -1
9  4
4  -2
9  6
11  2
4  -3
8  3
13  3
7  -4
7  -3
13  3
7  -2
8  2
8  1
6  0
11  1
9  4
8  1
3  1
8  1
9  6
10  -7
11  1
10  -6
12  -2
5  -5
7  -4
11  0
6  -2
8  1
6  -2
6  0
9  4
9  4
3  0
9  4
9  5
5  -3
5  -3
7  -2
7  -4
7  -3
8  2
9  4
11  2
7  -3
10  -7
11  0
10  -6
11  2
9  6
10  -7
6  -2
7  -4
8  2
9  6
6  -1
7  -2
10  -6
9  6
12  -2
8  2
10  -6
10  -6
11  0
9  4
11  0
6  0
8  1
8  2
8  2
13  1
11  1
6  -1
15  1
8  1
5  -3
7  -2
9  5
9  5
7  -4
5  -4
5  -5
7  -2
12  -2
11  1
11  0
8  3
10  -6
11  2
8  2
8  2
7  -4
10  -5
13  1
11  2
10  -6
8  2
8  1
12  -1
8  1
11  1
8  2
10  -6
8  3
8  1
9  4
13  3
9  4
8  3
11  1
4  -3
8  3
8  1
7  -3
3  -1
10  -5
11  1
10  -5
11  1
10  -7
9  6
3  -1
9  5
5  -4
11  1
9  6
11  2
8  2
6  0
14  5
6  0
10  -5
6  -2
7  -4
6  0
7  -4
9  5
11  1
7  -3
10  -5
4  -2
4  -3
7  -3
7  -4
7  -4
4  -2
8  1
11  2
9  6
10  -6
8  1
6  -2
9  4
7  -4
10  -7
5  -5
8  1
7  -3
5  -3
12  -3
7  -3
8  1
10  -7
8  2
10  -6
6  0
6  0
7  -2
9  4
9  4
11  2
13  1
12  -3
4  -2
9  4
5  -5
9  4
6  0
8  1
7  -4
5  -5
7  -2
12  -2
6  -1
9  6
10  -6
9  5
8  1
8  2
10  -7
8  3
8  3
9  4
9  6
4  -2
9  5
6  0
6  -2
7  -4
9  5
11  2
10  -7
7  -2
8  1
8  3
12  -3
6  0
11  0
9  5
9  6
4  -4
5  -5
9  4
6  0
8  3
5  -3
8  2
9  4
8  3
12  -1
6  -1
3  1
8  3
11  0
10  -6
8  2
7  -2
8  2
12  -3
7  -2
10  -7
6  -2
10  -7
5  -3
4  -4
7  -2
8  3
7  -3
8  2
6  -2
7  -4
8  3
9  4
6  -2
8  1
8  1
8  2
4  -3
12  -2
9  5
9  5
9  4
12  -3
6  -2
5  -4
8  3
8  1
8  1
7  -3
11  1
6  0
11  2
8  1
7  -4
11  2
10  -6
7  -3
12  -1
8  3
9  4
8  3
6  -2
12  -3
4  -4
7  -4
6  0
5  -4
9  6
7  -3
9  4
8  1
12  -2
8  2
8  2
8  2
12  -3
3  -1
6  -1
10  -5
7  -2
3  -1
7  -2
10  -5
9  4
12  -2
6  -2
6  -1
7  -2
6  -2
9  4
8  3
8  2
8  2
5  -4
9  6
9  6
10  -6
6  -2
7  -4
10  -6
11  2
7  -3
10  -7
10  -5
9  5
8  2
7  -2
6  -1
6  0
8  2
9  5
8  3
6  -2
8  1
4  -2
11  0
9  5
9  5
5  -5
9  4
4  -2
6  -1
8  3
8  3
8  1
9  6
9  5
9  5
7  -2
5  -3
10  -5
2  -6
6  -1
6  0
10  -5
8  3
7  -4
9  6
3  1
12  -1
8  3
9  5
10  -6
12  -2
11  1
4  -4
4  -4
10  -7
11  1
11  2
4  -4
10  -7
9  6
9  6
8  2
8  2
7  -2
8  3
11  0
9  6
6  -2
11  1
11  2
9  6
11  0
6  0
9  6
10  -5
8  3
13  2
10  -7
3  -1
13  2
8  3
10  -6
7  -3
7  -3
9  5
4  -3
11  2
12  -1
8  1
11  0
8  3
10  -6
6  -1
7  -3
9  4
9  6
10  -6
6  0
7  -2
7  -4
7  -2
10  -6
9  4
7  -3
11  0
9  5
9  6
11  0
6  -1
10  -7
7  -3
6  -2
4  -3
10  -7
6  -1
11  1
11  1
5  -4
8  2
5  -5
12  -1
7  -3
9  5
7  -4
9  6
4  -2
10  -7
8  2
8  1
7  -4
6  -1
9  6
8  2
7  -2
8  2
7  -2
3  1
8  2
10  -7
7  -4
6  0
11  1
10  -6
9  6
13  2
10  -6
7  -2
11  1
11  0
6  -2
9  4
11  0
8  1
4  -4
10  -5
7  -4
7  -3
7  -2
5  -3
8  2
7  -4
5  -4
8  2
10  -6
9  6
7  -3
10  -5
5  -4
10  -5
9  6
11  0
8  3
10  -6
10  -6
6  0
6  -1
9  4
10  -5
6  -1
8  3
8  2
10  -7
11  1
9  6
12  -1
9  5
10  -5
5  -5
7  -2
6  -1
5  -3
6  0
10  -6
7  -4
4  -3
9  4
3  0
7  -4
9  4
8  1
9  5
7  -4
12  -1
7  -2
8  3
5  -4
8  2
9  5
9  4
5  -4
3  0
10  -6
7  -4
13  2
11  0
8  2
10  -7
9  4
6  -1
10  -5
7  -3
9  4
9  5
9  5
7  -4
12  -1
6  -1
9  6
11  1
5  -4
8  3
9  5
6  0
8  1
6  -2
11  2
4  -3
8  2
9  6
9  6
12  -1
8  1
8  1
9  5
8  2
10  -7
4  -3
5  -4
9  5
10  -7
12  -1
9  5
7  -3
8  3
9  6
7  -3
4  -2
6  -2
8  3
8  2
9  6
10  -6
10  -5
9  4
7  -4
9  4
5  -5
9  4
3  1
9  5
6  -1
10  -6
6  -2
8  2
7  -3
