14  5
16  4
18  6
18  6
16  4
18  5
14  6
17  -1
18  6
14  6
11  3
15  0
14  4
17  0
16  2
18  5
11  2
14  5
11  4
19  0
21  -6
16  3
15  -2
13  -3
13  -3
13  -3
22  -4
12  6
15  -1
16  3
18  7
21  -8
22  -6
15  0
10  5
13  -3
18  6
20  3
11  3
20  2
20  2
22  -4
13  -4
18  6
16  3
16  4
18  7
13  -2
9  3
20  2
17  -2
15  -1
18  6
10  4
20  2
21  -8
14  4
16  2
15  -2
16  2
22  -6
19  -1
16  2
17  -1
16  2
13  -2
14  5
15  -2
17  0
14  5
19  -2
16  3
14  4
15  0
13  -4
16  2
22  -5
12  6
14  4
13  -3
15  -2
16  2
19  0
12  5
14  5
22  -5
15  -2
14  5
18  5
15  -1
18  5
18  6
12  5
21  -7
17  0
16  3
18  6
19  -1
19  -2
16  3
17  -1
13  -3
11  2
15  0
15  -2
15  -2
17  0
18  7
9  1
22  -4
19  0
16  4
15  -1
15  -1
16  4
14  4
19  -1
17  0
23  0
17  -1
17  -2
12  7
21  -6
20  1
24  8
9  3
15  -1
16  4
17  -1
15  -1
20  3
20  3
13  -2
11  3
14  6
19  0
17  0
11  4
9  3
16  2
15  0
12  5
22  -4
15  0
16  2
13  -3
17  -2
10  4
19  -2
16  3
19  -1
17  -1
23  0
13  -4
12  5
15  -2
20  3
20  1
16  2
13  -3
16  3
19  -2
18  6
17  -1
17  -2
14  5
19  0
16  2
18  5
17  -2
18  5
19  -2
22  -6
14  6
15  -2
16  2
16  2
19  -2
26  4
14  5
19  0
14  6
14  5
18  7
20  1
18  7
15  -2
10  5
16  4
17  0
15  -1
18  5
15  -1
20  2
13  -3
15  0
15  -2
20  1
13  -3
14  4
19  0
20  3
13  -2
16  4
18  6
19  -1
22  -6
11  3
15  0
9  3
23  0
12  7
19  -2
19  -1
13  -4
18  7
20  3
16  4
16  3
11  3
15  -2
16  2
11  3
14  5
22  -5
15  0
17  0
18  7
16  3
19  -2
11  4
14  5
15  0
16  4
11  3
19  0
15  0
11  3
16  3
15  0
20  3
17  -1
11  2
19  -1
16  2
21  -8
13  -4
19  -2
17  -1
14  6
15  -1
16  4
19  0
15  -2
21  -7
10  5
18  5
16  2
14  6
19  -1
15  -2
13  -2
20  2
14  4
11  3
17  -2
20  2
23  -1
19  0
16  2
17  -1
12  7
14  5
13  -2
23  -1
17  -2
17  -2
16  4
20  1
15  0
18  5
13  -2
20  1
17  0
13  -2
19  -1
8  -3
16  4
21  -8
16  2
17  0
17  -1
16  2
19  -1
20  2
12  7
21  -6
15  0
18  6
14  6
17  -1
10  4
13  -4
14  5
16  3
17  -2
18  5
16  4
18  7
17  0
19  -2
22  -5
20  2
14  5
22  -6
21  -8
17  -2
18  7
12  7
17  -1
17  -2
18  6
19  -2
15  -2
20  1
12  5
21  -7
21  -6
14  6
17  0
13  -4
15  0
14  4
15  -2
14  4
10  4
14  4
15  0
17  0
16  3
14  6
10  4
17  -2
17  -2
11  3
21  -8
17  0
16  4
14  6
20  1
16  3
21  -7
21  -6
15  0
18  7
15  -1
12  6
8  -4
16  3
12  6
18  7
13  -3
13  -2
12  7
14  5
16  4
18  5
18  6
16  4
13  -4
15  -2
16  2
16  3
13  -4
12  6
14  6
17  -2
13  -4
15  0
14  5
17  -1
13  -3
15  -2
16  2
17  -1
12  7
17  -1
16  4
19  -1
21  -8
16  4
13  -4
18  5
21  -7
17  -2
15  0
16  3
21  -8
21  -8
18  5
21  -6
24  6
12  6
15  -2
18  5
17  -2
11  4
18  6
15  -1
16  4
18  5
11  3
12  7
13  -4
17  -2
23  0
19  0
17  -2
17  0
18  7
18  6
18  7
15  -1
11  2
13  -2
19  -1
17  0
17  -2
17  0
16  4
22  -6
18  5
11  2
17  -2
18  5
18  6
15  -2
15  -2
17  -1
11  4
12  5
17  -2
17  0
15  0
15  -1
19  -2
18  5
15  -2
14  6
18  7
18  6
14  4
14  5
15  -2
12  7
13  -2
22  -4
14  6
16  2
13  -4
14  5
12  7
15  -1
14  5
16  3
20  1
19  -1
17  -2
15  -2
14  5
13  -4
12  7
13  -2
16  3
19  -1
18  6
15  0
12  5
12  7
15  0
17  -2
13  -4
13  -2
15  0
16  3
18  6
16  4
16  3
11  2
15  -2
9  2
20  3
19  -2
15  -1
10  3
15  0
15  -1
16  4
17  -2
15  -1
16  3
16  2
11  3
15  0
17  -2
22  -5
16  4
14  4
14  5
17  -1
16  3
19  -2
16  4
20  3
21  -6
12  5
15  -1
16  3
16  4
17  0
18  6
18  7
16  3
18  7
15  -1
13  -2
14  4
19  0
13  -2
13  -2
20  2
16  4
16  2
11  4
17  -2
20  2
16  3
17  0
16  4
17  -1
21  -8
15  -1
17  0
16  3
12  6
12  7
14  6
12  5
18  6
16  2
13  -2
12  5
17  0
14  5
19  -2
18  5
16  4
18  5
16  4
14  6
17  -1
18  6
18  5
24  7
15  0
19  0
13  -4
14  6
17  -2
14  4
15  -2
12  6
13  -2
15  -1
19  -2
12  6
21  -6
25  -6
13  -2
14  5
18  6
17  -2
14  6
17  -1
15  0
19  -2
16  3
14  6
15  -2
17  0
16  4
17  -2
15  -1
16  3
21  -8
15  -1
13  -2
18  6
20  3
16  2
12  7
22  -5
13  -4
19  0
14  6
16  2
14  5
17  -2
15  0
19  0
13  -2
19  -1
20  2
13  -4
11  2
15  -2
14  6
18  6
16  2
19  -1
11  2
10  5
14  5
21  -8
16  2
14  4
17  0
19  -2
15  0
18  6
14  4
17  -1
18  7
14  6
20  3
14  5
13  -4
18  6
15  -2
18  7
22  -5
12  6
15  -2
17  -2
12  7
14  6
13  -2
13  -2
12  5
20  2
14  4
18  5
17  0
17  -2
19  -1
14  4
18  6
13  -3
14  4
15  -2
17  0
15  -1
20  2
15  -1
14  6
11  4
12  7
16  4
19  -2
13  -3
12  6
16  4
19  -1
16  3
15  -2
21  -8
20  2
20  3
16  3
20  3
18  5
12  5
20  1
21  -6
13  -3
21  -7
18  6
14  4
22  -6
12  6
16  4
20  2
16  2
16  3
17  0
17  0
12  6
20  2
14  4
14  4
14  5
17  -1
18  5
19  -2
17  0
15  -1
10  5
23  1
17  -1
19  0
14  4
11  4
14  6
16  3
17  0
13  -3
18  6
15  -1
14  6
16  4
15  -1
14  6
19  0
15  0
10  4
18  6
14  5
17  -1
22  -4
19  -1
12  5
18  6
12  7
14  4
14  5
21  -8
18  7
17  -1
19  -2
12  7
15  -1
13  -3
14  6
16  3
17  -1
15  0
25  -4
10  4
14  4
15  -2
13  -3
14  6
21  -6
16  4
18  6
18  7
16  4
15  -1
15  -1
21  -8
19  -2
20  1
14  4
17  -1
16  3
17  -2
18  7
11  2
16  2
20  3
17  -1
19  -2
18  7
18  5
18  5
16  2
17  -1
17  -1
13  -4
13  -2
18  6
17  0
18  5
13  -4
18  5
20  3
21  -8
17  0
18  5
21  -6
14  6
10  3
20  1
20  2
17  -2
13  -3
20  3
15  -2
18  6
10  3
14  5
18  7
16  3
13  -4
17  0
17  -1
14  5
19  0
21  -7
15  0
14  4
14  6
12  5
13  -4
14  4
14  4
12  6
16  2
17  0
12  6
17  0
16  3
20  1
17  0
15  0
13  -2
15  0
13  -3
12  7
12  7
12  7
17  -2
15  -2
14  6
10  5
19  -1
13  -2
20  1
15  -2
18  6
15  -2
16  4
15  0
15  -2
14  6
14  4
13  -4
19  -2
19  0
16  3
13  -2
16  3
20  1
19  -1
21  -7
14  6
22  -4
18  5
14  4
16  3
17  -1
14  6
12  5
21  -6
22  -4
19  -2
13  -4
9  1
16  3
20  3
18  7
16  2
17  -2
17  -1
18  6
20  3
19  -2
19  -1
13  -2
20  1
10  5
11  4
14  6
10  5
17  -1
18  6
12  6
20  2
18  7
18  5
12  6
17  -2
19  -2
15  -2
14  5
14  4
19  -2
21  -8
19  -2
18  5
13  -2
12  6
19  -1
17  0
23  -1
18  7
16  2
20  3
14  5
14  4
16  3
18  6
16  2
18  7
17  -2
18  7
16  2
16  3
23  -1
11  2
19  -2
17  -1
14  4
15  0
14  5
11  3
12  5
21  -6
13  -4
21  -7
16  4
13  -4
14  4
21  -7
17  -1
16  2
18  6
16  4
11  3
15  0
14  6
23  -1
12  6
17  -2
15  -1
16  3
15  0
12  5
10  3
19  -2
15  -2
18  5
18  5
17  0
16  2
15  -1
16  4
17  0
19  -2
13  -2
11  3
16  3
13  -2
16  2
19  0
16  4
17  -1
19  -2
15  -2
18  5
13  -2
19  0
16  3
21  -7
13  -4
14  5
12  6
21  -8
19  -2
15  0
15  -1
15  -2
16  3
18  5
12  5
15  -2
18  6
18  7
22  -4
22  -6
18  6
16  4
17  -2
8  -4
11  4
22  -6
24  8
11  2
19  0
19  -2
