15  5
14  -2
16  5
13  0
14  0
11  0
16  7
19  -1
15  9
19  -1
17  5
12  -4
13  4
21  1
15  6
13  -2
17  4
16  3
13  4
12  -2
17  8
18  -5
15  8
14  -3
13  -2
13  -3
15  7
16  5
15  2
16  9
12  -4
12  -3
12  -3
19  -2
17  8
21  0
14  -4
15  7
14  0
15  7
12  -5
14  0
15  3
15  5
14  -1
14  2
13  -2
15  3
14  -1
14  2
15  4
17  2
11  -1
11  -6
13  -1
18  2
19  -3
15  9
13  -3
15  7
21  -7
14  -1
18  -2
10  -1
14  -3
15  5
14  0
14  2
13  -1
17  1
13  1
9  -6
20  5
16  4
15  4
16  8
13  4
14  -4
17  2
17  7
17  1
18  1
11  1
12  -3
14  3
9  -1
14  2
13  0
14  -1
14  1
10  -3
11  -5
13  4
15  10
12  -6
12  -2
13  -4
12  1
16  7
12  -7
16  5
13  0
15  3
17  2
14  -3
13  -4
9  -5
16  7
15  2
10  -6
14  1
16  7
17  4
12  1
15  6
12  -6
16  9
8  7
14  -3
17  2
9  0
14  4
13  1
13  0
11  -6
20  4
13  -3
13  -4
12  -3
16  10
16  4
18  -3
13  2
18  -3
15  7
15  3
18  2
17  3
14  1
16  8
16  5
12  -4
14  -4
13  3
14  2
16  6
15  8
12  0
9  -1
13  0
17  2
14  0
15  4
15  10
15  4
18  2
13  0
13  -1
15  3
18  0
14  -2
14  1
14  -2
14  -2
15  7
16  4
14  -2
15  7
14  -1
13  3
10  -5
15  2
15  4
14  -3
14  0
14  1
16  10
14  -4
12  1
16  6
14  3
15  9
14  -1
11  -1
15  9
12  0
17  5
13  -3
15  4
10  -4
20  2
13  -3
12  -7
14  -3
18  0
13  1
14  3
12  -1
9  -2
16  2
13  0
12  -5
15  3
14  1
13  -3
19  -3
15  4
15  5
18  -3
20  1
11  -3
13  -2
15  9
12  1
15  10
13  -2
14  -4
17  6
15  8
14  -2
14  3
13  0
16  3
15  3
13  0
10  1
12  -5
15  10
12  -6
16  7
11  -3
15  3
18  -2
13  -3
16  6
14  0
10  -1
11  -5
18  -1
13  3
11  -2
12  -4
14  0
16  10
14  -1
13  -3
18  -5
16  9
18  1
10  1
16  6
15  8
13  0
13  1
13  0
14  0
17  6
12  -6
16  8
16  3
15  2
13  1
16  10
13  0
14  0
15  2
14  4
19  -6
16  7
14  -3
17  5
12  1
14  -1
12  -6
14  -2
18  0
16  7
15  7
14  -2
16  10
14  2
15  9
13  0
15  9
18  1
12  -6
17  5
15  4
14  -3
11  0
12  -4
18  -2
13  3
18  -1
20  1
16  8
13  -3
17  1
16  8
17  8
13  1
12  1
18  -5
16  5
13  -4
18  2
16  7
12  -2
13  -3
16  7
13  2
17  2
12  -2
14  3
11  1
16  2
19  -9
13  2
16  5
12  0
10  -4
14  4
18  1
18  1
11  -4
14  -2
18  -3
17  7
13  -2
14  2
19  -5
12  -3
15  3
15  2
10  -5
19  -3
11  0
13  3
12  -4
13  2
15  4
16  2
12  1
13  0
8  6
15  3
17  5
19  -2
15  4
16  9
11  0
17  8
15  8
15  7
13  3
15  4
15  9
16  3
15  6
12  1
12  -4
18  -1
13  4
17  5
10  2
12  -6
18  -4
16  6
14  -3
17  6
16  3
15  5
19  -4
15  10
12  1
18  -3
11  2
15  6
15  9
16  3
15  9
15  10
10  2
16  4
15  7
13  3
14  -3
21  -4
16  6
15  9
18  1
14  3
13  2
15  8
14  -3
12  -1
13  4
13  -4
16  4
14  -1
15  6
12  -4
17  1
18  0
14  4
10  -6
17  2
17  3
16  5
14  2
13  -1
13  4
13  -1
16  5
14  -4
13  -4
17  6
15  7
16  3
14  -1
10  -1
18  1
20  9
12  -1
16  5
17  4
18  -3
12  -5
10  -2
14  -1
15  4
14  -2
13  1
13  1
8  5
13  -4
16  5
13  -2
12  0
17  0
16  6
17  6
18  2
12  -6
10  -3
13  4
14  -1
15  6
11  2
14  -1
16  2
15  4
11  1
16  10
12  -5
18  -6
19  -8
17  4
12  1
12  -2
13  3
11  -6
13  -2
17  2
12  -1
14  1
12  -6
16  9
19  -9
13  2
16  2
11  1
13  2
11  -5
11  2
14  -2
15  5
10  -3
13  -2
15  7
13  1
12  -1
11  -5
15  8
9  -3
15  9
15  3
13  1
12  0
18  0
14  -4
13  3
15  4
13  4
14  -4
11  -6
8  5
10  2
20  6
19  -9
16  4
14  -1
14  4
16  9
15  5
14  0
14  4
15  5
12  -7
17  8
15  9
15  2
17  2
16  3
13  -3
14  -2
17  4
13  -1
13  3
15  9
19  -9
15  2
17  4
11  1
14  1
11  2
13  1
15  7
13  -4
11  2
17  4
15  2
12  0
10  -1
14  0
16  4
15  10
18  -1
16  2
14  3
16  8
13  -2
17  7
19  -3
11  -6
18  -6
13  -1
19  -3
14  -1
11  -1
13  4
17  5
10  0
14  -2
17  1
13  2
16  4
13  -4
12  -1
14  -1
16  7
13  3
16  3
14  4
14  -3
12  -5
12  1
13  4
14  4
14  -3
17  8
12  -5
12  -3
14  1
15  9
13  0
18  0
17  0
12  0
16  6
16  3
14  -3
14  -2
14  -3
16  8
10  2
17  5
11  1
19  -3
15  5
11  -1
15  2
15  7
12  -1
14  -4
13  0
14  -2
16  9
20  3
17  1
11  -5
17  6
13  -4
11  -3
18  -6
13  -2
10  -3
19  -2
15  6
16  7
12  -5
17  7
12  -2
16  5
15  6
14  3
15  6
13  1
14  -1
16  8
12  -3
15  8
15  7
14  4
18  1
10  -3
14  -1
12  -3
12  -2
12  1
11  -6
17  8
14  0
9  0
10  -5
15  8
8  3
13  -2
15  9
15  5
10  -2
18  -1
16  7
15  8
14  0
12  -1
11  -6
14  -1
16  9
14  -1
15  8
14  4
18  -3
15  4
12  1
7  -1
15  6
16  4
16  7
19  -4
15  7
15  5
15  10
19  -3
19  -1
16  5
13  -2
17  8
17  2
13  1
12  1
17  4
14  0
13  2
14  2
13  -3
15  2
16  10
10  -5
16  9
13  -2
16  3
15  10
11  -3
14  -4
13  -3
15  4
16  8
12  1
18  1
14  -1
11  2
15  5
13  1
8  2
12  -7
13  2
15  5
12  -7
14  1
15  10
14  -1
12  -6
16  8
14  3
18  -4
15  3
16  10
13  3
14  -4
14  0
15  3
13  4
12  -3
18  -5
15  9
15  4
18  2
15  8
13  4
14  -3
13  1
14  1
16  3
16  9
14  0
18  -2
13  -3
14  1
14  1
16  6
15  6
15  7
15  3
14  2
13  0
10  2
15  8
16  10
15  3
13  -4
17  1
12  -7
15  9
16  4
12  -2
15  7
11  -4
18  -6
12  -4
16  9
14  -3
16  4
20  5
15  4
18  1
13  -3
14  1
19  -3
14  4
13  3
7  4
17  0
15  5
12  -5
11  -3
14  -4
16  10
13  -1
13  -3
12  -5
16  4
18  -3
18  1
16  10
15  9
14  -2
12  -5
14  -3
8  8
12  -5
11  1
10  -4
12  -7
14  4
14  -3
14  4
12  -5
16  6
17  1
16  4
17  5
13  1
15  10
12  -6
13  -4
16  4
14  -4
16  9
16  8
15  4
17  0
16  10
18  0
17  2
17  7
13  -2
20  3
19  -2
14  -1
18  -2
17  7
17  4
9  2
16  6
13  4
19  -2
14  3
9  -6
12  -1
16  5
18  2
17  0
15  6
13  0
17  3
17  4
17  1
18  2
13  -2
13  -4
13  2
14  -4
13  -2
16  7
15  7
13  -1
11  -4
13  2
16  10
9  -6
19  -5
18  -1
16  7
13  2
13  -2
12  -3
13  0
12  -2
19  -1
17  7
11  1
15  4
14  -1
14  3
14  -1
12  -4
13  -2
11  2
16  4
13  4
15  8
13  0
15  9
16  10
15  2
14  4
13  -3
12  -6
11  0
16  7
16  7
15  2
12  -5
11  0
14  -1
17  6
16  7
15  6
17  7
16  10
13  3
14  2
15  3
18  -3
18  -5
14  0
15  6
17  6
17  6
14  2
17  4
17  0
12  -3
17  2
17  5
12  0
15  2
10  -3
11  -4
12  -3
12  -1
16  5
16  9
15  7
15  10
13  4
14  2
13  -2
13  -1
13  0
15  2
9  -4
14  -3
15  7
13  2
12  -1
14  2
13  4
14  -2
10  -3
14  0
12  -1
13  2
16  9
19  -2
13  1
13  -2
12  -1
17  7
15  9
18  -5
10  -1
16  2
13  3
14  0
16  9
17  2
13  -3
16  7
12  -1
16  8
15  5
10  -4
20  3
14  1
17  7
17  6
15  9
11  -4
14  2
10  0
16  2
13  -1
19  -5
16  3
16  5
12  -5
16  4
15  5
15  7
18  1
16  7
11  0
10  1
17  8
10  0
14  1
15  2
14  0
10  0
15  9
15  8
13  4
12  -3
14  3
15  2
16  4
12  -7
18  -5
16  3
18  -1
16  4
16  4
12  -4
14  2
15  4
12  -5
15  4
16  9
18  -1
17  1
17  4
13  3
11  -4
14  1
14  -2
14  -2
14  1
17  4
