21  6
17  -5
18  -7
24  -1
16  9
26  5
14  0
19  7
20  -3
20  -3
17  0
25  3
22  7
18  -5
14  4
22  5
20  -5
21  2
19  4
19  4
20  -6
25  5
19  7
20  -10
21  10
18  -3
14  0
19  9
25  4
20  -9
21  4
24  2
22  5
18  -8
20  -9
20  -8
23  -4
18  -4
25  4
26  5
20  -6
24  2
20  -4
18  -11
25  4
22  4
20  -3
21  9
20  -11
19  6
20  -7
24  1
21  2
19  8
22  0
21  4
24  4
18  -7
21  8
22  2
25  10
25  2
19  8
20  -10
25  3
25  10
23  -4
20  -4
17  -2
18  -7
22  0
24  3
18  -5
17  -8
16  9
21  5
22  -1
17  -6
17  0
24  3
20  -4
21  3
21  8
23  -2
19  4
21  9
26  4
19  3
22  6
21  10
21  5
21  10
21  3
20  -5
17  -1
22  7
19  5
25  10
18  -9
18  -7
20  -3
20  -6
18  -3
22  5
22  1
23  4
18  -9
18  -4
23  0
20  -7
19  7
16  2
18  -11
20  -4
16  3
20  -10
24  2
17  0
21  5
18  -5
20  -10
18  -3
25  7
23  -1
23  4
24  6
15  -5
13  1
20  -10
21  9
24  7
18  -9
24  4
22  6
22  7
23  0
19  4
27  0
19  7
18  -6
22  0
18  -9
21  8
21  8
19  1
17  -6
19  4
25  3
24  0
17  -5
25  9
20  -4
21  8
19  8
22  0
22  1
17  -7
22  -1
20  -3
18  -9
19  4
15  -4
21  2
21  7
21  7
17  -7
24  0
22  -1
19  2
26  1
21  7
21  10
23  -4
22  5
25  4
25  4
18  -4
22  4
15  0
22  3
25  10
20  -10
25  2
20  -7
25  5
21  8
16  10
22  2
22  -1
19  7
19  1
19  1
20  -7
21  4
16  7
23  1
20  -4
23  -1
20  -11
18  -9
17  -1
18  -3
20  -7
23  -3
22  6
17  -7
26  3
22  0
22  4
20  -10
23  1
23  -1
18  -3
16  9
19  3
23  -4
17  -2
23  -2
18  -11
19  2
19  9
25  8
19  5
23  3
21  2
22  0
19  8
20  -7
18  -5
19  8
16  4
22  -1
18  -10
19  7
23  1
22  4
19  8
23  -1
19  3
19  4
24  6
21  2
19  2
20  -9
19  1
21  5
20  -11
17  -8
19  6
23  -4
21  8
22  -1
22  6
17  -3
21  3
21  3
19  3
24  -1
21  6
21  8
22  0
25  2
19  4
23  3
19  5
22  0
25  9
22  2
21  8
23  -4
20  -7
23  3
22  6
24  1
21  10
22  -1
23  1
23  -3
24  0
24  1
25  6
21  6
19  6
20  -8
16  10
19  1
20  -5
18  -3
25  5
28  0
18  -5
25  3
22  5
19  2
17  -6
23  0
20  -6
19  2
21  6
25  9
21  6
21  3
22  -1
25  4
22  3
20  -8
25  2
19  7
23  -4
21  9
21  10
23  -1
21  8
25  2
24  2
22  5
21  8
24  1
27  -3
18  -5
22  0
21  5
16  8
22  3
13  -4
19  7
21  10
24  0
23  -2
21  3
19  9
23  -4
21  6
21  8
23  1
19  4
21  4
22  3
21  3
21  9
26  6
20  -5
23  3
24  2
22  1
19  1
20  -8
19  7
23  1
18  -8
18  -6
20  -8
23  3
22  2
24  4
20  -3
23  -3
22  2
22  1
19  7
21  10
22  3
21  6
21  7
22  6
20  -7
21  10
22  3
24  1
19  9
20  -9
19  6
22  5
18  -11
17  -6
21  5
24  1
23  3
15  0
23  -1
19  9
20  -10
21  6
22  4
17  -3
21  7
24  0
18  -10
19  4
20  -7
14  4
20  -3
21  6
17  0
14  3
20  -9
14  4
24  4
18  -7
20  -10
16  9
23  -1
23  3
21  5
24  0
20  -5
19  2
23  -2
24  7
20  -11
18  -11
18  -6
19  1
22  6
21  8
18  -6
23  -3
20  -9
16  6
22  6
14  3
20  -11
16  7
22  1
23  -3
19  8
24  7
21  2
20  -7
23  0
21  9
24  1
17  -2
20  -6
23  1
20  -11
14  4
23  4
19  7
17  -8
21  3
19  9
20  -9
19  2
19  3
23  -4
16  8
17  -1
23  1
21  4
19  5
17  -2
22  2
20  -10
20  -10
21  8
16  6
21  2
19  4
22  4
21  3
22  5
22  7
23  1
20  -6
19  6
24  5
21  10
24  6
19  4
17  -2
25  2
21  2
22  -1
19  8
22  7
18  -7
20  -8
15  3
22  7
14  0
18  -5
17  -7
21  8
18  -9
22  5
18  -6
25  2
21  4
17  -8
21  7
19  4
21  3
20  -11
23  -1
21  4
20  -11
20  -7
23  1
19  8
19  1
19  8
19  1
19  3
22  3
16  10
20  -9
20  -11
24  3
18  -9
23  1
19  5
24  6
22  5
23  -1
24  7
24  4
18  -5
23  1
19  1
22  5
20  -7
23  -3
23  -3
21  7
22  1
19  5
21  4
25  10
21  4
23  1
22  -1
19  5
19  5
19  2
15  -4
18  -5
21  4
20  -5
20  -5
22  6
23  -2
21  4
23  -4
25  7
18  -6
19  2
20  -10
20  -11
15  -5
21  8
18  -3
23  1
17  0
21  6
20  -7
16  10
19  3
20  -5
23  1
20  -9
21  7
19  4
18  -4
20  -7
20  -6
15  -5
20  -11
24  3
23  4
20  -9
24  1
17  -5
20  -8
18  -4
17  -5
20  -5
23  -2
27  -2
23  0
22  0
21  5
25  2
15  -2
19  7
23  2
22  6
22  1
21  9
18  -8
19  2
22  4
20  -7
20  -5
20  -9
21  4
22  5
16  2
22  6
20  -10
23  3
20  -6
16  10
24  -1
22  6
19  2
20  -9
24  1
19  6
18  -3
18  -9
24  2
22  7
20  -4
18  -4
21  4
22  5
17  -3
21  8
23  -2
19  1
22  2
15  -5
21  4
20  -11
21  6
16  8
22  2
21  8
23  -1
22  0
22  6
19  5
22  5
26  2
19  6
21  10
25  2
21  7
15  -1
17  -2
22  0
19  1
19  4
22  7
20  -5
22  2
22  5
20  -8
18  -9
21  9
22  -1
21  10
20  -11
22  3
28  3
20  -8
21  6
19  6
19  1
22  7
18  -6
19  1
21  5
19  8
19  4
25  10
15  0
19  4
17  -4
26  4
21  7
20  -10
24  0
21  7
24  4
17  -5
22  7
19  9
23  0
27  -2
21  4
19  1
22  4
25  10
17  -5
21  6
20  -5
20  -5
23  -2
20  -9
18  -6
18  -9
21  3
19  2
21  5
26  4
20  -4
23  -2
22  5
16  10
20  -3
21  10
13  1
22  1
22  7
20  -7
21  8
16  7
16  3
21  6
25  10
21  10
22  1
23  2
22  0
23  -1
18  -4
22  3
25  8
18  -6
22  3
22  0
22  1
24  0
20  -7
24  5
21  3
19  6
18  -4
19  9
19  7
19  2
22  7
18  -11
22  6
19  6
22  6
22  4
20  -6
20  -11
25  6
20  -3
25  2
22  1
20  -4
23  -3
21  3
23  3
19  5
27  2
23  3
21  2
21  6
20  -6
20  -11
19  3
18  -4
19  1
21  6
23  -2
20  -10
22  -1
22  2
20  -8
24  5
24  3
15  3
23  1
20  -11
16  6
24  3
20  -9
18  -4
23  -4
21  7
26  -1
20  -6
23  -4
22  5
20  -3
23  3
22  3
22  5
19  2
22  4
20  -10
21  4
23  1
21  10
17  -3
21  5
25  10
25  3
20  -11
19  3
20  -7
23  3
20  -8
16  4
22  3
26  1
21  5
21  3
20  -8
18  -6
16  5
20  -5
20  -11
21  6
21  3
18  -6
23  3
21  7
19  9
21  7
19  2
24  6
20  -5
16  5
20  -10
24  2
17  -2
20  -7
22  5
23  -4
19  5
17  -5
20  -3
21  3
20  -3
22  0
17  -2
19  3
19  3
24  5
20  -5
22  4
23  -1
20  -10
20  -10
19  2
25  3
20  -11
21  4
20  -9
24  7
20  -10
21  9
20  -6
14  4
24  1
20  -5
23  1
20  -4
20  -6
23  4
26  -2
20  -6
17  -7
17  -2
22  7
18  -9
19  4
23  3
26  0
15  -5
18  -10
15  -4
19  1
21  9
24  2
22  4
20  -6
16  5
23  0
21  10
19  2
24  0
19  4
20  -6
18  -4
25  2
21  4
19  4
20  -8
22  1
20  -3
19  6
17  -7
20  -3
21  10
21  4
22  0
26  -1
22  1
22  2
24  4
23  3
20  -11
18  -9
23  1
18  -8
19  6
22  5
21  4
19  2
20  -6
17  -3
22  5
20  -10
22  2
23  0
20  -7
15  -1
20  -9
22  6
19  3
16  7
20  -4
18  -4
16  10
23  -2
21  5
24  -1
22  3
22  4
20  -7
22  4
21  5
16  7
19  2
23  3
26  5
23  -1
20  -9
20  -3
25  2
26  5
22  3
23  3
22  4
24  7
19  9
20  -5
21  10
23  2
22  -1
20  -9
24  6
22  -1
20  -9
22  0
26  1
19  1
20  -11
20  -11
18  -10
20  -9
17  -5
23  -3
20  -9
22  5
15  0
23  -2
19  6
21  2
19  5
24  3
24  2
22  2
20  -6
24  -1
18  -4
23  0
20  -11
20  -3
26  4
24  2
23  -4
22  -1
20  -6
21  7
22  3
17  -8
24  1
20  -7
18  -4
22  4
21  2
22  5
25  9
25  9
24  1
18  -11
22  5
18  -3
24  1
20  -5
23  -4
