11  1
17  -5
8  0
15  -4
11  2
13  -1
12  -7
10  8
11  1
9  3
10  6
10  6
17  -5
12  -6
16  1
13  1
11  1
16  1
13  0
13  1
14  -4
13  1
14  -4
9  1
19  3
11  3
11  2
18  -3
15  -3
16  0
16  2
7  4
10  7
10  8
13  1
14  -5
9  1
9  3
15  -4
17  -4
14  -3
9  3
15  -3
13  0
15  -2
14  -3
9  2
9  1
13  1
14  -3
11  1
12  -8
13  0
13  0
14  -4
13  1
15  -4
5  -1
11  3
12  -8
14  -3
15  -3
11  2
18  -3
10  8
16  1
16  2
17  -4
17  -5
12  -7
10  7
17  -3
10  6
12  -7
13  -1
11  3
12  -8
6  0
12  -7
13  -1
13  -1
13  1
9  3
14  -4
10  8
16  1
9  1
14  -5
17  -5
8  1
12  -8
14  -3
13  -1
8  1
12  -6
9  1
16  1
10  7
14  -5
13  1
12  -8
10  8
12  -6
11  3
13  -1
13  1
10  6
14  -4
14  -3
11  3
13  1
11  3
13  -1
13  -1
10  7
18  -3
14  -5
11  3
15  -3
11  2
11  2
13  1
10  8
14  -3
13  0
14  -4
12  -7
11  1
13  1
12  -7
13  1
16  2
9  1
12  -7
15  -4
21  5
7  3
18  -4
13  1
14  -3
11  3
15  -4
12  -6
13  -1
10  8
9  2
11  2
15  -2
12  -7
12  -6
9  2
14  -4
11  1
15  -3
10  8
11  1
10  8
13  1
11  3
11  1
16  1
12  -8
9  1
12  -8
10  7
11  3
12  -6
16  0
7  4
12  -6
22  0
15  -3
10  6
13  -1
14  -4
14  -3
11  3
7  4
15  -2
17  -3
13  -1
14  -4
13  -1
14  -4
12  -7
15  -4
21  3
13  0
10  7
14  -4
13  1
16  0
13  1
17  -3
11  3
12  -7
14  -5
14  -4
11  1
12  -7
17  -5
13  0
14  -3
11  1
14  -3
9  3
10  7
11  2
13  -1
16  1
14  -4
12  -7
16  1
23  5
12  -6
15  -4
12  -7
15  -2
14  -3
18  -5
12  -6
10  6
12  -7
12  -8
14  -5
7  5
13  -1
11  1
13  1
11  2
12  -8
18  -4
18  -4
10  6
14  -4
19  2
11  2
12  -6
8  1
11  3
13  0
12  -7
13  1
15  -3
12  -8
16  0
14  -3
14  -5
15  -3
13  0
12  -6
18  -4
14  -4
10  7
11  1
16  0
11  1
13  0
8  0
10  6
16  0
16  1
13  -1
13  1
10  6
6  1
10  8
9  1
16  0
15  -4
14  -4
9  1
13  0
11  3
17  -5
8  0
14  -4
11  2
11  2
11  2
10  7
11  2
10  8
21  4
16  2
16  1
17  -5
17  -5
7  5
12  -8
9  1
13  1
13  1
12  -6
11  3
14  -5
13  1
12  -7
13  1
16  0
12  -8
17  -5
10  7
14  -5
8  1
12  -7
10  7
11  1
9  1
12  -6
11  3
14  -4
10  6
12  -6
12  -7
12  -6
10  6
12  -8
19  1
9  2
14  -4
13  -1
10  7
11  2
14  -3
14  -3
11  1
14  -5
14  -4
14  -4
12  -7
14  -4
6  2
10  8
21  5
14  -5
14  -3
16  2
8  0
16  0
16  0
12  -8
12  -7
9  3
12  -7
10  6
10  7
10  7
10  6
12  -6
12  -7
12  -8
14  -5
7  5
17  -3
14  -4
5  0
11  2
13  0
15  -2
10  6
14  -5
16  0
15  -4
13  -1
15  -4
9  2
21  3
14  -5
10  8
16  1
16  0
11  3
11  1
13  1
11  1
12  -8
14  -5
9  2
10  6
14  -4
17  -5
14  -4
11  1
16  1
10  7
13  1
16  2
6  2
12  -7
8  0
18  -5
13  -1
13  0
14  -3
14  -3
15  -2
12  -6
17  -5
8  1
11  1
12  -7
12  -7
10  7
11  1
14  -5
15  -3
15  -4
13  1
17  -4
14  -3
14  -5
13  -1
13  -1
13  -1
14  -4
12  -8
11  3
16  1
11  3
15  -4
15  -4
9  3
8  -1
8  0
12  -8
10  7
12  -6
15  -4
15  -3
13  1
15  -4
11  3
14  -4
10  8
15  -3
12  -8
8  1
12  -8
17  -4
15  -2
13  1
9  1
12  -7
14  -4
13  -1
8  -1
13  1
14  -3
13  0
9  2
14  -5
10  8
12  -6
15  -4
16  0
8  0
13  1
10  8
12  -8
10  6
11  3
15  -4
15  -4
17  -5
13  0
17  -5
14  -5
19  3
14  -5
15  -3
12  -8
10  8
11  3
7  4
14  -5
10  7
12  -6
11  1
17  -4
10  6
9  3
9  3
11  2
11  2
12  -8
11  2
9  1
13  1
14  -4
20  -8
11  1
11  1
12  -6
18  -5
16  1
13  -1
10  6
11  1
13  1
14  -5
10  6
10  8
7  5
19  2
13  0
11  3
12  -7
12  -6
9  1
12  -6
12  -7
6  1
11  3
16  2
8  -1
10  7
13  1
18  -3
14  -4
16  2
13  1
14  -5
9  2
10  8
14  -3
13  1
7  3
12  -6
11  3
16  0
11  2
12  -8
12  -8
14  -4
13  0
10  7
13  -1
12  -8
15  -2
5  0
9  3
10  7
17  -4
13  0
16  2
12  -6
16  0
14  -5
15  -2
17  -3
14  -4
9  3
12  -6
12  -8
12  -6
12  -7
9  3
11  3
19  2
15  -4
11  3
13  1
17  -5
9  3
13  1
10  7
15  -2
16  0
12  -6
12  -6
14  -4
15  -4
13  -1
6  2
13  0
9  1
17  -5
12  -7
15  -2
9  3
9  1
11  3
15  -3
14  -5
10  8
10  8
16  1
11  2
11  1
14  -3
11  1
13  0
10  7
10  6
6  1
11  3
15  -3
12  -8
8  1
10  7
12  -7
10  8
13  0
14  -4
14  -4
9  1
16  1
17  -5
17  -5
18  -4
16  2
9  3
15  -2
15  -2
8  0
10  6
12  -7
17  -3
14  -5
10  8
14  -3
12  -7
18  -4
14  -4
11  1
15  -2
13  -1
10  6
17  -3
13  1
15  -2
15  -2
12  -8
11  2
14  -5
8  -1
11  3
13  -1
7  4
19  3
8  -1
23  7
16  2
19  3
13  1
12  -8
14  -4
10  8
10  6
14  -3
9  3
15  -2
8  -1
21  3
14  -3
14  -3
15  -2
17  -5
10  6
13  -1
13  1
18  -5
10  6
14  -4
17  -3
14  -4
14  -5
10  8
9  1
16  2
9  3
12  -7
14  -5
11  2
12  -7
11  3
13  1
15  -3
9  2
13  -1
15  -3
7  4
9  3
10  6
12  -6
18  -3
13  -1
13  1
16  0
6  2
12  -6
17  -4
18  -4
8  -1
13  1
12  -8
13  0
10  8
12  -8
14  -5
13  1
11  3
14  -4
15  -4
9  2
15  -4
13  -1
13  -1
12  -7
7  3
7  3
17  -3
11  3
13  1
11  3
15  -3
10  7
10  8
12  -8
11  1
9  1
10  8
10  6
14  -3
18  -5
12  -6
11  2
19  3
13  0
16  1
14  -4
10  7
11  2
13  -1
17  -4
12  -8
11  2
13  1
16  1
9  2
14  -4
12  -6
8  0
11  1
11  3
9  2
8  -1
10  8
13  1
7  3
14  -4
11  2
15  -4
14  -5
10  6
16  2
19  2
19  3
16  2
7  5
10  7
12  -8
11  2
18  -3
22  2
14  -3
19  1
16  0
12  -8
14  -5
12  -7
16  1
14  -4
10  7
9  2
7  3
10  7
15  -3
16  2
14  -3
12  -8
12  -7
10  7
8  1
12  -7
16  1
10  6
14  -3
12  -7
16  1
9  1
11  2
14  -5
11  1
7  4
11  2
11  1
11  3
13  1
11  1
9  1
15  -4
14  -3
8  0
16  1
7  4
11  2
15  -4
16  2
9  3
13  1
5  -1
13  -1
12  -7
6  1
9  1
16  1
11  2
20  -7
11  2
10  8
13  -1
12  -6
11  2
13  0
13  1
11  3
11  1
10  6
11  2
9  1
10  8
15  -4
12  -8
15  -2
11  2
12  -7
17  -5
17  -4
10  6
12  -8
11  2
12  -8
11  1
13  1
12  -6
12  -8
13  1
14  -4
11  1
11  3
20  -6
10  8
7  3
13  0
15  -2
10  6
10  6
13  -1
19  2
12  -7
13  -1
13  -1
11  3
11  1
11  1
13  0
15  -4
10  7
11  3
13  0
13  0
13  1
9  3
9  1
17  -4
16  2
9  3
16  2
12  -7
18  -4
10  8
12  -8
16  2
10  8
12  -8
14  -4
12  -6
14  -4
12  -7
13  1
16  2
14  -3
13  -1
11  1
8  -1
9  2
18  -4
17  -5
17  -3
13  0
8  0
13  0
13  0
12  -7
7  3
14  -3
9  3
10  8
12  -6
15  -4
18  -5
16  1
9  3
10  8
14  -4
14  -4
10  8
12  -7
12  -6
15  -3
11  3
14  -4
16  0
13  1
11  2
13  0
12  -7
15  -4
9  3
16  0
12  -7
11  1
14  -4
6  0
12  -8
13  -1
14  -4
17  -5
11  2
17  -3
13  0
13  0
20  -6
17  -5
11  1
15  -4
13  0
13  -1
12  -7
16  0
10  7
9  1
11  1
13  0
13  0
16  2
10  6
12  -6
8  1
17  -5
10  6
17  -3
13  -1
9  1
10  6
11  3
10  8
10  6
12  -7
9  3
12  -6
8  0
14  -5
15  -3
10  7
12  -6
10  8
9  3
8  0
13  0
11  3
12  -7
9  3
11  1
14  -3
7  4
10  6
12  -7
10  6
12  -6
12  -6
12  -7
15  -2
7  4
8  1
7  4
16  0
14  -4
