13  -2
20  4
19  11
18  4
16  9
20  -1
17  4
22  1
19  7
16  8
18  9
19  2
19  9
13  -4
16  13
20  5
21  -1
18  4
19  3
19  8
16  11
18  3
17  0
19  7
18  1
18  12
21  6
19  6
16  7
16  9
17  10
14  10
15  -3
19  10
18  2
21  4
21  -6
19  6
17  8
11  0
19  4
19  6
16  7
18  4
18  7
15  2
18  6
18  8
15  -5
12  1
15  -5
22  3
16  12
21  0
20  2
20  7
18  5
18  7
10  0
20  9
18  7
18  1
15  -7
15  -1
16  11
18  9
17  -1
20  2
16  1
17  5
17  9
18  12
20  1
17  0
16  2
18  7
16  8
16  8
19  3
13  0
18  8
20  7
14  9
19  2
20  -1
19  11
13  -7
15  -6
18  4
17  5
12  2
20  6
14  5
18  8
19  -1
21  -1
16  13
17  -2
18  1
17  0
15  -2
16  7
14  4
20  7
20  -1
22  -1
18  1
20  -1
18  10
15  -1
17  5
17  9
21  -3
20  4
17  1
18  2
18  0
17  8
17  5
16  3
17  2
19  0
16  8
15  2
19  -1
15  -5
19  8
16  10
16  1
19  3
21  5
13  -11
15  -4
14  2
19  9
16  7
16  11
18  3
21  -3
21  -3
19  11
17  4
17  -2
20  4
19  7
17  1
19  9
20  -1
16  10
17  0
16  12
12  -4
17  8
18  8
16  6
20  5
16  8
14  10
18  9
17  8
19  1
19  7
16  10
21  0
17  0
16  12
18  4
19  4
19  -1
16  4
20  1
19  0
20  1
20  4
21  -3
17  -1
19  1
17  5
18  8
16  5
13  -1
21  -6
14  6
15  -6
17  1
16  2
14  7
15  -9
21  -5
13  -10
19  -1
19  6
16  5
20  0
18  9
15  -1
16  11
17  7
14  8
16  11
21  -5
18  11
20  5
21  0
16  5
19  10
15  -2
18  7
19  1
20  -2
19  10
16  10
19  5
18  6
19  5
17  4
19  10
19  8
16  2
16  12
18  4
18  2
19  4
21  2
18  4
18  9
15  -4
19  2
15  0
17  3
17  9
21  -6
19  9
17  0
17  3
16  9
16  10
13  -10
20  8
14  6
15  3
19  8
18  3
20  5
16  8
16  1
19  9
15  -3
21  0
15  -7
16  2
17  -1
18  3
19  -1
18  9
19  7
19  7
17  5
14  3
14  0
14  8
21  -6
17  0
17  7
18  9
19  6
19  0
19  6
20  4
18  2
18  3
15  -2
16  7
15  1
20  6
19  11
16  3
18  12
12  -7
12  2
19  9
14  8
15  2
18  6
20  7
21  -3
20  4
19  8
13  -1
19  11
13  -5
19  1
18  0
19  6
21  -3
20  10
21  5
18  7
12  -5
18  1
18  5
20  3
19  5
19  -1
15  1
19  10
19  0
16  9
17  6
15  -6
16  2
18  10
18  1
18  1
20  0
19  6
17  1
18  7
18  9
19  4
21  0
20  6
20  -2
21  0
22  4
17  -2
18  3
22  3
20  4
19  2
20  3
19  -1
18  10
17  -2
16  13
16  12
20  3
20  -2
17  4
22  11
16  11
21  3
19  9
18  10
20  8
18  5
18  9
20  5
22  2
18  5
17  5
18  11
19  10
21  4
17  -2
15  -3
15  -2
16  4
15  0
19  9
18  11
13  0
17  6
18  4
19  7
20  1
16  11
18  3
19  -1
17  -2
18  8
12  2
17  9
22  11
16  5
15  -7
14  0
17  8
18  10
16  10
17  0
20  3
18  3
18  6
20  10
20  -1
17  8
22  3
20  -1
18  0
21  -1
18  10
18  4
18  1
17  4
15  -1
16  7
19  3
20  8
20  1
19  -1
16  9
19  11
19  3
19  8
10  -5
17  3
13  -4
18  5
19  9
20  5
20  0
18  2
19  6
18  10
17  5
20  7
18  11
20  8
17  -1
15  -5
14  3
19  7
16  13
21  -3
20  7
18  10
16  12
18  1
19  5
17  -2
19  8
18  10
19  4
21  6
23  4
19  8
16  13
18  8
14  9
17  2
15  -2
14  -2
14  1
18  9
18  5
18  7
15  -2
18  4
16  7
16  4
19  10
18  4
17  3
17  -2
18  9
18  3
19  -1
20  1
18  6
21  -5
15  2
14  5
19  6
19  6
18  5
19  -1
19  5
15  2
20  7
21  -4
21  3
18  0
18  9
19  -1
18  12
15  -7
14  6
21  -4
17  4
18  0
17  9
17  3
18  12
12  -8
19  2
15  -9
17  2
19  11
17  3
15  -6
17  5
17  3
17  4
19  10
14  5
18  9
20  4
22  2
23  -2
21  -5
18  1
21  2
19  8
19  5
17  9
16  1
15  2
17  8
18  7
18  9
19  5
19  0
19  4
20  3
17  -2
17  7
17  0
19  -1
15  0
12  -5
18  2
17  -2
10  4
16  6
16  11
19  0
14  2
19  5
13  -12
17  7
18  6
21  0
18  10
18  6
16  12
19  -1
18  8
18  7
15  0
16  13
14  5
19  2
20  7
19  2
21  3
20  8
20  6
20  3
14  1
19  0
15  -5
17  -1
19  10
19  -1
18  2
20  0
16  6
19  6
20  4
19  -1
17  5
15  3
16  3
19  3
16  10
15  3
17  8
17  2
17  7
18  3
18  11
19  8
15  -9
15  -6
20  3
21  5
17  2
18  7
18  10
17  6
20  2
15  -5
21  0
17  7
21  -3
22  7
19  9
15  -6
15  -5
18  3
18  10
18  2
18  11
19  1
16  3
17  7
22  1
17  3
20  -1
21  2
15  -1
19  6
15  -8
16  8
14  3
20  10
16  2
18  12
13  -4
19  3
14  3
18  2
17  3
15  -3
16  8
18  2
18  8
19  5
17  5
14  1
16  11
15  -3
19  3
19  11
17  -1
21  0
18  1
18  12
17  6
17  6
18  9
17  2
21  -1
11  -2
13  0
18  5
18  2
15  -4
19  2
14  9
18  8
17  5
18  3
18  4
20  -2
16  4
16  6
17  8
15  0
14  -2
18  9
15  -3
20  7
18  8
21  4
18  5
16  10
18  12
20  9
16  4
21  -2
16  7
16  2
15  -1
18  4
17  7
19  1
16  13
14  10
22  6
19  7
16  10
19  8
16  12
19  7
18  7
18  3
19  -1
17  10
12  -4
18  6
18  7
20  10
14  5
19  2
21  -5
14  9
18  4
20  2
16  1
16  2
15  3
16  2
17  5
19  0
15  -6
20  6
19  11
19  2
21  4
17  2
21  3
16  5
19  1
17  9
19  3
17  3
18  7
18  9
14  6
22  3
18  3
18  3
15  2
19  6
15  -3
18  0
16  11
16  6
19  0
14  -2
16  11
21  -6
20  10
15  3
19  11
17  8
21  6
17  1
19  -1
22  1
20  -2
14  4
19  11
18  11
21  -2
20  10
18  6
17  6
20  10
19  3
17  5
18  3
21  -2
18  10
18  12
19  0
18  6
17  0
14  0
14  3
16  8
23  -5
18  10
20  0
18  7
20  5
18  0
14  0
19  8
17  0
18  2
19  2
16  8
19  2
14  3
22  5
18  4
17  2
18  5
14  2
13  -2
16  2
18  0
15  -2
16  3
16  5
18  10
17  -2
17  8
16  4
16  4
18  10
18  7
16  11
13  -6
16  11
16  5
16  12
19  6
17  5
15  -5
18  11
16  5
19  0
18  2
18  11
21  -4
21  -3
21  1
19  3
17  1
11  6
21  -1
18  3
19  4
19  7
12  -4
14  2
18  9
16  6
17  9
16  12
16  4
15  -4
16  7
17  9
15  1
19  0
16  6
18  2
20  -2
17  1
17  -1
14  0
21  0
16  11
15  1
15  -7
15  -2
17  4
20  8
20  -1
17  -1
16  8
19  10
20  10
17  4
22  6
17  9
19  11
19  6
22  9
19  5
15  3
18  9
13  -6
16  2
14  8
17  9
17  -2
19  9
18  6
19  8
16  10
19  2
21  -1
19  3
16  6
18  2
19  9
15  1
19  10
20  8
20  4
17  10
17  2
16  1
18  11
21  6
21  5
17  2
19  11
19  10
18  4
17  0
20  5
18  6
15  -4
23  -2
16  10
15  -4
15  -2
17  -2
19  9
17  -2
18  2
16  12
14  8
20  9
20  10
18  11
16  2
17  3
18  9
18  10
19  6
15  -3
18  10
22  6
17  3
13  -4
16  4
21  -1
19  9
17  10
15  -9
19  11
20  9
18  0
14  7
18  11
20  3
20  3
19  7
17  -1
16  9
18  3
19  8
15  -4
18  10
19  -1
17  3
15  0
19  8
21  -5
19  6
20  2
16  6
16  2
22  7
15  -9
17  0
18  4
17  -1
18  7
20  0
16  5
17  9
12  4
22  8
18  0
18  0
15  3
16  5
18  4
15  -2
15  2
18  4
16  7
21  3
17  5
16  8
14  8
20  1
15  -6
15  2
16  2
19  11
15  -5
17  5
17  10
17  0
19  9
16  4
19  3
14  5
16  13
20  10
19  5
15  -7
16  4
21  5
19  6
15  -8
18  9
19  8
16  3
19  4
16  12
22  0
20  1
13  -1
18  7
14  4
19  10
16  6
20  5
21  0
16  1
14  9
17  -1
19  2
17  3
17  5
14  8
17  7
14  2
18  4
