4  0
3  -4
4  1
2  -4
3  -4
4  1
5  6
2  -3
4  1
3  -3
5  7
5  6
4  -1
6  3
2  -2
4  0
2  -2
4  -1
4  1
4  -1
4  1
5  6
4  1
4  0
4  0
3  -3
3  -2
3  -4
3  -3
4  -1
5  8
4  0
4  -1
4  0
4  -1
3  -2
3  -4
2  -3
4  0
5  8
5  8
4  -1
1  0
4  0
3  -3
3  -3
6  2
7  5
4  1
2  -3
2  -3
3  -4
3  -2
3  -4
3  -3
4  -1
2  -3
3  -3
3  -3
1  0
5  7
5  7
3  -2
6  2
5  6
5  7
3  -3
3  -4
5  7
3  -3
5  7
1  0
3  -2
2  -4
3  -4
2  -3
6  2
4  -1
3  -4
3  -4
6  2
3  -2
4  0
3  -4
3  -2
5  8
5  6
5  8
2  -3
4  -1
4  -1
3  -4
4  -1
4  1
6  3
5  8
3  -4
5  7
4  1
2  -4
1  -1
5  6
3  -4
4  1
2  -2
2  -2
1  0
5  8
4  -1
5  6
2  -4
3  -2
3  -4
5  8
4  -1
3  -3
4  1
7  5
6  4
5  8
3  -4
6  2
3  -3
2  -4
5  8
2  -2
3  -2
3  -3
4  1
4  0
3  -2
3  -4
2  -2
5  8
4  1
2  -3
4  0
1  0
5  6
4  1
3  -4
2  -4
4  1
3  -4
2  -3
5  8
5  8
4  1
2  -4
2  -2
2  -4
5  7
4  1
3  -2
4  1
3  -2
5  6
4  0
3  -2
5  8
3  -2
3  -4
4  1
5  6
5  7
3  -3
3  -4
3  -2
3  -4
3  -3
2  -2
2  -3
2  -2
4  1
4  1
4  0
3  -2
2  -2
5  8
2  -2
5  7
4  0
2  -4
4  -1
3  -3
4  1
2  -4
3  -2
5  6
3  -2
5  6
2  -3
4  1
5  6
2  -3
5  6
4  0
2  -2
4  0
3  -3
3  -2
4  0
3  -3
5  7
2  -4
1  0
4  1
2  -2
3  -3
5  7
5  6
3  -2
5  6
3  -3
3  -2
4  1
5  7
4  -1
2  -3
4  -1
4  0
3  -4
4  -1
6  2
4  1
3  -4
4  1
4  0
3  -3
3  -2
3  -2
3  -2
3  -3
5  7
5  6
2  -2
6  3
5  8
4  1
1  0
3  -2
4  1
5  6
4  1
1  0
4  -1
4  1
6  2
2  -4
5  6
0  -7
2  -4
3  -4
6  2
4  -1
3  -2
3  -4
6  2
4  -1
4  1
4  1
4  1
5  8
3  -2
5  6
5  7
5  7
5  7
1  1
3  -3
1  1
4  -1
4  0
3  -2
3  -2
6  3
1  0
4  -1
4  1
5  7
3  -2
3  -2
3  -4
4  -1
3  -2
2  -2
4  0
3  -4
5  7
2  -4
3  -4
2  -3
4  0
4  0
2  -2
5  8
4  1
3  -2
4  1
5  7
4  0
3  -2
4  0
4  0
3  -2
3  -2
6  2
3  -2
2  -3
6  3
5  8
3  -2
2  -3
4  0
4  0
4  -1
5  8
3  -3
5  7
3  -4
5  7
3  -3
3  -3
6  3
4  0
3  -3
3  -2
5  6
4  1
4  1
3  -2
3  -2
4  1
5  8
5  8
2  -3
2  -3
4  0
4  0
4  1
2  -3
7  5
5  7
3  -3
5  8
6  2
5  7
3  -4
2  -2
4  -1
5  7
4  0
5  6
4  0
5  7
4  0
3  -3
3  -4
4  -1
2  -4
4  0
3  -3
6  2
5  6
5  7
5  6
5  6
5  6
6  2
4  0
2  -2
5  8
6  4
1  0
5  8
4  0
1  0
2  -2
5  7
3  -2
5  7
4  1
3  -4
3  -3
4  0
2  -4
2  -2
4  0
2  -2
5  8
3  -4
4  0
6  4
4  1
6  4
4  -1
5  8
4  -1
4  1
5  8
3  -3
4  -1
3  -3
4  0
3  -4
2  -3
3  -2
4  0
3  -3
2  -4
1  1
2  -3
2  -4
2  -4
6  2
4  -1
4  -1
3  -2
3  -4
3  -4
1  0
4  1
3  -3
4  1
4  0
5  8
4  0
3  -3
4  0
4  1
2  -3
4  1
4  1
3  -4
5  6
3  -4
4  1
5  6
3  -4
3  -4
3  -3
5  6
3  -4
2  -4
2  -2
4  -1
2  -4
5  8
3  -3
3  -3
5  7
3  -3
4  0
5  8
4  -1
4  1
5  6
3  -4
4  0
4  1
5  7
4  -1
3  -3
2  -4
4  1
2  -2
4  0
5  7
1  1
3  -3
4  -1
4  -1
2  -4
4  -1
3  -2
5  7
4  1
4  1
4  -1
5  7
4  1
4  1
5  7
4  -1
3  -3
2  -4
4  0
2  -3
2  -4
4  1
1  1
2  -3
2  -2
5  8
4  0
1  1
3  -2
4  0
3  -3
2  -3
4  1
3  -3
2  -3
6  4
4  1
4  -1
4  -1
4  -1
3  -3
4  0
2  -2
4  0
5  7
2  -3
3  -2
3  -3
4  -1
3  -4
3  -4
4  1
2  -4
5  8
3  -2
5  6
5  7
6  2
5  8
3  -4
4  1
4  0
1  1
4  0
3  -3
3  -2
2  -3
5  6
5  6
4  1
3  -3
2  -3
4  -1
4  1
3  -4
5  6
3  -3
2  -4
2  -2
4  0
4  1
4  0
4  1
2  -2
3  -3
3  -3
5  6
5  7
3  -3
3  -4
5  8
4  0
3  -4
4  -1
5  8
1  1
4  1
3  -2
3  -4
0  -7
4  -1
3  -4
4  0
2  -4
3  -4
5  7
5  8
4  1
3  -2
3  -4
4  -1
4  0
3  -2
5  8
3  -4
3  -4
6  4
2  -4
5  8
5  8
4  0
4  -1
5  8
2  -4
4  1
2  -3
5  8
4  1
2  -4
2  -2
2  -3
6  4
4  1
5  7
3  -3
4  1
3  -4
5  6
5  6
3  -2
1  -1
3  -2
3  -2
7  6
5  7
3  -4
5  8
4  1
3  -3
3  -2
3  -2
3  -4
7  7
2  -2
5  6
3  -4
4  1
1  -1
3  -4
4  1
6  3
4  0
2  -4
5  7
5  6
2  -2
4  -1
3  -4
3  -2
4  1
5  7
5  6
1  1
5  7
4  0
4  1
3  -3
5  6
1  1
3  -2
3  -4
4  -1
3  -4
5  6
1  1
4  1
2  -3
1  0
3  -3
5  8
7  6
1  1
3  -3
5  7
5  8
3  -4
4  0
4  -1
3  -4
3  -2
2  -4
2  -2
3  -3
5  6
5  8
4  0
3  -4
3  -3
5  7
4  -1
2  -2
4  0
2  -2
3  -3
3  -3
4  0
4  1
1  -1
2  -2
5  6
3  -4
3  -3
3  -4
5  7
4  0
3  -3
1  0
2  -2
3  -3
3  -4
5  7
3  -4
3  -4
4  1
2  -4
3  -2
4  1
3  -2
6  2
2  -3
3  -2
3  -4
5  7
5  6
3  -2
4  1
3  -4
6  2
2  -4
1  1
6  3
4  1
3  -2
5  7
3  -2
1  1
3  -2
3  -3
3  -4
4  0
4  -1
3  -4
6  3
3  -3
3  -3
6  4
3  -3
3  -2
3  -2
3  -4
5  7
4  1
7  5
2  -2
4  -1
5  8
2  -3
3  -4
6  2
4  1
4  -1
5  8
3  -4
4  -1
5  7
2  -4
5  7
3  -4
5  8
3  -2
1  1
3  -2
2  -2
3  -2
7  5
4  -1
4  1
2  -2
4  1
2  -2
3  -4
2  -4
5  8
4  -1
5  6
3  -4
5  7
5  8
5  7
5  7
1  0
3  -2
2  -4
2  -3
5  6
2  -2
2  -3
3  -4
5  6
6  3
4  -1
5  6
4  1
4  0
3  -2
4  0
4  -1
4  0
5  7
3  -3
3  -2
2  -4
4  -1
5  6
3  -3
3  -4
4  0
4  -1
5  7
6  3
4  0
3  -2
6  4
4  1
4  1
4  0
4  -1
4  0
4  -1
3  -2
3  -3
3  -4
3  -2
3  -3
3  -2
3  -4
2  -2
4  0
4  0
1  0
3  -3
3  -4
3  -3
4  1
4  0
2  -2
3  -2
5  8
4  0
5  8
3  -2
4  1
4  0
3  -4
4  -1
4  -1
2  -2
4  1
1  0
1  -1
4  0
4  1
3  -2
3  -4
4  0
2  -4
3  -2
5  7
2  -2
3  -3
4  0
4  -1
5  7
3  -3
4  0
5  7
3  -2
4  1
1  -1
3  -3
2  -3
3  -3
5  6
3  -2
1  1
4  -1
3  -3
4  1
4  1
3  -3
2  -3
4  0
4  1
5  8
1  -1
3  -3
3  -3
3  -2
3  -3
3  -3
3  -3
2  -2
2  -3
4  -1
1  0
3  -4
5  7
4  0
5  6
2  -2
3  -3
5  8
4  1
4  1
5  7
3  -4
5  6
4  1
7  6
4  -1
4  0
3  -3
1  1
2  -3
3  -4
3  -4
3  -2
3  -2
4  -1
0  -7
3  -3
4  -1
5  8
3  -3
2  -2
4  1
2  -2
2  -3
5  8
3  -2
2  -4
5  8
4  0
5  6
3  -2
6  2
3  -3
5  8
5  7
3  -3
4  1
3  -4
3  -4
7  6
3  -4
4  1
4  1
6  3
6  4
6  4
3  -3
2  -4
4  0
5  7
4  -1
4  1
5  6
4  1
3  -4
6  2
2  -3
5  8
5  7
2  -3
5  6
3  -2
2  -2
5  8
2  -2
6  4
4  0
5  7
4  0
3  -2
5  7
3  -2
5  6
2  -4
6  3
3  -2
1  0
4  -1
3  -4
4  1
3  -3
5  8
3  -2
4  -1
4  -1
3  -2
4  0
4  1
3  -3
3  -2
3  -3
4  1
2  -3
4  1
7  6
3  -4
3  -4
3  -4
