20  1
18  6
23  2
21  -3
19  8
19  0
21  -2
16  2
23  1
18  0
15  -7
20  2
17  3
21  -6
21  1
18  5
15  0
16  0
20  -6
20  2
24  -2
22  8
18  -1
19  -4
21  1
18  7
20  -4
19  -1
23  1
19  7
18  6
24  -1
21  -2
23  3
19  -4
19  6
19  7
22  10
18  -1
22  3
17  4
20  -4
16  -4
21  -3
16  -2
18  -4
21  -1
22  7
19  2
17  2
16  5
18  6
19  2
16  3
20  -6
21  0
20  -3
20  -3
25  -3
22  3
20  -2
16  5
20  -2
17  6
14  6
24  -1
15  -4
17  1
15  3
20  -7
21  4
20  -7
17  3
16  -3
17  4
16  -5
21  3
20  0
20  3
21  -5
18  0
18  -4
18  8
18  -2
18  -2
22  3
21  5
18  -4
15  0
15  -7
13  -1
19  -3
19  3
20  5
24  -2
19  7
21  4
21  3
17  1
19  8
17  -3
13  -1
20  3
16  -2
18  3
21  -4
16  3
18  -3
22  4
22  9
19  -1
20  -3
15  -6
20  -5
19  6
19  -3
21  5
18  6
23  4
18  7
18  -3
19  8
23  10
19  5
18  5
19  -4
18  2
19  7
21  -3
18  7
22  7
16  -5
15  1
23  0
19  -3
17  8
24  3
22  3
23  6
16  2
18  8
15  3
17  1
20  -1
21  5
20  -1
18  5
22  10
16  -4
20  -6
23  5
13  -6
21  -5
17  -2
16  -6
16  0
19  6
18  -4
20  -6
20  0
17  -1
20  2
21  4
18  4
21  -2
21  0
20  -4
20  1
20  -1
25  -3
22  12
15  3
14  5
17  -1
15  1
19  1
23  10
21  4
18  8
17  5
20  0
21  6
19  5
22  10
19  3
21  -6
21  2
23  3
20  -3
21  -3
22  4
14  -2
23  7
21  -3
20  3
17  1
17  6
22  9
22  4
25  -10
25  -7
13  -7
18  8
17  6
21  0
21  -4
17  -2
20  3
18  -3
23  3
21  -6
20  -5
20  -5
23  5
19  6
21  4
23  2
20  -5
17  -4
23  -1
17  -4
16  5
22  3
18  2
24  2
17  -3
16  -2
24  1
21  4
17  -1
21  5
21  3
19  4
23  2
18  1
15  -2
19  -2
25  -5
18  8
21  3
15  -9
19  7
17  8
25  -5
15  0
16  -2
18  5
19  -2
15  -1
17  5
20  -3
18  7
21  1
18  7
17  5
20  4
19  8
21  4
18  1
13  -3
19  5
18  -1
19  -4
17  0
23  1
19  4
14  0
22  3
18  -4
21  -4
18  -1
21  5
17  4
19  8
25  -9
20  4
14  5
18  8
17  6
17  -1
17  5
14  5
18  3
21  0
19  0
21  1
18  6
23  -1
15  0
16  -4
20  5
20  4
16  1
19  8
19  -4
20  -5
18  3
18  3
15  -7
17  7
19  0
18  0
26  8
20  -2
16  -2
19  -2
16  4
20  4
15  3
14  3
20  0
19  4
22  5
18  -3
24  -3
19  3
21  4
17  -1
18  -3
16  3
21  -1
16  -1
21  4
23  0
23  10
22  6
19  -4
23  -1
16  2
19  6
19  7
20  -3
22  8
19  2
21  0
19  2
19  -3
18  5
17  4
20  -1
22  2
18  4
19  -1
17  -2
20  -5
21  -3
20  -4
19  2
17  3
17  6
18  -2
17  5
22  5
21  6
16  4
14  2
19  0
17  6
19  4
22  2
18  7
24  0
21  2
22  5
9  -2
16  2
19  5
14  3
21  4
17  5
19  6
22  1
16  -4
20  -3
21  6
17  7
20  -3
17  5
19  -1
24  4
21  -4
26  6
19  5
19  6
19  -2
22  2
18  6
17  2
18  7
21  5
18  7
21  -6
23  8
18  6
19  5
15  -5
17  5
14  -4
13  -1
19  3
18  4
20  -3
14  7
25  -8
19  0
18  6
20  2
18  3
18  3
16  -7
21  -5
22  3
16  -3
20  -1
18  -1
17  3
21  3
16  3
13  4
17  -1
13  4
19  -3
14  2
23  10
19  6
21  -5
20  2
19  0
21  6
19  8
20  2
16  5
21  0
21  -5
21  0
25  1
18  -2
17  0
17  3
21  6
20  -4
19  0
16  -1
24  -1
19  -2
19  7
16  5
21  3
21  -6
18  1
22  6
18  3
18  -2
13  -4
19  -4
21  5
16  -6
18  2
20  -1
16  5
19  4
18  6
17  -4
21  -1
20  -7
17  5
16  5
19  -2
17  3
17  -3
20  -3
15  -4
19  -3
25  -1
18  8
19  1
19  6
15  -1
21  -6
16  -7
15  -9
20  4
20  3
18  0
15  -4
15  -8
17  5
18  -3
18  5
24  9
17  7
20  2
14  -3
20  -6
19  1
16  -1
22  3
14  -1
10  4
23  10
20  -2
19  1
21  -3
16  4
17  -4
18  4
19  3
13  -3
26  9
21  5
20  3
21  -6
21  -1
17  3
20  5
14  4
19  7
21  -2
17  4
23  7
21  3
20  1
12  -1
14  4
22  3
19  0
21  -6
25  -11
16  -3
21  -1
17  -2
19  5
19  -2
16  -2
21  -5
19  5
23  1
11  -2
19  2
19  -4
24  -2
18  -2
23  8
22  6
15  1
20  1
21  1
12  -5
17  3
22  9
21  0
20  5
17  4
21  -3
21  -3
19  4
19  0
17  1
20  -7
17  8
23  4
21  4
22  10
26  1
18  6
17  -4
18  8
19  8
21  -2
16  0
22  6
16  -3
24  1
18  -4
18  0
24  0
21  -5
22  6
24  8
22  1
18  3
15  2
25  0
17  3
17  8
18  -4
22  8
17  6
17  -1
20  -2
18  -2
14  4
15  0
21  -6
22  5
20  -2
20  -7
29  -4
17  0
18  3
17  -4
17  0
22  8
16  -2
18  -1
18  7
14  -2
21  -3
18  1
16  -1
19  -2
20  -3
17  0
22  3
22  6
19  -3
19  8
19  -2
17  2
17  7
17  4
22  7
14  1
18  1
20  0
20  4
21  -5
18  -4
23  1
18  -4
20  -6
18  3
18  -1
25  -2
24  -2
18  8
21  5
13  -6
18  3
18  0
24  5
22  10
18  6
20  1
15  -4
21  1
19  0
19  7
20  -7
22  3
19  2
17  4
21  6
20  -6
18  -4
21  4
20  -3
15  -1
20  -1
20  -5
23  3
18  -1
19  1
22  1
17  -4
19  4
22  10
24  -1
16  -4
20  4
19  0
18  4
22  7
15  2
18  -1
23  -1
19  6
18  6
19  8
18  -3
23  9
15  -2
15  -9
16  3
17  8
16  3
22  8
21  5
20  -2
19  2
23  10
24  5
17  -4
21  6
18  -3
22  9
19  2
22  10
18  7
22  13
23  3
17  1
14  0
15  -7
17  -3
18  -2
17  3
20  -2
20  4
18  4
21  -2
22  10
20  -3
20  -1
17  6
21  -3
18  -1
23  2
20  0
19  1
19  -4
18  -1
15  1
20  -2
20  -6
17  3
20  -2
20  3
19  -3
20  -5
21  -6
21  -3
17  5
20  0
16  -7
21  -1
24  6
21  -4
18  -4
22  12
20  1
22  11
16  -1
17  -2
20  2
21  0
22  13
17  2
19  1
23  0
19  4
18  2
18  2
18  -2
21  -5
21  2
19  4
21  -2
23  1
19  -1
17  7
15  -3
20  -5
16  -4
19  4
19  0
23  10
22  13
17  6
19  -4
23  9
20  -5
21  3
13  -6
12  -3
19  -1
14  -1
22  11
20  1
22  2
19  0
20  -6
21  -2
19  -4
14  0
21  -5
22  8
18  0
21  5
18  -1
22  11
18  7
19  4
23  7
18  1
16  -5
19  6
18  6
22  7
19  -4
21  -5
20  -4
22  3
22  13
16  3
15  2
22  1
19  5
25  0
21  -1
14  4
13  -1
18  7
19  -4
17  1
21  4
22  3
18  3
20  0
22  11
21  0
20  -2
19  1
15  -1
20  -5
19  5
17  -4
16  -1
16  -1
22  6
19  1
21  -3
12  -5
22  9
18  2
15  -5
24  1
17  6
23  1
19  -4
16  3
13  -1
17  5
24  6
16  -2
17  1
24  -2
19  -2
20  -6
22  10
14  -2
18  2
18  0
16  -5
21  1
15  -8
18  0
18  8
19  8
21  -3
20  3
19  0
17  7
20  -7
22  12
20  3
16  -6
21  0
19  6
16  4
21  3
23  6
17  -4
20  5
14  6
15  -6
14  4
19  -1
19  -2
20  -3
21  -3
19  5
19  5
21  -4
19  -3
19  2
21  1
22  13
16  0
21  -6
19  0
22  12
17  5
17  7
18  5
21  6
22  9
19  7
19  -2
17  -2
16  -3
21  1
20  4
16  -5
21  -3
19  8
15  -7
22  8
20  -5
25  -9
21  6
24  -1
18  0
15  -4
18  7
19  -4
20  -1
19  1
19  -1
22  3
17  -2
20  -4
15  2
24  6
20  3
20  -4
15  3
15  3
26  10
20  -1
19  6
15  -3
20  1
20  5
21  -2
23  3
20  -7
24  -1
22  6
16  -3
18  7
22  1
17  8
17  1
18  1
20  -7
20  -3
18  -3
17  8
17  -1
16  -5
20  0
16  -6
17  6
21  4
13  1
23  8
22  4
22  9
20  0
16  -1
21  -6
17  1
19  0
18  3
21  -1
16  -4
16  1
20  5
22  6
21  -4
24  4
20  -7
21  1
18  -1
14  -1
20  -4
24  -2
22  2
19  -4
21  3
19  4
19  8
21  3
19  2
15  -6
19  -4
17  5
17  8
19  1
18  -1
23  11
16  3
22  7
12  5
22  4
24  1
17  0
19  4
16  1
