17  5
16  3
14  -8
17  3
12  4
19  -3
14  -7
15  -5
12  8
18  1
13  -1
15  -2
15  -5
12  5
15  -6
14  -3
14  -5
15  -4
12  3
14  -8
17  5
16  2
17  4
12  7
17  2
15  -1
16  1
17  4
17  5
12  2
18  4
15  -3
16  4
14  -7
16  -1
13  -5
13  -4
14  -3
17  6
11  0
11  -2
18  2
16  3
16  -2
14  -3
11  -2
14  -8
15  -2
12  2
16  1
13  -5
17  3
16  -1
17  1
14  -5
15  -5
13  -1
16  -1
13  1
13  0
15  -1
14  -2
19  -1
14  -7
16  3
16  -2
15  -7
16  2
12  2
14  -4
16  4
16  3
17  3
12  3
12  3
12  5
16  4
17  6
14  -5
17  5
18  1
16  4
17  6
15  -5
16  2
15  -5
16  0
17  4
11  1
12  2
17  4
15  -6
15  -1
14  -6
14  -5
11  -2
16  0
18  3
15  -1
18  2
14  -4
14  -8
16  1
14  -2
17  4
17  3
14  -3
16  -1
12  3
14  -3
16  4
14  -8
13  0
15  -4
16  1
12  3
16  -2
15  -7
15  -6
10  -6
18  5
14  -2
17  6
15  -2
18  2
16  3
16  0
17  0
15  -3
17  3
14  -3
13  -3
14  -8
14  -8
14  -8
16  3
14  -2
12  6
13  0
15  -7
8  -4
17  2
18  3
16  4
16  3
12  8
17  1
15  -1
17  2
17  1
17  1
15  -3
18  1
13  -1
14  -5
15  -7
15  -6
13  -5
14  -8
14  -8
16  1
12  2
12  6
13  -3
12  7
15  -6
18  3
14  -3
15  -1
14  -4
13  1
17  6
16  1
13  1
15  -1
17  3
16  2
16  -2
17  2
13  -5
16  4
12  2
16  4
14  -8
13  1
16  4
18  6
16  1
14  -2
15  -4
11  0
14  -2
13  -4
17  0
13  -4
13  -5
15  -5
10  -6
14  -4
18  1
16  -2
13  -3
15  -3
17  3
18  1
16  3
14  -2
15  -3
14  -3
14  -2
13  -3
10  -3
15  -5
17  2
15  -1
14  -6
15  -6
14  -8
16  -2
13  0
16  0
12  7
18  1
15  -1
19  -1
15  -5
16  2
14  -8
16  -1
14  -3
10  0
16  -1
17  0
16  3
18  4
15  -4
19  -3
14  -7
17  3
15  -2
15  -7
18  6
17  1
15  -6
17  2
14  -5
17  2
16  2
15  -2
12  3
15  -6
17  2
17  3
15  -3
13  0
17  3
14  -5
15  -2
14  -7
13  -5
14  -4
16  3
15  -7
14  -6
19  -3
13  1
14  -4
11  1
15  -5
15  -3
15  -3
17  0
16  2
17  2
17  4
15  -7
15  -6
16  2
15  -2
15  -6
15  -5
15  -3
17  1
15  -7
11  3
16  -1
18  1
13  1
18  2
19  -1
14  -6
13  -5
12  3
11  -3
11  0
16  3
15  -1
18  0
13  -1
15  -3
12  6
16  4
14  -2
12  5
13  -4
17  1
13  -1
16  2
14  -5
13  1
14  -5
16  3
13  -5
16  4
12  7
16  0
13  1
12  5
15  -3
15  -1
15  -7
16  -1
15  -6
11  -1
12  3
15  -4
15  -1
12  8
15  -7
17  0
15  -3
13  -3
16  2
14  -6
12  7
14  -6
15  -6
13  -1
14  -7
16  1
16  4
14  -4
17  5
16  1
20  -1
14  -7
17  0
15  -1
16  2
13  1
17  2
16  4
15  -2
15  -4
15  -3
16  4
16  3
13  -2
16  3
17  0
17  1
17  0
16  2
16  -1
14  -3
15  -1
15  -6
14  -7
13  -3
17  0
16  3
16  -2
15  -5
16  1
11  1
11  -3
10  -1
14  -3
16  -1
16  -2
15  -7
14  -8
16  -1
16  -1
11  0
14  -7
13  -3
14  -5
17  6
15  -7
14  -3
16  4
14  -2
15  -3
15  -5
14  -8
15  -6
15  -7
14  -4
17  5
17  5
19  0
15  -7
17  1
14  -7
14  -5
12  7
17  5
13  -1
13  -5
15  -5
16  -1
15  -3
14  -5
16  1
18  3
13  -2
15  -7
14  -2
19  1
13  -2
15  -5
17  6
12  3
12  7
12  2
15  -6
14  -2
17  2
14  -4
15  -6
13  -5
15  -7
15  -3
16  3
18  3
15  -5
12  4
13  -1
14  -4
14  -3
18  5
16  -2
12  5
15  -1
16  3
17  2
12  4
15  -6
14  -6
16  1
16  3
14  -8
13  1
18  6
12  2
13  -1
17  4
16  0
15  -5
14  -6
16  4
17  5
11  2
14  -3
16  -1
15  -3
17  4
12  8
15  -3
16  3
16  -2
15  -5
16  -2
15  -3
14  -8
15  -7
17  4
15  -7
14  -8
13  -3
13  1
16  1
12  6
16  -1
14  -6
14  -6
16  1
16  1
13  -5
17  2
14  -2
13  -4
16  2
16  -1
17  0
13  1
16  3
13  0
11  -3
16  -2
12  4
12  2
14  -6
18  6
14  -2
13  -1
17  1
15  -6
19  1
15  -6
17  6
12  8
15  -3
15  -1
15  -5
18  5
13  -1
10  -3
13  -1
13  -3
14  -3
17  1
17  3
18  6
16  1
10  -3
17  4
15  -6
15  -4
17  6
12  7
14  -3
15  -5
14  -6
14  -7
13  -5
15  -5
13  -1
13  -5
19  -4
15  -3
17  4
15  -1
14  -8
17  4
14  -5
13  1
17  3
16  4
15  -5
12  7
12  6
19  -4
12  8
13  1
17  2
17  5
19  -4
16  0
12  6
16  4
16  4
15  -7
12  4
15  -2
17  4
15  -4
16  1
13  -3
15  -3
17  1
14  -5
13  -2
13  -3
16  1
16  2
16  1
16  2
11  2
16  -2
16  2
14  -4
14  -6
18  1
15  -7
15  -6
15  -7
16  3
17  0
16  4
15  -2
19  -4
12  2
15  -5
14  -8
13  0
14  -2
14  -8
13  -3
16  0
13  -4
15  -4
15  -5
15  -3
12  8
15  -2
15  -3
14  -4
14  -8
19  1
16  3
17  2
13  0
14  -4
13  -1
15  -7
13  0
13  -4
15  -1
17  3
15  -6
16  1
15  -6
16  -1
14  -4
17  6
12  4
13  0
15  -7
16  1
13  -5
13  -2
15  -1
15  -7
14  -8
12  8
16  3
15  -3
16  4
19  -2
17  3
14  -2
16  2
13  -2
12  8
17  4
14  -8
16  4
12  7
18  4
16  0
14  -2
15  -4
16  4
17  2
15  -3
15  -3
15  -6
16  -2
14  -2
16  1
13  -3
18  6
14  -4
17  2
17  0
15  -2
18  2
14  -2
14  -4
13  0
14  -4
16  4
15  -5
18  3
13  -5
13  -3
15  -6
14  -6
10  -6
15  -3
15  -6
13  -3
13  0
13  -5
18  4
14  -7
16  0
19  -3
17  0
16  1
15  -1
15  -3
13  0
16  4
13  0
13  -5
14  -6
14  -2
14  -8
14  -6
16  -2
14  -3
15  -2
18  3
19  0
16  -1
14  -3
15  -5
16  0
12  8
10  -3
16  0
16  4
17  0
17  2
17  5
15  -4
16  1
12  7
11  1
16  4
17  2
16  -2
13  1
14  -2
13  -1
15  -2
15  -1
15  -4
14  -3
14  -2
15  -3
14  -5
16  -1
14  -6
18  3
15  -1
16  0
15  -3
12  5
16  -1
13  -2
17  4
17  2
14  -3
15  -3
14  -8
14  -8
16  3
16  -2
14  -3
12  6
14  -2
16  -1
14  -6
15  -3
14  -3
15  -6
13  -3
16  -1
14  -6
16  1
16  -2
16  4
17  2
18  6
18  6
19  -2
18  0
17  1
8  -2
16  0
18  3
15  -3
15  -5
12  3
16  0
15  -2
13  -1
13  1
16  3
13  -5
16  -2
11  -3
14  -5
16  -1
16  -2
11  3
19  -1
18  4
18  1
17  4
15  -4
14  -7
19  -1
18  4
14  -4
15  -2
14  -8
14  -5
16  -2
15  -6
17  0
11  0
15  -6
12  7
15  -7
10  -1
19  -4
16  4
13  0
14  -3
16  -2
15  -3
13  -2
18  2
15  -1
17  6
15  -3
18  4
15  -2
12  3
16  2
13  -3
15  -2
17  3
18  6
11  -2
14  -5
14  -6
17  4
17  2
14  -6
14  -4
13  0
12  2
14  -5
13  -1
18  1
10  -1
16  -1
15  -6
14  -2
10  -1
14  -2
17  2
13  -3
16  2
17  4
15  -2
17  0
15  -7
13  -3
15  -7
19  -1
17  3
18  3
14  -5
17  1
13  -2
12  7
12  3
13  0
17  1
15  -2
15  -5
14  -2
16  -2
13  -3
11  -2
17  5
13  1
16  4
10  -2
15  -6
11  0
15  -4
13  -1
15  -7
14  -4
18  0
18  0
18  2
13  -2
16  1
16  2
15  -6
13  1
14  -6
15  -1
14  -6
15  -6
16  4
17  4
15  -3
12  6
13  0
16  2
15  -2
15  -7
16  -2
13  -5
15  -1
16  -1
18  1
13  -4
15  -4
12  3
15  -2
15  -3
13  -1
14  -4
17  1
15  -6
16  1
11  1
15  -5
17  5
15  -6
13  -5
14  -3
17  0
15  -6
15  -4
16  -1
16  -2
16  3
16  3
15  -4
14  -5
15  -6
13  -3
12  6
13  1
15  -4
16  4
19  1
14  -6
17  0
17  4
13  -1
14  -7
16  0
14  -7
14  -8
16  -2
17  6
9  -9
13  -4
16  0
13  -1
13  -3
18  6
16  -2
11  -3
13  0
16  2
15  -6
17  4
14  -4
16  -2
14  -3
13  -2
12  4
13  -2
15  -3
17  1
12  7
14  -5
14  -8
12  4
17  6
18  2
14  -8
15  -5
16  4
12  5
15  -5
12  8
15  -5
13  -5
14  -5
17  6
11  -3
16  1
16  4
18  4
15  -3
17  0
14  -4
15  -5
13  0
17  2
16  1
13  -1
17  2
16  1
11  2
