26  -7
24  3
20  -4
26  -9
23  7
27  1
21  4
24  3
19  -3
22  2
19  -7
26  -10
16  4
24  2
22  4
23  9
25  -1
28  -1
22  -1
20  -3
24  3
21  3
23  5
24  0
25  2
24  2
25  4
23  7
27  3
19  -3
22  2
30  3
22  1
19  -5
29  -2
23  4
24  0
23  4
22  -1
26  -6
28  2
23  9
23  9
22  4
22  1
25  0
24  1
24  0
22  0
25  4
24  1
26  -9
19  -3
18  0
27  2
26  -9
23  5
25  5
25  1
26  -5
23  5
20  -8
23  7
24  3
24  2
27  3
25  4
22  4
26  -8
28  0
29  -2
24  -1
22  -2
21  7
17  6
23  9
22  2
26  -10
25  1
22  -1
22  1
26  -6
26  -6
23  6
24  3
21  2
23  5
23  8
23  9
25  4
24  1
28  -1
25  0
27  3
26  -7
19  -2
23  10
24  1
25  5
23  8
22  2
27  1
28  -2
29  -2
21  1
26  -10
26  -5
22  0
17  6
24  2
25  1
23  8
25  3
24  0
25  2
20  -5
25  3
27  6
23  10
25  3
24  0
22  0
24  0
24  4
29  -2
23  6
20  -3
25  3
21  5
21  3
25  0
25  0
25  2
15  4
23  9
23  8
25  5
29  -1
24  3
23  6
24  -2
24  -2
21  2
20  -9
22  -1
25  4
24  3
24  1
17  2
19  -4
24  -1
31  3
26  -8
21  4
17  4
25  3
23  5
20  -8
24  0
26  -10
24  -2
23  4
22  2
25  3
22  -1
23  5
27  0
26  -9
22  4
28  3
21  4
26  -9
20  -3
27  2
22  1
28  -1
24  0
26  -10
23  7
21  4
21  7
22  2
26  -10
23  4
18  3
23  5
25  2
25  0
19  -7
24  -1
22  -1
27  6
22  -2
20  -3
27  5
20  -3
23  10
21  4
24  4
27  3
20  -3
26  -9
24  -1
24  0
19  -2
22  0
23  9
21  6
23  5
23  8
22  3
22  2
19  -7
26  -9
26  -5
23  5
24  0
23  7
27  2
25  -1
25  -1
22  1
24  0
21  2
24  1
24  2
21  3
23  6
26  -10
23  9
24  -1
20  -9
23  5
26  -8
22  2
22  0
20  -8
17  7
24  -2
27  2
24  -2
26  -5
21  1
28  3
16  10
26  -8
23  7
24  2
22  3
24  2
25  1
28  2
25  5
26  -9
21  3
26  -10
22  -2
23  8
23  5
24  -2
19  -6
18  4
18  2
18  5
23  5
21  1
25  1
29  -2
22  3
29  -2
26  -10
25  1
21  4
24  -1
22  0
23  7
22  -2
24  4
24  -1
18  6
27  4
28  2
24  1
22  1
22  0
23  9
22  3
23  4
26  -5
22  0
28  3
23  5
20  -6
17  2
20  -3
23  6
26  -4
23  6
23  10
24  2
22  4
23  7
27  5
26  -4
20  -3
25  3
22  3
26  -9
23  7
26  -8
25  5
24  0
22  3
22  4
24  3
21  6
25  0
27  4
21  2
31  3
22  -2
23  9
23  4
23  8
24  3
21  5
19  -8
24  4
23  9
24  0
21  3
23  4
21  3
24  4
21  1
26  -8
24  0
25  5
25  5
23  10
26  -8
26  -9
26  -10
20  -4
24  0
26  -4
22  4
22  3
27  2
23  4
24  -1
26  -4
21  6
21  2
22  0
20  -3
23  5
21  5
27  0
27  3
24  2
28  4
24  3
23  8
20  -5
24  0
25  4
22  3
24  1
23  8
24  4
18  4
24  1
24  0
25  5
22  -1
23  4
21  7
24  4
24  3
22  4
26  -8
23  5
20  -3
23  5
20  -7
24  2
26  -5
30  2
23  9
22  0
23  9
20  -7
25  3
25  1
29  -2
19  -5
22  1
25  4
29  -5
25  3
24  -2
26  -10
22  1
27  0
25  2
26  -9
25  3
16  10
22  -1
26  -7
23  8
24  4
25  3
26  -7
23  10
28  0
27  6
22  3
23  6
22  -2
25  -1
21  4
24  2
29  -1
22  -1
20  -9
19  -2
23  5
21  1
19  -4
21  2
21  1
24  4
24  2
23  8
19  -7
23  4
20  -5
25  1
25  5
23  10
20  -5
22  2
25  -1
22  -1
21  4
24  -2
23  7
18  2
22  2
22  -1
25  0
24  -1
21  7
27  6
25  5
21  2
23  5
27  5
23  4
22  -2
23  6
25  3
27  3
23  8
23  9
25  -1
25  0
22  0
24  3
23  4
23  10
17  7
28  -2
24  4
25  1
22  0
24  0
23  7
21  2
28  2
19  -7
25  -1
23  10
22  0
24  -1
25  -1
27  6
26  -8
20  -8
23  7
20  -6
18  2
23  5
29  0
28  4
23  6
26  -5
25  0
28  2
26  -10
28  0
18  0
21  3
20  -6
25  -1
26  -5
20  -9
22  -2
22  1
24  1
23  7
26  -6
26  -6
21  4
22  -1
25  4
23  8
25  3
24  2
22  4
29  -5
25  2
25  0
25  3
19  -7
23  6
23  9
24  -1
26  -5
25  5
23  8
22  -1
26  -5
26  -9
23  4
20  -3
21  3
29  -1
29  -3
26  -9
24  -2
26  -7
22  1
22  -1
26  -8
21  7
24  -1
26  -10
21  4
21  7
25  4
26  -6
26  -8
21  5
21  4
23  5
25  0
25  1
20  -8
23  4
23  9
22  2
27  1
25  3
27  2
25  -1
23  5
23  5
21  2
23  5
27  6
24  -2
21  6
23  9
25  5
23  8
26  -5
26  -9
21  4
24  3
26  -6
26  -9
27  4
28  0
25  2
19  -6
23  8
24  0
28  -2
22  -2
23  4
23  6
21  4
24  -2
22  1
26  -10
23  5
26  -7
24  0
22  0
21  2
23  7
21  6
24  2
24  4
28  4
23  8
19  -4
27  6
23  5
23  7
24  3
23  9
25  0
23  5
27  0
23  10
23  8
22  4
21  7
23  7
23  7
18  6
24  2
22  3
22  4
25  -1
26  -10
24  -2
24  2
27  6
23  10
20  -8
25  0
22  3
20  -3
26  -8
20  -4
22  -2
20  -5
22  2
21  6
23  6
22  2
26  -9
20  -6
27  5
23  10
25  3
24  1
24  0
27  6
25  0
21  6
26  -10
18  2
24  4
20  -9
20  -4
27  2
22  1
18  0
27  1
24  0
19  -4
19  -2
27  3
23  4
25  0
29  1
25  -1
26  -7
23  10
25  -1
24  -1
18  0
24  -1
25  4
28  -1
25  3
25  5
21  3
20  -4
25  -1
23  9
24  2
25  1
29  -3
19  -8
26  -7
24  0
23  10
21  7
23  5
24  -2
21  5
27  6
23  6
25  5
24  4
18  1
21  1
20  -6
24  2
24  1
20  -8
27  1
18  5
22  0
24  -1
22  0
18  5
28  4
25  0
28  -1
20  -3
23  5
20  -8
25  3
26  -10
20  -9
27  4
27  6
22  -2
21  1
24  -2
28  2
27  1
24  0
21  5
19  -6
24  -1
24  -1
25  5
27  5
26  -7
22  0
21  5
24  2
21  2
24  -2
24  4
20  -8
23  5
25  4
22  2
26  -6
21  1
23  5
24  4
25  -1
23  5
23  5
25  5
26  -10
28  4
18  5
24  1
19  -8
25  0
21  5
24  -2
26  -4
20  -9
20  -3
25  1
25  3
25  0
24  0
21  7
25  1
26  -5
24  -1
23  10
20  -7
21  5
20  -3
25  3
22  3
20  -7
21  4
25  4
25  5
27  5
24  4
21  5
23  6
28  -1
26  -10
24  2
19  -6
26  -9
27  1
23  4
23  10
21  4
24  4
28  0
20  -5
22  -2
19  -5
21  3
20  -5
24  -1
26  -4
19  -5
22  -1
23  4
24  1
22  4
26  -8
25  0
27  4
22  -1
19  -5
17  6
20  -3
24  4
26  -10
25  3
26  -5
24  -1
21  3
30  3
16  9
21  2
20  -6
22  -2
27  0
26  -10
18  5
24  -2
24  -1
22  0
23  5
26  -9
25  -1
23  6
21  1
22  2
23  7
26  -7
24  2
20  -3
23  4
22  0
22  -1
26  -4
26  -5
22  -2
22  3
24  2
24  2
23  10
24  -2
25  1
27  3
26  -10
21  6
20  -4
23  6
26  -9
22  1
21  4
20  -7
24  1
27  5
24  2
24  1
26  -9
24  3
24  3
26  -10
24  -2
20  -4
25  2
28  3
22  -2
22  0
23  7
23  8
25  5
24  0
24  -1
26  -8
22  -2
25  -1
28  -1
21  2
24  1
19  -6
24  1
21  3
21  3
24  1
26  -5
23  8
22  1
23  7
20  -7
25  4
25  2
18  6
20  -3
22  0
23  8
25  4
23  7
26  -5
22  -2
23  7
24  3
27  5
23  6
25  1
23  7
24  -1
26  -7
24  -2
27  3
21  6
24  -2
24  2
24  2
22  0
25  0
27  4
21  7
22  4
21  1
25  5
25  3
25  -1
25  1
25  -1
27  6
24  -2
24  -2
25  3
21  4
26  -5
23  6
16  10
19  -8
18  0
21  7
26  -9
16  10
25  5
22  0
27  2
22  0
20  -5
28  2
27  5
24  -2
23  7
23  9
24  0
21  3
24  1
22  -1
28  3
17  4
20  -3
25  5
24  -1
25  3
25  4
25  0
25  1
28  3
23  5
25  0
23  6
20  -8
24  3
21  7
25  4
20  -3
24  1
23  5
23  9
19  -5
22  4
25  0
22  1
25  1
23  7
22  3
24  0
25  1
19  -3
22  0
27  6
18  3
25  0
21  2
