24  2
25  -9
24  4
24  3
26  4
27  2
24  4
23  8
24  3
22  -3
23  4
25  -6
21  -2
23  10
23  9
22  -2
27  3
26  6
28  1
25  -5
27  3
26  4
22  -6
26  4
25  -9
25  -5
23  5
23  4
26  6
23  5
24  3
29  -6
25  -7
26  2
26  6
22  -5
25  -9
23  4
25  -7
26  3
27  -1
28  3
25  -8
26  2
26  2
27  0
27  1
25  -9
22  -5
20  8
24  1
26  5
26  4
26  6
22  -7
24  -1
27  0
24  4
22  -2
24  4
25  -9
19  2
26  0
22  -7
25  -4
25  -5
19  6
24  0
24  -2
25  -5
23  6
24  1
24  4
19  5
25  -7
24  -1
26  0
20  7
28  -1
20  3
28  -1
22  -5
23  6
25  -5
27  -1
23  7
27  1
19  4
20  3
19  1
21  0
25  -8
25  -7
23  4
24  -2
23  9
27  2
24  1
26  6
26  1
25  -7
26  0
25  -5
25  -8
22  -6
27  2
23  9
22  -3
24  -2
25  -9
22  -5
26  5
21  -3
24  -1
23  8
23  5
22  -1
18  0
23  4
26  1
24  -1
29  -7
26  4
23  4
24  -1
27  2
27  1
22  -3
26  4
24  4
23  6
20  2
25  -3
27  4
23  5
23  6
24  0
23  9
25  -8
27  -1
24  -2
25  -9
23  9
25  -6
25  -8
23  8
23  9
25  -7
23  9
23  4
20  3
22  -3
22  -4
23  6
25  -7
24  4
24  -1
27  0
22  -5
26  1
23  8
27  0
22  -5
23  5
26  6
23  10
26  4
26  0
25  -7
21  2
25  -5
28  -2
25  -8
25  -3
26  4
21  0
24  1
24  4
22  -6
25  -6
26  1
23  8
22  -4
23  4
25  -9
27  5
26  1
23  6
26  0
25  -3
25  -4
25  -5
26  0
22  -7
24  0
23  5
21  -2
24  -1
23  6
24  3
27  2
26  0
23  7
23  6
28  -1
20  2
24  4
24  4
26  0
24  -1
28  -2
25  -6
24  0
28  2
23  6
21  1
25  -8
25  -6
27  3
27  -1
25  -3
24  2
25  -5
26  0
24  -1
21  1
23  9
27  5
30  -8
23  4
24  1
25  -4
23  4
24  1
27  4
24  -2
21  0
21  0
22  -3
25  -4
25  -9
20  5
25  -9
20  8
27  2
24  1
27  3
23  9
22  -3
26  2
24  -1
24  0
24  -2
24  3
25  -9
23  5
21  -3
24  3
25  -5
24  1
28  1
25  -3
25  -4
22  -1
27  1
23  7
23  4
25  -5
27  2
24  2
22  -5
25  -6
27  4
24  4
24  -2
25  -7
25  -6
25  -7
24  0
21  2
26  4
28  4
21  3
24  1
23  4
26  1
23  9
25  -6
23  5
26  4
24  -1
23  10
27  2
23  7
19  6
26  0
27  2
27  1
25  -4
21  0
22  -6
24  1
28  4
22  -3
20  6
21  -2
24  2
18  -1
24  -2
27  3
25  -3
27  4
25  -9
22  -4
26  6
22  -5
22  -6
27  2
26  3
26  1
20  8
27  4
22  -5
21  0
25  -7
24  4
28  1
26  0
20  3
29  -9
24  -1
24  -2
23  8
23  7
24  -1
30  -4
26  3
22  -3
28  -1
22  -5
24  -2
22  -3
25  -4
25  -4
22  -2
27  3
27  1
24  1
22  -7
26  3
24  -1
17  5
21  2
23  5
23  7
27  0
28  -1
25  -5
20  5
22  -5
17  3
23  5
21  2
28  0
24  0
28  1
25  -7
25  -6
24  -2
21  -2
20  5
24  0
24  1
23  5
24  1
29  -6
22  -1
23  6
24  3
25  -8
24  -2
23  6
22  -5
27  2
28  0
23  10
24  -1
27  0
25  -5
24  3
27  0
21  2
26  2
25  -8
22  -1
29  -5
22  -4
23  6
20  2
25  -5
22  -5
26  1
23  8
25  -9
24  0
23  6
23  7
22  -2
28  -2
29  -5
25  -4
28  -2
27  -1
23  7
23  9
23  4
25  -4
20  3
22  -3
27  4
25  -8
26  2
20  8
24  1
26  2
19  3
25  -4
22  -3
25  -4
21  1
24  -1
23  7
25  -3
19  4
26  1
26  5
23  9
24  2
25  -3
23  9
24  2
27  0
24  3
23  5
25  -5
23  10
23  8
23  9
24  0
26  2
25  -5
22  -5
22  -1
23  8
23  7
26  0
28  -2
28  1
22  -1
25  -8
25  -6
24  2
28  1
23  6
25  -3
25  -3
25  -4
19  4
27  2
22  -4
25  -7
24  -1
23  9
25  -5
21  -3
25  -9
26  5
24  2
18  1
26  6
20  7
25  -5
24  1
23  5
27  0
24  3
23  9
25  -3
21  1
26  4
20  8
26  1
22  -7
25  -4
22  -5
22  -2
25  -8
27  5
25  -8
28  4
28  -1
21  1
22  -3
23  8
23  4
25  -8
26  4
24  1
27  5
24  1
22  -5
27  4
27  5
25  -4
22  -5
28  2
23  7
26  5
25  -7
24  2
23  8
27  0
27  2
22  -3
25  -7
21  -3
25  -7
24  4
23  6
23  5
22  -2
24  -1
27  2
25  -3
23  8
22  -7
22  -1
27  3
22  -6
27  2
27  -1
21  2
20  6
24  -1
23  9
25  -6
25  -9
23  10
30  -8
20  8
25  -9
25  -5
26  0
26  2
28  3
27  1
21  2
25  -7
25  -4
24  0
23  4
23  5
23  10
26  3
21  -1
25  -8
22  -1
24  0
25  -7
27  0
23  9
21  3
20  3
22  -5
21  2
23  10
24  0
25  -5
23  4
22  -2
25  -9
25  -7
23  7
25  -8
22  -6
23  9
25  -7
28  -1
24  2
25  -6
20  8
25  -8
21  -2
25  -6
24  4
27  5
26  3
25  -4
25  -4
25  -6
24  3
26  4
25  -6
27  5
22  -5
22  -6
24  1
24  0
27  -1
26  3
18  -1
24  1
25  -5
23  5
24  1
21  0
26  6
24  4
26  5
23  9
25  -9
26  3
26  4
28  4
24  -2
23  7
25  -8
26  2
21  -3
26  6
27  -1
24  2
25  -9
25  -9
24  0
23  9
21  -1
22  -1
26  4
26  5
20  8
22  -1
21  0
25  -3
25  -3
22  -7
27  5
26  5
24  1
26  0
24  -2
27  5
25  -5
28  3
20  3
25  -4
25  -3
24  4
23  5
25  -3
27  1
22  -5
25  -9
23  7
24  -2
26  1
23  5
30  -6
27  4
24  1
22  -4
28  3
23  8
24  -1
23  10
27  1
25  -6
22  -2
26  2
25  -8
18  5
26  4
26  3
20  5
28  -2
24  4
26  6
26  3
24  1
26  2
21  -3
25  -6
24  1
26  0
28  4
20  5
23  5
25  -3
25  -7
18  5
24  3
21  -1
24  3
29  -5
26  5
25  -3
23  6
25  -9
20  2
24  2
24  0
24  -2
25  -5
23  6
25  -4
26  0
23  7
26  5
25  -9
26  0
23  7
25  -3
22  -6
27  3
24  -1
24  3
23  9
26  3
24  3
23  4
27  1
23  10
23  10
21  0
28  -2
23  5
22  -3
25  -3
22  -1
22  -3
22  -4
24  0
24  1
24  2
26  4
21  2
26  6
25  -7
23  9
25  -5
21  3
22  -7
23  5
25  -7
21  3
25  -3
19  3
24  4
24  0
24  2
25  -8
28  4
29  -10
26  0
22  -4
19  2
27  0
26  4
19  6
24  -1
23  4
26  1
21  1
19  5
25  -9
26  3
26  6
22  -1
25  -9
26  2
25  -5
26  5
24  0
24  4
26  2
20  4
23  9
27  1
28  3
21  -1
24  3
25  -7
24  3
28  1
23  10
27  1
26  3
25  -9
26  6
26  3
25  -6
25  -8
26  6
26  1
25  -4
25  -3
24  1
24  4
26  5
27  4
25  -6
21  3
24  3
27  -1
22  -4
26  2
22  -6
22  -2
25  -6
21  -2
23  9
23  7
27  1
27  -1
24  4
21  3
27  -1
24  2
25  -4
26  6
28  4
26  5
24  0
23  6
21  -3
25  -8
21  3
22  -3
25  -6
23  5
23  8
23  5
25  -8
23  10
24  4
27  5
24  2
26  2
26  3
28  2
25  -3
24  4
24  4
25  -4
30  -3
21  2
26  1
25  -9
24  -1
24  -2
26  2
24  -1
26  3
27  0
25  -8
25  -4
24  0
21  -1
26  4
22  -6
16  6
22  -1
21  -1
26  6
25  -7
27  1
22  -7
26  1
24  0
22  -6
25  -6
20  8
23  9
23  4
26  1
24  3
24  -2
26  0
24  -2
22  -5
24  -2
24  -2
22  -4
27  0
21  -3
23  10
27  2
28  3
20  7
24  1
26  4
27  3
29  -6
26  2
24  2
26  1
27  0
25  -9
26  3
26  1
19  1
24  4
24  -1
24  -1
27  2
26  6
26  1
25  -9
23  7
22  -6
27  0
26  5
23  6
26  4
24  1
25  -8
25  -4
25  -4
24  1
28  2
24  0
25  -5
21  3
24  2
25  -7
27  2
26  4
23  7
23  4
26  1
25  -5
23  9
24  0
25  -5
24  0
27  5
24  -2
25  -5
23  6
25  -6
25  -8
25  -5
25  -9
25  -9
21  1
25  -5
24  3
24  -2
23  9
24  -2
26  0
22  -3
23  8
24  2
26  5
23  4
20  7
23  10
22  -2
28  3
22  -7
26  1
24  -1
26  4
24  2
23  8
25  -8
27  3
23  4
25  -6
26  5
26  3
25  -9
27  3
25  -7
25  -7
23  9
23  9
23  5
21  -2
19  1
23  8
26  1
23  5
25  -4
25  -7
25  -3
24  -2
25  -5
25  -9
