1  -3
1  1
1  1
1  -2
1  -5
1  -4
2  -4
1  0
1  -1
3  -10
1  -2
3  -10
1  0
1  -3
1  0
2  -8
1  -4
1  1
1  -1
3  -5
1  -3
1  -5
1  -4
1  -5
1  1
4  -4
1  0
1  0
1  -4
1  -2
1  -1
1  0
3  -10
1  -1
4  1
1  -5
1  -1
2  -6
1  1
1  -2
1  0
2  -9
1  -2
1  -4
2  -7
1  -4
1  -4
2  -6
1  0
1  -1
1  -3
1  -1
1  -1
1  1
2  -8
1  -3
2  -10
3  -5
2  -4
3  -7
2  -5
1  -4
1  -5
1  -5
3  -10
1  -5
2  -9
2  -8
2  -6
3  -9
1  0
2  -9
1  -3
1  -2
2  -4
1  1
1  0
2  -8
1  -1
1  -3
2  -5
1  0
1  -5
1  1
3  -7
3  -5
1  -5
2  -5
1  -5
1  -5
1  0
2  -6
2  -4
1  1
2  -10
1  -3
1  -1
1  -4
1  -3
1  -3
1  -3
1  1
4  2
1  0
1  1
1  -5
1  -4
1  -1
2  -5
1  -4
2  -7
1  -1
1  0
1  -2
1  1
1  -5
1  -4
1  -5
1  0
1  -3
1  -3
1  1
2  -6
1  0
2  -6
1  -1
1  -4
1  -2
1  -4
2  -6
1  -3
1  -5
1  0
1  -5
1  1
2  -6
1  0
2  -6
2  -4
2  -10
1  0
1  -5
1  0
2  -8
2  -4
1  0
3  -4
1  0
1  -3
2  -6
1  -2
2  -5
1  -3
1  0
1  -3
1  -5
1  -2
2  -8
2  -5
1  -1
2  -6
2  -5
1  -3
2  -6
1  -2
1  -1
1  1
2  -6
1  -3
2  -4
2  -5
1  -5
1  -5
1  -4
1  0
1  0
2  -4
2  -6
1  -5
1  -4
1  -1
1  0
1  -4
1  0
3  -8
1  -3
2  -6
2  -8
1  0
1  1
3  -8
1  -3
3  -9
1  -4
1  -5
1  -1
1  -1
1  1
1  -1
2  -4
1  1
5  2
2  -4
2  -5
1  -4
1  1
3  -8
2  -4
1  1
2  -7
1  0
1  -4
1  -3
2  -5
1  -2
3  -5
1  -3
1  -4
1  -1
2  -10
1  -1
2  -4
1  1
3  -5
1  1
1  -4
1  1
1  1
2  -6
1  0
1  -5
1  1
4  -4
1  0
3  -4
1  -2
1  -2
2  -7
1  1
1  -4
1  0
1  0
1  -1
1  0
2  -9
1  0
1  -1
3  -6
2  -9
1  -5
3  -8
1  -5
1  0
1  -2
3  -9
1  -3
2  -9
3  -7
1  -3
1  1
1  -1
1  -3
2  -7
1  -4
1  1
3  -10
1  0
1  1
1  1
1  -1
1  -1
1  0
1  0
1  -5
2  -7
2  -4
3  -9
1  1
1  -3
1  -1
1  0
1  -1
2  -9
1  0
1  -1
1  -2
1  0
1  -5
1  -2
2  -7
2  -4
1  0
1  1
1  -5
4  -4
2  -7
4  2
1  -3
1  -2
1  -1
3  -4
2  -5
1  0
1  -4
1  -2
1  -1
1  -4
1  -2
1  1
1  -3
2  -7
2  -9
1  -5
1  -4
1  0
1  -5
1  -1
1  -2
1  -4
2  -10
1  -1
2  -9
1  -3
1  -1
1  0
3  -8
1  -2
1  -4
1  -2
1  -4
2  -4
1  -2
1  0
1  -5
1  -1
1  -4
1  1
3  -6
1  -3
1  -2
2  -6
2  -7
1  -1
2  -9
1  -1
1  -1
1  -2
2  -8
4  -2
1  0
1  -3
1  -4
2  -4
1  1
1  -2
1  -1
1  -3
3  -6
1  -2
1  -4
1  1
1  -3
1  0
1  -4
1  -3
1  -2
1  0
3  -8
1  -2
1  0
2  -4
1  -1
3  -7
4  -1
1  -4
2  -5
1  -3
1  1
1  -5
1  -3
1  -5
1  -5
1  1
2  -9
1  -1
2  -10
2  -7
1  -4
1  -1
1  0
1  1
1  -4
1  -4
2  -7
1  -2
1  -5
1  -5
1  -3
1  -2
2  -8
1  -5
1  1
1  -1
1  -1
1  -1
1  -4
1  -3
3  -7
2  -4
1  -3
3  -6
1  -1
1  1
1  -2
2  -9
1  -2
2  -6
3  -8
2  -4
1  -2
1  -2
1  -4
2  -6
1  -4
2  -10
1  -3
3  -9
1  1
1  -4
3  -5
3  -4
1  0
1  -5
1  -2
1  -3
1  1
1  1
1  -2
2  -4
1  -3
1  -3
1  -5
1  1
1  -1
2  -9
1  -5
1  -4
1  -4
1  -5
2  -10
1  -4
2  -7
1  -4
1  -2
1  -3
1  -4
1  -2
1  -4
6  1
1  -5
1  -1
1  -5
1  -4
1  1
1  1
2  -7
1  -3
2  -4
1  -1
1  -1
2  -9
3  -5
1  -1
1  -5
2  -6
1  -2
1  0
1  -5
1  -1
1  -2
1  -4
2  -7
4  1
1  1
2  -6
3  -8
1  -1
1  -2
1  -3
1  -2
1  -2
1  -2
1  1
1  -3
2  -5
1  0
2  -8
2  -5
1  1
1  1
2  -5
2  -9
1  -3
1  -2
1  -2
1  1
3  -4
1  -1
1  -1
3  -4
1  -2
1  -3
2  -4
1  -3
1  0
1  -4
1  0
1  -1
1  0
2  -7
1  1
1  1
2  -7
1  0
2  -8
2  -6
1  -2
2  -4
1  -4
1  -1
1  1
1  0
1  -3
1  -4
1  -4
1  -2
1  -1
1  -2
1  -3
1  1
1  -3
1  -5
1  -2
2  -8
1  -4
2  -4
1  -3
1  -2
3  -8
4  -3
1  -5
1  -3
1  -5
1  -4
1  -1
1  -5
1  -5
1  -1
2  -9
1  -1
2  -5
1  -2
1  0
2  -5
1  -1
1  -3
3  -9
1  0
3  -5
1  -4
1  1
1  1
2  -6
1  -4
1  -5
3  -10
2  -6
1  1
1  -2
1  -1
2  -5
1  0
1  -2
1  -1
1  -5
1  -4
1  0
1  -4
4  -4
1  -5
2  -4
1  -3
1  -2
1  -5
3  -4
1  -4
1  1
1  -2
1  -1
1  -1
1  -3
1  -2
1  1
1  -4
1  -2
2  -9
1  -1
1  0
1  -3
1  -1
1  -3
1  1
1  1
2  -9
2  -6
1  -2
1  -1
2  -7
1  1
2  -6
2  -4
1  1
2  -5
1  -5
2  -8
1  -1
1  -1
1  0
1  0
1  -2
1  -3
2  -6
1  1
1  -5
1  0
1  0
2  -6
1  -2
1  1
1  1
1  -1
1  -3
1  -2
1  -5
1  0
1  1
2  -6
2  -4
1  0
1  0
2  -7
1  -1
1  1
1  -5
1  -3
2  -8
1  -4
1  -1
4  -1
1  -2
2  -8
1  -2
1  0
2  -10
1  -5
1  -4
1  0
1  0
2  -5
1  -4
1  -4
1  0
2  -6
1  -4
2  -9
1  1
2  -6
1  -4
1  -3
3  -7
1  -5
1  -2
1  0
3  -8
1  1
1  -1
1  0
2  -8
3  -10
1  -1
1  -4
1  -4
1  -3
1  0
1  0
1  -4
1  1
1  -4
3  -4
4  -4
1  -1
2  -4
1  -1
1  0
1  1
1  -1
1  -2
2  -7
1  -3
1  0
2  -6
1  -1
1  -5
2  -9
1  -3
1  -4
1  -4
1  1
2  -9
1  -5
2  -10
1  -2
2  -4
3  -7
2  -10
1  -1
1  1
1  -3
3  -5
1  -3
1  -4
2  -10
1  -3
2  -8
1  -1
1  -3
1  0
1  -2
1  1
1  -5
2  -5
1  0
1  -3
1  -4
1  -1
2  -9
1  -5
1  -3
1  -3
1  -3
1  -5
1  0
3  -7
1  0
1  1
2  -4
1  -3
1  -4
1  0
1  0
1  -2
3  -6
2  -7
1  -2
2  -4
3  -10
1  0
1  -5
1  -2
2  -6
1  -1
2  -10
2  -7
2  -5
1  -3
1  -5
1  -1
1  1
2  -10
2  -4
3  -5
1  -5
2  -7
2  -10
3  -8
1  -1
3  -5
2  -9
1  -5
2  -10
3  -10
1  -3
3  -6
1  -3
1  -4
1  -4
1  -3
1  1
2  -9
1  -1
3  -5
2  -7
2  -10
1  -2
2  -8
3  -8
1  -2
1  -4
1  0
1  -4
1  0
2  -6
3  -9
1  1
1  -3
2  -5
1  -3
2  -7
2  -5
2  -8
2  -10
2  -9
2  -5
2  -4
3  -4
2  -7
2  -8
1  -1
1  1
1  1
1  -2
1  -3
1  -5
1  -4
2  -6
1  1
1  -2
2  -10
2  -6
1  -4
1  -2
1  1
3  -8
1  -4
1  1
1  -3
1  -3
1  -1
3  -10
1  -3
2  -10
3  -9
2  -4
1  0
1  -4
3  -6
1  0
1  0
1  -4
2  -4
1  -5
3  -10
1  -2
1  -2
1  1
1  1
4  -3
1  -3
1  -1
2  -8
1  1
1  1
1  -2
1  -5
1  -3
1  -4
2  -5
3  -5
1  -4
1  -2
1  1
1  -5
1  1
3  -10
1  1
1  -2
2  -9
1  -3
2  -6
2  -4
3  -7
1  -4
2  -5
2  -8
4  -4
1  1
3  -8
1  -5
1  -4
1  -3
1  0
2  -8
1  -3
1  1
2  -5
1  -3
1  1
1  1
1  -1
1  1
4  -1
1  1
1  -1
2  -5
1  -2
1  1
1  1
1  -4
1  -1
1  -1
1  1
1  -5
2  -5
1  -2
1  1
2  -7
1  -1
2  -5
1  -2
1  0
2  -4
1  -2
2  -9
1  -1
1  1
1  0
1  -3
5  -2
1  -2
1  -5
2  -5
1  -4
3  -9
1  -3
1  -4
1  -4
1  -2
1  -1
1  0
3  -8
1  -1
3  -5
1  -4
1  1
1  -5
1  -5
1  -1
3  -8
1  1
3  -4
1  -1
2  -6
2  -10
2  -6
2  -9
1  -3
1  -3
1  -2
4  -1
2  -6
1  -1
1  -2
1  0
2  -9
2  -5
2  -9
4  -1
4  -4
1  0
2  -7
1  -3
2  -10
1  -2
4  -3
1  0
1  0
6  2
1  1
2  -8
1  -5
1  -4
1  -3
4  0
1  1
1  1
1  0
4  1
4  0
1  -5
1  1
