3  12
1  6
1  5
6  3
1  -6
4  0
1  -4
3  8
1  1
1  -1
2  4
2  3
1  -3
1  8
1  2
2  2
1  6
3  2
6  0
1  3
2  -1
3  9
1  -4
2  -5
1  6
1  8
8  1
6  7
2  0
2  -4
4  14
2  -3
1  6
1  -3
2  -6
1  1
1  0
2  0
3  14
1  -6
3  7
2  1
1  3
2  3
1  0
1  5
2  4
2  1
1  -1
7  -2
1  0
3  1
1  1
1  5
1  8
1  -6
2  -5
2  -1
1  5
1  0
3  13
1  -4
1  4
2  -6
2  -2
1  2
1  -4
1  4
4  8
8  -2
1  6
1  4
2  4
1  -5
1  2
2  -1
1  5
6  -3
3  7
1  -1
2  -7
3  7
2  -9
4  13
1  0
2  -4
7  -8
1  -5
1  -2
1  -2
3  9
1  4
1  -4
1  0
4  6
1  0
1  4
2  -2
2  -6
1  -5
3  7
2  0
1  -2
1  0
1  -5
1  7
1  -5
1  1
2  -1
1  -6
7  -9
2  4
1  -5
1  -2
1  -3
2  -2
1  8
2  -4
2  1
1  3
1  1
2  -6
3  13
3  6
5  7
2  5
1  8
1  -4
4  6
5  9
1  -3
2  -4
2  -2
1  3
2  2
2  0
1  -4
2  5
4  5
3  4
3  5
5  1
2  -4
1  7
1  -6
1  3
1  -6
2  0
1  1
1  7
1  0
5  11
1  3
3  9
1  3
4  3
1  -4
1  2
1  -5
1  5
1  3
7  -7
7  -5
3  7
1  5
1  3
1  3
11  -6
1  6
5  8
5  4
1  -1
1  -4
6  5
5  9
6  6
3  7
2  -8
3  14
3  12
3  12
2  -6
1  -5
2  -5
1  5
3  8
5  10
3  8
1  3
1  -4
2  -2
2  -3
1  2
1  -3
1  5
1  -1
3  12
6  10
1  0
1  -2
6  9
11  -6
4  8
1  2
1  7
1  -4
1  -3
2  4
1  -1
1  3
7  -2
1  -4
1  3
3  5
1  8
3  14
2  1
3  0
2  4
2  5
1  -4
1  -4
3  14
1  -5
1  6
2  -6
1  0
1  3
1  -5
2  1
1  5
1  -6
2  2
1  2
1  8
1  8
1  5
2  -5
5  8
1  2
1  7
1  3
3  8
5  5
1  8
7  -1
2  -9
1  2
1  8
1  5
2  -9
2  -5
4  11
3  6
1  -5
2  -3
1  7
3  11
4  13
1  7
3  11
1  -4
1  -5
1  4
2  5
1  -5
1  -2
1  -5
3  2
1  7
1  -6
4  2
1  4
2  -4
3  8
1  -6
1  6
1  0
1  -6
4  11
1  3
2  2
1  -5
1  7
1  -5
1  -3
4  9
1  2
1  8
1  8
4  9
4  8
2  -8
1  8
9  -2
1  -5
1  6
1  -1
2  0
1  8
2  -5
3  10
1  8
3  12
1  -4
2  -2
2  -6
4  10
5  1
2  4
2  -9
1  2
1  -2
2  -1
1  3
5  -2
2  -9
8  -11
2  3
1  -3
2  -2
2  5
2  1
2  2
1  -4
2  4
1  7
1  7
1  -6
4  14
1  -3
1  -6
1  8
4  2
6  2
1  8
2  -6
1  -4
3  14
2  -9
1  5
1  -2
3  8
1  -6
5  9
1  2
1  4
4  0
3  2
4  3
1  6
1  -3
3  8
1  1
4  10
1  -2
2  -6
2  -6
2  4
1  -6
2  5
9  8
1  8
1  6
2  0
1  1
5  6
5  5
3  5
2  2
1  8
2  0
3  7
1  4
1  5
4  2
1  -4
3  2
2  -8
1  -1
5  8
1  6
2  0
1  -2
1  3
1  -6
2  -2
1  -2
3  5
1  1
4  12
1  -1
2  -8
1  -1
1  -1
13  0
2  -9
4  8
1  0
3  4
1  -3
2  -7
1  7
4  14
2  -3
5  8
4  2
3  1
1  4
2  3
2  -9
1  -5
1  7
11  -3
4  14
1  -4
1  3
4  0
1  1
5  5
2  -4
3  11
2  -4
2  5
2  3
1  -1
4  10
2  3
1  3
5  10
2  1
6  4
1  4
2  5
4  9
1  -6
1  -3
2  -5
6  0
5  11
1  -6
5  2
2  -4
1  4
1  -6
1  -1
2  -6
3  6
1  8
1  -5
3  8
1  3
2  5
2  -5
8  -4
1  0
1  6
4  0
2  0
2  -4
2  -1
1  1
1  8
2  -1
2  -5
2  3
2  -5
2  2
2  5
1  1
6  0
3  10
2  -4
1  -3
4  10
1  -1
2  -5
1  -3
3  12
1  2
2  -7
2  -7
3  13
2  -4
1  5
2  -2
1  -6
4  13
2  -9
5  12
4  11
1  7
3  7
1  4
3  13
2  0
2  -6
1  8
1  -1
1  3
1  -2
5  0
1  -2
1  8
2  -5
1  6
4  9
2  -6
1  5
1  1
1  -3
5  12
4  1
1  -5
1  -3
1  6
3  12
1  4
3  6
1  -4
3  9
1  1
2  -2
2  -2
1  0
3  7
2  -9
1  -5
5  3
2  5
3  11
1  -1
3  7
3  12
1  2
1  3
3  5
2  1
2  3
3  4
4  6
1  -4
2  5
1  7
4  2
8  -2
3  1
3  1
1  -1
1  -2
2  -2
1  0
1  -4
2  -2
1  1
1  2
3  10
1  6
4  7
1  -4
3  6
2  -1
3  8
3  11
1  0
2  -2
1  -4
4  11
2  2
1  -3
5  6
8  -2
1  0
3  3
5  7
1  6
5  3
5  -2
2  -2
1  8
2  0
2  -4
5  3
3  3
2  1
2  -5
2  4
2  2
1  -5
1  8
2  -6
3  14
1  8
4  7
1  -1
2  -6
2  -8
1  -4
8  -1
3  8
2  -4
1  -3
2  5
1  -5
1  6
3  10
1  2
1  7
2  1
2  -9
2  -3
4  3
1  -1
2  3
2  -3
1  -6
1  7
2  5
1  -1
2  -7
4  5
1  -1
1  -2
1  3
1  1
2  5
2  -7
4  10
2  -4
1  0
2  -7
1  -1
2  1
1  4
4  5
3  6
2  -2
1  -5
1  4
3  7
1  -2
1  -6
2  4
4  14
6  9
2  -2
1  7
3  8
2  2
1  8
1  5
2  1
1  -3
1  -2
1  -4
4  14
2  -5
4  3
1  -4
1  1
1  1
3  7
2  -7
2  4
2  -7
3  6
3  14
1  4
1  4
1  1
1  -2
1  -2
4  12
1  2
1  -5
3  7
1  6
8  1
1  0
1  3
1  -3
4  9
2  -9
1  -1
1  7
1  1
1  0
1  7
2  5
3  4
3  13
1  -5
1  -6
1  -5
1  -3
1  8
2  5
1  0
2  0
7  -2
3  7
3  0
2  -4
1  4
2  3
1  7
1  -5
1  1
1  2
3  8
1  0
1  -1
1  -3
4  11
1  -1
1  0
5  10
2  4
2  0
2  1
3  2
1  6
2  3
1  4
4  12
2  -8
2  -8
5  0
3  14
6  7
1  7
2  -9
4  0
1  6
1  6
2  3
1  8
4  9
1  0
3  0
1  -5
2  -2
2  1
2  -7
1  7
7  -11
1  8
1  2
5  12
1  7
5  9
1  7
1  -2
1  6
1  -5
4  5
1  1
3  7
6  0
1  6
5  10
1  -4
1  -2
3  10
1  -1
1  6
1  1
2  1
3  12
2  -4
2  -3
2  0
1  -1
2  0
2  1
3  13
1  7
1  3
2  -6
4  13
4  6
1  8
1  -1
1  1
2  5
1  4
2  -1
1  -5
1  4
2  -7
3  4
2  -7
2  -4
2  0
2  3
2  -3
1  6
2  2
4  6
1  -1
1  5
1  7
4  9
1  5
1  -4
1  -3
2  -7
4  11
1  2
3  5
3  11
3  1
1  6
2  -7
3  13
2  -1
2  3
1  8
2  2
2  5
1  5
1  -5
2  -8
1  -4
3  14
1  -3
3  11
3  11
3  3
4  11
5  -1
3  8
2  -9
1  6
3  4
2  -5
1  -6
1  -2
2  -5
1  -2
1  -5
6  1
1  -3
1  2
2  -6
1  1
2  -8
1  7
1  -2
1  4
1  -4
1  7
1  -4
2  -1
2  -3
3  4
5  10
2  -2
1  7
1  -4
1  1
1  2
1  6
2  1
1  -5
6  5
1  -6
2  -8
1  -5
3  1
1  -6
1  -2
3  13
1  8
3  11
5  1
1  -3
2  -7
2  -1
2  -5
1  8
1  0
5  0
3  4
1  -1
2  3
1  -4
2  5
4  1
6  8
1  -6
1  4
1  -2
1  6
3  6
3  2
1  -4
2  -4
4  1
2  -9
3  0
1  6
1  1
3  2
1  -1
1  0
1  3
1  -1
5  3
1  2
2  0
2  -3
2  -2
6  7
4  12
4  11
5  7
1  7
5  5
1  -5
1  -6
2  -3
5  0
2  -6
1  -3
1  3
2  -1
1  -1
3  10
1  0
2  5
3  2
2  -8
1  -3
3  12
1  7
2  -4
4  7
1  5
3  14
4  9
1  0
1  -2
1  6
1  5
1  6
4  13
1  7
6  5
1  -2
3  9
4  13
3  4
2  2
8  -8
3  4
1  4
2  -6
1  -1
2  5
3  10
1  6
3  13
4  0
1  0
1  8
2  -9
1  0
1  3
1  -1
2  -9
1  4
1  -6
3  12
1  6
1  6
2  -5
1  6
1  5
1  -2
1  0
8  -13
3  4
1  -3
3  5
2  3
1  -6
1  -3
1  1
3  10
2  -8
1  -4
1  4
2  -6
2  0
4  0
4  3
2  3
4  8
2  0
