5  -3
2  -10
2  -9
1  -4
9  2
1  -2
2  -8
1  -6
23  4
5  -4
3  -5
2  -8
5  1
2  -9
7  11
3  -6
10  -1
5  1
3  -7
5  -1
4  3
4  7
5  -5
1  -4
3  -4
23  3
7  9
9  3
2  -8
5  0
4  4
6  -5
2  -7
2  -9
1  -3
4  4
5  -7
11  -8
5  0
4  4
1  -1
1  -4
16  5
8  8
4  6
12  -3
3  -6
6  -6
6  -9
12  3
6  -6
1  -4
7  8
4  0
12  1
4  3
4  7
2  -11
4  7
11  -9
18  -3
3  -11
9  5
26  -10
1  0
1  0
6  -2
7  7
20  -5
3  -9
1  -1
24  -2
4  4
1  -7
8  8
1  -3
1  -5
15  0
9  3
3  -6
3  -10
4  3
1  -7
30  9
2  -6
10  4
3  -8
26  -5
1  0
4  6
12  -2
6  -8
1  -8
6  -5
2  -10
1  -3
9  6
4  1
6  -5
5  -4
1  -7
2  -6
1  -3
13  -2
4  8
1  -7
3  -10
1  -4
2  -9
19  0
4  2
4  2
1  0
2  -5
5  -4
7  11
15  0
23  -1
6  -6
2  -7
6  -2
2  -5
1  -8
1  -7
4  4
12  -2
3  -4
1  -6
5  1
5  -2
1  -8
2  -10
2  -6
3  -8
2  -3
3  -4
9  1
10  2
7  7
1  -5
6  -5
3  -11
1  -1
4  5
5  -3
5  0
5  -6
3  -11
23  1
6  -9
3  -5
12  -1
9  3
3  -8
9  3
4  7
2  -5
9  5
19  -1
11  -1
10  -3
3  -10
1  -2
1  -2
15  -2
8  4
5  0
1  -7
6  -9
3  -3
4  4
1  -5
12  1
1  -3
2  -11
1  -3
1  -8
9  7
1  0
16  3
4  2
19  6
4  0
7  3
9  4
1  -7
3  -11
3  -9
8  4
10  3
5  -1
9  7
3  -10
1  0
3  -3
1  -2
12  -3
8  4
6  -3
4  3
3  -11
14  -6
6  -3
1  -3
2  -8
5  0
2  -10
1  -2
9  8
4  3
5  -6
11  -5
4  0
5  -6
1  -5
1  -1
2  -4
7  6
4  8
1  0
1  -3
3  -10
6  -2
14  -9
1  -4
5  -2
2  -5
8  6
5  0
9  2
4  6
1  -1
6  -7
3  -3
3  -9
4  3
4  8
2  -9
9  0
1  0
1  -2
8  3
1  -3
5  -5
3  -5
4  4
5  -4
1  -8
5  -6
2  -4
1  -5
2  -6
1  -6
1  -6
6  -3
4  3
14  -8
2  -6
1  0
8  3
4  3
2  -10
5  -1
2  -11
12  0
4  8
4  4
7  9
17  6
12  1
6  -9
4  7
1  -3
6  -5
1  -5
21  10
2  -9
5  -2
1  0
3  -8
3  -6
3  -6
2  -10
10  1
3  -3
9  5
1  -6
3  -6
3  -9
6  -5
4  5
6  -2
3  -8
1  -6
6  -9
1  -2
1  -6
7  3
2  -7
6  -6
1  0
1  -2
5  -3
3  -10
2  -5
1  -8
8  8
3  -8
11  -8
2  -11
11  -1
2  -9
7  7
6  -8
2  -9
2  -6
12  3
15  -2
4  5
3  -3
7  3
9  7
16  7
13  -7
5  -7
21  6
1  -5
1  0
14  -9
15  2
4  5
2  -4
7  9
4  7
2  -7
2  -7
17  8
2  -6
4  1
4  0
3  -9
2  -3
1  -6
6  -2
6  -1
2  -7
1  -4
17  9
8  4
10  -2
4  2
8  5
1  -3
8  3
2  -11
1  -5
6  -9
4  0
7  3
5  -7
8  8
1  -5
3  -10
9  7
1  -5
4  1
3  -3
7  10
2  -11
2  -6
4  4
2  -11
10  3
3  -11
26  -7
9  6
2  -5
6  -8
10  3
1  -2
5  1
3  -6
7  7
4  5
10  -4
5  -2
1  0
2  -8
1  -1
9  7
3  -11
9  1
6  -5
1  -7
3  -5
1  -7
3  -8
10  2
19  6
1  -2
16  4
1  -1
4  4
1  -3
18  1
6  -5
1  -7
1  0
3  -4
5  -2
3  -11
5  -5
4  0
4  6
8  5
18  -3
7  10
6  -3
2  -4
4  8
8  7
1  -2
1  0
7  6
5  -7
1  -8
12  -2
3  -11
8  5
1  -1
5  -5
1  -5
23  2
4  7
1  -4
10  1
3  -8
3  -10
6  -2
3  -9
4  3
4  6
1  -2
3  -7
2  -4
4  0
6  -3
7  8
1  -6
13  -2
8  7
3  -4
9  1
2  -3
5  -1
2  -7
4  3
3  -4
9  3
1  0
3  -6
5  -1
9  6
8  7
4  1
5  -6
4  6
1  -7
4  8
7  5
2  -3
1  -2
9  3
1  -2
5  -1
5  -7
4  0
1  -8
4  8
1  0
9  8
1  0
4  7
5  1
7  4
2  -8
1  -3
4  2
1  -5
3  -11
13  -1
2  -9
15  -4
1  0
2  -6
1  0
1  -3
1  -3
1  -5
2  -5
1  -6
13  -6
9  6
1  -1
4  5
4  1
12  1
3  -4
8  4
6  -6
20  1
8  8
13  -2
9  6
2  -6
19  1
3  -6
16  6
7  11
8  4
20  -3
6  -3
9  4
3  -5
5  1
9  7
9  3
3  -4
17  5
4  1
2  -8
10  -1
10  -3
5  0
9  3
1  -8
2  -4
1  -2
12  -4
19  5
1  -3
5  1
23  -1
6  -5
5  0
1  -5
11  -6
6  -5
17  5
3  -9
3  -9
8  9
10  -3
7  7
2  -6
4  8
17  8
13  -1
4  4
17  9
19  4
2  -9
3  -8
3  -4
5  1
12  -4
1  0
16  8
2  -3
21  10
1  -6
1  -1
1  -5
11  -5
7  9
1  -8
6  -5
3  -9
3  -5
3  -4
3  -6
6  -6
13  0
2  -9
4  1
5  1
7  11
3  -8
3  -7
8  3
6  -9
2  -4
5  0
3  -5
5  -5
3  -11
4  5
1  -6
5  -6
1  -8
2  -3
5  -2
11  -4
11  -7
3  -6
6  -8
3  -5
1  -6
3  -5
2  -8
4  6
5  -4
4  7
4  8
7  4
11  -1
8  10
4  1
1  -2
3  -4
7  11
9  6
10  2
1  -8
9  5
10  0
13  -2
1  -5
8  7
6  -7
8  5
3  -11
3  -9
7  5
8  8
12  0
1  0
1  -7
2  -9
8  8
1  -2
14  -5
4  0
4  1
3  -8
4  5
4  0
12  1
18  -3
1  -3
7  7
1  0
1  -4
3  -11
1  -8
5  0
14  -8
1  -8
3  -10
3  -5
5  -4
3  -6
5  -5
2  -7
1  -5
18  -3
2  -9
3  -7
1  -3
12  -5
4  6
1  -2
2  -6
8  4
17  5
2  -8
2  -3
1  -6
10  -4
4  7
12  2
5  1
1  -1
4  2
3  -4
3  -7
11  -8
6  -7
1  -4
3  -6
6  -1
4  2
5  1
3  -3
3  -6
1  -5
5  -6
12  3
1  -8
3  -8
4  6
2  -8
10  2
4  8
14  -11
5  -3
1  -6
14  -4
8  4
1  -8
8  3
2  -7
7  10
6  -7
6  -3
3  -8
1  0
6  -6
6  -3
4  5
2  -7
2  -6
9  3
2  -3
2  -4
2  -11
9  6
8  10
1  -2
13  -5
8  4
12  3
4  1
3  -6
5  -6
12  -3
1  -1
1  -2
3  -6
2  -7
3  -11
2  -3
2  -5
13  -8
2  -11
5  -2
5  -2
9  6
5  -6
1  -7
1  -8
8  4
1  -1
4  7
1  -2
2  -6
2  -10
1  -5
2  -10
6  -7
8  3
12  1
6  -1
6  -5
2  -4
6  -3
7  7
3  -8
11  -2
1  -3
11  -3
3  -3
2  -11
3  -4
1  -7
5  -3
3  -9
7  4
5  -7
4  4
9  6
12  -2
6  -9
12  3
2  -6
2  -3
4  7
4  3
1  -5
9  0
6  -4
10  -2
8  9
2  -11
1  -7
3  -7
2  -9
8  7
5  -4
9  2
5  -7
6  -4
4  2
14  -11
3  -11
7  10
15  3
3  -10
2  -8
17  2
2  -3
12  3
9  0
17  5
1  -5
7  5
1  0
7  6
17  9
1  -1
1  -1
4  5
6  -4
2  -6
20  -3
3  -5
7  11
4  0
2  -7
17  5
5  -6
2  -9
6  -7
6  -6
10  1
3  -11
3  -9
1  -2
3  -5
6  -7
8  11
6  -6
2  -5
3  -6
5  -5
4  8
3  -11
4  2
4  7
1  -7
6  -7
6  -5
2  -5
5  -3
2  -5
2  -10
1  -2
2  -9
1  -8
9  2
9  1
1  -7
1  -8
2  -11
2  -4
7  3
3  -3
9  7
8  8
2  -7
12  -1
3  -4
9  6
7  6
4  0
13  -7
2  -7
1  0
14  -4
3  -3
3  -9
6  -1
7  3
1  0
12  -4
2  -4
5  -4
1  -1
1  -5
5  -2
8  11
8  4
8  9
3  -4
3  -4
4  1
6  -6
9  0
3  -8
2  -9
3  -4
11  -9
22  -3
3  -8
8  8
1  -5
4  8
2  -5
1  -4
22  -6
5  1
10  2
3  -10
9  5
3  -5
15  3
7  4
2  -3
6  -1
6  -2
5  0
7  10
2  -8
3  -3
12  0
3  -6
3  -11
1  -2
4  0
6  -5
4  0
1  0
4  8
9  6
1  -1
10  1
1  -1
6  -4
2  -4
3  -5
3  -9
3  -11
17  2
12  3
13  0
6  -5
4  1
4  8
2  -3
8  9
2  -4
1  -2
5  -4
1  -8
2  -11
1  -3
8  3
5  -1
4  4
1  -2
2  -5
1  -2
4  3
1  -4
19  -1
6  -3
2  -3
8  3
16  6
1  0
4  0
2  -3
3  -5
2  -5
2  -6
35  -6
6  -9
7  3
1  0
1  -8
2  -11
1  -1
2  -10
3  -5
2  -11
3  -9
11  -3
10  2
2  -6
2  -5
3  -11
2  -3
3  -9
3  -6
18  2
9  2
6  -5
2  -10
2  -10
2  -3
