2  -5
1  7
3  -3
1  6
2  -5
5  -1
1  7
3  -4
1  7
4  7
1  7
1  5
5  1
1  6
1  7
10  -7
4  8
6  -6
12  5
1  6
1  7
1  5
2  -4
4  6
2  -4
3  -2
1  5
3  -3
5  -1
4  6
1  7
1  6
3  -3
2  -6
2  -4
1  7
3  -4
1  7
4  8
3  -2
2  -6
3  -3
3  -2
4  8
1  5
1  5
1  5
1  7
3  -3
5  0
1  5
4  6
1  6
2  -5
2  -4
1  7
4  7
9  3
2  -6
1  5
1  6
4  7
3  -4
3  -3
3  -4
2  -4
1  5
4  7
1  5
1  5
1  6
3  -3
2  -4
2  -4
3  -4
4  8
4  7
6  -5
1  6
1  6
1  6
2  -4
1  5
1  6
1  6
1  5
1  5
4  7
2  -4
1  7
5  -1
5  1
3  -2
2  -5
4  8
1  6
2  -6
1  5
2  -6
1  5
14  -8
3  -2
2  -6
3  -2
3  -3
2  -5
6  -7
1  6
4  7
6  -5
6  -5
1  6
2  -6
3  -2
1  6
1  6
3  -3
7  -4
4  7
2  -6
1  5
1  5
3  -4
4  6
1  7
2  -4
1  5
2  -4
3  -4
2  -6
1  5
2  -6
1  6
4  7
1  5
2  -5
1  5
1  6
2  -5
2  -4
1  5
1  5
9  4
3  -3
1  6
3  -4
7  -4
7  -2
1  7
1  6
2  -6
3  -3
9  3
1  5
6  -5
2  -6
4  8
1  5
2  -6
3  -4
3  -2
3  -2
4  6
4  8
8  -1
2  -5
1  7
5  1
3  -2
1  7
1  6
5  -1
5  1
1  5
5  0
3  -3
1  7
8  0
1  7
1  7
5  1
2  -6
2  -4
3  -2
3  -3
4  6
1  5
9  3
4  8
2  -5
6  -6
1  5
2  -5
1  6
2  -5
1  7
1  6
7  -2
2  -5
2  -6
2  -6
1  6
1  5
2  -4
5  1
1  7
3  -3
1  7
4  6
1  6
1  5
3  -3
3  -3
1  5
2  -4
1  7
1  7
1  7
2  -4
4  8
1  7
9  4
1  7
2  -6
1  7
2  -5
1  6
2  -5
2  -5
4  7
2  -5
7  -4
2  -6
3  -3
1  5
4  8
3  -3
1  5
2  -5
1  7
1  5
4  7
2  -6
6  -6
1  7
1  6
5  1
3  -4
2  -6
4  7
1  7
2  -5
6  -6
2  -5
2  -5
4  8
1  7
2  -6
2  -6
1  6
2  -6
1  6
3  -4
1  5
1  6
4  8
3  -3
3  -4
2  -4
2  -4
3  -3
3  -3
1  6
1  6
1  6
4  6
4  6
1  7
1  5
3  -3
3  -2
1  7
1  7
1  5
2  -4
1  5
8  1
1  6
1  5
1  5
1  6
5  0
8  0
4  7
5  1
3  -3
3  -3
3  -2
1  6
3  -4
1  7
2  -6
2  -4
4  7
6  -5
2  -4
1  6
3  -2
1  7
1  7
2  -6
1  6
2  -4
1  7
1  6
4  6
2  -5
2  -4
4  6
3  -2
1  7
2  -4
2  -6
1  5
2  -4
1  5
3  -2
1  5
4  6
1  7
1  5
8  0
1  7
2  -6
1  5
8  0
5  -1
4  8
1  7
3  -3
3  -4
3  -4
1  6
1  6
2  -5
1  5
1  6
2  -4
3  -2
3  -4
1  5
2  -5
1  7
1  7
5  0
4  8
5  0
1  6
1  5
1  7
2  -6
1  5
1  6
10  -7
12  6
3  -3
2  -6
5  1
2  -5
2  -4
1  6
1  7
1  6
1  7
3  -2
1  6
2  -5
4  7
2  -4
3  -2
5  -1
3  -3
6  -5
2  -6
2  -6
1  7
1  7
1  6
2  -6
1  6
1  5
9  3
9  3
3  -3
2  -4
1  5
1  7
2  -4
3  -4
1  6
1  5
3  -2
1  7
3  -3
6  -5
1  5
1  6
1  7
2  -4
6  -6
1  6
3  -4
2  -6
11  -1
2  -6
1  5
1  7
3  -4
1  7
2  -5
7  -4
3  -4
6  -5
8  0
1  7
3  -4
3  -4
9  3
10  -5
1  6
4  8
1  5
6  -6
1  7
1  7
2  -4
1  6
3  -2
2  -5
1  5
3  -3
1  6
3  -2
1  6
2  -5
1  5
5  -1
1  7
3  -2
3  -2
7  -2
2  -6
1  5
1  7
1  7
5  0
2  -6
7  -3
8  0
1  5
5  1
1  7
2  -4
7  -2
5  -1
1  6
6  -6
1  7
1  7
1  6
2  -4
4  8
1  7
1  5
3  -2
3  -2
4  8
1  5
4  8
4  6
1  5
1  5
1  5
1  7
1  7
1  7
9  5
3  -2
3  -4
3  -2
2  -5
5  -1
1  6
2  -5
1  7
2  -4
4  6
3  -4
1  6
1  6
1  7
4  7
5  1
1  5
2  -4
6  -7
2  -6
3  -2
10  -5
4  6
1  7
3  -2
1  6
13  -7
2  -4
2  -5
1  6
2  -5
5  1
1  5
1  7
2  -6
1  5
1  7
1  5
10  -5
2  -6
2  -6
1  5
2  -5
12  6
1  7
1  6
1  6
2  -4
4  6
1  7
5  -1
2  -5
4  8
1  6
1  7
7  -4
1  5
1  5
1  7
5  -1
1  6
9  5
4  7
4  8
1  5
3  -4
1  5
3  -3
1  7
1  5
1  7
1  6
5  1
8  1
1  7
6  -7
1  5
1  7
2  -5
3  -4
2  -5
6  -5
4  7
2  -6
1  7
3  -2
2  -4
2  -6
8  1
2  -4
1  7
1  7
1  5
4  6
1  5
3  -3
3  -3
2  -4
5  0
3  -2
1  7
5  -1
1  7
1  6
2  -6
1  6
3  -3
6  -5
3  -2
4  6
16  5
4  6
1  6
1  6
1  6
4  6
2  -4
2  -4
1  5
6  -7
1  7
1  6
4  8
14  -7
1  7
6  -5
3  -2
1  5
3  -2
13  -7
1  5
2  -5
1  7
3  -2
5  1
2  -4
2  -6
3  -4
1  5
4  7
13  -5
4  6
2  -4
1  5
1  7
3  -3
1  7
3  -4
1  5
3  -4
1  7
2  -5
1  5
4  8
2  -5
4  6
5  0
1  6
2  -4
2  -5
5  0
1  6
7  -4
2  -5
10  -7
1  6
1  7
6  -6
1  5
5  -1
1  7
1  7
1  7
1  6
1  6
1  6
2  -4
1  7
1  7
2  -5
2  -6
1  6
1  5
3  -4
3  -2
4  8
2  -4
2  -4
8  -1
1  5
3  -4
4  7
1  5
4  7
6  -6
5  0
1  5
1  6
1  6
3  -4
4  6
3  -3
3  -3
1  6
2  -5
1  5
6  -6
1  7
1  7
1  5
1  5
1  7
1  5
1  7
3  -3
1  7
2  -5
3  -4
7  -3
1  7
3  -2
7  -3
3  -2
1  7
2  -5
1  5
1  7
1  7
1  5
2  -5
2  -6
1  7
6  -7
1  5
2  -5
2  -5
1  5
7  -4
7  -3
2  -4
2  -4
2  -4
1  7
1  6
12  6
4  8
5  0
2  -6
2  -5
2  -6
2  -5
1  6
5  -1
5  -1
1  7
1  7
1  5
9  3
1  7
2  -6
7  -4
2  -6
1  6
1  5
2  -4
6  -7
1  6
4  8
1  5
2  -5
3  -2
3  -2
2  -4
1  7
1  5
1  6
2  -6
5  1
1  5
2  -5
1  6
1  7
1  6
4  6
4  7
1  6
1  5
3  -3
2  -6
2  -5
2  -4
1  7
2  -6
1  6
1  6
1  5
1  5
4  7
1  5
5  1
5  1
2  -4
2  -6
3  -2
2  -4
7  -2
3  -2
1  7
1  5
7  -3
3  -2
9  3
1  7
2  -6
2  -5
2  -6
2  -4
2  -4
1  6
3  -2
4  6
1  7
3  -2
2  -5
2  -6
7  -4
8  0
1  6
7  -2
2  -5
1  6
4  8
1  7
1  7
5  -1
2  -5
9  4
1  6
2  -5
2  -6
3  -2
1  7
1  7
2  -4
10  -5
3  -4
1  6
4  8
1  5
1  6
2  -4
2  -4
2  -5
3  -4
1  6
1  5
8  1
3  -4
5  -1
3  -3
1  5
1  5
1  5
1  5
4  7
3  -3
3  -4
5  0
1  7
1  5
4  6
1  5
6  -6
1  7
3  -2
7  -2
1  6
3  -4
1  6
2  -6
2  -6
3  -2
3  -4
4  6
1  6
3  -2
1  7
3  -3
1  7
9  3
5  1
3  -3
1  5
5  -1
1  5
1  7
2  -5
3  -2
2  -4
2  -5
1  6
1  6
3  -3
2  -4
8  0
1  7
4  6
1  7
1  7
1  7
3  -4
1  5
1  5
1  7
4  8
4  8
1  6
1  6
3  -3
2  -4
6  -5
1  5
2  -4
1  6
10  -6
4  7
5  -1
1  6
2  -5
1  7
2  -6
1  6
1  7
7  -3
4  8
3  -4
3  -3
1  5
1  6
1  6
9  4
2  -6
1  6
2  -5
1  6
1  7
3  -2
1  7
3  -2
3  -2
1  5
1  5
1  7
4  7
2  -6
1  6
2  -6
1  6
1  6
1  6
3  -4
3  -3
3  -4
1  6
1  7
6  -7
1  5
1  5
1  5
3  -2
2  -4
3  -3
1  7
2  -4
1  7
1  7
1  5
5  1
3  -3
3  -2
1  5
1  5
3  -4
1  5
1  7
1  5
1  5
2  -4
1  5
3  -2
1  5
2  -6
2  -5
1  6
3  -3
1  6
1  6
2  -5
3  -2
1  7
5  0
1  6
3  -2
1  5
1  7
5  0
2  -6
13  -5
1  7
1  6
3  -2
1  5
5  -1
