6  -6
3  3
7  -8
2  -3
1  1
4  2
7  -6
6  -4
3  4
6  -5
3  3
9  -6
2  -3
1  1
5  4
2  -4
4  3
1  1
1  0
4  3
1  1
3  4
3  3
1  0
1  1
5  5
6  -5
1  1
2  -2
1  -1
8  -2
3  4
5  5
1  1
7  -7
2  -3
2  -3
8  -2
1  -1
5  4
4  2
2  -2
1  1
1  -1
3  4
1  0
4  3
1  0
4  2
1  1
3  2
2  -3
2  -3
1  1
2  -4
1  1
3  3
2  -4
1  0
4  3
1  0
1  1
1  0
1  1
8  -2
1  0
3  2
1  1
6  -6
2  -3
3  4
3  2
2  -3
1  0
2  -3
1  -1
4  2
2  -3
1  0
5  4
3  4
2  -3
1  -1
3  3
1  -1
8  -3
5  3
2  -2
2  -4
1  1
1  -1
1  1
2  -2
1  0
4  2
1  1
6  -4
1  -1
2  -4
5  5
1  0
3  4
1  0
1  1
1  -1
1  1
1  -1
1  0
1  1
1  0
2  -4
2  -2
2  -4
2  -2
6  -6
1  -1
1  0
5  5
1  1
19  6
2  -2
9  -6
1  1
7  -7
2  -3
2  -2
2  -3
1  1
4  1
8  -4
1  0
1  0
2  -2
6  -4
6  -5
5  5
1  0
3  2
3  4
1  1
3  4
3  2
1  1
2  -3
2  -2
4  2
1  0
1  0
2  -3
2  -2
7  -6
1  1
3  2
2  -3
4  3
1  0
2  -2
3  3
1  1
5  4
2  -2
3  3
2  -3
3  4
2  -2
7  -8
1  0
9  -6
3  2
1  -1
3  4
2  -3
8  -4
6  -6
3  4
2  -4
3  4
3  4
5  3
1  -1
14  -5
3  2
4  2
6  -5
13  -2
3  2
1  -1
3  4
2  -4
2  -2
2  -3
1  0
1  1
5  5
1  -1
7  -6
1  0
5  3
1  -1
1  -1
1  1
2  -4
2  -2
1  -1
3  2
3  2
2  -3
3  2
3  4
2  -2
4  1
1  0
1  1
4  2
1  -1
1  1
1  0
13  -3
2  -2
6  -6
4  2
2  -3
3  3
9  -6
5  5
2  -3
1  0
3  4
4  1
2  -2
4  2
2  -3
4  2
1  1
5  3
1  -1
2  -4
2  -3
3  2
2  -2
7  -7
2  -2
1  1
15  8
1  -1
2  -3
2  -4
1  -1
2  -4
6  -5
3  4
3  3
1  1
17  6
3  3
3  2
4  3
1  1
7  -7
2  -2
4  2
7  -8
6  -4
5  3
4  3
1  1
6  -5
2  -4
1  -1
2  -3
5  4
7  -8
5  4
5  5
3  2
1  -1
1  -1
1  1
1  -1
4  2
1  0
4  3
2  -4
3  2
3  3
3  2
2  -3
1  -1
1  1
1  0
1  0
1  0
3  2
4  3
1  -1
2  -2
5  5
1  -1
1  0
2  -2
2  -2
3  3
3  3
2  -4
3  3
9  -8
2  -2
3  2
3  2
1  1
1  -1
3  2
4  1
3  4
5  4
2  -3
7  -6
2  -3
5  4
3  4
2  -2
2  -2
3  4
5  5
1  1
17  6
2  -2
2  -4
1  1
6  -5
2  -2
1  0
4  1
2  -2
1  -1
7  -6
1  0
2  -4
2  -4
6  -6
1  -1
5  3
1  0
4  3
1  1
4  3
3  2
1  0
2  -3
1  -1
5  4
4  3
4  2
3  3
7  -8
1  0
2  -4
1  1
3  2
3  4
3  2
3  2
2  -2
2  -4
3  4
9  -6
9  -8
5  4
3  4
8  -4
2  -4
2  -2
1  1
1  1
1  -1
5  3
6  -6
1  1
2  -2
1  0
5  5
2  -2
5  4
3  2
1  -1
2  -4
1  0
6  -4
3  2
4  1
5  5
2  -4
1  -1
7  -6
4  3
1  1
1  0
1  0
1  1
2  -2
3  3
2  -2
11  -6
1  1
5  5
1  -1
1  0
1  -1
5  5
6  -6
7  -8
1  0
4  3
2  -2
2  -3
4  2
3  2
3  4
1  -1
3  3
1  1
4  3
2  -2
1  0
1  1
5  3
2  -2
3  4
1  -1
4  1
3  3
2  -4
2  -2
1  1
1  -1
5  5
1  0
2  -3
1  1
2  -2
2  -4
4  3
8  -3
1  1
1  -1
7  -6
5  5
4  1
15  7
5  4
3  2
5  3
5  5
2  -3
1  1
1  1
2  -3
2  -2
4  3
1  -1
2  -2
5  3
13  -2
7  -7
1  0
1  0
6  -6
5  5
2  -3
2  -4
6  -5
3  4
3  3
1  -1
6  -6
1  -1
1  1
4  2
1  0
2  -4
1  1
2  -4
1  1
5  4
7  -8
3  4
5  3
4  3
9  -7
8  -2
1  0
4  2
1  -1
14  -7
3  3
2  -4
1  -1
2  -3
6  -4
6  -4
2  -4
4  3
1  1
2  -2
2  -3
1  -1
1  -1
3  2
6  -5
2  -3
4  1
3  2
15  7
7  -7
7  -6
1  0
1  1
3  4
1  0
2  -4
5  5
3  4
4  3
9  -6
3  4
2  -4
6  -4
5  4
4  2
2  -4
1  0
1  -1
4  1
1  1
3  2
10  3
2  -3
15  8
5  5
2  -4
1  0
3  4
1  -1
1  -1
6  -5
7  -6
1  1
2  -4
1  1
2  -2
1  0
1  1
1  0
1  -1
1  1
2  -3
5  4
4  2
3  4
4  1
6  -5
2  -2
1  -1
2  -4
8  -2
1  -1
1  0
6  -6
1  0
1  -1
1  0
5  4
13  -2
6  -5
2  -3
4  1
3  4
1  1
2  -3
1  0
1  -1
3  4
7  -8
4  3
1  0
3  3
11  -7
2  -3
7  -7
1  0
3  3
1  0
3  2
4  2
1  1
5  3
6  -6
5  5
4  1
3  3
11  -6
2  -2
2  -4
2  -2
3  3
3  4
1  0
3  2
1  0
3  3
1  -1
2  -3
3  2
12  7
1  -1
15  7
1  0
1  1
2  -4
1  1
2  -4
5  5
2  -2
2  -4
3  4
3  3
3  2
1  -1
2  -2
2  -2
3  4
1  -1
2  -3
1  1
1  -1
1  -1
2  -3
2  -3
8  -3
3  3
2  -2
2  -4
1  1
1  0
9  -8
1  -1
10  1
2  -3
11  -5
2  -2
3  3
3  4
1  -1
1  0
3  4
6  -5
2  -4
4  1
2  -2
1  1
1  -1
5  4
3  3
4  3
7  -8
5  3
1  -1
2  -3
2  -4
1  -1
15  7
4  1
2  -3
3  2
5  5
4  1
2  -3
13  -1
4  2
5  4
4  3
12  7
3  2
1  -1
1  -1
6  -4
2  -4
12  7
2  -3
1  0
3  4
1  0
1  -1
4  3
2  -4
1  1
1  1
9  -7
2  -4
1  -1
1  -1
1  1
2  -2
1  1
1  -1
1  -1
2  -4
3  4
4  3
1  0
6  -4
1  0
6  -6
8  -3
1  -1
5  3
1  -1
2  -4
1  -1
2  -3
1  1
1  0
4  1
4  2
4  3
3  2
1  -1
4  2
3  3
5  5
3  4
4  1
5  4
4  1
4  3
2  -3
2  -2
4  3
2  -3
7  -7
3  2
3  3
1  0
2  -4
1  -1
4  3
3  2
1  -1
9  -7
1  1
2  -2
6  -4
3  2
1  -1
1  1
5  5
4  2
1  0
4  2
2  -2
7  -6
13  -1
7  -8
1  1
7  -8
6  -5
2  -3
2  -2
1  0
2  -2
3  3
4  1
1  0
8  -3
5  3
1  1
2  -4
1  -1
1  0
7  -7
1  0
1  -1
1  -1
1  -1
4  3
3  3
2  -3
3  3
1  1
1  1
1  0
1  -1
1  1
2  -4
1  1
2  -2
2  -3
1  0
2  -2
3  3
1  1
7  -7
2  -4
2  -4
1  -1
2  -2
4  2
1  -1
1  -1
5  4
2  -3
1  -1
2  -2
1  0
3  3
4  2
7  -8
9  -8
1  1
3  3
1  0
1  1
2  -4
2  -2
4  2
2  -3
7  -6
1  -1
1  1
6  -6
4  3
5  5
1  1
5  5
5  5
2  -3
2  -3
9  -8
1  -1
1  0
5  5
1  1
4  2
2  -4
16  -2
1  1
3  3
6  -4
3  2
7  -7
8  -4
7  -6
4  2
1  1
3  4
1  0
1  1
5  5
3  3
2  -2
2  -4
7  -7
2  -3
5  4
6  -4
4  2
1  1
3  2
1  1
3  4
3  3
1  1
4  1
1  0
2  -3
1  0
3  3
3  4
7  -8
10  2
6  -5
2  -3
4  1
5  5
1  -1
3  3
10  1
2  -3
1  0
5  3
2  -2
3  3
2  -4
1  0
2  -4
5  3
2  -2
2  -3
2  -2
6  -4
4  1
5  5
1  0
3  2
5  4
4  3
4  2
1  0
2  -4
3  2
6  -5
6  -5
9  -6
1  1
5  4
3  4
8  -3
2  -4
7  -7
1  -1
3  3
5  3
3  2
2  -4
3  3
5  3
4  1
9  -8
3  2
1  1
4  2
1  0
7  -8
2  -3
15  6
2  -4
3  2
1  0
5  4
4  3
1  0
2  -2
1  0
2  -4
1  0
5  3
5  4
3  3
5  4
1  1
3  3
1  -1
4  3
7  -6
1  -1
3  3
1  0
5  4
1  1
2  -2
1  -1
3  2
1  0
1  -1
1  1
2  -4
1  -1
7  -8
2  -3
1  1
1  0
4  3
2  -3
2  -2
6  -6
1  1
7  -7
4  3
6  -5
2  -3
3  2
9  -7
2  -4
2  -4
5  5
2  -3
6  -6
5  5
1  1
1  -1
1  0
4  2
1  -1
3  2
1  -1
6  -6
4  1
1  -1
1  1
5  5
