2  -1
3  -2
6  -2
3  -2
2  1
2  0
2  0
2  1
1  6
1  6
2  1
3  -2
1  7
3  -3
3  -1
3  -1
1  6
3  -1
3  -3
2  1
7  -1
1  5
4  -6
2  0
2  0
1  5
8  8
6  -2
6  -4
2  1
1  7
6  -3
1  7
1  5
2  1
2  -1
5  5
1  6
8  8
1  7
9  0
3  -1
5  7
1  5
2  1
1  7
3  -1
4  -5
1  5
1  7
7  0
7  1
10  6
9  -1
2  0
2  -1
8  7
1  5
1  7
2  -1
3  -2
3  -1
2  -1
1  5
2  1
1  6
7  -1
1  6
5  6
2  -1
2  -1
3  -2
1  7
3  -1
5  6
4  -5
3  -1
5  6
8  6
6  -3
1  7
2  0
5  7
2  1
5  5
4  -5
2  0
8  8
2  -1
3  -3
2  1
3  -1
1  5
2  -1
1  5
1  6
1  7
1  5
1  5
2  -1
4  -6
1  5
2  0
8  6
2  1
1  5
7  1
5  6
1  5
1  5
5  6
6  -3
6  -2
3  -2
2  0
3  -3
2  1
11  -4
7  1
3  -3
1  6
5  5
1  5
4  -5
6  -3
2  -1
8  6
5  6
5  5
5  6
1  6
2  1
5  5
1  7
2  1
1  7
7  -1
1  6
2  -1
3  -1
5  5
4  -5
2  1
3  -2
4  -6
4  -4
1  5
1  6
2  -1
1  6
2  1
2  0
5  5
4  -5
2  1
4  -5
2  -1
4  -6
5  7
5  6
2  0
1  6
3  -2
5  5
1  5
1  6
3  -3
4  -4
2  0
7  1
2  0
2  0
1  5
2  -1
2  0
2  1
2  1
3  -1
8  7
3  -3
3  -2
9  1
2  -1
7  0
7  -1
3  -2
4  -6
4  -5
3  -1
5  5
1  6
2  -1
1  5
3  -2
3  -3
2  -1
1  7
2  -1
1  5
1  7
1  7
2  -1
2  0
5  7
3  -3
15  2
5  7
1  7
3  -3
1  6
3  -1
2  0
1  5
4  -4
1  6
2  1
3  -3
2  0
1  5
1  6
1  7
9  1
10  6
14  1
1  5
3  -2
3  -1
2  1
9  1
3  -3
3  -2
4  -4
5  5
6  -4
7  1
1  7
2  0
1  7
3  -1
5  7
1  5
4  -4
1  6
4  -6
1  6
1  6
2  -1
12  -1
2  0
4  -5
1  6
3  -3
1  7
1  5
1  5
2  0
8  8
3  -2
5  5
1  6
4  -5
1  5
2  1
1  6
2  1
3  -3
2  -1
2  0
4  -6
1  5
1  5
5  5
4  -4
2  0
4  -4
2  -1
2  1
2  0
1  6
12  -1
1  6
4  -4
2  1
2  -1
1  7
5  7
7  -1
1  5
10  6
3  -3
3  -1
15  4
6  -3
2  0
2  -1
3  -1
8  6
1  5
1  6
3  -3
1  5
2  1
1  6
2  1
2  0
5  7
3  -3
4  -4
2  -1
1  5
6  -4
4  -6
13  -1
1  6
8  8
2  -1
6  -4
3  -2
1  5
1  7
3  -3
2  0
1  7
3  -1
3  -3
1  7
1  7
4  -5
2  -1
1  7
3  -2
2  0
3  -3
10  8
8  6
3  -3
3  -3
4  -5
2  -1
3  -2
4  -6
1  5
2  -1
1  7
2  -1
3  -1
2  1
4  -5
6  -3
7  1
2  1
3  -2
1  5
2  -1
5  7
9  -1
6  -3
4  -4
4  -6
1  7
7  1
3  -1
1  7
5  7
4  -6
2  -1
3  -2
5  6
1  6
4  -4
1  5
3  -2
1  6
1  6
2  1
2  -1
1  5
3  -1
2  0
4  -5
1  5
2  1
1  7
1  6
2  0
6  -4
4  -5
1  6
2  -1
3  -1
1  7
2  -1
1  6
3  -2
3  -3
13  -3
2  0
1  7
9  1
9  1
8  8
6  -2
8  6
2  1
6  -4
1  6
2  -1
1  7
4  -4
1  6
9  -1
6  -4
9  -1
1  7
2  1
3  -2
4  -4
3  -1
3  -3
1  5
2  0
1  7
1  5
1  5
2  0
13  -1
1  6
10  6
3  -3
4  -5
2  -1
1  5
1  7
4  -6
3  -2
3  -1
4  -4
1  7
1  5
3  -1
2  0
9  0
1  6
1  6
4  -6
3  -2
3  -3
5  7
7  0
2  0
2  -1
3  -3
1  6
1  7
5  5
3  -3
1  6
1  5
4  -4
5  5
3  -3
9  1
2  -1
3  -2
1  7
3  -1
4  -5
2  1
6  -3
4  -5
2  0
5  5
1  7
1  5
19  3
1  5
5  5
1  7
1  7
3  -2
2  1
3  -3
1  6
1  7
2  1
3  -1
2  1
4  -6
2  0
7  -1
4  -6
1  5
2  0
1  5
3  -2
4  -4
6  -2
1  7
3  -1
1  5
1  5
6  -4
7  -1
3  -1
12  -3
1  6
1  5
1  7
4  -4
2  -1
3  -2
3  -2
2  -1
1  5
6  -4
5  5
4  -4
2  0
1  5
4  -6
3  -3
4  -5
1  7
3  -3
1  7
1  7
2  0
2  0
4  -6
1  5
6  -4
4  -5
4  -5
7  0
1  7
7  -1
1  5
1  5
3  -2
8  7
14  1
2  -1
4  -5
5  5
5  5
1  5
1  5
2  0
2  1
3  -2
1  6
6  -4
4  -5
2  -1
2  -1
5  6
2  1
2  -1
1  6
3  -2
6  -2
3  -3
1  7
1  5
11  -5
3  -1
2  0
1  6
3  -2
5  6
2  1
2  -1
14  1
13  -2
4  -6
1  7
1  7
7  -1
4  -4
3  -1
3  -1
1  6
2  0
2  -1
1  7
2  -1
12  -2
2  -1
1  7
11  -5
8  7
3  -3
12  -3
2  0
7  0
4  -5
3  -1
2  1
2  1
13  -1
1  7
1  6
3  -2
6  -2
5  6
3  -1
13  -1
1  5
1  5
2  1
4  -6
3  -3
1  5
1  5
1  5
1  7
1  7
1  6
4  -6
1  7
1  7
1  7
3  -2
8  7
4  -6
2  0
3  -3
5  5
3  -1
15  3
4  -5
7  0
6  -2
1  7
4  -6
3  -1
3  -2
12  -3
3  -3
3  -1
5  6
5  5
1  5
5  7
1  5
2  1
3  -3
2  -1
2  1
1  6
1  7
6  -3
1  7
3  -3
4  -5
2  1
5  7
1  6
1  5
1  7
2  0
5  7
5  5
6  -3
2  1
3  -3
15  2
1  6
9  0
2  -1
1  7
6  -2
1  6
2  0
1  6
2  -1
2  -1
2  1
2  -1
2  -1
1  6
1  7
1  7
2  -1
10  6
3  -2
1  7
2  1
2  -1
4  -6
4  -4
4  -4
1  7
1  7
2  1
8  8
3  -1
3  -2
2  0
4  -5
1  5
2  0
1  7
8  7
1  7
5  5
1  5
2  1
4  -4
1  7
2  0
3  -3
1  6
1  5
12  -3
1  5
1  5
8  8
6  -3
12  -1
5  7
2  -1
2  0
2  0
9  -1
1  6
10  6
4  -6
1  5
2  1
3  -1
5  6
2  -1
3  -1
2  1
5  6
3  -1
5  6
1  7
5  5
5  7
5  5
9  -1
1  5
3  -2
2  1
10  7
1  5
1  7
8  8
2  0
3  -1
2  -1
4  -4
2  1
4  -5
2  -1
5  5
2  1
1  6
2  -1
3  -2
13  -2
4  -6
2  -1
1  5
7  -1
4  -6
2  0
2  -1
2  0
5  7
3  -2
2  1
1  7
1  5
1  7
3  -1
1  5
10  6
1  5
1  6
4  -6
3  -1
5  6
1  6
4  -5
4  -4
1  5
2  1
2  1
5  5
1  6
3  -2
1  6
6  -4
3  -3
2  -1
12  -1
7  -1
3  -1
2  -1
2  0
1  5
5  5
2  0
2  -1
1  6
1  7
3  -2
2  0
1  7
3  -1
4  -6
3  -3
4  -4
3  -1
2  -1
2  0
1  5
1  5
3  -2
1  7
7  -1
5  7
1  5
4  -6
4  -6
1  7
1  7
6  -2
14  0
4  -5
4  -6
11  -6
6  -2
1  6
2  0
4  -4
5  7
1  5
7  -1
5  7
3  -1
6  -3
4  -5
4  -4
11  -5
1  5
5  6
4  -6
1  7
2  0
3  -2
1  7
1  7
4  -5
1  6
1  5
1  5
8  8
11  -6
8  6
1  5
9  1
4  -5
2  1
2  0
4  -4
3  -1
1  5
1  6
11  -4
2  -1
1  6
4  -4
1  5
1  6
1  5
5  7
4  -6
1  7
8  7
3  -3
5  7
4  -4
4  -4
3  -2
1  7
1  6
12  -1
1  7
5  7
3  -1
1  7
1  6
4  -4
1  7
5  6
2  1
4  -5
1  6
3  -2
1  6
4  -6
2  0
6  -2
1  5
2  -1
5  7
3  -2
4  -4
7  0
1  6
3  -3
3  -1
8  6
2  -1
1  5
1  6
3  -3
2  0
5  6
1  5
2  -1
2  1
1  5
1  5
1  6
1  6
1  5
8  6
3  -1
2  -1
6  -4
4  -5
10  8
2  -1
2  1
8  7
1  6
4  -4
2  0
5  6
1  5
6  -3
3  -3
1  7
3  -1
1  6
13  -1
10  6
1  7
6  -3
2  0
5  6
8  8
1  5
6  -3
5  7
5  6
2  0
3  -2
3  -3
1  5
3  -2
12  -1
2  -1
2  -1
13  -3
3  -1
5  6
2  -1
1  6
1  7
4  -4
1  6
6  -3
6  -3
5  5
7  -1
3  -3
2  -1
5  6
3  -1
2  1
1  5
5  5
5  6
1  6
7  1
2  1
8  6
2  0
1  6
1  5
3  -1
1  6
3  -3
2  1
