4  -1
6  9
8  -1
3  -6
10  -7
9  -4
1  3
1  1
10  -7
5  1
17  8
6  1
1  -2
10  3
1  1
2  3
2  4
3  -5
6  10
3  -4
3  -6
6  3
5  7
1  -6
18  0
15  -1
13  4
5  -1
6  7
2  0
3  -9
5  6
2  12
22  3
2  3
6  6
2  11
4  -11
6  3
6  0
1  -3
17  4
2  11
3  -13
5  8
4  -3
2  5
3  -8
1  -4
7  3
4  -6
2  5
3  -4
9  -5
3  -4
9  -4
2  10
2  10
3  -4
1  -7
2  12
11  1
8  10
16  -1
25  1
6  0
1  -4
28  9
7  4
16  2
18  -5
4  -1
7  3
3  -1
10  2
17  6
7  1
4  -12
14  2
5  1
4  -9
5  6
3  -8
2  2
6  9
1  3
11  -1
12  -12
4  -10
23  2
5  -1
2  1
1  -4
2  12
7  2
11  4
2  5
9  -1
14  0
9  -10
4  -11
2  8
2  9
7  2
8  2
2  4
8  6
1  -5
12  -1
6  0
6  0
2  8
19  6
3  -4
11  4
7  6
2  3
4  -7
3  -1
1  0
3  -13
4  -4
8  -1
16  -2
5  4
5  1
2  0
2  9
8  -1
5  4
20  10
5  4
1  -2
6  7
18  -3
8  7
6  6
5  7
2  8
4  -13
12  -6
2  5
3  -13
2  4
2  8
4  -11
2  6
11  5
16  6
8  11
1  2
1  4
16  4
14  10
5  -3
9  -8
8  5
8  8
3  -5
9  -6
2  10
7  7
1  1
1  3
2  12
1  4
5  2
6  7
5  2
24  -8
1  -6
1  4
2  12
7  1
22  9
8  8
3  -11
20  6
23  -4
7  7
9  -3
2  8
2  7
9  -8
8  4
7  1
3  -8
7  5
1  3
3  -2
6  0
1  -2
3  -2
5  5
3  -3
2  7
6  5
5  6
8  8
3  -12
7  3
6  2
1  -2
1  -6
5  7
8  11
1  -2
1  -3
1  3
4  -3
18  -1
7  6
22  2
13  9
5  1
2  0
1  -3
1  -4
16  2
4  -8
1  2
1  -7
12  -3
23  -3
4  -9
5  1
14  -1
2  0
3  -7
1  1
9  -10
3  -4
14  -2
9  -12
1  -5
3  -12
2  5
4  -8
1  -1
11  8
10  -5
3  -4
16  2
9  -11
1  1
2  8
3  -7
5  -3
3  -13
11  -2
8  6
1  0
9  -4
3  -7
1  4
7  8
7  3
1  -6
7  -2
4  -8
3  -2
5  -4
9  -12
11  4
2  9
1  3
9  -8
1  -2
1  -1
3  -9
2  6
2  5
12  -7
17  4
3  -4
9  -8
2  7
8  0
2  8
2  11
6  6
8  3
3  -5
1  -2
11  1
7  -2
6  6
5  7
2  5
3  -1
11  -2
8  6
2  3
11  5
9  -2
4  -3
4  -3
17  8
1  0
4  -6
8  5
8  6
1  3
2  12
4  -13
2  1
1  -7
4  -13
10  -3
1  -3
39  -4
1  -6
12  -6
9  -10
1  2
5  -4
2  12
2  11
5  -3
2  7
28  8
4  -9
5  8
4  -13
19  1
14  2
4  -7
6  1
1  -7
1  3
4  -2
1  1
3  -2
5  1
9  -8
9  -11
2  7
9  -6
7  1
5  4
8  4
1  2
11  8
2  9
3  -7
3  -4
34  10
6  7
8  8
13  4
2  12
6  9
5  -2
3  -9
2  7
8  11
21  2
2  6
12  -2
1  -6
4  -4
6  5
4  -12
9  -7
2  10
7  2
9  0
3  -10
1  -6
2  6
8  11
2  0
1  0
11  0
10  -5
2  1
14  10
6  5
8  2
3  -4
4  -8
1  -5
10  -6
9  -2
4  -1
4  -13
15  4
3  -4
2  12
2  12
9  -10
3  -3
13  3
13  2
11  1
7  8
3  -3
9  -6
2  8
46  5
11  -2
8  0
8  9
3  -7
1  -2
4  -9
2  1
1  -5
6  -1
7  1
6  6
1  -3
21  10
12  -5
7  6
3  -1
5  6
2  12
2  9
6  3
3  -9
8  3
1  4
1  0
1  -3
12  -4
4  -1
10  -7
5  -2
4  -7
24  -9
2  1
11  0
2  6
2  12
5  0
6  1
1  4
2  5
12  -4
6  7
5  3
6  10
1  -2
9  -9
17  1
7  7
6  10
1  1
20  11
2  0
3  -8
1  3
6  6
4  -7
23  -4
2  8
1  -3
4  -10
18  2
5  0
24  -6
3  -12
21  9
2  0
6  7
2  1
3  -8
2  7
6  5
8  6
12  -6
1  3
6  4
6  4
2  3
32  4
1  -6
2  12
4  -6
6  1
6  6
6  -1
5  7
1  1
6  -2
1  -6
2  4
1  -3
5  6
3  -8
1  -2
4  -5
8  11
2  5
7  -2
8  10
3  -7
9  -1
5  6
6  -1
4  -10
1  -2
4  -8
4  -7
13  4
11  0
1  -7
4  -7
5  -4
4  -10
4  -3
2  7
7  10
5  -1
3  -5
5  2
7  3
2  4
1  1
10  3
6  7
2  6
8  11
7  3
4  -4
1  -2
2  10
1  -8
1  -5
9  -8
7  8
8  0
19  -1
19  4
1  2
1  1
6  3
21  6
8  -1
8  1
4  -6
10  -3
4  -3
9  -8
7  5
4  -3
13  6
5  -2
10  -4
3  -12
9  -4
3  -12
11  5
1  -4
4  -5
13  3
12  -1
1  4
2  11
4  -5
8  2
4  -2
5  -4
3  -6
1  -2
7  2
19  7
1  -6
4  -10
9  -3
16  7
1  -1
14  2
5  7
4  -11
11  6
16  5
13  4
18  -1
2  5
14  3
9  -6
9  -7
1  3
14  0
9  -4
7  3
1  -6
8  4
9  -8
4  -11
15  3
17  -1
27  -1
4  -12
1  1
8  8
5  -3
8  7
4  -7
23  0
7  -2
11  6
2  9
2  10
1  2
1  0
2  8
6  3
7  1
1  -6
1  -6
1  -7
6  8
4  -11
1  -1
1  -5
7  2
2  10
32  9
11  2
1  -3
6  0
3  -7
30  9
4  -1
2  9
3  -6
5  5
11  -2
27  5
12  -12
2  8
3  -1
6  8
1  0
2  12
4  -1
2  3
1  -2
25  10
10  -4
4  -6
1  -6
9  -4
6  1
7  0
5  3
16  7
7  5
14  10
18  2
3  -7
24  -8
4  -2
5  -3
1  -6
9  -6
1  0
29  -4
1  3
6  -2
15  1
8  4
10  2
4  -2
5  -3
3  -13
2  1
1  -8
6  3
8  9
6  0
10  -8
1  -5
8  -1
9  -4
2  1
6  2
7  -1
8  4
8  9
11  1
13  8
11  1
2  1
6  1
13  4
4  -13
18  1
2  12
8  7
9  -11
1  -8
1  3
4  -9
23  -4
6  0
4  -1
1  -5
7  6
3  -1
6  3
1  1
1  -7
5  -2
1  1
2  4
10  1
9  -6
3  -9
4  -4
4  -10
1  2
5  2
1  -5
14  8
7  -2
7  2
1  -5
8  4
6  4
11  9
3  -5
3  -11
27  -1
7  -1
7  0
3  -8
6  -1
3  -6
6  8
1  -7
2  2
1  -5
4  -7
6  3
12  -7
3  -4
1  2
9  -9
6  10
20  8
7  -2
3  -4
14  6
1  1
8  10
7  0
3  -9
5  4
3  -5
2  4
1  -5
2  6
3  -11
14  5
1  0
15  4
9  -8
6  2
2  0
6  9
4  -3
11  3
3  -10
12  -6
19  5
6  1
1  2
10  -5
2  8
5  8
4  -13
32  3
2  4
8  0
5  0
1  1
3  -6
2  6
1  3
2  7
1  2
1  -7
13  7
1  -2
1  -6
2  8
14  1
17  3
2  3
2  9
5  -3
3  -11
6  1
6  6
14  -2
5  -2
4  -6
2  3
7  6
4  -12
4  -8
6  10
14  4
15  1
2  5
7  3
2  12
3  -9
6  10
11  6
7  6
13  10
5  -2
11  9
4  -4
1  1
1  0
4  -1
3  -6
5  4
3  -12
5  -2
24  1
6  4
8  8
7  6
8  6
4  -9
7  4
12  -1
8  5
6  1
7  9
5  -2
18  -5
1  -3
3  -13
5  1
5  4
5  2
23  -6
10  -1
7  -1
27  7
6  10
17  5
6  7
1  1
6  2
1  -7
4  -8
1  -7
11  5
9  -7
2  12
10  -7
4  -9
2  2
2  0
9  -8
2  1
2  8
4  -12
6  5
10  1
15  10
2  9
11  -1
3  -7
1  -1
7  5
15  4
3  -11
3  -13
5  0
4  -10
1  -1
5  2
3  -12
1  -1
9  -6
2  1
8  6
1  -3
1  2
17  1
10  0
4  -11
7  9
5  -4
4  -10
2  1
21  6
9  -12
6  -1
5  -4
14  8
11  3
14  10
28  3
2  11
2  5
6  -2
24  -2
5  8
1  -5
12  -12
3  -5
12  -6
4  -1
8  -1
21  7
1  -8
4  -5
19  2
9  -1
7  0
18  -10
1  3
4  -6
4  -9
3  -4
4  -12
21  -2
20  8
2  3
1  -6
4  -1
8  0
8  4
3  -5
2  7
8  2
11  6
3  -7
3  -9
12  0
10  -4
7  8
4  -10
1  -7
3  -7
4  -4
8  7
5  0
4  -4
6  7
3  -9
9  -7
6  -2
6  3
3  -10
2  5
6  6
4  -7
10  0
5  8
5  4
2  10
1  3
4  -3
1  -7
3  -11
6  10
16  1
17  5
15  4
10  -7
1  -3
8  3
26  4
4  -11
1  -7
6  -2
23  -6
3  -7
7  2
1  -6
10  -2
7  10
1  4
4  -6
7  0
5  -1
2  0
1  0
1  -7
1  -8
11  7
2  1
2  2
5  -4
2  8
5  6
6  -1
8  7
