2  6
5  -4
8  -4
3  4
2  7
1  0
15  -7
1  2
3  5
1  0
6  5
2  7
16  -5
9  -3
9  -2
10  -7
2  6
6  5
1  0
1  1
9  -3
7  4
1  2
5  -4
2  7
5  -2
4  -2
6  5
1  0
3  4
7  3
1  0
3  5
17  -6
5  -4
2  5
2  6
4  -2
4  -2
3  4
2  5
4  -4
2  6
7  4
1  1
1  2
2  5
1  1
4  -3
3  6
3  6
3  4
2  5
1  2
7  3
1  2
7  3
20  -7
9  -3
21  3
1  2
3  5
8  -2
3  6
3  5
1  0
2  7
5  -3
4  -4
2  7
2  6
11  7
5  -4
1  0
6  6
2  6
7  3
4  -4
1  0
2  5
13  5
8  -4
1  1
2  7
3  5
6  7
5  -2
1  0
1  2
1  2
5  -2
1  0
1  0
1  2
2  6
1  0
2  6
2  6
5  -3
5  -4
5  -2
1  2
2  7
1  1
1  1
5  -4
3  4
22  -1
2  6
1  0
2  5
1  2
3  5
2  5
1  2
1  0
1  0
1  2
2  5
3  4
1  1
2  6
6  5
3  4
1  0
3  5
6  6
1  2
12  -7
2  5
3  6
9  -3
9  -1
4  -4
4  -2
7  3
4  -2
2  6
1  1
1  2
3  4
7  3
2  6
6  7
6  6
1  2
4  -2
1  0
2  7
7  4
6  6
2  6
1  0
2  7
4  -4
5  -3
3  4
6  7
11  5
1  0
1  0
1  2
3  5
5  -4
7  4
7  4
1  1
1  0
6  7
2  5
7  4
1  1
1  2
4  -2
1  0
3  5
6  5
10  -6
3  6
1  2
9  -2
4  -4
7  2
4  -4
5  -2
3  5
2  5
5  -2
2  5
8  -2
4  -3
4  -2
5  -3
1  1
2  6
7  4
3  4
2  7
6  7
15  -5
1  2
4  -2
1  0
1  1
3  4
6  7
4  -3
5  -4
1  0
1  0
5  -4
2  6
3  4
6  7
4  -4
5  -2
6  5
2  7
2  6
3  5
5  -3
8  -2
1  1
2  7
3  4
2  6
1  0
1  0
1  1
2  5
5  -2
2  5
1  1
3  6
5  -3
1  1
3  4
1  1
3  6
1  1
6  6
4  -2
2  6
6  6
1  2
1  0
1  1
1  2
1  0
2  6
12  -6
4  -4
1  2
2  6
3  6
2  5
3  4
2  6
3  6
2  6
6  7
1  1
4  -2
5  -2
1  2
1  0
9  -1
11  6
4  -2
1  2
5  -2
3  6
5  -2
12  -5
6  6
2  5
5  -3
3  5
6  7
4  -2
1  1
9  -3
3  4
4  -2
1  2
3  5
5  -2
2  5
2  7
3  4
7  4
3  6
1  0
3  5
3  4
1  1
9  -1
2  7
1  1
10  -7
4  -2
3  4
9  -1
3  4
2  7
5  -3
3  5
3  6
4  -4
1  1
6  7
2  7
1  2
11  5
2  5
1  1
1  2
1  0
3  5
2  6
1  2
5  -4
1  0
8  -2
1  2
4  -2
7  2
3  6
2  5
1  2
3  6
2  6
2  5
1  1
4  -2
1  2
2  7
2  7
1  2
5  -4
7  2
3  4
1  2
9  -1
2  6
2  5
8  -4
2  5
2  5
3  4
3  4
4  -3
8  -3
9  -2
1  2
1  2
1  0
4  -3
2  5
1  1
4  -4
5  -3
8  -2
5  -4
2  7
6  7
1  1
2  7
2  6
1  1
2  6
2  7
6  6
6  6
4  -3
1  1
3  6
2  6
2  6
8  -2
15  -6
4  -2
1  0
14  7
4  -4
5  -2
1  2
2  7
2  5
10  -7
7  3
2  6
1  2
1  1
1  0
2  7
3  5
2  5
1  1
19  5
2  5
2  6
1  1
2  5
16  -7
2  6
1  0
5  -2
4  -3
2  6
10  -8
4  -3
4  -3
2  5
3  4
1  1
1  2
3  6
8  -2
6  5
3  4
1  1
2  6
6  6
4  -2
5  -2
5  -4
1  0
1  0
2  5
4  -3
2  5
1  0
3  6
13  5
3  6
6  5
2  7
3  6
2  7
1  1
4  -2
1  0
3  5
5  -2
1  2
1  0
2  6
5  -4
1  0
9  -2
1  2
3  6
2  5
1  0
14  7
2  5
3  6
5  -3
10  -6
3  5
8  -2
1  0
1  1
8  -3
3  6
1  1
2  7
4  -3
1  2
1  0
4  -2
2  6
8  -4
1  2
1  1
9  -3
2  5
16  -5
12  -5
2  7
6  6
1  1
5  -3
1  2
4  -3
1  0
1  2
15  -5
1  2
1  1
14  6
7  2
3  4
3  6
2  5
3  5
2  7
2  5
3  6
5  -2
3  4
1  2
6  7
3  5
1  0
9  -2
7  2
9  -3
3  5
4  -3
4  -2
3  4
8  -2
3  4
3  6
4  -4
4  -2
12  -5
5  -4
3  5
1  2
1  0
1  0
4  -2
6  6
1  2
6  7
4  -2
3  4
1  1
13  4
4  -2
2  5
5  -4
7  3
1  1
2  6
2  6
7  2
3  6
5  -4
4  -2
2  7
2  5
1  2
2  6
7  2
1  1
2  6
1  2
5  -3
1  1
5  -4
9  -2
7  3
4  -3
11  6
8  -3
1  1
12  -6
3  4
3  4
2  6
1  0
1  1
1  0
6  5
1  0
1  2
2  6
1  1
1  1
1  1
2  6
4  -4
6  6
6  6
3  4
4  -2
1  1
1  1
1  0
4  -2
2  7
1  1
1  2
5  -3
3  4
2  6
1  2
4  -3
2  6
2  6
2  7
1  0
13  5
6  6
1  0
3  5
9  -3
5  -2
3  6
5  -2
5  -2
2  7
3  4
2  5
9  -3
2  6
1  0
11  6
1  2
5  -2
9  -1
3  5
10  -7
11  7
1  0
2  6
6  7
4  -2
3  6
7  3
5  -2
7  2
1  2
1  0
1  0
3  5
4  -4
1  0
1  0
3  6
9  -1
2  5
6  5
7  4
4  -3
1  1
2  6
10  -6
2  7
1  2
1  2
1  2
1  0
3  6
6  5
7  2
2  7
6  6
10  -7
2  5
3  4
8  -2
1  0
2  7
2  6
1  1
4  -2
3  4
1  0
3  6
3  4
12  -6
3  4
1  2
1  1
1  0
1  0
2  5
6  7
3  5
2  6
3  6
4  -2
3  5
2  6
1  0
3  6
10  -6
1  2
3  4
1  1
1  2
3  5
4  -4
4  -3
1  1
5  -2
2  7
5  -2
1  1
6  6
3  5
4  -3
3  6
5  -2
1  0
1  1
7  2
2  7
1  1
3  5
3  6
2  5
1  2
3  5
1  0
9  -2
6  6
2  7
1  1
1  0
1  1
1  1
3  5
4  -2
5  -3
5  -2
1  1
4  -3
7  2
3  5
1  0
6  6
5  -3
1  1
4  -2
3  5
1  2
6  5
3  6
1  1
1  0
7  3
1  1
2  5
12  -7
5  -3
2  5
1  0
1  1
9  -3
3  6
1  2
9  -3
5  -2
2  7
4  -3
11  7
9  -3
3  6
1  2
2  7
2  5
7  2
1  0
1  1
1  1
1  1
14  7
1  2
2  6
1  2
2  5
5  -2
3  4
3  6
4  -4
1  0
14  7
7  2
2  6
4  -3
5  -4
3  5
1  1
2  6
6  6
1  1
1  1
5  -3
3  6
1  1
1  2
3  4
6  7
1  2
1  2
1  2
8  -3
3  6
3  5
1  2
7  4
2  6
2  6
2  7
9  -1
2  7
5  -3
1  1
2  7
3  6
3  6
1  1
3  4
3  4
11  7
9  -1
1  0
7  4
2  7
3  6
12  -7
7  3
2  6
2  5
5  -4
1  2
3  6
7  4
14  7
1  0
4  -3
6  7
3  5
2  7
2  5
10  -7
5  -4
2  5
11  6
18  3
5  -3
4  -4
3  5
5  -4
1  1
9  -2
6  5
5  -4
1  1
1  2
1  2
5  -2
9  -1
3  6
8  -3
1  0
1  1
3  5
2  5
3  4
1  1
2  5
1  1
3  4
5  -4
1  1
5  -2
1  2
2  6
2  7
7  3
2  5
5  -2
4  -2
3  5
2  6
4  -2
1  1
2  6
4  -2
5  -2
13  5
1  2
1  0
2  5
1  1
5  -4
1  0
1  2
1  2
3  4
2  5
3  6
24  4
1  0
1  1
7  3
5  -3
1  0
3  6
13  6
5  -2
9  -1
1  0
3  4
1  1
3  5
3  4
2  6
9  -1
2  7
3  6
7  4
1  0
1  1
1  0
1  0
2  7
4  -4
2  6
3  4
6  5
3  5
6  5
5  -4
1  0
2  7
15  -5
4  -2
7  4
1  0
1  0
1  1
3  4
1  1
4  -4
12  -5
6  7
2  7
1  2
4  -2
2  6
2  7
6  5
4  -2
1  2
4  -4
4  -3
8  -3
3  4
1  2
6  7
1  1
2  5
9  -3
4  -2
2  6
5  -2
4  -3
2  6
1  2
7  3
2  5
2  7
2  6
5  -4
15  -5
9  -3
3  4
4  -4
1  0
2  6
7  2
1  0
1  0
1  1
3  5
4  -3
6  5
1  0
5  -2
1  0
8  -2
2  5
2  7
4  -2
9  -3
1  1
1  2
3  5
2  6
1  0
3  4
4  -2
1  2
4  -3
4  -4
1  2
8  -3
1  2
5  -3
1  0
1  2
3  5
