1  -4
2  11
1  -3
1  -3
1  -6
8  7
2  3
10  -6
1  -6
5  4
7  -9
3  -4
6  9
10  -2
7  -10
4  0
3  2
16  -11
4  7
3  2
2  11
13  1
1  -1
3  -2
6  8
2  10
1  -5
1  -1
2  9
5  0
2  3
3  2
2  8
9  -6
7  -6
3  1
2  5
8  9
12  -10
2  9
5  0
2  4
2  9
10  -1
7  -4
2  11
3  1
12  -9
3  -1
3  0
1  -6
2  6
4  3
13  -4
6  10
4  7
10  1
4  2
3  0
3  0
8  7
7  -4
5  6
7  -4
1  -2
10  -3
4  4
1  0
7  -3
16  -6
4  4
3  -2
3  0
17  1
1  -1
3  -3
8  7
2  6
1  -5
1  -3
1  -2
13  0
1  -4
6  3
1  -4
9  -6
7  -11
7  -3
9  -2
8  1
1  -6
11  2
5  1
8  9
1  -6
2  7
2  8
4  7
11  9
5  7
3  -2
18  2
9  -2
8  7
4  8
6  10
6  6
12  -11
2  4
5  3
3  2
15  -5
4  0
6  3
23  -2
8  5
5  1
10  -2
11  4
4  2
24  1
4  6
3  1
1  -2
1  2
5  8
12  -9
8  8
5  1
9  -8
3  -1
1  -2
2  9
2  5
3  -1
1  2
4  5
4  3
5  1
6  10
2  7
2  9
6  4
2  6
6  8
9  -9
6  2
10  1
2  8
1  -3
16  -4
6  10
18  -3
2  3
7  -5
11  8
5  2
14  5
8  8
10  -2
8  9
9  -9
3  -2
7  -4
19  -5
7  -9
9  -5
2  10
2  8
3  -2
1  -6
14  8
2  8
2  11
4  8
1  -3
2  6
1  -2
2  5
9  -7
14  3
4  0
1  0
1  -1
1  -5
9  -9
12  -11
20  -2
2  7
2  9
5  0
7  -9
1  -3
26  1
7  -4
2  6
10  -1
1  -5
2  4
4  7
4  0
7  -6
2  6
2  9
3  -5
14  3
7  -10
7  -11
13  -3
1  -6
9  -6
3  2
1  -3
23  0
1  2
5  7
1  1
4  1
2  3
1  2
8  3
3  -3
6  7
1  -4
14  0
1  -2
2  3
6  10
10  -6
13  0
1  2
5  4
2  6
5  6
1  -4
3  -2
6  6
3  2
2  5
1  -6
1  -2
1  -5
4  4
5  8
6  9
2  9
9  -7
6  3
4  8
16  -6
2  7
8  9
8  7
3  -3
1  -5
28  2
2  9
1  1
1  0
5  7
9  -7
1  -6
7  -11
4  7
1  1
7  -7
1  -6
12  -11
1  0
11  9
8  5
3  1
1  -5
17  -1
1  -4
1  -3
2  8
2  5
9  -8
2  11
9  -2
2  5
2  6
1  -3
2  11
2  11
1  2
6  6
11  7
12  -9
6  5
4  5
4  1
7  -7
6  8
1  -6
8  3
3  2
1  -5
8  3
4  6
2  6
2  11
3  -3
3  2
5  8
25  -2
3  1
8  8
1  -5
1  -3
4  3
7  -6
6  9
3  -4
1  -5
20  -2
1  -6
13  -1
1  0
5  3
2  6
2  8
5  6
2  4
15  -3
9  -6
1  0
8  3
8  1
3  -5
3  -3
2  6
7  -7
2  9
6  10
17  5
7  -9
7  -11
12  -6
1  -1
11  6
1  -5
2  11
4  4
3  3
4  8
16  -5
1  2
1  -5
8  9
3  -3
23  -1
10  0
1  -2
1  1
9  -9
3  0
1  2
9  -7
6  10
6  4
17  3
11  5
4  5
3  -5
12  -9
2  9
3  2
6  3
6  2
1  0
3  1
8  4
6  4
1  0
3  -5
1  -6
1  1
6  9
8  4
1  0
3  -4
4  5
6  10
3  -2
2  6
4  8
2  11
1  2
3  -5
6  7
2  6
1  -4
1  -2
8  3
6  3
4  2
2  9
7  -3
1  -1
1  1
5  1
8  1
7  -5
8  2
8  2
5  8
3  -5
10  -1
10  -2
3  0
8  6
6  3
13  -4
1  0
6  2
11  6
1  0
1  -5
2  9
1  -6
3  0
5  6
4  7
7  -3
11  7
5  6
2  6
6  3
8  7
5  1
10  1
14  0
1  -6
6  10
1  0
1  -5
12  -10
2  9
3  -4
4  2
7  -3
1  -4
12  -5
16  -3
2  6
5  7
5  2
7  -8
2  6
7  -5
1  1
22  4
2  8
9  -9
2  5
9  -6
9  -9
11  7
11  2
7  -4
4  6
3  -4
1  0
18  -5
5  1
2  8
7  -4
1  -3
1  0
6  7
3  -2
1  -6
4  1
8  6
5  7
14  1
9  -6
7  -10
3  0
9  -8
16  -11
3  -3
1  1
11  6
2  4
2  5
4  7
17  -3
7  -6
2  3
17  5
2  5
1  1
2  11
2  3
2  11
10  0
4  2
1  -3
1  -6
8  2
4  2
4  1
5  1
4  0
4  1
7  -9
3  3
11  5
8  8
14  5
1  2
4  7
9  -7
4  6
2  8
5  5
3  -1
2  7
1  -2
4  4
1  0
8  5
19  -9
1  1
7  -10
12  -9
27  -1
3  -4
2  4
1  -6
3  0
2  10
2  9
6  6
3  1
14  4
5  2
1  2
15  -6
3  -1
6  3
1  -2
7  -7
6  7
1  -6
8  1
3  0
2  4
11  4
4  8
5  2
1  1
9  -6
1  -5
2  7
10  0
14  4
16  -6
7  -4
3  0
2  4
13  -4
7  -9
17  5
6  8
7  -9
6  2
1  -2
1  -3
1  -6
3  3
11  8
15  -7
18  -1
2  4
6  10
3  -4
23  0
8  6
5  8
3  -2
8  7
10  -1
6  4
3  3
9  -3
11  9
18  -4
7  -9
2  9
2  9
4  6
1  -3
2  9
6  7
5  2
2  5
1  0
1  -1
3  -3
4  3
5  2
2  8
8  3
6  4
5  5
1  -3
5  4
2  8
23  -1
8  6
1  -1
12  -9
1  -2
1  -3
1  1
3  -5
9  -3
2  6
6  7
4  5
10  0
5  0
1  -3
3  1
1  -3
6  9
14  0
3  3
8  1
5  5
7  -7
4  0
1  -6
14  6
1  -1
4  4
1  -5
1  1
3  -4
4  5
2  7
2  5
6  10
1  -2
1  -5
4  6
7  -7
1  -6
12  -7
2  7
10  -6
9  -1
19  -6
1  1
1  0
11  2
4  1
5  6
1  -6
1  -2
2  11
17  -2
1  0
3  3
1  1
5  7
9  -4
1  -1
1  1
4  2
2  6
4  5
5  5
10  -5
2  7
1  -3
5  6
1  -2
11  7
4  4
4  4
6  5
4  1
2  5
10  2
4  2
9  -7
4  0
2  8
1  0
9  -2
7  -11
3  -4
3  -2
3  -5
1  0
6  4
14  3
1  1
2  3
23  5
1  2
6  3
10  -2
3  0
9  -1
2  5
6  7
10  -6
3  2
9  -7
3  2
2  3
5  2
5  8
9  -3
3  -2
5  2
1  0
3  -4
2  3
2  5
4  7
6  8
5  5
8  5
4  3
2  5
1  -1
5  0
1  -6
4  1
2  10
10  -1
12  -8
3  -1
3  3
13  -4
2  4
6  4
3  -1
3  -5
17  2
9  -8
2  3
6  10
4  8
9  -4
2  4
3  2
3  -1
7  -9
7  -5
3  3
12  -6
1  0
2  11
4  2
11  2
20  -3
1  -2
3  -2
10  -5
4  1
7  -7
1  -3
3  -3
12  -10
2  5
15  -6
4  7
2  4
1  -2
5  1
1  0
5  5
1  -1
1  2
1  1
11  5
9  -4
1  -5
2  8
8  4
8  2
2  3
1  -6
12  -6
5  1
2  11
1  0
5  3
2  3
2  5
1  -2
24  2
1  0
1  -4
2  10
17  -2
1  -2
16  -11
7  -6
19  -8
5  0
5  1
1  -2
3  -3
1  -3
1  2
3  0
7  -10
10  -2
10  1
5  5
3  -2
1  2
15  0
1  -4
2  7
3  1
6  8
19  -8
5  3
1  2
14  5
1  -3
10  -1
1  -1
2  3
3  2
1  1
6  2
3  -1
6  7
1  -1
5  5
1  0
6  6
7  -5
5  6
2  6
4  4
3  2
10  -6
1  -3
5  5
9  -7
1  0
2  8
3  1
6  7
7  -10
7  -8
10  -5
1  -1
8  7
3  -3
5  1
7  -7
1  -2
6  7
1  1
6  7
2  11
8  8
4  8
9  -5
2  7
12  -9
5  8
1  2
4  7
7  -10
3  -5
2  9
3  -1
14  0
9  -9
9  -1
7  -8
4  5
2  3
2  7
5  0
13  -3
13  -2
4  2
13  -4
8  4
1  -3
18  -3
1  1
3  -2
12  -4
5  6
3  1
5  8
1  -1
5  0
5  4
3  -3
3  1
4  7
4  1
5  0
10  -2
1  -4
8  2
7  -5
5  3
3  -4
5  6
3  1
7  -9
17  3
1  -1
2  11
5  8
11  4
1  -5
3  -4
4  0
2  4
1  -5
1  2
13  -4
14  2
4  4
1  -6
23  0
2  7
14  0
3  1
6  6
4  4
4  3
2  5
1  -4
3  -1
2  9
2  8
18  -2
1  1
8  9
3  -1
4  6
2  8
4  0
14  1
6  5
3  0
11  10
4  3
7  -8
4  8
2  8
3  3
8  8
2  5
8  6
1  -6
2  5
1  -5
3  -5
9  -5
7  -8
3  -1
4  4
8  1
2  5
6  7
1  1
2  11
15  -8
1  -4
9  -6
6  2
7  -10
7  -9
10  -5
1  -3
1  0
9  -8
2  4
3  -5
3  -3
7  -10
2  6
25  -9
7  -9
3  3
7  -8
8  2
9  -4
1  0
