5  -7
13  6
6  0
12  8
4  5
11  1
3  2
15  12
10  -7
11  11
11  10
4  -1
1  0
9  -1
4  8
21  5
32  -5
12  10
2  -7
8  0
3  0
3  0
19  10
30  -11
3  -2
9  -11
8  1
26  -4
7  -2
1  -11
4  -2
4  8
1  -1
21  0
25  -4
2  -9
2  -5
14  7
4  3
9  -10
16  4
6  -4
2  -9
2  1
9  -12
6  -10
13  8
8  -1
4  10
2  4
11  8
1  -5
3  -1
19  -2
7  5
7  1
7  6
16  9
10  -3
4  5
3  1
2  -8
8  -6
7  -7
6  -3
9  -3
6  -11
7  -4
15  1
2  -7
3  2
1  -4
14  8
5  -1
7  -2
11  -2
2  -5
3  7
17  8
5  -7
9  -2
4  3
13  9
8  2
2  -8
2  -7
29  9
1  -11
14  10
1  -10
4  1
3  7
1  -9
9  -3
9  -1
3  6
11  -2
3  -3
11  10
3  3
3  3
1  -6
3  5
12  1
8  -6
5  5
2  -7
5  -4
6  1
6  -8
25  -8
11  -1
8  -7
3  4
9  -6
3  -2
14  0
5  -5
6  -9
3  8
9  -8
9  -13
4  5
1  -4
3  5
25  -6
11  11
6  -2
11  1
3  7
24  -1
1  -1
9  -5
14  -2
6  -11
12  7
15  6
18  -6
7  4
7  -3
9  -2
4  4
7  4
3  -5
7  5
6  -7
1  -6
11  0
3  3
15  10
2  4
25  -6
7  -2
9  -11
1  -5
19  3
3  5
2  1
4  0
3  2
5  -5
11  2
1  -11
5  6
1  -9
2  -6
2  3
2  -7
13  -1
31  3
3  7
3  3
1  -7
1  -11
6  -2
5  5
8  -6
3  3
6  -1
4  5
3  -3
19  8
2  -2
2  4
13  1
9  -10
5  4
3  -1
33  -2
17  6
7  6
10  -5
7  -4
1  0
1  -7
1  -4
4  0
3  9
2  3
7  4
2  -1
1  -11
18  4
4  -2
18  -3
6  1
2  -9
20  -8
8  1
13  2
1  -10
6  -8
1  -2
6  -4
1  -11
11  10
5  1
2  1
3  1
1  -2
2  0
11  -2
6  3
1  -13
6  -6
1  -6
1  -12
2  -1
3  2
2  -5
3  4
13  13
1  0
4  11
8  -12
2  5
5  -6
14  10
2  2
17  0
7  4
2  -5
6  -3
10  2
5  6
6  -11
7  7
10  -3
26  -1
3  -2
14  6
4  -2
1  -6
5  -4
2  -1
13  11
8  -4
8  -7
14  1
7  1
18  1
11  5
4  5
8  -4
2  3
5  -1
3  -2
9  -6
2  -6
3  -2
29  7
15  -1
2  -4
1  -5
1  0
3  1
6  -9
11  12
5  -1
9  -14
3  2
2  3
21  2
12  1
21  -1
9  -11
1  -11
2  -1
4  6
14  1
1  -9
9  -1
25  -12
22  -9
1  -5
31  2
1  -1
38  -1
18  6
1  -12
5  5
11  11
6  0
1  -4
5  -6
10  2
27  5
13  -1
7  1
1  -5
7  0
8  -2
11  0
5  7
3  9
5  3
2  -8
8  -2
1  -7
3  5
3  -3
3  -5
1  -10
10  -8
5  0
8  -3
20  -8
6  3
13  1
4  3
10  -3
7  0
1  -7
5  5
9  -11
24  4
17  -3
4  -2
3  -3
1  -8
26  -11
4  2
16  11
4  4
5  -7
4  5
10  0
9  -3
6  -3
11  1
5  -3
14  9
17  8
9  -11
10  -9
2  -9
6  -4
20  3
42  -14
12  -3
9  -6
3  0
1  -9
9  -2
14  8
7  0
13  5
11  3
1  1
2  -5
3  6
3  -1
3  5
18  -6
3  7
1  -7
10  -11
18  1
22  -12
2  -2
1  -10
8  -9
9  0
7  7
12  9
17  6
1  1
6  -8
1  -3
8  1
3  1
7  -6
5  -4
2  -2
4  10
7  -3
1  -7
1  1
4  10
17  1
10  -10
2  -6
6  2
2  -1
11  12
20  -9
1  -7
10  -8
8  1
4  5
1  -10
3  9
4  7
2  -5
2  0
1  0
5  -4
3  1
11  9
1  -7
4  9
5  3
7  -4
1  -3
17  9
1  -2
11  7
10  3
1  -1
5  7
23  -8
6  -7
9  -5
1  1
9  -6
2  -5
1  -6
1  -4
3  4
8  -11
11  -1
5  1
1  -10
26  -2
12  9
15  2
4  0
1  -2
11  6
2  -4
6  -10
14  1
3  5
5  5
2  -1
17  3
3  0
11  10
8  -2
2  3
3  -2
15  3
2  -5
3  6
2  0
5  -7
3  -2
5  -6
7  7
6  3
9  -10
12  6
18  0
19  4
28  8
16  0
11  4
20  2
16  8
4  -2
8  -7
11  2
1  -11
14  2
14  7
3  9
12  11
4  4
3  9
15  5
3  -2
1  -6
5  0
6  -11
2  -7
7  4
2  5
11  12
5  1
11  -1
4  4
3  5
5  7
6  -6
1  -8
3  5
11  -2
6  -9
7  -1
4  1
2  3
12  11
1  -11
2  -3
6  -8
3  -4
4  -1
3  -5
37  -12
4  2
9  0
5  -7
25  -6
9  -11
4  10
1  -5
17  3
12  0
4  7
21  -7
7  0
6  -1
3  -4
27  5
3  3
1  1
6  -6
4  7
16  1
11  1
8  -4
11  8
15  1
11  5
23  -11
39  -3
1  0
3  2
1  -11
1  -11
8  -9
8  -9
24  -2
5  -7
4  2
3  -2
1  -10
2  -1
6  -1
4  2
5  0
2  -2
2  0
1  0
25  -11
4  10
7  -2
11  9
33  -14
6  1
34  3
2  -3
5  4
11  10
9  -13
6  -7
26  -11
3  8
25  -2
14  0
4  -3
2  5
7  -1
19  0
8  -11
7  2
1  -10
3  6
2  -2
1  -13
2  -6
3  3
16  1
20  0
3  -1
13  1
1  -8
7  0
6  -6
1  0
9  -4
6  3
8  1
1  -9
3  6
3  5
7  7
1  -3
2  -3
2  -1
5  7
6  -7
17  0
1  1
41  6
6  -1
2  -3
6  -2
3  8
11  0
14  10
1  0
5  -7
7  5
6  -4
8  -1
2  2
14  5
2  -7
12  3
25  -1
7  -2
42  -1
1  -1
4  0
4  6
11  7
1  -2
3  -3
2  0
5  7
3  -2
4  11
4  6
4  2
13  10
9  0
2  1
20  0
2  2
15  8
1  0
5  -7
2  -3
21  2
2  -5
4  8
26  2
6  -10
3  4
1  1
2  2
7  -6
10  2
3  4
5  6
1  -1
1  0
9  -10
10  3
18  -5
3  2
11  1
31  -3
17  9
4  4
2  2
3  6
5  1
1  -12
12  11
12  2
6  0
4  7
1  -13
13  4
3  2
4  11
1  -5
1  -8
3  0
1  -11
5  -3
12  1
10  0
1  -5
17  -2
2  5
24  -8
3  4
4  10
3  -4
3  -3
7  5
4  0
1  -8
3  -3
8  -3
11  -1
1  -13
8  0
2  -7
6  -7
2  1
14  3
5  4
4  -3
4  10
7  1
3  -5
2  -2
11  10
2  3
15  3
5  3
3  4
4  0
17  8
11  9
7  -7
9  -4
8  2
3  -3
13  6
3  4
12  4
6  -4
7  7
11  7
15  2
34  -6
7  6
3  1
1  -4
8  -3
2  4
3  -1
6  3
2  -4
4  3
2  4
5  -2
7  -6
4  10
8  -12
13  10
8  2
1  -7
1  -4
3  5
3  -1
14  1
5  5
7  2
5  -6
21  -4
4  -2
7  0
23  -11
13  10
13  -1
7  4
2  -6
17  5
3  0
1  -5
13  11
1  -13
10  -11
3  6
5  6
2  1
24  -9
3  -4
9  -14
10  -9
3  8
8  0
13  5
2  -4
3  -3
2  -8
6  -11
2  1
23  -4
2  1
3  3
16  5
1  -2
16  7
13  12
1  -6
4  11
3  4
1  0
6  -4
2  0
1  -8
1  -11
14  7
1  -12
2  1
4  2
7  0
5  3
10  -6
4  3
9  0
6  -2
2  1
4  4
1  -10
16  3
14  5
5  -5
13  9
5  5
6  2
2  -9
2  -5
11  6
5  -5
12  1
5  7
2  3
4  0
3  -1
2  -8
9  -11
3  7
4  3
2  2
14  2
6  -11
2  -2
3  8
10  1
6  2
13  11
2  -5
3  5
23  1
40  10
13  12
6  -7
8  0
4  6
3  -4
2  -1
1  0
2  -3
1  -2
15  7
3  6
8  -2
2  -1
17  1
1  -2
4  8
3  5
4  11
1  -2
1  -13
5  -6
4  0
1  -3
6  -3
25  -6
2  4
2  1
10  -3
3  -5
6  1
9  0
4  1
6  2
35  8
9  -4
1  -2
3  3
3  -5
3  8
8  -10
7  -7
2  5
2  -3
1  -5
7  -2
1  -7
16  4
9  -2
31  -6
1  -13
5  -6
1  -6
5  -4
2  -4
1  0
3  -4
3  6
25  -9
11  5
3  -4
12  6
2  1
6  -1
8  -2
9  -4
16  3
1  -8
13  13
2  -2
2  -1
12  -1
7  4
18  0
6  -1
19  3
4  -2
2  0
7  7
11  11
25  -13
1  -13
1  -8
4  -3
1  -13
12  1
21  2
7  -2
5  -3
35  -1
4  10
38  -9
3  0
7  0
4  1
2  -2
2  2
8  -3
15  11
3  8
2  -8
5  -3
1  -8
16  10
7  2
4  5
3  0
11  6
8  -7
5  -4
3  8
2  5
10  -1
3  5
6  -2
6  1
3  8
12  1
6  -10
2  0
11  5
16  3
4  5
1  -3
6  -7
11  5
1  -10
4  10
19  2
4  8
1  -12
8  1
2  -7
6  -4
13  11
7  -1
3  1
15  8
21  -7
12  5
2  -4
13  7
3  1
6  0
17  3
9  -3
1  -4
6  -2
