11  -7
9  3
6  -8
4  -2
7  -1
6  -6
21  1
3  3
20  -1
1  -3
4  -6
16  -6
3  4
6  -5
9  1
1  -1
4  -3
6  -6
8  4
1  0
2  -2
15  3
5  2
23  -7
3  5
8  6
5  2
2  -2
5  2
2  -2
22  -6
2  -4
1  0
10  3
8  4
27  7
13  0
4  -6
10  7
33  0
9  0
1  -1
3  5
6  -9
15  2
15  1
8  8
2  -3
2  -2
5  2
7  -4
2  -6
6  -5
1  0
11  -7
9  2
7  -3
37  -4
7  -4
8  4
4  -2
2  -5
12  -4
6  -6
11  -5
1  -2
8  4
1  -1
8  4
6  -5
12  -5
24  -7
1  -1
9  1
10  7
3  4
7  -3
13  -2
3  3
2  -6
12  -5
21  0
4  -4
4  -2
3  5
59  7
7  -4
14  -7
12  -7
21  2
8  6
12  -5
4  -5
1  -2
7  -2
3  6
4  -6
10  6
3  5
16  -7
13  1
12  -3
7  -4
1  0
8  4
13  -2
11  -8
16  -3
1  0
9  0
3  7
3  5
2  -5
24  -9
3  4
14  -7
11  -8
11  -7
33  2
6  -9
4  -5
2  -3
3  6
6  -9
10  3
6  -5
2  -2
4  -4
8  6
26  2
3  7
9  0
2  -2
11  -5
1  -4
2  -3
7  0
16  -3
17  -7
1  -1
3  5
16  -4
5  3
7  -3
2  -2
3  4
3  7
5  0
2  -6
10  5
4  -2
10  7
11  -8
5  4
19  -7
13  -1
6  -6
12  -5
11  -6
1  -4
9  3
1  -1
1  0
4  -3
2  -6
11  -9
5  4
4  -4
15  3
3  7
3  4
3  7
9  1
4  -2
8  7
27  9
32  -7
5  3
8  8
16  -4
8  8
2  -6
5  0
4  -4
9  0
1  -2
1  0
2  -4
9  2
16  -5
7  -2
4  -4
4  -2
8  5
1  -3
25  -3
1  -4
4  -3
20  1
12  -6
1  -3
6  -7
1  -2
8  8
3  4
10  5
3  6
8  5
12  -4
27  6
5  1
6  -8
7  -3
10  5
4  -5
46  6
14  -6
9  4
13  2
5  1
10  6
9  0
9  2
23  -6
22  -4
11  -6
1  -3
5  1
5  4
14  -6
1  -2
12  -7
3  6
7  -2
13  -1
24  -6
3  6
5  0
1  -1
5  0
2  -4
14  -5
1  -1
9  4
11  -8
4  -5
3  3
3  3
11  -5
27  5
9  3
13  1
9  3
2  -3
1  -4
6  -8
9  0
4  -3
1  -3
3  3
1  -4
16  -3
2  -5
8  5
15  0
9  3
1  -1
27  7
4  -2
5  0
2  -6
8  4
3  7
4  -5
12  -3
6  -7
1  -4
7  -1
20  3
2  -3
4  -4
3  3
7  -4
16  -3
7  -4
3  5
7  -1
12  -3
1  0
12  -5
7  -4
2  -3
16  -4
3  6
3  6
10  6
5  2
16  -6
9  3
2  -6
2  -4
19  -5
5  3
11  -6
7  -1
7  -1
3  7
3  4
26  -2
10  3
1  -2
5  3
5  3
5  2
13  -2
4  -4
5  4
7  -4
16  -4
1  -4
17  -9
10  5
1  -4
13  2
2  -5
3  5
31  8
7  0
2  -3
7  -2
26  2
3  4
1  -1
13  -2
5  4
3  6
10  4
2  -3
2  -4
11  -5
2  -3
4  -4
13  0
16  -4
3  6
25  -5
7  0
3  4
3  4
4  -4
13  1
9  3
1  0
14  -3
1  0
10  7
15  -1
4  -2
5  1
13  1
1  -2
3  7
1  -2
5  2
11  -6
10  7
17  -7
3  3
7  -2
2  -4
1  -3
1  -4
22  -7
1  -3
1  -4
4  -2
5  2
13  1
18  3
5  0
3  3
2  -5
3  7
5  1
4  -6
1  0
19  -6
5  0
32  -5
2  -4
7  -3
1  -1
5  4
14  -3
3  4
5  1
31  5
3  3
5  1
9  2
8  4
6  -8
5  4
8  4
11  -7
12  -5
8  6
7  0
8  4
21  -1
7  -1
26  2
7  -2
5  2
11  -6
9  1
9  4
6  -6
5  3
5  1
2  -3
9  1
11  -5
20  2
6  -7
2  -2
3  7
1  -2
1  -2
2  -4
1  -2
14  -5
17  -5
2  -6
1  0
11  -7
25  -3
11  -5
2  -2
36  3
9  3
17  -6
2  -5
11  -7
4  -3
5  4
3  4
13  -2
8  5
15  3
6  -6
2  -3
8  8
14  -7
4  -5
8  7
7  -4
19  -5
2  -3
7  -2
2  -6
13  -2
19  -9
9  1
5  1
7  -3
28  6
5  4
11  -5
4  -5
11  -8
4  -2
4  -5
21  -1
8  7
2  -6
3  7
36  4
3  6
1  -1
2  -3
5  4
7  -4
7  -4
2  -5
16  -5
8  5
11  -5
1  -2
9  4
9  3
5  1
6  -9
2  -3
19  -9
2  -6
1  -4
25  -3
9  1
10  7
14  -5
3  4
1  -4
3  7
6  -6
1  -4
13  0
13  -2
10  6
3  4
3  6
4  -6
3  5
11  -5
1  -4
3  6
1  -3
5  2
23  -8
5  4
5  3
6  -5
3  6
5  1
3  5
8  4
13  0
3  3
1  -2
34  -1
2  -2
2  -4
1  0
30  0
2  -6
7  0
34  3
4  -2
15  1
8  5
12  -6
39  6
5  4
2  -5
4  -3
18  3
2  -5
4  -6
2  -6
6  -7
4  -2
20  3
2  -4
4  -3
1  0
13  2
7  -1
4  -2
5  3
1  -3
4  -4
17  -9
22  -5
3  4
3  7
12  -6
3  4
8  7
3  3
5  4
1  -2
13  1
12  -6
6  -7
2  -2
6  -9
5  1
27  7
16  -3
13  0
15  -1
2  -3
19  -9
1  -3
5  2
17  -9
11  -9
3  4
7  -2
16  -6
14  -3
9  0
24  -9
21  2
5  3
4  -4
3  3
11  -8
10  7
5  2
9  0
2  -3
23  -7
12  -4
7  0
38  5
2  -2
9  0
2  -2
13  1
15  1
3  7
1  -2
12  -3
2  -6
3  3
21  0
5  1
7  -2
2  -3
7  -3
3  6
4  -2
9  0
2  -3
25  -5
14  -5
6  -5
4  -2
7  -3
6  -6
21  0
2  -5
16  -6
30  2
11  -9
7  -1
8  4
6  -5
4  -2
4  -6
7  0
22  -8
19  -8
12  -3
5  0
31  6
2  -2
28  3
2  -5
7  -2
4  -3
13  -1
10  6
11  -6
8  8
2  -4
1  0
46  7
5  1
15  1
12  -7
4  -2
24  -9
24  -5
7  -4
33  2
3  4
1  -2
1  -1
6  -8
5  3
1  -4
1  -4
3  5
1  -2
12  -7
33  -1
15  2
6  -7
16  -5
9  2
1  -1
3  6
1  -4
12  -7
9  3
6  -7
18  2
11  -7
20  -1
11  -5
6  -9
9  0
7  0
19  -9
4  -3
3  5
1  -1
3  5
1  -1
3  5
3  3
2  -3
15  0
2  -2
7  -2
1  -4
3  7
2  -6
6  -9
8  5
18  1
18  -1
15  2
5  4
15  3
3  7
2  -2
26  0
19  -9
20  2
6  -5
5  2
1  -3
1  -3
10  4
28  2
11  -6
2  -6
17  -5
1  -3
10  5
3  5
5  1
2  -6
2  -4
21  3
7  -2
7  0
3  4
14  -7
3  4
9  0
21  0
5  4
19  -7
15  1
11  -6
4  -2
1  -1
7  -4
5  3
2  -4
6  -8
2  -3
31  5
9  2
4  -2
7  -2
17  -9
1  -2
12  -5
1  -1
2  -5
4  -6
5  1
1  -4
2  -6
11  -5
5  0
12  -6
19  -6
15  -1
10  5
3  6
13  2
3  5
1  -3
20  0
4  -2
9  0
7  -3
2  -2
4  -4
2  -5
7  -3
9  0
16  -7
5  2
27  6
1  0
5  2
26  -1
14  -7
11  -9
10  3
2  -6
10  4
2  -4
11  -6
8  5
2  -6
13  -1
3  3
23  -4
9  4
3  7
11  -8
7  -1
13  0
6  -7
5  3
1  -3
11  -9
14  -5
3  4
4  -4
4  -2
10  7
38  5
5  1
1  -2
5  0
6  -5
15  2
12  -5
1  -3
13  -1
30  3
6  -8
1  0
4  -4
12  -5
4  -4
4  -5
6  -6
5  4
2  -5
15  0
12  -4
2  -3
4  -2
5  2
8  8
10  6
7  -1
27  5
9  1
9  1
5  0
4  -3
2  -5
50  -2
2  -3
2  -6
9  2
6  -6
4  -2
3  6
11  -5
3  4
5  4
17  -7
4  -6
6  -5
15  0
4  -5
13  1
3  3
4  -6
3  3
4  -5
3  7
22  -8
7  -3
7  -2
5  0
52  -3
23  -4
7  -4
3  3
9  4
1  -4
4  -5
3  4
4  -6
2  -4
3  7
8  4
1  -4
1  -2
2  -6
14  -5
2  -2
2  -2
6  -8
4  -3
4  -4
10  5
6  -6
3  3
2  -5
2  -6
5  2
8  7
6  -5
4  -5
9  3
1  -3
4  -3
21  0
4  -5
5  3
2  -4
11  -5
1  -2
1  -2
11  -8
2  -4
8  7
23  -7
3  5
6  -8
11  -5
3  3
1  0
6  -6
24  -5
12  -7
4  -5
14  -6
4  -5
5  0
31  5
5  0
1  -4
3  5
1  -3
5  2
1  -3
2  -5
19  -7
1  -3
3  3
5  4
2  -2
15  3
6  -8
6  -9
3  3
13  -1
23  -5
11  -6
3  4
5  2
14  -4
7  -3
6  -9
1  0
3  5
1  -1
1  -4
1  -1
14  -3
3  6
14  -3
4  -6
10  4
1  -4
14  -3
2  -5
2  -2
7  -4
7  -3
19  -9
6  -7
22  -7
11  -9
1  -1
4  -3
1  -4
9  1
3  4
1  0
6  -8
7  -3
7  -2
15  3
14  -3
9  4
11  -6
3  4
4  -5
22  -4
4  -3
17  -9
1  -3
2  -4
6  -7
