1  1
1  1
1  2
1  1
2  -1
1  -1
3  -2
2  -3
1  0
2  -3
3  3
4  6
1  -3
2  -2
1  -2
1  0
3  4
9  -8
1  0
1  -1
4  3
1  -3
1  0
1  2
2  0
2  -5
1  2
6  -5
6  -9
2  -2
1  -3
4  3
1  0
2  0
2  -4
1  0
2  -5
1  1
1  -3
1  0
1  -2
1  -1
3  1
5  8
1  -4
1  1
6  -10
6  -9
1  1
2  -4
1  -1
2  -4
1  -3
1  2
1  -3
1  1
4  9
1  -4
3  0
2  -5
1  0
2  -1
1  -1
5  3
3  4
5  4
10  -2
2  1
1  -4
2  -4
2  -2
4  5
2  -1
1  -1
4  5
5  5
1  1
1  0
3  0
1  -2
2  -4
1  0
2  1
1  -2
7  -4
5  7
1  -4
3  3
3  2
2  -3
1  0
1  0
1  2
4  8
2  -4
1  1
1  -2
3  -2
1  -3
2  1
5  4
4  7
1  0
4  6
1  1
1  1
4  5
2  -1
4  4
7  -1
1  2
7  2
1  1
1  0
3  3
1  -1
1  -3
4  9
1  2
7  2
3  1
3  4
1  -1
4  8
6  -7
1  -4
3  4
1  -4
1  -3
1  -1
2  -5
6  -6
6  -9
1  -3
2  1
1  2
1  -1
3  0
2  -3
1  1
1  1
1  2
4  7
3  0
2  -4
3  -2
1  2
1  1
9  -2
4  6
4  3
1  -4
1  2
2  1
2  -2
1  1
1  -1
1  2
2  -1
4  9
9  -7
1  -2
1  -3
1  -4
1  2
3  2
5  5
6  -9
2  -4
1  -4
1  -3
3  -1
5  3
5  8
3  -2
2  -1
1  -2
7  -3
3  3
3  1
2  -2
3  0
1  -3
3  -1
1  -3
1  2
1  -1
3  -1
1  -4
2  -2
2  1
5  4
1  -3
1  -4
3  0
5  8
1  -3
2  -1
1  -3
1  -3
1  1
1  -2
2  -1
2  0
2  0
3  -1
5  4
1  -1
4  6
1  0
1  -4
1  1
2  -1
1  -3
1  2
3  -1
9  -5
1  1
2  0
2  1
2  0
3  -2
1  -2
9  -2
1  -1
2  -5
2  -1
3  3
3  2
10  4
1  -4
2  -3
2  -4
2  -4
1  -1
2  -2
2  1
4  8
5  4
2  -4
9  -2
1  -1
1  -1
2  0
1  -3
4  4
4  3
1  0
8  4
1  -4
1  1
1  1
2  1
3  0
1  -3
2  -1
10  -2
7  -3
1  1
3  4
2  0
1  2
1  1
2  -1
4  6
2  -4
1  0
3  3
3  0
4  9
1  -2
1  -2
1  -1
2  -1
1  -2
2  1
3  1
2  0
4  5
2  -3
1  0
5  6
5  4
2  -3
2  0
2  -2
5  4
1  -4
1  -3
2  -5
3  -2
10  3
6  -4
2  1
1  0
8  8
5  7
2  -4
2  0
3  3
1  -3
1  -2
2  1
1  -4
2  -1
11  4
1  -3
3  4
3  4
2  -1
4  5
2  -3
2  -5
2  -3
1  -4
1  -1
2  0
2  -1
1  0
2  -3
2  1
2  -3
2  0
2  -4
1  2
1  -4
4  9
1  -4
1  0
2  -2
1  -2
1  -2
1  0
3  -2
5  4
2  -3
4  7
1  -4
1  -3
2  -1
2  -1
1  -3
1  0
3  0
3  0
5  3
3  3
1  -2
3  3
3  2
1  2
2  -3
4  4
4  4
1  -3
3  4
2  -4
1  1
2  -3
7  1
3  0
2  -4
3  4
1  0
4  8
1  2
2  -5
1  -4
12  -6
2  -4
4  3
2  -4
1  -4
2  -3
2  -1
4  8
3  -1
2  -3
4  3
1  -4
1  -4
1  -1
6  -10
4  9
3  -2
2  0
3  1
1  -2
2  -2
2  1
6  -8
1  -4
6  -5
1  -2
1  -4
4  6
2  -1
1  -2
6  -4
2  -1
2  -4
3  4
2  -3
1  -1
1  -3
5  8
3  2
3  3
1  -3
3  4
1  -4
1  -4
1  -4
1  2
2  -5
3  -2
1  1
4  7
1  -1
1  0
6  -4
5  6
1  -2
1  -2
1  -3
2  0
1  -2
1  -3
5  3
1  2
2  1
1  -4
1  2
3  1
1  0
1  -1
5  4
1  -2
4  8
1  -3
6  -10
3  4
1  -2
4  8
2  0
2  -3
1  -2
1  -1
5  2
2  -1
5  4
1  -3
10  2
6  -10
3  1
3  -1
3  3
1  -2
2  -2
2  -2
1  2
2  0
4  5
1  2
1  0
2  1
1  2
1  -1
2  -2
2  -4
1  -3
2  -5
3  -1
1  1
3  3
1  2
1  1
1  2
6  -4
2  0
3  -1
2  0
2  -4
3  -2
2  0
1  -1
2  -5
1  2
1  0
2  -5
1  -4
2  -2
3  2
2  -1
3  1
6  -10
2  -2
1  0
8  8
2  -1
2  -2
2  -1
3  0
1  0
1  -3
5  7
6  -10
3  -1
4  7
1  -1
1  -2
2  -3
3  2
1  -4
2  -2
1  1
3  1
2  -2
1  0
2  -2
5  8
4  8
4  6
2  -4
1  1
6  -6
3  1
1  2
4  8
4  7
1  1
7  -1
2  -5
2  -5
1  0
3  4
2  0
1  0
1  -3
6  -9
1  -2
3  -2
1  2
2  -1
4  8
1  1
1  1
6  -10
1  -3
5  3
7  -2
3  1
6  -8
1  -3
2  1
3  2
1  -4
6  -10
1  -4
1  0
1  1
1  -1
3  4
1  -2
1  -1
1  2
1  1
4  7
9  -5
1  -1
1  -3
6  -10
2  -1
1  -2
6  -6
1  2
1  -3
3  0
2  -2
1  0
2  -4
1  -3
1  -4
4  6
2  1
1  2
2  1
1  -2
1  -4
3  2
5  6
1  -1
3  -1
12  -7
1  -4
3  2
1  -4
1  -1
1  2
4  7
7  -2
1  1
2  -1
1  -3
1  2
1  1
3  -2
8  4
3  3
1  -1
1  2
2  1
12  -3
2  -5
4  7
1  -3
2  -3
5  4
4  8
1  -1
2  1
4  6
1  -2
2  0
2  1
1  0
8  5
1  0
1  -2
1  -3
1  -2
2  -4
1  -4
8  6
7  2
1  -4
1  -3
2  -4
1  -4
2  0
2  1
1  1
1  0
2  -3
6  -6
2  1
2  -4
3  0
1  0
3  3
1  1
5  8
2  -2
2  -4
1  1
1  -1
4  9
2  -4
1  -2
3  2
1  -1
2  -1
1  0
2  -2
5  4
4  6
7  -1
1  0
2  -1
4  7
1  2
1  -4
2  -2
2  1
1  -3
2  0
1  0
2  1
1  0
1  -3
3  2
4  8
1  0
4  9
2  -5
5  2
1  -1
1  -4
2  -2
1  -2
1  -1
2  -1
2  1
1  -4
1  -1
2  -5
1  1
6  -10
4  6
2  -4
1  -4
2  -2
1  1
1  -1
1  -1
1  0
2  1
1  0
1  -4
1  0
4  3
1  -2
1  0
1  0
2  -4
1  -3
4  6
3  0
1  0
2  -1
7  -2
5  4
1  -4
5  6
1  0
1  -3
1  1
1  -4
1  -1
1  0
1  -3
12  -2
2  -5
3  -2
3  -1
5  7
1  0
2  -2
1  -1
3  1
4  8
1  2
4  5
1  -1
4  4
3  0
2  -5
1  0
1  -1
2  1
5  8
7  -4
1  -1
1  -4
4  8
3  1
1  -4
5  4
2  -1
2  -1
2  -1
3  -2
1  -1
1  -1
1  -1
5  8
2  0
2  -3
2  -2
3  4
2  0
3  -2
1  -3
3  -1
3  -2
1  -3
5  7
1  -2
1  1
1  -1
2  -4
1  0
4  8
1  -4
6  -4
1  -2
2  0
1  -1
1  0
5  3
1  -4
1  -2
4  5
1  2
3  -2
2  -1
2  1
2  -3
1  2
3  3
4  5
1  2
2  -5
4  9
1  -3
3  -2
1  -4
3  0
1  -3
6  -9
1  0
1  1
6  -4
1  -2
2  -4
1  0
2  -1
3  1
2  -5
1  2
5  5
2  -3
2  1
4  7
1  2
2  -4
1  1
3  4
5  6
1  1
2  -1
1  -2
2  0
3  -1
3  -2
1  2
1  -4
7  -1
1  1
1  0
9  -4
1  -2
4  5
1  -3
1  2
2  -3
2  -5
3  -2
3  0
4  6
1  -1
1  -2
1  -1
1  0
2  0
1  2
3  3
3  -1
2  -2
2  -1
1  -4
1  2
1  1
1  -1
1  2
1  0
7  1
3  -1
1  0
3  0
1  0
10  1
1  -4
6  -6
1  -2
3  2
8  6
4  7
2  -4
1  1
1  2
1  -1
1  0
3  0
1  -1
3  1
2  -5
1  -3
1  -2
1  -4
3  -1
1  2
1  -3
5  3
3  1
5  6
1  -1
2  -1
1  -2
2  1
3  2
2  -3
2  1
1  2
2  -2
1  -4
3  4
1  1
4  4
2  1
1  1
2  -4
10  3
2  -4
2  -1
1  -3
8  6
2  -4
4  8
2  -2
6  -6
1  -4
3  0
4  4
1  -2
2  -4
1  -4
1  -4
10  3
1  -3
6  -4
10  4
1  2
1  2
1  -2
1  -1
1  -4
1  -1
1  0
1  -2
6  -10
3  -1
1  0
2  -4
1  2
6  -8
2  1
3  -2
1  1
2  0
2  -3
3  3
1  1
1  -2
1  2
2  -5
1  0
1  -3
1  -4
1  0
1  -3
2  -5
2  1
3  1
3  2
2  -3
1  0
1  1
1  -1
1  -3
4  4
2  -5
2  -1
3  4
1  -4
1  -2
2  -1
3  -1
1  0
1  -1
3  0
4  9
2  -4
6  -6
1  -3
1  0
1  1
1  1
4  7
4  9
5  4
1  -1
1  -2
2  -3
4  6
5  8
1  -2
1  1
2  -3
1  1
