1  3
1  -3
2  2
1  2
1  -3
1  -4
2  9
1  7
2  12
1  0
1  2
6  3
2  2
1  -2
1  -2
1  1
2  10
1  1
2  7
1  5
1  -3
1  -5
1  -1
1  1
4  -7
2  5
1  -5
1  -4
2  13
1  -1
2  9
1  5
1  4
1  -2
1  -3
2  9
1  -5
1  -4
1  -2
1  6
1  6
2  6
1  6
1  -3
1  1
1  7
2  9
2  5
1  -1
1  -5
1  2
1  -1
1  -5
1  1
3  -3
2  13
2  7
1  4
1  7
5  -7
2  12
3  -10
1  -1
1  -4
1  -3
1  6
1  5
1  6
1  0
1  -2
1  -3
1  4
1  -3
1  -1
1  0
1  -3
1  -5
1  6
1  -3
4  -1
1  3
3  0
2  13
1  -3
1  0
1  -4
2  8
1  3
1  7
1  1
2  8
2  8
1  5
1  6
1  7
1  6
2  8
2  6
1  -3
1  -5
2  1
1  2
3  -2
1  4
3  -9
1  6
2  3
2  3
1  -5
2  9
1  1
1  1
1  4
1  2
1  4
3  -4
1  -1
2  4
1  3
1  4
1  2
1  0
2  13
2  6
2  9
1  4
1  5
1  -2
1  1
1  0
2  11
1  7
1  3
3  2
2  12
1  5
1  0
3  -8
1  -2
1  -5
1  3
1  3
2  9
1  -4
2  4
1  5
1  7
1  1
1  6
1  -2
1  4
2  9
1  -2
6  -3
1  -5
1  5
1  -2
2  4
1  -3
2  2
1  2
1  0
1  -3
1  5
2  4
1  2
1  2
1  6
1  -5
1  -3
1  3
1  -5
3  -5
2  9
1  0
1  7
1  -5
2  3
1  -1
1  -3
1  5
3  -8
1  7
1  -3
1  -2
2  7
2  8
2  13
1  3
1  -2
2  3
1  -4
1  7
1  -4
1  -1
2  9
1  -5
1  -4
1  -1
1  -1
1  5
1  -5
1  7
1  1
1  6
1  7
1  -3
1  -3
1  3
1  -4
1  3
2  5
3  -2
1  -2
2  11
1  -2
1  6
1  3
3  -7
2  3
2  11
2  7
1  -1
1  -2
1  1
1  -3
1  7
1  -2
1  -1
1  -5
2  9
2  1
3  1
3  1
1  2
2  11
2  13
1  3
1  -4
3  -5
1  -4
1  1
3  0
1  7
1  2
1  2
1  -5
1  5
1  4
2  13
2  3
1  5
2  13
2  12
1  -4
2  6
1  2
2  11
1  -2
1  6
1  1
2  12
2  9
2  1
2  8
1  7
3  2
1  7
3  -3
1  7
3  -8
1  6
1  -2
1  4
1  2
1  3
2  3
1  7
1  2
1  -2
1  5
2  4
1  7
1  4
1  0
2  4
1  3
1  2
2  7
1  1
3  -7
3  1
1  2
1  7
1  5
1  -2
1  4
1  0
1  -4
2  4
1  4
1  -3
2  2
3  0
1  6
1  3
1  7
1  0
3  -3
1  -3
1  7
1  -2
1  5
1  -2
1  5
3  -3
1  -5
1  0
1  1
2  5
1  -4
2  10
2  12
1  7
1  -3
1  6
4  -2
1  -3
1  6
3  -5
1  1
3  -8
1  4
1  -1
1  6
1  5
1  5
1  -3
1  4
1  0
1  7
1  4
1  4
2  13
1  6
1  0
1  -1
1  -3
1  7
1  -5
1  -4
2  10
1  7
4  -1
1  3
2  11
2  4
2  9
1  -2
1  1
1  -4
1  2
1  -3
3  -3
2  6
1  0
2  6
1  -5
1  3
2  12
2  12
1  6
3  -10
2  7
2  3
2  2
1  1
1  -4
1  -4
1  1
1  4
1  3
1  1
3  -5
1  -5
2  9
1  -5
1  5
1  -3
2  9
1  -4
1  -2
1  7
1  -3
1  -1
1  -5
1  -1
1  -1
1  -3
1  3
1  1
2  13
1  -5
2  3
1  4
2  2
1  -5
1  6
1  3
1  0
1  -3
1  5
1  -4
1  7
2  6
1  5
2  11
1  7
1  6
1  -1
1  -3
2  1
2  6
1  2
1  1
1  6
1  -4
1  7
1  1
1  6
1  7
1  4
1  -1
1  -5
1  4
1  5
3  -2
1  4
1  4
1  1
2  6
1  4
1  6
1  3
2  5
1  -2
1  -4
1  2
2  4
2  10
1  5
2  8
1  -4
1  -1
2  4
1  4
1  2
1  -1
3  -7
1  -3
1  1
1  -2
1  3
1  3
1  2
2  7
1  -1
1  5
1  6
3  2
1  -5
1  4
1  4
1  4
1  5
3  2
1  0
2  12
1  3
1  7
2  2
1  2
1  4
3  -3
1  2
1  -4
1  -3
1  4
1  3
1  -1
1  -4
1  0
1  0
1  -1
1  7
1  3
1  7
1  5
1  -4
1  3
1  1
4  -2
1  -4
1  6
1  -3
1  -3
2  3
1  4
1  7
1  3
1  0
1  5
1  0
1  6
1  -1
1  -5
1  2
1  5
3  -2
1  -2
1  3
1  3
1  2
2  7
1  6
3  1
3  -10
1  -1
3  -8
1  0
1  5
1  2
1  -2
1  -4
1  -2
2  4
1  2
1  1
1  2
4  -12
2  10
1  7
2  3
2  1
1  1
2  11
2  12
1  0
2  11
1  1
1  4
1  1
1  -3
1  0
2  12
1  2
1  4
1  7
1  7
1  3
1  -2
4  -1
1  3
1  -3
1  3
1  7
1  2
1  7
1  0
2  5
1  2
1  -2
1  7
1  -2
1  -3
1  3
1  3
1  0
1  -3
1  2
1  -4
2  10
2  9
2  10
2  11
3  -9
1  -3
1  -1
2  3
1  -1
1  4
1  -5
1  -5
2  5
1  2
1  -5
3  -7
1  7
1  -1
2  11
1  4
1  4
1  6
2  9
1  3
1  -2
1  3
1  -5
1  2
1  -2
1  0
1  6
2  13
1  -3
1  -3
1  4
1  7
1  7
1  0
1  -2
1  1
3  2
1  -4
1  -4
2  7
4  -11
1  7
1  -4
1  2
1  -3
2  10
1  -3
1  7
2  9
4  -6
3  -2
1  -2
1  -3
2  6
3  2
1  3
1  3
1  0
1  5
1  4
1  2
1  0
1  3
1  4
1  5
2  13
1  -3
1  6
1  -4
2  1
1  7
3  1
1  -1
1  4
2  1
2  8
1  -2
2  7
2  9
1  -3
1  2
3  -1
2  10
3  -9
1  1
1  0
1  -1
4  -12
2  6
1  5
1  -3
1  4
1  2
1  5
4  -10
1  -4
1  1
4  -10
1  6
1  0
1  3
2  8
1  -5
4  -4
3  -3
1  0
3  -1
2  12
1  -3
1  4
1  -3
1  5
2  2
1  -1
1  6
1  6
1  7
1  2
1  -5
1  -2
1  3
3  -2
1  -3
1  1
1  -3
2  9
1  6
6  -7
1  -1
1  -3
1  6
1  0
2  12
1  4
1  -1
1  -2
1  -1
1  4
1  1
2  5
1  3
2  2
1  3
3  2
3  -1
1  0
1  -5
1  5
4  -10
1  -3
1  2
1  7
1  -3
1  1
2  8
1  0
1  -5
1  0
1  0
1  0
1  -5
1  0
1  -4
1  7
1  4
1  -1
1  -2
1  6
1  7
1  4
2  11
1  5
1  0
2  10
1  -3
1  3
1  -3
1  -1
1  6
1  -4
2  10
2  10
1  -5
1  0
2  8
2  3
1  5
1  -5
1  3
1  0
2  5
1  6
2  1
3  -5
1  4
1  -5
1  -3
1  -2
1  4
2  10
2  5
1  2
1  5
2  13
1  -2
4  0
1  2
1  1
1  7
1  3
2  9
1  0
1  7
3  -7
1  5
2  6
2  6
1  5
2  7
2  6
2  13
1  -2
2  4
1  7
1  -4
1  -5
1  -1
1  6
1  -2
1  -3
2  9
1  -3
1  -4
1  6
2  9
2  8
1  7
5  -10
2  12
1  -3
1  2
2  3
1  -2
3  -5
1  -4
1  -3
1  -3
1  1
3  -9
3  -2
3  -5
2  5
1  -2
1  -1
3  0
1  4
1  -4
1  1
1  0
1  0
1  5
1  0
2  9
1  -3
1  -4
1  -5
1  -5
4  -8
1  -5
2  5
1  7
2  6
1  -3
1  7
3  -6
1  3
3  2
2  7
2  11
1  0
1  7
1  2
3  -9
1  7
2  8
1  5
3  -10
1  6
1  -1
1  1
1  -5
3  -10
2  13
3  -6
1  5
1  -2
1  2
1  4
3  -3
1  6
1  0
2  7
1  6
2  6
1  4
2  2
2  10
1  3
3  0
2  8
1  -1
1  -2
1  -1
1  -3
1  2
1  0
2  1
3  -10
1  -1
1  7
2  4
2  9
1  0
1  -4
1  1
1  6
1  3
4  -10
1  5
1  -5
1  -2
1  -4
1  3
2  11
1  -5
1  -3
1  -1
1  -4
1  1
1  -4
1  6
1  -5
1  -5
1  5
2  13
2  8
1  7
1  7
1  4
1  -4
1  6
2  9
2  3
1  -4
3  -10
1  3
1  0
2  8
1  0
2  12
1  -1
4  -8
2  12
2  6
1  0
2  7
1  1
2  10
1  3
3  -9
1  -1
2  8
2  4
1  3
1  7
1  -4
1  6
1  -5
2  12
1  5
1  -4
1  -2
1  7
1  -3
1  -3
1  4
1  7
1  -1
4  -8
1  2
1  -5
1  0
1  5
1  -3
1  2
1  -5
1  4
2  1
2  10
1  7
1  5
1  2
1  1
2  4
1  4
1  -4
1  -1
2  12
1  6
3  0
2  11
2  1
2  4
1  3
1  3
