4  -8
11  -2
5  1
1  -1
2  0
1  -1
20  -8
1  -1
16  8
8  3
8  6
2  -6
5  1
1  -5
2  -3
11  -4
5  1
4  -7
2  -1
6  -3
18  -4
21  8
10  -4
4  -7
9  3
15  8
2  0
14  2
9  3
10  -8
2  -3
1  -2
8  7
5  2
2  -2
2  -1
2  -6
4  -3
5  2
6  -3
1  -4
2  -4
11  -2
11  1
14  8
15  5
2  0
16  5
1  -4
4  -4
8  7
1  -4
5  -1
6  -2
6  -2
3  -6
8  3
2  -6
9  -2
18  0
6  -3
10  -8
11  -2
4  -3
1  -4
19  -1
5  -2
4  -8
1  0
7  9
5  1
25  5
15  6
12  1
5  -2
3  -3
7  9
13  1
4  -3
5  -1
13  1
2  0
3  -4
18  2
5  -1
8  8
2  -2
6  -5
3  -5
1  -1
24  -1
1  -4
30  -3
10  -3
5  1
5  1
2  0
7  5
6  -3
3  -3
1  -1
6  -1
17  0
1  1
8  3
12  1
10  -6
11  -5
5  1
20  -10
23  5
21  5
20  -6
6  -4
1  -4
6  -6
1  -1
19  -3
20  -6
1  -4
7  6
3  -3
3  -7
2  -2
15  8
6  -5
12  -4
3  -9
6  -4
11  -5
2  0
4  -2
4  -5
3  -3
2  0
5  -2
4  -6
6  -6
8  6
3  -8
6  -6
2  -3
1  -4
9  4
4  -3
1  1
24  2
7  6
3  -7
16  6
2  -3
10  -5
2  -6
1  -5
2  -6
2  -5
14  7
5  4
5  -1
16  6
8  7
2  -1
7  8
22  2
2  -3
6  -3
3  -3
4  -4
1  0
4  -2
29  8
8  2
1  -2
2  -1
5  4
2  -6
2  -3
27  -7
6  -5
9  3
10  -2
11  -5
12  -5
10  -6
15  3
15  3
4  -6
5  2
2  0
10  -6
2  -3
7  5
6  -1
13  -5
2  -5
5  0
19  -3
10  -4
5  0
14  6
4  -8
2  0
7  9
13  -4
6  -4
3  -9
8  4
7  8
6  -5
6  -2
1  -5
10  -3
3  -5
17  2
3  -3
10  -7
7  7
7  7
5  3
4  -8
5  0
2  -5
6  -6
6  -4
3  -7
7  7
18  1
2  0
7  8
1  -1
4  -6
10  -2
3  -3
3  -5
1  -2
8  6
2  -1
20  -4
2  -1
1  -1
11  1
10  -3
20  -6
8  4
5  -1
1  -2
46  -3
14  5
7  4
6  -6
47  7
4  -4
10  -5
4  -3
7  9
5  1
9  -2
2  -1
1  0
1  -3
19  -3
3  -8
2  0
44  -8
2  0
4  -4
19  -1
5  4
5  -1
5  2
1  -5
9  -1
2  -5
10  -6
5  -1
1  -2
5  2
7  10
7  5
22  -1
2  -6
12  1
3  -8
4  -8
1  -3
9  -2
4  -2
7  10
2  -3
12  -4
27  -4
5  3
4  -3
14  4
11  -1
9  -1
1  -3
22  0
5  -2
11  -1
11  -1
1  -4
27  -6
24  0
15  7
1  -1
8  4
7  5
1  -1
18  -3
33  -1
3  -6
8  4
3  -7
2  -4
2  -4
16  4
23  7
11  -2
12  -2
4  -2
2  -4
5  4
5  0
1  -4
4  -6
10  -4
9  0
23  6
3  -7
7  10
3  -4
9  4
7  6
3  -7
6  -1
3  -6
3  -5
3  -4
2  -4
11  -3
5  4
5  -1
22  2
8  3
1  -4
13  -1
11  -2
5  2
3  -8
2  -3
4  -4
5  0
3  -7
1  -4
14  6
7  6
2  -3
31  -6
1  -1
5  -1
9  -1
12  -5
4  -7
3  -5
9  3
10  -6
5  -1
10  -8
7  4
1  0
22  -2
2  -1
3  -3
1  -2
29  8
6  0
5  1
26  0
14  8
1  -5
1  -4
11  -4
33  2
14  4
3  -9
1  -2
2  -1
7  10
1  1
5  0
4  -6
1  -1
20  -6
16  8
21  7
16  7
2  -2
2  -5
4  -6
5  4
14  3
8  2
2  -1
8  7
3  -6
8  2
11  -3
11  -4
50  0
14  4
2  -6
12  -3
16  5
17  -1
9  2
6  0
6  -5
13  1
4  -2
2  -5
16  7
2  -2
2  -6
3  -5
1  -1
27  -6
6  -4
2  -2
8  8
8  5
4  -2
8  7
1  1
5  0
2  -6
3  -5
16  3
2  -1
15  9
13  -1
3  -9
3  -6
3  -8
2  -3
7  10
9  1
8  6
3  -3
7  4
1  -2
1  -2
30  -1
19  -5
28  0
1  -5
6  -2
15  3
4  -6
1  -5
12  -1
1  -1
11  -3
5  -2
1  -1
12  -5
2  -5
7  4
1  -3
7  4
22  -1
11  0
8  3
3  -6
2  -2
19  -6
20  -7
1  -1
2  -5
2  -2
14  5
1  -3
4  -4
3  -4
2  -1
3  -5
2  -3
13  -3
4  -3
2  -5
6  -6
1  -5
18  0
1  1
6  -5
1  0
17  5
10  -6
9  -1
9  2
4  -6
1  1
7  8
1  -5
16  8
12  -2
9  2
1  -3
4  -4
26  -1
2  -1
9  4
6  -1
2  -6
20  -4
8  8
1  -4
6  -4
3  -7
3  -5
14  7
6  0
2  -2
10  -8
31  -5
9  2
16  3
21  6
22  1
7  5
3  -5
3  -8
15  4
24  2
1  0
17  -1
8  6
16  5
9  3
23  6
2  -2
5  1
3  -4
1  -2
4  -6
9  3
3  -9
14  8
2  -3
4  -6
24  -2
1  -4
33  -2
16  2
11  -2
17  5
2  -2
10  -6
38  -3
6  0
5  -2
12  -4
6  -3
5  0
4  -4
7  7
11  -5
11  -3
9  0
12  -5
19  -4
3  -6
2  -4
3  -6
1  -5
14  4
12  -3
8  6
4  -3
24  3
2  -3
32  -5
15  8
14  4
1  -2
38  -4
2  0
1  -4
6  -3
3  -8
2  -2
1  -2
3  -4
1  0
2  -3
2  -3
15  9
8  5
6  -4
4  -6
5  0
7  8
19  -6
12  -1
7  5
5  4
2  -3
1  -4
3  -6
21  6
7  5
10  -8
19  -1
3  -5
1  -3
6  -6
1  -4
51  3
9  0
10  -7
19  -4
13  -2
16  6
16  7
3  -5
5  0
1  -5
17  5
3  -4
6  -3
2  -3
6  -4
1  1
17  1
4  -5
6  -6
6  -4
12  -5
14  5
1  0
8  8
19  -3
28  2
2  0
9  1
27  -4
2  -4
4  -4
3  -8
13  -2
8  7
1  -5
24  -1
29  5
1  -3
9  2
15  3
15  5
15  7
12  0
3  -8
5  -2
1  -4
3  -6
21  4
8  6
11  -4
9  -1
16  4
36  -3
1  1
4  -7
13  -5
2  -6
12  -2
11  -3
14  8
9  -1
9  2
2  -1
4  -2
1  -3
7  5
9  1
6  -4
7  8
1  0
7  4
9  1
2  -2
6  -2
6  -2
4  -5
15  9
6  -2
11  -3
10  -5
28  3
17  2
1  -4
2  0
3  -8
14  6
2  -6
2  -3
9  1
15  8
8  6
5  0
5  0
3  -4
14  4
18  -2
7  10
2  -5
6  -5
15  8
26  4
4  -3
9  1
12  1
3  -6
6  -5
2  -4
14  5
9  2
42  2
18  -3
9  2
3  -8
2  -3
3  -3
1  -4
5  2
3  -9
25  6
5  4
1  -3
13  -1
9  4
6  -6
10  -8
13  -3
1  1
2  -5
7  10
3  -6
20  -4
13  -2
1  -2
7  7
8  5
1  1
2  -4
6  0
8  4
2  0
8  4
3  -8
1  -2
14  4
1  1
3  -5
4  -7
14  6
3  -7
6  -5
1  -3
12  0
15  9
3  -5
1  -2
10  -7
1  -2
17  -1
10  -8
8  4
1  -1
6  -6
4  -3
6  -5
1  0
7  9
2  -4
15  8
2  -1
1  -5
1  0
11  -4
9  1
12  -4
9  -1
3  -3
6  -1
13  -4
5  4
7  7
4  -6
2  -6
11  -5
4  -5
16  5
1  -2
3  -5
8  4
18  -3
7  6
10  -5
1  1
7  5
3  -7
5  1
1  -3
2  0
3  -3
26  0
5  2
10  -5
12  0
11  -5
6  -4
10  -6
27  -7
1  -4
4  -2
1  1
3  -3
2  0
11  0
17  3
10  -2
11  0
2  -1
1  -5
6  -1
8  5
8  6
6  0
19  0
10  -2
6  -3
6  -4
4  -4
4  -6
13  1
12  -4
1  1
12  -1
17  -1
9  2
5  3
14  6
13  -4
10  -4
1  -2
2  -2
4  -2
4  -4
4  -7
11  -2
5  -1
13  -5
19  -2
6  0
11  -3
6  -3
15  6
4  -8
1  -1
2  0
2  0
2  -3
1  0
4  -7
1  -2
1  -1
4  -3
8  7
14  6
1  -2
6  -6
3  -9
1  -1
3  -7
24  1
3  -5
6  -4
4  -4
2  0
3  -4
3  -4
1  -2
9  2
7  8
36  -7
1  -2
6  -4
1  -3
13  0
2  0
1  1
3  -6
10  -2
17  0
32  -4
3  -6
12  -4
6  -5
5  -1
8  2
15  5
4  -7
2  -4
8  3
14  7
6  -3
5  1
4  -7
11  0
1  -2
6  0
17  5
3  -7
3  -3
11  -5
8  7
19  -1
9  2
18  2
6  -3
13  -3
14  2
6  -2
19  -2
14  5
11  -5
6  -6
22  3
15  7
3  -9
26  4
5  -1
7  6
6  -5
9  1
24  -2
6  -3
25  8
9  -2
11  0
23  5
1  1
27  -6
15  5
4  -5
5  0
2  0
1  0
13  -4
3  -9
3  -5
7  6
10  -5
6  -3
13  -5
3  -6
6  -1
5  0
13  -5
16  5
1  -3
1  -3
1  0
9  1
15  5
11  -2
5  2
28  1
14  5
14  8
15  9
9  0
3  -9
10  -2
13  0
1  -3
1  -4
5  3
2  -4
12  0
24  2
4  -4
7  8
2  -2
30  -3
4  -6
14  4
5  -1
5  2
3  -3
