2  -5
1  -5
1  -7
1  -7
1  -6
2  -6
1  -5
1  -7
1  -5
1  -6
1  -7
2  -5
1  -6
1  -7
1  -7
3  4
1  -7
1  -5
1  -7
2  -5
3  5
1  -7
1  -5
1  -6
1  -5
2  -4
1  -7
6  -1
3  5
2  -6
1  -5
1  -7
1  -7
1  -5
3  6
1  -7
2  -5
1  -6
3  6
1  -5
1  -5
1  -6
3  5
2  -6
1  -5
3  6
2  -6
1  -6
1  -6
1  -5
1  -6
2  -6
1  -5
6  0
3  6
1  -7
3  6
1  -6
1  -5
2  -6
2  -4
5  1
1  -6
1  -7
2  -4
5  1
1  -7
2  -6
2  -4
1  -6
1  -6
2  -6
1  -6
1  -7
1  -6
6  -2
1  -7
1  -7
1  -6
2  -5
1  -5
2  -6
3  4
1  -7
1  -6
2  -6
2  -6
2  -6
2  -4
1  -7
1  -6
1  -7
2  -5
2  -5
1  -7
1  -7
1  -7
2  -5
3  5
1  -6
2  -6
1  -5
1  -6
1  -7
2  -5
1  -5
2  -6
2  -5
1  -7
2  -5
1  -6
1  -6
1  -7
1  -6
1  -7
2  -5
1  -5
2  -4
1  -7
3  5
1  -5
1  -6
1  -7
2  -5
2  -5
1  -6
1  -6
1  -7
3  5
1  -5
1  -6
1  -5
1  -6
1  -7
2  -4
1  -6
2  -6
1  -5
1  -7
4  -3
2  -5
5  1
2  -4
1  -6
1  -6
1  -5
1  -7
1  -5
2  -5
1  -7
2  -5
1  -5
3  4
2  -5
2  -4
4  -5
1  -6
1  -5
2  -5
2  -6
2  -4
2  -5
2  -4
1  -7
1  -5
2  -6
1  -6
3  4
1  -7
1  -6
1  -7
1  -6
2  -5
2  -4
1  -5
1  -6
1  -5
1  -6
5  2
1  -7
4  -4
1  -7
1  -7
1  -7
1  -7
3  6
2  -5
4  -3
1  -6
3  4
3  6
1  -6
3  6
1  -7
2  -4
1  -7
2  -5
1  -6
2  -6
1  -7
3  6
1  -5
1  -5
2  -5
1  -7
2  -5
1  -5
1  -5
2  -6
1  -5
1  -7
1  -5
3  4
1  -6
1  -7
4  -3
2  -5
1  -7
1  -7
1  -6
1  -6
1  -5
1  -5
2  -5
3  6
1  -6
2  -5
4  -4
5  2
5  1
1  -7
2  -5
2  -5
2  -6
1  -5
3  5
3  6
1  -5
1  -5
1  -5
3  5
3  4
2  -5
1  -5
1  -5
2  -6
1  -7
2  -5
1  -7
1  -6
1  -7
2  -4
1  -5
1  -5
1  -6
1  -7
1  -7
2  -6
1  -5
2  -6
2  -6
1  -5
2  -4
4  -3
1  -7
1  -6
3  4
1  -7
3  4
1  -7
2  -4
1  -5
3  6
4  -3
1  -6
1  -7
2  -5
1  -5
1  -7
2  -5
1  -7
2  -4
1  -7
1  -7
1  -5
1  -6
1  -5
3  5
1  -5
3  5
2  -4
3  6
2  -4
1  -6
2  -6
1  -5
3  6
2  -5
1  -6
1  -7
2  -5
5  2
1  -5
1  -7
3  5
2  -6
4  -4
1  -7
1  -6
1  -5
3  4
1  -5
1  -6
1  -6
3  5
1  -7
2  -5
5  2
2  -5
2  -5
1  -7
3  4
4  -4
2  -4
5  2
2  -4
3  5
2  -6
1  -7
3  4
4  -4
2  -5
2  -6
2  -5
3  6
2  -5
1  -6
1  -5
1  -6
1  -6
2  -5
1  -5
2  -5
1  -6
1  -5
2  -4
6  -1
6  -2
1  -5
2  -4
1  -7
4  -5
7  2
1  -7
1  -7
2  -6
6  -1
4  -4
1  -5
1  -5
2  -6
4  -5
2  -4
5  2
2  -5
3  6
1  -7
1  -7
3  4
1  -7
1  -6
1  -6
1  -5
3  6
4  -5
2  -6
4  -5
4  -3
2  -5
2  -4
1  -6
4  -3
1  -5
3  5
2  -5
2  -4
1  -5
3  4
2  -5
2  -6
3  6
4  -5
1  -7
1  -5
1  -7
1  -6
1  -7
1  -7
2  -5
1  -7
3  6
1  -7
2  -5
2  -6
1  -6
1  -6
1  -7
1  -7
1  -7
1  -5
2  -4
2  -5
3  4
2  -4
1  -6
1  -6
1  -7
1  -7
2  -4
1  -7
1  -6
4  -5
1  -6
1  -5
1  -6
4  -4
1  -5
4  -3
4  -4
1  -6
1  -7
2  -6
2  -6
3  5
1  -6
1  -6
1  -5
1  -6
1  -5
3  4
1  -5
1  -5
2  -6
3  6
1  -5
2  -5
1  -5
2  -6
4  -5
2  -4
1  -6
1  -7
1  -6
3  6
1  -7
1  -5
2  -5
1  -7
3  4
1  -7
3  4
2  -5
1  -7
1  -7
2  -6
1  -5
3  5
3  6
1  -6
1  -7
2  -5
1  -7
4  -3
2  -6
1  -5
1  -5
2  -6
4  -5
1  -5
1  -5
2  -5
1  -7
1  -7
1  -6
4  -4
2  -5
1  -5
1  -7
1  -7
3  4
1  -5
2  -6
2  -5
1  -6
1  -7
3  4
1  -5
2  -6
2  -5
3  5
2  -6
2  -6
1  -5
3  4
2  -5
1  -5
2  -5
2  -4
1  -6
1  -6
3  4
2  -5
2  -5
1  -6
1  -6
1  -7
3  5
1  -7
1  -6
1  -6
8  -7
3  6
1  -5
1  -5
1  -5
2  -5
1  -7
2  -4
1  -7
2  -5
1  -7
1  -7
3  4
3  6
1  -7
1  -7
2  -5
1  -7
2  -5
1  -6
2  -4
1  -7
1  -6
1  -5
1  -5
1  -5
2  -5
1  -6
2  -5
1  -6
1  -7
3  6
1  -5
1  -6
2  -4
5  0
3  5
2  -4
4  -3
2  -5
1  -6
1  -5
1  -7
1  -5
1  -7
2  -6
5  2
4  -5
3  5
1  -7
1  -6
1  -5
1  -5
2  -6
1  -6
1  -6
1  -6
4  -3
1  -6
1  -5
1  -7
1  -5
1  -7
1  -5
1  -5
1  -5
1  -7
1  -7
2  -6
1  -6
4  -4
1  -6
2  -4
1  -7
1  -6
1  -7
3  4
3  4
2  -6
1  -7
3  4
1  -7
1  -6
1  -5
4  -4
4  -3
1  -5
1  -7
1  -6
1  -7
1  -5
4  -5
3  6
1  -6
1  -5
1  -5
2  -6
2  -4
2  -5
2  -6
1  -7
1  -5
1  -5
1  -5
2  -4
10  0
2  -4
3  4
1  -6
1  -6
2  -4
1  -6
1  -6
1  -6
1  -7
1  -5
1  -5
1  -6
1  -5
2  -4
1  -5
1  -7
1  -7
1  -7
1  -5
1  -6
3  6
1  -5
1  -7
1  -6
1  -5
4  -4
1  -7
2  -4
1  -6
1  -5
1  -7
1  -5
4  -5
2  -5
7  1
1  -5
5  1
1  -6
2  -5
5  2
3  5
1  -7
1  -5
1  -5
2  -6
3  6
2  -6
3  4
2  -6
6  -2
1  -7
2  -4
1  -5
2  -5
6  0
1  -5
2  -6
2  -6
1  -6
1  -5
2  -5
1  -7
1  -7
3  5
2  -6
1  -6
2  -5
2  -4
2  -4
1  -5
3  4
1  -6
3  5
1  -5
2  -5
1  -6
2  -4
1  -7
1  -5
3  5
1  -7
1  -5
1  -5
1  -6
2  -5
4  -4
1  -5
2  -4
1  -6
1  -7
1  -5
1  -5
2  -5
1  -6
1  -6
1  -6
1  -5
3  5
2  -4
1  -5
1  -5
1  -6
1  -7
3  6
2  -4
1  -7
4  -4
1  -5
1  -5
2  -4
1  -6
3  6
3  4
2  -6
4  -3
1  -7
1  -5
2  -4
2  -5
1  -6
1  -7
3  4
1  -6
4  -4
3  4
1  -6
1  -7
1  -6
2  -6
2  -6
1  -6
5  0
2  -4
1  -5
4  -3
3  6
1  -5
2  -4
2  -5
2  -4
3  6
1  -7
1  -5
1  -7
1  -7
2  -5
3  6
1  -6
1  -5
1  -5
1  -5
1  -7
5  1
2  -5
3  6
1  -5
1  -5
1  -6
1  -5
1  -5
1  -5
2  -5
1  -7
1  -7
3  4
2  -4
2  -6
1  -5
1  -7
1  -7
1  -5
3  5
2  -6
3  4
2  -6
1  -6
1  -5
1  -5
1  -5
2  -5
1  -5
1  -6
2  -4
1  -6
1  -6
3  5
3  5
2  -4
1  -6
1  -6
1  -7
3  5
4  -4
1  -6
1  -5
1  -5
1  -7
1  -5
1  -7
1  -7
1  -6
1  -6
2  -5
1  -5
3  5
1  -6
1  -7
1  -5
2  -5
2  -6
1  -6
1  -7
1  -5
1  -6
1  -7
1  -7
3  6
1  -6
1  -6
1  -7
1  -7
3  6
2  -5
2  -6
1  -7
1  -5
1  -5
2  -5
1  -5
3  4
1  -6
3  6
1  -7
1  -7
1  -5
2  -5
1  -7
1  -6
1  -5
1  -6
1  -5
3  5
1  -7
3  4
4  -3
1  -7
1  -6
3  4
4  -4
1  -5
1  -7
1  -6
2  -4
1  -5
1  -7
2  -6
2  -4
4  -4
1  -5
2  -5
3  5
1  -5
6  -1
2  -6
1  -6
2  -5
2  -5
1  -7
1  -6
1  -7
2  -4
3  4
2  -6
2  -4
1  -7
5  2
3  6
2  -4
1  -5
3  6
3  4
2  -5
1  -5
1  -5
1  -5
1  -5
2  -5
1  -7
4  -4
1  -5
6  -2
1  -7
1  -5
1  -5
4  -5
1  -5
1  -7
2  -4
1  -6
1  -5
2  -4
1  -7
1  -7
1  -5
1  -7
1  -6
5  2
2  -4
1  -5
2  -6
2  -5
1  -6
4  -4
1  -5
1  -7
3  6
1  -5
1  -6
1  -5
1  -5
1  -6
1  -5
2  -6
3  4
2  -4
1  -6
1  -7
4  -4
1  -6
1  -6
1  -6
2  -4
1  -6
1  -7
2  -6
1  -7
8  -8
2  -4
1  -6
1  -7
2  -6
1  -5
4  -5
2  -5
2  -4
1  -7
1  -6
3  6
1  -5
1  -5
1  -5
3  6
1  -7
1  -6
4  -3
4  -4
1  -5
2  -6
1  -6
2  -6
1  -7
1  -7
1  -6
1  -6
1  -6
1  -7
3  6
1  -7
1  -7
1  -7
4  -5
1  -6
4  -3
2  -5
