4  7
2  4
3  0
2  2
3  0
2  4
1  5
2  4
1  5
1  4
9  -1
1  3
3  -1
3  1
3  0
1  3
4  5
2  3
1  4
3  -1
1  3
6  4
1  4
2  3
1  5
1  3
1  4
1  5
2  2
7  -1
2  2
1  3
2  3
4  7
2  2
6  5
2  4
2  2
2  4
1  4
1  4
3  0
4  5
4  6
3  -1
8  -1
3  0
3  1
1  4
1  5
1  4
2  4
4  5
2  3
2  4
1  5
1  3
1  4
1  3
2  4
1  5
13  -6
6  4
1  4
4  7
1  5
9  -1
1  4
4  7
2  4
1  3
3  -1
9  -1
1  3
7  -2
4  6
1  5
2  2
3  0
7  -2
2  3
1  3
1  3
1  3
1  5
1  3
1  5
3  0
7  -2
1  5
1  4
1  4
2  4
5  4
3  -1
3  -1
2  3
1  3
5  4
1  3
7  -2
2  2
2  2
4  7
1  3
2  3
3  1
2  4
1  5
6  5
4  7
4  7
5  6
1  5
2  2
1  3
6  4
4  6
2  2
3  -1
2  2
2  2
3  1
3  1
4  6
2  3
4  7
1  4
1  3
3  1
4  6
13  -4
2  4
1  5
2  2
2  4
1  3
1  4
2  2
3  0
1  3
2  4
1  4
2  4
5  5
8  -2
2  2
4  7
1  4
6  5
5  5
1  3
2  4
3  -1
3  0
1  5
2  2
13  -6
9  -3
2  3
4  5
2  2
1  3
4  5
5  5
2  3
1  4
3  -1
2  4
1  5
4  6
1  5
1  4
2  2
11  4
1  3
5  6
11  6
2  3
4  5
1  5
2  3
3  -1
1  3
1  4
1  4
2  2
2  4
3  0
3  0
2  3
5  5
10  -2
2  3
3  -1
10  0
3  -1
2  2
1  4
3  0
2  2
1  4
3  -1
3  1
7  -1
1  3
4  7
2  4
1  3
1  4
2  4
2  3
1  3
3  1
2  4
3  0
2  2
5  5
4  5
4  6
3  0
4  7
3  0
2  2
3  0
2  3
1  3
1  3
2  4
1  4
8  -2
2  2
3  -1
2  3
2  2
2  4
1  4
1  3
3  1
1  3
3  1
4  7
2  3
1  5
1  4
2  3
3  -1
9  -2
1  4
5  6
4  7
1  5
3  1
10  -1
8  -1
3  1
2  2
4  6
1  3
1  4
4  5
1  4
3  -1
6  3
1  5
1  4
9  -3
3  -1
9  -2
3  0
2  2
1  3
2  4
2  3
4  6
1  4
4  7
1  4
1  3
6  4
2  3
4  7
11  6
2  3
1  4
3  0
2  2
2  3
2  3
8  -2
2  3
1  3
1  3
1  5
2  2
2  2
2  3
1  5
9  -2
1  4
1  5
3  0
3  1
2  3
3  0
1  5
3  -1
5  4
6  5
2  3
2  4
3  -1
6  5
6  4
1  4
1  3
4  5
1  3
7  0
2  4
5  4
4  5
3  -1
3  0
2  4
11  4
3  0
2  4
3  1
6  5
1  4
2  3
7  -2
1  4
5  5
9  -1
3  0
1  3
1  3
1  3
7  -1
3  0
3  -1
2  4
2  2
1  4
2  3
2  2
1  4
2  4
1  5
5  6
1  4
1  4
7  -2
1  5
2  4
1  3
1  5
5  5
6  5
3  -1
2  4
2  3
4  5
2  2
6  5
3  0
3  0
4  5
1  4
3  0
1  5
10  0
4  7
2  3
4  6
5  6
7  0
1  3
1  5
2  3
4  7
11  6
3  1
3  1
2  4
2  4
1  5
5  6
4  6
1  3
3  0
3  0
1  3
1  3
8  -2
1  5
2  4
7  0
1  3
2  2
1  5
1  4
5  6
7  -1
2  4
1  5
1  4
4  5
1  3
2  2
18  -1
1  3
4  5
1  5
7  0
17  0
6  3
3  1
3  -1
1  3
3  -1
1  4
2  3
1  3
1  5
1  3
2  3
1  5
1  4
2  4
2  3
2  2
3  1
2  2
3  -1
2  2
2  2
3  1
1  3
3  -1
3  -1
9  -2
3  1
5  4
1  3
2  3
1  5
3  -1
1  5
2  2
6  4
1  5
4  6
1  4
2  4
1  3
5  4
2  3
3  -1
4  7
11  5
1  5
10  0
2  2
3  -1
2  4
2  2
5  4
2  2
3  0
8  -2
1  5
6  5
4  5
5  4
1  5
2  3
1  3
4  5
4  7
1  4
2  4
7  0
3  0
4  6
4  5
2  2
3  1
2  3
2  4
2  4
1  3
2  3
17  2
1  5
3  1
7  -2
5  5
1  4
1  3
2  4
6  3
1  3
2  3
3  0
7  -1
1  4
2  4
6  4
5  5
1  3
4  6
4  7
7  -1
1  5
2  2
2  3
1  3
1  3
1  5
2  2
1  3
6  5
8  0
1  4
3  -1
1  5
1  4
1  5
4  5
2  3
1  4
2  3
2  4
2  2
4  7
1  5
4  5
3  1
6  3
3  -1
2  4
1  3
2  3
3  0
13  -5
2  2
5  4
2  2
7  -1
5  5
3  0
5  5
1  4
1  4
1  4
2  4
8  -1
3  0
1  4
1  3
5  4
1  4
1  4
3  0
3  1
3  0
3  0
9  -2
1  3
1  3
1  4
8  0
3  0
2  3
6  3
6  3
1  5
1  4
2  2
3  -1
4  6
2  2
2  3
3  -1
1  5
5  5
1  5
1  5
2  3
2  3
11  5
2  3
2  2
3  0
3  1
3  1
4  6
1  5
5  4
16  1
2  2
1  4
1  4
1  3
2  4
1  4
2  3
2  3
1  4
4  7
4  7
1  4
2  3
3  -1
2  4
5  5
6  5
5  6
4  6
12  -2
2  3
6  5
7  0
2  2
2  3
1  4
1  5
2  4
2  3
6  5
3  -1
5  4
2  2
6  4
3  1
2  4
9  -2
3  -1
3  0
2  4
2  2
3  0
14  -3
3  -1
4  6
2  4
2  4
2  2
2  2
1  5
1  5
3  -1
5  5
1  5
2  2
1  4
3  -1
1  5
3  -1
10  -2
3  1
9  -2
2  2
1  3
3  0
2  2
1  3
1  4
1  5
5  4
2  3
2  3
2  3
8  -1
1  3
8  -2
3  0
5  5
2  3
1  3
3  -1
6  5
1  5
1  3
2  3
2  4
8  -1
1  3
6  4
10  0
4  6
4  5
4  6
1  4
2  3
2  3
3  -1
2  3
3  0
2  3
1  4
1  3
7  -2
2  4
4  6
2  2
4  5
3  1
3  1
8  -1
2  3
3  1
8  -1
3  1
13  -6
2  2
1  3
3  -1
2  3
8  -2
2  2
2  3
4  7
3  -1
1  5
1  4
3  0
8  0
3  -1
3  1
1  4
4  6
12  -2
2  2
3  -1
4  5
1  5
1  5
6  3
4  5
2  2
1  5
7  -1
7  -1
1  5
1  5
5  4
1  5
7  -2
7  0
2  4
5  5
1  3
2  4
1  4
1  3
1  5
7  -2
1  3
2  4
1  4
14  -3
1  3
8  0
6  4
1  5
2  4
7  -1
3  1
3  0
4  7
2  2
6  5
4  7
9  -2
1  5
1  4
1  5
7  0
4  7
1  3
5  5
2  3
4  5
1  3
5  5
2  3
1  5
1  3
11  5
4  5
3  0
4  5
1  3
1  3
2  2
3  0
3  1
3  -1
1  4
10  -2
3  0
4  6
5  5
1  3
1  3
2  4
5  6
6  3
4  5
1  4
4  5
1  4
3  0
14  -3
1  4
1  4
1  5
3  1
2  4
1  3
5  4
5  4
15  8
2  3
6  4
2  2
1  4
2  2
1  3
4  7
2  2
3  1
1  5
3  -1
4  7
1  4
4  6
2  4
2  2
1  4
6  4
1  5
6  4
4  5
1  5
2  3
7  -2
3  -1
8  -2
3  -1
2  4
2  2
2  3
4  7
2  2
1  5
2  2
3  -1
3  0
1  5
6  5
8  0
4  5
8  -1
6  3
1  4
5  5
7  -2
2  2
1  3
1  4
2  2
1  3
1  5
4  6
2  4
8  -1
2  3
1  4
5  4
1  3
2  2
5  6
2  4
1  3
3  -1
5  5
4  7
3  -1
2  2
2  2
1  4
3  -1
2  3
4  7
3  0
2  3
2  4
1  5
3  -1
1  4
2  2
1  5
6  5
1  3
17  0
5  5
1  5
5  5
2  2
11  5
6  3
1  3
2  2
6  3
1  5
1  5
2  3
4  5
1  5
1  3
1  5
1  5
4  7
3  1
1  5
1  5
2  2
3  1
2  4
2  2
2  3
3  1
6  5
7  -2
1  3
2  4
4  7
9  -2
3  1
1  5
4  7
4  5
3  0
2  4
1  3
4  6
2  2
2  4
1  3
1  5
2  3
1  4
2  4
4  7
3  0
3  1
8  -2
4  6
4  5
4  5
2  4
3  0
1  3
2  2
4  6
2  3
3  -1
1  4
4  6
1  4
2  4
2  3
7  -1
8  -2
1  5
1  3
8  -1
1  4
3  -1
2  4
2  3
7  0
1  4
1  5
1  3
7  -2
1  3
5  4
1  3
1  3
3  0
2  4
2  2
4  5
2  3
