1  -2
1  -3
1  -11
1  -10
1  -11
1  -10
1  -2
1  -10
1  -5
1  -3
1  -13
1  0
3  -11
2  0
1  -1
1  -2
1  -2
1  -3
1  -1
3  -13
1  -7
1  -3
1  -13
1  -7
2  -3
1  -1
1  -12
2  -6
1  -12
1  -14
1  -5
3  -5
2  -13
2  -2
2  -14
1  -13
1  -10
2  -2
1  -7
1  -2
1  -11
1  -3
1  -9
1  0
1  -4
1  -2
3  -9
1  -2
1  -8
1  -6
1  -6
3  -10
1  -3
1  -7
1  -5
2  -11
1  0
2  0
2  -7
1  0
2  -5
1  -7
1  -1
1  -5
1  -1
1  -6
2  -10
2  -12
1  0
2  -13
1  0
2  -7
1  -13
2  0
1  -12
1  -11
3  -3
1  -10
1  -5
1  -1
1  -4
2  -4
1  -8
1  -2
1  -5
1  -13
2  -8
2  -13
1  -11
1  -5
2  0
3  -3
1  -13
1  -4
1  -8
1  -5
1  -5
2  -5
3  -5
1  -9
1  -2
1  -11
1  -8
4  0
2  -10
1  -5
1  -10
1  -9
1  -5
1  -10
1  -10
3  -12
1  -13
1  -11
1  -8
2  0
4  -4
1  -13
1  -14
1  -10
1  -12
1  -13
2  0
1  -6
1  -9
1  -7
1  -1
1  -11
2  -9
1  -11
1  -6
2  -6
2  -1
1  -10
1  -3
2  -11
1  -6
2  0
2  -7
1  0
1  -7
1  -5
1  -11
1  -2
1  -1
1  -7
1  -6
1  -12
1  -9
1  -13
1  -5
2  -6
1  -4
1  -1
1  -13
1  -14
2  -13
1  -11
1  -7
2  -10
1  -14
2  -6
1  -3
1  -6
1  -3
1  -13
2  -6
1  -4
1  -8
1  -14
1  -6
2  0
2  -14
1  -10
1  -5
4  2
2  -12
1  -7
1  -8
1  -4
1  -7
1  -7
1  -12
1  -2
1  -7
1  -13
1  -4
1  -14
1  -7
2  -14
1  -3
1  -3
2  -6
1  -11
2  -13
4  -1
1  -6
1  -13
1  -14
1  -2
2  -7
1  -7
3  -10
2  -12
2  -3
2  -5
1  -1
1  0
1  -4
2  -13
2  -3
1  0
1  -6
1  -11
1  0
2  -4
3  -14
1  -9
2  -6
2  -8
1  -2
1  -4
1  -9
1  -3
1  -7
1  -4
1  -3
2  -7
1  -13
1  -14
2  -10
1  -1
2  -8
1  -6
1  -2
2  -12
1  -14
1  -12
1  -6
1  -4
1  -14
2  0
3  -6
1  -10
2  -9
1  -6
1  -1
1  -14
4  1
3  -14
1  -10
1  -9
2  -4
1  -4
1  -10
1  -14
1  -11
1  -4
7  -1
1  -10
1  -2
1  -10
1  0
1  -1
3  -7
1  0
1  -14
1  -14
2  -1
1  -4
1  -14
2  -7
1  -13
2  -7
1  -11
1  -5
1  -6
1  -11
1  0
1  -3
1  -7
1  -6
1  -11
2  -4
1  -10
1  -12
1  0
2  -8
1  -2
1  -4
1  -1
1  -2
1  -11
2  -8
1  -13
4  -5
2  -12
1  -1
1  -5
4  -9
1  0
1  -9
1  -14
2  -5
1  -11
1  0
1  -4
1  -9
2  -4
1  -7
1  -7
2  0
1  -1
1  0
4  1
2  -2
1  -11
1  -3
1  -14
1  -12
1  -7
2  -2
1  -12
1  -4
1  -7
1  -1
2  -11
1  0
1  -8
1  -9
1  -7
1  -14
4  1
1  -10
1  -14
1  -3
1  -8
1  -14
1  -6
1  -7
1  -8
2  -13
2  -9
4  -5
1  -9
1  -14
1  -6
1  -2
2  -5
1  -6
1  -8
1  0
2  -8
1  -1
1  -7
2  -10
2  -10
1  -11
1  -12
1  -8
1  -1
1  -5
2  -10
2  -11
2  -9
2  -10
6  1
2  -3
1  -14
1  -6
1  -3
1  -6
1  -4
1  -14
1  -7
4  -3
3  -13
1  -1
3  -11
4  -8
1  -11
1  -13
1  -10
2  0
1  -12
3  -6
1  -9
1  -14
4  -9
1  -4
1  -12
3  -12
1  -9
1  -7
1  -13
1  0
1  -4
1  -9
1  -13
1  -6
1  -2
1  -11
1  -11
2  -5
1  -4
2  -5
1  -12
1  -1
1  -1
1  -3
1  0
1  -4
1  -3
1  -8
2  -5
1  -13
3  -4
1  -4
1  -14
1  -2
1  0
1  -9
2  -8
1  -5
1  -11
1  -4
1  -6
1  -2
1  -5
1  -11
1  -4
1  -3
1  -7
1  -10
1  -13
3  -13
1  -3
1  -14
1  -11
1  -1
1  -3
1  -14
2  -5
1  -4
1  -1
1  -4
2  -10
1  -11
2  -1
2  0
1  -9
1  -13
1  -7
4  0
1  -6
1  -11
1  -7
1  -9
1  -1
1  -1
1  -13
1  -14
6  12
1  -13
1  -6
1  -9
1  -13
1  -10
1  -3
1  0
1  -8
1  -11
1  -14
1  -2
1  -10
2  -6
1  -3
1  -9
3  -3
1  -9
1  -9
1  -11
1  -4
1  -14
1  -1
3  -4
1  -8
1  -9
1  -7
1  -10
1  -9
1  -11
1  -10
1  -9
1  -4
2  -6
6  8
1  0
1  0
2  -8
1  -13
2  -14
1  -3
4  0
1  -1
1  -9
1  -8
2  -3
1  -13
1  -1
1  -1
1  -2
2  -6
1  -2
1  -10
2  -4
2  -4
5  -3
1  -5
1  -10
1  -10
1  -3
2  -11
2  -6
1  -7
1  -14
1  -14
1  -3
2  -6
2  -14
2  -7
2  0
2  -9
2  -10
1  -5
1  -12
1  -1
1  -5
1  -13
1  -3
1  -7
2  -8
1  -10
1  -14
1  -2
3  -5
4  -10
3  -13
1  -10
1  -2
2  -1
2  -8
1  -7
2  -12
1  -14
1  -10
1  -13
1  -2
2  -11
1  -10
1  -2
4  -6
1  0
1  -8
3  -12
2  -12
2  -12
1  -6
1  -5
2  -6
2  -5
1  -3
1  -13
2  -1
1  -3
1  -14
1  -1
1  -4
1  -12
2  -7
1  -3
1  -7
1  -11
2  -6
1  -9
1  -4
1  -7
2  -4
2  -13
1  -14
2  -11
1  -10
1  -10
1  -6
1  -10
1  -6
1  -4
1  -2
1  -12
2  -3
1  -7
1  -10
1  -4
2  -7
1  -10
1  -1
1  -12
1  -10
1  -8
1  -7
1  -8
1  -3
2  -7
1  0
1  -8
2  -8
1  -13
2  -14
2  -14
1  -14
1  -11
2  -5
1  -13
1  -2
1  -8
1  -5
2  -8
1  -6
1  -12
2  -10
2  -5
2  -12
1  -12
1  -13
1  -12
1  -9
2  -11
1  -3
1  -13
1  -1
1  -5
1  -11
1  -9
1  -1
1  -3
1  -9
1  -1
4  -9
1  -2
1  -2
1  -11
1  -3
2  -8
4  -4
3  -3
1  -9
1  -12
1  -6
1  -7
1  -7
2  -7
1  -7
1  -3
1  -2
1  0
1  -2
1  0
1  -3
4  -8
1  -1
1  -11
1  -6
1  -4
1  -5
1  -2
1  -12
2  -10
1  -2
1  -10
3  0
1  -11
2  -12
1  -9
1  0
1  0
1  -4
1  -2
1  -10
1  -12
1  -9
1  -8
1  -7
2  -12
1  -4
1  0
2  -13
1  -10
1  -9
3  -13
2  -8
1  -8
2  -12
1  -11
1  -2
1  -14
1  -3
1  -7
1  -8
1  -9
2  -4
1  -5
1  -4
3  0
1  -9
1  -6
4  -5
1  -8
1  -5
1  -12
1  -13
1  0
2  -1
1  -14
1  -9
1  -5
1  -12
2  -10
4  -1
1  -11
3  -13
1  -3
3  -14
1  -1
1  -6
1  -9
1  -6
1  -7
3  -3
1  -6
1  -12
1  0
1  -9
1  0
1  -12
1  -14
1  -11
2  -14
1  -14
1  -8
1  -8
1  -1
1  -1
2  -9
2  -14
3  -11
5  -4
2  -3
1  -2
1  -13
1  -10
1  -10
1  -12
1  -6
2  -12
1  -12
1  -6
1  0
1  -13
1  -13
2  -3
1  -1
1  -12
2  -14
2  0
2  -11
2  0
1  -14
5  -9
1  -7
2  -11
2  -6
1  -3
1  -1
1  -3
1  -12
2  -11
2  -7
1  -3
2  -3
2  0
1  -2
1  -7
1  -10
1  -5
1  -14
1  -7
1  -7
1  -7
1  -10
1  -5
3  0
1  -13
1  -14
4  -9
1  -3
2  -9
2  -12
2  -5
1  -8
1  -7
1  -14
1  -4
1  -12
1  -2
1  0
1  -10
1  -6
1  -3
1  -8
1  0
2  -13
1  -8
1  -4
1  -3
1  -10
2  -7
2  -7
1  -4
1  0
3  -11
2  -14
1  -7
2  -7
1  -13
1  -13
2  -7
1  -1
3  -1
1  -13
1  -5
1  -3
1  -8
4  -9
1  -12
3  -2
2  -13
2  0
1  -2
1  -3
1  -4
1  -2
1  0
1  -14
1  -5
1  -14
1  -11
2  -3
1  -4
1  -9
1  -5
1  -5
1  -7
1  -12
1  -14
1  -13
1  -5
1  -11
3  -3
1  -13
1  -3
2  -5
2  -13
1  -8
1  -6
1  -5
1  -8
2  -7
1  -14
1  -6
1  -11
1  -8
2  -3
1  -11
1  -13
1  -3
1  -7
1  0
1  -4
1  0
1  -12
1  -1
1  -13
1  -3
1  -11
2  -6
1  -8
1  -7
1  -6
1  -5
1  0
2  -8
1  -11
1  -11
1  -3
1  -11
3  -13
1  -7
1  -12
2  -2
1  -2
1  -11
2  -12
2  -12
2  -4
1  -10
1  -6
1  -2
1  -8
1  -5
1  -13
1  -5
2  -14
1  -11
2  -2
2  -7
2  -3
1  0
1  -5
1  -10
1  -10
1  -7
1  -12
1  -14
2  -4
2  -11
1  -1
1  -13
1  -3
1  -2
2  -6
1  -2
3  -10
5  -5
1  -12
1  -14
2  -5
2  -13
1  -9
1  -4
1  -9
1  -4
1  -1
1  -3
1  -14
2  -9
2  -7
1  -1
1  -5
1  -10
2  -7
1  -13
3  -9
1  -13
2  -3
2  -8
1  -14
1  -10
2  -5
1  -8
1  0
1  -14
1  -8
3  -5
1  -14
2  -4
1  -3
1  -11
1  -8
1  -9
1  -3
1  -9
1  -3
2  -7
1  -10
1  -3
1  -6
1  -13
1  -9
1  -10
1  -11
1  -9
2  -13
2  -1
1  -1
2  -3
1  -4
3  -12
1  -14
2  -8
1  -4
