17  4
1  -4
1  -4
12  -1
7  -1
3  1
2  1
2  -2
1  2
9  -6
6  -1
1  -4
4  8
2  -2
19  6
6  -2
4  7
5  -4
1  1
20  0
1  -1
9  -7
2  0
9  -5
8  0
3  0
3  1
1  2
9  -4
10  0
8  1
6  -2
4  6
2  -4
5  -8
3  -1
2  -3
4  6
3  -2
6  0
10  4
2  2
11  10
6  -2
1  -1
4  8
20  -3
10  1
8  6
2  -3
1  -2
6  -1
13  6
6  2
6  -1
8  4
3  4
1  -3
1  -1
1  -1
8  6
6  -2
3  0
1  2
5  -9
2  -4
2  -4
1  1
1  -2
3  -2
1  -3
1  -1
5  -10
5  -9
4  5
4  9
12  4
1  1
5  -4
11  9
2  0
5  -4
1  -4
5  -9
1  1
6  -3
2  0
2  -3
6  -1
2  2
4  8
1  -1
3  1
2  -3
3  4
8  6
6  3
1  2
4  4
4  9
1  -2
16  -8
2  -1
1  -3
2  -3
1  -2
3  -1
1  2
1  0
13  6
10  4
1  2
1  0
11  10
2  2
3  -1
6  2
4  5
14  -3
1  -2
4  3
7  -1
11  9
6  -3
6  0
3  1
1  -4
4  9
18  4
7  -1
6  2
1  -4
4  3
1  1
3  4
5  -4
6  -2
1  -2
4  9
11  5
5  -5
6  -3
6  2
2  -4
4  3
10  6
5  -10
8  2
7  5
9  -7
3  1
4  4
5  -6
7  4
12  3
1  2
9  -6
3  0
6  -1
1  -2
1  -3
4  4
18  8
1  -2
18  6
4  5
3  3
5  -8
14  1
2  -1
1  2
4  7
1  1
4  6
4  8
3  -1
2  0
3  0
6  2
2  1
2  -1
5  -8
2  2
6  -2
7  4
4  7
2  -3
7  0
5  -4
2  -3
5  -5
2  -2
7  3
3  -1
2  -3
5  -10
12  1
2  -1
4  6
8  4
2  -2
11  5
1  2
5  -4
8  2
23  5
7  4
10  1
5  -9
8  6
1  1
2  -1
6  3
5  -10
1  2
1  -2
6  -1
6  3
5  -7
1  -3
1  -1
8  2
3  3
5  -5
19  3
5  -4
10  0
3  4
12  0
4  5
7  0
7  -1
12  3
2  1
5  -6
2  2
4  9
6  2
4  9
8  6
7  2
3  4
1  2
5  -7
8  3
7  0
2  2
1  2
1  -2
1  -4
1  1
1  -1
5  -4
8  5
3  3
2  -1
8  6
15  0
3  3
3  1
2  -2
6  -2
2  -1
5  -7
3  3
3  1
3  0
7  5
1  2
19  0
4  8
3  -1
5  -7
2  2
7  2
19  6
8  1
1  2
4  9
2  -4
2  -4
1  1
8  1
4  4
3  4
7  -1
6  1
1  -3
1  2
4  9
5  -10
14  2
4  5
7  3
5  -7
25  -5
3  -2
9  -2
6  3
4  6
2  -1
10  5
8  2
2  -1
7  1
4  6
1  -4
3  0
9  -5
10  4
2  0
2  2
2  -3
7  4
3  2
1  1
1  2
8  6
5  -5
12  4
6  -2
11  10
11  9
13  7
1  1
3  4
9  -5
3  4
3  2
10  3
7  3
1  -1
3  4
7  0
1  -2
1  -3
18  7
7  1
15  -1
12  1
7  1
2  0
8  2
3  2
1  -4
2  -4
1  1
10  0
3  0
2  2
19  1
11  5
2  2
3  3
1  0
1  1
6  0
8  4
5  -5
19  4
1  1
1  -1
6  -3
1  -4
2  -4
2  1
3  -1
3  1
3  -1
3  -2
10  0
3  3
6  -1
2  -2
14  -4
5  -7
9  -7
4  9
1  -3
27  1
2  0
1  -2
7  0
1  -3
11  9
1  0
3  4
4  6
1  2
3  4
1  -4
8  2
5  -9
1  2
2  2
7  1
8  0
2  -2
3  -2
1  0
4  6
2  -3
7  4
3  3
7  1
6  2
9  -1
5  -4
3  3
14  -4
11  5
5  -5
10  4
5  -4
16  -7
2  -2
1  -2
7  -1
7  1
2  -4
1  0
2  1
9  -7
2  1
11  10
6  -3
12  -2
3  4
2  -4
1  -1
16  -9
6  3
1  1
17  3
4  7
15  -1
1  -1
2  -2
16  -5
3  4
1  -3
5  -4
2  -4
15  4
1  -3
8  3
1  -1
16  -5
2  -1
7  1
1  -2
4  8
30  -4
10  6
1  -1
9  -3
1  1
6  2
2  -2
6  3
9  -7
4  8
10  4
9  -4
1  -3
1  2
3  -1
17  6
5  -10
7  5
7  2
6  3
1  -4
5  -4
8  2
14  -4
9  -7
1  2
6  2
1  0
1  2
3  -2
1  -2
6  2
14  -3
1  2
2  2
1  -4
6  1
12  3
4  5
10  2
6  -1
2  -3
6  0
1  2
5  -5
2  0
3  0
1  -3
5  -5
1  1
2  2
16  -8
1  -3
5  -8
1  -1
2  0
1  -3
8  4
1  1
1  1
22  -7
1  -1
3  3
10  2
2  1
3  2
8  3
3  -1
1  1
8  1
8  4
4  5
8  4
11  5
5  -4
3  -2
3  -2
2  -2
8  1
2  -4
7  0
4  6
8  6
1  -2
4  6
3  0
1  -1
5  -8
5  -8
1  -1
6  1
4  4
2  1
7  0
2  0
4  3
2  -2
1  2
4  3
1  -4
2  1
7  4
2  -3
2  1
10  4
4  4
2  2
7  1
2  2
6  -1
1  -4
2  1
4  6
6  0
3  3
2  -1
1  0
19  0
7  0
4  4
11  8
3  -1
5  -4
5  -9
2  0
5  -10
4  7
4  8
3  3
2  -2
2  -3
2  0
3  0
6  3
11  10
1  0
7  3
3  0
8  2
2  -1
1  1
9  -4
8  6
2  -1
1  -1
7  3
8  3
7  4
1  -1
12  4
8  3
2  0
3  0
2  1
1  -4
11  8
21  2
2  -4
1  -2
6  -1
7  1
6  -3
1  1
1  1
1  -3
2  2
6  3
13  5
15  2
8  0
2  -1
4  8
3  1
3  3
12  0
3  4
1  1
1  -2
4  3
5  -4
1  -2
11  4
2  -4
3  3
4  6
13  4
5  -6
3  -1
5  -9
12  2
2  -2
10  1
7  2
1  -2
6  -2
6  2
15  -1
11  10
4  7
2  1
1  -4
3  -1
7  4
19  0
2  -2
2  -3
6  1
14  -2
7  -1
4  8
3  1
2  1
4  5
1  2
1  -3
16  -5
1  -2
9  -5
3  1
13  4
7  4
3  -1
1  -1
9  -5
4  9
5  -9
9  -1
4  8
5  -6
3  -1
1  2
5  -9
3  -1
2  -1
5  -9
9  -2
7  -1
1  -2
12  1
3  -1
4  9
1  -4
4  8
4  5
3  -1
1  -2
3  1
11  5
2  -1
1  -4
1  -1
2  -1
5  -8
1  -2
4  3
5  -7
6  -1
5  -5
9  -1
2  0
2  -2
2  0
1  -2
5  -5
3  2
1  -3
7  2
8  5
5  -4
1  2
1  -1
1  -1
1  1
5  -6
1  -3
4  8
9  -7
7  3
2  -2
15  4
6  3
11  10
11  4
7  1
2  -2
21  3
5  -9
1  0
5  -7
28  4
6  -2
9  -7
2  1
8  1
10  0
10  0
2  1
1  -3
23  0
2  2
1  0
1  -3
1  -2
1  -4
1  0
3  0
1  2
3  1
17  5
1  0
3  2
6  -1
3  0
4  8
1  0
1  -2
5  -10
1  0
11  4
4  3
4  3
11  4
4  5
3  -1
2  -3
2  0
8  0
7  1
2  0
4  5
7  0
3  -2
9  -4
1  2
3  3
8  4
3  -2
6  3
1  2
2  -2
3  4
2  -3
3  -2
9  -7
16  -8
5  -7
5  -8
17  4
13  5
1  -4
3  0
4  4
8  6
11  5
2  1
3  2
2  -1
4  3
5  -5
1  -4
2  -1
6  1
1  1
8  0
3  -2
5  -5
1  -3
7  0
11  10
4  8
1  1
14  1
7  3
4  8
9  -4
1  -3
6  1
4  3
9  -3
6  1
3  0
1  -1
10  4
1  0
3  2
4  7
1  -1
2  0
2  0
1  -1
6  1
4  5
2  -3
1  1
1  1
2  2
1  0
2  -1
1  -2
9  -3
2  0
1  -4
12  2
2  2
7  4
9  -3
11  10
4  4
4  4
11  5
5  -8
4  8
1  0
3  0
22  -7
15  0
7  5
17  4
5  -6
3  2
13  3
1  2
2  0
3  2
9  -4
12  0
3  -1
3  2
1  -4
2  0
2  0
10  6
4  3
4  6
7  0
8  1
1  -4
2  -1
2  2
4  8
8  2
1  -3
8  1
3  2
8  5
6  0
1  1
1  0
5  -6
3  -1
4  7
3  1
1  -1
1  -2
1  -4
2  0
1  -2
4  6
8  6
2  -3
1  1
12  -1
3  0
4  5
9  -7
3  2
2  -4
5  -9
10  4
9  -5
2  1
8  4
8  2
1  1
11  8
5  -4
3  1
9  -2
2  0
3  4
14  1
1  -3
1  -3
5  -5
1  -1
3  -2
23  4
2  -3
1  -4
1  -3
3  0
3  2
2  -1
4  6
12  3
2  1
7  2
2  -4
7  5
4  7
3  2
4  8
3  -1
2  -2
4  8
4  5
21  4
2  1
1  -3
9  -3
10  3
3  3
10  2
9  -6
1  0
1  -3
5  -10
1  -3
4  8
1  2
1  2
3  3
1  2
20  2
7  -1
9  -3
5  -7
4  3
4  5
2  -2
1  1
16  -6
11  7
10  6
3  -2
13  4
6  3
1  0
1  -2
5  -9
6  3
1  -3
6  -1
9  -1
3  0
2  -3
4  5
2  -2
