1  1
1  2
2  -4
1  2
8  -6
2  -5
6  9
2  -2
2  -3
1  2
1  3
3  2
2  -2
1  1
2  -2
3  2
5  -1
5  2
3  -2
1  0
1  0
1  2
4  -5
7  6
2  -5
1  2
2  -2
5  2
1  2
1  1
2  -5
2  -4
1  -1
6  5
1  -1
1  2
4  -8
1  2
5  1
2  -1
2  -1
2  -1
3  -2
1  2
2  -3
2  -4
3  -2
1  2
8  -7
1  2
3  1
3  -1
3  -2
2  -3
1  3
2  -3
2  -2
2  -2
2  -1
4  -5
2  -3
2  -2
2  -1
1  -1
1  1
2  -3
1  3
6  5
1  0
4  -6
4  -8
7  7
1  -1
2  -5
3  -2
2  -1
4  -5
1  1
2  -2
3  -2
1  0
4  -6
4  -4
2  -3
8  -8
1  2
3  -2
10  -3
3  -2
1  -1
1  2
1  1
1  0
7  6
1  3
1  2
2  -5
5  -1
3  0
1  1
3  -1
6  9
2  -4
4  -5
1  1
1  -1
3  1
1  0
1  3
1  -1
3  1
1  0
7  8
3  1
1  -1
1  1
1  -1
1  -1
1  2
2  -5
3  1
6  8
1  1
3  0
2  -5
5  2
1  2
2  -4
1  3
2  -5
2  -3
1  3
2  -3
1  1
2  -3
1  -1
3  -2
3  0
3  -1
6  8
1  3
5  3
2  -5
1  1
2  -2
3  -2
8  -5
2  -5
6  7
5  3
1  -1
1  0
3  1
1  -1
1  0
7  6
2  -3
1  1
5  3
1  -1
3  -2
2  -2
1  0
1  3
1  -1
1  0
1  1
1  -1
3  -2
8  -6
1  3
8  -8
3  1
3  0
3  -2
2  -3
3  0
5  2
1  0
3  2
1  1
2  -4
2  -1
2  -4
4  -7
1  1
2  -3
1  0
5  -1
6  5
3  1
1  0
1  1
3  0
7  7
4  -7
5  2
4  -5
1  0
2  -2
2  -1
1  -1
1  3
7  5
7  8
6  9
2  -5
2  -5
7  7
1  0
3  1
2  -1
2  -5
2  -2
3  -1
1  1
4  -4
1  3
3  2
3  -1
2  -4
3  -1
6  7
4  -5
5  0
6  8
2  -5
2  -2
2  -1
4  -5
1  0
5  -1
3  2
1  -1
1  2
1  2
1  3
1  1
3  -1
5  3
5  0
2  -4
1  -1
1  -1
5  -1
1  -1
7  5
1  0
3  1
6  8
6  8
2  -4
9  5
1  2
5  2
2  -3
1  3
1  2
4  -5
1  -1
4  -7
1  -1
3  1
3  0
1  2
1  -1
6  7
2  -2
1  -1
1  1
2  -3
1  0
2  -1
1  1
2  -2
2  -2
2  -5
2  -1
3  -1
7  8
6  5
3  1
3  -1
1  1
1  1
5  2
1  1
3  2
2  -3
3  -2
3  -1
1  3
1  -1
1  2
3  2
7  8
8  -8
1  3
1  1
1  -1
1  -1
3  -1
1  2
1  0
3  -1
1  2
2  -5
2  -4
1  3
6  9
2  -3
5  0
3  -1
1  0
6  9
2  -5
2  -1
4  -5
4  -8
2  -1
3  2
1  0
3  -2
2  -4
3  2
4  -6
1  0
1  1
1  3
1  0
3  1
2  -4
1  0
1  2
1  1
5  1
1  0
1  1
5  1
8  -9
2  -2
1  3
2  -4
1  2
2  -2
2  -4
2  -1
4  -4
3  -1
1  1
6  7
4  -8
1  -1
9  7
1  -1
1  2
4  -4
1  2
2  -4
1  3
2  -4
2  -5
1  2
1  2
3  2
9  8
3  2
4  -8
3  1
1  0
3  0
3  -2
3  -2
7  6
3  1
1  0
5  -1
3  0
1  1
1  3
5  -1
1  3
9  5
1  -1
1  1
4  -7
4  -5
5  1
3  -2
1  3
1  2
2  -5
1  -1
1  0
1  1
1  3
2  -4
2  -2
1  -1
2  -4
3  1
1  0
1  -1
2  -3
5  1
2  -4
3  -1
2  -5
1  -1
5  -1
1  -1
7  7
1  2
8  -6
2  -4
1  2
1  0
1  3
2  -3
2  -3
3  1
1  -1
3  -1
1  0
3  2
1  3
5  -1
3  -1
1  0
1  0
7  8
1  0
2  -3
1  3
4  -8
3  2
2  -3
1  -1
2  -5
3  0
3  1
5  0
1  0
1  0
11  5
2  -1
1  0
6  9
2  -1
1  2
6  7
6  8
3  0
4  -8
1  3
3  -1
2  -1
3  -1
3  2
3  2
1  0
1  2
2  -4
14  2
2  -3
1  2
2  -2
1  2
1  3
2  -1
4  -6
4  -6
1  3
3  -2
1  1
6  7
2  -3
2  -4
5  2
1  -1
5  2
1  3
2  -5
1  -1
4  -5
3  -2
1  1
4  -6
4  -7
1  1
1  1
4  -5
1  2
2  -5
2  -5
4  -6
3  0
1  2
1  -1
2  -5
2  -5
2  -1
3  -2
1  1
3  -1
1  0
5  3
1  1
6  8
1  -1
6  7
6  9
8  -6
9  7
6  8
3  0
3  1
6  5
6  7
2  -2
1  3
2  -3
1  -1
3  1
2  -5
1  0
4  -8
2  -5
5  -1
1  -1
1  0
2  -5
1  -1
1  -1
2  -4
1  0
1  0
3  -1
9  8
1  2
1  3
1  3
6  5
3  -1
1  0
1  3
3  1
6  9
13  4
1  3
14  2
1  3
5  2
1  1
1  0
4  -7
4  -5
2  -3
5  -1
9  4
1  2
3  -2
9  5
2  -5
2  -4
2  -5
2  -4
2  -2
2  -5
2  -3
12  6
12  4
6  7
1  3
2  -5
5  -1
3  2
1  1
2  -3
1  1
8  -6
1  3
4  -4
2  -2
2  -3
5  2
4  -5
5  0
1  0
2  -1
3  -2
3  -2
2  -5
2  -2
2  -1
2  -5
11  2
9  4
2  -1
1  -1
1  3
17  3
2  -4
2  -1
7  9
2  -5
3  -2
4  -6
1  1
4  -8
1  3
1  2
3  -2
3  1
2  -1
10  -3
2  -3
2  -4
2  -5
5  3
1  1
9  7
8  -6
3  1
3  -1
2  -3
2  -1
1  1
7  7
4  -5
1  1
7  8
2  -2
2  -1
2  -2
3  2
7  8
2  -2
1  2
3  1
1  2
3  1
8  -9
4  -7
11  1
4  -5
3  2
1  0
8  -7
2  -5
2  -1
1  0
1  1
2  -1
4  -6
2  -5
7  8
2  -1
21  8
5  -1
3  2
2  -1
4  -6
1  2
5  2
2  -1
1  2
1  3
1  3
1  2
2  -3
1  3
5  -1
1  1
4  -4
5  0
2  -4
4  -6
2  -2
3  -1
2  -4
5  2
2  -1
1  1
3  -2
1  1
1  -1
3  -2
1  2
1  1
1  2
3  -2
3  1
4  -4
1  2
5  2
1  2
9  8
2  -1
2  -3
3  -1
1  -1
8  -9
3  2
4  -6
2  -3
1  1
2  -2
6  6
3  2
2  -4
3  -1
4  -6
3  1
6  8
2  -2
3  1
9  6
3  -2
3  1
1  -1
3  0
6  7
3  2
1  2
7  9
2  -1
4  -5
1  -1
4  -4
3  2
1  1
1  0
1  2
1  3
4  -4
2  -3
1  3
2  -4
6  6
4  -5
1  3
1  1
2  -5
4  -8
1  0
1  2
1  -1
2  -2
2  -5
1  2
1  0
1  -1
6  5
5  0
3  1
1  -1
5  2
2  -4
1  1
1  -1
8  -9
2  -2
1  0
8  -9
2  -4
8  -8
4  -8
3  0
2  -5
3  -2
2  -2
6  8
2  -5
5  3
5  1
4  -6
1  1
3  -1
1  1
6  7
3  -2
8  -6
1  1
2  -2
2  -5
1  1
1  2
1  -1
14  1
1  0
2  -4
2  -3
3  -1
10  -4
5  0
3  1
6  5
1  3
2  -1
1  2
3  0
2  -2
2  -2
2  -1
1  1
1  -1
1  3
1  2
3  -1
2  -2
1  2
1  0
4  -4
1  1
4  -8
6  9
6  8
1  -1
2  -5
1  0
2  -5
21  4
7  7
3  -1
5  3
2  -3
5  3
3  2
3  -2
1  -1
9  8
3  -2
3  1
3  -2
1  2
5  -1
3  1
2  -4
2  -1
2  -3
1  0
8  -6
3  -1
2  -4
2  -1
2  -2
1  0
2  -5
1  2
4  -7
10  0
2  -1
2  -5
1  1
5  1
3  1
1  1
3  0
2  -4
1  -1
1  0
4  -6
7  5
3  -2
4  -5
5  2
1  0
3  -1
5  1
4  -4
1  -1
5  2
18  -3
2  -3
2  -2
3  -1
1  -1
3  1
5  2
1  2
1  -1
1  1
3  2
4  -7
1  3
2  -5
1  0
4  -7
1  -1
1  -1
3  -2
1  2
1  1
1  1
2  -2
6  9
1  2
7  6
1  0
6  5
3  -1
1  -1
1  -1
6  5
5  2
1  2
3  0
4  -4
1  2
1  -1
2  -5
1  0
1  1
1  -1
3  -2
3  1
2  -2
1  -1
1  0
3  0
1  2
4  -7
2  -3
1  2
9  7
5  2
2  -3
2  -5
1  0
1  0
3  -2
3  0
1  -1
8  -5
4  -6
1  2
2  -3
1  -1
3  -2
1  -1
3  -1
1  2
6  9
5  1
3  2
6  8
2  -2
1  2
1  0
3  2
1  1
1  2
2  -4
1  1
2  -3
3  2
6  5
1  -1
3  0
1  2
4  -4
2  -2
1  -1
3  0
1  3
2  -3
1  3
6  9
4  -6
1  2
1  -1
1  2
1  -1
3  -2
1  1
4  -4
6  8
3  2
1  -1
1  2
2  -2
2  -4
3  2
4  -5
3  1
1  3
7  7
9  6
3  1
4  -8
5  3
1  2
7  5
2  -4
4  -6
1  3
1  2
2  -4
1  2
