3  -3
7  -7
5  0
10  4
3  0
1  1
7  -3
15  -2
7  -7
1  0
8  5
3  0
2  -6
2  -8
14  4
12  0
3  -6
6  2
10  4
3  -2
1  -1
5  4
9  1
14  1
7  -1
4  -6
2  -5
11  -3
2  -4
1  1
3  -2
5  6
30  -1
2  -3
2  -3
6  -3
4  -2
14  5
8  6
3  -1
1  0
4  -5
3  -5
7  -7
1  -3
4  -6
1  2
1  3
2  -7
2  -7
5  1
8  1
11  -1
4  -7
7  -2
3  -4
1  1
1  -1
8  4
1  3
1  -1
6  -4
5  5
9  -4
1  -3
6  -4
4  -7
6  -4
9  2
10  6
5  4
1  0
3  -5
11  0
4  -7
3  -5
1  2
8  1
7  -5
11  -1
10  8
9  1
2  -9
5  0
5  3
3  0
10  4
6  1
3  -6
3  -1
2  -3
3  -2
1  -1
6  -1
1  1
2  -4
5  5
22  -1
5  6
5  2
6  -4
17  1
5  5
2  -9
1  0
10  8
7  -5
16  5
12  -4
5  5
10  6
1  2
1  3
9  -4
12  -1
21  -1
2  -6
1  -3
1  -1
1  1
1  -1
10  3
15  -2
5  4
1  2
1  -3
2  -4
3  -5
6  2
17  3
18  4
8  1
1  3
5  6
2  -8
1  -2
8  3
4  -2
10  6
11  -1
18  4
11  -1
2  -7
4  -8
9  -1
19  -8
3  -1
13  0
1  1
3  -6
1  -3
10  7
2  -8
4  -6
2  -7
11  2
3  -1
2  -9
4  -4
1  2
2  -7
10  2
24  -3
7  -6
5  4
1  2
15  -6
11  2
3  -6
1  1
5  4
7  -6
2  -6
9  -2
2  -5
4  -7
1  2
2  -5
6  -4
1  -2
22  3
7  -6
10  6
10  2
8  2
3  -1
1  -3
7  -4
3  0
6  -1
2  -3
4  -3
5  6
5  4
5  4
2  -9
18  3
2  -4
14  2
2  -8
9  -1
5  4
6  -4
11  1
1  -1
3  -2
6  2
24  1
2  -8
10  2
3  -6
1  -3
3  -1
5  4
2  -5
8  0
9  -3
3  -3
9  -2
1  -3
1  -1
3  -3
1  0
2  -5
1  -3
3  -3
1  2
1  1
13  2
1  3
9  -1
1  -1
4  -6
7  -1
2  -9
4  -3
5  1
17  4
4  -6
8  2
10  4
2  -8
21  0
10  7
3  -2
13  1
1  -2
1  2
2  -4
1  1
5  1
5  6
10  3
1  -1
12  -3
4  -7
2  -6
1  -1
20  -3
3  0
13  1
2  -5
4  -4
2  -8
3  -3
3  -6
5  0
9  -2
1  3
1  -1
21  -3
1  1
5  5
3  -4
3  -3
6  1
2  -8
18  3
1  -1
2  -3
10  2
10  8
1  3
2  -8
3  -6
7  -7
4  -2
16  1
8  3
3  -4
4  -6
10  8
10  8
5  2
6  -2
2  -4
9  2
4  -7
4  -4
5  0
10  6
4  -7
6  -2
5  5
13  3
2  -8
1  0
1  -2
8  3
33  -3
1  -3
3  -2
1  3
1  2
3  -1
5  1
6  0
3  -1
2  -8
5  0
11  -2
7  -1
5  0
5  2
8  2
4  -7
7  -5
1  -2
2  -5
3  -3
21  -4
2  -6
4  -6
3  -2
20  0
1  2
9  -4
5  5
4  -4
1  3
3  -3
4  -4
3  -4
25  -3
1  -1
8  3
4  -4
4  -2
3  -2
3  0
2  -7
4  -7
8  2
10  7
2  -6
1  -2
2  -4
5  0
1  1
20  -1
20  -4
1  0
18  1
5  5
1  -2
2  -8
1  -3
1  -2
8  0
8  1
1  2
7  -5
7  -4
10  2
3  -1
2  -4
1  3
5  5
4  -8
2  -4
1  3
13  2
2  -7
13  -1
8  2
6  -4
9  -2
1  1
20  -5
3  -4
7  -1
1  2
1  -3
12  -5
2  -9
9  -4
5  5
6  -2
2  -6
6  2
1  -1
1  2
6  -1
3  -6
3  -2
2  -3
16  1
5  4
11  -1
4  -6
9  -1
10  6
15  -3
5  0
7  -4
8  2
3  -5
3  -3
19  -6
1  -1
6  1
4  -4
9  0
2  -9
10  3
13  1
1  2
12  -3
9  -4
3  0
11  0
17  1
3  0
1  1
21  0
2  -8
10  8
1  3
2  -4
4  -8
1  3
18  4
1  -2
6  1
10  3
17  0
5  6
6  -3
6  -3
21  -2
3  -6
1  -2
3  -5
3  -3
17  0
1  -3
14  2
9  -3
2  -7
5  0
3  0
17  4
3  -5
17  0
6  -1
1  1
4  -8
2  -3
2  -5
2  -4
5  1
2  -4
1  2
1  -1
1  -1
3  -2
2  -4
5  5
4  -4
14  2
2  -6
2  -8
2  -9
6  1
5  5
16  5
1  -1
15  -5
14  4
1  -2
8  2
8  6
3  -1
5  1
6  -1
15  -4
9  1
12  -2
1  2
2  -6
11  -1
6  1
5  3
1  0
1  0
1  -2
4  -4
2  -9
14  2
2  -5
8  0
7  -6
10  6
3  -4
8  0
8  2
8  3
9  2
1  -3
4  -3
2  -5
13  -1
2  -3
3  -5
6  0
21  2
16  1
7  -4
8  5
4  -5
1  -1
4  -8
1  -2
4  -4
6  1
3  -5
4  -8
2  -4
2  -9
4  -4
6  -1
4  -2
1  -3
2  -5
12  0
7  -6
3  -5
6  1
6  -1
2  -3
11  -1
11  -3
2  -3
4  -5
6  1
13  -2
5  4
20  0
1  2
10  5
2  -9
3  -5
19  -9
2  -9
5  1
1  0
1  0
2  -4
10  7
10  8
9  -1
2  -7
6  -3
3  -1
15  -3
6  -2
1  -2
2  -8
1  2
6  -3
10  6
1  -1
1  2
1  2
11  3
9  -1
5  4
1  2
5  1
18  6
11  0
8  2
1  -3
5  2
4  -2
1  -3
3  -3
2  -9
1  -2
10  4
19  -8
3  0
11  0
1  -1
6  -4
3  -1
2  -8
8  2
16  1
6  -2
5  0
3  -2
1  1
13  1
7  -1
3  -4
1  -1
23  -1
4  -4
3  -6
1  1
2  -3
2  -4
4  -8
6  -1
1  -2
23  4
5  4
2  -4
3  -1
6  2
8  5
2  -7
3  -2
1  -2
8  6
3  -1
3  -1
1  1
7  -1
2  -8
7  -7
2  -8
1  3
9  -3
20  -5
4  -5
16  0
11  -1
8  5
1  1
7  -4
12  -5
14  0
3  -5
8  1
8  1
1  -1
7  -4
2  -6
7  -6
4  -3
2  -9
6  2
3  -4
18  4
1  2
14  0
2  -5
9  -3
3  -6
1  -2
3  0
2  -6
5  6
20  -2
18  2
2  -7
3  -2
1  0
4  -2
2  -4
15  -4
6  1
8  3
1  2
6  -2
6  1
3  -3
4  -8
4  -6
5  2
12  -1
26  -6
2  -6
10  8
11  -2
2  -3
12  -5
21  -3
8  0
2  -5
15  -4
1  0
4  -2
6  -4
10  8
9  -2
8  3
4  -7
4  -7
21  2
11  2
7  -6
8  5
37  5
5  6
6  0
12  -3
9  -1
27  -4
7  -5
9  0
2  -5
3  -6
2  -5
3  -1
1  1
4  -6
1  -3
4  -6
11  1
4  -6
20  1
6  -3
2  -9
7  -3
1  2
6  2
2  -6
12  -2
1  1
3  -5
2  -4
9  2
1  -1
3  -4
7  -3
1  0
6  -1
4  -4
9  -2
23  -1
1  -2
5  4
15  -1
5  5
9  -2
18  5
1  1
8  6
8  6
13  1
7  -3
11  -1
3  0
5  4
15  -5
1  3
7  -7
12  -1
4  -6
2  -3
7  -1
1  0
28  2
11  -2
3  -1
4  -4
3  -3
1  2
2  -5
8  0
3  -4
1  -2
2  -6
7  -2
1  0
3  -4
2  -6
1  -3
9  -3
5  5
4  -3
14  0
22  3
7  -2
9  -2
2  -5
10  8
4  -7
6  -2
12  -4
8  5
1  3
23  0
3  -2
2  -8
14  5
4  -6
1  -2
1  0
5  6
1  -2
2  -6
4  -5
4  -3
25  -3
2  -3
8  0
10  3
5  2
3  -4
6  -3
19  -7
6  -2
1  0
4  -5
9  -2
1  -1
3  -2
1  -2
5  3
4  -6
24  -4
5  4
10  4
8  0
12  -4
8  5
12  -2
1  -1
1  2
3  0
13  -1
8  5
2  -6
2  -3
5  3
1  -1
2  -7
16  0
7  -5
1  1
3  -3
8  4
3  -3
10  2
5  6
7  -6
3  -5
7  -3
10  8
1  -1
7  -5
5  1
2  -4
1  -3
2  -9
4  -6
8  3
1  -2
1  1
6  2
12  -2
1  2
12  0
1  -2
6  -3
1  -2
10  4
5  2
1  0
24  0
3  0
3  -2
9  -3
2  -8
18  5
8  4
1  -1
5  0
2  -9
8  5
5  6
1  -3
6  -4
1  -3
9  -1
1  -1
2  -8
1  3
6  -1
1  -1
3  -4
8  1
17  6
3  -4
14  4
5  0
6  -4
2  -8
5  4
8  2
8  2
7  -4
5  6
2  -8
8  5
11  0
1  2
1  2
1  0
2  -8
5  0
13  3
1  -3
4  -7
6  -3
1  -3
3  -6
3  -1
7  -2
9  0
1  -3
2  -4
1  -1
3  -1
7  -1
8  4
3  -4
2  -8
6  -4
14  2
18  0
11  2
11  -3
1  -1
3  0
2  -3
9  -2
9  -3
15  -6
1  0
2  -7
4  -4
3  0
1  0
1  1
2  -9
1  3
6  -4
14  5
1  2
8  3
12  -3
1  0
2  -5
2  -8
3  -6
5  3
10  7
2  -4
6  -2
2  -3
2  -9
2  -4
1  3
21  -2
2  -3
2  -4
4  -5
9  0
4  -5
2  -9
2  -9
21  0
1  -2
9  1
1  -1
1  -3
2  -5
4  -3
3  -2
5  3
3  -3
22  -1
4  -5
9  2
9  -1
