1  5
1  7
1  6
3  9
2  -2
2  -2
2  2
3  7
2  2
4  4
1  7
4  8
1  8
1  5
1  5
2  2
1  8
2  -2
1  6
2  -2
2  2
1  7
1  7
1  6
1  7
1  8
1  6
2  0
4  4
3  9
1  7
1  8
1  8
1  7
2  -2
2  0
2  -1
1  4
1  6
4  7
1  4
1  5
2  -1
4  6
2  0
1  8
1  7
1  4
1  8
1  4
1  5
1  4
3  7
4  5
2  -2
1  6
3  9
1  4
1  6
1  6
1  8
1  4
4  8
1  5
1  5
2  -2
1  8
1  7
2  1
4  4
1  5
3  8
2  -2
1  6
1  5
2  2
1  7
2  -1
1  5
2  2
1  6
1  6
1  8
1  6
3  5
1  6
1  6
1  5
3  6
1  4
4  4
1  7
1  4
2  1
2  0
1  6
2  -1
1  6
1  8
1  6
1  4
1  8
2  2
1  4
1  5
1  8
4  7
1  7
1  8
3  6
4  4
1  8
1  6
2  -2
2  0
3  5
1  5
1  5
3  5
1  7
2  1
2  -2
1  7
1  8
2  -2
3  7
3  5
1  8
1  4
1  8
1  5
2  2
1  8
1  5
1  4
1  6
1  8
2  1
1  8
2  -1
2  0
1  5
1  6
3  6
2  2
2  2
1  7
2  2
4  6
1  7
1  6
1  8
3  9
1  6
1  5
2  2
1  5
1  8
3  7
2  0
1  6
2  -2
3  8
1  6
1  7
1  4
1  4
2  2
3  6
2  -2
1  4
6  4
1  7
1  5
6  2
1  4
1  8
2  2
1  7
1  4
1  6
2  -1
1  5
3  7
2  2
2  1
1  4
3  8
1  6
1  6
3  7
1  8
1  5
1  8
2  -2
2  -1
1  8
1  5
2  0
1  8
1  8
2  0
2  2
1  6
1  6
3  9
1  7
1  8
4  7
2  1
2  -1
1  6
2  -1
1  7
1  4
1  6
1  8
2  0
1  5
1  5
3  9
2  1
2  0
1  4
1  7
2  0
1  4
2  2
2  1
1  8
1  4
4  6
2  1
2  -1
1  8
1  6
1  4
1  5
2  1
1  4
2  -2
1  8
3  5
1  4
1  4
2  -1
5  -7
1  7
1  5
1  5
3  8
1  8
1  7
1  8
1  6
1  8
1  4
1  7
1  5
1  8
1  4
1  8
3  7
1  4
1  4
1  5
2  -2
2  2
6  5
1  4
2  2
4  6
1  5
1  7
1  7
3  7
1  5
1  7
1  5
2  -1
1  8
3  6
2  2
2  2
4  4
1  4
1  4
2  2
1  7
1  8
2  1
2  -2
4  4
1  6
1  6
1  4
1  7
1  8
1  6
1  8
3  7
2  -2
2  -2
1  4
6  4
1  6
1  6
1  8
1  6
2  1
1  4
1  6
1  6
1  5
1  7
1  6
1  6
3  9
1  5
1  4
3  7
2  0
3  7
2  1
2  -2
2  1
4  6
4  7
1  4
1  6
2  2
1  6
1  6
4  5
1  6
1  5
1  4
1  7
1  8
2  -1
1  4
2  2
1  6
2  0
3  6
7  5
1  7
2  1
1  5
4  8
3  6
2  -1
2  -2
1  7
1  8
1  4
2  2
1  8
7  6
1  6
1  5
1  7
1  8
1  8
1  6
2  -1
1  7
1  5
1  8
1  4
1  7
1  5
1  6
1  8
3  8
2  -2
2  0
1  6
1  6
1  8
1  6
1  6
2  -1
4  8
1  8
1  8
1  5
2  -1
1  7
2  0
1  4
2  0
2  1
2  1
1  5
1  4
3  5
1  5
1  4
2  0
1  8
5  -7
4  5
1  6
1  7
1  7
6  3
2  2
2  -1
3  9
4  6
1  6
1  4
4  5
6  2
1  4
1  8
1  6
1  4
1  8
1  7
2  2
3  7
1  8
1  5
1  8
3  7
1  4
1  6
3  5
1  8
5  -6
1  4
7  3
1  4
4  4
1  6
1  7
4  4
2  1
2  2
3  5
1  8
1  4
2  0
1  8
2  0
3  5
3  9
1  4
2  -2
4  6
2  2
1  6
3  5
1  7
2  -2
4  6
1  5
1  8
1  5
3  5
1  4
1  8
1  8
1  8
1  6
1  8
2  -2
1  8
1  4
1  6
2  1
3  7
1  4
3  9
3  6
1  7
1  8
1  4
2  2
3  6
1  4
1  7
1  7
1  4
3  9
2  -1
1  4
1  8
2  0
1  5
3  6
1  5
1  8
1  8
1  7
1  5
7  5
1  6
1  4
2  1
3  8
2  2
1  8
4  5
1  6
1  6
1  7
2  -2
3  6
1  8
2  1
2  1
1  6
1  4
1  4
2  0
1  6
3  7
1  8
1  5
1  6
4  8
1  5
1  8
1  4
1  8
1  4
4  6
1  5
1  8
1  5
2  1
4  6
1  7
3  8
3  7
1  8
1  8
1  6
3  8
1  6
1  6
1  5
3  8
4  5
4  7
1  7
3  6
1  8
2  -2
2  2
2  0
1  4
1  6
1  4
1  7
1  5
2  -1
1  8
1  8
1  4
2  -2
1  8
1  5
3  8
4  6
1  5
3  6
3  7
1  8
1  8
2  2
3  7
1  8
2  1
2  2
1  4
2  0
1  4
3  5
2  1
1  7
3  5
1  7
4  8
1  7
1  8
4  7
1  8
1  7
2  -1
4  4
4  5
3  7
1  5
1  8
1  6
1  5
1  6
1  4
1  7
3  9
1  5
1  4
1  5
1  5
1  5
2  0
2  -2
1  4
2  0
1  6
1  5
4  5
1  8
1  7
2  1
1  4
5  -7
3  9
2  -2
1  8
1  5
6  2
1  5
4  5
1  8
2  -1
2  0
1  6
2  0
2  2
1  5
1  7
1  8
1  7
1  8
2  1
2  2
1  6
1  8
2  2
1  7
1  5
1  5
1  5
2  1
2  -1
1  7
1  7
2  -1
2  1
2  0
2  0
1  8
1  5
3  8
1  8
1  8
1  7
3  5
1  8
3  7
1  5
1  4
2  1
2  2
1  5
3  8
1  5
1  7
4  4
1  4
1  5
1  8
2  1
2  -2
1  4
1  8
1  5
1  5
1  4
2  0
1  7
1  4
1  5
2  -2
2  -2
1  5
3  6
1  7
1  8
1  5
1  7
1  7
2  -2
1  8
1  8
1  5
1  4
3  5
3  8
1  7
1  8
1  7
1  4
2  1
2  -1
2  -2
3  6
4  6
1  6
1  8
1  8
2  -1
2  1
1  6
1  4
1  6
2  0
1  6
1  8
1  8
2  -1
1  4
1  4
1  8
2  0
1  4
1  5
2  -2
2  1
1  5
1  6
2  -2
1  4
4  8
1  5
1  5
1  7
1  6
1  8
1  8
1  7
2  -1
2  -2
1  5
1  7
2  -2
1  8
3  5
1  4
1  8
1  7
3  5
1  7
3  7
1  4
2  -1
1  5
1  5
2  2
1  7
1  5
2  1
1  5
1  8
1  4
2  1
1  4
1  7
3  9
1  4
1  4
1  5
2  2
1  6
3  5
1  4
1  7
2  -2
3  7
1  8
2  -2
1  5
1  8
1  7
1  5
1  4
2  -2
1  6
4  5
1  4
1  5
1  5
6  2
1  5
1  8
1  4
1  7
2  -2
4  5
1  8
4  4
1  6
1  8
2  1
4  6
1  5
4  6
2  2
4  4
1  4
2  -2
1  6
1  5
2  0
1  7
1  4
2  -1
1  6
1  4
1  4
2  -1
1  4
2  1
2  1
1  6
2  -1
2  -2
2  -2
4  7
2  2
1  5
1  6
4  8
1  4
3  9
2  -1
1  6
2  1
3  6
1  5
4  6
1  6
1  6
1  7
3  9
3  8
1  8
2  -2
1  4
1  8
1  8
1  6
3  7
1  7
3  7
3  8
1  7
1  8
1  6
1  4
1  5
1  8
1  7
1  7
1  4
2  -2
1  7
4  5
1  8
2  -2
1  4
1  4
1  7
1  6
1  8
1  5
1  5
2  -2
1  5
1  5
1  5
1  4
1  8
2  -1
8  6
1  7
1  4
4  4
2  2
2  1
4  6
1  5
1  7
1  6
1  6
2  1
1  7
1  7
2  2
1  5
3  5
2  0
1  6
1  5
1  8
3  7
3  7
1  8
1  7
1  6
1  8
2  -2
2  0
1  6
1  7
1  5
1  4
3  9
2  1
1  8
1  8
4  4
1  4
1  7
1  8
1  7
1  7
1  8
1  4
2  -1
2  -1
1  6
1  4
3  7
3  5
5  -8
3  9
1  7
1  8
2  2
1  4
1  6
1  8
3  8
1  4
1  4
1  8
3  9
2  2
5  -7
2  -1
1  7
4  8
1  4
1  4
1  5
1  6
2  0
1  6
1  5
1  4
1  6
3  7
3  6
1  6
4  8
1  4
1  7
1  7
2  -1
1  7
1  7
1  8
1  5
1  6
2  2
5  -4
1  5
2  -1
4  5
1  4
1  5
2  -1
4  6
3  6
1  5
3  8
1  6
1  4
2  -1
1  5
2  2
2  0
1  5
1  5
