1  9
1  9
3  -2
1  0
2  7
1  0
3  2
2  3
1  -1
1  -3
2  6
1  5
3  4
1  3
1  7
1  1
1  0
1  6
1  10
1  -2
1  9
1  10
1  -2
2  12
1  4
1  6
1  3
1  9
1  2
2  11
1  4
1  10
1  7
1  5
1  5
1  9
3  2
2  9
3  -2
1  6
2  9
1  6
3  -10
2  10
2  12
1  -2
1  4
5  9
2  4
2  1
2  1
1  1
2  8
1  11
1  9
1  8
1  3
2  10
2  11
1  -3
1  3
1  10
2  9
1  3
1  3
4  -3
1  8
3  -7
1  3
1  1
1  10
1  -1
3  -1
1  8
5  8
3  3
2  8
1  0
3  -2
1  9
1  5
4  -8
2  2
1  10
1  6
1  10
2  7
3  -7
2  0
1  7
2  7
1  11
2  1
2  6
1  1
2  11
1  9
1  4
1  -3
1  1
2  11
1  9
1  3
1  10
6  1
1  -3
2  10
3  3
1  -1
1  3
2  2
1  3
1  1
1  9
1  1
2  -1
1  9
2  11
3  4
1  0
1  -3
1  -1
1  10
1  7
3  4
1  -1
1  1
3  -2
3  -1
1  11
2  9
2  -2
1  7
2  7
2  8
1  0
2  -2
1  3
3  1
1  8
1  1
1  11
1  -1
1  -3
3  -10
2  6
1  8
2  2
1  10
1  3
2  7
1  -2
1  8
1  -1
3  -6
1  9
3  -3
2  8
2  2
2  6
2  10
3  -9
2  4
2  -1
4  2
1  1
2  4
3  -9
1  11
2  5
1  3
1  3
2  6
1  6
2  0
2  9
1  3
1  2
1  4
1  4
1  9
3  -10
1  11
1  3
4  1
2  -2
1  3
1  -1
2  1
1  1
2  11
1  11
1  2
2  0
1  5
1  8
1  -2
3  2
1  10
2  10
1  10
1  0
1  1
1  7
2  2
1  -1
1  5
1  -2
2  -2
1  -2
3  -1
2  0
1  0
1  1
1  9
1  2
1  1
1  1
1  0
1  -2
4  -8
1  11
1  -3
4  0
1  2
3  -10
1  9
2  -1
2  0
2  1
2  9
2  4
2  5
1  11
2  12
1  6
1  4
1  8
4  3
1  -1
1  7
2  10
1  10
1  -1
1  -2
1  1
1  1
2  0
1  3
1  -2
3  -1
1  -1
1  10
2  3
1  -3
3  -10
2  12
1  11
1  -3
1  1
5  1
1  -3
1  5
1  1
1  -2
1  1
1  -2
1  -1
1  1
2  2
3  -4
1  11
1  10
1  -1
1  2
3  0
1  1
1  2
1  -3
3  -2
1  0
1  -2
3  -8
2  6
4  -1
2  5
1  5
1  10
1  10
1  11
1  1
3  -10
1  0
3  -8
2  3
1  0
1  11
1  6
1  3
1  -1
4  0
1  9
1  5
1  -2
1  -1
3  -5
4  -1
3  -4
4  -4
1  -1
3  -6
1  -1
2  3
1  3
1  1
1  0
1  0
1  0
2  0
1  5
1  2
1  6
1  8
1  2
1  10
1  11
1  0
1  11
1  6
4  -5
2  10
2  9
1  1
1  1
1  4
1  -2
1  3
2  0
1  10
2  7
1  1
1  -2
1  1
3  4
1  4
1  0
2  0
1  -3
3  -8
1  8
1  10
1  9
1  0
4  1
2  8
1  9
2  5
5  2
1  5
2  11
2  4
3  -7
1  -3
2  8
2  9
1  3
1  1
3  1
1  11
3  2
1  -2
2  10
2  12
1  0
1  -3
1  0
1  10
2  6
2  -2
2  7
1  6
1  2
2  2
1  7
2  3
2  1
1  9
2  3
2  1
1  5
1  4
3  -8
1  8
1  -1
1  -2
1  4
1  1
5  9
1  2
1  10
1  -3
1  5
4  -3
1  6
3  -6
1  -2
1  10
1  0
3  -2
1  5
4  5
3  3
2  -1
1  9
1  -2
1  9
1  0
4  1
2  11
3  0
3  2
1  7
2  7
2  2
1  -3
1  0
1  9
1  -1
1  8
2  0
1  -3
1  -3
1  5
2  0
1  9
2  -1
1  9
2  1
1  5
1  -1
2  9
1  8
1  6
1  7
1  3
2  11
2  -1
2  9
5  -3
1  7
3  3
3  -10
1  9
2  -2
1  5
1  6
1  -1
1  9
4  -6
1  0
1  9
2  7
3  -6
1  0
1  10
5  10
1  0
1  -1
1  -1
2  7
1  10
1  -2
2  -2
2  11
1  8
1  0
1  9
1  2
2  6
1  10
2  6
2  5
1  -3
1  6
4  3
3  -2
1  6
1  5
3  -4
3  -3
2  4
1  10
1  1
2  11
3  -2
1  3
1  -1
1  8
1  4
1  -1
1  4
1  10
2  8
2  -1
1  7
1  9
1  5
2  6
1  10
1  9
2  -1
2  7
1  0
1  8
1  8
1  8
1  9
2  0
1  1
3  -10
1  8
1  3
1  6
1  -2
1  -2
1  3
1  9
1  9
1  -3
2  -2
2  5
1  6
2  4
1  8
3  -5
2  1
1  6
2  11
1  6
3  -9
3  -4
1  8
1  1
1  9
2  3
1  0
5  -2
1  9
1  0
4  -8
1  0
2  -2
3  -2
1  5
2  4
5  5
2  12
1  -3
1  -1
2  11
2  11
1  1
2  11
1  7
1  6
3  2
1  1
2  1
3  -5
2  -1
1  11
1  1
2  -1
2  3
1  5
1  -2
2  -2
1  5
1  11
1  2
1  9
1  2
1  10
2  4
2  2
1  9
1  5
2  6
1  5
1  -1
1  7
1  2
1  -2
1  5
4  -3
3  -4
2  11
1  -1
1  -2
3  -6
1  11
1  -1
2  9
1  4
2  10
8  -5
1  5
3  -7
1  9
2  10
2  10
3  -6
2  -2
1  11
3  -5
1  0
1  -3
1  11
1  7
1  10
1  2
2  3
1  3
1  -3
2  1
1  7
1  2
2  11
1  -1
1  -1
2  -1
5  -2
1  4
1  -2
3  2
3  -10
1  0
2  4
1  2
3  4
1  3
1  10
1  10
2  1
1  10
1  -2
1  -3
1  3
1  7
1  0
1  0
3  1
1  4
5  4
2  4
3  3
1  4
4  0
1  -1
1  -3
1  1
1  9
2  11
1  0
2  7
1  2
2  10
1  2
1  3
1  2
3  0
1  10
1  3
1  11
1  8
2  11
1  9
1  -1
1  -3
3  4
1  10
1  -3
1  8
1  1
1  11
3  2
2  2
2  5
5  10
1  -2
2  -2
2  1
2  7
1  3
2  12
3  2
1  1
3  0
3  2
1  11
2  1
1  6
1  8
2  -2
2  0
1  1
2  11
1  0
1  10
1  7
1  1
1  1
1  0
2  2
1  5
1  -2
1  0
2  -1
2  8
1  0
1  1
1  -3
3  -7
1  3
1  7
1  -2
1  3
1  8
1  -3
1  -3
1  -3
2  -2
1  6
3  -9
1  2
2  7
3  -8
1  -1
2  2
1  -1
2  7
4  0
3  -9
1  1
1  6
2  5
1  -3
1  7
1  3
1  10
1  11
1  4
1  10
1  2
1  -3
2  8
1  -3
1  11
2  -1
1  6
1  5
1  7
1  1
2  10
1  2
1  9
3  -6
1  11
1  6
2  0
1  1
2  9
1  11
1  -3
2  7
1  1
1  4
1  8
1  1
1  7
1  9
1  6
3  -9
1  4
1  0
1  9
2  -1
1  10
4  -6
1  5
1  1
2  -2
1  1
2  12
1  8
1  -1
1  -3
2  3
3  2
1  5
1  3
2  7
1  1
1  7
2  6
1  4
1  -1
1  11
1  9
1  2
3  0
5  -1
1  -3
1  -1
3  -9
1  -3
2  5
1  2
3  -7
1  3
2  3
1  2
5  5
1  3
1  9
1  1
1  2
1  3
2  9
1  10
1  8
1  3
5  2
1  8
2  9
2  -1
1  3
1  3
1  2
1  5
2  12
1  10
1  3
2  -2
2  3
2  0
1  11
1  8
1  4
2  1
1  8
1  2
3  -8
1  -1
1  5
2  8
1  1
1  8
4  -8
2  4
2  11
2  -2
1  -1
2  1
1  8
1  -1
2  11
3  -6
2  -2
2  5
1  4
1  6
1  7
1  8
4  -6
2  -2
2  7
2  0
1  11
1  -1
1  2
1  0
1  5
3  -7
3  4
1  9
1  -3
1  0
1  -1
1  5
1  9
2  2
1  2
1  3
1  0
1  3
1  9
2  6
2  3
3  2
1  1
1  9
1  2
1  11
3  -4
1  -2
1  9
1  11
1  -3
1  10
1  1
1  9
3  -4
1  3
5  3
1  1
2  4
1  11
2  6
1  9
1  1
1  -3
1  7
3  -3
1  8
1  7
1  2
3  -7
3  -8
1  5
2  11
1  -3
1  -3
1  8
1  -2
1  0
1  -1
1  4
1  10
2  8
3  -6
1  10
2  11
1  8
1  11
1  9
2  12
3  -6
2  12
1  5
1  0
1  5
2  5
1  9
1  11
2  0
2  3
1  2
2  5
1  1
1  3
1  0
1  -2
1  -3
1  4
1  10
2  0
3  -8
1  4
1  9
1  -3
1  11
3  1
3  1
2  10
2  4
1  9
1  -2
1  6
2  2
2  0
1  -1
1  8
1  0
1  0
1  -3
1  9
1  10
1  -2
1  8
1  -2
2  12
1  7
1  9
1  1
1  5
1  4
1  5
1  -1
1  7
