4  -9
11  -8
6  -3
12  4
3  -1
4  -7
10  -1
1  1
17  -11
24  -8
3  -10
8  8
4  -5
3  -3
6  11
17  -6
3  -5
7  4
28  -3
1  -1
3  -4
2  -14
31  -1
6  9
2  -14
9  8
3  -1
21  -2
2  -4
7  9
7  -4
4  2
9  13
10  -6
3  1
13  1
13  -3
16  -5
11  -3
28  -3
1  2
5  -2
14  9
1  -3
4  -12
18  0
3  3
8  -1
15  -13
6  5
2  0
12  -4
5  -3
1  -3
20  8
1  8
3  -5
1  4
2  -10
9  12
1  2
4  -12
18  4
6  8
18  4
11  -2
3  1
2  -11
6  -2
3  -4
6  4
5  -6
5  1
8  5
5  -10
8  2
11  -5
9  4
3  -10
13  2
8  8
8  3
11  -7
3  -6
12  8
7  4
4  -2
2  0
1  0
4  1
2  -2
3  -8
4  -4
4  -8
18  -3
16  -8
22  -4
1  6
12  4
3  -4
2  -13
5  -9
17  -8
4  0
3  -2
9  5
8  5
3  -7
4  -2
12  -1
3  0
27  -6
1  -6
1  -6
1  5
18  8
1  5
2  -4
1  0
13  3
12  5
4  -3
4  -8
11  2
7  -4
21  -6
1  7
16  -3
2  -7
6  9
15  -2
10  -5
5  -6
16  -6
7  3
4  -11
6  9
2  -2
6  -1
14  -1
10  7
1  -2
4  0
2  -12
4  -7
30  11
6  9
2  -11
4  -6
17  -12
6  4
4  -6
7  3
1  4
4  -1
10  0
3  -4
10  5
15  -3
4  0
2  -10
4  0
10  5
6  -3
3  -5
6  8
6  -1
5  -8
2  -3
7  7
5  -1
6  4
24  -1
14  -1
2  -14
3  2
2  -5
1  7
12  7
5  -10
13  -1
2  -5
3  -1
3  -10
15  -3
4  -12
1  -3
1  -3
21  6
1  7
7  9
6  11
4  0
7  3
1  7
9  12
1  5
4  -5
5  -1
1  5
2  0
6  0
11  2
10  3
28  -7
5  0
14  3
10  -5
1  4
3  -2
6  0
2  -8
4  -2
2  -14
1  6
8  1
26  -2
3  -10
16  -8
1  5
12  5
3  2
1  -3
20  11
7  6
19  -1
32  -4
1  -2
9  1
4  -1
4  -2
2  -10
3  -6
2  -6
2  -6
13  7
6  11
9  2
3  -4
2  -5
9  13
19  9
2  -3
2  -11
6  7
2  -8
2  -3
8  -1
1  7
9  7
15  -6
5  4
3  -10
6  7
4  -9
6  9
4  -8
6  2
5  -8
2  -6
2  -12
1  0
4  -6
8  2
5  -4
6  -3
1  -6
1  8
3  0
9  3
3  2
15  -9
31  11
5  -6
4  -10
5  -10
7  -2
9  2
7  2
4  -1
7  2
4  -8
6  10
5  -7
6  -3
2  -5
1  6
1  -1
5  3
4  -3
1  5
5  2
5  -4
1  2
1  -2
2  -3
4  -12
5  -8
2  -1
2  -2
3  -3
5  0
7  -2
21  4
17  -10
1  6
3  2
15  -1
5  -7
6  7
7  8
8  7
4  1
12  -4
4  -5
2  0
2  -8
3  -1
4  -10
15  -12
3  3
10  3
5  -5
4  -8
8  5
5  -10
6  2
1  4
10  8
11  3
27  -2
21  -6
12  7
2  -8
25  -4
3  -5
11  -5
2  -2
8  9
19  -2
13  4
7  9
10  -6
22  -7
4  -2
34  0
29  -6
5  2
12  -2
7  0
9  14
4  -8
3  1
4  0
4  -8
18  -1
10  7
10  3
7  9
14  2
11  -4
4  -3
5  -4
2  -4
1  -4
7  5
1  4
7  -3
12  5
18  -3
18  3
1  -4
1  -3
13  2
2  -11
11  -9
1  8
4  -11
1  2
2  -13
11  -9
27  -1
1  -5
3  -8
5  -5
2  -13
6  4
4  -12
3  -4
11  -7
2  -14
14  1
4  -10
2  -11
13  10
1  7
8  9
1  7
4  -1
4  -7
3  -9
4  -6
7  2
3  -11
16  -4
6  0
1  -3
6  -1
12  -2
2  -14
32  -10
1  4
9  4
22  -8
4  0
6  4
6  6
9  9
8  5
6  0
4  -7
1  6
8  1
4  -9
4  -1
2  -14
5  -9
11  -7
3  3
16  -3
6  11
2  -3
4  -7
3  0
2  -2
7  3
7  0
3  -3
4  -3
4  2
12  -3
5  -9
1  -3
4  -8
2  -8
11  -6
4  -5
6  0
3  -6
11  0
3  -10
4  -12
4  -7
47  -3
2  -14
12  -1
3  -8
4  -1
5  2
1  -6
8  -1
2  -5
4  -6
8  0
5  3
37  6
7  6
7  8
11  -5
9  6
3  -4
3  0
1  -5
3  3
6  6
24  -3
1  1
7  5
3  -4
6  7
9  6
26  -5
2  -14
19  8
3  -4
20  6
2  -14
4  -1
1  0
22  1
6  -3
12  3
4  -6
5  3
14  8
12  0
7  2
7  4
3  -1
8  10
5  3
1  7
4  -2
3  -7
3  -8
18  5
8  -1
6  8
1  4
4  -1
8  4
3  -7
9  13
1  3
6  -3
1  8
18  -3
28  -3
12  -5
5  -5
11  -9
41  -14
2  -2
18  4
9  2
2  -2
5  -10
8  -2
7  3
18  8
6  7
9  12
2  -2
1  -4
4  -11
9  13
4  -5
34  -1
2  -14
6  7
19  3
10  6
3  -11
8  10
6  10
13  -2
16  -1
8  11
6  10
7  3
10  -5
19  4
12  0
6  5
2  -5
1  6
5  -10
9  5
8  3
25  -2
18  4
20  12
1  -3
9  14
3  -1
2  0
9  14
3  0
2  -2
1  8
6  4
6  3
9  11
13  -1
5  2
12  -1
4  -4
10  3
56  -7
7  0
2  -11
18  8
3  -8
28  -12
3  -8
1  -4
12  1
1  7
1  -4
7  8
2  -2
1  -1
9  3
1  -5
20  2
1  6
6  9
6  0
8  1
2  -2
7  7
13  4
5  3
9  13
4  -6
4  -3
13  -3
1  7
1  -5
4  -3
5  1
1  1
3  3
13  7
17  -4
16  -6
3  0
8  7
5  -4
4  -10
5  -3
4  1
1  8
6  2
4  -3
6  -1
3  -2
2  -14
12  6
10  0
17  -11
1  -4
8  7
3  -4
5  -3
4  -2
29  -4
5  -9
6  8
11  3
4  -4
5  -9
13  7
15  -12
7  2
10  6
4  -2
4  -5
4  -9
5  1
4  2
2  -5
7  4
10  -1
4  -4
8  10
5  -5
1  1
7  8
9  3
9  8
9  9
7  0
2  -11
4  -11
7  -4
20  1
17  -14
18  -4
7  4
5  -6
7  -5
3  -6
3  1
3  2
14  7
8  7
1  1
2  -6
11  -4
5  -1
3  -6
9  11
3  3
8  -2
7  6
38  0
10  -6
18  -5
21  -5
2  -11
3  -5
6  9
3  -5
6  3
7  3
12  1
7  6
10  6
23  -9
4  -9
19  9
3  -3
21  8
5  -7
30  3
3  -1
13  7
1  3
7  1
7  3
6  2
1  6
10  5
3  -4
4  -4
6  8
4  -5
5  1
8  4
3  -5
1  -1
6  1
3  -8
6  8
5  1
2  -3
13  11
5  -8
4  -11
1  -2
9  7
1  -1
3  -2
8  5
8  -2
5  -7
5  -4
23  -3
2  -3
7  -4
7  -5
6  8
7  -1
2  -8
5  -6
9  9
1  6
4  -5
2  -8
11  1
1  7
1  -6
3  3
8  11
14  0
7  1
2  -13
1  1
6  5
1  3
18  9
11  3
2  0
2  -1
4  -4
1  -5
1  3
2  -6
2  -12
12  0
2  -7
7  -2
16  0
11  3
3  -2
4  0
4  0
1  8
11  -8
5  -10
3  0
2  -14
10  -4
6  11
1  6
15  -12
5  -9
3  -10
10  0
3  -11
6  9
7  1
3  1
9  10
4  -12
3  -4
16  4
10  2
2  -3
2  -2
1  1
2  0
3  -2
4  -5
14  7
4  -6
11  0
1  2
22  -4
10  5
1  8
14  0
3  -7
7  8
5  -8
1  -4
9  14
2  -3
6  -3
3  -7
14  10
3  -3
2  -4
3  -6
7  9
4  -1
3  -1
9  0
8  4
4  2
1  -4
12  -3
2  -8
6  6
9  4
14  7
2  -7
1  6
16  0
7  0
11  -9
15  -8
5  -1
6  -2
3  -5
9  14
18  -5
2  -6
5  -7
14  1
1  3
10  -2
6  7
9  10
31  7
7  7
13  -1
17  -10
6  3
4  -7
1  -3
20  3
8  -3
8  10
4  -10
20  3
4  -7
11  2
13  10
3  0
17  -2
2  -8
1  -6
1  -3
6  -2
6  3
23  -8
8  8
1  1
8  -1
5  1
15  -10
2  -9
11  -10
1  2
3  -5
7  8
12  0
13  7
8  6
2  -7
2  -14
5  -2
17  -3
2  -10
9  14
15  0
1  7
2  -9
17  -6
10  1
12  4
1  6
15  -11
23  -7
10  2
4  0
3  1
2  -8
3  -3
6  7
5  0
1  8
22  -4
3  1
6  9
2  -5
3  2
3  -11
1  -3
5  0
1  2
10  6
8  8
6  -2
12  1
14  4
2  -3
6  11
2  -5
4  1
11  2
3  -2
4  -7
2  -5
5  -7
4  -5
19  8
25  -1
40  4
7  -5
4  1
2  0
10  -3
8  5
10  -1
1  -4
5  -2
16  -10
9  3
2  -8
12  6
6  3
9  4
4  1
2  -14
17  -2
9  10
6  7
29  -3
3  2
7  8
8  11
1  7
2  -1
20  8
6  8
10  5
5  3
3  -5
7  -4
22  -1
16  -10
5  3
5  -9
14  3
5  0
7  9
3  -3
2  -6
1  -3
6  5
1  -6
4  -9
1  8
31  -1
11  4
17  -6
10  -6
4  -5
11  -7
5  3
2  -14
7  -5
7  9
1  -6
6  8
15  -5
4  -1
