2  8
1  10
1  8
1  5
1  10
1  7
2  8
1  6
1  9
1  10
1  10
1  8
1  6
2  4
1  4
2  6
1  6
1  8
1  8
1  5
1  9
1  9
1  8
1  9
1  7
1  4
1  6
1  5
1  7
1  10
1  6
1  7
1  4
1  6
1  6
1  7
1  9
1  9
2  9
1  7
1  5
1  6
1  5
1  4
1  8
1  7
1  10
2  9
1  10
1  10
1  10
1  6
2  6
1  8
1  6
1  6
1  6
1  10
1  7
1  10
1  4
1  6
1  9
3  -2
2  9
2  10
1  10
1  10
2  8
1  8
1  8
1  6
2  6
1  10
1  6
1  5
1  6
1  4
1  7
1  5
1  5
1  4
1  7
1  10
1  7
1  8
2  6
1  9
2  8
1  6
1  4
1  6
2  10
1  10
1  8
2  5
1  8
1  9
1  10
1  9
2  8
1  6
1  4
1  8
1  6
1  4
1  7
2  9
1  6
1  5
1  6
1  9
1  7
1  9
1  8
1  7
1  5
1  6
1  4
1  10
1  10
1  10
1  8
1  6
1  10
1  8
1  4
1  10
1  7
1  8
1  8
1  9
1  5
2  6
1  8
2  9
1  6
1  8
1  4
1  7
1  6
2  7
1  9
1  9
1  6
1  10
1  7
1  9
1  10
1  4
1  6
1  9
1  5
1  8
1  4
1  5
1  7
1  10
1  9
1  9
2  4
1  9
1  10
1  7
1  9
1  10
1  6
2  4
1  7
1  8
2  6
1  7
2  9
1  10
1  6
1  8
1  10
2  4
2  7
1  5
1  5
1  9
1  6
2  5
1  5
1  6
1  10
1  4
1  6
2  7
1  5
3  -1
2  6
2  7
2  8
1  6
2  9
1  9
1  5
1  4
1  5
2  6
1  4
1  4
1  9
2  4
1  8
1  4
2  10
1  10
1  5
1  8
1  9
1  5
1  5
1  7
1  4
1  8
1  5
1  9
2  4
1  5
1  10
1  8
1  5
1  9
1  4
2  6
1  7
1  7
1  10
1  9
2  9
1  9
1  4
1  4
1  9
1  5
2  9
1  10
1  9
1  4
1  10
1  9
1  9
1  4
1  5
1  7
1  4
1  10
1  10
1  7
1  5
1  4
1  6
1  7
1  4
1  5
1  10
1  6
1  4
1  10
1  7
1  4
1  8
1  10
1  8
1  10
1  7
1  7
1  6
1  8
1  4
1  9
1  8
1  5
1  4
1  10
1  7
1  10
1  4
1  9
2  6
1  5
1  5
1  8
1  10
1  8
1  6
1  9
1  5
2  8
1  8
1  8
1  6
1  6
1  8
1  10
2  7
1  10
1  9
1  5
1  8
1  10
1  4
1  9
1  9
1  8
2  6
1  10
2  9
1  7
1  5
1  8
1  6
1  4
1  5
1  8
1  6
1  6
2  9
1  10
2  4
1  7
1  7
1  6
2  6
1  4
1  10
1  8
1  7
2  10
1  10
1  8
1  10
1  7
1  4
1  7
1  5
1  7
1  5
1  6
1  6
1  6
1  10
1  4
2  10
1  4
1  8
1  4
1  6
1  7
1  10
1  8
1  7
1  4
1  8
1  4
2  7
1  9
1  6
1  4
4  3
2  9
1  4
1  6
1  7
1  6
1  4
1  8
1  8
1  5
1  7
1  9
2  7
1  10
1  7
1  9
1  9
1  4
1  7
1  10
2  9
1  6
1  10
2  9
2  5
1  8
1  6
1  4
2  4
1  4
2  7
1  6
1  10
1  10
2  5
1  5
1  6
1  10
1  6
1  7
2  7
1  8
1  6
1  8
1  7
1  7
1  4
1  8
1  8
1  6
1  9
1  5
1  9
1  10
2  6
1  9
2  10
1  7
1  5
1  5
1  4
1  4
1  10
1  4
1  5
1  6
1  9
1  7
1  4
1  7
1  5
1  6
2  4
1  7
1  7
1  8
1  5
1  4
3  -2
1  4
1  4
1  9
1  6
1  10
1  10
1  5
1  7
2  8
1  9
1  5
1  6
1  8
1  6
1  6
1  8
1  7
1  8
1  10
1  5
1  4
1  7
2  8
1  6
2  10
1  8
1  9
1  8
2  8
1  7
1  7
1  10
1  9
1  9
1  8
1  4
1  10
1  7
1  9
2  5
1  6
1  6
1  6
1  6
1  8
1  4
1  9
2  9
1  5
1  8
1  4
1  4
1  9
1  8
1  4
1  10
1  10
1  4
1  9
1  7
1  7
2  5
2  8
1  8
1  6
1  5
1  8
1  9
1  4
1  9
1  9
1  9
1  8
1  5
3  -1
1  8
1  10
1  7
1  8
1  6
1  4
1  9
1  6
2  7
1  6
1  10
1  9
1  7
1  10
2  5
1  6
1  4
1  9
1  10
1  7
1  7
1  10
1  8
1  9
1  5
1  6
1  6
1  10
1  6
1  7
1  9
1  6
1  6
2  4
1  7
1  5
1  6
1  7
2  6
1  8
1  5
1  8
1  10
1  6
1  5
1  4
1  6
1  8
1  4
1  10
2  8
2  6
1  4
1  9
1  5
1  6
1  5
1  4
1  5
1  8
1  6
1  10
2  8
1  9
2  4
1  8
1  4
3  2
3  3
1  10
1  5
1  6
1  6
1  9
1  10
1  6
1  9
1  9
1  9
3  0
1  9
1  10
1  10
2  10
1  10
1  4
1  4
1  10
1  4
1  9
2  7
1  4
1  7
1  10
2  4
1  9
1  10
2  7
1  5
1  10
1  7
1  6
1  8
1  4
1  4
1  9
1  4
1  7
1  10
1  9
1  10
1  9
1  8
1  5
1  5
1  9
1  8
1  5
1  6
1  6
1  6
1  6
1  7
1  6
1  7
1  4
1  8
1  8
1  10
1  6
1  4
2  8
1  10
1  6
1  8
1  10
1  5
1  5
1  4
1  4
1  9
2  7
1  9
1  10
3  -1
1  5
1  5
2  8
1  6
1  8
1  6
1  10
1  4
1  4
1  9
1  5
1  9
1  9
2  9
1  9
1  5
1  4
1  8
1  8
1  9
1  10
1  10
1  7
1  6
1  8
1  7
2  7
1  8
1  6
1  9
1  8
1  7
1  4
1  10
1  8
1  4
1  7
1  7
2  6
1  7
1  10
1  5
2  5
1  4
1  5
1  9
1  9
2  9
1  9
1  10
2  4
1  8
1  10
1  4
2  10
2  7
1  8
1  10
1  9
1  10
1  5
1  5
1  4
1  7
1  4
1  8
1  8
1  9
1  4
1  5
1  9
1  10
1  6
1  10
1  6
1  10
1  7
1  8
1  7
1  5
1  7
1  10
1  8
1  9
1  5
1  4
1  6
2  9
1  9
2  10
1  5
2  6
1  4
1  9
2  6
1  6
1  5
1  5
3  0
1  6
1  9
1  9
1  6
1  6
1  5
1  6
2  7
1  4
1  4
1  5
1  8
1  10
2  9
1  7
1  10
1  10
1  10
1  8
1  6
1  4
1  10
1  5
1  10
1  6
1  9
1  6
1  6
1  6
1  6
1  10
1  4
1  5
1  8
1  10
1  9
1  10
1  4
1  7
1  6
1  8
1  5
1  7
2  9
1  5
1  10
1  8
1  4
1  10
1  7
1  4
1  5
1  7
3  2
1  10
1  6
1  10
1  5
1  10
1  4
1  10
1  6
2  6
1  5
2  9
1  4
1  4
1  10
1  8
1  8
1  4
2  10
1  4
1  4
1  8
1  5
1  9
1  8
1  9
1  8
1  7
1  8
2  4
1  6
1  6
2  7
1  8
1  9
2  7
1  10
1  5
1  6
2  9
1  5
1  4
1  5
1  7
1  10
1  5
1  5
1  5
1  10
1  5
1  9
1  7
1  9
1  6
1  8
1  6
1  6
1  10
1  9
1  10
1  5
2  9
2  6
1  4
1  4
1  9
1  10
1  5
1  9
1  7
1  6
1  6
1  10
1  9
1  6
1  4
1  6
1  10
1  9
1  8
1  8
1  8
1  5
1  6
1  5
2  9
1  6
1  8
2  10
1  8
1  4
1  9
1  7
1  6
1  9
1  7
1  7
1  10
1  9
1  4
1  6
1  9
1  8
1  10
2  6
1  10
1  10
1  6
1  9
1  9
1  10
1  10
1  8
1  10
1  10
1  7
1  8
1  7
1  5
1  7
1  4
1  7
1  7
1  7
1  4
1  7
1  4
1  10
2  9
1  7
1  7
1  6
1  4
3  -2
1  5
1  10
1  5
1  8
1  10
3  2
1  4
1  7
2  6
1  7
1  6
1  9
1  5
1  8
1  10
1  8
1  8
1  8
2  6
1  10
1  5
2  7
1  6
1  10
1  4
1  6
1  4
1  5
1  7
3  4
1  4
1  5
1  9
1  5
1  7
1  5
1  6
2  5
1  4
1  5
1  7
1  4
1  6
1  6
1  9
1  9
1  4
1  8
2  7
2  4
1  5
1  9
1  9
