40  -9
12  -2
16  -4
35  -4
21  0
5  -2
41  3
21  -3
13  -4
2  0
1  -7
5  -5
9  -3
6  -1
14  -1
11  9
2  0
54  -2
4  5
11  5
21  -2
18  7
10  8
6  1
1  -1
15  1
6  4
20  -7
5  -3
3  1
11  7
6  3
6  3
7  -5
6  5
9  -7
8  -6
2  1
5  -2
11  4
23  7
9  -3
21  -1
27  5
3  1
14  -5
2  0
1  -5
2  8
15  -3
3  4
10  0
25  6
3  5
3  4
9  -8
2  3
5  -9
15  -6
8  -10
1  -6
18  6
5  -5
7  -10
15  -4
3  5
1  -6
2  3
1  -6
4  4
2  0
4  3
10  3
14  -4
6  -1
3  4
5  -7
9  -3
1  -7
8  -3
5  -3
2  5
19  0
1  -5
3  -2
15  1
10  1
7  -6
4  5
6  1
11  3
11  6
14  0
30  6
9  -6
14  -4
11  1
3  1
5  -7
5  -2
4  6
18  4
1  -5
4  0
16  -7
11  4
5  -6
25  7
2  0
3  1
10  1
10  6
4  6
16  -7
14  0
3  4
10  6
3  -3
5  -2
3  1
14  -2
7  -5
28  -7
8  -5
15  -3
17  -9
4  5
7  -10
1  -2
4  4
13  0
43  5
14  1
7  -9
23  8
1  -9
11  7
21  -6
27  2
14  -1
5  -8
7  -4
7  -9
5  -1
18  2
9  -4
4  4
17  -9
8  -6
4  4
6  3
22  -8
34  2
9  -7
18  4
13  -4
14  0
6  7
6  1
15  1
40  -8
1  -9
2  2
8  -5
7  -5
10  3
22  -8
3  5
3  5
20  -7
8  -3
8  -9
7  -3
3  -3
9  -1
4  0
10  5
24  5
26  0
30  6
2  1
24  3
6  1
3  -2
8  -8
9  -2
20  -11
3  3
10  1
7  -8
8  -8
7  -6
4  2
4  2
4  4
1  -3
8  -6
11  3
10  0
14  1
5  -3
8  -4
13  3
2  3
27  -3
10  3
2  0
1  -7
4  8
12  0
9  -7
1  -9
4  5
7  -3
8  -9
4  7
9  -4
4  2
3  2
6  1
25  4
2  5
6  5
13  -4
7  -3
10  5
4  7
6  3
5  -6
10  4
19  -2
2  8
12  2
25  6
5  -8
2  4
12  1
5  -9
4  5
10  2
2  2
17  -5
3  -3
16  -3
5  -2
3  -3
16  -7
8  -2
3  1
15  1
13  -5
4  1
7  -3
11  5
1  -5
2  5
3  4
9  -5
1  -9
4  2
4  1
16  -4
15  1
8  -2
2  7
4  6
35  -4
4  8
5  -5
19  1
6  1
13  -3
8  -8
10  5
5  -1
2  6
1  -2
2  1
2  1
3  -3
1  -9
9  -2
4  3
10  0
8  -5
16  -6
1  -5
8  -6
2  7
3  1
23  7
13  0
2  7
7  -5
12  -3
28  -5
1  -4
1  -2
19  0
1  -5
14  1
19  4
8  -4
2  7
4  7
1  -8
7  -4
10  7
7  -6
34  3
8  -10
20  -9
7  -5
3  4
20  -8
10  4
15  -4
22  -10
2  2
7  -11
7  -5
3  -3
1  -3
11  3
16  0
6  5
24  6
9  -5
12  -1
14  2
4  3
11  2
2  5
6  0
3  3
13  -2
14  1
7  -7
54  1
5  -3
7  -5
6  5
1  -7
5  -3
2  4
1  -1
1  -9
6  0
1  -9
1  -2
3  3
4  6
5  -6
9  -7
22  -10
38  5
3  3
1  -1
43  8
14  0
6  5
3  -3
4  6
2  3
1  -9
11  3
13  -5
14  -4
7  -6
36  -7
13  2
7  -10
9  -9
6  7
5  -3
9  -4
2  8
5  -5
5  -8
21  -7
11  2
1  -9
3  3
3  -2
1  -2
32  -2
13  -5
13  -1
5  -3
21  -1
3  -2
9  -9
1  -1
1  -3
8  -10
2  6
4  7
3  4
8  -9
10  4
1  -4
2  1
9  -3
2  0
4  4
4  4
4  1
9  -2
10  4
15  -6
7  -10
8  -6
5  -7
17  -8
9  -8
12  -4
6  2
29  1
13  -4
11  4
48  -2
3  4
3  5
7  -5
14  -3
8  -6
10  0
6  3
2  8
9  -1
7  -3
3  -2
11  2
23  11
3  1
18  5
7  -8
3  4
3  -3
1  -6
4  2
16  -5
1  -6
9  -3
1  -4
4  5
1  -3
5  -5
4  5
2  2
12  -2
7  -4
15  0
19  -4
3  4
1  -1
6  5
16  -3
13  -1
6  7
7  -10
13  2
11  6
4  5
4  7
9  -7
18  7
8  -5
15  -1
1  -5
22  -10
9  -8
4  7
7  -8
17  -9
12  1
4  7
23  11
11  1
3  3
6  1
8  -8
12  0
35  -1
14  2
7  -10
21  -4
2  1
14  -6
13  -1
5  -7
18  7
1  -4
7  -4
27  0
1  -7
5  -4
4  6
6  7
18  6
4  7
5  -3
3  0
1  -9
1  -6
2  2
1  -8
6  2
16  -7
6  5
39  2
32  -6
4  7
1  -4
6  3
3  -3
6  3
4  8
5  -8
5  -1
14  -5
2  0
1  -3
9  -7
21  0
14  1
31  1
4  2
15  -5
11  4
4  8
10  5
19  3
2  0
26  0
1  -5
17  -1
7  -3
39  9
37  -2
31  2
14  1
9  -9
3  0
10  8
22  -3
7  -11
6  2
1  -5
5  -2
11  3
4  3
1  -6
7  -8
2  7
8  -4
5  -9
9  -8
5  -2
24  1
10  8
11  3
3  1
12  2
31  -3
25  2
1  -9
9  -4
3  -3
13  -3
6  3
2  4
15  -2
2  8
26  -2
6  7
7  -10
13  0
25  7
27  5
3  3
5  -4
7  -9
1  -6
12  -1
12  0
4  7
4  4
22  -7
14  -3
2  1
4  7
3  1
11  2
7  -5
2  5
5  -3
6  2
7  -5
4  3
7  -8
1  -1
19  -4
5  -9
9  -6
7  -7
2  1
2  4
3  -1
7  -8
1  -4
24  6
1  -4
4  5
27  -2
11  8
20  -7
10  1
2  4
41  4
1  -2
6  1
7  -6
3  4
8  -8
3  -3
3  -3
2  4
6  3
2  8
1  -1
3  3
25  0
1  -1
18  0
3  3
38  3
11  6
5  -8
7  -3
12  0
3  0
3  5
6  0
36  -4
9  -6
17  -8
23  5
22  -7
12  1
1  -7
10  7
3  0
22  -10
3  -2
12  2
12  1
43  8
15  1
1  -3
3  3
12  0
23  11
4  1
11  4
1  -4
1  -3
23  4
5  -9
3  -2
17  -1
29  5
2  7
8  -3
7  -11
20  -4
1  -5
5  -9
3  2
32  -6
9  -3
3  3
3  5
3  0
1  -9
18  8
20  -6
2  4
13  2
1  -5
30  6
1  -4
9  -2
10  8
1  -9
8  -3
6  3
14  2
1  -2
3  3
8  -5
7  -9
5  -1
17  -9
21  -4
7  -9
2  2
1  -2
16  0
9  -2
4  1
11  7
7  -10
12  -5
16  -4
28  -4
7  -4
16  0
7  -4
9  -7
11  1
12  -5
4  4
6  -1
4  1
9  -7
7  -9
18  1
38  -1
6  4
4  6
1  -5
18  0
11  5
27  -2
2  2
27  4
1  -8
1  -9
40  -8
1  -4
1  -7
38  4
2  8
6  6
3  -1
25  6
4  6
16  -6
2  1
16  -4
17  -8
15  -6
1  -9
3  -1
6  1
17  -9
19  0
1  -3
8  -2
1  -4
1  -1
11  7
15  -3
7  -3
6  3
8  -10
7  -8
6  3
3  5
2  7
11  6
6  -1
16  -3
19  2
6  4
24  -1
20  -7
2  4
12  0
38  2
7  -4
6  7
17  -5
5  -8
11  3
33  4
20  -7
5  -5
4  6
11  6
3  5
8  -4
6  6
7  -3
2  6
12  2
24  7
1  -3
4  4
5  -4
3  -1
19  -3
25  0
5  -9
3  1
2  4
4  5
2  2
11  7
6  -1
10  2
16  -1
2  5
7  -8
3  0
8  -8
15  2
2  4
1  -8
9  -8
28  -3
16  -1
3  0
4  7
5  -9
13  1
11  7
3  5
1  -6
32  -7
7  -5
48  -1
10  2
13  1
6  2
11  2
12  1
2  8
8  -5
32  -4
3  -3
5  -8
6  2
28  -6
1  -8
9  -3
6  5
3  -3
14  -2
11  4
4  8
14  -1
11  3
15  1
12  -1
1  -4
17  -2
12  -4
12  -3
1  -9
11  4
3  3
6  4
4  3
10  6
11  8
16  -4
21  0
30  6
7  -11
3  -2
1  -3
9  -6
3  3
19  -1
3  4
29  2
32  -2
7  -4
1  -6
9  -6
5  -2
18  8
1  -6
28  -1
3  3
6  6
7  -5
7  -8
16  -3
6  -1
10  1
20  -9
19  -1
4  3
22  -7
11  8
11  8
3  -3
30  4
7  -5
5  -3
7  -6
47  -3
4  6
11  1
7  -10
2  7
8  -9
2  0
6  5
4  4
5  -6
4  2
23  8
12  0
5  -2
5  -7
16  0
20  -3
8  -3
16  -5
5  -4
22  -3
26  -8
1  -6
9  -1
1  -6
23  6
15  -5
34  5
30  8
39  4
3  2
1  -9
2  8
8  -4
5  -1
6  6
14  -2
3  3
7  -4
2  6
21  -2
12  -3
15  -5
7  -8
23  8
1  -9
22  -4
13  0
7  -5
27  -2
15  -5
1  -1
2  7
1  -3
11  8
3  4
1  -4
5  -3
10  1
9  -2
3  0
15  -3
14  1
10  5
10  1
10  0
8  -6
9  -6
4  3
1  -3
4  8
3  5
7  -8
4  8
6  2
4  1
5  -2
2  1
2  4
1  -1
14  0
8  -5
2  7
1  -5
6  -1
9  -1
14  2
15  -4
1  -5
2  5
1  -3
1  -4
26  -5
10  6
5  -8
5  -7
