5  -5
6  -6
8  6
3  -7
15  1
2  1
9  -2
5  -6
11  -1
20  -3
4  4
4  4
2  -1
13  1
3  -5
13  2
6  -6
47  7
7  4
1  -7
16  2
41  -5
7  5
5  -6
7  4
11  0
7  3
3  -6
3  -7
1  -7
13  0
13  1
1  -6
4  6
13  1
8  5
2  -1
1  -5
7  4
10  -6
7  4
5  -6
9  -1
1  -7
4  5
17  4
15  0
2  -1
10  -5
10  -4
8  6
1  -7
11  -2
10  -4
12  8
17  4
49  -3
7  4
2  0
5  -4
2  1
11  -1
8  5
34  -4
7  3
32  2
1  -5
1  -7
2  0
3  -5
7  4
24  -8
17  5
24  -7
3  -7
5  -6
2  0
19  1
4  4
4  5
5  -5
2  0
4  4
5  -5
5  -6
1  -5
7  5
1  -5
11  -2
7  4
11  -1
6  -7
19  1
4  6
1  -7
6  -6
3  -7
15  2
2  0
4  6
1  -6
10  -6
9  -3
6  -6
22  -1
2  1
40  6
39  4
4  5
25  5
5  -4
5  -6
5  -5
2  0
8  5
1  -6
16  2
14  -7
2  1
14  -5
11  -1
14  -5
17  6
19  1
1  -7
22  -1
8  7
30  -3
1  -5
20  -3
1  -7
27  6
1  -6
6  -5
7  4
4  6
3  -5
12  7
22  0
4  4
3  -7
5  -4
7  5
7  4
56  -6
20  -3
70  3
9  -2
15  1
5  -5
3  -7
7  3
8  7
18  2
19  0
48  6
1  -6
2  -1
10  -6
11  0
6  -6
22  0
5  -5
14  -7
9  -1
4  5
6  -6
3  -5
5  -4
1  -5
8  6
2  -1
9  -1
2  0
5  -6
1  -5
5  -6
5  -4
9  -3
6  -5
10  -5
1  -6
1  -6
5  -4
27  7
15  1
6  -7
1  -7
12  6
11  -1
4  5
1  -6
10  -5
29  -1
39  5
1  -6
15  2
28  8
28  7
13  1
7  5
3  -7
7  5
5  -4
5  -5
3  -5
11  -2
26  4
3  -5
13  1
11  0
4  6
1  -7
1  -6
13  0
3  -6
5  -4
4  4
18  4
3  -5
2  0
2  -1
16  3
15  1
1  -5
3  -5
10  -4
1  -6
21  -7
1  -6
7  3
6  -5
13  2
2  -1
5  -4
2  0
9  -2
3  -5
1  -6
6  -7
1  -7
5  -4
6  -5
14  -7
4  5
4  5
9  -3
4  6
1  -6
4  4
5  -5
11  0
9  -1
3  -6
10  -5
3  -7
15  2
3  -7
1  -6
7  4
3  -5
11  -1
8  5
3  -6
1  -7
30  -3
1  -6
9  -2
3  -5
34  -4
2  1
21  -7
4  4
13  2
11  -2
14  -5
2  0
2  0
9  -2
3  -7
9  -3
9  -1
9  -1
5  -4
15  1
5  -4
6  -6
16  3
13  1
2  0
11  -1
15  2
22  -2
1  -5
14  -6
5  -6
13  1
1  -6
20  -5
10  -4
48  8
25  5
4  6
8  6
6  -5
9  -1
9  -1
18  2
37  -2
13  0
20  -4
2  0
4  5
20  -4
8  5
11  0
12  8
1  -7
5  -6
9  -1
5  -6
14  -5
16  4
4  5
7  4
3  -7
1  -7
12  8
23  -3
11  -1
30  -4
3  -6
11  -2
5  -6
13  2
30  -3
23  -4
16  2
8  6
14  -5
14  -5
4  4
12  6
4  4
4  5
1  -6
5  -6
5  -4
34  -3
24  -8
1  -7
26  5
4  5
15  0
8  5
5  -5
13  0
7  3
5  -6
14  -6
32  0
31  -3
19  0
6  -7
3  -6
4  6
9  -1
8  6
4  4
1  -5
2  0
16  4
5  -5
1  -5
9  -1
12  6
8  6
4  5
5  -5
6  -6
2  0
18  4
5  -5
15  2
15  0
5  -5
1  -7
12  8
16  2
8  6
1  -6
2  -1
16  3
20  -5
11  0
14  -5
2  0
2  1
7  5
7  5
3  -5
48  8
11  -1
8  7
14  -7
1  -7
2  -1
25  6
11  -1
37  -2
15  0
2  -1
4  5
15  0
5  -6
15  2
7  4
3  -5
10  -6
6  -6
2  1
2  1
23  -4
2  0
1  -7
35  -7
12  6
30  -4
19  2
9  -2
3  -7
8  6
7  5
1  -6
15  0
10  -6
16  3
1  -7
7  4
1  -6
2  1
19  1
4  5
3  -7
6  -5
9  -2
3  -7
27  6
15  0
13  0
4  5
2  0
2  1
3  -6
19  1
4  4
24  -8
13  1
6  -6
11  -1
19  2
10  -6
4  5
14  -6
8  5
4  5
8  6
20  -4
17  4
1  -5
4  5
12  7
5  -4
23  -5
3  -5
3  -5
16  2
9  -3
28  6
35  -8
3  -5
10  -4
5  -5
2  1
3  -7
5  -5
8  5
17  4
7  4
6  -6
26  4
10  -6
7  3
41  -5
9  -2
13  2
26  4
2  -1
2  1
5  -6
55  -6
1  -7
2  -1
42  7
2  0
3  -6
7  3
18  3
6  -6
1  -6
5  -5
7  5
12  7
3  -5
12  8
22  0
4  4
1  -7
1  -7
4  4
1  -5
45  0
11  -2
10  -6
2  -1
2  1
3  -5
2  -1
10  -6
6  -6
1  -7
12  6
4  5
34  -3
7  3
3  -5
10  -6
2  -1
2  -1
22  -1
7  4
14  -5
14  -7
4  4
12  6
3  -5
2  1
7  5
6  -5
15  1
23  -4
19  0
7  3
9  -1
3  -5
2  1
13  0
10  -5
4  4
1  -7
5  -5
1  -5
6  -7
27  6
13  0
5  -4
20  -5
6  -5
47  6
2  0
2  0
6  -6
20  -5
8  5
3  -6
1  -6
5  -5
16  3
1  -6
2  0
8  7
7  4
11  -2
36  1
1  -7
3  -7
9  -2
26  6
6  -6
7  5
30  -2
2  0
20  -3
5  -6
14  -5
6  -7
6  -6
3  -5
2  1
4  5
6  -7
4  4
6  -7
49  -3
12  6
8  5
3  -5
19  1
3  -6
7  4
1  -6
1  -7
6  -6
10  -4
4  5
7  5
6  -5
8  7
8  6
6  -5
3  -6
18  3
2  0
12  8
15  0
1  -6
12  6
6  -5
2  0
10  -5
9  -2
8  7
1  -5
10  -5
3  -5
17  4
38  -4
22  -1
7  4
6  -5
5  -4
2  0
9  -2
25  6
7  4
19  2
13  1
2  1
3  -7
4  4
25  7
2  1
2  0
8  5
2  0
2  0
18  4
8  6
16  4
10  -6
15  0
2  0
8  7
1  -7
12  7
1  -5
15  1
6  -7
3  -6
6  -6
32  0
41  -5
12  6
17  5
15  2
8  5
6  -7
10  -4
20  -5
2  0
2  1
19  0
19  1
4  4
14  -5
20  -3
5  -4
1  -6
23  -3
3  -7
17  5
6  -7
6  -7
20  -3
14  -6
17  6
2  -1
2  -1
11  -2
19  1
7  4
1  -6
6  -7
6  -5
13  1
7  4
5  -4
2  0
4  4
1  -6
17  6
7  4
25  6
6  -5
7  4
9  -3
10  -4
16  2
2  0
5  -4
25  7
17  4
2  -1
1  -7
4  6
8  7
13  0
2  1
14  -5
26  5
10  -5
18  2
13  1
14  -7
8  5
2  1
1  -7
5  -6
8  5
4  4
12  8
1  -5
5  -5
1  -6
1  -7
7  4
3  -7
4  4
14  -7
12  6
3  -5
5  -5
2  1
9  -1
12  6
49  -3
7  3
11  0
5  -5
1  -5
7  5
3  -6
2  1
15  2
5  -5
1  -5
15  1
3  -6
5  -6
10  -6
18  2
10  -6
9  -1
7  5
1  -5
1  -7
6  -7
13  0
3  -7
4  4
3  -7
20  -4
3  -6
16  2
10  -5
8  5
11  0
2  1
1  -5
12  8
5  -6
27  6
5  -5
6  -7
19  2
9  -3
34  -4
12  6
14  -5
5  -6
11  0
5  -5
4  4
1  -6
8  6
3  -5
2  -1
24  -7
12  7
5  -4
10  -4
17  4
38  -2
1  -6
1  -7
9  -3
14  -5
5  -4
6  -5
46  -4
6  -7
17  5
15  2
1  -5
8  5
4  6
9  -2
3  -7
5  -5
2  1
6  -5
1  -6
4  6
22  0
2  1
2  -1
2  1
1  -6
26  4
2  1
11  -2
22  -2
1  -7
35  -8
8  6
8  6
17  4
4  6
7  5
12  8
5  -5
3  -5
13  1
8  6
1  -7
13  1
4  6
10  -5
2  0
9  -1
2  -1
2  1
9  -3
4  6
4  5
1  -5
4  4
1  -5
3  -7
1  -6
1  -7
4  5
3  -6
13  0
10  -6
14  -5
5  -6
6  -6
8  5
1  -7
1  -7
5  -4
10  -6
9  -1
4  5
21  -6
1  -7
17  5
3  -7
23  -4
2  0
12  7
4  6
23  -5
20  -4
46  -5
4  4
2  0
14  -5
24  -7
2  -1
5  -5
5  -6
3  -5
8  6
9  -3
9  -3
1  -6
3  -5
1  -7
4  6
5  -6
10  -6
19  2
1  -7
4  5
12  6
3  -7
5  -4
8  5
9  -1
1  -6
2  0
7  3
4  5
3  -6
1  -6
22  -1
17  4
3  -5
8  7
33  5
20  -4
17  4
6  -5
10  -5
1  -6
1  -6
15  0
1  -7
13  2
4  6
25  5
15  2
9  -2
7  5
21  -8
3  -7
12  6
45  1
6  -6
9  -1
2  1
1  -6
2  -1
3  -7
18  2
24  -6
2  -1
40  5
7  5
1  -5
12  7
5  -4
42  7
3  -5
3  -5
3  -6
3  -5
9  -1
5  -5
8  6
3  -5
14  -7
3  -5
6  -6
3  -6
17  4
9  -2
20  -5
6  -6
2  0
9  -3
3  -7
7  4
6  -5
2  0
8  7
20  -5
2  0
1  -6
32  1
10  -4
4  6
1  -6
4  4
17  4
6  -6
3  -6
10  -4
