7  3
1  -3
4  -8
1  -1
2  -2
5  2
3  13
3  5
1  1
2  -4
1  3
2  -13
2  -6
2  -7
2  -9
3  0
3  -1
3  3
11  8
3  2
3  1
5  7
2  -8
2  -6
2  -2
3  6
1  -5
3  9
1  5
2  -3
2  -12
7  8
1  -7
1  4
2  -14
5  12
4  -13
3  2
1  3
1  -6
2  -13
1  -3
2  -5
3  10
1  -5
2  0
1  0
2  -3
4  -13
1  4
2  -6
1  0
1  0
1  6
1  -5
5  2
1  -1
2  -6
5  13
5  11
2  -6
2  0
1  -6
3  6
3  3
2  0
6  11
3  13
3  11
1  3
3  3
2  -9
2  -10
1  4
5  13
1  5
4  -1
7  3
4  -4
1  -1
1  5
1  3
1  4
1  7
1  0
2  -4
1  -5
7  7
1  -7
2  -5
2  -13
3  10
4  -12
5  0
2  -9
1  4
1  -7
5  13
2  -11
1  5
2  -6
6  8
3  12
4  -1
1  -3
3  1
1  3
4  -13
3  8
3  7
2  -5
1  -5
3  12
2  -9
1  4
2  -9
1  -4
6  12
1  -4
1  0
1  -6
1  -4
2  -12
1  2
2  -1
2  -13
1  -6
9  1
2  -2
2  -14
5  7
4  -1
1  -3
2  -5
10  0
1  -1
2  -5
8  -6
2  -14
1  -1
1  5
2  -14
1  4
1  7
2  -8
1  4
1  5
2  -3
2  -11
7  5
1  5
4  -14
6  10
2  0
1  6
2  -9
1  -5
1  -5
2  -12
1  -5
2  -1
1  6
3  1
4  -4
3  4
2  -6
4  -10
1  5
5  12
1  4
4  -10
2  -3
11  -1
6  8
1  6
4  -5
1  0
1  -6
3  5
1  4
2  -1
2  -2
2  -7
1  -1
1  4
2  -5
1  5
1  7
4  -6
1  2
1  -1
2  -7
4  -2
3  12
1  1
1  7
1  -4
1  -6
4  -1
6  8
7  3
2  -12
3  2
6  0
2  -12
1  6
4  0
3  -1
2  -14
1  3
1  -1
1  -7
2  -8
1  0
3  5
1  -4
5  13
1  -3
8  1
2  -11
2  -5
1  -1
5  11
1  5
1  6
1  -5
1  7
1  -3
5  0
6  14
2  -2
1  4
3  2
13  -12
2  -9
5  14
2  -1
4  -14
3  11
9  6
1  6
1  1
1  2
2  -10
1  -6
5  6
4  -6
1  4
4  -7
4  -13
1  0
3  12
4  -4
1  6
2  -4
2  0
1  7
1  0
4  -5
1  3
15  -5
4  -9
2  0
5  0
2  -10
4  -3
3  8
5  1
2  -7
3  4
1  -3
5  14
7  3
3  8
4  -14
3  0
2  -4
7  -1
2  -7
2  -3
6  9
1  2
1  6
2  -6
2  -4
2  -6
6  2
3  11
4  -1
1  -6
2  -12
2  -2
1  -4
3  11
1  4
1  5
2  -12
1  7
6  14
1  6
14  -6
4  0
2  -10
2  -11
4  -3
2  -8
1  -4
4  -1
8  1
1  -3
3  0
1  -3
1  3
1  6
3  10
1  2
2  -6
2  -6
1  -3
1  5
5  1
8  -3
3  13
1  5
5  0
1  1
1  7
3  11
3  13
1  -2
4  -13
3  10
6  0
1  -1
2  -5
3  3
2  -2
3  4
6  10
1  7
1  0
2  -9
4  -6
5  1
2  -3
1  -1
8  -1
1  -5
5  14
1  -2
1  6
1  -2
5  0
1  2
1  -3
1  4
1  6
3  10
2  -12
4  -9
2  -11
2  -9
1  6
2  -3
1  -2
3  1
1  1
2  -14
6  12
1  0
3  7
2  -9
1  -4
4  0
2  -9
2  -8
3  0
3  11
5  3
4  -10
6  1
1  3
1  -6
7  2
1  7
4  0
3  8
2  -2
1  2
4  0
1  -7
2  -8
5  7
2  -11
1  -6
7  2
3  0
1  -2
2  -6
2  0
2  -8
7  -3
3  11
3  1
3  6
8  -3
1  3
3  11
4  -8
2  -12
12  7
1  4
6  5
1  -2
3  4
3  6
4  -5
3  8
2  -2
3  7
2  -12
1  7
1  3
3  11
8  4
1  6
4  -5
1  1
5  11
3  4
3  6
1  -5
2  -4
4  -6
3  5
1  5
5  5
1  -1
2  0
2  -4
4  -1
1  6
3  13
4  -8
2  -14
1  3
6  5
1  2
1  -2
1  4
3  7
1  -7
6  8
2  -7
3  6
1  -6
1  7
1  1
7  5
3  12
1  -1
1  4
1  5
1  4
1  2
2  -11
2  -3
5  14
1  2
5  5
4  -14
2  -8
2  0
9  0
7  -3
1  -5
1  3
4  -1
2  -8
4  0
9  1
1  -5
1  3
2  -13
3  9
3  0
4  -7
1  1
3  7
8  -5
5  9
1  7
5  10
1  -5
3  11
1  0
1  -3
2  -2
11  -2
1  -5
3  11
1  6
1  -2
1  5
2  0
1  7
1  2
2  -8
1  2
7  -3
2  -6
4  -9
3  9
3  -1
3  8
4  -11
5  6
1  -1
4  -6
3  8
5  8
8  0
6  9
3  7
1  -3
1  6
2  -6
5  7
2  -8
2  -2
5  6
2  -4
1  7
1  5
1  3
3  10
5  13
1  -2
1  0
3  8
2  -12
1  -4
2  -5
2  -5
2  -5
1  3
1  6
1  0
2  -9
2  -11
5  11
4  -6
1  3
4  -6
2  -7
2  -3
1  1
4  -13
4  -6
5  6
2  -3
1  3
2  0
1  -5
2  -12
2  -6
7  -6
12  -4
1  -7
7  6
2  -2
2  -10
3  12
1  6
8  3
3  -1
1  4
7  6
1  -2
4  0
1  -4
1  -6
1  4
1  -6
1  4
1  -2
4  -3
1  2
1  -6
4  0
3  0
4  -11
2  -1
1  6
3  11
2  -2
1  -3
3  3
4  -4
4  -8
4  -7
2  -10
1  -2
4  -3
2  -1
4  -4
2  -9
1  -5
3  11
5  12
1  3
2  -1
1  -5
2  -4
2  -9
2  -11
4  -9
3  4
1  -1
1  -3
1  -6
1  6
1  7
1  -4
3  1
3  0
4  -9
7  4
1  6
1  -1
2  -9
7  -3
1  1
4  -6
6  5
1  -4
3  12
3  5
8  8
1  0
2  0
10  -3
2  -6
4  -3
2  -11
2  -11
3  12
2  -7
2  -9
1  -7
7  4
2  -12
2  -14
2  -6
2  -13
2  -4
1  -5
3  7
1  -3
2  -13
3  12
2  -5
7  6
5  7
3  12
1  0
1  -6
1  2
1  -5
2  -6
4  -7
3  11
3  7
2  -11
2  -14
6  13
2  -6
2  -10
1  -2
1  -6
4  -6
10  10
1  -7
5  6
2  -6
1  5
1  7
3  2
1  3
1  0
3  6
3  3
3  9
4  -13
1  -7
3  3
1  -4
1  1
3  12
3  6
1  1
2  -4
5  1
2  -5
4  -9
3  13
5  3
1  2
1  -4
2  -8
1  6
1  -2
2  -10
3  6
4  -7
2  -2
1  4
1  -5
2  0
4  -11
1  -1
2  -8
1  0
1  -2
1  0
2  -6
5  14
7  -6
1  -2
5  9
5  6
13  -5
2  -10
3  -1
4  -8
3  9
1  -7
3  -1
5  12
1  0
4  -4
3  5
11  6
3  6
2  -6
1  -4
10  8
2  -7
1  5
10  -2
3  9
1  0
2  -4
1  -1
1  0
2  -7
4  -6
1  4
1  1
1  -3
1  7
3  0
1  -7
4  -4
3  10
1  7
3  2
4  -3
2  0
3  12
3  8
3  8
1  -7
2  -14
2  -3
6  7
1  -1
4  -6
1  4
1  7
1  -4
3  0
1  -3
2  -3
1  7
6  8
3  0
3  10
2  -5
1  1
3  0
1  -3
1  -5
3  5
2  -1
7  -1
12  3
1  1
2  -6
4  -7
2  -6
4  -2
1  -3
2  -10
2  -1
6  3
2  -9
1  -6
5  5
8  -2
1  0
3  1
1  6
2  -9
1  6
3  10
2  -3
11  6
3  10
6  9
3  0
1  5
1  -2
4  -2
1  2
5  12
2  -4
5  7
5  3
1  -2
3  5
1  -3
1  -5
1  4
1  5
7  5
1  -5
1  5
1  -7
1  -6
5  6
1  -7
2  -7
9  -6
1  -4
2  0
1  -7
3  12
9  5
1  -7
1  2
3  9
11  7
2  -10
5  13
8  2
2  -12
3  12
1  -4
2  -1
3  7
4  -13
2  -4
1  1
3  0
1  -1
3  9
3  9
1  -6
6  9
2  -1
1  6
2  -5
4  -5
2  -13
1  2
1  2
2  -4
4  -6
1  2
3  0
1  4
7  -5
3  0
6  8
4  -10
1  3
2  -14
2  -11
3  7
1  -1
1  7
2  -9
2  -4
6  11
8  -4
5  13
4  -7
1  -2
1  -7
2  0
2  -10
3  4
12  7
2  -12
2  -1
4  -11
4  0
2  -10
1  4
4  -3
1  -1
1  6
4  -13
6  13
10  5
1  -5
5  11
2  -1
1  4
2  -1
1  -1
3  7
6  7
1  7
2  -11
1  -6
2  -9
2  -3
2  -7
2  -10
3  10
2  -4
3  0
1  -7
1  5
3  6
1  -5
8  6
1  5
1  5
1  -4
3  -1
4  0
1  -4
2  -2
2  -11
4  -4
1  5
3  7
1  1
1  2
1  1
6  8
2  0
4  -11
3  8
1  3
1  -2
4  -3
2  -14
1  -6
1  4
2  -7
1  7
3  12
1  -5
3  13
1  -7
1  3
2  -1
4  -4
6  11
4  -12
9  -5
4  -4
1  7
1  6
2  -7
3  9
2  -11
8  3
1  0
2  -4
1  3
4  -7
6  14
1  4
1  -4
10  -3
9  3
1  -1
1  -4
1  4
3  6
2  -4
2  -5
3  9
8  5
4  -8
