6  -2
2  -2
2  -6
4  -5
2  1
3  9
1  -3
4  -1
6  6
5  -1
3  -2
9  1
1  10
6  5
3  -1
8  -3
9  2
1  11
1  -3
7  -8
4  -8
6  -5
4  -6
9  0
3  7
1  5
3  6
1  9
1  -2
7  0
1  9
5  7
3  8
4  -4
1  7
2  -5
13  -1
2  1
6  4
14  -8
4  -11
8  -5
4  1
3  3
3  -1
5  9
2  -3
1  10
2  -3
5  9
1  1
4  -4
3  4
5  1
3  0
6  8
5  4
1  2
5  12
7  -3
2  -1
14  1
3  -2
1  -3
1  6
4  -3
1  0
6  8
1  -1
4  -13
13  10
4  0
1  0
9  -4
2  -13
13  13
1  3
3  1
13  7
2  -3
4  -1
3  -2
2  -3
7  0
2  -9
3  -2
4  -1
2  -1
7  -4
4  -1
2  1
16  10
2  -1
1  1
5  13
9  4
2  -8
2  -5
1  0
6  1
1  6
6  4
4  1
5  11
1  1
8  4
1  0
1  9
5  0
5  9
3  4
1  -3
2  -9
4  -7
5  9
2  -7
9  0
4  -3
8  -4
1  6
2  -6
1  7
3  -1
1  -2
3  7
1  9
1  2
2  -10
7  -9
3  5
4  -1
10  -4
6  -2
1  11
4  -1
2  -2
3  5
15  3
16  4
2  -4
11  -1
1  -2
2  -13
2  -8
6  7
9  -2
5  8
2  -1
6  4
4  -1
2  -12
2  -5
5  8
1  -2
9  -3
2  1
10  -9
1  7
1  5
4  -1
3  5
9  -2
2  0
1  -1
19  -8
1  -3
2  -1
2  -12
5  2
10  0
2  -9
2  -1
4  -8
13  6
1  -3
1  -3
4  -6
6  -1
1  8
6  8
3  6
3  1
5  8
2  0
1  11
2  -12
25  5
5  7
1  7
1  2
1  7
8  0
1  5
4  -2
17  -13
16  0
1  8
1  3
2  -8
3  12
5  7
5  5
7  -10
1  3
7  -11
3  7
2  -12
17  -6
3  -2
4  -6
3  3
1  8
9  2
14  -2
15  -5
9  -5
1  9
15  0
1  5
5  11
1  7
4  -5
4  -4
5  2
4  -9
13  6
4  -6
14  -11
3  1
3  1
7  -9
2  1
9  3
7  -5
2  -9
8  3
13  11
2  -10
1  10
1  7
1  7
3  -1
1  3
6  -3
7  0
5  0
3  8
2  -2
1  3
2  -5
1  -1
1  9
5  5
9  3
1  5
15  -5
8  0
1  5
2  -8
3  -1
1  5
10  0
6  4
10  -5
1  4
2  -3
12  4
2  -9
2  0
1  9
6  -1
1  7
2  -5
3  1
7  -14
30  -4
1  1
14  0
4  -4
2  -3
2  0
2  -2
5  3
4  -8
3  12
5  9
22  1
12  10
3  11
2  -12
2  -3
2  -7
3  -1
2  -9
4  -2
1  2
5  4
1  -3
1  11
2  -7
1  10
2  -12
10  -1
6  4
1  8
1  1
3  6
1  2
11  10
4  0
2  -3
2  -11
6  -3
2  -2
7  -3
12  10
1  -3
1  9
10  1
2  -4
1  -3
4  -1
4  -2
3  2
1  3
5  12
11  0
5  9
3  8
7  -14
3  3
1  10
5  8
4  -5
2  -12
7  -13
2  -9
5  7
1  9
2  -12
3  7
1  0
4  0
2  1
5  8
2  -12
2  -1
17  -4
4  -2
4  -3
6  8
3  3
2  -7
2  -8
2  -4
6  8
8  -3
2  -2
4  -10
3  1
4  -10
3  1
3  10
1  2
1  -3
1  7
3  7
5  8
6  9
2  -13
2  -8
16  4
1  8
1  -3
1  8
1  8
6  6
5  7
6  6
7  -11
2  -11
1  -1
1  5
6  -3
5  10
1  11
4  -7
3  3
1  6
2  -4
4  -8
9  -8
6  7
5  1
1  9
8  -3
1  4
5  9
2  -8
5  10
9  -4
7  -4
5  1
3  0
1  8
3  8
2  -2
11  -1
9  -7
5  13
1  2
2  -7
6  8
4  -12
4  1
1  11
1  -3
7  -11
1  9
5  9
1  -2
4  -5
1  5
1  0
3  0
3  7
21  -6
2  -3
2  -13
7  -5
1  11
14  1
1  5
4  1
2  -12
1  1
6  -5
1  5
1  7
2  -4
10  -9
20  5
3  6
1  8
1  5
2  0
5  5
13  10
3  2
1  -3
6  -3
4  -10
3  2
5  3
4  -1
1  0
10  2
12  12
2  1
1  11
1  -2
4  -13
1  7
3  11
2  0
10  1
16  7
8  -5
13  2
5  3
1  -2
2  0
1  11
10  -1
5  13
5  13
3  6
3  11
8  4
1  4
4  -4
3  3
2  1
1  9
15  -8
1  7
1  6
5  4
1  -3
2  -7
5  9
1  1
28  -4
6  -2
3  10
9  5
4  -2
7  -8
7  -6
2  -7
5  2
7  -10
9  3
1  6
1  11
1  6
1  0
2  1
2  -3
4  0
5  4
6  -2
3  6
1  5
5  6
9  -2
3  7
7  -1
3  6
2  -9
2  -13
3  -2
12  2
1  10
4  -11
1  3
1  5
9  -8
3  -1
1  7
6  -4
4  -1
4  -8
4  -9
11  8
3  12
3  2
1  4
2  -13
1  0
1  -2
3  4
10  -2
5  10
4  -1
1  -2
4  -1
2  -6
4  -9
5  8
4  -8
2  -3
6  3
1  9
2  -12
3  3
3  10
3  3
1  3
9  6
4  -5
17  -14
5  2
2  -4
8  -8
3  4
7  -10
2  -4
6  -4
2  -9
1  11
6  9
7  -8
2  0
3  2
3  3
2  -4
7  -12
8  -8
9  2
3  2
1  6
1  9
18  -3
3  10
1  4
5  0
21  7
2  -1
6  -1
1  3
4  -1
1  8
1  9
4  -2
2  1
7  -9
1  -2
2  -12
9  0
1  2
1  1
4  -2
6  8
13  10
4  -7
3  -1
1  8
6  2
4  0
5  1
3  -2
1  1
3  12
4  -5
2  -13
2  -7
1  2
3  4
9  -3
2  -7
9  3
1  9
1  -1
3  9
2  -7
10  1
5  12
1  -2
6  9
1  1
3  5
6  2
7  -3
7  -5
19  -3
3  4
4  -10
1  -3
3  8
8  -4
2  -12
1  2
8  -1
8  -6
1  1
1  0
4  -11
2  -5
2  -4
1  11
9  -5
8  5
1  8
4  -8
10  4
1  -3
3  3
3  -2
4  -10
1  4
1  10
2  0
2  -9
2  1
3  3
1  -1
8  -3
2  -12
9  3
6  7
5  6
1  1
3  2
8  5
11  5
1  10
9  -6
2  -8
7  -9
11  6
4  -13
1  9
2  -2
5  6
2  -5
1  6
2  -7
7  -11
9  5
1  5
6  9
10  -1
3  11
1  -2
3  1
1  3
1  9
16  2
3  7
5  0
8  -4
1  -3
6  8
4  -6
9  -5
16  3
4  -13
1  8
2  -4
2  -8
13  10
4  -12
6  -5
8  3
4  -11
1  0
1  9
6  9
7  -7
5  11
6  4
14  -11
6  -2
10  -2
1  -1
5  13
16  2
1  4
1  -1
1  0
1  3
9  2
7  -12
9  -3
3  4
6  -2
10  -4
9  -7
2  -7
3  6
3  7
2  -10
2  1
2  -3
12  13
5  0
3  3
2  -13
2  0
2  -6
5  12
3  8
9  -8
3  7
1  10
12  7
2  0
3  -2
2  -11
2  0
3  -2
1  0
8  0
3  -2
19  4
1  4
2  -11
2  -11
14  -13
5  4
7  -6
1  9
1  6
4  0
6  -3
4  -7
2  -4
7  -4
11  1
2  -7
2  -1
1  1
4  -8
6  6
2  -13
13  12
1  11
2  -12
3  12
7  -13
1  11
5  13
15  -3
2  -2
6  1
8  -8
7  -9
6  -5
3  4
10  -6
1  -2
1  -3
11  4
1  -1
6  3
8  -5
3  10
1  3
3  -1
15  -2
8  0
1  11
3  -2
1  4
2  -9
2  -12
4  -3
15  -1
2  1
2  -13
3  4
4  -7
16  6
7  -9
5  0
3  8
2  -10
4  -8
1  11
1  5
1  3
3  -2
9  0
2  -12
3  5
8  1
5  0
2  -13
3  9
7  -7
2  1
5  0
4  0
5  4
1  -2
1  8
10  -5
3  12
1  4
1  1
3  10
11  -3
2  -11
1  10
1  2
4  -9
7  -2
4  -9
1  1
1  6
6  6
1  -2
14  -11
3  -2
8  -6
2  -7
20  3
16  1
3  -1
5  6
1  10
3  0
4  -8
11  3
4  -12
9  -8
1  0
5  7
1  -2
3  11
2  -9
4  0
2  -3
2  -11
4  -5
1  11
4  -2
1  -3
5  2
21  1
1  0
10  -8
10  -8
1  7
5  12
1  0
2  -2
1  9
4  1
3  8
3  7
2  -12
6  9
12  2
6  3
9  4
11  7
9  -1
7  -14
1  -2
5  8
6  9
2  -9
9  1
12  4
3  10
2  -2
1  4
2  -5
4  0
1  -1
3  10
3  7
3  3
5  5
3  6
1  5
1  0
4  0
4  -11
1  6
1  1
3  -1
5  -1
6  -3
3  5
5  5
1  11
4  -11
8  -1
1  1
14  -13
3  4
1  2
1  7
1  7
3  -2
6  6
2  -11
2  -11
3  7
3  -2
4  -1
7  -2
5  6
16  5
1  3
12  12
3  -1
6  6
2  -4
2  -3
2  -5
7  -11
2  -1
3  12
4  -1
7  -4
4  0
2  -7
1  0
5  0
3  0
4  -7
1  4
2  -6
10  -4
2  0
4  0
1  2
8  1
6  5
1  1
4  -6
6  3
2  -12
4  -5
3  11
5  4
2  -5
3  8
2  -12
1  7
5  1
5  9
1  -2
5  -1
3  6
10  -2
