13  -1
4  11
8  -3
1  4
5  0
1  -2
10  0
4  3
1  4
4  10
9  3
2  -10
2  -9
4  1
16  4
2  -6
4  12
6  7
1  -4
1  -5
18  -1
3  5
1  2
1  1
5  1
1  -1
2  -5
3  -5
12  7
6  -1
4  3
9  0
4  9
5  6
1  0
4  10
2  -5
15  2
1  -4
1  -7
8  3
3  -1
9  1
7  10
12  -4
4  12
1  0
12  8
5  6
34  5
4  9
2  -1
14  1
2  -5
2  0
4  11
6  5
9  -5
4  11
25  -1
11  -9
12  -2
5  -3
15  -5
3  5
1  1
12  -3
11  -3
6  2
6  1
5  4
18  3
2  -8
1  0
4  8
1  -2
4  5
3  -4
19  -4
17  -3
4  5
5  -2
2  -7
5  -2
5  6
12  -3
6  -2
6  0
5  -3
1  -8
11  0
8  -3
8  -4
2  -11
10  -2
3  -5
8  6
4  10
2  -8
9  -3
4  11
1  4
6  -5
8  -1
12  -1
48  2
6  2
4  8
5  -3
2  -3
2  -11
1  -6
11  -6
2  -7
15  -4
2  -8
23  -5
1  1
16  9
3  -5
3  5
7  1
1  -4
5  1
7  7
6  4
7  7
3  -5
9  2
1  3
10  -5
1  -4
6  -3
15  -3
6  1
2  0
4  5
11  -12
2  -2
6  5
2  -11
8  6
9  2
3  6
1  -6
16  2
1  3
1  -8
3  1
4  9
3  5
5  9
3  -4
1  -5
10  5
2  -4
3  7
11  -2
4  8
7  5
1  2
2  -10
24  12
20  -9
9  3
9  6
3  -4
5  8
3  -2
12  5
14  1
5  6
4  2
4  4
5  -3
6  -2
1  0
5  -2
4  8
4  1
18  3
19  -12
6  7
2  -1
14  1
4  9
1  -1
5  1
12  1
15  -2
14  10
6  -5
2  -7
2  -7
9  6
29  5
2  -6
4  0
5  5
6  -1
17  -5
2  0
8  0
4  10
2  -5
2  -1
6  -4
2  -5
6  1
2  -10
10  3
8  7
8  1
3  4
1  -3
2  -6
8  7
57  12
1  4
5  5
10  6
7  3
6  5
20  -6
1  1
6  -4
16  1
2  -5
2  0
8  6
9  -5
10  -3
21  -6
9  -1
1  3
4  11
4  6
11  -7
5  2
3  6
9  6
8  -3
7  4
16  10
17  -7
1  0
3  -4
10  5
16  2
13  4
7  1
13  -1
6  7
3  0
3  -3
7  3
9  -4
2  -8
2  -3
2  -6
28  -7
14  6
2  -11
3  4
11  -3
1  -2
7  -1
6  -4
12  2
13  0
10  6
13  3
5  9
2  -7
7  6
4  2
3  1
2  -3
5  1
9  4
3  -3
1  -8
2  -1
7  2
3  0
12  4
1  -7
8  6
11  -6
20  -2
5  -3
1  -8
1  0
8  3
4  9
7  10
3  4
5  5
5  4
5  7
2  -7
5  7
12  8
3  -4
4  11
9  -4
1  -7
10  1
21  -3
8  -1
6  -3
2  -4
10  5
1  -6
1  0
3  -3
2  -11
2  -4
3  5
1  -4
6  0
7  10
4  2
7  0
1  4
13  -5
1  -4
3  7
4  3
19  -13
16  5
13  4
1  -6
2  -9
5  -2
2  -3
3  6
3  -2
3  -2
1  -8
3  4
5  8
1  1
7  3
2  0
5  5
11  -9
4  9
5  6
14  4
6  4
3  3
11  0
7  -1
3  -3
11  -4
5  -1
1  -2
4  4
7  8
3  7
9  0
1  -4
8  -2
1  -2
6  2
1  -8
25  -6
6  -5
1  -5
10  5
5  7
1  -2
11  -11
38  -5
22  1
5  4
1  2
2  -11
8  1
1  -6
3  0
9  -5
5  -3
17  1
2  -9
22  -1
29  2
9  3
5  -1
2  -10
3  -5
4  11
5  4
4  1
29  -2
1  3
1  4
11  -11
7  4
12  1
1  -8
12  0
6  5
2  -3
4  9
6  2
13  3
10  3
12  2
10  -5
1  -5
20  2
2  0
25  -1
4  3
4  8
9  7
1  4
8  -1
3  -5
1  4
2  0
2  -2
4  4
13  1
6  3
15  2
9  6
2  -5
3  3
3  -5
1  0
3  1
7  -1
2  -2
4  8
1  -6
1  -6
3  7
10  -5
1  -8
2  -6
3  4
2  0
8  2
1  4
28  4
1  1
13  0
16  11
14  3
8  -5
2  0
6  6
3  -3
7  11
3  7
1  0
8  -2
7  7
7  8
1  -4
4  8
5  3
6  1
9  -5
2  -4
7  3
6  2
2  -5
1  -1
6  2
2  -9
1  -4
1  1
6  2
1  -8
21  3
15  2
1  -1
8  0
5  7
13  1
1  0
8  -1
4  10
1  -3
1  -2
1  0
2  -11
8  4
10  -3
22  -7
13  -3
2  -9
1  -3
3  -5
12  7
6  -3
4  8
2  -5
1  -8
18  9
2  -3
1  -1
4  12
1  -6
13  1
3  -1
11  -3
7  11
3  6
2  0
2  0
15  3
3  2
8  7
1  -2
11  -10
5  2
2  -2
1  1
11  -5
14  4
13  7
8  3
3  0
3  3
12  2
1  -2
6  -3
4  11
6  5
7  1
2  -10
21  -8
13  6
15  -4
4  2
3  -3
7  7
2  -7
8  -1
6  6
1  1
2  -1
8  -1
3  5
18  2
1  -5
1  -4
2  -2
2  -2
4  10
3  -2
4  12
12  -4
2  -7
12  4
2  -5
5  6
4  12
10  -3
12  3
26  -9
4  11
2  -6
2  -11
2  -12
5  8
4  2
8  7
6  0
7  9
8  0
3  3
2  -8
1  3
2  -11
2  -8
2  -6
3  -2
13  0
5  9
7  1
1  4
7  6
2  -12
6  -5
2  -11
2  -7
5  3
3  3
5  9
11  -2
17  0
6  7
9  3
1  1
3  2
15  -6
20  -8
3  2
3  -2
11  -12
1  -7
7  7
8  3
2  -7
2  -7
7  1
2  -12
3  5
3  0
11  -8
8  3
1  -8
4  0
23  -4
26  -12
6  4
1  -5
4  6
10  -3
2  0
2  -5
6  1
6  7
11  0
1  -1
6  2
15  -3
1  -4
6  3
7  2
7  9
5  3
7  2
9  -5
5  0
5  -3
3  6
1  -7
11  -10
2  -12
4  10
8  3
19  -11
1  -6
1  0
12  2
17  0
6  6
1  -2
5  3
3  3
12  1
6  3
1  -7
16  9
4  10
15  -5
2  -9
4  3
1  -8
1  -4
1  -4
6  -2
2  -7
3  -5
2  -7
4  0
8  2
4  4
1  2
6  -1
13  -4
21  0
21  2
1  -8
3  7
1  -7
2  -10
6  -3
2  0
5  7
3  0
5  1
1  3
1  3
2  -1
3  1
1  -7
5  8
3  1
1  1
3  7
14  11
1  -6
15  -5
3  7
2  -12
2  -6
1  1
4  3
8  1
1  -3
14  10
1  1
3  2
1  -5
12  8
7  0
8  2
4  10
3  -1
1  -4
4  5
11  -6
4  4
3  -3
8  4
5  -2
7  8
5  5
2  -7
2  0
1  -4
9  -1
10  4
13  7
3  7
1  -3
5  3
1  -5
3  4
1  -5
1  -2
1  1
3  2
1  -4
2  -8
5  9
11  -9
1  -4
1  1
1  -8
15  -4
1  -3
11  -5
7  8
4  12
19  -1
9  -5
6  0
6  2
6  3
3  0
3  7
11  0
3  4
10  -6
6  -3
2  -12
9  -1
1  4
4  11
15  -1
12  1
3  5
2  -10
20  -6
5  6
13  0
6  4
19  -10
2  -9
6  -3
10  5
8  3
6  -5
5  4
10  0
1  -5
11  -6
4  7
2  -8
2  -10
7  6
2  -3
19  -2
6  7
6  -5
4  12
3  5
11  -1
5  7
28  -8
7  11
3  0
8  6
8  1
6  1
37  10
4  7
4  6
3  1
3  -5
4  11
4  7
10  -6
3  -3
1  2
3  -1
1  -2
6  -2
3  -4
3  3
1  -6
1  -7
4  6
1  2
4  1
2  -10
5  4
12  2
10  1
7  10
26  0
1  -2
2  -12
1  -1
4  11
1  -3
10  2
2  -12
3  5
4  1
4  2
3  3
4  8
1  -3
2  -9
6  6
11  -3
5  0
2  -8
6  6
1  -5
17  0
6  6
2  -8
14  2
2  -6
2  -7
7  1
1  -6
3  1
3  -1
1  -6
21  -5
1  -6
5  3
1  -7
2  -1
3  3
10  3
4  4
5  7
20  -10
14  5
3  -2
8  5
1  0
9  -4
3  -3
5  2
3  -3
1  0
3  7
7  3
2  -8
4  8
9  -2
13  3
10  0
1  2
6  -3
12  3
16  13
3  5
4  10
13  4
9  -3
4  1
1  -7
3  2
8  7
3  -2
7  11
11  -10
10  2
1  2
2  -7
4  9
22  -9
25  0
3  -5
2  -6
9  -5
6  0
1  -2
6  7
4  0
2  -12
14  13
1  0
5  1
3  -3
4  11
7  9
12  -4
10  6
2  -11
1  -4
3  -3
7  4
2  -5
7  7
1  -7
4  10
8  -2
3  3
1  -7
7  2
2  -5
4  5
8  5
2  -9
3  2
5  1
3  -1
6  1
7  7
2  -6
3  -2
3  4
1  -8
4  1
4  11
2  -9
2  -5
11  -1
10  5
13  -4
10  6
3  4
7  10
9  4
3  -3
4  5
2  -9
27  4
2  -8
3  -2
4  3
4  6
6  3
2  -1
15  2
5  -1
2  -5
16  7
4  5
2  -4
6  -2
13  -2
3  -2
3  2
4  11
1  -4
3  -5
15  3
7  11
7  3
5  1
3  2
1  -8
2  -1
23  -6
2  -3
9  2
2  -12
2  -8
16  3
2  -11
20  -3
4  5
19  -7
