11  -3
9  -4
4  3
3  -6
2  -8
9  -5
2  -8
1  1
1  0
1  1
1  2
2  -8
7  2
2  -7
3  -6
5  6
1  0
7  2
1  1
2  -7
5  4
2  -6
5  6
3  -8
6  2
2  -8
1  0
1  1
4  1
4  1
3  -6
3  -6
3  -6
5  4
1  2
2  -7
9  -4
1  0
1  2
10  5
1  0
3  -7
2  -6
10  6
5  4
6  4
3  -8
5  6
4  1
5  5
1  0
2  -6
3  -8
2  -6
5  5
1  1
4  1
3  -8
7  3
1  2
3  -7
2  -6
5  5
1  0
9  -5
6  4
3  -6
3  -8
2  -6
2  -6
2  -7
3  -8
2  -7
1  1
2  -8
2  -8
7  2
3  -6
2  -7
8  5
13  -6
17  -1
9  -6
1  1
3  -8
9  -5
9  -4
1  2
1  1
7  2
2  -7
1  0
6  4
2  -8
5  5
1  0
2  -8
1  1
7  1
9  -5
1  0
6  4
1  0
3  -7
2  -6
9  -6
1  0
1  0
5  6
1  2
8  6
2  -6
4  3
4  2
1  1
2  -7
2  -6
3  -6
2  -7
5  5
2  -8
2  -6
1  1
1  1
3  -7
5  4
1  0
1  0
3  -8
1  0
3  -8
6  3
4  1
3  -7
4  3
1  0
3  -6
1  2
3  -8
4  2
1  2
1  1
2  -8
3  -6
2  -6
2  -8
2  -8
1  2
1  1
3  -8
1  1
1  1
2  -7
2  -8
2  -7
1  2
1  2
2  -6
7  1
6  3
8  7
1  0
3  -6
1  1
2  -6
9  -6
2  -6
11  -3
1  1
1  1
4  3
2  -8
2  -7
1  2
2  -8
17  0
9  -5
1  1
3  -8
2  -8
4  2
1  0
3  -8
1  0
2  -7
4  3
1  2
1  1
1  1
1  2
1  2
1  2
3  -6
5  4
2  -7
1  2
2  -8
2  -6
1  2
8  6
3  -8
4  3
3  -6
2  -6
1  1
1  1
5  4
1  0
6  4
7  2
2  -8
2  -6
3  -7
3  -8
1  1
2  -8
2  -8
2  -6
3  -6
4  1
1  0
1  1
3  -7
1  0
7  3
1  1
1  1
1  2
4  2
5  6
2  -7
7  1
1  1
1  1
1  2
1  1
2  -7
5  4
3  -7
6  3
1  1
1  1
7  3
1  0
1  0
6  2
1  1
7  2
2  -8
1  2
1  0
3  -8
1  1
1  0
17  -1
1  1
2  -6
2  -7
4  2
1  0
7  3
1  0
1  2
1  0
5  6
2  -8
3  -7
4  3
5  6
5  4
1  1
2  -7
2  -6
1  1
2  -6
1  2
1  1
5  6
1  1
1  0
4  3
3  -6
2  -6
1  0
7  2
5  5
2  -6
3  -6
6  4
1  1
1  2
1  1
1  0
5  4
1  0
3  -7
6  4
1  0
6  3
1  0
2  -8
7  1
3  -7
2  -8
9  -6
1  2
5  4
6  4
3  -7
4  2
1  1
7  2
2  -8
2  -8
1  0
1  0
7  1
6  4
1  1
1  1
1  2
7  1
1  1
8  6
1  2
10  6
5  6
11  -4
4  3
2  -8
1  2
2  -8
1  0
11  -3
2  -6
1  0
2  -7
7  3
1  0
3  -7
3  -8
3  -7
4  1
3  -7
2  -8
1  0
1  1
7  1
3  -8
2  -8
1  2
2  -6
3  -8
4  1
2  -6
10  5
1  2
5  6
2  -6
3  -6
2  -8
3  -8
1  2
5  4
8  5
2  -7
3  -7
2  -8
7  1
11  -3
5  4
7  1
10  6
2  -7
4  1
1  2
1  1
10  7
2  -7
4  2
6  3
1  0
2  -8
1  0
3  -7
1  0
1  2
3  -6
4  1
5  6
2  -6
1  1
1  1
3  -7
5  6
6  3
1  0
4  3
8  5
4  3
3  -8
3  -6
1  2
1  0
1  1
2  -6
5  4
2  -7
1  2
1  2
5  4
1  2
1  1
3  -7
2  -6
4  3
1  2
17  0
3  -6
9  -6
1  2
2  -8
2  -8
5  5
2  -6
3  -8
2  -8
4  2
2  -8
2  -8
4  2
3  -8
3  -7
2  -8
1  0
4  3
2  -6
3  -7
2  -7
4  1
1  2
4  2
12  -5
6  3
6  4
1  2
7  3
6  4
2  -6
4  2
4  1
2  -7
3  -7
3  -7
14  -3
1  1
7  1
6  2
1  0
2  -6
5  6
2  -8
6  4
2  -6
4  2
1  1
10  7
1  0
1  1
3  -7
1  2
4  1
4  2
5  4
1  1
2  -7
7  1
7  3
3  -8
5  4
2  -6
2  -6
1  0
3  -6
1  0
1  1
1  1
2  -7
3  -7
2  -6
3  -8
2  -6
1  2
3  -6
2  -7
3  -8
1  1
2  -6
4  2
3  -7
2  -6
3  -6
2  -8
1  2
10  5
8  5
5  5
5  5
1  0
2  -7
2  -7
2  -6
1  1
3  -6
3  -7
4  1
1  0
5  6
4  3
3  -6
9  -6
1  1
2  -7
2  -6
6  3
9  -6
2  -8
1  1
1  2
2  -8
6  2
3  -8
6  3
1  2
8  6
1  2
5  4
3  -7
2  -6
1  1
2  -8
1  1
2  -6
1  2
1  2
3  -7
3  -7
4  2
1  2
5  6
1  2
1  2
2  -7
3  -8
3  -8
4  1
3  -7
1  2
2  -8
1  0
3  -6
1  0
1  2
2  -6
2  -7
1  1
5  6
3  -6
2  -6
1  0
1  0
4  1
6  3
2  -8
4  2
2  -7
3  -6
5  4
3  -8
3  -8
1  1
2  -7
4  2
4  2
15  -2
4  2
1  0
3  -6
1  1
1  2
6  2
3  -6
23  -3
2  -7
4  1
8  6
2  -8
2  -8
1  1
5  4
2  -6
1  0
1  2
1  0
2  -8
1  2
2  -8
8  5
8  7
1  2
3  -6
4  2
2  -7
1  0
13  -6
6  4
1  1
1  2
2  -8
1  0
3  -7
2  -7
2  -8
1  0
8  6
9  -4
1  2
5  5
14  -3
3  -6
1  1
8  6
1  1
1  0
1  1
1  0
3  -7
2  -8
1  2
5  6
1  0
2  -7
3  -8
3  -8
3  -8
1  1
2  -8
1  1
11  -4
1  1
4  1
1  1
8  7
7  3
1  0
7  2
2  -8
3  -7
2  -7
2  -7
5  6
1  0
1  0
2  -7
8  5
10  6
3  -6
4  2
3  -7
5  5
2  -7
10  7
1  1
1  1
2  -7
4  1
7  2
4  2
3  -6
8  6
2  -8
1  2
3  -7
1  2
1  1
2  -8
5  5
3  -6
1  2
1  0
1  2
1  0
5  4
2  -6
2  -8
8  5
3  -7
2  -6
3  -6
3  -7
1  0
10  7
1  1
1  2
2  -7
1  2
3  -7
2  -7
1  1
3  -8
2  -8
7  3
11  -2
2  -7
3  -6
3  -6
2  -6
2  -7
5  4
3  -8
1  1
5  4
9  -6
1  1
3  -8
2  -7
7  2
3  -7
8  5
19  8
4  3
5  4
2  -8
2  -7
3  -7
2  -6
4  2
1  2
6  3
3  -7
1  0
2  -7
2  -8
2  -6
2  -7
2  -6
3  -7
3  -8
2  -7
2  -7
3  -8
1  0
1  1
8  5
1  1
3  -8
6  3
12  -4
4  2
8  6
2  -8
4  2
1  1
5  4
2  -7
2  -6
1  0
2  -6
3  -8
1  1
6  2
2  -8
5  5
2  -7
3  -7
5  4
5  6
2  -7
2  -7
3  -6
6  4
5  4
10  5
1  2
8  7
3  -7
3  -6
4  1
3  -7
2  -6
2  -8
3  -7
1  2
6  4
3  -8
2  -6
4  2
3  -6
1  0
4  3
5  6
8  5
7  3
1  1
4  3
11  -2
6  4
10  6
2  -6
6  2
3  -6
1  1
5  5
5  6
3  -8
4  1
1  2
1  1
3  -7
2  -7
8  5
1  1
2  -6
7  2
2  -7
5  6
4  1
14  -4
9  -6
2  -6
2  -6
2  -8
5  4
6  2
4  2
2  -8
7  1
4  1
8  7
5  6
8  5
2  -7
2  -7
2  -7
2  -8
3  -8
2  -6
1  1
1  1
22  0
3  -8
2  -8
9  -4
1  0
5  4
3  -8
4  2
2  -8
2  -8
5  6
1  2
5  6
3  -7
8  7
5  6
3  -7
10  6
1  0
5  6
2  -8
2  -6
12  -5
2  -8
1  0
3  -7
11  -4
1  2
2  -7
4  2
2  -8
2  -7
4  3
1  0
1  1
3  -7
1  1
4  3
1  1
4  2
2  -6
13  -6
3  -8
1  1
2  -8
5  5
2  -6
1  1
1  0
2  -7
5  6
5  5
1  1
3  -8
1  1
3  -8
4  2
2  -6
2  -8
1  2
1  2
1  1
2  -8
8  6
5  5
2  -8
1  1
3  -6
5  5
4  2
4  2
2  -7
1  2
1  1
9  -4
8  5
2  -7
1  0
1  2
6  4
3  -6
5  4
2  -7
1  1
1  0
4  2
2  -8
2  -7
12  -5
1  1
2  -8
1  2
8  5
1  1
4  2
6  4
2  -6
2  -7
1  1
1  2
3  -7
8  7
3  -6
1  2
3  -7
6  2
2  -7
1  0
4  3
2  -6
1  2
7  1
1  2
3  -8
1  0
4  2
2  -8
2  -7
7  1
2  -6
8  6
3  -8
5  5
2  -6
1  1
7  1
3  -8
1  0
2  -6
1  0
6  3
2  -6
1  1
12  -3
10  7
2  -7
6  3
10  7
5  6
5  6
4  1
1  0
4  2
3  -8
2  -7
6  4
3  -8
5  4
11  -2
3  -7
3  -7
