4  -8
2  10
13  8
5  -1
3  3
1  -1
4  -4
10  3
1  3
23  1
1  0
2  2
7  11
6  -7
1  -3
4  -2
1  7
5  5
1  6
1  -1
4  -1
1  -1
8  3
16  6
1  6
29  4
4  -9
4  -7
9  -3
7  7
2  10
3  -6
7  9
6  -4
14  -2
8  8
5  0
4  -8
3  -3
1  1
2  7
13  0
32  -3
1  5
2  11
1  -3
16  -2
4  1
1  7
2  6
1  1
10  2
5  2
5  -2
4  0
3  -6
2  8
7  7
26  0
1  2
29  11
3  -1
2  5
4  -8
1  2
6  -7
8  2
1  -3
1  0
3  1
6  -5
1  -2
3  -7
1  -2
1  -1
4  -1
6  -3
2  5
11  0
12  4
3  3
4  -8
5  4
7  6
4  -6
14  -10
6  -8
20  -1
24  5
1  6
5  7
8  4
7  10
1  0
8  7
3  2
4  -7
3  -3
2  8
22  4
8  4
1  0
2  11
4  -1
7  1
1  0
1  6
6  -11
7  5
28  -8
20  1
3  2
4  -3
19  -2
8  7
6  -11
5  -1
1  7
10  -3
7  7
25  0
8  4
1  2
1  5
1  -3
1  -1
1  4
8  1
3  -2
3  0
4  -2
15  -10
5  -2
9  -6
4  -4
1  -1
10  0
4  1
2  9
2  7
1  -2
16  2
4  -6
4  1
1  -2
2  12
8  3
6  -2
5  6
5  7
1  -2
2  3
3  2
1  1
7  2
18  2
8  9
6  -8
4  -1
1  5
11  1
11  4
7  3
3  3
1  -1
3  2
8  1
1  6
2  2
34  -9
12  -5
10  -1
7  11
24  8
14  -2
8  5
1  6
5  3
1  1
1  -1
2  11
7  11
1  2
5  -1
11  9
5  -1
1  4
37  -1
35  -4
2  7
6  -7
8  8
1  0
1  -3
6  -8
2  7
10  7
4  -3
3  -4
13  10
5  6
4  -4
2  11
2  6
4  -9
3  -2
5  5
15  -4
3  -1
7  6
1  6
6  -11
9  -7
1  1
2  2
10  2
9  -7
14  -10
1  4
3  -4
4  -5
2  9
4  -7
2  4
11  5
4  -1
1  0
6  -9
3  3
2  7
1  2
8  11
2  7
4  -7
32  4
25  5
12  0
8  9
3  1
7  9
1  2
4  -1
5  3
10  0
4  -5
18  7
5  2
5  -2
9  -2
3  2
8  9
3  -5
3  -2
7  2
3  -5
11  2
2  8
3  -3
10  5
5  4
3  -5
3  -1
2  3
3  -7
3  -7
7  9
1  1
3  -7
15  -9
4  -6
8  2
2  5
5  -2
8  5
4  -9
3  0
2  10
9  -6
4  -8
3  -4
8  11
7  11
28  -4
2  8
2  6
4  -6
12  1
19  -5
9  1
11  9
1  7
4  -2
1  1
16  6
1  4
3  3
20  9
1  -3
8  10
8  6
3  3
8  2
1  2
1  -2
13  3
4  0
14  -11
4  0
9  -4
9  -1
2  8
1  -2
8  10
3  -7
4  -3
6  -1
7  9
5  1
1  7
26  4
3  0
2  6
1  1
10  -2
6  -3
4  -5
7  8
16  -4
16  4
7  2
5  5
7  3
1  2
1  6
25  6
16  5
3  -2
2  2
3  3
3  -4
4  -4
3  -4
13  10
8  1
27  -1
4  -8
1  5
1  -2
8  2
24  7
1  -3
14  -9
1  -2
25  5
7  6
8  7
3  2
9  -7
2  11
12  -1
1  2
7  10
10  -2
6  -1
3  -7
8  8
11  6
8  6
1  4
1  1
3  -6
3  -2
5  7
4  -8
1  7
7  8
6  -8
1  -2
4  -2
4  -4
6  -9
3  1
2  3
8  2
2  7
6  -6
6  -8
10  2
20  8
10  1
7  9
4  0
9  -3
2  5
4  -4
2  10
6  -1
6  -1
2  2
9  -4
3  -5
2  11
9  -4
9  1
5  -2
3  2
1  -1
6  -1
14  -8
37  -2
10  1
8  6
2  9
16  -4
1  4
5  4
4  -6
3  -7
1  -3
3  -6
10  -2
6  -8
3  -1
1  2
3  1
1  0
2  8
4  -4
14  -9
2  4
4  -3
6  -9
1  3
4  -2
4  -8
1  7
41  -6
2  6
1  7
1  4
1  -3
3  -4
3  -7
12  -2
3  2
22  11
6  -3
11  2
5  5
3  -7
4  -5
5  2
2  3
7  2
2  3
15  -12
2  11
1  6
9  0
3  -6
6  -3
4  -1
1  5
10  3
1  3
4  -5
2  3
1  6
4  -3
6  -10
9  -3
4  -7
6  -9
7  7
1  -3
7  1
1  6
9  -2
4  -4
7  9
3  -3
4  -6
2  6
1  7
9  -4
7  5
1  4
1  1
3  3
4  -6
6  -11
4  1
17  6
27  -6
6  -7
11  5
2  9
15  -5
4  -1
10  -1
4  -6
5  -2
2  7
4  -6
2  5
9  -6
6  -11
11  9
1  -1
49  -5
2  10
4  0
1  -1
7  6
2  8
2  3
3  3
5  1
3  0
3  -3
17  6
3  0
2  11
2  12
5  -1
1  1
2  5
2  9
4  -8
21  -1
2  2
7  4
19  -3
2  9
3  -3
8  8
14  -4
7  7
5  4
2  10
6  -10
1  2
1  -2
6  -10
16  -2
18  -1
4  -2
2  4
3  -5
7  3
4  -6
5  -3
3  -3
1  2
2  10
11  0
3  -1
1  -3
3  -2
1  4
3  1
13  5
3  3
4  -4
2  5
8  8
2  5
6  -11
6  -5
9  -1
1  -1
9  -1
11  7
2  3
14  -8
24  5
3  3
8  4
6  -6
3  -5
13  1
4  0
33  5
8  5
2  7
5  1
11  3
1  -1
3  0
3  0
1  2
1  -3
1  -3
3  -3
9  -5
5  6
5  6
1  -2
1  4
2  11
8  2
4  -7
1  -3
14  -2
21  -4
6  -2
6  -1
6  -7
8  8
2  10
1  1
7  1
10  3
3  -3
4  -6
8  8
7  1
9  -7
3  -7
4  -9
5  2
15  -12
4  -2
15  -2
3  0
2  8
5  7
7  6
8  10
3  0
8  11
1  2
8  8
8  7
5  1
5  1
17  3
7  11
2  4
18  2
1  7
8  3
1  6
10  4
6  -1
2  2
6  -9
8  7
1  0
1  1
1  -3
2  6
8  6
12  1
10  3
3  0
5  -2
1  -1
1  -1
1  -2
7  2
5  -2
9  -6
3  0
1  6
8  5
2  5
5  1
3  -5
6  -8
2  9
8  9
6  -10
24  4
5  0
5  6
7  8
6  -1
1  7
3  3
6  -3
22  5
11  7
2  7
6  -1
5  6
4  -4
10  6
2  5
1  -3
1  6
7  11
3  1
9  -1
9  -6
2  4
3  -6
2  11
9  -6
1  0
5  5
17  10
7  2
8  8
20  5
5  -1
5  -3
3  -7
39  5
3  -3
12  0
4  -1
3  0
9  -1
12  -5
1  -2
7  9
10  1
7  6
25  5
9  -2
1  0
1  0
2  12
3  -6
1  6
6  -7
1  7
3  0
6  -11
2  4
15  -11
2  7
6  -7
2  6
2  7
18  7
1  7
11  8
15  -11
2  6
11  8
1  1
3  -1
5  5
2  8
3  -6
6  -3
11  4
4  1
10  -1
2  11
9  2
8  4
4  -1
3  3
13  2
8  7
10  -1
13  8
5  -3
9  0
9  -4
23  1
7  3
6  -9
3  -2
24  10
5  -2
2  7
6  -6
1  6
3  2
1  7
3  -4
3  -3
3  -3
6  -6
1  5
1  1
1  7
2  8
14  -8
3  -5
3  3
6  -4
3  -1
6  -10
1  7
3  -5
6  -3
18  5
7  4
11  5
12  -5
2  12
10  -3
6  -2
1  -1
3  -3
4  1
3  2
2  12
16  0
4  -6
3  -6
3  -7
7  1
13  8
6  -5
8  9
5  4
6  -11
2  7
4  -5
12  2
12  -1
15  -8
5  7
1  0
6  -9
5  4
1  5
8  6
1  1
5  3
3  -5
9  -7
1  -3
6  -6
1  7
7  8
24  10
10  6
10  1
5  4
12  4
9  3
1  2
24  1
5  5
6  -4
15  -7
1  5
4  -5
2  7
9  -4
11  7
4  -1
19  -11
1  -3
4  -5
5  -2
4  -8
5  -1
3  3
9  1
5  7
21  -9
8  9
4  -3
10  1
2  8
1  5
10  4
6  -7
3  2
11  4
1  7
17  7
1  2
8  5
5  -3
4  -6
17  6
2  3
9  -4
2  11
17  5
2  5
10  -3
3  -6
2  9
1  4
1  3
2  6
18  6
9  -3
4  -4
3  3
3  2
4  -8
1  -3
7  11
12  5
5  -3
8  3
5  3
8  8
14  -3
21  -11
5  5
3  -3
5  6
8  11
6  -10
1  5
8  5
1  0
3  -1
3  -2
4  1
19  -11
6  -10
2  9
5  3
5  1
18  0
14  -2
7  11
5  0
8  9
3  3
35  -3
2  9
4  -9
3  -4
6  -2
5  3
10  -3
10  -1
5  3
7  11
3  -7
5  -1
15  -5
1  -1
5  -1
5  4
23  4
7  3
4  -6
4  1
1  0
6  -7
1  2
10  4
11  8
6  -5
14  -7
5  6
5  3
3  -3
3  0
2  11
11  4
6  -5
14  -11
5  4
8  11
1  -2
6  -10
1  6
5  3
6  -1
1  4
1  2
7  9
6  -8
3  2
4  -8
5  3
7  5
10  -3
2  6
4  -4
5  0
1  6
2  6
3  -5
1  7
8  5
6  -6
13  5
2  10
9  1
6  -9
13  1
10  5
1  3
3  -2
4  -6
7  11
8  9
3  -4
2  7
24  1
1  7
8  2
4  -6
