6  2
7  7
5  4
1  -1
4  -2
1  -2
3  5
10  8
5  3
1  0
4  0
1  0
10  6
1  -2
2  7
5  4
5  4
1  -2
5  5
5  4
2  5
6  1
1  -1
1  0
2  5
13  6
3  5
4  -2
12  -2
1  -1
1  -2
7  8
5  5
4  -2
4  0
3  7
3  6
3  5
12  -3
13  4
10  6
3  5
1  -1
7  8
4  -1
3  7
2  5
1  0
16  1
5  4
10  7
2  5
4  0
7  8
7  6
2  6
2  6
11  1
1  0
7  6
2  6
2  6
18  0
3  5
8  -6
1  -2
4  0
3  5
6  1
5  4
11  3
1  0
2  5
2  7
1  -2
8  -5
14  3
3  6
3  7
19  6
1  -2
13  4
5  4
3  7
12  -3
3  7
8  -6
15  -3
21  6
16  2
9  1
3  5
3  5
4  -1
3  7
4  -1
12  -1
12  -3
9  2
3  5
1  0
2  5
2  5
8  -4
5  3
3  5
2  5
6  3
16  2
7  8
1  -1
9  1
1  -1
7  6
2  7
11  2
1  -1
6  2
2  7
4  0
3  5
18  -1
2  7
8  -5
2  5
2  7
10  7
1  -2
1  -1
3  5
1  -1
2  5
2  7
3  6
1  0
6  3
7  6
7  7
1  -1
1  -1
2  6
1  -1
2  6
4  -1
5  4
3  7
12  -1
5  5
6  1
6  1
1  -1
3  7
3  7
21  6
4  0
3  7
4  0
5  5
1  -1
3  6
1  -1
3  6
1  -1
4  -2
8  -4
6  2
1  -1
7  6
2  6
3  5
5  3
2  6
7  6
9  2
9  3
18  0
2  6
2  7
7  6
4  0
9  1
10  8
4  -1
1  0
4  0
6  2
1  -2
5  3
4  -1
2  5
23  -6
6  3
11  1
9  1
10  6
1  -1
5  5
2  6
58  5
2  6
3  7
4  -2
2  7
3  7
5  3
3  5
3  6
5  5
5  5
11  3
2  6
3  6
1  -2
1  -2
1  -1
1  0
7  8
3  7
1  0
6  2
17  -5
1  -1
3  7
7  8
7  8
1  0
10  8
1  -2
1  -1
7  8
5  3
2  6
10  8
8  -4
2  7
6  2
17  -4
1  0
3  7
2  6
4  -1
1  -2
3  7
17  -5
2  6
7  7
3  7
3  7
3  6
4  -1
7  7
28  0
3  5
3  6
1  -1
6  2
1  0
4  -1
3  7
5  5
3  6
4  0
4  0
7  8
11  2
17  -4
3  7
2  5
1  -1
2  5
3  5
2  6
4  -1
19  6
2  7
3  7
8  -6
8  -5
5  4
2  5
5  3
4  0
1  0
3  6
7  7
3  6
11  3
1  0
6  3
4  -1
8  -5
3  6
4  -1
4  -1
2  6
6  2
18  0
3  7
1  -2
2  7
2  5
8  -4
3  7
3  7
5  5
5  5
8  -4
2  7
8  -4
5  4
17  -3
16  1
1  -1
4  0
1  -2
2  5
4  -1
19  6
6  1
4  0
4  0
2  7
6  1
1  -2
2  7
1  0
3  6
1  0
11  1
1  -1
6  3
3  7
9  3
2  5
5  3
10  7
4  -1
10  7
6  1
1  -2
13  4
4  -2
3  5
14  2
1  0
2  7
9  1
4  0
11  2
10  8
5  4
2  7
4  -2
4  -2
4  -2
11  3
9  3
1  -2
4  -1
3  6
13  6
9  3
3  6
6  3
3  5
5  5
2  7
7  6
1  -1
1  -2
37  -6
8  -5
5  4
3  5
2  5
5  3
3  7
2  5
8  -6
6  3
6  3
6  3
1  -1
5  5
6  2
3  6
13  4
1  -1
5  3
1  0
8  -6
22  -5
4  0
10  8
6  3
12  -3
1  -2
5  5
2  6
6  1
8  -6
1  0
3  6
5  4
3  7
5  5
2  6
2  7
4  0
9  2
10  8
1  -1
1  0
2  5
2  7
3  6
3  5
2  7
1  -2
11  1
3  7
5  5
2  5
4  -1
4  0
3  6
3  7
3  5
4  -1
1  0
2  6
1  0
6  1
4  -2
12  -1
4  -2
2  6
2  6
11  1
3  6
3  5
3  6
1  0
9  3
2  5
2  6
3  6
10  6
1  0
1  0
9  1
4  -2
2  6
5  3
23  -6
4  -1
4  -1
2  5
2  7
10  8
2  5
2  6
6  3
1  -1
3  5
3  7
3  5
25  -4
6  2
1  -1
7  8
2  5
3  7
15  -3
5  5
3  7
1  -2
3  6
13  6
18  1
2  5
2  5
1  -2
4  0
8  -4
18  -1
3  7
2  7
6  2
9  2
15  -4
5  3
19  6
2  7
4  -2
4  0
3  6
2  7
3  5
2  7
4  -2
6  3
4  0
1  -1
6  1
1  0
1  0
2  7
2  7
5  5
7  8
5  3
9  1
1  -1
2  5
3  5
2  7
7  6
6  3
6  2
4  -2
27  7
7  7
1  -1
3  6
1  -2
2  5
9  1
8  -6
3  5
7  6
4  -2
2  6
1  -1
1  -1
6  2
2  7
7  8
1  0
2  7
4  -2
12  -1
6  2
7  6
2  5
13  4
1  -1
2  7
1  0
6  1
5  3
6  1
8  -5
2  5
4  -1
4  -1
1  -1
10  8
5  5
11  1
3  6
26  3
13  6
2  6
4  0
4  -1
5  3
1  0
7  8
1  -2
6  3
14  2
4  0
7  6
9  2
13  6
12  -2
10  8
2  5
3  6
2  5
3  6
13  4
2  6
15  -2
1  -2
5  5
7  8
8  -5
12  -2
3  7
1  0
2  7
3  5
2  7
9  2
12  -2
1  -1
11  3
15  -2
7  7
3  6
2  7
6  1
4  0
2  6
2  5
1  -1
5  3
19  6
8  -6
4  -1
2  5
5  4
2  5
3  6
1  -2
2  7
9  2
5  4
17  -4
9  3
7  8
1  0
5  4
5  4
9  1
1  -1
5  5
11  2
5  4
2  5
3  6
3  6
1  0
1  0
4  -2
1  -2
20  4
25  -6
1  -1
5  4
1  -1
13  5
6  1
8  -4
1  -2
11  2
1  0
10  7
3  5
1  -2
7  6
3  7
7  7
5  5
1  -1
1  0
4  -1
10  8
6  2
1  0
3  6
2  5
6  3
5  4
3  5
4  0
7  7
1  0
7  6
3  7
4  -2
3  5
6  2
2  6
3  7
6  3
2  5
1  0
2  5
2  5
3  6
1  -1
3  6
6  2
9  1
10  7
13  5
16  2
6  2
1  -1
8  -5
4  -1
2  7
1  0
5  3
11  1
7  8
4  -2
12  -3
12  -3
3  7
2  5
4  -2
3  5
1  -2
2  7
4  -2
4  0
8  -5
1  -2
9  1
2  6
7  8
5  3
2  7
7  6
10  8
6  1
12  -3
13  5
4  -2
11  2
4  -1
24  4
4  -2
3  6
3  6
6  1
6  2
5  5
3  5
1  -2
10  8
1  0
26  1
8  -4
6  1
12  -1
16  2
1  0
1  0
5  4
1  -2
18  1
1  -1
24  4
1  0
1  -2
1  0
1  -2
4  -1
3  6
4  0
3  7
2  5
5  4
1  -2
10  8
10  8
8  -6
1  -1
2  6
3  5
2  5
6  3
4  -2
6  2
3  5
4  -2
2  5
2  7
5  3
5  3
6  1
1  -2
3  6
5  3
5  5
22  -6
1  0
10  8
7  8
6  1
9  3
5  3
4  0
7  7
1  0
3  6
6  1
6  2
6  2
1  -1
4  -2
16  2
6  3
14  1
1  0
3  7
1  0
4  -1
1  -1
1  -1
2  5
2  6
8  -6
3  7
4  0
8  -4
2  6
3  7
11  1
5  5
3  5
3  6
7  6
15  -4
3  5
3  5
4  -1
1  -2
6  2
3  7
9  2
1  -1
11  2
6  1
3  6
9  1
5  4
3  7
3  5
6  1
7  7
1  -1
1  0
5  3
1  0
4  0
7  7
13  4
1  -2
1  -1
2  6
4  -1
3  7
3  7
1  -2
5  5
2  6
2  7
5  4
13  4
5  4
2  6
9  1
6  2
10  6
3  5
3  5
9  3
5  4
2  7
8  -5
26  1
3  5
1  -2
1  -1
5  5
4  0
17  -4
3  5
2  6
3  7
2  5
3  7
5  5
8  -4
1  0
13  5
3  6
1  -2
2  5
1  -1
3  5
6  2
2  6
4  0
3  7
11  3
13  4
6  3
1  -1
2  7
5  4
1  0
7  7
2  7
1  -2
4  0
13  6
2  7
2  5
8  -6
5  4
3  7
7  7
3  5
2  5
3  7
5  5
1  -2
3  6
2  5
2  6
18  1
5  5
17  -3
2  7
11  1
16  2
2  7
1  -1
2  5
1  -2
10  7
2  6
2  5
9  3
1  -2
12  -1
3  6
9  3
2  5
7  8
2  7
14  3
2  5
19  6
5  4
1  -1
1  -1
1  -1
2  7
5  3
7  6
9  3
6  1
5  3
12  -3
1  -2
2  6
2  7
1  0
8  -6
3  5
1  0
2  5
1  -2
28  0
1  -2
2  6
12  -2
6  3
3  6
7  6
3  5
5  3
10  6
6  2
7  7
16  1
2  5
2  5
13  4
2  5
3  7
9  2
5  4
8  -5
7  6
3  7
6  3
1  -2
8  -4
2  7
1  0
3  6
2  7
1  -1
1  -2
2  5
1  -2
8  -5
1  -1
2  5
3  6
1  -2
