2  10
3  5
4  -2
11  -2
2  11
2  3
7  -7
3  9
10  11
5  -9
49  5
6  -4
15  -2
5  -1
11  -12
1  1
5  -7
1  0
21  1
2  7
13  -1
5  -5
9  -8
1  -1
1  1
5  -2
13  -4
2  3
7  -5
8  4
11  -11
5  -5
19  0
7  -5
1  1
10  5
1  6
15  2
4  -3
8  5
3  6
4  -8
7  -3
2  7
2  3
9  -5
7  -8
3  11
1  4
26  1
2  6
6  -1
1  6
11  -12
7  0
2  3
32  -4
14  1
11  -8
8  8
2  4
19  0
1  3
11  -9
10  3
16  -7
13  -7
18  1
15  -2
3  5
9  -3
18  -3
6  -7
3  6
2  4
2  4
2  4
12  2
9  -6
17  6
18  -2
9  -3
1  2
15  0
23  6
8  11
5  -2
2  8
2  11
1  -1
20  7
6  -7
10  4
2  9
18  2
11  -7
2  3
4  1
1  2
11  -5
6  -3
2  7
7  1
27  12
5  -11
4  -9
5  -4
3  3
6  2
1  5
18  -5
8  12
1  0
7  -9
3  8
8  5
3  3
10  7
9  -11
2  2
26  3
14  4
1  4
11  -7
12  6
22  4
3  9
17  3
25  -4
1  7
5  -1
6  -7
1  -1
1  9
2  6
11  -2
7  -1
5  -5
8  12
2  5
1  5
10  11
20  11
2  10
1  2
25  -7
5  -6
3  8
2  4
24  0
7  1
1  2
7  -6
10  1
6  -3
3  11
4  -4
1  5
15  2
6  2
4  0
6  -1
4  -2
10  6
2  5
27  3
6  -2
5  -6
3  3
3  7
5  -8
6  -5
13  0
4  -1
3  6
5  -5
15  -3
1  9
1  8
21  -2
20  5
1  6
9  -7
6  -2
7  -8
21  -1
14  -2
5  -3
9  -6
21  1
2  2
5  -10
3  10
20  8
4  -4
2  9
9  -1
2  4
2  12
9  -9
5  -5
35  4
5  -6
3  11
11  -10
1  2
2  12
6  -2
6  0
6  2
4  1
2  6
4  0
6  1
4  -4
10  9
4  1
29  -8
15  -2
11  -6
23  3
17  -2
5  -10
1  9
16  -7
10  8
9  -10
2  5
3  3
34  -4
14  6
2  12
45  -3
2  5
3  10
2  5
1  4
2  3
1  3
19  -2
3  6
5  -4
9  -10
15  5
15  -2
6  2
12  -3
39  3
23  4
1  5
16  -6
1  -1
9  -5
2  5
2  4
4  0
8  3
7  -4
12  2
3  3
1  7
11  -12
14  -4
10  1
7  0
4  -1
1  3
17  5
6  -3
2  7
5  -3
2  3
1  7
3  5
5  -11
2  4
1  1
14  6
3  7
15  5
7  -7
9  -8
3  11
6  -2
2  3
7  -3
12  -3
5  -1
9  -10
18  1
4  -5
3  11
22  0
5  -8
2  9
11  -9
5  -8
3  2
6  3
1  3
3  9
12  7
4  0
3  3
12  0
9  -5
5  -7
14  2
5  -9
4  -8
5  -6
1  4
13  -9
8  7
9  -3
10  9
26  -2
6  -1
4  1
2  7
23  1
1  5
1  4
3  7
7  -1
4  -2
4  -1
2  10
12  -3
24  8
2  7
9  -9
3  9
27  12
14  2
4  -1
9  -6
1  1
11  -8
14  -4
19  -5
6  -1
1  4
4  -8
7  -7
4  -7
20  12
5  -10
10  11
16  -2
10  1
2  11
3  10
5  -3
4  -6
9  -10
5  -6
3  3
5  -11
5  -1
18  0
6  -7
1  2
11  -3
19  2
11  -7
21  2
10  2
8  7
19  -3
4  -6
10  7
7  -9
3  4
2  9
7  -4
3  6
16  -9
2  8
5  -4
12  5
17  1
8  3
15  2
8  4
15  7
5  -3
26  -3
1  5
3  5
2  12
7  1
3  10
10  3
4  -3
4  -3
11  -6
7  -9
2  12
9  -2
33  -6
15  7
2  9
12  1
3  5
2  5
17  1
15  1
5  -2
15  -2
6  0
9  -2
5  -9
3  11
10  5
1  9
15  0
9  -4
43  -2
22  1
6  1
11  -4
28  -2
1  9
1  5
2  3
11  -10
20  6
9  -7
17  0
45  1
5  -10
24  3
24  3
8  8
19  -2
25  -4
17  -1
15  3
1  0
1  9
6  -1
26  -4
4  1
5  -10
15  2
14  -3
16  -1
2  6
6  3
14  6
13  -6
5  -4
12  -3
3  9
7  -6
12  6
17  1
6  2
2  5
9  -7
8  12
1  1
6  -3
7  -3
7  0
2  12
44  -10
1  0
3  4
7  0
2  11
12  3
3  3
2  10
3  3
6  -6
19  1
2  6
4  -6
5  -8
12  6
9  -2
8  8
9  -5
10  4
14  5
14  6
1  0
7  -5
7  -9
8  6
3  8
18  -3
16  -9
14  -1
2  12
11  -8
13  -3
10  8
5  -5
2  5
37  -12
1  2
1  3
17  8
1  0
10  6
5  -11
9  -8
12  1
11  -2
2  7
10  9
2  5
30  11
23  5
16  -9
4  -9
1  8
37  -12
8  6
10  1
2  11
8  6
25  -3
2  8
1  3
14  5
3  4
8  9
14  -2
11  -10
7  -1
10  10
9  -10
3  10
13  -3
6  -4
3  12
9  -3
6  -5
16  -2
7  -1
1  2
9  -6
10  10
5  -7
3  10
8  3
21  4
3  5
1  0
1  5
5  -9
4  -6
10  4
13  0
6  2
31  -12
12  2
19  2
4  -6
20  4
14  3
4  -9
18  -1
1  5
4  -4
10  9
1  6
3  11
6  -6
12  7
13  -5
3  5
11  -6
9  -1
7  1
1  0
4  -7
11  -12
4  -9
1  7
11  -2
17  3
1  8
10  4
1  9
3  2
5  -8
3  6
7  0
5  -1
6  -5
3  2
2  4
3  11
9  -9
8  6
8  3
4  0
6  -4
2  9
2  3
1  8
17  3
21  -3
7  1
7  -2
28  -8
3  7
4  0
10  6
1  7
3  7
3  9
14  3
1  0
4  -3
10  1
13  -2
17  4
10  5
10  6
14  -3
5  -4
11  -8
6  -7
1  6
2  9
9  -11
41  -5
7  -9
5  -11
8  9
10  10
19  -4
11  -9
4  -7
24  7
26  2
45  -1
13  -1
17  3
4  -8
30  7
6  3
11  -12
1  -1
12  1
15  7
2  3
1  8
9  -1
7  0
7  1
42  -11
7  -7
12  2
2  4
12  4
2  4
3  6
17  8
51  -8
13  -6
4  -7
11  -2
7  -2
4  -2
22  1
6  1
20  10
18  -4
11  -3
1  4
3  11
22  5
8  7
2  4
1  0
1  5
9  -5
1  8
6  -3
12  5
4  -1
12  3
26  -1
5  -8
6  -4
1  8
10  3
3  4
21  -4
10  4
1  8
9  -11
10  1
14  0
6  -7
8  2
10  5
5  -4
4  -1
28  -3
1  2
3  10
22  -1
2  10
8  6
3  5
7  -6
2  12
5  -10
11  -9
8  12
2  3
5  -9
8  7
7  -4
1  3
5  -11
8  7
13  -7
18  -3
5  -7
10  11
19  1
11  -6
4  -4
4  1
19  -6
17  4
4  -9
3  2
16  -4
11  -4
9  -10
10  8
4  -3
7  1
9  -7
19  0
9  -4
5  -2
3  9
6  -3
13  -3
17  4
7  -9
15  -1
15  2
14  -3
4  -2
2  12
8  5
6  -5
28  -5
5  -2
11  -4
1  1
15  1
1  1
9  -5
4  0
8  6
16  -5
1  9
23  5
6  3
4  -9
17  5
21  0
1  0
17  0
19  2
7  -5
9  -8
4  -9
3  9
5  -2
13  0
23  4
6  -3
11  -8
8  7
1  6
12  7
3  6
4  -7
13  0
15  4
11  -4
1  8
7  1
22  1
3  12
13  -6
3  6
1  3
4  0
5  -6
4  -1
6  3
10  10
8  6
5  -5
6  3
7  -2
4  0
2  11
2  7
4  -9
7  -8
21  -3
1  3
15  4
4  0
3  5
11  -3
1  2
18  -5
8  3
2  2
3  7
1  9
1  6
3  11
11  -10
12  -1
1  0
40  2
2  10
3  10
8  11
8  3
6  -2
7  -6
10  5
2  12
5  -6
11  -4
4  1
4  0
3  8
22  6
1  0
10  2
6  1
1  -1
4  0
19  -7
16  -10
20  9
6  -6
5  -6
13  -10
5  -5
9  -6
2  11
3  8
2  5
2  8
8  4
3  6
1  -1
4  -9
3  6
11  -2
5  -4
3  11
22  2
3  8
1  8
53  -2
11  -7
20  2
20  8
4  -7
4  -5
2  11
2  9
5  -1
4  -6
19  -5
10  7
6  -5
1  8
4  -2
3  8
5  -9
27  11
9  -6
1  3
8  3
21  -5
5  -8
3  9
3  5
10  1
5  -11
51  -1
17  1
5  -8
4  -9
5  -6
7  -6
5  -3
2  12
5  -10
12  -3
11  -11
26  -1
13  -3
7  -1
1  -1
5  -3
1  4
19  -3
1  3
11  -11
6  3
1  1
6  -7
7  1
6  -4
2  9
3  5
10  1
12  5
7  -7
9  -3
1  4
3  6
5  -1
8  8
5  -6
9  -5
13  -1
7  -1
10  3
9  -5
2  11
72  -1
9  -8
3  12
11  -11
3  8
5  -1
31  -6
2  11
6  -1
13  -6
4  -4
15  -2
6  3
4  -6
3  9
9  -9
16  -8
1  4
13  -4
6  0
6  0
11  -8
6  -3
1  4
8  2
3  11
15  7
4  0
21  4
7  -8
4  -5
11  -11
13  0
5  -3
2  5
1  -1
28  -11
9  -4
2  6
19  -4
15  7
7  -6
21  3
2  2
3  9
7  -6
9  -3
12  3
22  3
17  4
4  -2
7  -4
15  -1
12  -1
3  5
