1  0
1  1
2  -3
2  -2
24  -3
4  6
12  7
1  0
3  1
4  6
1  1
3  0
7  -7
17  4
1  1
3  0
5  5
11  -5
10  5
9  -2
1  0
3  2
2  -3
18  1
9  -3
3  1
9  -2
7  -6
3  2
4  6
21  0
1  1
19  6
3  0
4  4
5  6
12  5
1  1
6  7
3  1
4  4
9  -3
2  -2
2  -2
8  6
3  0
19  8
1  0
5  4
4  4
8  7
2  -3
2  -4
8  8
5  5
8  7
1  0
2  -3
5  5
7  -7
5  4
16  4
2  -3
2  -3
8  6
2  -4
3  0
27  4
15  -3
1  1
5  4
5  4
8  7
1  0
2  -4
4  5
28  6
11  -6
2  -3
8  7
2  -3
6  6
5  5
1  0
3  0
11  -5
3  0
6  8
23  -6
9  -3
5  6
2  -3
22  -2
10  7
1  2
10  7
3  2
9  -2
11  -6
25  -3
4  6
6  7
13  0
11  -7
19  6
20  3
4  6
2  -3
5  4
2  -3
1  1
4  4
22  -3
2  -2
1  0
1  0
1  0
2  -2
8  6
1  1
5  5
5  5
11  -7
3  1
3  0
1  2
1  1
1  2
4  5
13  0
4  6
8  7
3  1
26  8
9  -2
2  -4
29  4
10  7
14  4
1  1
4  4
29  4
3  2
8  7
1  1
2  -4
2  -4
14  2
11  -7
4  5
4  6
13  1
2  -2
8  7
11  -5
1  0
1  1
3  0
13  0
7  -6
7  -8
11  -6
8  7
4  5
3  2
13  0
5  6
2  -3
1  1
6  6
37  2
2  -2
2  -3
3  1
14  4
9  -1
11  -6
17  4
7  -8
10  6
3  2
11  -6
8  6
12  7
3  2
1  0
2  -2
3  2
1  2
9  -1
17  5
22  -3
9  -2
1  1
12  5
3  2
18  1
9  -3
14  4
3  1
7  -7
2  -4
20  2
6  7
7  -6
6  8
2  -2
3  2
11  -6
1  1
5  5
9  -1
4  5
15  -3
4  6
5  4
7  -8
8  6
1  2
3  2
4  6
1  2
2  -4
7  -6
6  7
1  2
8  7
1  2
1  2
4  5
1  2
4  6
8  8
4  5
5  4
1  2
4  6
2  -3
2  -4
7  -8
10  7
48  3
11  -6
11  -7
12  7
6  6
9  -3
4  5
6  7
6  6
13  -1
9  -3
11  -5
2  -4
5  5
1  1
12  7
8  7
1  1
16  3
2  -4
3  2
3  0
10  6
4  4
4  4
6  8
3  0
1  1
1  0
2  -4
7  -7
6  6
19  8
6  8
11  -6
2  -4
3  1
1  1
6  8
3  2
4  6
14  4
1  2
2  -3
8  8
6  6
7  -8
5  4
2  -4
4  4
6  8
3  2
8  6
4  4
6  6
5  5
6  8
8  8
10  7
7  -7
4  4
1  0
12  7
7  -7
20  1
20  3
10  7
21  -2
4  4
1  2
6  7
8  7
3  1
18  1
24  -2
14  3
14  2
11  -6
7  -7
7  -7
5  5
9  -3
5  4
5  4
13  1
6  7
7  -7
6  8
18  -1
4  6
5  6
12  5
12  5
1  2
1  0
3  0
3  0
6  6
6  7
5  5
12  5
34  -8
1  1
5  6
8  7
1  1
8  6
2  -3
1  0
17  4
16  3
9  -2
1  0
9  -1
7  -6
8  8
4  6
4  6
3  1
18  1
21  -1
1  0
2  -2
3  1
6  7
7  -6
6  8
22  -3
10  7
5  4
6  8
5  5
3  1
12  5
8  7
6  8
3  0
3  2
5  5
16  3
3  1
9  -3
5  5
17  6
8  8
4  5
1  2
5  4
5  5
16  4
33  -5
9  -2
5  4
6  6
12  5
3  0
2  -3
4  4
10  5
5  5
10  5
12  5
1  0
1  0
14  4
4  5
10  5
6  8
15  -5
3  2
7  -8
6  7
6  8
2  -4
11  -7
2  -3
19  8
4  6
1  0
6  7
10  7
17  6
31  -7
9  -2
8  8
4  5
2  -4
2  -4
5  5
12  5
1  0
5  4
1  1
9  -3
15  -3
3  1
13  -1
1  2
2  -4
12  5
15  -5
17  4
1  2
5  5
2  -4
6  8
13  -1
3  1
3  1
1  2
9  -2
6  8
5  6
1  0
3  0
13  1
1  1
1  1
1  1
9  -2
2  -2
3  0
10  7
2  -2
5  6
1  2
2  -2
2  -2
4  4
9  -2
11  -7
6  7
7  -6
1  2
9  -1
2  -4
14  2
3  2
8  6
4  4
27  4
2  -2
1  1
12  5
1  1
2  -4
3  2
14  4
1  0
3  1
1  1
13  0
4  5
2  -2
3  2
1  2
9  -3
16  4
4  6
7  -6
2  -2
3  1
13  1
4  5
10  6
11  -5
6  6
5  6
5  6
1  2
11  -6
1  1
1  0
3  0
2  -3
10  6
1  1
21  0
15  -5
2  -3
3  2
4  4
1  2
6  7
15  -4
14  4
1  0
11  -6
3  2
5  4
6  6
9  -3
17  4
3  0
1  1
5  4
12  5
6  6
12  7
1  2
1  2
15  -5
9  -3
3  0
7  -7
19  7
1  1
3  2
8  8
5  4
3  2
9  -2
8  6
6  7
5  4
4  5
10  6
3  1
3  2
2  -4
7  -7
5  6
1  0
9  -1
3  0
3  0
2  -4
44  3
10  6
1  0
1  0
2  -3
2  -3
2  -3
10  7
1  2
8  6
2  -2
2  -4
6  6
9  -1
7  -8
6  7
1  0
31  -5
6  7
5  5
7  -7
20  2
6  6
2  -3
11  -6
2  -4
1  0
1  1
6  7
7  -6
1  1
3  0
2  -2
3  1
11  -6
1  0
17  6
8  7
7  -7
10  5
3  2
1  2
1  1
4  6
2  -2
12  5
3  1
14  3
13  1
4  4
9  -3
5  6
5  4
5  4
23  -5
2  -2
4  5
13  -1
2  -2
1  2
3  1
3  2
11  -6
11  -6
3  1
1  2
3  0
8  8
1  0
3  2
1  2
9  -1
5  5
16  2
5  6
4  5
4  4
2  -3
2  -3
1  0
13  -1
5  4
10  6
1  2
1  2
6  7
3  0
1  1
1  2
1  1
12  5
29  4
3  1
11  -7
2  -3
5  5
13  0
6  8
3  0
4  4
3  0
1  1
5  5
3  2
20  1
1  2
8  8
9  -3
8  6
7  -8
12  6
3  2
4  6
2  -4
4  6
3  1
16  3
3  1
4  6
4  5
5  6
9  -3
2  -2
3  2
14  3
4  4
1  0
13  1
7  -6
3  1
1  2
14  3
5  5
1  2
18  -1
1  0
3  0
3  1
1  2
9  -2
2  -4
1  1
2  -4
2  -4
8  6
7  -7
10  7
5  5
4  4
6  8
3  0
10  6
13  -1
25  -4
1  1
2  -3
10  7
11  -5
4  5
1  1
7  -6
4  6
2  -2
1  0
2  -2
2  -3
4  6
4  5
1  2
4  4
2  -2
4  4
21  -1
1  2
2  -2
1  2
11  -7
2  -2
1  1
6  6
10  6
1  0
4  5
2  -3
21  -2
6  8
3  0
7  -8
7  -7
21  -2
3  1
12  6
4  5
12  6
4  4
18  -1
2  -3
1  0
4  4
15  -4
2  -2
12  6
2  -3
3  0
18  1
16  3
2  -3
3  2
9  -2
2  -3
12  7
20  2
12  6
2  -4
4  5
1  2
4  4
6  7
1  0
3  2
12  7
1  2
5  6
1  2
28  4
15  -5
5  6
2  -3
7  -7
6  7
13  -1
2  -2
7  -8
3  0
7  -7
9  -3
2  -4
26  8
3  2
4  4
13  0
2  -3
12  7
5  6
10  5
23  -6
1  1
1  2
5  5
3  0
2  -3
3  0
2  -3
5  5
1  0
1  0
7  -8
1  2
9  -3
4  4
6  6
9  -2
2  -3
9  -3
10  7
6  6
2  -3
13  0
12  5
8  7
9  -1
13  1
17  6
1  2
3  0
8  6
4  6
1  1
2  -3
2  -3
7  -7
1  2
1  1
3  1
1  0
3  2
9  -3
6  8
3  0
16  3
5  5
8  6
5  5
23  -5
1  2
13  -1
8  6
10  6
8  7
12  7
6  6
3  0
9  -3
9  -1
3  2
28  5
10  5
1  1
1  0
7  -8
10  5
15  -5
2  -4
5  5
30  -7
4  5
1  2
1  2
8  7
7  -7
15  -3
7  -7
8  8
11  -7
5  5
8  6
1  1
5  6
13  -1
6  7
2  -4
5  4
9  -3
4  4
8  8
1  2
6  8
5  4
1  2
5  6
3  2
3  2
15  -3
2  -4
2  -4
3  2
1  2
6  6
5  6
30  -6
7  -8
6  6
7  -7
1  2
25  -3
7  -6
3  0
7  -7
4  4
5  6
3  1
1  1
2  -4
13  0
6  6
2  -3
16  4
3  1
2  -4
6  7
1  0
6  6
3  1
4  6
18  0
6  7
3  2
5  5
9  -1
2  -2
4  5
3  2
11  -5
1  2
18  0
8  7
1  2
1  2
13  0
20  3
9  -2
5  4
2  -3
12  5
25  -3
12  7
4  6
6  8
6  7
3  2
1  2
5  4
1  0
5  6
1  2
9  -1
20  3
3  0
2  -2
18  -1
3  0
3  2
1  0
6  7
7  -7
9  -3
13  -1
6  7
10  6
3  0
12  6
2  -4
2  -3
6  7
1  2
4  5
10  5
10  7
6  6
2  -3
1  0
1  0
