1  10
1  6
1  4
3  1
1  4
1  2
1  4
1  8
1  5
2  0
1  9
1  6
1  7
2  -4
1  8
1  6
1  6
1  10
1  10
1  9
1  5
1  7
1  7
1  7
1  5
1  10
3  6
1  7
1  8
1  10
1  10
2  -6
1  4
1  9
1  6
1  5
1  7
1  10
1  2
1  4
1  5
1  3
3  1
1  6
1  8
1  8
1  2
1  6
1  9
1  10
1  5
1  7
2  1
1  8
1  3
1  10
1  4
2  0
1  10
1  7
1  3
1  3
1  3
1  10
1  8
1  6
1  4
2  -5
1  2
1  3
1  6
1  5
1  9
1  10
1  5
2  -6
1  8
1  6
1  5
1  10
1  9
1  3
3  4
3  1
1  7
5  3
2  -5
1  8
1  6
1  10
1  2
2  2
2  -6
1  2
2  0
2  0
1  4
1  2
1  3
1  6
1  5
1  8
1  5
2  0
2  -1
1  4
1  10
1  3
2  -6
1  5
2  -4
1  6
1  6
1  9
1  10
1  2
2  2
1  6
1  2
1  7
1  3
1  10
1  7
1  8
1  3
1  8
1  8
1  10
1  7
2  2
2  -1
1  7
1  9
1  4
1  2
1  2
1  2
2  2
1  4
1  5
1  5
1  7
2  -5
1  10
1  9
1  3
1  8
3  3
2  -4
1  5
2  -4
2  0
1  4
2  -5
1  5
1  10
1  5
1  8
2  -2
1  8
1  7
1  5
1  10
1  5
4  2
1  7
2  -6
1  5
1  10
1  7
1  2
1  9
1  9
1  10
1  5
5  5
3  9
1  7
1  9
1  3
1  3
1  10
1  2
1  5
2  0
1  6
2  2
1  8
1  8
1  10
1  9
1  10
1  6
1  4
1  9
1  7
1  5
1  3
1  3
1  8
1  7
1  9
1  5
1  9
1  4
2  2
1  2
1  7
2  1
1  8
4  -2
1  6
1  7
2  -6
1  7
1  10
2  -1
3  1
1  5
2  -6
1  4
2  -1
1  10
1  10
1  7
1  2
2  0
1  3
1  8
1  9
2  -4
3  7
1  10
1  7
1  5
1  6
1  8
1  4
2  2
1  7
1  4
3  2
1  9
2  0
1  6
1  4
1  10
1  7
1  9
1  8
1  8
1  10
1  7
2  1
1  6
1  8
1  7
1  10
1  10
1  7
3  4
2  -1
1  2
1  8
2  -5
2  -6
1  9
1  6
2  -6
1  2
3  1
1  4
1  8
1  10
1  6
3  4
1  5
2  -5
1  6
1  5
3  5
1  7
2  -6
1  8
1  2
1  2
1  7
1  5
1  8
2  -5
1  3
1  7
3  1
1  4
1  8
2  -3
1  5
2  -2
2  -2
1  8
1  10
1  2
1  8
1  10
1  9
1  5
1  10
2  -2
1  9
1  9
2  -6
2  -2
1  8
1  9
1  8
1  10
1  2
2  -2
1  6
1  9
1  2
3  5
1  9
1  4
1  5
1  5
1  2
3  6
2  -4
1  6
1  5
1  8
1  7
1  2
3  2
3  9
1  6
2  -3
1  3
1  9
1  7
1  9
2  -4
1  7
1  7
1  4
1  10
1  3
1  5
1  5
1  2
1  4
1  8
1  9
4  -1
1  9
2  -1
1  3
1  5
1  10
2  0
1  3
1  10
2  -6
1  9
2  -3
1  6
1  6
1  9
1  9
1  9
1  3
1  2
1  2
1  4
1  4
2  0
1  3
1  2
2  -3
1  3
1  6
1  5
1  4
2  0
1  7
1  8
1  7
1  8
1  2
1  6
2  -6
1  8
1  10
1  3
1  3
1  5
1  5
2  -1
2  1
2  0
1  5
1  8
3  5
1  5
1  9
1  2
2  -6
1  8
3  9
1  9
2  1
1  7
2  -5
1  2
1  2
1  10
1  6
5  6
2  -2
1  4
6  5
1  4
2  -6
1  5
1  8
1  9
1  9
1  8
1  10
1  5
1  3
2  1
1  10
2  -2
1  7
2  -5
1  5
1  7
1  9
1  5
1  2
3  1
1  4
3  6
1  6
1  9
2  0
1  6
1  5
2  -2
1  9
1  3
2  -4
1  6
1  3
2  2
3  7
3  8
2  2
2  0
1  2
1  2
1  8
1  7
1  8
1  10
2  -2
1  4
2  2
1  5
1  6
1  3
1  2
2  -1
2  0
1  7
1  4
6  0
2  1
1  4
1  8
3  7
1  10
3  4
1  7
1  7
1  2
1  3
1  7
1  6
1  9
1  4
1  9
1  3
1  6
2  0
1  4
3  3
1  6
2  -2
2  -3
1  7
2  -6
1  7
2  -5
1  9
2  -4
3  8
1  7
1  10
1  2
2  -1
1  10
1  3
1  10
3  4
1  7
1  3
1  10
1  8
1  9
2  -6
1  5
1  4
3  3
1  7
2  -1
1  6
1  8
1  6
1  7
2  -6
1  2
1  2
1  4
1  9
1  5
1  10
1  4
1  5
1  8
2  -5
1  9
1  8
2  2
1  4
2  1
1  4
2  -4
1  10
1  3
1  4
1  6
1  3
1  9
1  5
2  0
1  9
2  2
1  7
1  9
1  10
2  0
1  3
2  -4
1  9
1  10
2  -6
1  3
3  1
1  4
1  3
3  1
1  10
1  5
1  3
1  3
1  6
1  5
1  5
1  7
3  8
1  5
1  7
1  4
2  -2
1  8
3  4
2  2
1  8
1  4
1  9
1  6
3  6
1  7
1  10
1  9
2  0
2  0
1  7
1  9
1  2
1  8
1  6
1  5
1  3
1  10
1  10
1  7
2  -4
2  -5
1  8
1  9
1  5
1  2
1  8
1  6
1  6
1  9
2  -3
1  6
1  2
1  9
1  3
3  5
1  5
1  8
1  3
1  5
1  3
1  4
1  2
1  9
1  10
2  -1
1  3
2  -4
1  2
1  8
1  5
1  3
1  10
2  -6
1  2
1  2
1  3
1  2
1  5
1  4
1  2
1  8
2  2
1  7
1  9
1  2
1  9
1  9
2  1
2  -5
1  4
1  5
1  2
2  -3
3  3
1  5
1  2
1  4
1  2
1  7
1  5
1  3
2  -5
1  6
2  -4
1  9
1  8
1  10
1  4
1  4
1  2
1  5
1  8
1  4
1  3
3  4
2  -1
1  10
1  3
1  8
1  3
2  -1
1  3
1  7
2  -2
2  -6
2  2
1  10
1  7
1  4
1  9
2  -6
1  8
1  9
2  -6
1  6
1  9
2  -1
1  10
1  6
1  3
3  5
1  8
1  4
1  2
1  5
1  7
2  -4
1  3
2  -5
1  9
2  2
1  8
2  1
2  0
2  1
1  5
1  6
1  6
1  2
1  9
1  8
3  3
1  8
1  4
2  -1
1  9
1  8
1  2
1  5
3  3
2  -6
1  10
1  6
1  7
1  4
1  7
1  8
2  -6
2  0
3  8
2  1
1  10
1  7
1  8
1  2
3  7
1  8
1  8
1  7
2  -3
1  6
1  5
2  -6
1  5
1  3
3  6
1  5
2  -3
1  9
1  8
1  10
1  7
1  5
1  3
2  1
1  8
1  8
5  5
1  7
1  6
1  5
1  4
1  7
1  3
1  3
1  2
1  9
1  2
1  9
1  3
1  10
1  5
1  4
1  6
2  0
1  7
2  -1
1  4
1  8
1  6
1  7
1  10
1  10
1  4
1  6
1  7
1  7
3  2
2  -3
2  -2
1  2
1  3
2  -1
1  10
1  2
2  2
1  2
2  -5
1  5
1  3
1  2
3  5
1  5
1  4
3  6
1  4
2  1
1  6
2  -5
1  4
1  2
1  10
4  -3
1  6
3  9
1  6
1  3
1  6
1  5
1  9
1  2
1  8
1  5
1  8
1  5
1  3
1  4
1  7
2  -4
1  6
3  8
1  10
1  9
1  10
1  2
3  4
1  6
2  -3
2  -3
2  -5
2  -6
1  8
1  8
1  6
2  0
1  6
1  6
1  10
1  5
1  9
1  6
1  7
1  2
1  4
1  8
3  9
1  7
3  5
1  8
1  3
1  5
7  -4
5  4
4  -3
1  2
1  4
1  2
1  5
2  1
1  4
1  9
1  3
1  9
1  10
2  -3
2  -2
1  7
1  6
1  10
1  4
2  -5
1  7
1  7
1  8
1  5
1  4
1  3
1  10
2  -4
1  3
2  -4
2  1
2  0
1  3
4  -6
1  6
1  8
1  2
1  6
1  7
5  3
1  10
1  8
1  8
1  7
1  3
1  7
1  5
2  0
1  9
2  -5
1  10
2  -2
2  -2
1  6
1  3
3  5
1  4
1  2
1  5
2  -3
3  2
1  7
1  10
2  2
1  9
1  8
1  5
2  -3
1  9
1  4
2  -4
1  8
1  3
2  -6
2  -6
1  5
1  10
1  6
1  7
1  10
2  2
1  4
3  5
1  2
1  5
1  10
1  10
1  9
1  2
1  7
1  3
1  7
2  -3
1  4
1  8
1  6
1  7
2  -5
1  10
1  2
2  -4
1  7
1  10
1  3
2  -3
1  10
1  3
1  2
1  9
1  4
1  10
1  10
3  4
1  10
1  7
1  3
1  10
1  7
