1  5
3  6
3  4
2  5
1  5
1  9
1  7
2  5
1  9
2  9
1  6
4  -5
1  9
1  8
1  8
1  9
1  6
4  -4
3  8
1  7
1  8
2  8
1  9
1  7
1  9
1  5
1  5
1  5
1  9
1  8
1  6
1  7
2  9
1  6
1  9
1  6
1  9
1  9
3  6
5  6
2  7
2  6
6  4
1  9
3  6
1  9
1  7
2  5
1  8
1  5
1  6
3  4
2  8
1  6
1  7
1  7
1  5
1  6
1  7
1  6
1  7
1  7
2  9
1  6
1  9
1  6
1  5
2  9
1  6
1  9
2  8
1  9
1  8
1  9
1  5
2  9
1  7
1  9
1  9
1  9
3  5
3  5
1  5
1  7
1  7
1  7
1  8
4  -5
2  5
1  9
1  7
1  5
1  7
1  8
2  9
1  6
1  9
2  9
2  6
2  5
1  9
1  7
2  5
1  7
3  5
2  7
1  7
2  5
1  5
1  9
2  8
1  9
2  6
1  8
1  9
1  8
2  6
1  6
1  9
2  8
1  9
1  7
1  9
1  8
2  5
1  7
1  7
2  5
3  4
1  5
1  9
2  9
2  7
2  7
2  7
1  8
5  5
1  9
1  6
2  6
1  9
2  5
1  7
1  6
1  5
1  7
1  6
1  7
2  7
1  7
1  7
2  5
1  5
5  6
1  8
3  8
2  9
1  7
1  7
1  9
1  5
1  9
1  8
2  7
1  8
2  8
1  8
2  6
3  8
1  7
3  5
1  7
4  -7
2  9
1  6
1  6
1  9
1  9
1  9
1  5
1  6
1  6
1  8
1  8
1  8
1  6
3  4
1  6
1  8
2  9
2  9
1  6
3  7
1  5
3  5
2  8
1  6
1  5
1  7
1  5
1  7
1  7
2  5
1  9
1  7
2  6
2  5
1  8
1  6
1  6
1  5
1  7
1  9
2  6
1  5
1  5
1  7
2  7
1  5
1  8
1  6
1  8
3  4
1  5
1  7
3  6
3  8
2  9
1  9
1  9
1  5
2  6
1  8
2  6
1  6
1  8
3  5
1  9
3  8
1  6
2  5
4  -7
1  6
1  5
1  5
2  9
1  7
1  6
3  8
1  6
3  5
2  9
4  -6
1  8
1  8
1  7
2  9
6  7
1  8
2  8
1  6
1  6
3  4
1  7
2  5
1  8
1  9
1  6
1  8
4  -6
1  6
2  7
4  -7
1  9
2  8
1  6
2  9
1  9
2  5
1  5
1  6
1  5
2  8
3  4
2  7
2  9
3  8
1  5
2  9
2  9
1  9
1  9
1  8
4  -5
1  9
1  6
2  7
1  6
1  6
3  6
2  5
1  7
4  -4
1  6
1  9
2  8
1  7
1  5
1  7
1  5
3  4
1  6
2  8
1  8
1  9
1  7
2  7
1  8
1  9
1  8
1  9
1  8
1  8
1  9
1  7
1  7
2  8
1  5
2  6
1  5
1  6
1  9
1  7
1  7
1  8
1  6
1  9
2  6
2  5
1  7
4  -7
1  9
5  5
4  -8
2  5
1  7
1  5
1  8
1  8
1  6
1  8
1  6
3  5
1  9
1  9
1  6
2  5
2  5
1  7
1  8
2  5
1  6
3  6
3  6
1  8
4  -6
1  9
1  8
1  9
2  8
1  8
1  9
1  6
1  5
1  6
3  7
1  6
1  7
2  7
2  6
1  8
1  7
1  7
1  9
1  7
2  7
4  -7
1  8
1  8
1  5
1  8
2  7
2  6
1  6
1  6
1  6
1  8
2  7
1  9
1  7
1  6
1  9
2  7
3  5
1  5
1  6
2  9
1  5
2  8
1  7
1  8
1  5
2  5
1  8
4  -7
1  7
2  8
1  7
1  7
2  5
1  7
1  8
1  7
1  7
1  8
1  9
1  5
2  8
1  8
1  6
3  7
1  7
1  9
1  8
1  9
1  8
2  5
1  6
3  5
1  9
1  7
3  8
1  8
1  7
2  8
2  6
1  9
4  -4
2  7
2  7
3  4
1  5
1  7
1  9
1  7
2  5
2  9
1  8
1  9
3  7
2  8
2  5
1  8
3  4
2  5
1  9
1  9
1  7
1  5
1  8
1  7
1  5
1  6
1  7
1  5
1  8
1  9
1  5
1  5
1  8
3  6
1  5
1  6
1  9
1  7
1  5
1  5
1  6
1  9
1  6
1  9
2  9
2  6
1  9
2  7
1  9
1  5
1  6
1  6
3  6
1  8
1  7
1  8
1  7
2  9
1  9
2  6
1  5
1  6
1  7
2  9
1  6
2  7
1  7
3  6
2  9
1  8
2  6
5  8
1  7
2  5
1  6
1  7
3  4
2  8
2  6
1  9
1  6
1  6
1  9
2  6
1  5
1  9
1  6
1  5
1  5
1  5
3  7
2  6
1  8
1  6
1  5
2  6
1  8
1  6
2  9
1  9
1  9
2  8
1  5
1  5
1  6
1  5
2  6
2  7
3  6
1  9
1  9
1  8
2  5
2  8
2  6
1  8
1  7
1  6
1  9
1  9
3  4
1  5
1  9
1  9
1  6
1  5
1  5
1  9
2  6
3  6
2  7
3  4
3  6
1  6
4  -8
1  8
1  7
1  9
2  9
1  7
1  8
2  8
3  4
2  5
3  7
2  9
1  9
1  9
1  5
1  5
1  5
1  6
1  6
2  9
2  9
2  5
2  6
1  8
1  9
1  7
1  8
2  6
2  7
1  5
2  5
1  8
1  6
2  5
1  6
1  5
1  5
2  7
1  9
1  7
2  7
1  9
1  9
1  9
1  7
2  5
1  8
1  9
1  8
3  8
1  9
1  5
1  7
3  7
1  6
1  5
1  9
5  6
1  8
1  9
1  6
1  8
2  7
1  6
1  6
1  8
2  8
1  8
1  7
1  5
1  5
1  9
2  8
1  5
1  8
2  8
1  9
1  9
2  7
1  9
1  5
1  5
1  9
1  8
2  6
2  9
1  8
1  6
2  9
1  5
2  8
2  8
1  5
1  9
3  5
1  7
1  7
2  9
1  7
2  7
1  8
1  6
1  5
1  8
2  8
1  7
1  9
2  6
1  6
3  4
1  7
2  5
1  8
1  7
2  9
2  7
1  8
1  6
1  8
1  5
2  8
2  6
1  8
1  7
1  5
1  6
4  -6
2  6
6  6
1  9
1  8
2  5
1  5
1  6
1  9
1  8
1  8
1  7
1  7
3  4
1  6
3  8
1  9
1  5
1  8
2  6
1  9
2  5
3  4
1  8
1  6
4  -4
1  5
1  9
1  6
1  7
2  9
4  -4
1  9
1  8
1  8
2  6
1  7
1  9
3  8
1  6
1  7
1  9
2  5
1  9
1  7
2  8
1  6
1  5
1  8
1  6
2  8
1  6
1  8
1  5
1  8
3  5
3  8
1  8
1  6
2  7
2  9
1  9
1  8
2  9
1  5
1  5
1  6
1  7
4  -8
1  5
1  9
1  6
1  8
3  5
1  6
1  6
3  7
1  9
1  7
1  6
1  5
1  6
1  9
1  5
1  6
2  5
2  5
1  8
2  5
1  9
1  6
1  8
1  7
2  9
1  6
1  9
3  6
1  9
1  9
1  9
2  5
1  8
2  5
1  9
5  8
3  6
2  6
1  7
1  8
1  8
5  8
1  7
3  8
5  6
2  8
3  7
1  9
1  7
1  7
3  6
1  9
1  7
2  9
1  8
1  8
1  6
1  9
2  5
1  9
2  9
2  8
1  8
4  -5
1  9
1  7
1  8
1  5
1  7
1  5
1  8
1  5
1  6
1  9
1  9
2  8
3  8
2  9
1  6
1  6
3  7
1  5
1  6
2  5
1  6
2  6
2  8
1  6
1  5
2  7
1  5
2  7
1  7
1  5
3  7
1  8
1  6
1  6
2  5
1  5
1  9
1  7
1  5
1  7
1  8
1  5
1  9
1  7
1  8
2  8
1  7
1  6
1  7
1  6
1  6
3  4
1  9
2  6
1  8
3  5
1  9
2  9
2  6
1  5
1  6
1  7
1  9
1  5
1  9
1  7
2  7
2  7
2  5
1  8
1  6
1  5
2  9
1  8
1  7
2  7
1  5
1  7
1  7
1  7
2  5
1  7
4  -4
1  9
1  6
1  7
1  9
1  6
1  6
1  8
1  5
1  7
2  7
2  6
2  5
1  5
1  5
2  9
1  6
5  8
1  5
4  -6
2  8
1  6
3  7
1  6
1  5
1  8
1  6
3  8
2  8
2  8
1  5
1  8
2  9
3  5
1  9
1  9
1  8
3  4
1  9
1  8
3  8
1  7
4  -8
1  6
1  6
1  9
1  8
1  5
2  6
1  8
2  8
1  5
1  5
1  9
3  5
2  7
1  6
1  7
2  6
1  9
1  9
1  8
2  8
1  7
1  8
3  5
1  6
1  9
2  8
1  7
1  8
2  9
2  9
1  6
1  8
2  7
1  5
1  9
