6  -7
8  -5
7  6
7  7
8  -5
8  -5
7  7
9  2
10  2
10  2
8  -4
7  5
9  2
8  -5
9  2
9  1
10  2
8  -3
10  3
8  -4
8  -3
7  5
9  3
9  1
6  -7
9  2
8  -3
11  0
10  3
7  6
9  3
9  1
7  6
6  -7
9  3
10  2
5  6
7  6
9  2
8  -5
10  1
11  1
10  3
9  3
8  -5
9  3
8  -3
8  -4
10  2
8  -4
7  6
10  1
9  1
9  2
6  -7
11  1
7  6
9  1
8  -5
7  5
8  -4
9  1
8  -5
9  3
12  -5
6  -8
9  1
10  1
5  5
11  1
11  1
9  1
10  2
8  -3
8  -4
6  -6
11  2
11  2
7  6
9  2
4  -2
7  5
7  5
9  2
10  3
9  1
4  -3
7  7
11  1
10  2
9  1
12  -5
8  -5
6  -8
9  1
10  2
9  1
9  1
9  3
5  5
5  6
8  -5
9  3
8  -5
8  -3
11  2
8  -5
9  1
7  5
8  -4
9  1
10  2
9  3
10  1
4  -3
11  2
7  5
11  1
9  2
11  2
7  7
9  1
9  3
8  -5
7  7
9  1
8  -5
11  2
11  0
7  7
11  1
7  5
6  -8
7  7
8  -5
8  -5
9  2
7  5
10  3
10  1
11  0
10  2
8  -4
7  6
9  1
8  -4
10  2
12  -6
9  1
12  -7
6  -6
7  6
12  -5
6  -7
7  6
9  1
9  2
11  1
11  2
9  1
7  7
11  0
9  2
3  -4
8  -5
12  -6
9  3
12  -7
9  1
6  -8
8  -5
8  -5
11  2
12  -6
10  1
7  6
7  6
6  -6
11  2
9  2
10  3
9  2
7  5
10  1
8  -5
10  1
9  3
7  6
7  5
10  2
8  -3
5  6
8  -3
10  1
10  2
11  2
10  2
8  -5
6  -6
9  1
9  3
8  -4
7  7
7  6
12  -7
8  -4
9  1
8  -4
5  5
8  -4
7  7
12  -6
7  6
10  3
10  3
10  1
9  2
5  5
10  2
10  1
9  1
6  -7
8  -3
9  1
10  1
8  -5
8  -4
8  -5
8  -3
10  1
7  5
8  -5
11  2
9  1
8  -3
10  2
10  3
9  1
9  3
10  2
6  -7
6  -6
8  -3
9  3
8  -3
8  -5
8  -5
8  -5
10  1
9  1
6  -6
7  7
6  -8
6  -7
8  -4
7  5
10  3
8  -4
10  1
9  2
7  5
9  3
10  1
7  6
9  3
9  1
10  3
10  2
6  -6
9  1
8  -3
13  -1
10  2
11  0
8  -5
10  2
9  2
11  1
6  -7
8  -3
11  2
9  3
10  1
10  3
8  -5
9  1
7  7
9  1
11  2
9  2
9  2
11  2
8  -3
11  2
9  3
6  -7
9  3
6  -7
7  6
8  -5
8  -4
10  3
7  6
7  7
9  2
10  2
10  3
10  2
8  -3
10  2
10  1
10  2
11  2
10  2
9  1
9  3
9  1
9  3
7  6
7  6
8  -5
8  -4
12  -5
8  -3
6  -7
9  3
6  -6
13  -2
8  -3
8  -5
8  -4
11  2
7  5
8  -5
5  6
11  0
9  2
4  -2
9  2
11  0
11  0
7  7
8  -4
10  2
11  2
10  1
6  -6
7  7
9  3
7  6
6  -8
11  2
9  2
9  2
8  -4
10  2
10  2
9  2
10  1
5  5
7  7
9  2
6  -8
9  3
11  0
10  3
9  1
8  -4
9  2
9  3
9  3
6  -6
8  -4
9  2
9  3
6  -7
10  3
8  -5
10  2
12  -7
11  2
8  -3
11  1
8  -4
10  1
9  3
6  -6
10  3
11  2
5  5
8  -4
10  2
9  2
9  2
7  5
10  3
7  5
7  7
6  -7
9  1
9  1
7  7
7  7
11  0
8  -4
9  1
6  -7
9  2
9  2
11  2
10  1
6  -6
9  2
7  5
8  -5
9  3
11  1
9  1
9  1
8  -4
8  -5
8  -3
7  6
8  -5
7  6
10  1
7  6
10  3
7  5
7  6
9  3
12  -5
10  2
7  5
9  2
7  5
9  1
8  -3
5  6
8  -3
11  0
6  -7
9  1
10  2
8  -5
8  -3
5  4
12  -5
9  2
8  -4
10  3
11  2
8  -5
7  7
9  3
13  0
8  -4
6  -6
10  2
8  -3
9  3
8  -3
11  1
8  -4
8  -3
8  -5
7  5
7  5
11  2
9  3
8  -3
8  -4
11  2
6  -6
9  1
9  2
9  3
7  7
10  2
6  -7
11  1
11  2
8  -3
7  6
7  7
10  2
7  7
9  3
11  2
9  2
7  7
7  7
9  3
9  1
7  6
8  -5
9  2
8  -3
10  2
9  2
10  2
8  -5
7  6
11  1
10  1
9  3
12  -7
7  6
7  6
7  5
8  -3
9  3
7  7
7  7
8  -4
10  2
5  5
9  2
10  2
9  2
5  5
11  2
13  -2
8  -3
11  2
7  5
8  -5
8  -4
11  0
8  -5
11  2
6  -8
8  -4
8  -4
6  -7
11  1
7  5
7  7
8  -3
9  2
8  -5
8  -5
9  3
11  2
9  1
10  3
5  5
9  2
10  3
7  6
9  3
8  -4
6  -7
9  2
8  -4
9  2
8  -5
11  2
6  -6
7  7
10  2
10  3
8  -4
10  3
9  1
9  1
9  2
10  1
10  3
7  7
12  -7
10  1
10  3
8  -3
8  -5
12  -5
7  5
10  2
9  1
10  2
6  -6
6  -6
7  5
11  2
10  1
8  -3
10  1
9  2
5  4
10  2
11  2
9  1
9  1
11  1
7  6
10  2
7  7
9  2
8  -3
9  1
6  -6
10  1
9  1
10  1
8  -4
8  -4
9  3
11  0
11  1
9  1
7  5
6  -6
12  -6
10  2
11  1
7  5
6  -6
10  3
8  -4
11  0
7  5
9  1
10  1
9  1
7  6
10  3
7  7
8  -4
10  1
8  -4
8  -5
7  5
9  3
8  -5
10  3
6  -8
12  -6
8  -5
8  -3
8  -4
9  1
8  -5
6  -7
9  1
10  2
8  -3
9  1
9  3
12  -6
13  0
10  1
10  3
9  1
12  -5
6  -6
8  -3
8  -4
9  3
8  -4
9  3
10  3
8  -5
8  -5
5  5
10  3
9  2
7  5
9  3
7  5
10  1
8  -4
5  4
8  -5
11  2
7  7
5  4
9  2
10  2
9  2
10  2
8  -5
10  3
8  -4
9  3
10  1
9  2
9  1
9  1
9  3
10  3
10  1
9  1
9  1
11  0
8  -4
9  2
13  -1
8  -3
7  7
9  2
10  1
8  -3
11  0
7  5
7  5
12  -7
5  4
8  -3
5  5
8  -4
10  3
11  2
8  -5
7  5
9  1
10  1
11  2
7  5
9  1
7  7
8  -5
8  -3
7  7
8  -4
11  2
8  -4
12  -7
7  6
8  -4
8  -5
9  3
4  -2
8  -4
7  7
8  -4
8  -4
8  -5
7  6
8  -4
9  3
8  -4
9  2
7  6
11  2
11  0
9  1
7  7
9  3
11  2
4  -1
6  -6
11  0
8  -4
7  5
5  5
9  2
9  3
9  2
9  3
10  3
9  1
8  -5
7  7
9  3
6  -8
10  3
7  7
9  2
9  3
10  3
8  -4
8  -5
10  2
9  3
11  0
9  1
10  3
8  -3
11  1
8  -4
8  -5
7  7
10  3
9  1
10  2
8  -4
8  -5
12  -5
11  2
7  7
7  5
8  -4
10  3
8  -5
10  1
6  -6
10  1
7  5
6  -8
9  1
6  -8
6  -8
8  -4
10  1
7  7
7  6
9  1
9  2
8  -4
7  7
11  1
7  5
9  3
8  -5
10  2
8  -3
6  -6
11  2
6  -8
10  3
9  1
8  -3
10  2
7  6
11  2
12  -5
9  2
5  5
7  7
8  -5
8  -5
7  6
9  3
7  6
12  -7
6  -8
10  2
9  1
10  3
9  3
7  6
7  6
7  5
11  1
7  6
10  2
10  2
9  3
10  3
7  5
7  5
9  2
8  -3
10  2
10  3
8  -5
9  1
9  1
11  1
9  3
7  6
7  7
8  -3
11  2
9  1
10  3
8  -4
9  2
9  1
8  -5
7  6
10  2
11  1
10  1
10  3
9  3
11  2
9  1
9  2
9  1
8  -3
11  2
8  -4
8  -5
7  6
9  3
10  2
9  2
7  5
7  5
8  -5
11  2
9  2
7  6
10  2
7  6
11  1
8  -4
8  -4
9  1
9  3
12  -7
7  6
10  3
11  1
11  2
5  4
8  -5
9  2
7  5
11  2
9  2
11  0
9  3
10  1
11  1
11  2
8  -4
6  -6
11  2
7  5
11  2
12  -5
11  2
11  0
11  1
12  -7
8  -4
7  5
9  1
9  2
9  3
10  3
11  1
12  -5
9  1
10  3
11  2
8  -3
9  2
9  3
10  2
8  -4
9  1
10  3
12  -6
13  -1
6  -8
7  5
9  1
8  -4
11  2
6  -6
7  5
6  -7
8  -4
8  -5
6  -6
9  3
9  1
9  1
8  -4
11  1
9  3
7  7
8  -3
9  3
7  7
9  3
6  -8
12  -7
8  -4
9  3
9  2
10  2
10  3
12  -5
11  0
9  3
11  1
9  1
8  -5
6  -7
11  0
9  2
11  1
8  -5
11  2
11  1
10  1
8  -5
8  -4
10  2
7  5
8  -3
9  1
7  6
11  0
9  1
6  -7
