12  -2
13  1
10  2
13  -3
13  -7
11  -4
13  1
14  2
13  -7
12  -7
15  -8
15  -7
13  -2
10  7
12  -2
14  -2
18  5
13  -2
12  -7
12  -2
12  -2
14  0
15  -2
14  -5
13  -1
15  -6
13  -5
13  -1
11  -6
12  -6
14  -2
12  -8
14  2
16  -2
13  -4
12  -6
11  -9
11  -7
13  -4
17  3
14  -5
15  -10
15  -8
16  -3
8  -4
12  -5
10  2
13  -7
15  -4
8  -8
14  -5
11  -2
13  -4
12  -4
18  1
16  -4
9  5
16  -6
13  -4
10  10
14  -1
12  -8
12  -5
12  -10
11  -6
18  4
17  5
14  0
14  1
12  -8
13  -2
14  -2
10  10
11  -4
15  -3
14  2
13  0
12  -3
15  -8
15  -8
14  2
9  3
13  -2
13  -2
12  -8
14  2
13  -1
11  -2
14  0
13  -6
14  1
15  -2
14  -4
11  -10
15  -9
12  -10
14  -4
17  2
14  -3
13  -7
12  -9
10  3
13  -5
10  7
14  -2
14  2
10  7
10  4
14  -2
12  -2
13  0
12  -9
12  -3
15  -7
9  -1
12  -2
13  -3
13  0
13  -4
12  -6
16  -9
13  -6
13  -3
12  -9
13  -6
14  0
11  -6
14  -5
11  -8
13  -1
14  2
14  2
11  -6
13  0
12  -9
15  -8
12  -5
9  0
14  2
13  -3
12  -7
16  -2
11  -6
11  -10
12  -3
13  -7
14  -3
14  -1
15  -3
10  5
10  4
12  -9
12  -7
14  -2
13  1
11  -3
14  -2
14  -1
12  -6
14  -6
15  -4
11  -10
15  -5
15  -8
9  0
15  -8
13  -7
12  -2
13  -6
14  -3
13  1
14  -4
10  3
11  -10
13  -3
11  -9
12  -7
12  -8
14  2
13  0
13  -4
15  -4
15  -8
10  6
11  -8
13  -7
15  -9
9  2
11  -7
11  -5
13  1
13  0
11  -5
15  -2
14  2
16  -5
13  0
12  -10
13  -7
16  -2
15  -8
13  -6
13  -3
12  -9
9  5
13  -5
10  4
15  -9
16  -6
14  -3
14  -3
15  -2
15  -2
13  -2
16  -7
16  -4
10  10
14  2
8  -3
13  -6
13  -4
14  -4
13  -3
11  -4
15  -9
14  -6
12  -5
13  -5
13  -5
13  -2
16  -9
12  -3
14  -3
14  -6
12  -7
17  3
11  -2
11  -10
11  -9
13  -4
11  -6
12  -4
10  3
16  -8
10  6
14  1
13  -4
12  -6
13  -3
13  -7
12  -9
14  -4
17  -3
12  -10
12  -6
12  -4
12  -3
14  1
12  -5
13  -1
13  -1
15  -5
11  -8
14  1
13  0
12  -3
14  1
13  -6
11  -10
13  -7
14  -6
13  -6
13  1
15  -5
11  -8
12  -6
8  -6
14  1
15  -7
10  9
15  -10
15  -8
13  -7
14  0
13  -1
12  -2
13  -3
12  -3
12  -8
14  -2
12  -10
10  4
15  -8
18  5
14  -1
10  9
15  -3
14  -6
16  -8
14  0
11  -8
9  -1
13  -4
10  3
16  -2
14  0
11  -4
12  -9
11  -4
12  -9
17  -1
11  -7
13  -3
13  -3
14  -4
10  2
17  0
14  -5
10  9
12  -9
16  -4
12  -10
13  -2
12  -4
9  2
11  -3
12  -10
14  -6
13  -7
12  -5
10  3
16  -8
13  -6
14  -4
15  -3
12  -9
13  -2
13  -1
13  -7
13  0
12  -5
12  -3
14  2
14  -1
12  -4
11  -9
14  0
14  -1
12  -7
13  -2
16  -7
11  -7
8  -1
14  1
17  -1
13  -6
11  -9
10  10
14  -5
12  -5
9  4
11  -4
14  -3
12  -2
14  -5
12  -10
12  -10
13  0
13  -7
14  -5
11  -8
14  -3
13  -2
12  -2
14  -6
12  -9
9  -2
13  -6
14  0
14  -6
14  -2
10  6
12  -4
12  -8
13  -5
14  1
14  0
14  -1
12  -6
14  -2
13  -6
15  -7
10  3
14  0
14  -5
10  5
14  0
14  -1
14  -6
13  -4
9  3
12  -5
12  -7
14  -6
11  -7
12  -10
14  -6
13  -3
10  7
14  -5
17  3
11  -5
13  -1
12  -7
10  10
13  -5
17  0
13  -7
13  -4
15  -3
13  -6
11  -8
13  -1
12  -6
10  3
11  -7
11  -10
13  -7
16  -5
12  -10
12  -8
10  9
15  -3
10  4
12  -4
15  -6
16  -1
17  -1
14  -1
15  -10
11  -10
15  -2
16  -9
13  -7
16  -8
10  5
12  -7
12  -7
12  -2
17  1
14  2
13  -5
15  -6
12  -7
12  -9
14  -5
16  -2
11  -5
15  -4
16  -3
12  -4
11  -2
12  -4
13  1
15  -10
12  -3
13  -4
13  1
16  -1
13  1
12  -7
13  -5
13  -7
15  -7
12  -10
11  -3
13  -7
13  -4
11  -2
11  -9
14  -1
12  -8
12  -2
15  -7
13  0
12  -3
12  -6
10  3
13  -3
12  -8
13  -4
10  3
11  -10
14  -6
12  -6
13  -4
12  -9
13  -3
11  -9
13  0
13  -2
11  -5
10  4
14  -3
14  -4
12  -4
11  -3
13  -3
12  -7
16  -2
13  -2
17  0
12  -10
14  -6
13  -2
12  -3
16  -5
8  -1
10  9
13  1
15  -4
13  -3
14  -6
13  -3
14  -3
12  -9
13  -2
14  0
11  -10
15  -3
12  -3
13  -5
12  -2
14  -1
13  -1
11  -10
14  -5
11  -7
11  -5
14  1
16  -9
13  -1
11  -4
11  -8
15  -7
15  -10
14  -4
12  -2
12  -5
14  -5
12  -10
12  -3
13  -3
15  -6
14  -3
12  -10
12  -4
12  -5
14  -5
14  1
11  -5
8  -3
13  1
16  -1
13  -3
12  -9
15  -3
14  1
14  -2
17  -3
11  -7
9  2
7  7
12  -2
12  -6
12  -7
12  -3
12  -5
13  -6
10  5
14  -6
15  -8
13  -7
17  3
13  -6
14  -3
14  2
13  -4
14  -5
8  -3
13  0
12  -10
10  6
13  -5
11  -6
12  -4
8  -6
13  -6
15  -2
16  -3
11  -5
12  -8
15  -4
13  -7
13  -3
13  -1
13  1
16  -4
14  -6
15  -8
14  -5
11  -4
14  1
11  -7
10  6
10  6
16  -2
11  -9
13  0
13  -7
14  -5
14  -3
14  -5
16  -7
12  -6
15  -5
15  -10
15  -2
12  -5
12  -9
11  -8
15  -3
11  -10
10  7
12  -10
11  -10
12  -7
13  -2
10  9
12  -2
14  0
16  -4
11  -9
13  -3
10  7
11  -8
13  1
15  -2
14  -6
13  1
11  -9
10  8
11  -5
14  -3
10  6
12  -6
16  -4
16  -5
13  -7
13  -7
16  -8
10  5
12  -8
9  0
14  -3
16  -5
13  1
12  -8
10  10
15  -4
13  -7
12  -10
15  -8
13  -2
14  -1
13  -7
12  -10
14  -1
12  -6
11  -10
15  -6
16  -3
12  -4
14  -5
12  -6
9  3
13  -4
12  -5
11  -7
15  -7
17  0
12  -7
11  -6
14  0
11  -7
11  -4
16  -8
11  -4
13  -6
13  -5
14  -3
12  -7
10  6
11  -3
13  -2
13  -1
17  1
13  1
12  -6
12  -2
12  -5
13  -2
15  -4
11  -2
16  -5
13  1
14  0
14  2
13  0
12  -3
13  1
12  -8
12  -6
14  1
14  -2
15  -7
14  -2
14  -3
13  -6
14  -1
15  -9
12  -6
12  -5
15  -2
9  6
10  3
14  1
12  -10
14  -6
12  -5
14  -4
12  -8
17  4
9  -2
12  -10
12  -8
13  -2
17  3
15  -6
11  -2
18  1
11  -5
14  -5
12  -3
10  10
16  -5
16  -9
12  -5
13  1
14  2
15  -10
14  -3
15  -8
14  1
14  0
17  -2
13  -7
12  -4
11  -6
13  -2
11  -8
11  -6
10  3
9  6
14  -2
12  -6
15  -5
14  -2
13  -2
12  -4
13  -4
11  -2
12  -2
16  -8
14  0
12  -9
14  2
12  -6
13  -2
12  -8
13  1
12  -7
11  -4
13  -1
14  -2
12  -3
14  1
10  10
14  0
14  -5
12  -7
16  -7
10  7
13  1
12  -7
9  5
15  -9
13  -5
10  10
12  -7
16  -3
13  -4
10  2
13  -2
9  1
15  -6
14  -5
12  -2
7  5
11  -5
14  -3
12  -8
14  -5
12  -7
11  -10
12  -9
15  -4
13  1
14  -1
13  -6
11  -4
14  2
15  -10
12  -9
10  7
12  -8
14  -3
15  -10
12  -5
12  -9
11  -4
16  -8
13  -5
16  -7
12  -9
14  -4
13  -5
14  -2
11  -8
16  -7
14  -5
14  -5
11  -4
13  -7
14  2
17  5
12  -9
14  -3
10  10
13  -7
12  -5
10  9
16  -4
10  9
12  -8
12  -10
12  -5
14  -3
12  -9
14  -1
13  1
14  0
15  -3
11  -5
11  -4
9  3
11  -9
11  -5
12  -10
14  -3
14  -2
16  -6
12  -7
17  1
11  -8
8  0
14  1
12  -3
12  -5
13  -3
12  -4
12  -9
14  -5
15  -9
15  -3
13  -6
12  -5
15  -5
11  -4
14  -5
12  -5
13  -3
11  -2
13  -1
14  -4
15  -5
17  -2
14  0
12  -8
12  -2
9  0
10  4
13  -2
14  0
11  -8
13  -3
15  -3
13  -2
14  -6
16  -6
14  -1
15  -3
11  -8
13  0
15  -6
11  -3
16  -8
16  -6
13  -7
10  9
13  1
12  -8
11  -5
11  -5
14  1
13  -7
11  -10
16  -5
14  -1
14  -2
16  -9
15  -3
14  -1
15  -4
12  -10
10  4
17  1
12  -2
16  -4
11  -10
16  -7
12  -4
13  -3
13  -1
11  -10
11  -10
13  -5
13  -6
13  -5
13  1
14  1
11  -9
15  -6
11  -3
13  -2
12  -5
14  0
11  -2
14  -2
16  -3
14  0
8  -6
13  -1
15  -9
11  -6
15  -7
14  0
14  2
15  -4
16  -6
10  2
16  -8
14  -4
10  9
11  -7
15  -3
12  -3
11  -2
12  -10
12  -5
13  -7
16  -5
14  0
11  -9
12  -7
15  -3
9  -1
9  6
15  -8
13  -2
