13  -2
14  7
13  1
18  4
12  1
17  2
17  2
13  1
16  -2
16  -5
15  7
15  7
15  0
13  -1
14  3
16  1
16  -4
12  1
16  -2
14  10
13  0
15  3
15  5
15  8
16  1
15  1
13  -6
13  0
14  6
14  6
16  -5
14  3
16  -2
16  -3
14  5
16  2
15  5
13  -3
18  10
14  11
13  0
16  -1
13  2
14  10
13  -4
16  0
14  8
15  4
13  1
15  4
16  1
12  2
11  -4
16  2
15  0
14  8
14  6
14  3
15  1
13  -3
15  7
17  -3
14  5
17  -4
17  -2
16  -4
14  3
16  -1
14  3
15  7
14  8
16  1
16  -4
11  -1
15  8
15  6
16  -3
15  6
15  0
15  8
16  -3
15  4
16  -1
14  4
13  -2
14  9
12  -1
16  -3
14  7
15  2
12  2
15  1
12  5
15  3
16  -6
14  8
12  3
15  2
16  1
13  -4
15  1
15  0
15  6
15  7
13  1
19  -1
13  2
15  6
13  -1
15  1
14  11
18  6
16  1
13  -6
13  -5
14  11
14  11
15  7
18  10
15  0
16  -4
14  3
13  2
15  6
12  -1
14  10
16  -4
16  -2
14  8
14  8
15  5
14  10
12  7
15  5
15  5
14  3
17  -3
14  8
15  3
17  3
15  0
15  7
16  0
13  -6
11  -3
12  -1
16  -4
12  2
13  -1
13  -5
13  -3
17  -2
17  -4
17  -4
14  11
12  6
15  6
14  4
14  10
16  2
16  -4
13  -3
12  2
14  8
16  1
13  1
12  0
15  1
12  7
12  5
13  -3
14  10
13  2
15  3
16  -1
15  7
13  -1
14  5
12  2
16  -2
15  7
15  3
13  1
14  3
13  0
16  0
14  6
16  0
15  0
14  11
13  -1
17  -3
14  3
16  -1
16  -2
14  3
14  6
14  8
16  -1
14  3
13  -1
15  2
13  -2
13  -2
13  1
15  2
14  5
16  -2
15  4
15  3
13  -4
15  2
15  4
14  5
14  9
15  8
13  2
15  0
16  0
14  9
14  7
15  2
18  10
13  -3
16  -5
14  4
16  -3
16  -5
12  4
13  2
14  11
15  4
16  -3
15  4
13  -2
14  11
15  1
18  5
14  8
14  3
15  3
15  0
14  4
18  9
16  -3
15  5
11  -7
16  0
15  5
17  3
15  0
14  10
15  0
15  1
14  9
16  1
17  -2
13  -3
15  7
15  4
15  4
14  3
13  -6
14  10
15  6
13  -5
14  7
15  5
14  10
15  2
13  0
12  0
14  5
16  2
13  -1
12  6
16  -5
12  1
13  -6
15  1
12  7
15  6
13  -3
18  9
14  4
15  1
17  -4
13  0
15  6
16  1
16  -3
13  -3
15  4
14  3
12  -1
17  -4
19  0
16  -2
18  2
15  5
15  3
13  -3
13  -5
11  -2
14  7
16  -5
15  3
13  -1
15  5
15  7
16  -2
15  4
14  10
13  2
12  0
15  5
14  5
14  4
14  7
16  -4
15  6
14  9
17  -1
14  11
13  0
17  -4
14  4
10  0
15  0
15  5
13  -5
13  -4
15  7
17  -3
14  9
18  5
14  11
16  1
15  8
14  4
15  2
14  8
16  -5
13  -2
14  9
16  -3
17  -1
16  -6
14  6
13  -3
16  1
17  0
17  -1
16  -6
13  -6
15  6
12  4
15  8
14  9
15  1
12  4
14  4
16  -3
16  2
14  5
16  -4
14  9
13  -5
12  -1
16  -3
17  4
16  0
12  0
15  4
15  6
16  -6
12  5
13  -3
14  8
15  1
17  4
15  2
13  -5
14  8
14  5
13  -3
15  7
14  10
16  -1
16  -3
14  7
13  -3
18  8
16  -6
12  0
14  4
16  -1
15  1
14  9
15  0
13  2
15  8
16  -3
15  6
14  6
14  6
15  1
13  -1
17  3
11  -8
15  5
14  8
15  0
15  3
12  0
15  0
13  -4
13  -6
14  6
14  5
14  11
16  -4
14  9
14  7
12  0
12  5
13  -2
13  2
14  4
13  2
16  0
15  0
15  0
14  3
15  6
16  2
15  2
13  -1
16  -6
17  3
13  -4
16  -5
15  0
12  4
13  -4
15  5
13  -6
15  5
16  -2
13  0
15  6
12  -1
14  10
13  -1
14  6
14  10
15  4
14  10
16  -1
14  6
13  -3
14  4
16  -1
17  -3
15  6
15  3
12  5
16  -3
16  0
15  7
13  -2
15  0
15  0
14  11
17  2
11  -1
15  1
18  8
15  5
16  -6
13  -4
18  4
14  10
13  -2
13  2
15  6
16  -5
17  0
14  9
13  -2
18  6
14  7
14  7
18  2
15  4
14  10
14  7
15  5
15  8
17  3
11  -1
14  8
15  8
15  7
16  -5
14  11
15  4
14  9
13  2
16  2
14  5
12  2
14  8
15  0
11  -2
10  4
14  6
17  -2
13  -1
17  -2
13  -6
14  4
14  9
15  3
15  1
15  8
13  2
14  11
16  -1
19  -2
16  -6
12  0
15  2
13  -5
15  0
15  4
13  2
13  -6
16  1
14  10
14  3
12  0
15  0
18  10
13  -3
15  4
13  2
14  6
16  2
15  1
17  -4
15  1
15  5
16  -2
15  1
12  2
13  0
15  3
15  4
14  3
14  8
13  0
15  8
16  -4
13  1
15  6
14  5
15  3
14  10
15  1
13  -6
14  7
15  7
15  8
14  4
14  11
16  1
16  1
14  11
18  8
14  6
16  -6
16  -6
15  5
13  -4
15  6
14  10
12  3
14  4
14  10
17  -4
15  3
16  -4
16  -1
14  11
14  5
15  5
14  6
15  1
13  -2
16  -5
14  11
14  5
15  6
15  2
16  -4
15  4
11  -2
12  4
12  1
16  -4
14  4
17  0
16  0
15  4
15  6
14  3
12  2
16  -5
15  3
15  7
15  0
16  -4
14  5
17  4
14  8
16  -3
14  11
15  4
15  1
14  7
18  5
14  3
14  7
14  7
15  0
15  5
15  2
14  6
13  2
14  10
14  5
12  -1
12  0
14  8
15  2
15  6
16  -1
15  4
12  6
13  -4
15  5
14  7
14  3
16  -4
14  9
14  4
16  2
14  4
15  3
15  6
15  7
14  8
15  1
13  -5
12  7
13  0
14  8
14  4
13  -1
15  6
13  0
13  -6
12  4
14  4
12  5
15  6
12  3
11  -1
12  4
15  2
18  2
14  7
15  6
16  -6
15  8
12  3
15  2
16  2
15  7
16  2
18  5
16  0
13  -2
18  8
13  -2
14  5
13  2
16  1
16  -2
17  2
15  2
11  -6
17  2
16  -3
13  2
12  0
14  5
13  -3
18  2
13  2
17  0
13  -1
14  8
14  11
17  -1
16  -2
16  0
16  -5
15  2
14  9
13  -4
14  4
14  6
15  3
13  2
15  3
14  4
13  -6
14  3
13  -4
18  8
17  -1
14  11
15  3
17  2
13  2
16  -1
15  8
16  0
15  2
14  7
13  2
18  8
17  4
13  -6
12  7
16  -3
13  -4
10  -2
13  -5
18  8
15  7
14  8
15  6
15  7
16  2
16  1
11  -4
16  2
14  6
14  6
16  1
16  -4
16  -6
14  3
13  -6
13  -1
17  2
16  0
14  8
15  0
18  4
14  8
14  5
13  -1
17  0
14  8
15  5
17  -2
13  -3
15  5
16  1
13  -6
12  2
16  -6
14  6
14  4
14  6
15  0
12  2
14  3
14  7
14  5
14  11
13  1
15  8
17  2
15  2
17  0
14  10
12  1
14  10
14  6
13  1
14  5
12  3
11  -2
16  -6
15  8
13  2
13  -5
16  -2
14  5
13  -6
15  4
14  3
16  1
14  7
13  -6
13  -5
12  1
16  -2
14  10
13  1
15  7
15  3
16  -5
13  -4
15  3
15  6
13  0
16  -4
15  2
14  7
17  0
15  1
15  2
14  5
16  1
17  2
16  2
14  9
16  -3
15  2
16  0
11  -3
15  8
13  -3
14  11
11  -4
14  6
15  8
12  7
18  8
13  0
17  1
16  -1
14  6
16  0
14  9
15  2
11  -4
15  7
16  0
15  8
13  -2
15  3
17  3
14  6
13  -5
17  -4
13  1
16  -3
13  -6
14  6
12  4
14  7
16  -3
14  10
14  5
16  -1
13  -2
13  -6
14  4
14  8
15  3
12  3
16  -1
15  6
12  3
14  7
14  3
16  -2
14  4
13  -2
12  6
13  -3
14  4
14  11
15  2
16  -5
16  -6
14  9
15  3
17  0
17  -1
15  8
16  -1
16  -5
13  -3
18  2
16  -1
13  -4
15  5
13  -1
16  1
15  1
15  6
18  3
17  0
16  0
17  4
15  8
13  -4
17  3
17  2
16  -4
16  2
16  -3
15  0
13  1
15  1
16  -5
13  1
18  4
15  1
13  2
16  -5
15  2
12  7
15  3
15  3
16  0
16  -1
16  1
18  2
14  6
14  4
14  11
14  11
13  0
14  4
15  7
17  -3
16  1
13  -1
15  1
14  6
16  2
16  0
14  3
16  0
14  5
14  3
14  11
15  8
15  5
15  4
15  2
15  5
15  6
14  7
17  -3
13  1
14  5
14  8
15  2
12  -1
18  8
12  7
15  2
16  -6
15  0
14  10
13  0
16  2
11  0
14  6
12  5
14  6
16  -4
16  1
14  9
17  1
12  -1
16  2
15  8
14  7
13  -3
