3  6
2  -3
2  3
3  4
3  6
2  -3
2  -2
3  8
3  10
2  2
3  0
2  -4
3  9
3  11
2  -4
3  1
3  10
3  11
3  3
3  10
3  10
1  2
2  6
3  5
3  0
2  -2
3  5
2  -1
3  1
2  1
3  4
2  -4
3  1
3  11
3  9
3  4
3  8
1  6
3  9
3  11
3  9
2  6
3  5
3  3
2  -5
1  10
1  10
3  4
2  -3
2  -5
3  1
3  3
3  9
2  -6
2  2
3  8
2  6
2  -3
2  -3
2  3
3  10
2  -2
3  6
3  1
2  2
3  8
3  0
3  6
3  6
3  4
3  10
3  8
2  -4
2  0
3  3
3  5
3  7
3  4
2  3
3  7
3  2
3  7
2  0
1  4
2  2
2  4
3  6
3  2
3  9
3  1
3  2
2  3
3  1
2  2
2  -2
2  -6
3  10
3  1
2  4
3  9
2  0
2  -3
3  11
2  6
3  8
3  11
2  4
2  -4
2  -4
3  9
2  -3
3  9
2  3
3  12
3  12
3  10
3  7
2  4
3  4
3  4
3  4
3  3
3  9
3  2
3  7
2  -1
3  8
2  1
2  5
3  6
3  0
3  0
2  4
3  5
3  10
1  3
2  1
2  4
3  9
3  1
3  2
2  5
3  0
3  5
3  9
3  4
3  11
3  7
2  3
3  11
3  8
3  7
3  4
2  1
3  3
1  0
2  5
3  10
3  3
3  1
3  3
3  5
3  1
1  2
3  7
3  6
2  2
3  0
3  9
2  3
1  1
1  1
3  3
2  -3
2  3
3  0
1  5
2  -6
2  -3
3  2
2  0
2  3
2  4
3  12
3  10
3  6
3  7
3  3
3  11
3  9
3  5
2  2
3  9
2  0
3  9
1  6
3  5
2  5
2  -3
3  10
2  6
2  1
2  2
2  0
2  -6
2  -6
3  4
2  -6
3  9
3  3
3  7
3  0
3  2
2  3
3  12
3  3
3  0
2  1
2  1
3  1
3  2
2  3
1  4
3  1
1  0
3  7
3  11
2  -6
3  3
2  4
3  7
3  12
2  -4
3  12
3  6
3  0
2  -6
1  2
2  2
2  5
3  6
3  3
2  0
3  7
2  -2
3  11
2  0
2  1
3  12
3  12
3  6
2  -1
3  4
3  2
2  2
2  -2
3  7
3  11
3  5
2  -6
2  2
3  6
2  2
2  2
3  0
2  -5
2  -5
2  4
2  2
3  7
3  7
2  -1
2  4
2  -1
2  1
2  0
3  0
3  11
3  9
3  5
3  11
2  1
3  11
2  -2
3  3
3  9
3  10
1  8
3  0
2  0
1  7
3  9
2  -1
2  1
3  0
3  1
3  8
2  -1
2  -3
2  3
3  0
2  5
3  0
2  -5
3  7
2  -6
3  1
3  7
2  -6
1  -1
3  10
2  6
2  -4
3  8
2  -2
2  4
2  -4
3  4
2  6
3  1
3  3
3  12
3  5
3  3
3  11
2  -5
3  10
3  6
3  8
3  5
2  -6
2  2
2  -2
2  -5
3  7
2  -3
3  0
3  3
3  0
3  9
2  -2
3  2
3  8
1  -2
2  5
3  0
3  7
2  5
3  0
3  11
3  3
2  -3
3  1
3  8
2  0
3  9
3  10
3  8
3  12
3  2
1  8
2  1
2  -3
2  4
2  3
2  -2
3  4
3  4
3  6
2  -2
2  4
2  -2
2  -2
2  0
3  6
3  9
2  -3
3  9
3  12
3  10
3  8
2  3
3  8
3  3
2  4
2  3
3  3
2  1
2  -5
3  5
3  0
3  11
2  -2
2  -1
3  6
3  2
2  -5
2  5
3  5
3  5
3  11
3  0
2  -5
3  5
2  2
3  10
3  0
2  3
3  9
3  3
2  6
2  2
3  1
3  11
1  -1
2  -2
2  2
1  3
3  5
2  4
2  3
2  -6
3  0
3  6
2  -2
2  -6
3  12
3  3
3  0
3  9
3  4
3  7
2  -4
2  4
2  4
2  -3
2  0
3  11
3  12
3  6
3  7
3  8
3  9
3  7
3  11
3  7
2  2
3  7
2  6
2  2
3  6
3  3
2  5
3  4
3  12
3  3
2  3
3  6
2  -2
2  0
3  11
3  3
2  1
3  0
3  9
2  -2
3  8
3  5
3  8
3  0
2  -2
2  -3
3  6
3  1
3  1
2  6
1  -1
3  0
3  3
3  9
0  0
3  5
3  8
2  6
2  -1
3  1
3  2
3  5
2  -4
3  0
3  9
3  9
3  4
3  11
3  7
2  0
3  9
3  6
3  5
3  7
2  -5
3  8
2  -5
3  0
3  12
2  6
3  12
3  9
2  3
3  1
3  7
3  6
2  -4
2  -1
2  3
2  1
3  10
2  0
3  0
3  4
3  7
3  3
2  -4
3  2
3  1
2  3
3  9
3  12
3  2
3  4
3  3
3  1
3  12
2  4
2  -1
3  1
3  5
3  4
3  7
3  8
2  1
3  1
2  1
2  3
3  5
3  4
2  -5
3  3
3  12
3  4
2  6
3  6
2  0
2  -2
3  9
3  10
2  -4
3  11
3  5
2  0
2  0
2  2
3  3
3  2
2  0
2  -1
3  2
3  2
3  1
2  -5
2  -6
3  8
1  -2
2  0
2  -6
3  4
1  10
3  1
2  -5
3  3
2  -3
3  12
3  4
2  2
2  -4
3  9
1  7
3  0
2  -3
3  12
2  -3
3  10
2  1
2  0
2  2
2  -2
3  0
3  12
3  7
2  0
3  10
2  -2
3  3
2  4
2  -6
3  9
3  10
1  0
2  -6
3  1
2  -3
2  -4
3  11
2  0
3  2
2  0
3  7
2  5
2  -1
3  9
3  6
2  -4
3  3
2  -2
3  5
3  1
2  -5
1  2
2  -6
2  -6
3  8
2  4
3  2
1  5
3  9
3  6
3  1
2  -1
2  -1
3  4
3  1
3  11
3  4
2  -2
3  0
1  4
3  3
3  0
2  -3
3  1
3  2
2  -3
2  5
3  8
2  3
2  -2
2  -1
2  -4
2  0
3  12
3  12
2  2
3  12
3  1
3  0
3  1
3  0
3  2
3  7
3  11
3  5
3  1
2  -5
2  -4
2  -3
2  -3
2  1
3  12
2  4
3  4
2  2
3  3
2  1
3  11
2  5
2  -6
3  1
3  2
3  8
2  0
3  0
3  7
2  6
3  7
2  -5
3  2
2  6
3  1
2  -6
3  1
3  8
3  0
3  7
2  2
2  5
2  4
3  7
3  3
2  5
3  2
3  6
3  8
3  5
2  2
3  0
3  7
0  0
3  0
2  0
2  5
1  2
1  -2
3  0
2  -1
2  6
3  3
2  -5
3  12
3  10
3  4
2  -6
3  9
2  6
3  12
3  0
2  4
2  -2
3  4
2  -5
2  -1
3  7
3  9
2  -2
3  0
3  7
2  4
3  11
2  1
3  9
3  8
2  1
3  6
3  7
3  11
2  4
3  11
3  5
2  1
3  4
2  3
3  3
3  7
2  -3
2  -4
2  -5
2  1
3  10
2  -4
3  3
2  1
3  11
3  9
2  6
2  -4
3  12
2  4
2  1
2  4
3  7
3  1
3  7
3  12
3  6
2  -6
3  9
3  11
2  6
2  -2
2  4
3  6
3  5
2  4
3  9
3  9
3  4
3  9
3  12
2  -5
3  12
3  12
3  10
3  6
2  -6
3  12
3  7
3  6
3  0
3  5
2  6
3  3
3  11
3  0
3  3
3  2
2  -1
2  2
1  7
2  -6
3  11
3  10
3  9
2  2
3  4
3  12
3  8
2  4
3  11
3  9
2  -6
2  -5
3  6
3  9
1  6
2  2
3  2
3  3
3  6
2  2
3  11
3  10
3  3
3  11
0  3
3  3
3  0
3  2
3  6
3  4
3  11
3  2
2  1
3  2
2  -4
3  4
2  4
3  5
2  -6
3  9
3  4
3  2
2  2
3  3
3  5
3  10
2  -2
3  9
2  -2
3  4
2  4
3  4
2  4
2  -2
3  6
3  11
3  4
3  2
3  0
1  4
3  11
3  7
3  3
3  2
3  3
3  12
3  11
3  11
2  6
3  2
2  -4
3  4
3  10
2  -5
2  5
2  5
2  6
3  0
2  2
3  0
3  11
3  1
1  2
2  0
1  8
2  -2
3  0
3  11
2  -5
3  10
3  7
3  3
3  6
3  6
2  -4
2  -4
2  0
3  11
3  1
3  2
3  3
3  6
3  0
3  7
1  5
3  0
3  4
3  9
3  6
2  6
2  -2
1  9
2  0
2  2
1  8
3  4
2  4
3  4
1  10
3  4
2  1
3  6
3  5
2  -4
3  2
2  4
3  9
3  2
3  8
3  1
3  2
3  6
3  6
3  3
2  5
2  -2
3  0
2  -4
3  7
3  12
2  0
3  6
3  4
2  -3
2  -4
3  9
3  6
3  0
2  -2
3  2
3  0
3  2
2  -4
3  10
3  10
3  11
1  6
2  -4
3  7
3  9
2  2
2  -1
3  7
2  1
3  8
3  5
2  0
2  -4
3  3
2  -4
3  11
2  -1
2  -6
3  0
3  3
2  -6
2  -2
3  12
3  6
3  10
2  -4
1  9
