11  7
12  -3
4  1
5  -1
7  -6
10  1
10  1
8  -2
5  0
9  7
12  -3
9  7
9  6
7  -7
11  6
8  -1
6  -7
10  -1
9  8
9  6
9  8
9  6
10  0
8  -2
10  0
10  -1
7  -8
11  6
9  8
8  -2
7  -8
11  5
5  0
9  6
7  -7
4  0
8  -1
9  8
11  5
9  6
10  -1
3  4
9  6
8  -2
8  0
11  7
3  3
6  -6
9  7
12  -2
8  -2
10  0
7  -8
9  8
8  0
10  1
8  0
9  8
6  -7
11  6
8  -2
6  -5
7  -8
7  -6
10  1
9  7
10  0
7  -8
8  0
9  7
6  -7
4  2
6  -7
7  -7
8  0
9  7
11  6
7  -8
7  -8
10  1
7  -7
9  6
12  -2
5  0
9  6
8  0
9  7
7  -6
10  1
12  -4
10  1
7  -7
8  -1
6  -5
6  -7
6  -5
13  -2
8  -2
10  0
11  7
9  6
8  -2
10  -1
7  -8
7  -7
10  -1
7  -7
6  -7
7  -7
9  8
8  -2
8  -2
7  -7
8  0
12  -3
8  -2
8  -2
11  7
8  -1
8  0
4  1
9  7
10  0
9  8
10  -1
7  -8
10  1
10  1
8  0
10  1
6  -5
8  -1
6  -6
10  0
10  0
12  -4
10  0
11  6
11  7
11  6
8  -2
9  7
9  7
7  -6
10  1
10  1
7  -8
8  -2
7  -6
12  -4
12  -2
6  -5
6  -5
8  -1
10  1
8  0
9  7
10  0
9  7
8  -1
11  5
10  1
9  7
7  -6
10  -1
3  3
11  7
8  -1
10  1
4  2
8  0
9  7
8  -1
9  8
10  1
12  -4
7  -6
8  0
7  -8
8  0
12  -3
8  -1
8  -2
10  1
9  8
11  6
7  -8
8  -2
13  -3
6  -7
8  0
8  0
9  7
9  8
10  1
9  7
7  -6
6  -7
11  7
9  8
9  8
8  -1
11  7
5  -1
8  -2
11  6
8  -1
11  7
8  -2
8  -1
10  -1
7  -7
10  -1
10  0
9  7
10  1
8  -1
9  7
7  -7
7  -7
8  -1
7  -6
10  -1
9  7
9  7
11  7
10  1
8  0
13  -4
9  7
9  8
7  -6
11  7
12  -4
4  2
7  -7
7  -7
10  1
6  -6
7  -8
8  -2
8  -1
11  6
8  0
9  6
8  -1
8  -2
9  8
8  0
8  -1
7  -7
10  1
5  -1
7  -6
10  -1
6  -7
8  0
10  -1
6  -7
10  0
9  7
4  2
6  -7
9  6
8  -1
8  -1
6  -5
9  6
6  -6
9  6
6  -6
9  8
11  5
7  -7
7  -7
10  -1
7  -8
8  -1
3  4
8  -2
9  7
8  -1
8  -2
9  7
9  6
7  -6
7  -7
8  -2
8  -2
10  0
11  7
10  1
9  7
9  8
9  8
12  -4
9  7
8  -1
5  -2
9  7
10  1
10  0
8  -2
8  0
9  8
3  3
10  -1
9  8
6  -7
8  0
10  1
11  5
9  6
7  -8
9  8
10  0
7  -6
6  -7
9  6
10  -1
7  -6
9  8
7  -6
11  7
10  -1
8  -2
9  6
10  0
11  7
7  -7
9  8
12  -4
7  -6
7  -7
8  0
9  7
11  7
9  6
6  -5
8  -1
9  6
9  6
9  6
9  7
9  8
8  0
8  -1
10  1
7  -7
6  -5
6  -5
10  -1
9  7
10  1
7  -8
11  7
9  8
5  -1
7  -6
10  0
8  0
9  6
9  8
6  -5
9  6
8  0
11  5
6  -6
6  -6
7  -8
6  -6
9  7
8  0
12  -2
8  0
10  1
9  6
8  -1
5  -1
6  -7
11  5
7  -7
8  -1
8  -2
8  -2
10  1
7  -8
9  8
9  7
5  0
8  -2
8  -2
7  -7
8  0
12  -2
6  -5
5  -2
8  -1
8  0
7  -7
7  -8
8  0
8  -2
6  -7
7  -8
9  6
9  6
7  -6
11  6
7  -6
9  8
8  -2
8  0
8  -1
10  1
7  -7
11  5
8  0
7  -6
8  -2
8  0
10  0
11  6
9  8
10  -1
9  7
9  6
10  1
6  -6
9  8
7  -6
6  -7
9  7
7  -6
11  7
7  -7
8  -2
7  -7
12  -4
10  -1
10  0
11  7
5  -1
6  -6
6  -6
7  -6
8  -1
10  -1
8  -1
7  -7
9  7
10  1
9  7
7  -7
8  -1
10  1
10  1
10  1
5  -1
11  5
7  -6
8  -2
9  7
11  6
7  -8
10  0
8  -1
9  7
13  -2
8  -1
7  -8
12  -2
9  8
10  -1
8  -1
6  -6
7  -7
6  -5
10  1
12  -2
10  1
6  -7
10  -1
8  -2
11  5
9  6
8  -1
8  0
9  6
6  -6
10  -1
9  6
7  -7
8  -2
9  7
9  7
8  -1
10  -1
5  -1
7  -7
9  7
8  -2
8  -2
9  8
6  -5
9  8
7  -6
8  0
10  0
11  5
8  0
6  -6
8  0
9  7
7  -7
7  -7
9  8
9  7
8  -2
6  -6
7  -7
7  -7
11  7
10  -1
11  5
12  -2
9  6
8  0
10  0
12  -3
8  -1
12  -4
10  1
6  -6
11  5
8  -2
8  0
8  -2
9  7
7  -7
7  -8
11  7
5  0
10  0
8  -2
6  -7
6  -6
11  6
7  -8
9  7
9  7
9  6
4  1
8  -1
11  7
10  -1
9  6
6  -7
5  -1
9  6
7  -7
11  5
7  -7
7  -7
7  -7
8  -1
7  -8
10  1
4  2
9  6
9  6
5  -2
6  -6
11  7
9  6
10  -1
7  -6
7  -6
10  1
9  6
6  -7
7  -7
9  7
5  -2
10  0
11  6
8  -2
9  6
8  0
10  0
7  -8
8  -2
7  -8
9  6
8  -1
10  0
8  0
6  -7
12  -3
3  5
10  0
10  0
8  -1
11  7
10  0
8  -1
7  -6
8  -1
10  0
8  -1
8  -1
10  0
7  -7
8  -1
9  6
9  6
6  -7
8  0
7  -6
8  -1
4  0
7  -8
8  -1
11  6
5  -1
9  8
10  1
9  6
10  0
10  -1
8  -2
10  0
8  -1
7  -8
8  -2
8  -2
10  1
5  -1
5  -2
5  0
10  -1
9  6
7  -8
10  -1
9  8
7  -8
7  -6
8  -2
5  -2
9  6
8  -2
10  -1
10  0
10  0
9  8
9  7
6  -6
8  0
7  -6
11  5
13  -2
9  6
11  5
9  8
3  5
8  0
8  0
3  4
11  5
8  -1
7  -6
9  7
6  -7
11  7
7  -8
10  1
10  -1
7  -8
8  -2
9  6
12  -3
8  -2
7  -7
10  1
10  0
9  8
8  -2
7  -6
12  -3
9  8
10  1
12  -4
7  -8
7  -7
4  2
11  6
12  -3
10  1
10  -1
9  8
9  6
12  -3
8  0
9  6
6  -7
7  -7
13  -3
8  -1
9  8
9  7
6  -5
8  -2
8  -1
10  1
10  1
10  -1
6  -6
10  0
5  -2
9  8
9  6
9  6
3  5
9  8
8  -2
8  0
10  1
7  -6
8  -2
7  -8
8  0
4  1
13  -2
9  6
8  -1
9  6
8  -2
8  -1
8  -1
5  0
5  -2
10  -1
11  7
11  7
8  0
7  -6
6  -6
10  0
10  1
9  6
5  -1
9  6
7  -8
9  7
12  -3
8  -1
7  -6
11  6
8  0
10  0
10  -1
8  -2
12  -2
12  -4
10  1
10  -1
5  0
11  6
7  -6
11  7
8  -2
9  8
10  -1
10  -1
8  0
10  0
6  -7
10  1
6  -5
12  -4
10  -1
9  8
11  5
8  -2
9  6
9  6
12  -3
8  -2
10  1
8  0
8  -1
10  0
8  -2
10  0
8  -2
8  0
9  8
8  -1
8  0
9  8
10  -1
7  -8
7  -8
5  0
10  -1
9  7
9  7
6  -7
9  7
10  -1
11  6
9  7
8  -2
7  -7
10  1
11  7
8  0
6  -7
10  0
7  -6
9  7
5  0
5  0
8  -1
7  -7
11  7
8  0
8  0
8  0
6  -7
9  6
10  1
5  -1
10  -1
7  -7
9  6
10  0
9  8
11  6
9  7
9  7
9  8
9  6
7  -7
7  -6
6  -6
7  -6
6  -7
7  -6
9  8
14  1
11  6
6  -7
8  -2
7  -8
11  7
6  -6
7  -8
12  -3
8  -1
8  -1
7  -6
8  -1
8  -2
8  -1
9  7
11  7
9  6
9  8
9  6
10  1
8  -1
7  -7
6  -5
6  -7
7  -8
11  7
8  -1
8  -2
8  -1
10  0
9  6
8  -2
11  7
10  0
8  -1
8  0
9  6
12  -2
8  -1
10  -1
8  0
9  8
9  7
8  -1
8  -2
8  -2
8  -2
8  -2
8  0
10  -1
6  -5
6  -6
9  7
9  6
9  8
7  -7
11  6
10  -1
8  -2
8  -2
7  -7
8  -2
10  -1
9  7
5  0
6  -5
10  -1
9  6
9  7
12  -2
9  7
10  1
7  -7
9  6
7  -6
7  -7
9  7
12  -3
7  -7
9  6
9  8
8  -1
10  -1
8  -1
8  0
12  -4
8  -1
6  -6
6  -5
10  1
8  -1
6  -6
11  7
8  -1
7  -7
11  6
10  -1
6  -7
6  -5
7  -8
11  6
8  -1
8  0
9  8
7  -8
6  -6
6  -7
6  -5
7  -7
5  -1
11  7
8  -2
11  7
10  1
9  6
6  -6
9  7
10  0
12  -2
6  -7
8  -2
8  -1
7  -6
10  1
8  0
8  0
9  7
10  0
12  -4
7  -8
11  7
8  -1
10  0
10  1
9  6
8  -2
9  7
9  6
7  -7
9  7
7  -6
7  -6
8  -2
8  -1
11  7
8  -2
5  -1
7  -6
12  -2
