4  2
4  4
4  -4
4  1
4  2
3  -8
3  -10
4  3
3  -5
4  -1
2  4
4  -1
4  -4
4  -1
4  -1
4  1
4  4
4  1
3  -6
4  2
3  -6
4  1
4  -4
4  3
3  -5
4  1
4  -2
3  -3
3  -10
4  -1
3  -7
4  -3
4  1
4  0
4  -1
4  3
4  -1
3  -7
4  3
3  -10
4  3
4  -1
3  -9
4  1
4  -4
4  -2
3  -10
3  -3
3  -7
4  2
4  0
3  -7
4  4
4  4
4  1
4  -1
4  2
4  -1
4  -1
4  -1
4  3
4  4
3  -4
4  -3
4  0
3  -10
4  -1
4  -3
4  -2
4  3
4  0
3  -3
4  -2
4  2
4  1
4  2
4  -1
3  -6
3  -6
4  -4
4  -1
4  1
3  -9
4  -1
3  -8
4  -1
4  -1
3  -2
4  -2
4  2
4  -1
3  -3
4  3
4  2
4  1
4  3
3  -9
4  -4
4  0
3  -8
3  -4
4  0
3  -8
4  -3
4  0
3  -8
4  4
4  3
4  1
3  -9
4  -4
3  -7
4  -3
4  2
4  -2
3  -5
4  1
3  -2
3  -10
4  0
4  4
3  -3
3  -8
4  -1
3  -2
4  2
3  -8
4  -4
4  -1
4  -2
3  -3
4  2
4  0
3  -3
3  -8
4  4
4  2
3  -7
4  -2
4  3
4  -4
4  0
4  -3
4  -3
4  0
4  2
4  -1
3  -4
4  0
4  -3
4  4
3  -7
4  -1
3  -4
3  -4
4  0
3  -9
2  0
3  -10
4  3
3  -9
3  -4
4  3
4  -4
4  4
4  2
4  -2
4  -4
4  -1
3  -6
4  3
4  1
3  -4
4  -2
3  -8
4  1
3  -8
3  -2
3  -10
4  -2
4  2
3  -5
4  3
4  1
4  1
4  4
4  -4
4  -4
3  -3
3  -7
4  3
4  4
4  -3
4  -3
4  -1
4  -2
4  -2
4  2
3  -8
3  -3
3  -10
4  1
4  -2
4  3
4  4
4  4
3  -9
3  -5
4  -1
4  0
4  -2
3  -4
4  4
4  4
4  1
3  -3
4  -4
4  -2
4  1
4  -2
4  -2
4  -3
3  -6
4  -1
3  -2
4  2
4  -3
4  -3
4  0
3  -4
4  0
3  -8
4  2
3  -3
3  -3
3  -4
3  -7
4  3
3  -3
4  3
4  4
4  -4
4  -3
4  4
4  1
4  -2
3  -8
4  2
3  -9
3  -9
4  -2
4  -3
4  4
4  -2
3  -7
4  -2
3  -9
4  -3
4  0
4  2
4  -2
4  -1
3  -10
4  -4
3  -2
3  -10
2  1
4  -4
3  -9
4  4
4  0
4  -3
3  -3
3  -3
3  -9
3  -3
4  0
4  4
4  4
2  5
3  -10
3  -9
4  3
3  -2
3  -2
4  0
4  0
3  -8
3  -2
4  -2
4  -1
4  1
4  -3
3  -8
4  2
4  3
4  -4
4  0
4  -2
4  1
3  -10
4  0
3  -2
3  -3
4  -4
4  3
4  -3
4  4
4  -2
4  -2
3  -10
3  -9
4  0
4  2
4  -1
4  2
4  3
3  -10
3  -4
4  -1
4  4
4  -2
4  2
4  -4
4  1
4  -4
4  3
3  -9
4  -4
4  -3
4  0
4  -1
4  4
4  -3
3  -4
4  1
4  4
2  5
4  -3
4  0
3  -8
3  -7
4  3
4  2
4  -4
4  2
4  -2
3  -6
4  0
4  -3
3  -7
3  -6
4  -4
4  1
2  5
4  2
4  2
3  -2
4  0
4  2
3  -4
2  7
4  2
4  -2
4  -2
4  -1
3  -8
4  3
3  -3
4  -4
4  -4
4  -4
3  -3
4  -1
3  -3
4  4
3  -5
4  3
4  3
3  -6
4  1
4  -3
2  1
4  3
4  1
4  4
4  -4
4  1
4  -3
4  1
4  -3
4  -3
4  -4
4  -1
4  1
4  4
3  -3
2  6
4  1
4  4
4  -4
4  -4
3  -9
4  -3
3  -10
4  -4
3  -10
4  4
4  1
4  -3
3  -3
4  -3
4  -2
3  -2
3  -7
4  0
3  -5
3  -2
4  -4
4  -3
4  3
3  -6
4  2
4  -2
4  0
2  -1
3  -3
4  0
4  3
4  1
4  3
4  -4
4  0
3  -3
4  -1
4  -3
4  -2
3  -8
4  2
3  -6
4  2
2  4
4  2
4  -4
3  -3
4  -1
4  3
4  0
3  -4
4  4
2  -1
4  -3
4  -3
3  -8
3  -7
4  -2
4  -1
3  -10
4  4
4  -1
4  -3
3  -8
4  -1
3  -7
4  2
4  4
3  -6
4  2
3  -2
4  -3
4  -2
3  -5
4  0
3  -6
4  3
4  1
4  -1
3  -6
4  0
3  -9
4  2
4  -2
3  -2
4  4
3  -10
3  -4
4  3
3  -4
4  0
4  4
4  3
4  -4
4  -4
4  -2
3  -10
4  -1
4  -1
4  -3
3  -6
4  -4
4  -3
3  -5
4  3
3  -3
3  -7
4  2
4  -1
4  -3
4  -1
4  -2
4  -2
3  -6
4  4
3  -4
4  1
4  1
2  1
4  -3
3  -2
4  -2
4  -1
3  -10
4  2
4  -4
4  2
3  -10
4  1
4  0
4  1
4  -4
4  -1
3  -7
4  -3
4  0
3  -10
3  -2
4  0
4  -1
4  -4
4  -4
3  -6
4  2
4  -1
4  -2
4  2
3  -7
3  -7
4  2
4  1
4  -2
3  -9
2  2
4  -4
4  -2
4  4
4  1
4  4
4  -1
3  -10
3  -7
4  1
4  1
4  4
4  -2
4  -3
4  -2
3  -5
4  1
4  3
4  1
4  2
4  2
4  -1
4  1
4  4
4  -3
3  -7
3  -4
4  -4
3  -4
4  -2
4  4
4  -1
4  1
3  -6
2  0
2  4
4  2
4  -1
4  3
4  4
4  2
4  4
3  -8
4  -4
3  -9
4  1
4  -2
4  2
4  3
4  4
4  -1
4  -4
4  0
3  -6
3  -9
3  -2
3  -4
3  -5
4  -4
4  4
4  -1
3  -5
4  4
4  -4
4  2
4  -4
4  4
3  -3
4  4
4  2
4  4
3  -7
4  0
4  -4
3  -5
4  3
4  -1
4  4
4  -2
4  4
3  -8
4  4
4  3
3  -6
3  -6
4  -4
4  -1
4  1
4  4
3  -7
3  -9
4  1
4  0
4  -2
3  -4
4  4
2  5
4  -4
3  -10
4  1
4  -1
4  1
4  2
4  1
4  -4
4  3
4  -4
4  -2
3  -9
3  -9
4  -4
4  1
4  -1
3  -5
3  -5
3  -4
3  -3
4  -1
4  3
4  2
4  -3
4  -3
3  -10
4  2
4  4
4  0
4  -3
4  -4
3  -7
4  2
4  -3
4  -3
4  4
4  -2
4  2
4  -4
4  -2
4  1
3  -2
3  -5
4  0
4  -1
3  -4
3  -9
2  6
4  1
4  -3
3  -5
4  3
4  4
4  4
4  -1
4  -1
4  3
3  -4
4  3
4  -2
3  -4
4  3
3  -4
3  -3
4  0
4  0
3  -6
4  0
4  2
4  -1
4  -4
3  -5
4  -1
4  -2
4  -3
4  -1
3  -3
3  -8
4  3
4  -3
4  -2
3  -8
4  1
3  -5
4  1
4  -4
4  -3
3  -7
4  3
4  4
2  7
4  -3
4  4
4  -4
4  1
4  -1
4  0
4  3
4  0
4  1
3  -2
3  -3
3  -7
4  -1
4  -2
4  0
3  -10
4  -1
4  4
4  4
3  -4
4  -1
4  -4
3  -10
3  -9
4  -4
4  -2
4  -4
3  -3
4  0
4  -3
3  -9
4  -2
4  -2
4  -3
4  0
2  2
3  -3
4  -1
4  0
4  -4
4  -2
3  -6
4  4
4  -3
4  -4
3  -8
3  -2
3  -6
4  -4
3  -10
3  -9
4  4
4  -4
2  3
4  -2
4  0
4  -4
4  0
3  -5
3  -8
4  2
4  2
2  0
4  4
4  0
4  -3
3  -10
4  -2
4  -4
4  2
4  -2
4  4
3  -8
4  3
3  -6
4  4
3  -2
4  0
3  -4
3  -7
4  -4
4  2
4  4
4  0
3  -7
4  -1
4  4
3  -10
4  -2
3  -4
4  0
3  -3
3  -7
4  0
4  1
4  -3
3  -9
4  -4
3  -6
4  3
3  -8
4  -1
4  -4
4  1
4  2
4  0
4  -4
4  0
3  -10
4  -3
4  -2
4  0
4  -2
4  1
4  3
4  1
3  -2
4  -1
3  -8
3  -3
4  2
4  1
3  -2
4  3
4  4
3  -5
3  -9
3  -7
4  -1
3  -6
4  2
4  0
4  -4
4  4
4  -1
4  3
4  -1
4  4
3  -10
3  -8
3  -2
4  3
4  -1
4  2
3  -9
3  -6
4  -3
3  -7
4  4
4  -2
3  -7
4  4
4  3
4  -3
4  1
4  4
3  -4
4  2
4  -4
4  1
4  -1
4  3
4  0
4  4
2  4
3  -4
3  -7
3  -10
4  4
3  -3
4  -1
4  -4
3  -2
3  -7
4  -3
4  -1
3  -9
4  -1
3  -3
3  -10
4  2
4  -2
4  4
4  2
2  3
2  6
4  1
3  -5
3  -2
4  -1
4  -4
4  4
4  1
4  3
3  -9
4  -1
3  -7
2  2
4  -3
4  -4
4  -2
4  -4
3  -5
4  4
4  -4
4  -4
4  2
3  -9
3  -4
4  -1
4  -3
4  2
4  -3
4  3
3  -2
3  -8
4  -4
4  -1
4  -2
4  -4
4  3
4  -1
4  -2
3  -4
3  -4
4  0
4  2
3  -9
4  1
3  -5
3  -5
4  1
4  4
3  -4
3  -5
4  -2
3  -3
3  -7
3  -3
4  1
4  3
4  2
4  1
4  -1
3  -7
4  -3
3  -10
4  -2
4  0
4  -2
4  1
3  -9
3  -2
3  -4
4  -4
3  -3
4  -3
4  -2
3  -4
3  -9
4  -2
