22  -5
22  -3
21  -1
23  4
22  -9
23  5
21  -2
21  -3
23  1
22  -4
21  -4
25  1
22  -6
23  7
25  -4
22  -8
22  -3
23  3
23  1
23  1
25  -3
23  6
22  -4
23  2
23  2
23  6
21  -1
21  -4
19  -6
20  1
20  0
23  3
21  -3
23  6
20  1
22  -9
24  8
22  -7
26  1
24  4
22  -9
26  3
23  4
23  1
22  -4
22  -7
23  7
22  -4
21  -3
24  5
22  -3
21  -6
23  2
25  -3
22  -8
23  5
22  -5
23  7
24  8
20  1
24  10
21  -4
23  7
25  -5
18  8
24  8
19  -5
22  -6
20  4
25  -1
21  -1
24  6
23  5
22  -3
22  -4
21  -6
25  1
27  6
23  2
22  -6
22  -8
24  4
20  3
20  3
24  7
23  7
23  2
23  4
24  5
21  -1
20  2
24  6
20  3
21  -3
20  4
21  -6
22  -6
21  -5
23  4
22  -4
23  5
23  5
22  -7
25  0
21  -3
23  4
23  5
21  -5
20  3
20  -2
22  -5
22  -3
21  -1
25  -4
20  -2
24  6
23  2
23  3
21  -2
24  9
23  3
24  6
21  -3
21  -2
23  6
19  -5
24  7
26  -1
22  -5
20  0
25  0
25  -3
20  -2
23  2
23  1
22  -3
23  3
22  -7
21  0
24  7
23  6
21  -5
24  10
23  4
20  -2
23  3
23  5
22  -4
20  0
23  1
25  -4
22  -8
20  -1
22  -9
22  -6
22  -5
21  0
21  0
21  -4
24  10
23  1
22  -6
25  -4
24  7
24  9
21  -1
23  2
21  -3
21  -6
23  4
23  2
21  -2
22  -3
22  -5
22  -9
24  9
24  10
23  6
26  -3
22  -4
21  -2
22  -3
22  -8
20  2
22  -8
20  0
24  4
21  0
25  -5
22  -3
22  -9
22  -3
22  -5
22  -5
20  -1
21  -1
25  1
20  0
24  9
24  7
21  -6
23  5
21  -6
22  -3
21  -2
22  -5
20  4
20  1
25  -2
24  4
23  5
19  -5
23  1
24  6
24  9
24  5
21  -5
23  7
23  1
22  -5
21  0
22  -5
26  -3
23  1
23  2
22  -6
23  5
21  0
20  4
23  7
22  -6
24  8
22  -5
21  -5
20  1
22  -9
23  4
22  -3
21  -5
21  -1
24  7
23  4
21  -2
22  -8
22  -4
24  7
22  -6
23  5
23  4
23  7
24  7
21  0
23  5
23  2
18  5
23  4
25  -1
21  -1
22  -6
23  5
23  3
22  -3
22  -7
23  7
21  -2
23  5
22  -9
23  6
20  -1
21  -4
21  -5
24  7
24  4
23  6
24  10
25  0
26  -2
21  -2
20  1
24  9
27  8
23  7
23  3
22  -6
21  0
22  -5
22  -5
23  1
23  4
24  9
22  -9
20  -1
24  5
23  4
21  -2
22  -8
24  10
24  7
20  3
23  3
22  -4
22  -7
21  -4
20  -1
22  -4
21  -3
22  -9
21  -1
22  -8
23  4
23  1
21  -2
24  7
22  -4
24  9
23  5
22  -7
23  1
20  4
23  6
23  6
21  -1
25  -5
25  -3
21  -1
21  -3
21  -4
21  -4
23  2
23  6
21  -5
23  7
26  0
25  1
21  -2
22  -3
23  6
22  -5
21  -3
24  5
21  -2
20  3
22  -4
22  -4
21  -3
22  -4
24  9
21  0
22  -4
23  6
21  -2
22  -9
21  -4
23  1
23  3
25  1
23  3
21  -4
24  8
25  1
22  -8
23  5
23  6
24  9
19  -4
22  -3
19  -9
22  -9
24  7
23  3
24  10
23  7
21  -1
21  -6
20  3
21  -2
20  4
21  -4
22  -5
23  5
22  -5
22  -4
21  -4
21  0
21  -3
19  -4
22  -5
22  -5
23  5
23  5
23  3
23  6
21  -5
26  1
24  8
20  -1
22  -7
20  4
22  -6
20  -2
23  6
22  -5
23  1
22  -3
19  -9
26  1
20  1
25  -5
24  5
22  -9
20  -1
20  4
21  -5
24  8
23  6
22  -8
22  -9
22  -4
22  -4
21  -3
21  -5
23  5
24  10
21  -1
20  1
23  5
25  1
23  5
23  1
24  4
24  4
20  0
23  2
23  4
21  -2
21  -1
21  -3
23  4
23  3
24  6
21  -6
22  -6
22  -6
21  -3
22  -6
23  1
22  -7
22  -3
21  -4
22  -4
23  1
24  7
22  -6
25  -3
22  -6
23  6
22  -6
21  0
23  4
22  -4
22  -5
25  -2
23  5
25  -4
26  0
23  6
21  -4
24  8
22  -6
25  -1
21  -4
21  -5
24  4
22  -6
22  -7
22  -7
23  4
24  10
20  0
22  -6
23  2
24  6
19  -5
22  -8
25  1
20  4
24  5
22  -5
23  3
24  7
23  6
21  -1
23  4
21  -1
22  -4
25  0
22  -4
20  1
20  -2
24  9
23  5
21  -1
23  5
25  -2
24  6
24  10
24  7
22  -5
21  0
20  1
24  10
22  -5
22  -6
20  4
22  -8
24  9
23  2
22  -8
22  -4
24  9
24  4
20  1
23  1
23  3
19  -3
20  2
21  0
23  6
20  2
19  -3
21  -3
25  -4
21  -4
23  2
24  9
23  1
24  9
21  -5
23  6
23  4
24  7
23  5
21  -6
23  7
23  6
19  -5
24  7
24  10
21  0
23  6
25  -3
22  -7
23  5
24  5
22  -3
20  2
19  -6
23  3
23  4
22  -9
21  0
22  -4
21  -2
25  -4
23  6
21  -3
23  5
24  5
23  5
22  -7
23  6
21  -3
22  -6
22  -4
22  -7
24  6
24  7
24  10
21  -5
24  6
22  -3
19  -5
19  -8
24  10
20  -1
25  1
24  10
23  1
24  4
22  -9
23  1
23  3
22  -5
21  -2
22  -6
20  0
25  -3
22  -4
22  -5
23  4
22  -7
22  -5
20  2
23  6
21  -4
23  1
23  1
22  -4
24  4
21  -3
23  4
21  -4
21  -6
24  10
22  -3
26  2
20  3
23  1
22  -4
22  -5
22  -6
25  -1
23  4
22  -6
24  6
22  -8
24  8
21  0
23  6
21  -5
23  2
22  -9
21  -1
25  -1
21  -2
22  -9
26  1
24  10
23  7
23  2
21  -4
22  -5
21  -2
20  0
22  -6
26  -1
25  -5
25  -4
23  7
19  -8
24  10
23  6
24  8
25  -2
23  5
23  7
23  4
23  2
23  2
22  -7
20  3
23  2
23  5
23  4
25  -3
23  2
21  -4
22  -7
23  6
25  -1
22  -5
23  7
21  0
22  -4
21  -1
20  3
22  -5
24  9
24  5
21  -2
21  0
20  0
24  8
22  -7
20  4
24  9
23  5
23  2
21  -2
22  -5
22  -8
21  -2
21  -6
22  -9
22  -8
23  2
22  -7
24  10
23  5
24  5
21  -2
21  -6
24  9
23  4
22  -3
24  6
23  1
20  -2
21  -2
24  9
22  -4
22  -6
22  -6
20  1
23  6
24  9
23  1
25  -4
21  -2
23  5
23  3
24  9
24  10
25  -4
21  -2
25  -5
23  3
22  -5
20  -1
22  -9
22  -8
23  3
23  2
23  2
21  -3
21  -5
20  0
25  -5
23  5
22  -6
25  -3
23  3
21  -3
23  6
21  0
24  6
21  -5
21  -6
21  -1
25  -3
22  -5
21  -5
23  7
24  8
24  7
22  -8
23  6
23  7
23  4
24  6
20  2
24  4
23  5
22  -7
22  -5
22  -5
23  6
21  -4
22  -3
22  -6
24  7
22  -6
21  -1
21  -4
22  -7
23  4
23  3
21  -2
21  -1
22  -3
24  4
25  -1
23  4
24  8
23  4
22  -6
21  -6
20  4
21  0
23  2
24  4
21  -1
23  4
20  2
21  -6
22  -5
22  -8
20  -2
22  -4
21  -5
21  -1
25  -2
21  -4
21  -3
23  6
22  -6
24  8
24  6
23  4
21  -2
19  -3
22  -9
21  -3
22  -9
22  -7
23  4
21  -6
21  0
23  2
21  -3
23  1
22  -4
24  4
22  -7
22  -9
23  5
22  -8
22  -9
23  6
24  6
24  7
21  -2
23  3
20  3
22  -7
25  -1
22  -6
23  3
21  -3
21  -4
20  4
23  4
24  4
24  8
23  5
18  10
21  -1
23  7
25  -3
23  3
22  -5
23  2
20  -1
24  8
21  -6
22  -9
24  10
20  2
25  -5
22  -4
22  -7
22  -8
23  1
21  0
23  3
22  -7
23  5
20  2
23  1
22  -5
21  -5
20  4
22  -6
23  4
23  2
21  -5
21  -1
24  4
23  2
22  -3
23  6
25  -4
22  -4
23  1
24  5
22  -6
22  -3
19  -9
22  -6
22  -6
22  -6
24  8
23  2
23  7
24  4
24  4
21  -3
23  4
23  6
21  -6
22  -4
24  7
21  -5
22  -9
23  2
24  5
21  -6
20  -1
21  -2
22  -7
20  3
21  -4
22  -6
23  3
23  1
21  -4
20  0
22  -4
22  -7
22  -9
19  -4
21  -6
20  3
20  -2
23  3
19  -3
22  -7
22  -7
25  -5
22  -6
23  3
20  3
25  -2
25  -5
23  6
22  -8
24  4
23  1
24  5
23  3
21  -2
22  -6
22  -7
20  4
23  6
20  -1
21  -2
19  -9
23  2
22  -7
25  1
23  7
22  -6
22  -4
21  -5
23  1
23  3
22  -5
23  6
23  2
21  -1
24  7
21  -5
22  -6
22  -5
25  1
22  -9
23  2
21  -2
25  -2
22  -6
22  -4
20  0
22  -4
22  -7
24  8
23  1
23  2
22  -8
21  -4
20  1
22  -7
24  10
24  4
25  -3
23  5
21  -1
23  1
24  8
21  -4
22  -4
19  -7
26  -1
21  -3
22  -8
21  -5
24  7
20  0
21  -6
22  -3
