15  4
14  -9
17  3
16  7
20  1
19  -6
15  2
14  -2
19  1
19  -2
16  8
18  -2
16  3
16  3
17  10
19  0
21  -1
18  0
17  10
21  -3
17  3
17  6
20  7
18  2
16  5
19  -5
19  -4
20  1
16  8
16  11
16  5
19  -3
18  0
16  2
15  3
17  10
15  1
14  -6
16  4
16  9
17  4
18  7
21  0
15  4
17  8
15  4
24  -4
14  -3
16  2
16  2
17  8
19  2
17  6
20  9
15  6
15  -3
13  3
21  -7
16  3
21  -5
17  2
17  3
19  3
17  8
20  1
20  0
18  2
19  -5
21  -3
15  0
16  11
18  6
16  11
19  2
14  -8
16  7
18  6
13  -3
22  1
14  -4
23  10
18  8
16  4
18  6
15  4
13  4
18  -1
18  3
19  1
18  4
16  3
19  -2
20  3
17  7
18  -1
17  6
13  1
21  -2
19  1
24  -5
18  5
19  0
17  6
17  3
16  11
18  1
14  -5
16  1
15  -2
16  9
19  3
17  5
17  6
18  7
17  0
16  9
18  3
17  6
18  1
18  8
14  -1
18  8
18  4
20  0
13  -4
15  2
21  -8
19  3
19  -1
20  9
18  -1
22  5
20  0
18  4
19  -3
19  -1
18  6
20  3
21  -10
17  8
17  10
17  10
21  -10
19  -5
14  -9
17  2
18  -2
21  -3
17  9
14  -2
19  -1
15  7
17  6
20  7
19  -2
18  7
19  -6
15  -1
16  4
12  1
16  7
17  9
19  -3
17  2
20  4
12  -4
18  1
19  -7
16  7
17  10
20  5
16  1
17  4
20  6
23  2
13  -3
19  -3
16  1
17  2
16  2
17  8
15  3
20  7
14  -9
17  10
22  0
16  11
18  7
21  -3
18  2
14  -2
17  6
17  7
16  5
18  5
19  -2
20  4
15  6
15  -2
17  7
15  5
15  0
20  9
18  3
17  9
15  -3
20  2
16  1
16  3
17  0
20  2
12  -1
18  8
20  2
19  -4
16  1
20  0
20  7
17  5
14  -8
14  -5
16  3
14  -3
21  -9
21  -10
16  11
17  10
17  10
15  -2
17  8
13  -1
16  8
20  5
15  5
14  -9
20  0
20  2
18  -1
18  7
17  1
17  9
18  -2
20  10
13  1
17  9
19  -5
13  5
19  1
16  5
19  -6
19  -4
19  -4
18  1
20  0
16  7
19  1
19  -6
20  9
15  -1
20  8
20  1
22  7
18  -2
17  1
16  7
17  4
19  0
14  -10
21  -5
20  0
14  -11
19  0
19  -6
16  6
18  -2
17  9
16  4
16  10
16  9
22  8
18  -1
20  1
19  -6
20  5
19  -7
20  4
14  -8
15  4
14  -4
19  -7
18  2
17  3
19  -4
18  5
19  -6
15  -2
16  10
19  -3
15  6
17  3
13  1
18  6
20  2
19  -2
20  8
16  2
17  5
18  6
19  -7
13  -2
17  5
17  9
15  6
15  6
18  5
16  5
18  0
16  7
19  -7
18  8
13  5
20  9
18  4
16  7
17  1
20  5
18  7
19  0
18  8
21  -1
18  6
15  5
18  6
17  3
16  1
20  7
17  4
16  6
18  -1
19  1
18  -1
15  1
18  3
15  4
17  8
19  3
20  2
18  0
22  3
16  8
19  0
18  3
15  6
22  3
13  -3
17  4
18  -1
14  -6
14  -8
17  6
20  3
18  4
18  4
18  8
18  -2
21  -10
16  11
18  -1
15  6
16  2
15  6
18  4
16  7
17  3
17  1
17  0
17  4
18  3
15  3
19  2
14  -6
17  9
18  5
14  -8
17  7
19  3
20  9
16  6
17  0
18  4
20  7
14  -9
16  5
17  0
13  1
18  3
17  8
18  3
18  6
16  7
15  -2
15  7
17  4
18  -2
17  6
14  -8
19  2
19  -1
14  -8
18  6
17  1
19  0
16  8
17  3
18  -1
20  8
16  11
15  -2
18  0
18  6
21  -6
17  5
16  7
16  10
17  2
15  -1
19  3
11  -3
17  4
15  -3
17  9
16  10
17  5
20  0
17  1
16  4
18  3
10  -2
14  -6
16  1
16  5
15  5
16  8
17  3
19  -6
15  4
22  -2
16  1
18  1
19  -2
18  5
15  -2
18  8
13  2
14  -9
15  3
19  -5
17  2
20  7
17  10
16  2
19  -1
15  6
17  3
20  0
15  0
18  4
19  -2
18  6
20  10
17  9
15  5
14  -3
17  4
17  6
17  4
15  4
18  8
19  2
17  3
15  -1
17  8
17  1
14  -6
18  0
18  -1
14  -11
19  0
15  0
17  7
16  8
15  7
17  0
15  -3
18  1
19  0
19  -5
17  0
17  0
14  -9
18  -2
19  -2
22  7
20  0
15  -3
16  2
19  0
18  -1
18  1
21  -5
18  3
13  6
22  -2
17  9
18  7
21  -10
19  0
18  1
16  6
19  -6
17  0
19  1
18  5
18  0
19  -6
15  -1
19  3
14  -3
20  5
16  5
21  -7
16  8
16  1
18  -2
22  5
17  0
19  3
12  -1
20  1
18  -1
14  -10
17  10
21  -9
18  -1
17  7
19  2
20  3
18  -2
18  7
19  -6
16  2
19  3
15  2
16  11
17  3
16  10
20  3
18  6
20  10
19  -5
19  3
17  10
18  -2
17  6
17  1
18  0
16  8
18  3
17  9
16  3
17  0
15  6
13  2
19  -2
17  2
18  -2
17  0
16  10
18  4
18  8
19  -4
17  6
15  7
19  -5
17  10
17  5
16  2
17  8
17  5
17  3
12  0
15  -3
17  4
17  4
15  3
19  0
16  3
17  8
18  2
16  3
16  9
16  10
19  0
11  2
19  -1
16  7
16  10
19  -3
18  1
16  3
14  -4
16  4
20  0
21  0
20  7
21  -2
14  -6
14  -9
15  -3
17  4
19  3
15  3
17  4
17  3
19  -5
17  8
12  6
17  7
18  4
21  -1
15  -2
17  6
15  5
17  0
15  6
16  11
18  7
18  2
17  6
20  5
18  -2
19  -1
19  -5
17  3
17  9
17  7
19  1
18  1
16  1
17  6
16  9
17  10
14  -10
18  4
18  -2
21  -8
17  8
17  10
21  -7
16  1
18  0
19  3
18  5
17  3
18  2
17  1
17  8
18  4
17  1
13  4
18  5
19  2
16  1
20  6
16  5
18  4
18  7
16  1
19  -7
16  11
18  7
16  6
14  -6
21  -4
18  4
21  -1
14  -8
13  4
19  3
21  -10
17  8
15  2
18  7
16  10
16  8
20  5
15  4
19  -1
16  1
17  0
15  2
20  0
18  7
18  5
19  -1
14  -1
17  1
20  3
18  0
18  4
17  2
15  2
14  -11
16  6
20  8
17  9
15  2
19  2
16  4
17  8
14  -4
12  -1
19  -7
18  2
18  1
18  5
15  -2
19  -4
14  -6
17  10
17  9
19  0
15  0
17  4
15  2
22  2
21  -9
17  2
14  -2
17  6
16  2
19  -6
17  0
15  -3
19  2
16  9
19  -2
22  -2
15  2
19  2
17  1
22  2
15  5
16  10
20  1
17  4
15  3
21  -6
14  -8
16  9
16  6
20  1
19  0
17  1
17  2
17  2
18  3
15  -1
15  0
19  -2
16  8
18  7
17  4
15  7
18  -2
16  3
24  2
15  5
16  2
17  1
20  4
21  -4
19  1
17  8
18  8
19  -3
19  2
22  0
17  4
18  7
15  4
16  5
17  9
15  7
16  8
19  -2
21  -5
18  4
15  -2
16  3
16  1
17  6
18  7
16  2
18  -2
19  -3
16  3
18  0
18  2
13  2
18  8
22  3
18  1
19  -2
18  6
17  0
20  1
19  -5
18  3
15  4
20  6
18  -1
17  7
18  -2
20  9
19  1
16  7
15  5
17  1
18  4
18  8
19  -7
14  -6
17  10
19  -7
17  4
17  8
20  7
16  11
21  -6
18  3
18  4
18  3
15  0
20  7
14  -6
14  -9
16  11
14  -8
17  7
19  3
17  10
15  4
16  2
19  -4
17  9
20  3
19  1
18  6
14  -2
15  4
20  5
18  4
17  5
17  0
16  3
13  1
14  -7
18  0
17  0
20  6
20  0
21  -2
16  10
19  -1
16  5
14  -6
17  0
18  -1
18  6
20  8
16  6
16  3
20  6
16  8
15  -3
18  0
17  0
17  7
18  8
18  -1
16  9
19  -3
15  6
19  2
17  1
18  -2
19  -1
16  3
15  -3
17  4
19  3
18  3
20  2
18  0
18  -2
18  6
15  3
20  6
20  3
18  1
17  1
15  -3
14  -9
19  1
16  10
19  -4
19  -6
17  5
17  8
22  8
20  8
19  -4
16  8
16  9
21  0
19  2
15  6
21  -7
23  6
15  -2
16  1
16  5
16  10
16  7
21  -10
16  4
15  7
15  3
19  -4
16  9
18  4
16  2
15  -2
18  1
19  0
19  -5
20  9
19  -5
18  4
20  8
18  6
15  6
17  9
17  6
15  0
17  9
16  9
20  5
17  3
16  2
16  5
17  5
18  6
16  10
21  -9
19  -3
18  2
19  -1
18  -2
17  3
18  4
17  0
18  -2
18  7
19  -2
20  4
18  -2
19  1
13  -3
16  10
18  1
18  -2
18  5
21  -3
22  8
16  8
21  -9
17  6
16  4
18  2
16  9
18  -2
17  10
15  3
18  3
15  -1
18  4
18  6
17  0
