8  -6
10  -7
8  -6
5  -1
5  -1
6  -5
9  2
5  0
5  -1
8  -7
10  -8
7  1
6  -7
7  3
9  0
5  0
9  2
7  2
5  -1
6  -5
5  0
7  2
7  1
6  -7
9  1
6  -6
6  -7
7  2
5  0
8  -6
7  3
4  -6
6  -7
7  3
9  2
7  2
6  -5
5  1
7  3
6  -6
10  -7
7  2
8  -8
5  1
8  -8
7  3
4  -6
6  -7
7  3
7  1
3  -2
7  2
9  2
10  -8
4  -5
8  -7
8  -7
7  1
8  -8
10  -8
7  1
7  2
6  -7
6  -5
10  -6
4  -6
8  -8
7  1
10  -7
7  2
8  -8
8  -6
4  -7
6  -6
5  -1
8  -6
9  0
6  -7
8  -6
8  -8
6  -5
7  1
6  -6
10  -8
5  1
5  0
7  3
5  0
7  2
5  1
8  -6
6  -7
4  -5
6  -5
6  -6
10  -6
7  1
9  0
8  -8
7  1
5  -1
8  -6
5  0
6  -5
6  -6
6  -7
6  -7
4  -6
8  -7
5  -1
6  -5
7  2
6  -5
6  -5
9  2
5  1
5  -1
7  2
10  -7
9  0
8  -6
5  0
7  2
6  -6
5  0
9  2
4  -7
7  3
5  1
8  -6
9  0
4  -5
8  -6
6  -5
8  -8
6  -5
9  1
6  -5
5  0
9  0
6  -6
5  -1
4  -7
7  2
8  -7
7  3
6  -5
7  1
7  1
8  -6
4  -7
7  3
3  -4
6  -5
7  2
6  -7
7  2
6  -7
6  -5
5  -1
6  -7
7  2
10  -6
7  2
9  0
9  2
5  0
7  1
7  3
10  -8
10  -8
8  -8
8  -6
5  0
7  1
7  1
5  -1
8  -7
7  3
4  -7
7  3
8  -7
8  -6
7  3
4  -5
8  -6
4  -7
10  -8
8  -8
9  1
8  -7
6  -5
5  -1
7  2
6  -7
6  -5
5  0
5  1
7  3
8  -8
7  1
9  0
7  2
9  2
7  1
8  -8
7  2
8  -7
6  -7
5  0
8  -7
8  -6
9  0
7  2
9  2
4  -6
8  -6
8  -7
6  -7
9  1
7  2
8  -7
6  -5
5  -1
8  -6
6  -6
4  -7
7  1
8  -6
7  3
9  1
7  3
7  3
7  1
7  3
7  1
7  1
5  -1
9  2
7  1
7  1
6  -7
6  -7
7  2
8  -8
6  -7
7  3
7  1
8  -8
8  -8
9  0
5  1
5  1
8  -8
6  -7
7  1
7  2
4  -5
8  -6
6  -6
8  -6
6  -7
10  -8
3  -3
7  2
5  0
4  -5
6  -5
7  3
7  3
7  2
6  -7
7  3
7  2
9  2
8  -6
8  -6
6  -7
7  2
8  -7
6  -6
7  2
6  -7
7  3
8  -7
6  -5
9  2
5  1
3  -4
9  1
6  -7
5  1
7  1
5  0
8  -7
7  2
3  -3
5  1
5  0
7  2
7  3
7  3
8  -7
6  -5
9  1
5  0
4  -6
10  -8
6  -6
6  -7
5  1
6  -7
9  1
9  1
8  -8
8  -7
6  -6
6  -6
6  -5
8  -7
7  3
9  2
9  2
11  2
5  -1
7  3
7  3
7  3
8  -7
6  -7
6  -5
7  1
8  -7
7  3
6  -5
5  0
7  2
9  0
8  -6
7  2
6  -7
5  0
6  -7
6  -6
4  -7
7  2
8  -7
7  2
9  1
7  1
8  -8
5  1
4  -5
5  0
6  -7
8  -6
8  -7
3  -2
7  1
6  -6
7  1
6  -6
6  -7
6  -5
9  0
4  -7
6  -7
6  -5
6  -7
6  -5
10  -6
5  0
5  1
7  1
7  3
9  1
5  -1
6  -6
5  1
6  -7
8  -6
7  2
8  -8
7  1
4  -6
7  1
5  0
7  2
3  -3
8  -7
6  -6
3  -3
5  -1
11  2
11  3
7  2
6  -6
10  -7
7  2
8  -6
5  0
6  -5
6  -6
5  1
9  0
6  -7
4  -5
8  -7
7  3
9  0
7  2
6  -6
8  -6
8  -8
5  0
8  -6
9  2
7  2
7  1
7  1
6  -6
7  2
6  -7
6  -6
5  0
8  -6
9  1
5  1
7  1
8  -6
6  -5
8  -7
7  1
8  -8
9  0
7  1
7  2
7  2
7  1
8  -6
7  3
8  -6
7  2
5  -1
7  1
9  0
6  -7
5  -1
6  -6
8  -6
7  3
7  3
5  -1
8  -8
10  -8
5  0
6  -5
5  0
4  -6
8  -6
5  -1
6  -5
7  1
6  -6
7  3
7  3
7  2
7  2
7  1
3  -3
6  -6
8  -6
6  -6
10  -7
10  -7
3  -3
7  3
7  3
7  3
5  -1
8  -8
6  -7
8  -6
5  -1
6  -6
8  -7
9  2
7  1
11  3
5  -1
6  -6
9  0
4  -6
7  2
5  -1
7  2
3  -3
8  -6
6  -5
8  -7
7  2
8  -7
6  -5
7  1
6  -5
8  -8
8  -6
8  -6
6  -5
7  2
8  -6
8  -8
5  0
7  2
6  -6
5  0
8  -6
6  -7
5  1
7  3
6  -6
6  -7
6  -5
6  -7
8  -7
8  -8
6  -6
7  3
5  1
7  1
6  -6
5  0
10  -8
4  -7
8  -7
7  1
8  -7
11  2
8  -7
9  2
5  0
8  -8
6  -7
7  1
6  -6
7  3
6  -7
7  1
8  -8
8  -6
11  2
9  1
8  -6
7  3
6  -5
7  1
6  -5
6  -7
11  2
9  1
7  2
6  -5
8  -7
6  -6
7  2
7  1
3  -4
5  -1
6  -5
7  1
5  -1
7  3
4  -7
7  2
9  2
8  -6
4  -6
7  1
6  -5
7  2
8  -6
8  -7
6  -7
5  -1
8  -7
7  2
7  2
6  -7
7  2
4  -6
9  2
7  1
7  3
4  -5
9  2
8  -8
7  3
8  -6
9  1
6  -7
7  2
4  -7
8  -7
7  1
5  0
7  2
6  -6
7  3
7  1
9  1
6  -6
6  -5
6  -6
7  1
5  1
4  -6
7  3
8  -6
5  1
5  0
8  -8
7  1
6  -6
7  1
6  -5
9  1
7  2
8  -8
8  -6
6  -7
5  -1
9  1
4  -5
6  -5
8  -6
6  -7
5  -1
5  1
6  -5
6  -7
4  -6
7  2
5  0
6  -7
9  1
6  -7
7  2
6  -5
4  -5
6  -6
4  -6
8  -7
8  -7
5  0
5  1
4  -6
6  -7
5  0
7  1
6  -6
8  -7
6  -7
7  2
9  0
6  -7
8  -6
8  -7
8  -8
8  -8
8  -7
8  -7
9  0
7  1
4  -6
6  -7
6  -6
8  -7
9  2
11  4
8  -7
6  -5
9  2
8  -7
8  -8
6  -6
9  0
5  -1
5  1
4  -5
5  0
8  -7
6  -6
7  1
7  2
10  -8
8  -8
6  -7
7  3
7  1
8  -8
8  -7
8  -6
7  3
6  -5
6  -6
9  1
9  0
8  -6
6  -7
7  3
7  3
6  -5
7  2
6  -7
3  -3
9  1
8  -7
6  -5
7  2
4  -5
6  -6
8  -8
5  -1
7  1
4  -5
7  1
6  -7
5  -1
6  -5
6  -7
6  -5
9  2
6  -5
6  -5
6  -5
8  -8
8  -6
4  -7
7  2
8  -6
4  -7
7  1
6  -5
5  0
9  1
7  1
4  -6
7  1
8  -8
2  8
6  -5
3  -4
7  1
6  -7
5  1
8  -8
7  1
4  -7
7  2
6  -7
6  -7
4  -5
7  2
7  2
6  -7
5  -1
9  1
8  -7
8  -6
6  -6
6  -7
7  3
6  -5
7  3
8  -7
7  1
7  2
7  1
9  2
8  -8
6  -7
8  -7
7  2
8  -6
8  -8
6  -5
4  -7
8  -6
5  -1
6  -7
5  0
6  -6
6  -6
5  0
5  1
5  0
7  2
8  -6
6  -6
5  1
10  -7
7  3
5  -1
8  -7
4  -5
4  -6
8  -6
8  -7
7  1
7  2
6  -7
5  -1
9  2
7  3
3  -4
6  -5
8  -6
5  1
5  1
5  0
8  -8
7  2
8  -8
6  -6
7  1
6  -6
6  -7
6  -7
7  1
3  -2
6  -5
6  -6
8  -7
5  0
5  1
7  2
7  3
7  1
5  0
8  -8
4  -7
7  2
4  -5
7  1
6  -6
8  -7
6  -7
5  1
5  -1
6  -5
8  -6
6  -7
4  -7
6  -6
4  -7
6  -7
8  -8
6  -7
7  1
8  -6
6  -6
8  -8
8  -6
7  1
8  -6
6  -6
7  2
5  -1
5  1
6  -6
5  -1
8  -7
6  -7
8  -7
5  1
5  1
6  -6
6  -5
8  -6
8  -6
7  1
7  1
9  0
4  -7
6  -6
7  3
8  -6
9  2
6  -6
6  -5
5  0
7  3
6  -6
5  0
5  1
6  -5
5  1
10  -8
7  3
8  -6
6  -6
5  0
8  -7
9  0
7  2
7  1
6  -5
6  -5
7  3
8  -7
5  -1
6  -5
10  -8
10  -6
5  -1
6  -6
5  -1
6  -5
6  -7
7  2
8  -6
8  -8
6  -7
3  -4
7  2
6  -6
5  -1
5  0
7  3
7  3
8  -6
9  0
6  -5
6  -7
6  -6
9  2
5  -1
8  -8
6  -7
11  4
7  2
7  2
7  1
6  -5
6  -7
7  1
5  1
6  -6
7  3
7  1
8  -7
6  -6
6  -5
4  -5
6  -5
8  -7
10  -7
6  -7
6  -6
6  -6
8  -6
6  -6
7  3
6  -7
6  -7
7  3
6  -6
6  -7
4  -5
5  0
6  -7
9  2
8  -6
6  -5
5  -1
6  -5
7  3
4  -7
7  3
9  0
7  3
5  1
7  2
6  -6
6  -7
6  -7
7  2
7  3
6  -7
6  -7
7  1
6  -6
6  -5
7  1
5  0
8  -6
8  -8
6  -6
8  -7
6  -6
