29  8
28  6
30  -4
29  6
29  4
29  6
30  -6
29  5
30  -4
30  -7
28  4
29  4
28  2
29  5
29  7
28  6
29  4
28  6
28  5
30  -7
30  -4
28  3
30  -5
29  6
29  8
29  8
30  -3
27  4
28  5
29  8
28  2
28  4
28  2
27  2
28  6
29  7
31  3
28  4
30  -4
28  2
27  0
28  2
29  7
27  3
29  8
30  -7
30  -5
28  3
30  -4
29  8
27  0
29  7
28  4
28  3
28  5
28  4
27  2
29  8
28  2
27  0
28  6
30  -6
30  -6
29  7
27  3
28  3
28  2
28  5
27  1
29  7
29  7
29  5
30  -7
27  1
29  6
29  7
29  8
29  6
27  1
29  7
28  5
27  2
29  4
29  7
29  4
29  7
28  2
28  6
28  4
29  7
29  6
29  8
29  6
31  1
31  1
29  8
27  0
28  6
28  3
28  2
28  5
30  -7
29  4
28  2
28  5
28  6
31  4
29  6
30  -3
29  6
28  2
28  2
28  6
29  7
28  4
28  5
30  -6
28  5
28  4
30  -4
27  2
29  5
28  6
27  2
30  -6
29  6
29  5
29  7
28  6
28  6
28  6
29  5
30  -6
29  8
30  -4
28  2
30  -7
28  4
29  4
28  3
30  -4
27  2
29  5
30  -3
30  -7
28  3
28  4
30  -5
30  -3
28  6
30  -6
28  3
29  5
30  -7
28  4
27  3
30  -6
29  7
28  2
29  7
28  4
28  6
29  8
31  3
28  2
28  3
28  3
28  2
28  6
29  7
28  5
28  6
30  -5
27  1
27  2
28  3
27  4
27  1
29  4
30  -6
29  4
29  8
28  3
29  5
28  2
28  3
29  5
29  7
30  -6
31  3
27  3
29  6
27  1
28  6
28  6
28  5
29  6
29  8
30  -6
29  7
30  -6
28  3
27  4
29  7
30  -6
27  2
28  6
29  7
27  4
28  3
30  -4
27  2
29  7
29  4
27  3
29  5
27  4
28  4
29  7
30  -5
28  3
27  4
30  -6
27  3
29  4
28  5
28  4
28  2
28  3
28  2
29  5
29  5
28  6
28  5
29  7
28  5
28  4
27  3
30  -7
30  -5
28  2
27  4
28  5
28  4
29  6
29  4
30  -4
29  6
29  4
30  -4
30  -7
30  -5
29  6
27  4
28  6
27  0
29  4
28  6
29  5
31  2
28  4
27  0
28  3
30  -6
28  2
30  -4
32  -2
30  -3
30  -3
29  8
30  -6
28  5
29  8
29  8
27  4
27  0
29  6
28  6
27  4
29  8
28  6
29  5
29  6
29  5
30  -7
30  -4
29  7
30  -4
30  -6
28  3
30  -5
31  2
27  4
29  5
29  4
27  0
27  2
29  5
28  5
31  5
28  6
28  3
29  4
30  -3
27  1
29  6
30  -4
29  5
28  3
28  2
28  6
28  3
29  4
30  -5
27  2
32  -2
29  7
28  5
28  6
28  6
30  -3
30  -3
28  5
30  -5
29  5
28  4
28  4
28  3
28  6
28  5
28  6
28  6
27  4
29  4
29  4
27  0
31  1
28  5
29  7
28  2
29  7
29  7
27  4
30  -7
28  6
28  5
29  4
30  -5
28  5
28  5
31  2
30  -6
31  5
29  8
28  3
28  3
28  4
28  6
28  3
30  -5
29  5
29  5
28  3
30  -4
28  6
28  4
29  7
29  7
28  5
28  4
27  4
28  5
30  -6
28  6
29  4
28  5
27  1
29  6
31  2
28  2
27  1
27  1
29  7
29  4
28  4
28  3
27  4
29  6
29  6
27  0
28  2
27  4
29  5
29  5
30  -3
28  5
29  7
30  -7
29  6
29  4
27  2
29  6
29  6
30  -7
27  3
29  6
29  7
29  6
29  5
29  5
30  -3
30  -5
28  4
29  6
29  8
29  8
27  3
28  6
28  4
29  6
28  6
27  0
28  6
30  -7
28  4
28  3
29  4
29  4
30  -5
27  4
29  5
29  4
28  3
30  -4
28  3
29  6
28  6
29  5
28  6
28  5
28  2
27  2
31  2
28  3
32  -3
30  -3
30  -3
29  6
28  5
29  5
28  2
27  0
28  5
29  5
29  7
29  6
27  1
27  3
28  5
31  4
29  4
29  8
28  5
27  3
27  2
29  5
28  3
30  -4
28  2
27  3
27  3
28  3
28  5
30  -7
30  -7
27  1
29  6
27  4
27  0
29  4
27  3
28  5
29  7
30  -7
27  1
29  5
28  4
27  3
28  3
27  3
30  -7
29  4
28  5
29  6
28  4
28  4
27  3
28  4
29  6
29  7
28  5
27  3
28  5
29  6
28  6
29  6
29  7
29  7
28  5
28  3
28  6
30  -6
28  4
28  3
27  0
30  -7
30  -5
27  0
28  6
29  7
28  2
28  5
28  3
29  7
30  -7
27  3
29  5
29  4
29  6
29  8
28  3
30  -6
30  -6
27  3
30  -6
28  5
29  6
27  4
28  5
29  7
30  -5
31  4
28  3
29  8
30  -5
30  -5
30  -3
28  5
29  4
29  4
30  -6
27  3
29  5
29  7
30  -7
29  8
28  5
27  1
29  4
29  5
28  4
27  3
28  2
28  4
28  4
28  6
29  7
29  6
28  3
29  5
27  1
29  4
28  6
29  6
28  2
27  4
29  5
28  6
28  2
30  -6
28  3
27  3
28  5
30  -5
29  8
28  5
28  5
28  4
28  5
31  5
27  3
29  4
28  4
28  5
29  4
29  4
29  8
29  5
29  4
28  2
30  -3
28  3
29  4
29  6
28  6
28  4
28  5
30  -4
29  8
29  8
29  8
27  3
29  5
28  6
28  3
28  3
28  3
27  2
27  4
28  6
31  2
30  -6
28  5
29  6
28  6
28  4
30  -4
28  2
29  6
27  0
28  5
29  6
30  -6
28  4
29  5
27  1
28  2
28  6
28  4
29  4
29  8
27  2
31  1
28  6
27  0
29  8
28  3
28  3
29  7
28  4
28  4
28  2
29  8
29  7
29  7
29  4
29  7
29  7
30  -3
29  4
27  2
29  8
29  6
27  4
27  3
29  4
28  6
28  6
28  3
27  4
28  4
28  5
29  4
29  4
28  3
29  6
28  6
28  3
30  -7
29  7
27  0
29  4
29  8
28  2
28  6
27  0
29  6
30  -6
29  8
28  5
28  3
29  5
29  6
29  7
28  2
28  4
28  4
29  6
28  6
29  8
29  5
28  3
28  2
29  6
28  2
27  3
30  -5
28  6
29  5
29  7
31  3
27  4
28  4
29  6
31  5
28  2
29  7
30  -7
28  6
31  3
29  4
28  6
28  5
29  6
27  1
30  -4
27  4
29  7
29  7
30  -5
28  5
28  5
28  4
28  6
30  -5
27  2
29  7
27  3
29  7
29  6
27  0
29  5
27  3
31  2
27  2
28  5
29  4
28  2
29  8
28  3
28  2
28  5
28  5
30  -5
28  3
27  3
30  -5
30  -5
29  7
28  2
29  8
30  -6
29  5
29  4
30  -7
28  6
27  1
28  4
28  5
28  2
29  6
29  6
29  8
29  8
30  -4
29  8
28  5
28  5
30  -5
28  2
28  3
27  3
29  4
30  -5
29  7
27  2
28  6
28  4
28  5
28  5
28  3
30  -7
28  6
28  3
28  3
27  1
29  8
28  2
28  6
28  2
28  5
29  6
28  4
28  3
28  5
28  5
27  4
28  5
30  -4
27  3
29  6
28  5
28  4
28  2
28  4
28  6
29  5
29  6
28  2
29  6
28  2
29  5
28  3
29  5
28  4
28  5
28  4
28  6
28  2
29  5
28  6
29  8
29  8
27  0
28  2
28  6
28  6
27  3
28  2
28  5
28  5
29  5
28  3
29  4
27  3
27  2
27  3
27  3
27  4
28  2
30  -7
27  3
27  0
29  7
29  8
28  2
29  5
27  3
30  -7
27  1
28  5
28  6
29  6
29  4
28  6
29  4
29  5
29  8
30  -7
28  3
27  4
29  5
27  2
28  5
27  0
29  8
30  -5
28  2
29  7
30  -6
28  5
30  -3
28  6
29  8
27  1
30  -6
28  3
28  2
28  4
28  3
28  6
28  5
29  5
30  -5
28  5
28  2
29  4
29  4
28  4
27  0
30  -4
29  8
27  0
28  5
27  3
29  6
28  2
27  3
28  3
28  4
29  6
28  5
28  6
28  5
28  4
28  3
28  6
28  2
28  3
30  -4
29  4
30  -7
29  4
29  7
27  0
31  3
28  3
27  2
28  2
28  3
31  1
28  5
31  2
28  3
28  2
28  6
29  8
28  2
29  7
28  6
28  6
29  4
27  4
28  4
27  3
28  3
29  4
28  4
29  6
27  2
28  5
29  8
29  8
27  4
27  1
28  5
29  8
27  2
28  3
29  6
29  5
28  6
28  4
28  6
30  -5
30  -3
28  5
29  7
28  5
29  5
28  5
28  3
31  4
27  0
27  3
28  3
30  -4
27  4
27  1
27  4
28  3
29  5
29  7
28  4
28  4
30  -3
28  6
28  6
28  4
27  3
29  5
29  4
27  2
28  3
29  8
29  7
30  -5
29  7
29  7
29  7
