25  3
25  -5
25  -1
23  0
25  4
25  -3
24  -4
26  0
22  -12
24  -8
27  -6
25  -1
22  -3
25  3
25  -4
25  -5
24  -12
24  -13
26  11
25  -2
23  2
26  12
23  1
24  -4
26  8
24  0
24  -11
23  7
26  12
24  0
25  2
25  -1
26  1
25  8
24  -12
24  -7
23  -6
23  -6
25  5
23  7
25  8
25  2
26  -2
23  8
24  0
25  2
25  -1
24  -13
25  8
24  0
24  -3
22  -3
25  3
24  -2
25  0
23  -3
26  0
25  -4
25  2
25  -2
23  -6
23  4
24  -4
24  -6
24  -9
24  -5
26  11
23  7
25  3
25  6
27  1
23  7
28  -8
24  -13
23  3
25  8
25  0
24  -11
26  12
25  4
24  -5
25  4
25  1
26  7
23  6
26  12
24  -5
26  11
23  -1
26  12
23  -6
25  -5
24  -1
26  -2
25  -6
24  -4
24  -8
23  -2
23  -4
25  -5
23  -5
26  8
25  7
23  1
25  4
23  6
24  -7
24  0
24  -13
23  -5
26  -2
23  3
23  6
24  -2
25  0
25  3
25  7
25  -5
27  1
25  -4
27  -13
25  5
24  -12
25  -4
25  2
25  -3
24  -6
28  -9
23  -3
27  -11
24  -3
25  7
25  7
26  8
24  -10
24  -12
26  7
26  2
25  6
22  -1
24  -4
25  -1
25  -5
26  8
26  10
23  6
25  3
27  -13
26  8
24  -14
26  -1
22  -8
26  4
24  -2
22  -5
23  -4
26  -1
25  -3
25  8
23  4
27  -3
23  6
24  -4
25  -5
25  3
24  0
26  0
24  -1
24  -2
24  -11
25  -4
26  9
25  5
26  7
24  -12
27  -11
24  -9
25  -2
26  4
25  -6
25  7
23  0
25  0
24  -11
25  3
24  -11
22  2
24  -2
24  -12
24  -9
25  -2
24  -6
24  -9
23  -1
24  -7
24  -13
24  -11
25  3
26  9
24  -10
25  4
26  12
25  7
23  6
26  12
22  -3
24  -1
26  7
24  -1
26  3
23  6
24  -9
26  1
25  -1
24  -6
24  -13
24  -8
26  10
24  -9
25  -2
24  -2
25  -4
26  -2
24  -7
25  5
23  3
25  0
24  -3
25  3
23  -6
26  8
26  5
24  -1
25  0
25  -5
24  0
25  -6
26  0
26  11
25  -4
24  -5
25  4
24  -6
25  6
25  -1
26  1
23  0
23  -6
26  5
27  -9
23  -2
25  -3
24  -9
22  -11
22  -3
24  -12
26  10
24  -9
24  -14
23  8
25  0
24  -7
25  -5
23  -5
24  -14
25  7
24  -12
24  -6
23  -2
25  -4
25  8
25  5
24  -1
26  6
23  7
23  -2
25  -6
23  -4
23  7
24  -11
25  -5
24  -8
26  12
26  3
24  -2
25  7
25  -5
26  11
23  2
25  -3
25  6
25  7
24  -3
26  7
28  -6
24  -6
23  -6
27  0
24  -6
23  2
24  -10
24  -6
25  1
26  3
25  8
25  2
24  -10
24  0
24  -14
23  -3
26  1
25  -6
24  -9
23  4
24  -6
22  -3
24  -5
24  -13
25  -4
24  -14
26  12
26  1
26  12
22  -4
24  -2
25  5
27  -8
23  5
24  -7
25  -1
24  -10
25  4
25  0
25  5
25  8
22  -10
28  2
23  -1
24  -2
26  10
24  -10
23  4
25  7
23  8
23  -2
24  -9
24  -8
25  8
24  -12
24  -3
25  5
24  -14
24  -4
24  -14
25  -6
26  0
26  9
24  0
25  4
23  1
25  1
24  -14
23  7
24  -2
24  -3
25  -2
26  9
26  -2
23  -5
24  -10
26  6
25  8
26  8
25  5
25  7
26  12
25  -5
25  -2
23  0
25  3
23  2
23  3
25  -2
24  -14
24  -12
25  -4
25  4
24  -2
23  -3
24  -14
25  5
22  -3
23  1
27  0
25  1
24  0
23  -4
26  -2
24  -12
24  -13
25  -4
26  9
25  6
24  -11
24  -7
24  -1
26  6
26  7
26  7
25  -2
25  -2
24  -10
23  -4
24  -6
24  -12
24  -10
25  7
25  -1
24  -4
25  3
24  -5
25  0
24  -10
24  -12
27  -4
23  4
27  -12
25  -6
23  -6
25  -2
25  6
24  -4
23  -6
24  -2
25  -6
22  0
25  -4
25  -6
25  -4
26  3
22  -5
23  5
25  -1
23  8
27  -7
24  -12
24  -6
23  -6
23  -1
24  -1
23  -2
25  3
23  1
26  8
24  -4
25  2
23  2
24  -10
23  4
25  7
24  -7
27  -12
24  0
27  -2
23  8
23  2
23  -3
24  -6
25  -2
24  -7
26  7
24  -3
25  2
23  3
24  -4
26  4
24  -14
24  -6
26  3
25  -4
25  8
24  -13
26  8
22  -10
25  -4
25  6
24  -1
24  0
25  6
26  5
23  8
24  -6
25  6
24  0
22  2
23  0
22  -8
24  -13
24  -13
25  4
23  0
26  7
24  -12
23  1
22  2
25  -4
26  11
25  -4
24  -10
26  11
24  -10
24  -3
24  -14
26  3
23  6
24  -14
25  5
25  -1
26  -1
23  2
24  -8
26  -2
24  -5
25  0
25  -5
25  -5
24  -5
23  -1
24  -8
26  5
25  -1
25  3
24  -8
23  -5
23  8
26  0
25  4
26  2
25  5
24  -12
24  -6
24  -7
24  -12
23  -4
25  3
26  10
24  -12
27  -2
24  -12
24  -2
24  0
25  1
25  5
24  -7
25  8
24  -11
25  2
27  -11
24  -9
23  8
25  3
23  1
24  -11
24  -4
25  8
26  9
28  -7
25  -3
26  3
26  3
25  6
23  -1
23  3
26  7
25  2
26  11
25  1
25  -6
25  3
25  6
25  1
23  0
23  8
25  -4
24  -5
25  -2
24  -10
25  3
24  -6
26  8
25  7
25  7
26  6
24  -4
23  2
24  -11
24  -9
26  3
25  1
24  -9
25  -3
25  -2
24  -1
26  6
26  4
24  -14
26  9
26  7
22  -12
24  -8
24  -13
26  5
25  0
24  -11
27  -11
24  -12
26  -1
26  6
25  6
26  -2
25  -1
24  -5
24  -11
28  0
23  7
24  -4
23  5
24  -11
25  -1
24  -14
23  2
25  -3
24  -14
25  8
27  -6
25  -5
26  -1
27  -5
25  3
24  -1
25  6
26  2
27  -2
24  -8
24  -7
24  -13
22  -8
25  7
25  -5
24  -13
25  2
25  5
24  -7
23  1
23  -6
23  8
24  -12
23  -5
24  -12
24  -10
26  0
24  0
26  1
24  -2
26  3
25  4
25  -5
24  -7
23  -4
26  9
25  4
26  7
25  -4
26  4
23  7
22  -1
25  6
25  8
24  -13
24  -3
23  -5
26  11
23  -2
25  5
24  -8
25  1
24  -8
25  -6
26  10
25  1
24  0
23  1
24  -11
24  -10
25  7
25  -6
24  -12
24  -7
27  -5
25  -1
27  -11
24  -3
24  -8
24  -9
24  -11
24  -5
24  -1
28  -1
27  -12
23  2
27  -3
24  -2
26  7
26  7
24  -6
24  0
27  -12
26  3
24  -2
26  1
27  -6
22  -2
23  2
26  6
23  -2
26  9
23  5
23  4
25  -1
24  -1
25  1
23  -6
26  9
24  -12
25  2
23  7
25  -3
29  -10
24  -7
25  5
26  0
26  12
26  4
26  2
23  8
26  -2
26  2
24  -1
26  11
24  -11
24  -5
28  4
25  -5
23  5
25  -4
23  4
23  2
23  8
25  5
23  2
25  -6
26  12
25  0
24  -1
26  10
26  11
25  3
25  0
25  -1
25  5
26  -2
24  -5
24  -3
24  -2
24  -3
24  -6
24  0
24  -4
24  -11
24  -2
24  0
25  -6
25  4
25  6
25  3
24  -4
25  -6
25  8
22  2
25  0
26  11
24  -6
25  6
23  7
22  0
24  -2
24  -8
26  3
25  2
24  -6
25  -6
25  -5
25  5
25  1
24  -9
24  -8
26  7
25  4
22  -9
23  -3
25  3
24  -10
24  -11
25  -2
27  -6
23  3
22  1
26  4
26  4
23  -4
26  -1
25  6
27  -9
23  6
27  -6
26  12
24  -14
24  -5
26  1
23  3
27  -6
26  2
23  7
22  -4
23  2
25  -2
23  3
25  5
24  -5
24  -9
24  -14
25  3
26  4
24  -1
23  -3
24  -6
24  -7
25  8
23  -1
26  0
23  6
24  -14
25  2
26  -1
24  -6
25  -6
26  4
24  -14
24  -13
26  2
25  8
24  -7
26  4
22  2
25  -1
24  -7
26  1
23  4
26  6
24  -10
25  5
24  -1
24  0
25  -2
25  6
26  2
23  -3
25  6
26  2
24  -8
23  1
25  -2
23  -6
23  3
24  -4
24  -8
25  8
23  7
25  1
23  -5
24  -5
24  -5
24  -9
26  2
25  4
25  6
26  -2
25  4
23  -4
25  -6
26  8
23  0
23  -5
25  6
26  11
25  -4
26  10
25  -1
26  1
25  -5
24  -14
23  1
26  0
24  -10
25  3
23  1
23  3
25  5
23  -6
24  -9
24  -5
23  0
25  6
23  5
25  5
25  8
25  7
25  -6
25  8
26  6
24  -2
23  2
23  5
22  -1
25  5
24  -3
24  -12
24  -6
27  -7
24  -13
25  4
25  4
24  -1
25  -5
25  -2
23  4
28  3
24  -9
26  7
23  -2
24  -9
24  -5
24  -6
23  2
25  0
25  8
26  9
23  1
23  -6
23  -5
23  3
26  5
25  7
25  8
26  12
24  -4
24  -12
25  -6
26  2
25  3
24  -6
24  -4
26  10
25  1
25  -5
26  11
25  -4
25  8
27  1
23  -2
25  2
24  -14
25  0
24  -4
23  8
25  5
23  -5
26  -1
24  -13
25  -3
24  -9
25  7
23  6
23  -2
24  -3
24  -1
25  7
23  -3
24  -3
25  4
