17  8
15  -2
15  0
20  8
14  -3
16  -4
14  -6
16  -3
16  -2
14  -5
17  5
14  1
18  2
13  -5
16  -4
17  8
14  1
15  3
15  -2
15  1
16  -4
17  4
17  4
16  -5
16  -4
16  -4
16  -4
15  1
18  -4
15  3
16  -6
14  0
16  -3
17  2
16  -1
17  3
16  2
18  1
18  -4
15  0
15  -3
15  4
15  -4
18  -4
17  8
14  -6
18  2
17  0
15  -4
15  0
17  3
18  -2
16  0
17  6
16  -5
15  -4
14  -3
16  0
16  1
16  -3
19  -5
17  1
16  2
16  -2
15  2
16  -4
17  0
18  1
18  0
14  -7
16  -1
17  6
17  5
15  -2
14  -3
15  -3
16  -5
17  5
15  4
15  -3
16  -1
15  2
16  0
14  -6
14  -5
17  3
16  -3
17  1
17  4
15  1
14  1
17  5
16  -5
13  1
15  4
15  0
17  3
15  -1
16  -5
19  -1
15  0
17  3
14  -1
16  -5
16  2
16  2
15  3
17  1
17  2
16  1
16  0
16  2
15  0
15  1
17  5
12  -4
13  2
16  -1
15  -3
15  4
16  -5
15  -3
16  -3
17  8
14  -3
14  -1
16  -5
14  -2
17  4
14  -4
15  -1
16  -4
18  0
16  -3
15  3
16  1
16  -6
16  -5
15  4
14  -4
15  2
16  -2
18  -5
15  1
15  0
13  -3
16  -3
16  1
14  -6
17  0
16  -2
15  -1
16  -3
15  0
17  8
14  -5
19  -1
15  -1
15  -1
15  -2
18  -4
16  -6
15  0
16  1
14  -3
17  6
15  -2
16  -6
15  4
16  -3
14  -2
16  2
15  -4
16  -4
17  6
17  2
15  -4
17  5
15  1
15  4
17  8
18  2
16  2
17  4
15  -2
15  3
16  -4
17  0
18  -5
17  0
16  -4
18  -3
15  2
16  -6
13  -3
16  0
17  0
18  -1
16  1
13  -2
16  1
16  -1
14  -6
17  7
16  -6
15  -1
14  1
17  3
16  -3
16  2
17  6
16  -1
17  2
15  -1
14  -2
15  -2
16  -4
15  -4
15  -4
15  0
15  -4
15  -3
16  -2
14  -2
16  -1
14  -4
18  -3
15  1
17  6
16  -2
17  5
18  -3
17  5
16  1
16  1
15  -1
17  3
15  3
16  1
14  1
18  -1
18  3
15  1
15  2
16  -6
16  1
17  0
16  2
15  -1
16  2
16  -4
16  -5
14  -5
15  4
16  -1
18  1
17  4
18  0
18  -3
15  -1
18  -4
14  -5
15  -1
16  -2
17  6
16  -1
17  1
15  0
17  4
16  0
18  -4
17  1
17  7
16  -2
15  1
18  -3
17  4
14  0
17  3
16  -5
15  -2
17  5
14  -3
16  -2
14  0
16  -1
17  7
17  6
17  7
16  -4
15  -2
17  0
15  -3
16  -5
15  -2
17  0
15  1
17  4
16  -4
16  -1
16  2
16  2
13  -2
16  2
14  -2
15  -1
18  -5
17  0
16  1
15  1
14  -5
17  4
14  1
18  -3
14  -6
14  1
16  2
15  1
16  -6
13  2
18  2
15  -3
15  -2
15  4
15  0
14  -1
17  0
16  -1
16  -3
17  2
16  1
15  -1
16  -4
16  -3
18  2
17  2
17  0
15  -2
14  -6
17  2
17  8
18  0
17  4
15  -1
15  2
18  -5
18  -1
16  1
17  7
15  -1
17  2
16  -6
17  5
18  -2
15  -3
14  -5
15  2
15  1
16  -4
19  -4
16  -4
17  2
13  2
14  -6
15  1
17  6
15  -1
13  -4
16  0
18  1
17  2
16  0
17  3
17  5
16  -1
16  -6
17  8
14  -7
15  -2
18  0
13  -2
18  1
14  -5
16  -6
15  -1
15  -4
17  3
17  6
14  -1
16  -3
15  -1
16  -1
15  1
14  -6
16  -4
16  -5
16  0
15  4
14  1
16  -2
17  7
15  -1
15  -1
16  -3
17  6
15  -2
15  4
16  2
17  1
17  4
16  0
15  -4
14  -4
17  4
15  0
17  6
16  -2
18  -2
17  1
15  -3
16  -5
16  -6
15  4
19  -5
16  -2
15  4
12  -6
17  1
17  4
17  1
13  -2
18  -4
17  8
17  5
17  7
15  2
17  4
15  0
18  1
16  -4
15  -2
17  3
15  -2
16  -1
16  -4
15  4
16  -3
15  2
15  2
15  -1
15  -1
15  -2
16  -6
17  2
15  4
15  2
18  3
14  -6
16  -6
16  2
17  8
13  -4
17  2
15  3
15  3
18  -5
18  -5
14  -7
17  3
18  0
17  8
17  5
16  -2
17  6
18  -5
16  -5
16  -3
15  2
15  -1
16  -2
15  0
14  -1
18  -3
14  -4
16  -6
17  5
15  -2
16  -6
17  4
16  -1
15  4
17  1
16  -3
15  -2
14  -6
18  1
17  7
17  2
16  -5
15  -3
15  -4
17  3
15  -2
17  6
17  6
17  7
15  1
15  2
16  1
17  3
17  1
17  4
16  -1
15  3
16  -4
15  0
17  5
14  -4
16  0
18  -5
14  -4
15  -3
16  -5
18  -3
16  -3
16  1
15  -2
15  -2
15  -2
14  0
16  0
13  -1
18  -4
17  6
16  2
17  6
16  -1
17  2
16  1
15  0
14  0
16  -2
19  -1
18  -1
17  1
12  -4
14  0
15  -4
15  -1
15  -4
15  2
17  7
17  3
16  -3
15  4
15  -2
15  1
15  4
18  -2
16  -4
14  -5
18  -4
14  1
15  3
14  0
14  1
14  0
17  7
15  2
15  -1
16  -3
14  1
17  8
16  -5
15  -4
16  -1
15  1
16  -6
17  4
17  6
14  -6
15  0
16  -6
16  -1
19  1
17  3
16  -4
17  8
18  0
15  1
14  -3
16  -4
16  2
14  -2
14  -2
17  4
17  4
15  2
16  0
17  8
18  -3
16  -1
15  1
18  1
15  -2
15  2
16  -3
15  -2
16  -2
13  -3
16  -4
14  -2
17  3
17  8
16  -1
16  -4
14  -5
16  2
17  2
13  -5
16  -2
16  0
16  -1
16  -5
17  6
17  7
15  0
16  -3
16  -2
19  -2
16  -4
17  7
16  -4
16  -1
17  1
17  2
15  1
16  -3
14  -7
18  2
16  -6
15  3
15  2
14  -7
16  2
14  -2
16  -6
16  -4
18  0
18  -1
18  3
15  3
15  4
15  -1
15  -2
16  -4
16  -1
17  3
16  -3
17  6
16  1
14  -5
14  -4
14  -4
16  1
16  1
15  -1
16  1
15  4
16  -2
16  -4
16  -1
16  -5
15  4
17  5
15  -3
16  1
16  -6
17  2
16  2
17  6
14  -1
19  3
18  -4
15  2
16  -6
16  -4
16  2
16  -1
14  -7
18  2
14  -7
16  -2
15  0
17  3
18  3
15  3
17  1
14  -2
17  5
16  -5
16  -1
16  -1
15  2
16  1
19  0
16  1
16  -3
14  -4
16  -5
14  -7
14  1
16  2
15  2
15  0
15  1
17  4
14  -2
16  -5
14  -3
16  -6
14  -4
15  0
18  -3
15  4
15  4
17  1
15  -2
16  -3
14  -3
13  -1
16  -6
17  4
13  -5
15  1
14  -2
17  6
16  -5
17  7
15  1
16  -4
16  0
16  -3
14  -7
16  -5
15  -2
16  -4
16  -2
14  -2
18  -3
15  -4
13  -3
17  6
16  -5
14  1
17  4
15  2
19  2
16  -1
16  -4
15  1
15  -3
16  -1
14  -4
16  -5
15  2
14  -4
17  5
17  0
16  -3
14  -3
15  3
14  -5
17  3
17  2
16  -4
15  0
16  -2
17  4
17  0
14  0
16  0
15  0
16  2
14  -3
15  -4
14  1
18  -4
15  3
15  2
16  -5
16  -1
15  1
18  2
17  0
14  -3
14  -4
15  -4
15  -3
17  0
15  3
14  1
19  -1
16  -4
16  -1
15  2
15  2
15  2
16  -4
15  3
16  -4
17  6
15  -4
15  4
17  0
13  0
16  -1
15  -3
14  1
17  6
15  1
16  -1
17  1
15  1
14  0
17  3
16  1
16  -5
16  -1
15  2
14  -4
18  3
15  -4
16  -6
18  -5
15  -3
17  0
15  -4
15  3
17  6
18  1
15  -3
16  -1
15  -1
14  1
17  3
17  6
17  5
15  1
17  8
16  -5
18  -1
15  1
15  3
15  -1
17  2
17  8
16  -3
17  6
16  -3
15  2
17  5
14  -5
17  6
18  -2
19  3
17  0
18  3
17  6
16  -4
14  0
15  -3
15  1
15  -2
14  -6
18  -3
15  4
16  -6
18  0
16  -1
17  2
16  0
17  5
15  0
15  2
16  1
17  1
14  -3
16  -6
16  0
18  -5
16  -3
17  5
19  2
17  3
15  -1
15  4
15  0
15  -1
16  1
15  3
17  3
18  -5
16  -3
16  -6
16  1
15  3
17  0
15  -4
17  3
16  -5
18  2
17  3
14  -1
16  -6
16  -2
18  -5
16  -5
15  1
15  -3
15  3
18  0
15  3
14  -3
16  -3
17  7
15  -4
14  0
16  -2
17  4
14  -1
15  3
15  1
18  -2
18  -1
14  0
16  0
16  -6
16  0
15  1
13  2
16  -4
15  0
16  -2
17  0
16  -1
16  -6
15  3
16  -5
16  -5
15  3
15  -3
16  0
15  -3
16  -5
15  -1
16  -3
17  6
18  3
17  8
16  1
16  -3
16  -6
15  -4
16  -4
16  1
15  -3
16  -2
17  6
15  4
15  -3
15  -4
16  0
15  2
17  7
16  -6
17  2
15  3
17  4
16  -3
16  0
15  1
17  6
14  -5
15  -3
15  4
16  0
16  -5
17  7
14  -5
14  -1
16  -4
16  -6
16  -6
16  -6
19  -3
17  3
16  -3
15  -2
16  -6
