18  6
15  0
16  -7
16  -5
18  11
17  -2
19  -6
14  -2
14  -8
16  -1
16  -10
16  -2
15  -3
17  -12
18  10
15  -2
17  -1
15  -8
16  -6
18  -1
20  12
16  -14
15  -9
16  -11
17  -14
18  -2
19  0
17  -7
18  10
16  -13
15  -12
16  -8
13  3
12  -6
16  -2
17  -14
16  -14
15  1
16  -9
16  -4
14  -3
16  -6
15  -4
17  -12
17  -6
15  1
12  -5
15  -4
18  1
18  3
17  -13
16  -5
16  -1
17  -2
19  2
17  -5
14  4
16  -12
16  -2
13  6
14  -6
15  -13
15  -12
15  -6
18  3
16  -11
15  -13
14  2
14  -1
17  -6
18  -1
16  -9
18  5
19  -1
14  -7
18  5
17  -13
17  -6
17  -4
17  -1
15  -11
17  -11
17  -12
15  1
14  -4
16  -1
18  10
16  -14
16  -11
17  -13
19  -2
17  -9
17  -13
17  0
19  -6
15  -8
18  7
17  -5
16  -10
16  -8
17  -7
12  -5
15  -10
19  3
17  -4
18  -3
15  -9
15  -6
12  -9
17  -2
20  10
17  -10
16  -11
16  -9
19  1
15  -8
16  -6
17  -3
13  7
17  -7
18  6
17  -10
17  -5
16  -8
14  -7
15  -12
17  -5
17  0
14  -8
16  -13
18  8
13  5
16  -7
16  -9
15  -2
15  0
17  -12
20  5
17  -3
18  9
14  2
14  -1
17  -1
16  -8
16  -11
17  -11
16  -7
18  -1
19  -1
13  3
18  -3
15  -12
17  -8
16  -10
13  2
15  -10
16  0
20  1
15  -9
18  2
16  -6
18  6
15  -8
15  0
18  4
16  -7
18  2
14  -4
19  -2
17  -9
17  -4
16  -8
15  -2
16  -8
17  -7
15  -11
17  -3
17  -9
16  -12
17  -10
16  -13
17  -1
18  10
17  -4
16  -7
19  -7
15  -10
15  -8
18  9
17  -1
15  -12
18  -2
19  -3
14  -1
20  3
19  0
15  -5
17  -9
16  -10
15  -9
15  -9
17  -4
15  -8
18  10
15  -5
19  -5
18  2
16  -11
15  -9
18  -3
16  -1
17  -8
16  -3
16  -11
14  -7
17  -5
14  -3
16  -8
15  -13
14  -2
16  -3
15  -10
16  -11
17  -5
13  -5
19  -7
15  -11
17  -4
14  0
17  -8
18  2
14  -7
19  -9
19  -9
18  5
15  -12
16  0
19  -2
17  -13
15  -1
17  -1
15  -2
16  -9
15  -5
15  -11
16  -10
14  -5
13  2
13  8
14  5
14  -2
14  -5
17  -4
17  -12
17  -6
19  1
16  -8
18  8
13  -2
15  -5
16  -4
17  -6
13  4
17  -5
16  -6
11  -4
17  -13
17  -7
15  -7
15  -4
15  -9
17  0
17  0
16  -13
15  0
15  -8
15  -2
15  -13
14  -1
17  -1
15  -8
16  -4
16  -14
16  -14
17  -3
18  2
15  -2
17  -10
17  -9
16  -9
17  -7
14  1
18  11
16  -4
18  9
17  -7
17  -8
15  -11
16  -10
13  -2
16  -5
15  -12
15  -11
16  -4
14  -6
15  -13
19  -4
17  -14
16  0
13  -3
18  3
16  -3
15  -5
18  9
16  -3
14  -9
15  -6
17  -6
17  -2
17  -7
16  -9
15  -9
14  -3
19  -5
16  -1
16  0
16  -2
16  -13
16  -4
15  -4
15  -7
14  -6
15  0
16  -6
12  3
16  -6
17  -7
19  -7
13  -5
19  -1
15  -7
17  -7
13  2
16  -13
16  -9
16  -8
16  -11
16  -1
14  2
14  -1
15  -8
17  -5
14  -4
17  -7
14  -3
17  -13
17  -3
16  -14
15  -1
18  -1
18  7
17  -8
18  10
15  -13
16  -7
18  11
14  -7
16  -1
18  -2
15  -4
17  -2
17  -9
16  -6
15  -11
16  -5
16  -5
17  -5
14  -3
15  -13
16  -9
15  -8
15  -10
17  -13
15  -7
15  -6
16  -7
17  -9
16  0
16  -9
16  -2
14  -4
14  -1
19  3
17  -11
17  -8
17  0
15  -12
20  2
13  -4
15  -12
19  -2
20  4
18  -1
17  -1
14  -6
12  -8
17  -5
16  -9
17  -1
18  11
14  -4
17  -8
15  -11
16  -10
15  0
18  2
16  -3
16  -12
15  -13
18  2
14  -4
18  0
18  10
18  5
18  -2
13  -4
19  -10
13  0
17  -12
16  -8
18  0
17  -6
16  -5
16  -8
13  -5
16  -10
16  -3
14  -4
19  4
19  -4
17  0
15  -5
19  -7
13  5
15  -9
16  -9
17  -9
17  0
17  -5
18  7
19  -4
14  2
15  -8
21  10
15  -11
18  0
16  0
16  -9
16  -14
16  -2
18  6
16  -1
16  -12
18  3
15  -8
18  10
18  4
15  -13
14  -3
16  -5
17  -6
15  -11
16  -2
18  1
16  -6
15  -5
15  1
18  7
16  -14
17  -5
17  -11
12  -10
18  11
16  -5
16  0
15  -3
14  -2
16  0
17  -11
15  -12
19  -5
19  -4
12  -9
17  -14
15  -11
17  -11
16  -12
19  -9
17  -14
17  -2
17  -3
17  -6
14  1
19  -8
17  -10
17  -7
16  -6
13  -2
17  -13
16  -10
18  3
15  -10
15  1
18  5
17  -2
14  0
18  10
17  -10
14  4
17  -12
15  1
20  10
16  -11
17  -7
19  -10
14  -4
15  -4
17  -13
19  -5
15  -4
13  7
15  -2
17  0
19  -2
17  -7
18  9
15  -3
15  -13
16  -4
16  -12
16  -1
14  2
20  11
17  -13
16  -14
16  -11
15  -12
15  -8
18  11
14  -3
16  -11
13  -5
14  -9
15  -12
15  -12
17  -10
15  -12
16  -4
17  -6
19  -8
18  4
16  -3
17  -11
18  2
16  0
16  -12
16  -14
15  -1
13  -6
16  -6
16  -13
16  -5
12  -10
17  -7
18  11
16  -8
17  -9
19  -5
14  -3
15  -12
16  -5
15  -11
17  -1
18  -3
15  -2
16  -5
15  -12
17  -11
17  -14
17  -10
15  -6
16  -10
16  -5
16  -7
18  5
14  0
14  -1
14  3
16  -7
14  -7
14  -1
18  4
16  -7
16  0
15  -5
16  -7
17  -7
16  -13
17  -1
17  -5
16  -4
17  -7
14  4
20  0
18  -3
17  -8
13  -5
16  -14
16  -4
14  -4
15  -4
17  -9
19  -8
14  2
17  0
16  -9
15  -7
15  -6
15  -6
18  9
17  -10
16  -13
15  -13
18  11
18  8
15  -6
18  7
19  -1
14  4
16  -4
17  -12
18  10
15  1
16  -8
19  -1
15  -11
17  -6
15  -10
13  1
15  -5
16  -8
17  -10
15  -10
16  -7
18  -1
15  0
15  -9
16  0
16  -5
15  -10
15  -6
15  -6
15  -2
19  -7
16  0
17  -8
18  0
15  -11
13  -5
18  3
16  -14
18  5
15  -7
17  -6
16  -1
16  -11
14  3
16  -4
17  -5
15  -9
16  -2
17  -14
17  -8
17  -13
16  -6
15  0
16  -5
18  10
17  -8
17  -10
14  -2
14  1
16  -4
15  -10
14  -5
17  -12
15  -4
17  -13
18  1
14  5
19  -9
15  -6
14  -3
16  -6
18  -1
17  -14
17  -5
17  -14
17  -13
16  -3
18  -3
18  2
18  6
15  0
20  12
16  -10
18  1
19  -10
16  -5
17  -8
16  -10
18  -3
16  -5
15  -4
16  -14
14  -9
15  -12
14  -9
18  10
14  3
15  -6
17  -14
19  -8
19  -7
16  -8
15  -8
16  -11
16  -13
17  -8
17  -14
14  -8
20  6
15  -13
17  -1
15  -2
12  1
13  4
20  4
16  -10
18  -1
19  4
17  -8
14  5
16  -9
17  -2
15  -4
15  -1
14  -1
18  7
15  -13
15  -9
18  -1
18  10
16  -5
13  1
14  5
19  -9
18  8
14  3
19  -9
17  -2
16  -13
16  -2
16  0
18  11
16  0
17  -1
16  -7
16  -10
18  -2
16  -7
17  -10
19  4
17  -14
16  -6
14  -2
17  -4
17  -7
18  3
16  -7
17  -13
17  -11
16  -9
14  1
20  9
19  3
16  -14
15  -10
15  -8
17  -12
15  1
18  -3
15  -12
17  -12
17  -9
17  -7
14  -7
17  -7
17  -11
15  -3
15  -8
19  -5
16  -2
17  -4
18  3
18  6
16  -11
14  1
15  -10
18  -3
13  3
14  4
18  6
16  -9
11  -14
16  -4
14  1
19  1
16  -14
18  10
16  -12
17  -9
15  -2
16  -14
18  10
18  1
17  -9
12  -11
15  -8
18  3
15  -11
15  -11
17  -11
16  -7
15  -1
15  -10
14  3
16  -12
18  0
16  -2
18  2
16  -3
15  -13
15  -13
20  5
17  -6
16  -12
15  -4
16  -7
17  -2
18  5
21  4
16  -8
16  -5
18  -2
15  -10
16  -12
18  2
20  10
17  -2
18  -3
16  -8
17  -3
16  -3
19  -2
16  -6
15  -4
15  -13
17  -4
17  -13
15  -13
17  -12
19  -1
15  0
16  -14
18  10
18  10
14  -8
15  -9
14  -2
15  -5
17  -7
18  11
18  4
14  -3
17  -10
15  -2
14  -7
18  4
16  -2
16  -9
15  -13
18  2
20  0
16  -10
16  -11
16  -9
17  -8
14  3
16  -7
17  -14
15  -13
14  -4
14  -5
18  3
19  -8
15  -6
17  -14
15  -5
17  -14
13  4
16  -13
18  6
13  -3
17  -13
15  -12
16  -12
20  8
20  4
14  4
16  0
16  0
18  -1
17  -9
17  0
16  -13
17  -10
16  -5
15  -1
18  5
17  -11
19  -5
17  -11
16  -3
15  -8
17  -1
12  -8
15  -8
17  -9
15  -12
17  -8
15  -1
19  -7
15  -9
18  4
17  -10
16  -8
16  -8
16  0
18  7
16  -2
17  -13
13  3
18  6
18  0
17  -12
15  -12
14  4
20  10
14  -4
14  4
16  -11
12  -4
15  -13
19  -5
18  8
16  -13
15  -9
17  -10
16  -1
17  -11
20  7
18  -3
18  4
19  1
15  -5
14  -8
15  -7
11  -13
16  -7
16  -2
16  -9
14  -7
17  -12
18  8
16  -2
13  6
15  -12
14  -2
16  -5
