11  1
11  -4
9  0
13  4
12  3
8  2
11  -5
11  -2
12  8
15  1
11  -10
14  -2
10  1
14  -9
16  0
11  -1
11  0
14  -2
13  9
11  -9
16  -8
17  -5
10  -2
12  -3
13  12
10  0
12  3
10  3
12  3
11  -2
12  5
13  10
13  14
9  8
12  2
16  -5
11  -7
10  -4
9  4
11  -1
14  -13
9  6
12  4
10  8
12  -2
16  1
13  11
12  -3
14  -2
15  1
13  7
14  -1
14  -12
12  4
12  1
10  -2
12  -4
11  -2
16  -8
13  0
16  -7
11  4
13  4
9  3
11  -4
13  9
13  9
11  -7
12  0
13  4
9  6
11  4
14  -13
12  0
15  -6
17  -1
10  0
15  -4
9  4
8  1
10  6
12  1
15  -4
13  0
13  13
12  -3
12  -2
12  2
12  -4
13  10
14  -11
16  -9
16  -9
12  8
10  -4
15  -4
11  -3
14  -12
9  8
12  -3
15  -10
13  1
15  -8
13  5
12  3
12  1
11  2
11  -1
12  6
12  0
12  1
14  0
8  4
15  -1
12  -5
15  -11
14  -11
11  -1
9  9
16  1
14  -6
13  3
11  -3
13  2
13  13
12  3
14  -5
13  14
13  5
15  -13
11  -5
9  -1
11  -1
15  -3
11  1
15  -11
10  6
12  0
16  -8
11  4
13  7
12  5
15  -12
12  -6
12  -5
14  -6
9  8
13  10
12  -2
13  7
11  -10
13  9
11  -8
13  2
13  6
12  -2
12  4
16  -4
13  5
14  -9
12  -5
15  -3
15  0
17  0
14  -4
13  4
11  -6
15  -12
14  -13
13  7
14  -11
12  -1
7  3
13  11
16  -8
14  -2
11  -1
15  -6
11  -10
10  -4
13  4
16  -8
13  6
13  12
13  14
12  8
15  -10
9  0
15  -4
13  1
13  8
12  4
9  -1
8  -4
8  -6
14  -6
10  9
14  -1
10  0
11  0
10  1
12  5
11  4
12  -4
11  -10
16  -5
13  2
13  9
14  0
12  -4
14  0
13  9
11  -7
11  -4
13  4
9  9
11  -2
10  -2
13  14
13  9
11  -10
12  8
9  8
12  -5
11  -3
11  3
11  3
12  5
12  0
13  7
13  0
17  3
12  -1
12  -1
10  -2
15  -10
11  -9
15  -1
9  10
10  -5
15  -7
11  3
11  -6
11  2
12  -5
11  1
15  -9
10  9
14  -9
11  -6
12  -3
13  0
10  -4
11  -4
13  1
12  -3
14  -11
10  9
9  8
11  -9
14  -9
14  -7
12  1
13  4
15  -10
11  -6
14  -4
14  -14
8  1
11  3
12  -6
14  -9
15  1
12  1
13  14
12  -5
14  -5
12  -6
14  0
10  3
11  3
8  5
12  8
14  -5
15  -7
12  -3
10  5
10  2
14  -11
10  -2
14  -11
12  6
15  -11
12  -4
13  10
9  -2
12  -1
16  2
12  7
12  0
8  -3
10  0
16  -2
12  -4
11  -6
13  4
13  14
12  6
13  6
14  0
13  11
14  -6
13  1
13  6
12  1
13  1
14  -14
16  -4
14  -1
10  -5
11  4
13  0
11  2
12  -3
15  -11
12  0
12  -6
13  12
10  -3
15  -7
12  5
13  1
12  6
12  3
15  -2
11  4
13  7
13  7
9  5
10  -2
14  -4
14  -8
15  -3
12  5
12  7
14  -14
10  2
16  -6
8  -3
10  -1
13  13
14  -9
12  -3
10  8
11  -4
10  -2
11  3
15  0
12  -4
13  1
11  3
14  -6
16  1
12  8
13  1
9  5
14  -12
9  -1
13  13
13  7
12  -4
14  -3
15  1
13  6
14  -14
16  -8
16  0
16  -2
14  -4
11  4
14  -12
12  5
11  -10
12  -4
12  -1
14  0
14  -13
13  8
13  3
12  -6
12  5
13  13
16  -1
13  7
12  6
13  5
14  -12
12  -6
9  0
12  -1
15  -8
11  -7
13  11
14  -7
12  8
17  3
13  1
12  1
11  -4
12  1
13  12
14  -3
8  3
11  -8
14  -13
19  3
16  -7
10  2
11  2
9  8
14  -1
11  -2
12  7
15  -1
9  8
12  -4
12  3
14  -3
15  -6
11  0
13  1
14  -3
11  2
9  2
10  4
12  1
12  7
12  -1
11  -2
12  2
14  -3
9  10
11  3
10  9
12  -4
11  2
13  14
11  4
15  -3
13  7
7  0
12  0
12  6
14  -8
15  -2
11  -7
15  -6
14  -5
11  -10
13  11
10  6
14  -14
8  5
13  1
11  -4
12  4
17  -7
16  -11
11  -3
12  8
9  0
12  5
11  -2
12  5
10  4
9  11
14  0
13  1
9  5
14  -2
14  -9
8  -3
13  3
13  5
14  -13
14  -13
12  7
12  8
9  2
13  7
14  -12
12  -3
12  7
8  2
12  0
15  -5
14  -13
8  -3
10  1
10  -4
10  4
9  2
13  13
12  2
12  -4
13  0
12  8
14  -3
16  -3
11  -8
11  1
10  -1
14  -7
12  8
14  -4
13  12
15  -3
11  -4
14  -4
14  -2
13  11
11  3
12  3
10  9
12  -4
11  2
13  1
10  -1
12  6
11  -9
13  13
12  3
11  -5
11  0
15  -11
13  2
12  2
10  -2
10  7
14  -13
13  11
11  -6
11  -8
11  -6
13  3
14  -14
10  9
12  1
15  1
15  -7
14  -8
15  -11
10  8
11  3
12  3
11  0
12  -2
9  0
15  -5
11  -1
14  -4
10  -5
11  -10
9  1
12  2
15  -8
14  0
8  -1
10  6
10  8
11  1
13  12
12  5
13  10
11  3
12  5
11  -3
12  7
9  -2
13  8
12  4
13  2
12  -6
10  -4
14  0
12  6
10  6
16  -4
12  -1
12  -6
12  3
16  -4
13  7
12  -2
13  9
12  7
11  4
10  4
14  -11
14  0
10  9
12  8
10  -1
10  8
12  1
13  9
11  2
14  -13
16  -10
13  1
12  4
10  2
13  6
14  -9
12  2
10  1
14  -14
12  6
13  14
9  -1
14  -1
17  3
14  -5
12  -2
12  -1
14  -9
11  1
13  6
11  -5
14  -5
12  7
10  3
15  -2
14  -3
12  -6
13  9
12  0
12  8
15  -4
14  -8
13  10
13  5
13  4
13  11
14  -6
14  -13
12  -2
12  2
10  7
12  4
16  -8
15  -8
11  1
16  -4
15  -3
9  1
13  9
15  -10
11  -5
12  -6
12  -5
12  -1
10  -2
13  0
16  -2
14  -7
13  2
9  8
14  0
12  2
12  8
14  -11
8  1
13  5
13  7
9  6
8  6
16  -11
13  8
11  -5
11  -9
16  -1
10  7
9  -2
14  -5
13  2
12  8
9  -2
10  7
15  -9
11  -1
14  -14
12  5
12  6
10  6
12  7
13  8
15  0
14  -3
14  -8
11  -5
14  -10
9  5
15  1
11  -1
14  -4
12  3
12  -1
13  4
8  -4
12  -5
14  -11
15  -9
11  -9
14  -4
14  -6
13  5
15  -2
11  -7
13  3
10  -3
10  -3
13  9
13  5
8  2
14  -6
15  -10
9  9
11  2
10  -2
8  -6
12  -1
12  -6
12  -6
9  3
15  0
15  -13
13  12
10  -5
12  2
12  -2
15  1
12  -4
10  2
12  2
12  -2
12  6
13  1
13  10
12  4
11  2
13  6
11  1
12  -2
10  -3
14  -6
12  -3
13  1
12  7
15  -8
13  2
10  1
12  7
13  13
12  3
11  -7
13  3
12  -1
11  -5
11  -9
10  -4
11  -9
16  -1
11  -5
13  11
10  1
10  -1
12  -2
12  -6
11  -1
14  -12
14  -2
11  -5
14  -11
15  -7
13  2
12  -3
13  2
12  -2
11  -4
12  -2
13  9
14  -2
12  1
11  1
16  -7
14  -13
8  2
15  -7
14  -12
13  2
12  1
12  6
12  2
12  -5
11  -1
14  -12
8  1
13  13
9  5
13  12
14  -9
13  14
11  -1
14  -5
12  -2
11  -7
11  1
11  1
14  -9
13  13
13  10
11  -3
10  -2
13  9
13  14
12  -5
11  3
12  -5
10  6
11  -4
11  -2
12  3
12  2
11  -8
13  3
13  11
12  -1
13  6
14  -1
13  6
13  0
11  -8
9  8
14  -3
14  -12
13  11
15  -8
12  1
14  -13
13  7
13  14
12  3
10  3
13  10
11  -6
10  8
13  1
13  3
8  -4
10  6
12  -6
14  -1
12  -3
15  1
14  -14
13  8
15  -12
12  -6
13  12
9  -1
11  -10
17  -9
11  -4
15  -5
10  0
11  -5
11  -6
12  -3
16  -7
10  -5
12  -4
12  4
12  -2
10  8
12  0
11  -5
12  -4
13  0
15  -6
12  6
15  -1
12  7
12  -4
14  -12
12  4
12  5
11  4
14  -6
13  12
12  7
11  -9
11  -1
14  -10
16  1
13  4
14  -8
15  -4
14  -10
12  -3
13  6
12  1
13  10
13  8
10  5
14  -9
10  4
13  13
13  3
12  6
12  7
12  -6
13  12
9  7
9  -3
14  -5
11  -5
13  0
12  -1
17  -8
11  -5
14  -13
14  -5
13  12
9  0
12  6
12  3
12  -6
16  -8
11  3
13  2
12  -6
13  5
8  -6
15  -8
10  8
12  -6
15  -6
12  4
17  0
13  4
8  -8
15  0
13  9
14  -13
12  -6
15  -2
11  -3
14  -10
13  1
9  7
12  -2
13  2
14  -10
12  2
11  -7
12  7
17  0
13  12
8  -6
13  11
18  -7
15  0
11  2
10  -5
8  0
11  -8
13  8
14  -6
11  -2
11  3
12  -4
14  -11
13  14
10  7
13  3
10  7
13  5
13  9
14  -1
12  2
11  -4
12  7
13  1
15  -11
15  -1
12  7
12  7
11  -5
11  -9
