20  5
20  -2
16  0
21  8
19  4
17  8
17  8
16  -4
16  3
19  10
16  -5
19  -1
16  -1
17  6
21  6
17  8
20  0
20  0
22  -2
18  2
19  10
22  -7
15  -4
19  0
21  0
20  7
17  5
20  8
18  -5
14  4
19  10
19  10
19  7
18  2
20  1
16  -6
19  4
17  6
18  -5
16  6
20  5
17  6
20  3
18  2
21  5
16  3
18  0
18  0
18  4
18  3
17  5
18  -5
20  0
20  3
19  0
17  7
18  2
16  -1
16  -6
21  6
18  -3
15  2
17  4
16  -1
19  4
20  6
16  1
17  2
18  -2
22  3
18  4
18  3
20  -1
14  -1
16  -5
17  7
21  8
15  -2
16  1
17  9
20  1
17  -2
21  0
18  4
15  -3
18  -1
19  0
18  -5
16  4
18  -2
19  2
19  2
16  3
17  6
20  10
20  9
18  -4
19  8
21  4
17  5
21  2
18  -7
19  10
19  11
18  2
18  -7
19  0
21  10
16  6
17  0
20  4
20  9
22  5
17  3
19  9
17  -1
19  0
17  0
18  -6
17  -2
14  0
17  4
19  6
16  -4
16  -1
16  2
15  0
16  6
17  6
15  1
18  -2
18  -2
18  3
20  7
16  3
20  6
18  1
15  -8
18  3
18  -3
18  3
19  4
16  1
20  10
16  1
19  -1
19  11
21  12
17  7
20  8
18  -8
18  4
18  -7
16  2
18  1
15  -7
16  -3
18  -5
17  2
19  10
18  4
15  1
16  -4
19  3
19  6
22  -6
17  -1
20  -1
21  10
20  2
16  2
19  11
16  5
18  -4
18  -4
18  -8
16  2
18  -2
17  7
19  3
15  -7
18  -2
21  9
19  4
18  0
20  1
17  6
19  2
21  2
18  -2
16  -4
15  1
17  6
16  1
18  -2
17  2
19  7
20  4
20  5
22  0
16  -2
18  -2
18  -8
19  6
18  -8
19  3
20  4
19  6
17  10
19  6
21  10
19  3
14  -4
18  -3
17  4
21  10
21  0
17  2
15  -3
16  -4
19  2
18  -2
22  -1
15  -9
15  -9
15  -5
15  2
19  2
17  10
17  6
16  -3
14  3
20  0
17  -1
19  3
16  2
18  4
19  10
20  0
18  -6
20  7
17  5
17  5
19  11
16  0
20  10
19  9
22  -5
19  2
17  0
16  4
19  2
19  9
19  4
18  -6
20  2
20  2
17  10
19  8
22  5
19  -1
18  1
18  1
20  -1
19  8
21  11
17  2
19  9
17  5
18  -3
20  -2
15  2
17  7
17  3
18  -6
21  10
18  -6
16  6
21  8
16  -4
17  6
18  -4
20  10
18  -1
18  -5
19  11
17  -2
15  -8
17  10
19  8
20  -2
18  -2
19  4
18  1
18  -7
20  1
20  3
17  0
15  0
19  4
18  -6
17  7
18  3
19  7
17  10
18  -8
19  11
18  -3
18  2
15  -5
17  2
19  -1
15  -6
20  10
15  -7
19  3
20  5
19  9
18  0
18  -8
18  -2
19  0
19  1
21  6
20  8
16  6
20  6
20  8
17  10
15  -9
18  1
20  3
22  0
18  -3
15  -3
16  -2
18  -8
19  8
21  2
19  2
16  -1
17  3
23  -1
20  4
20  2
23  3
18  -4
21  3
18  -2
17  10
19  3
18  -6
16  -2
21  8
17  10
19  5
17  0
18  4
19  8
23  0
22  2
16  0
20  4
17  3
18  -4
16  1
16  2
19  5
17  -2
18  -4
18  -4
18  -2
17  0
18  -1
18  -3
15  -7
16  1
15  -2
20  8
15  1
18  3
19  11
19  -1
18  -8
18  -2
20  -2
16  -6
19  4
19  4
21  8
20  -2
18  -3
16  -5
18  -5
19  2
19  -1
21  1
19  3
17  8
19  5
15  2
21  9
22  -4
15  -7
19  2
18  2
17  -2
19  1
21  5
16  -2
17  -2
19  10
20  7
20  2
19  7
16  4
18  -2
18  -7
14  2
23  -3
20  6
18  -7
13  -8
14  -5
19  -1
20  -2
19  1
15  0
19  4
16  1
16  -6
16  6
20  2
19  2
17  -1
17  10
19  2
18  4
16  -6
19  8
17  5
19  11
15  -8
18  -5
19  10
18  4
19  1
19  1
18  -7
17  3
18  -4
20  2
20  8
18  -8
18  -5
19  10
21  10
17  -2
18  3
15  -7
15  3
14  4
16  1
17  6
17  4
18  -8
21  11
17  5
18  4
17  4
17  -2
15  -7
16  0
18  -2
18  -3
20  1
22  3
18  -2
19  9
22  3
20  -1
16  -5
16  6
16  3
17  4
17  -1
17  9
19  4
20  10
20  0
22  -3
17  3
16  0
17  -2
18  1
20  2
19  1
19  8
21  12
18  1
19  8
20  10
18  3
20  7
16  -5
18  -1
17  3
18  0
15  -1
16  1
14  3
19  3
19  4
14  -3
17  3
17  8
19  9
15  -2
18  1
17  1
17  2
15  -2
19  6
19  9
18  -5
18  2
20  4
18  4
17  6
19  0
21  3
13  -5
16  -3
17  10
18  -6
16  -3
13  -1
15  -2
18  -1
19  -1
20  3
16  0
21  7
16  1
20  1
17  7
17  -1
14  3
20  0
19  -1
18  -4
20  8
17  9
20  -2
21  3
17  4
16  -5
20  10
14  0
17  -2
18  1
18  3
21  8
16  3
17  6
16  -3
18  1
17  5
16  0
19  -1
20  0
21  1
18  2
18  -5
16  -6
17  1
19  3
17  -1
15  -6
17  9
18  4
18  3
17  4
17  7
17  0
21  5
17  7
20  2
21  12
18  4
18  -2
21  12
18  -7
19  9
17  6
21  0
17  10
18  4
21  7
18  -3
17  0
17  5
17  -1
19  8
18  -6
16  2
19  8
17  3
16  0
18  0
23  2
15  -1
19  6
21  0
19  8
21  9
18  1
20  5
16  -6
18  -3
20  5
17  -1
18  -3
20  2
18  -5
17  2
20  2
18  1
20  8
17  0
19  9
22  4
16  4
16  -3
18  -7
15  -5
16  2
16  3
18  3
19  10
19  9
16  -2
16  3
18  -5
19  5
20  -1
15  -8
20  5
18  4
13  -11
18  4
18  -6
17  3
18  -1
19  2
17  5
18  -1
18  -3
15  -4
18  -4
21  11
18  3
18  -3
21  5
15  -5
19  2
21  4
16  4
18  -1
19  1
19  4
21  6
20  10
18  -2
17  3
19  10
16  5
17  1
16  -5
19  3
15  -5
17  4
19  10
19  10
16  -4
19  11
16  0
18  -2
15  2
19  4
17  5
18  4
17  4
19  10
16  -4
20  4
19  8
21  1
16  -6
18  -2
16  1
21  8
17  5
19  6
16  -1
20  6
19  11
19  8
21  3
21  11
16  -6
19  9
16  5
19  9
15  2
18  -6
17  1
14  2
15  -6
19  4
16  -1
16  0
16  -4
18  -3
22  2
16  -1
16  1
17  5
20  4
18  0
20  5
18  -3
20  0
17  8
19  10
18  2
14  -6
18  -5
15  -1
16  -2
15  -5
18  -8
21  11
22  -5
18  -1
18  -1
22  -2
21  6
17  5
21  8
18  -1
18  -5
21  6
15  -1
17  1
18  -4
17  6
17  7
19  3
22  -7
16  1
18  -4
18  -6
19  0
19  4
14  2
17  6
21  1
18  3
19  2
21  5
17  4
17  -1
19  10
19  8
20  -1
17  5
21  9
16  0
16  -3
18  3
20  10
19  5
19  6
17  8
16  3
15  -7
19  0
21  4
20  0
18  1
18  -7
19  2
20  -2
20  7
19  8
17  1
17  10
20  1
16  5
15  -4
19  1
17  8
15  -8
19  3
14  -5
14  4
19  3
19  0
15  -9
17  5
16  3
18  3
20  6
18  -8
16  1
18  4
17  6
18  -2
19  11
19  0
18  0
14  -2
17  0
20  4
17  8
20  3
14  -1
18  3
16  -1
17  6
20  1
17  3
20  -1
21  6
15  -1
18  -1
18  0
21  5
20  -2
15  -1
19  7
20  -2
20  6
18  -7
16  6
18  -5
16  -6
17  6
18  -6
18  -7
19  8
17  -2
18  4
15  -5
19  9
14  4
18  2
18  -7
14  -7
14  1
17  -1
14  3
20  -1
18  -3
20  1
19  11
17  4
17  9
15  -6
17  8
16  5
17  0
18  -6
17  8
15  -9
17  3
17  8
18  -1
25  4
17  4
16  0
19  4
16  -6
14  2
19  1
19  3
20  2
19  9
16  6
19  8
16  -4
20  9
16  6
20  -2
16  -3
21  0
17  2
18  -1
14  4
16  3
18  -3
16  0
18  3
17  6
16  6
19  7
20  6
16  2
17  8
17  10
20  8
18  1
17  4
16  4
21  2
17  8
19  1
13  -13
18  -2
17  5
18  -1
19  5
15  -1
18  -3
20  3
15  -4
19  7
18  4
22  1
19  -1
15  -3
21  1
17  2
16  -6
17  0
17  8
21  2
20  6
17  9
17  4
18  0
16  -4
18  -1
20  4
17  0
19  6
17  1
19  -1
20  9
18  -8
16  2
17  3
17  -1
17  1
18  -7
15  -5
19  9
18  4
20  3
19  11
17  6
20  2
16  -5
18  -1
19  1
17  7
16  -5
17  8
21  7
20  -1
18  -7
19  1
20  7
19  4
18  -7
20  -2
16  1
18  -5
19  5
17  0
18  0
19  10
15  -4
20  6
21  0
17  2
18  -6
17  4
20  6
21  2
18  3
19  0
19  8
15  -1
14  -7
18  -4
19  -1
18  2
17  10
