10  -5
13  -2
12  -2
12  -3
14  -5
10  -4
16  3
11  1
7  4
14  -1
12  -4
11  8
12  -9
13  -1
13  2
10  -6
12  -7
15  -3
11  7
12  -10
9  5
10  -8
12  -2
12  -3
11  1
11  3
10  -3
11  8
15  -9
12  -6
12  -5
9  7
12  -5
8  -1
11  3
12  -4
11  3
11  0
10  -8
14  2
11  7
13  -2
11  5
13  3
11  8
15  -8
14  -5
12  -7
10  -5
11  4
15  -10
13  -2
10  -2
10  -3
13  2
13  -2
13  -2
11  1
12  -2
11  3
13  -3
11  5
10  -6
13  1
11  7
14  1
12  -7
14  -1
14  -2
11  6
11  4
13  -5
9  3
9  1
10  -3
11  5
13  -1
11  8
12  -4
10  -4
10  -7
8  -5
11  2
15  -3
12  -9
13  -5
16  2
11  5
12  -8
11  3
9  6
13  -1
12  -9
11  7
14  -4
12  -7
13  0
14  -1
12  -5
11  8
12  -4
11  3
11  6
9  1
17  -4
14  2
15  -8
11  4
10  -4
12  -10
10  0
14  -3
12  -9
14  -1
9  0
14  -2
10  -6
11  6
11  2
17  0
13  -1
12  -2
11  1
10  -4
10  0
9  5
12  -5
9  0
16  0
11  8
12  -8
12  -8
13  -2
12  -2
11  2
14  -3
12  -8
14  1
12  -5
11  2
16  -4
10  -4
13  0
16  4
14  -3
9  -1
13  -1
12  -2
14  -3
12  -10
9  4
11  4
12  -5
16  4
14  -6
13  0
14  -4
15  -8
15  -9
11  3
12  -9
14  2
15  -6
12  -4
12  -4
12  -3
13  -2
14  0
14  -1
12  -2
14  -5
15  -5
11  2
12  -3
10  -6
11  5
10  -6
12  -6
11  7
12  -8
11  3
12  -7
11  3
9  0
12  -8
12  -6
13  -3
13  0
12  -2
10  0
10  -7
12  -6
13  -3
14  -3
13  -5
12  -3
11  1
7  3
15  -7
11  4
12  -3
9  4
9  2
14  -5
11  7
11  7
14  -6
14  -4
10  -6
14  -5
9  0
10  -4
12  -4
10  -3
10  -7
16  -1
13  -4
14  -3
14  2
11  5
9  1
12  -10
17  -6
16  -3
9  5
9  6
14  -4
11  3
13  -3
11  0
11  8
14  -1
8  -7
13  -1
14  -5
12  -5
8  1
13  -3
11  3
14  -4
15  -6
11  6
9  5
8  -1
14  2
11  0
9  7
10  -6
12  -7
13  -4
10  -4
11  8
14  1
11  5
12  -6
14  0
12  -2
12  -3
13  -3
9  -1
11  7
18  1
7  1
14  0
12  -4
13  -3
12  -4
14  -3
13  -1
13  -4
14  -4
13  -3
13  -5
9  0
12  -7
12  -9
12  -5
12  -10
13  1
14  0
10  -7
10  -8
10  -4
9  5
13  -2
11  1
9  -1
14  -2
15  -9
14  -1
13  -1
12  -4
9  4
13  0
12  -2
12  -7
15  -7
11  0
12  -3
10  -3
13  -4
10  -3
12  -6
15  -10
10  -7
12  -9
15  -5
14  -5
16  -4
13  3
13  2
14  -6
8  -1
9  3
12  -5
14  -6
12  -7
12  -5
12  -10
9  2
15  -9
12  -8
13  -1
10  -6
18  0
12  -2
12  -6
12  -7
13  -5
10  -4
12  -7
14  -3
12  -6
14  -1
12  -10
14  -2
15  -3
14  -5
7  -2
13  2
8  0
17  -3
12  -3
12  -8
11  8
13  -1
15  -5
15  -9
10  -6
11  4
14  0
13  1
14  2
15  -4
12  -5
15  -8
14  -6
13  1
12  -5
13  0
12  -3
9  2
11  3
13  -4
10  -7
11  0
13  -2
10  0
14  -1
10  -1
13  -5
11  1
13  -1
9  0
12  -4
10  -3
10  -6
9  0
9  2
14  -5
14  -4
12  -9
12  -4
9  5
10  -3
12  -6
15  -2
12  -2
10  -4
14  -2
14  2
14  -6
12  -4
12  -9
15  -7
9  1
10  -3
9  6
15  -8
12  -5
10  -4
11  0
8  -7
12  -4
14  0
12  -5
11  1
11  1
10  0
14  -2
9  4
15  -3
14  -4
14  -2
14  -5
10  -2
15  -10
7  -2
14  -4
13  -2
11  0
14  -4
16  0
10  -3
13  -3
14  -6
10  -8
14  0
11  2
13  -1
11  6
12  -6
15  -6
15  -10
11  7
7  -1
11  8
11  4
14  2
12  -2
12  -2
11  7
9  -1
14  -4
12  -9
11  7
12  -6
13  0
13  0
15  -10
13  -2
11  5
12  -7
9  7
13  -1
9  1
12  -10
10  -3
12  -6
11  5
12  -2
13  -5
14  -6
12  -7
11  4
12  -10
14  -2
12  -8
12  -7
12  -7
13  2
11  8
13  2
12  -6
10  -7
11  6
13  -3
11  6
14  -2
13  1
12  -8
9  1
14  1
8  -3
15  -6
17  -8
9  2
15  -6
14  -5
13  -5
11  0
11  0
13  -2
15  -8
13  -4
13  3
11  8
11  0
13  -3
13  0
11  0
12  -6
9  7
13  1
10  -5
12  -9
15  -4
14  0
14  -3
12  -8
13  2
10  -2
14  0
14  -6
14  -4
10  -7
12  -5
12  -5
9  4
12  -8
14  -4
15  -6
15  -3
16  -2
13  -3
12  -10
10  -4
12  -9
13  -1
12  -6
13  1
13  -1
11  0
14  -4
12  -3
9  0
11  3
10  -1
12  -6
8  -1
12  -9
12  -9
16  1
11  2
12  -3
9  3
9  3
10  -7
15  -10
14  -4
14  1
10  -3
14  0
15  -3
11  4
11  1
11  7
13  0
12  -7
12  -9
13  -4
15  -3
11  1
12  -7
8  1
14  -2
12  -6
11  8
14  -1
12  -3
11  4
9  -1
15  -10
11  2
11  8
14  -6
12  -3
14  -1
14  1
11  7
13  -4
12  -5
11  5
12  -8
9  2
13  3
11  8
13  3
12  -9
11  7
13  0
15  -7
13  -3
11  0
12  -6
11  6
12  -5
15  -5
14  -2
10  -2
13  -5
14  -4
13  -4
11  4
12  -10
8  -6
13  0
11  2
7  0
12  -7
13  2
14  -1
12  -6
13  -2
11  5
11  6
13  -1
10  -3
14  -2
13  -2
15  -9
14  -1
14  -5
11  4
12  -2
13  3
12  -8
6  7
11  7
14  -2
13  2
10  -7
15  -4
10  -8
14  1
16  -1
13  -3
13  -2
9  6
9  5
12  -6
8  -6
15  -7
11  7
9  3
10  -2
12  -7
13  0
13  -5
11  2
14  -2
14  -4
10  -5
12  -8
12  -4
13  -2
9  -1
16  -4
13  3
15  -8
13  0
11  1
14  -1
13  -5
13  2
14  -4
8  -3
10  -3
10  -8
11  2
10  -8
16  -2
11  1
11  2
13  3
13  3
13  -3
8  0
12  -7
14  -4
12  -2
8  -6
10  -5
12  -7
11  4
15  -6
12  -5
15  -10
14  2
13  -3
15  -5
13  -3
15  -6
10  -8
14  -6
13  -5
10  -8
12  -3
9  4
9  7
8  -6
13  -2
11  8
8  0
12  -4
12  -5
8  -2
13  -1
14  2
13  -3
12  -6
15  -2
14  -5
13  -1
12  -7
12  -6
14  -4
12  -4
14  -3
10  0
9  -1
10  0
9  6
12  -6
12  -10
13  1
11  5
11  2
12  -10
12  -5
9  7
10  -4
13  -4
13  -2
9  1
12  -4
10  -1
12  -5
10  -7
17  -7
11  7
13  -2
11  1
11  4
11  6
13  -5
11  8
10  -8
12  -10
13  2
8  -2
13  -1
12  -8
10  -2
12  -10
17  0
13  3
15  -10
13  -1
12  -5
12  -9
9  1
12  -10
14  -4
12  -9
10  -4
15  -4
11  7
8  -6
9  4
12  -4
14  0
14  -4
16  -3
9  7
12  -10
11  8
15  -6
11  0
15  -8
11  8
14  -2
11  1
14  -3
14  -1
14  -5
11  5
11  4
11  2
13  -1
12  -5
11  1
14  -6
13  1
12  -4
13  3
14  -3
11  4
12  -3
16  1
14  -2
8  -6
13  -1
7  2
14  -1
10  -1
11  6
14  -4
15  -9
11  8
12  -9
10  -7
13  -1
8  -4
13  -3
10  -5
12  -2
11  0
12  -7
11  7
12  -4
12  -7
13  -2
13  3
9  7
9  6
10  -5
11  3
13  -3
12  -7
16  -4
11  8
15  -7
13  -3
15  -2
11  5
9  3
15  -3
10  -4
12  -8
12  -4
15  -3
15  -9
11  1
13  -2
9  5
18  2
14  -2
11  5
12  -7
14  -3
10  -3
10  -1
13  0
16  -2
11  1
14  -1
9  0
14  -3
12  -8
12  -10
15  -10
14  -4
9  5
11  0
17  -2
13  2
15  -5
15  -9
13  -1
13  1
13  -3
10  -5
11  5
13  1
12  -3
15  -2
16  0
15  -9
16  2
9  6
16  -4
11  2
11  1
12  -9
10  0
9  3
15  -7
11  5
9  6
10  -7
11  3
12  -10
13  -4
12  -2
9  7
16  -1
9  3
9  3
14  2
12  -2
9  4
13  -4
6  2
14  -6
9  4
12  -6
15  -2
12  -3
13  -3
14  -4
11  6
8  0
11  5
11  0
13  1
12  -4
7  -3
13  1
9  6
17  -1
13  -4
10  -1
8  -1
12  -3
17  -7
14  -1
13  -1
15  -3
9  6
12  -4
11  4
14  -2
12  -10
13  0
14  -1
12  -9
15  -7
11  5
12  -6
13  0
12  -7
10  -6
9  5
13  -5
6  0
13  -5
11  7
9  3
12  -6
15  -2
12  -10
12  -4
8  -4
10  -7
10  -8
15  -2
11  3
10  -1
12  -5
12  -7
8  -2
7  3
13  -5
12  -7
10  -1
10  -3
11  1
12  -8
12  -8
9  0
12  -2
13  2
13  -1
13  -1
13  -1
9  1
14  -6
8  -6
10  -1
14  -5
10  0
14  2
13  1
9  3
16  -2
15  -8
8  -1
11  4
10  -8
13  -2
15  -6
12  -3
13  1
12  -6
9  5
12  -8
11  4
11  2
8  -1
