22  2
22  7
23  -4
21  -3
23  -1
23  -1
19  2
22  7
23  -4
23  -2
23  -1
22  7
21  -1
22  6
22  4
23  -1
21  -6
22  2
21  -7
21  -5
20  -2
21  -2
22  4
20  -4
23  0
23  2
23  -1
24  7
23  1
23  -4
22  6
23  -3
23  -2
21  -6
22  8
22  6
23  -1
23  -4
23  0
19  5
21  -5
22  6
21  -6
21  -7
21  -3
22  3
21  -6
20  -4
22  7
21  -4
20  -5
24  7
21  -2
24  6
20  -3
20  -1
22  5
20  -2
23  -1
22  3
23  -1
24  1
20  0
20  1
26  -4
21  -5
21  -5
23  0
22  6
21  -6
20  -1
23  1
21  -7
23  -2
27  6
21  -1
23  -1
21  -1
24  2
22  3
23  -2
19  5
23  1
22  6
18  -1
19  3
21  -5
23  2
22  6
22  2
20  -1
18  -3
22  8
24  1
22  7
20  1
23  2
20  1
21  -2
23  2
22  5
22  3
21  -4
23  2
20  1
25  -5
24  7
23  0
23  1
21  -3
22  2
22  7
22  2
20  0
19  4
21  -3
20  1
22  6
23  -2
23  -3
24  1
23  -1
21  -7
22  7
20  -5
22  5
25  -2
21  -6
19  2
23  -4
23  -3
24  7
22  8
22  5
20  0
22  6
24  1
22  5
24  3
20  0
23  -4
25  -7
22  8
20  -2
22  6
23  1
21  -5
23  -1
21  -2
23  -4
21  -6
19  1
22  5
22  6
20  -3
20  1
23  -1
22  4
20  -5
22  6
25  -8
20  -5
21  -7
23  0
21  -3
20  -2
23  -4
21  -7
22  6
20  -1
23  0
24  3
23  -3
23  0
23  -3
21  -6
25  -4
20  -1
20  -4
22  3
25  -7
21  -1
20  0
19  3
21  -5
23  -2
24  1
25  -7
20  -2
21  -5
23  0
23  -1
20  -4
22  4
21  -4
22  6
23  2
22  8
23  -4
23  2
23  -1
20  1
21  -1
23  -3
21  -3
22  3
22  2
23  -1
22  4
21  -4
23  -4
22  2
22  7
17  6
21  -5
22  5
26  -4
22  5
21  -1
22  4
22  8
21  -6
19  4
21  -6
20  1
21  -1
22  5
24  6
22  2
23  2
23  0
22  3
22  6
21  -1
19  4
19  6
24  1
21  -7
23  2
21  -6
23  -1
21  -1
26  -5
24  3
21  -5
23  -3
22  3
20  0
21  -7
22  8
24  7
22  6
23  -3
22  5
21  -4
23  -2
23  2
22  4
24  5
23  -1
23  1
22  6
21  -2
20  1
24  4
22  2
22  3
23  0
23  -4
24  5
22  5
23  -3
24  4
23  -4
22  4
20  -3
24  2
21  -5
20  -1
21  -3
26  -1
23  -3
21  -5
22  8
22  2
23  -3
21  -2
21  -3
20  1
21  -1
23  -3
25  -6
21  -3
22  8
21  -4
23  0
19  2
22  8
21  -7
21  -1
20  -2
20  -1
23  -4
22  3
22  2
24  3
21  -1
23  -3
22  8
23  0
20  -4
23  -3
21  -4
23  -3
19  6
19  2
20  -4
22  7
21  -2
24  6
22  6
24  7
22  8
22  7
19  2
22  7
19  2
24  4
25  -4
22  2
21  -4
21  -1
22  4
23  -3
25  -6
24  3
24  6
24  2
21  -1
23  -2
19  3
22  2
21  -1
22  6
22  3
22  4
20  -4
23  -1
19  2
21  -4
20  0
20  -4
24  7
24  3
22  2
21  -2
24  1
20  -5
23  1
21  -5
19  1
23  0
23  -3
24  5
22  3
21  -2
22  7
23  0
21  -5
21  -6
24  2
23  1
21  -2
21  -7
23  0
22  8
22  5
21  -3
21  -7
21  -3
24  2
21  -1
21  -1
24  5
23  0
23  -2
22  3
22  2
23  -3
25  -7
24  4
20  -1
23  -4
23  -3
21  -6
21  -5
20  -4
22  6
21  -1
21  -5
21  -5
21  -3
20  -4
23  2
23  1
18  1
20  -4
23  -2
22  8
24  3
23  -2
23  -3
22  4
24  1
23  -3
22  8
21  -1
21  -4
21  -5
22  3
21  -2
20  -1
19  0
24  1
19  4
20  -1
22  7
19  0
22  3
22  2
23  -2
23  -1
24  2
22  6
23  0
25  -4
23  -1
22  8
21  -4
24  5
22  7
25  -8
21  -6
22  5
20  -2
21  -4
21  -4
23  0
22  8
21  -6
21  -1
21  -6
22  6
22  4
25  -3
20  -5
25  -3
22  2
19  0
24  2
23  -3
24  1
22  3
22  7
23  -1
22  3
22  3
20  0
21  -7
21  -1
25  -6
22  6
20  1
21  -3
22  4
22  4
23  -2
21  -5
24  2
24  1
22  3
21  -4
23  -4
23  -3
20  -4
22  2
22  6
22  6
22  4
21  -5
19  4
20  -3
23  -1
23  -1
21  -4
23  -2
25  -4
19  0
22  8
22  4
21  -5
22  2
19  6
24  6
24  1
19  1
24  3
23  -2
22  3
22  3
21  -3
23  -1
20  -5
22  4
22  7
22  3
20  0
21  -7
20  -4
22  7
22  7
21  -5
21  -5
21  -3
22  7
21  -5
19  6
19  2
20  1
20  -5
22  3
22  3
23  -3
21  -6
22  3
20  -2
19  4
21  -4
23  -1
24  5
22  7
25  -6
25  -8
22  6
23  -1
21  -7
25  -3
24  5
22  4
21  -2
20  -2
24  1
21  -6
23  -2
20  -1
22  7
23  -2
22  4
23  2
22  2
21  -5
23  1
23  -1
20  -3
20  -1
27  4
22  6
21  -4
22  8
22  8
22  4
21  -4
20  -3
21  -3
21  -6
20  -1
21  -6
24  6
22  6
23  2
21  -2
23  0
24  2
23  -4
20  1
20  -1
21  -3
22  2
24  4
21  -1
22  8
21  -4
28  4
22  7
22  7
21  -4
23  -1
24  5
22  4
21  -3
22  8
19  0
22  6
24  5
22  7
25  -7
22  8
22  4
21  -1
22  8
24  4
21  -1
23  1
21  -1
22  4
22  2
24  6
20  -4
22  2
22  3
19  0
24  3
21  -5
20  -4
22  3
23  -2
25  -8
21  -5
21  -2
22  7
22  3
22  2
21  -4
19  1
26  -1
18  2
24  3
23  1
20  -5
21  -1
22  2
19  5
23  -1
23  0
20  -1
21  -6
25  -7
22  6
20  1
21  -4
21  -5
21  -5
21  -5
25  -4
20  -3
19  5
23  -1
21  -1
22  5
23  -2
23  1
24  3
20  -2
21  -6
22  3
20  -5
21  -5
20  1
23  -2
22  8
23  -3
20  -1
23  1
22  7
23  -2
24  5
22  6
22  6
22  7
22  5
23  -3
22  5
22  2
22  8
21  -7
22  3
22  7
23  2
22  5
21  -4
23  -4
19  4
21  -5
22  6
20  0
25  -7
20  -5
22  8
23  -3
24  3
23  -4
23  -1
23  0
21  -4
20  1
21  -3
22  2
23  1
21  -5
22  5
22  2
21  -4
25  -3
19  1
23  -3
23  -1
22  5
24  3
23  -1
20  0
24  3
20  1
21  -6
22  5
21  -5
22  7
20  -2
23  -4
21  -1
22  3
23  1
19  2
22  3
25  -7
20  1
22  4
21  -5
20  -3
22  6
21  -7
23  -3
23  0
22  7
22  5
22  8
20  -2
22  6
21  -6
19  0
21  -3
24  3
23  1
25  -2
19  3
23  -1
21  -5
23  -1
22  8
21  -2
22  6
23  -2
23  2
19  3
20  0
21  -6
21  -7
21  -7
21  -5
24  5
23  -1
22  4
21  -3
23  -1
20  -5
23  -3
22  8
20  1
21  -6
21  -5
20  1
20  -5
23  -4
22  8
20  -4
21  -2
21  -4
25  -6
22  5
21  -3
21  -1
22  6
22  4
24  4
22  2
24  1
22  2
23  2
21  -4
23  -1
20  -3
21  -6
21  -5
20  -4
20  -5
21  -5
22  2
23  0
20  -5
21  -3
22  8
20  -2
21  -2
23  1
22  8
23  1
25  -6
23  1
21  -5
19  6
23  -4
21  -7
24  4
23  -3
22  5
19  0
24  7
19  3
22  5
22  5
22  5
21  -3
21  -7
23  1
22  6
22  2
22  4
21  -5
23  1
23  2
20  1
24  1
22  4
21  -3
23  1
23  0
22  8
22  8
19  1
23  -4
24  3
22  4
21  -4
22  5
22  3
20  -2
23  -1
20  -2
22  8
24  7
21  -5
21  -7
23  0
23  2
25  -8
22  5
20  -4
20  -5
20  -5
20  -4
20  -5
21  -3
22  7
21  -3
23  0
22  4
19  2
24  3
21  -1
20  -2
23  0
22  7
23  0
20  -5
23  -2
22  7
21  -6
21  -5
22  2
21  -7
25  -3
24  3
20  -1
23  -4
19  1
20  -3
22  4
21  -2
22  2
23  -3
21  -2
21  -5
23  -3
25  -2
23  1
24  6
22  6
24  7
23  -2
22  8
22  3
21  -4
21  -7
22  3
21  -7
22  4
22  8
19  2
21  -6
22  7
21  -2
22  5
21  -4
22  6
20  -4
23  2
20  1
21  -5
23  1
19  3
23  -2
22  2
22  2
23  -3
23  -1
20  -2
23  -1
20  0
22  7
19  6
25  -4
21  -2
22  4
22  7
20  0
21  -3
21  -7
24  1
22  2
24  6
21  -6
23  0
24  1
21  -2
24  1
22  8
21  -2
22  5
20  -2
20  -2
23  -3
20  1
21  -7
20  -4
22  4
23  1
20  -5
20  1
20  -2
21  -3
24  2
21  -4
22  3
21  -1
22  6
26  -5
23  0
20  -5
23  0
20  -4
20  0
21  -6
22  3
21  -1
20  -3
24  6
24  4
24  6
22  2
19  3
24  1
21  -6
22  2
24  3
25  -5
23  1
23  2
22  6
21  -1
19  6
23  -3
