19  -2
19  -5
20  1
19  -1
21  -9
20  4
19  -2
19  -7
19  -4
20  4
20  12
19  -7
19  -6
19  0
20  4
21  -1
19  -4
21  -5
21  -8
19  1
20  9
20  7
19  -6
21  -5
20  4
21  -2
20  6
20  3
20  13
20  1
20  7
20  7
21  -7
20  6
20  6
21  0
20  8
19  -10
20  13
19  -3
19  -10
19  0
20  9
19  -8
20  4
21  -7
21  -1
20  2
19  -5
20  9
19  -3
20  4
19  -11
19  -5
20  3
20  10
19  -1
19  -7
19  -10
19  -5
22  5
19  -10
20  7
21  -8
19  -8
19  -5
20  13
19  -1
21  -5
19  -5
19  0
19  -9
20  9
19  -9
20  6
21  -9
20  8
20  7
20  11
20  9
19  -5
21  -3
20  6
20  1
20  3
19  -2
19  -6
19  -4
20  10
19  -11
19  -6
20  5
19  -9
19  -6
20  7
19  1
22  -1
19  -10
19  -7
19  -11
20  8
19  -5
19  -3
19  -11
20  10
20  12
19  -1
20  8
22  0
20  12
20  13
21  -6
20  1
19  0
19  1
19  -6
19  1
20  12
19  -2
19  -6
20  11
20  3
20  8
19  -10
20  2
19  -4
19  -1
19  -8
20  12
19  -11
20  9
19  0
21  -5
21  -1
20  9
19  -9
19  -11
19  -10
19  -8
20  5
20  1
20  7
19  -6
19  0
20  5
19  -1
19  -3
20  9
20  9
20  3
20  6
20  6
21  -6
20  1
19  -6
19  -1
21  -1
19  -1
20  3
19  -3
21  2
19  -7
21  -1
19  -10
20  12
21  -5
19  -5
19  -9
20  11
19  -8
20  5
21  -9
20  3
19  -8
19  -1
19  -1
20  11
20  9
20  8
19  -9
20  11
20  12
20  10
19  -7
20  9
20  2
20  11
20  9
19  -1
19  -7
19  -9
20  6
20  10
20  1
19  -2
21  -3
20  1
20  4
19  -4
19  -2
21  -1
19  -10
21  -4
20  13
19  -5
20  1
20  10
20  7
20  7
19  -1
19  -4
19  -4
19  1
19  -11
19  -3
19  -5
19  1
19  -7
20  1
20  1
21  2
21  1
19  1
19  -7
19  0
20  9
20  7
20  8
20  1
19  -7
20  5
20  9
20  1
20  1
19  -11
21  -7
20  12
19  -10
20  7
19  -8
20  6
19  -2
20  5
19  0
21  -9
20  8
20  2
19  -2
21  2
21  -1
20  10
19  -2
19  -8
19  -3
19  -2
19  0
19  -11
19  -10
19  -2
21  -8
19  -6
20  13
20  8
19  -9
19  -5
19  -6
19  -7
19  -5
20  10
19  -9
20  12
19  -1
20  12
20  13
21  -2
20  9
20  1
20  5
20  11
20  11
20  8
20  4
19  -2
19  -6
19  1
19  -8
19  -8
19  -6
19  -8
20  12
21  1
20  9
21  -8
19  -5
19  0
20  12
19  -7
19  -5
21  -2
19  -4
19  -6
19  -4
20  7
20  1
19  -6
19  -6
19  -6
20  10
19  -2
19  1
20  12
21  -2
20  7
19  -4
19  -3
19  -7
21  0
20  6
20  7
20  9
20  11
19  -8
19  -11
20  10
19  -5
20  5
20  8
19  -10
19  -5
20  3
21  -5
19  -4
19  -6
19  -9
20  7
19  -4
19  -2
19  -11
21  -2
20  10
20  8
20  7
19  -10
19  -3
19  1
19  -5
19  1
19  -1
19  -9
19  0
19  -2
19  -7
19  0
20  12
19  -6
20  11
20  4
19  -2
19  -1
19  0
20  7
19  -6
20  2
20  13
19  -4
21  -5
19  -10
20  6
19  -6
19  -9
19  -11
19  -1
20  4
19  -8
19  -2
19  -10
20  2
21  0
20  9
19  -7
20  8
19  -8
19  -6
19  -2
19  -9
20  3
19  -9
19  -1
21  0
19  -11
20  6
20  9
20  2
19  1
20  5
19  -9
19  0
21  -9
21  0
22  -2
19  -5
20  4
21  -3
19  -3
20  2
20  8
21  3
21  -5
20  13
20  6
20  7
19  1
20  11
19  -2
19  1
20  1
20  1
19  -9
20  12
19  -2
19  -2
21  2
19  -5
19  -8
20  12
19  1
21  -4
21  -5
20  10
19  1
20  5
21  -3
20  8
19  -8
22  0
19  -10
19  -8
19  -7
19  -11
19  -2
21  0
20  1
20  2
20  3
20  10
20  12
20  2
19  -11
19  0
20  8
20  3
20  6
20  3
20  6
20  7
19  -1
20  7
20  1
21  -3
20  13
19  -6
19  -4
19  -6
19  -11
19  -5
19  -3
19  1
21  -6
19  -8
19  0
20  10
19  -3
20  7
20  13
19  -8
19  -10
21  -1
21  -9
20  6
19  -7
20  9
20  13
20  7
20  13
19  -2
19  -5
20  3
21  -1
19  -9
20  9
20  4
20  1
20  12
19  0
20  11
19  -8
20  4
20  2
19  1
19  -2
19  -6
19  -6
19  -11
20  10
19  -10
19  -4
19  0
19  -6
20  11
20  5
19  -2
19  -5
20  8
20  2
19  0
19  0
20  5
21  -5
20  1
19  0
19  1
19  0
20  12
19  -10
20  9
19  -5
19  -10
21  -4
21  -2
19  -5
19  -8
20  3
21  -7
19  0
21  3
19  -5
19  0
20  9
19  -6
19  -11
20  1
21  -1
20  11
19  -7
19  -6
21  -9
20  6
19  -5
19  -6
20  12
19  -3
20  8
19  -11
20  12
19  -9
19  -1
20  7
19  -11
21  3
19  -9
19  0
19  -10
20  8
21  -9
20  2
20  5
20  2
19  -1
20  3
19  -3
19  -7
19  -4
20  13
19  1
21  3
19  -3
20  8
20  1
20  6
20  11
19  -11
19  -2
20  12
20  13
19  0
21  -4
19  -2
20  13
21  3
20  11
20  12
19  0
21  -1
19  0
19  -3
20  8
20  10
19  -8
21  -4
20  11
20  10
19  -3
21  2
20  1
20  13
19  -8
19  -3
20  5
19  -3
21  -6
20  1
20  1
21  -9
19  -3
20  13
19  -1
20  6
19  -1
19  0
19  -2
20  2
21  2
19  -4
20  6
19  -8
21  -9
20  11
20  11
19  -11
19  -11
20  5
20  4
20  11
19  -3
19  -5
19  -8
20  3
19  1
19  -3
20  6
20  4
19  -10
19  -3
19  -11
20  12
19  -5
19  -6
19  -6
21  0
20  3
21  -8
19  -6
19  -1
19  -3
20  12
19  -10
19  -4
19  0
19  -10
20  8
19  -3
19  -9
20  11
19  1
19  -1
19  1
19  -7
20  7
20  6
21  -8
19  -11
19  -10
19  -5
21  -8
19  -7
20  10
20  1
20  13
19  -3
19  -6
19  -7
19  -10
20  6
19  -3
20  4
19  -8
19  -8
19  1
19  -2
20  9
19  -2
19  -3
19  -11
20  12
20  4
19  1
19  -1
20  2
20  10
19  -4
20  13
21  2
20  5
19  -9
19  -1
19  -10
19  -9
20  10
19  0
20  6
20  8
20  5
19  -3
21  -9
20  10
20  2
19  -8
19  -4
20  5
19  0
19  -9
19  -7
19  -3
19  1
19  -9
19  -10
19  -1
21  2
19  0
20  12
21  0
20  9
19  -10
19  1
20  1
20  9
19  -7
20  11
19  -7
19  -3
20  10
19  0
20  5
19  0
20  9
20  12
19  -10
20  11
19  -3
19  -2
19  -8
20  13
20  12
20  2
20  9
19  -6
19  -2
19  1
21  -4
19  -6
19  -3
19  -3
19  -4
20  8
20  7
20  12
20  13
21  -5
20  8
19  -6
19  1
19  -5
20  11
21  -8
19  -7
19  -4
20  13
21  -7
19  -2
19  -2
19  0
19  -8
21  3
20  2
21  1
19  0
21  -2
19  -8
19  -9
20  7
19  -9
19  -2
19  -9
20  7
20  9
21  -5
21  1
19  -9
20  6
20  8
20  12
19  -4
19  -4
20  9
20  1
19  -6
20  2
19  -11
19  -2
20  5
20  12
19  -11
20  2
19  -3
19  -11
19  -2
20  13
19  -8
19  -11
20  13
19  -3
20  9
19  0
19  -1
19  -7
19  -11
19  -4
20  11
20  4
21  -3
20  7
19  -3
20  1
19  -9
20  11
20  2
20  6
19  1
20  2
19  -7
19  1
19  -11
19  -1
20  11
19  1
20  6
19  0
21  3
19  -7
20  8
21  -9
20  4
20  9
19  -11
19  -11
20  7
20  5
20  10
19  -9
19  -8
21  -8
20  4
20  11
19  -11
20  7
20  3
19  -1
19  -3
19  -6
21  -5
19  -1
19  0
20  3
19  -10
20  5
20  8
19  -5
20  12
19  -7
19  1
19  -5
20  1
19  1
21  3
20  6
19  1
19  -1
19  0
20  12
20  1
19  -1
19  -11
21  -4
20  13
20  1
19  -8
21  -6
19  -11
19  -5
19  -3
20  9
19  1
20  1
20  1
19  -9
19  -9
19  -3
19  -7
19  -5
19  1
20  13
19  -9
20  12
20  8
21  3
19  -2
20  9
19  -9
19  -3
20  13
20  11
21  -2
19  -10
20  7
19  -6
19  -8
19  -11
20  7
20  1
19  -2
19  -1
20  1
20  1
20  12
21  -7
20  2
20  2
19  -11
20  9
20  2
19  1
20  3
20  7
22  4
19  -3
21  3
20  6
19  0
20  1
19  1
20  2
19  -3
19  -6
20  10
19  -9
20  4
21  -7
19  -6
19  0
19  -5
19  -4
20  1
19  1
20  11
19  -7
19  -9
20  4
20  9
19  -9
20  5
20  10
20  9
21  -6
19  -8
19  -2
21  -2
19  -6
19  -4
20  13
20  2
19  -6
19  1
21  -2
20  1
20  3
19  -11
19  -6
19  -1
19  -2
19  -9
21  1
20  3
19  -1
19  -7
20  7
20  6
19  -2
19  -4
20  3
19  -10
