10  0
13  -10
12  10
12  7
13  -8
13  -8
12  14
13  -4
10  -2
13  -7
11  4
12  11
13  -4
13  -8
13  -5
12  0
10  -10
12  8
11  5
12  11
12  10
11  8
13  2
13  -10
12  13
12  8
13  -1
12  9
12  6
12  1
12  3
13  -5
11  -2
13  -5
14  3
11  -3
12  13
14  5
14  5
12  5
12  0
13  -7
14  -9
13  -8
11  -1
11  7
11  -1
12  4
13  -3
13  -1
11  8
11  -3
12  11
12  10
12  9
12  2
11  -2
12  1
13  -9
14  4
12  6
13  4
12  12
14  3
13  -2
13  -4
12  4
13  4
12  8
12  11
12  3
14  -7
12  14
11  3
11  -4
12  14
12  8
13  -8
11  4
12  2
12  9
12  7
12  3
11  -3
12  3
12  10
12  1
12  7
13  0
12  11
12  0
14  1
11  -3
11  2
13  2
12  5
11  6
14  -2
12  9
12  6
13  3
13  -8
13  -7
12  6
14  -4
13  -4
11  1
13  -3
12  1
12  9
11  2
13  3
11  5
14  -4
11  6
12  3
11  10
11  3
14  0
12  8
11  4
13  3
14  1
13  -7
13  0
13  -6
13  -1
12  3
15  -4
13  -9
14  -2
12  3
11  8
12  12
12  11
13  0
12  6
11  7
13  -10
12  8
14  -2
14  -1
14  -3
12  6
12  7
12  14
12  13
14  4
12  0
12  14
14  1
13  -2
12  2
12  12
12  6
14  -7
14  -9
12  10
12  5
13  -1
15  4
14  0
13  4
12  14
11  6
11  1
14  -9
12  8
13  -6
12  2
12  0
14  2
14  -9
12  13
12  7
12  0
12  13
10  -6
13  -10
13  -4
11  -4
13  3
12  12
12  9
12  2
12  13
14  -6
12  11
12  7
12  2
12  3
12  7
11  9
13  2
12  2
14  -7
14  -3
14  -7
13  -9
12  14
13  2
13  -8
11  1
12  1
13  -4
14  -3
14  -9
13  -10
11  1
14  -7
11  6
13  2
13  -8
12  14
11  4
13  -10
11  8
10  -2
11  -4
13  -6
12  9
12  1
13  -2
13  2
12  8
12  12
11  10
12  1
11  7
12  6
14  -7
11  -2
13  0
13  -4
12  4
12  3
14  -2
12  1
11  6
11  1
12  4
13  -4
12  9
12  13
12  10
14  -8
12  14
12  12
12  3
11  4
13  -2
12  10
12  6
10  0
14  -6
10  -3
14  2
11  -1
13  0
10  -6
11  1
12  0
13  -1
13  -1
12  14
11  0
12  4
12  0
11  1
14  -5
12  7
13  -10
13  -5
14  -1
13  -4
13  -1
12  3
12  4
12  1
12  3
12  2
12  3
15  5
12  8
13  -8
13  -10
13  0
14  4
11  8
14  -6
12  12
10  -1
11  10
13  -3
12  10
13  -4
12  1
13  -8
14  2
12  8
12  5
13  -9
13  -6
11  2
12  1
13  0
12  5
12  0
11  -2
12  11
12  2
13  4
13  3
11  -1
11  1
14  -6
13  1
12  11
13  -10
14  3
13  1
11  0
11  2
12  2
14  -8
12  13
12  8
12  0
13  -7
12  12
12  12
12  7
13  -10
12  2
13  2
12  8
13  2
12  11
14  -3
10  0
13  0
12  0
12  2
11  -4
12  10
12  1
11  5
11  -2
13  -2
13  3
13  -1
12  6
13  -4
12  1
12  12
13  -10
13  -3
11  10
14  4
14  2
13  -7
12  1
12  4
12  13
13  1
12  10
11  3
11  -4
12  11
12  11
13  2
12  9
11  6
12  5
11  -4
13  -6
11  -1
12  11
13  1
11  -4
13  3
13  0
14  -7
10  -5
11  8
12  12
10  -3
14  -4
12  9
12  14
10  -5
13  -3
14  -9
12  14
13  -4
14  5
11  -1
12  7
14  -7
10  -9
10  -7
13  -6
13  -7
12  0
13  1
11  8
12  3
12  11
11  0
13  -2
12  8
12  6
11  -1
13  -6
12  12
13  -1
13  -4
12  10
13  -2
10  -6
14  3
13  -1
13  -3
13  2
11  5
12  9
12  0
11  6
13  -7
12  1
12  2
14  5
12  11
12  1
12  2
14  4
13  -2
14  -9
13  -9
14  2
10  2
15  -4
11  -3
12  8
13  -3
13  -7
11  1
10  -11
11  -1
12  2
14  -8
11  5
14  0
13  -8
11  2
10  -4
12  6
11  8
12  12
13  2
13  0
13  1
11  6
13  3
13  -7
12  10
11  -3
11  7
11  -2
14  -5
14  -1
13  -4
11  7
12  6
13  -2
12  0
13  -3
11  9
14  -8
11  3
12  3
14  2
13  -9
12  1
12  4
11  1
12  11
11  6
11  -1
11  6
12  4
11  10
11  -1
11  8
12  1
12  7
12  11
13  -10
14  4
11  -4
12  1
13  -4
11  7
12  10
12  9
12  2
11  4
13  -6
14  2
13  -6
12  1
13  -9
13  -2
13  -4
11  8
12  3
14  4
13  2
14  -3
11  10
11  0
14  -6
13  -3
12  0
12  5
14  4
11  2
13  -3
13  3
12  10
10  -10
12  7
11  4
13  -5
10  -6
12  12
12  10
12  1
14  -2
14  -7
12  5
13  2
14  -8
14  -1
13  1
12  0
13  -1
13  -7
10  -6
12  6
11  7
11  7
12  4
14  -1
12  2
12  5
13  2
15  6
13  2
12  2
13  1
13  -10
13  -4
11  -2
11  -2
13  -6
13  1
13  -7
15  5
12  5
13  3
13  -4
12  13
13  3
13  3
13  2
12  14
11  -1
11  7
13  1
14  -3
13  2
14  1
12  14
12  11
11  2
12  3
12  6
12  10
10  -1
12  12
11  0
11  10
11  -3
14  -6
13  -6
13  0
12  5
13  -1
13  -6
13  0
13  -2
13  -3
11  -1
13  -8
11  -4
14  0
12  9
11  9
14  -9
15  0
12  0
12  9
12  9
12  9
12  3
13  -3
14  -8
12  0
11  0
12  0
12  4
13  -7
13  -2
13  -10
12  7
11  1
11  2
13  0
13  2
11  10
13  -7
13  -8
11  7
13  0
13  -3
13  1
14  -5
12  8
13  -9
14  5
13  3
12  10
13  -9
11  0
12  5
12  14
12  11
14  -2
13  0
13  -1
13  -7
12  3
12  6
15  8
13  -9
13  -9
13  0
12  10
11  1
12  2
13  1
12  12
14  -4
13  -10
11  7
11  6
11  -1
14  3
12  14
12  8
11  3
12  11
12  11
12  5
12  8
11  5
12  10
13  -7
12  11
13  -2
12  5
12  10
12  9
13  3
12  11
10  3
12  14
11  2
14  -6
13  -4
12  7
13  -8
13  1
13  -1
14  -1
11  10
12  0
12  9
11  8
12  9
12  8
11  1
11  -1
13  -6
11  0
11  -3
11  7
12  2
12  12
11  9
11  0
13  -3
12  11
11  10
11  -3
12  3
12  1
13  -8
14  1
14  5
14  -7
12  8
12  5
13  3
12  6
12  12
13  -4
12  4
11  5
13  0
13  -3
12  9
13  -8
11  10
12  9
12  0
14  -6
11  -4
11  -2
12  6
11  8
13  -5
12  5
11  1
13  -3
12  1
11  -3
12  10
13  -1
14  1
13  -7
13  -3
11  4
13  0
13  -10
13  -7
12  14
13  4
13  -10
15  4
11  -2
12  7
12  8
13  -6
13  -7
13  -9
12  3
12  11
11  4
12  13
14  1
12  14
13  -8
12  7
13  3
14  3
12  0
11  8
12  8
11  4
12  9
12  10
11  10
14  -6
14  -3
12  5
12  14
13  -5
13  1
10  -3
13  4
11  6
12  0
12  4
12  1
14  -6
12  10
11  3
10  -7
12  9
12  12
13  -10
11  4
13  -10
13  4
13  -6
12  11
13  -3
11  2
13  -9
14  -8
13  -2
11  7
12  12
11  -2
11  5
12  7
13  0
13  2
11  6
11  -4
13  -6
11  5
13  -9
12  5
11  5
13  -9
13  -3
12  9
12  3
14  -6
12  0
10  -5
12  6
12  3
12  0
13  -4
12  0
12  2
12  3
12  13
13  -8
12  11
13  -2
12  2
15  -4
14  3
13  1
14  -1
13  0
12  0
11  8
12  8
10  -7
12  14
13  -8
13  3
13  3
13  0
12  4
11  -1
12  12
12  13
15  8
12  2
10  -10
11  3
12  8
11  1
13  -7
12  14
11  -2
12  9
12  10
11  -1
11  1
12  10
13  -9
12  0
11  -4
13  -10
12  3
10  1
12  11
12  1
11  1
13  4
12  5
13  2
13  -10
14  4
12  8
13  -3
11  6
11  -3
13  -4
14  -3
12  8
12  1
13  -8
14  -6
12  13
13  -5
12  13
14  -1
14  -6
12  14
11  6
13  2
12  8
13  -9
12  8
13  -9
12  10
12  6
13  -9
13  -1
12  8
11  5
12  11
11  10
13  -8
13  -2
12  11
12  13
14  2
12  1
13  -8
13  -3
12  6
14  2
13  4
13  -10
12  13
13  -5
12  11
12  0
11  5
14  -2
13  -3
11  0
12  12
12  8
13  2
12  1
12  0
12  0
14  -1
12  6
12  8
13  2
11  -3
12  13
12  6
13  4
11  -1
13  -5
12  12
12  4
11  3
11  7
11  -4
12  2
14  3
12  2
14  -5
11  1
12  14
13  -4
13  -4
13  -4
13  0
12  7
11  10
12  8
12  13
13  -4
12  14
11  1
12  2
13  -6
14  -3
14  -8
12  12
13  -3
12  7
13  -3
12  12
14  2
13  0
12  2
11  7
13  2
13  -10
12  11
12  7
10  -6
14  -6
12  11
