10  5
15  -8
13  4
10  4
15  -5
13  -1
15  -2
12  -3
11  5
11  -3
14  2
11  2
7  3
12  -4
12  -10
15  -8
13  0
12  -10
10  7
14  1
13  3
13  5
10  -1
12  -10
11  -1
11  2
8  1
12  -7
12  -11
10  6
11  -3
13  2
15  -8
10  3
15  -6
12  -10
16  8
9  -5
13  4
13  -3
10  1
11  2
9  -9
13  -2
9  -9
13  4
13  -3
12  -7
11  3
11  -3
14  1
12  -3
15  -8
13  -3
13  1
11  4
14  6
15  -5
12  -8
13  -3
11  -1
13  5
14  4
12  -7
13  -3
7  3
10  0
14  7
10  6
15  -3
12  -6
13  1
10  0
13  0
11  3
14  5
13  2
10  1
13  2
12  -11
13  3
11  1
14  4
11  5
12  -11
12  -5
12  -8
11  3
12  -7
12  -5
13  1
11  -1
12  -5
12  -10
10  4
14  0
11  -2
13  -2
15  -5
13  -1
11  3
15  -2
10  1
11  -1
14  1
11  -1
11  1
12  -3
13  1
13  2
13  -2
12  -10
10  4
10  0
12  -10
13  1
12  -11
7  2
9  -4
12  -8
13  0
9  -11
13  -2
11  -3
9  -11
12  -10
11  -2
13  0
15  -9
10  1
11  2
14  6
12  -3
10  6
12  -3
11  -1
10  0
15  -4
11  -2
12  -8
14  5
11  1
11  -2
10  6
13  0
10  2
12  -10
10  5
16  7
13  -3
13  4
9  -5
10  -1
12  -7
8  -1
12  -3
13  4
11  1
13  3
14  7
12  -10
12  -4
12  -9
11  2
15  -10
12  -7
11  3
12  -4
13  -3
16  9
10  7
9  -3
14  5
11  -1
12  -9
13  -1
12  -3
13  5
10  7
13  1
11  2
12  -5
9  -6
11  4
11  1
14  7
13  1
11  -3
12  -11
14  4
11  -3
11  4
12  -5
11  0
15  -5
12  -11
9  -11
11  -1
14  3
13  -2
11  0
15  -10
13  5
10  3
11  5
12  -4
16  8
13  5
12  -6
11  4
13  0
13  -2
14  -1
12  -6
14  1
11  5
17  -2
12  -4
10  0
11  2
11  2
12  -5
13  -2
13  0
11  5
11  1
10  4
14  2
13  4
10  7
15  -10
12  -4
14  2
10  1
13  3
9  -10
11  1
13  -3
13  -1
10  -1
10  7
14  7
9  -7
14  7
11  4
10  6
13  3
11  1
6  -2
11  -2
12  -8
12  -9
11  -1
12  -5
12  -9
12  -5
11  3
13  3
12  -5
13  0
11  4
13  -2
12  -6
9  -8
9  -11
14  4
11  3
13  5
14  6
15  -8
13  -3
11  2
13  2
9  -11
13  0
13  -2
10  6
14  3
12  -3
11  -3
12  -8
16  9
11  -3
13  0
8  3
12  -5
13  2
11  3
13  1
14  0
9  -10
11  -3
11  -3
10  7
14  -1
11  0
12  -11
14  -1
13  5
12  -6
13  2
8  0
8  1
12  -5
12  -6
11  -2
11  4
13  5
10  -1
10  7
11  2
16  3
11  3
15  -6
14  2
12  -8
12  -8
6  4
9  -6
11  -1
13  0
14  0
11  -1
11  -1
15  -2
12  -5
9  -7
14  6
11  2
10  2
11  4
13  4
14  4
11  -1
11  3
11  0
16  5
16  10
14  6
11  1
15  -4
11  2
13  4
11  4
16  9
12  -3
15  -7
10  2
11  -2
13  -2
11  4
12  -6
12  -9
10  7
13  3
15  -9
10  6
12  -10
12  -11
16  9
13  2
13  -1
12  -9
10  7
13  4
12  -4
9  -4
14  4
15  -5
11  1
11  -3
11  4
13  0
10  -1
13  -3
12  -7
12  -5
10  1
15  -10
12  -10
11  2
15  -10
12  -5
10  4
16  10
8  -4
14  5
11  4
12  -5
14  5
9  -4
10  -1
9  -9
11  -1
13  3
11  -3
13  0
10  5
13  -1
14  0
12  -5
13  1
10  5
11  5
11  0
12  -3
12  -9
10  2
11  0
9  -9
11  0
10  5
12  -5
15  -4
10  0
14  3
13  -2
15  -4
13  -1
12  -5
14  5
9  -7
12  -4
10  6
10  7
13  -3
10  3
11  1
13  5
12  -10
15  -10
15  -4
12  -6
12  -5
15  -5
10  5
14  0
12  -5
10  1
16  10
12  -11
14  3
11  3
12  -9
12  -3
14  1
11  -1
14  6
10  1
13  0
12  -7
9  -11
9  -11
12  -10
10  0
12  -5
13  1
12  -5
10  -1
10  4
15  -4
10  4
10  1
9  -10
14  2
11  4
12  -10
15  -9
12  -4
11  1
14  0
9  -10
12  -10
13  4
14  2
14  4
12  -6
12  -11
11  1
11  -1
15  -4
16  6
11  -2
11  0
13  5
9  -5
15  -3
15  -6
9  -3
10  2
14  1
10  7
10  3
10  -1
12  -9
10  0
14  -1
13  4
12  -8
10  6
12  -11
10  5
14  6
11  2
13  2
9  -9
10  5
16  4
8  -3
19  5
13  1
11  -3
13  0
11  -2
9  -4
13  0
13  5
13  -1
12  -6
11  -2
10  4
12  -5
12  -7
11  -1
15  -8
13  -3
11  0
11  2
11  -3
12  -10
12  -11
9  -9
14  -1
12  -4
9  -9
12  -4
13  4
13  -3
14  6
12  -6
10  5
16  5
12  -5
12  -7
13  5
13  5
11  -1
10  6
12  -11
16  6
11  0
10  7
12  -3
11  1
12  -7
11  4
11  -1
9  -6
10  3
14  2
10  3
13  1
13  -3
11  -2
13  0
13  -3
10  5
15  -7
15  -9
13  0
14  2
14  7
14  0
10  2
12  -8
13  -1
16  8
11  -3
13  4
12  -5
12  -8
13  -2
14  -1
10  4
12  -5
13  3
9  -8
15  -5
13  2
13  1
14  0
9  -11
11  -2
10  4
12  -4
14  4
10  7
13  0
8  1
15  -4
11  5
12  -10
10  5
10  -1
12  -3
14  -1
13  5
14  4
13  2
10  6
14  -1
11  -1
11  1
12  -6
12  -7
12  -10
13  0
13  0
10  4
14  1
11  -2
13  2
12  -4
8  -1
13  -2
13  1
13  4
14  5
11  1
12  -4
11  -1
13  4
12  -6
11  -3
13  1
12  -9
13  3
13  -1
13  5
11  1
11  -2
10  6
14  4
13  3
13  -1
9  -4
14  5
9  -11
10  -1
11  0
11  3
12  -7
15  -5
10  -1
10  7
12  -9
8  -4
16  8
11  -2
14  6
15  -2
12  -10
13  -2
10  4
9  -4
15  -3
15  -7
15  -10
17  1
11  4
8  -5
7  6
10  4
12  -9
15  -3
13  -1
13  -2
15  -4
16  11
7  4
13  -1
13  -3
10  4
14  -1
11  4
18  -4
12  -5
10  5
12  -8
13  2
16  4
8  -5
16  11
12  -5
11  5
13  -2
15  -8
9  -10
15  -10
12  -7
15  -5
10  7
9  -4
15  -8
12  -4
15  -8
13  2
11  -3
14  3
11  -2
12  -6
11  -1
11  -3
9  -5
13  -2
12  -3
12  -4
10  4
15  -3
7  2
8  3
11  -1
14  0
10  7
12  -4
13  0
9  -11
9  -8
12  -6
12  -5
13  -2
13  5
13  1
9  -4
10  -1
12  -6
11  4
11  -2
12  -3
11  -3
13  5
11  5
13  5
13  0
14  4
13  -2
13  -2
11  -2
11  2
14  6
12  -5
9  -3
14  6
13  -1
14  7
13  1
14  1
14  3
13  -1
8  -1
17  5
12  -8
14  0
9  -10
12  -9
12  -5
11  4
10  4
12  -10
12  -10
14  7
12  -4
12  -5
16  7
15  -4
12  -9
11  3
14  5
8  -4
13  4
14  2
11  -3
14  1
11  -1
9  -5
12  -6
15  -8
13  -2
12  -5
18  -4
12  -9
11  1
14  0
12  -7
12  -10
11  3
10  5
12  -10
14  -1
10  7
12  -11
13  2
13  4
9  -3
13  -3
14  3
11  -1
10  7
12  -3
12  -8
11  -3
12  -6
12  -5
10  6
14  0
13  4
12  -6
12  -7
11  -2
14  5
11  0
13  3
11  3
13  3
13  -3
13  -1
11  3
10  3
10  4
14  3
12  -4
14  5
12  -3
13  0
17  3
13  4
14  3
11  5
9  -5
14  4
12  -8
10  0
14  4
13  -3
10  2
14  3
11  2
14  7
11  1
13  -2
10  0
9  -6
16  8
12  -6
11  -2
13  4
13  3
14  0
14  2
8  -4
13  2
9  -3
15  -7
12  -9
13  -2
11  1
16  4
10  1
9  -11
12  -9
11  0
13  -3
14  2
13  0
12  -5
14  4
9  -4
11  -3
8  2
11  5
12  -10
12  -6
14  7
13  0
13  5
12  -4
13  5
13  1
7  7
13  0
12  -11
11  0
10  1
11  4
10  7
16  3
15  -9
12  -8
12  -11
14  7
13  5
10  6
9  -5
15  -8
13  2
11  0
12  -4
11  -2
13  -1
14  -1
14  2
9  -3
12  -9
16  7
13  3
8  -3
12  -6
11  2
11  2
14  1
12  -11
8  2
13  -2
12  -9
15  -3
11  -3
10  -1
13  2
14  5
14  -1
12  -11
7  3
8  -2
14  0
8  -5
13  2
10  -1
11  -2
13  4
14  0
12  -7
13  3
12  -6
12  -5
11  5
14  -1
7  9
14  -1
14  2
10  7
12  -8
11  -2
14  5
14  -1
9  -7
13  3
13  0
10  3
9  -10
8  -3
16  3
14  4
13  -2
10  2
15  -7
12  -3
13  -2
12  -3
10  6
12  -10
10  6
13  1
12  -11
16  4
11  -3
10  7
11  5
13  -1
10  2
11  -3
8  -2
9  -8
11  5
15  -9
12  -5
12  -8
12  -7
13  3
12  -4
13  5
10  0
11  1
12  -7
13  -1
11  4
12  -4
14  0
15  -5
10  -1
11  5
