33  2
34  1
34  1
33  -1
33  2
34  -3
34  3
34  -1
33  0
33  3
34  -6
33  -3
33  -4
34  -7
33  -3
33  -3
35  -8
34  3
34  -5
33  2
34  4
33  -3
34  4
33  0
33  -4
33  -2
34  -6
33  -2
33  4
33  4
33  -6
35  -10
33  -6
33  -4
33  3
35  -2
34  -3
33  0
34  -7
33  -1
34  -6
34  4
34  0
34  -6
34  -5
33  0
34  -2
33  3
33  3
33  1
34  -5
33  -2
33  4
33  -6
33  -8
35  -8
34  3
34  -6
33  -3
33  -4
34  -6
33  4
33  -8
33  -8
33  -6
33  0
33  2
33  -8
33  -1
34  3
34  1
33  -3
33  -5
33  0
33  -2
33  0
34  5
34  -5
33  -7
34  0
33  -7
33  -7
34  -1
33  0
33  0
33  -8
34  -1
33  4
33  -6
33  -1
34  -4
33  0
33  -1
33  -2
33  1
33  0
34  -7
33  4
33  4
33  -3
33  1
33  0
33  -7
33  -6
33  1
33  -3
34  -1
33  -7
33  1
33  -8
34  -4
34  -3
34  -2
33  0
33  -5
33  -4
33  4
34  5
34  2
33  1
34  -2
34  4
34  -7
34  -6
33  -1
34  -7
33  -3
33  -7
33  -7
33  4
33  -3
34  2
34  -4
33  -8
34  3
34  -6
33  -4
33  -4
33  -1
33  -5
34  1
34  1
34  2
33  -2
33  -8
33  -8
33  -2
33  -8
33  -3
33  -3
33  -5
33  4
34  -6
34  -5
33  -5
34  0
33  -5
34  3
33  0
33  0
34  5
33  3
34  -2
33  -6
33  -7
33  -1
34  -5
34  4
33  -4
33  -8
33  -1
33  3
33  -1
33  -4
34  -1
33  -1
33  -5
34  -3
33  -7
33  -3
33  -7
33  -6
33  -2
34  3
34  -6
34  -6
33  1
33  -4
34  -2
33  -2
33  -7
33  -3
33  -2
34  -4
36  8
34  -4
34  2
33  -5
33  -7
34  1
34  -2
34  0
34  -1
33  -5
33  -3
33  -4
34  -4
33  2
34  -1
34  -2
33  -4
33  -2
33  -4
34  0
34  4
34  -6
34  4
33  2
33  0
34  4
34  -2
33  1
33  1
33  -2
34  -6
33  0
33  1
33  -2
33  1
33  -5
33  -1
33  -8
33  -1
33  3
34  5
33  -2
34  -5
33  0
33  -7
33  -6
33  -3
33  2
34  0
34  5
33  -8
34  4
33  -7
33  4
33  -1
33  -1
34  -3
33  -8
34  4
34  -3
33  3
33  -2
33  -8
33  -6
34  1
34  -3
34  -5
34  -5
33  -5
34  3
33  0
33  2
33  -4
33  3
33  -2
34  -1
33  -2
34  4
33  -5
33  1
33  -3
35  -5
34  -3
34  3
33  2
33  -2
33  4
33  -2
34  -4
34  4
33  -6
33  -6
34  5
34  1
33  0
34  -7
33  -1
33  0
33  -4
33  -6
33  3
33  3
33  1
33  -5
33  -7
34  5
34  -5
33  0
35  -9
34  -2
33  -6
34  -2
34  0
33  -3
34  -1
34  -1
33  -1
34  -7
33  -4
33  1
33  0
33  3
33  -1
33  0
33  4
33  -7
33  -5
33  1
34  -4
33  3
33  0
34  -7
33  -3
33  1
33  -1
34  -5
33  1
33  -7
34  4
33  -6
34  -1
34  -2
34  -3
33  -6
33  -4
33  -6
34  -1
33  -3
33  -8
33  3
33  0
34  5
33  0
33  -7
33  -8
33  2
33  -3
34  -7
33  2
34  -5
34  -3
33  -4
33  2
34  3
33  1
33  3
33  -7
33  2
34  -1
34  -2
34  4
33  -8
34  -5
34  -7
33  -4
33  3
34  3
34  -7
34  -1
33  -1
33  -8
33  -6
34  1
34  2
33  4
33  1
33  2
33  -7
33  -5
33  1
33  -2
33  -7
33  -2
33  -8
33  -1
33  0
34  1
34  0
34  -4
33  -3
33  -4
33  -3
33  2
33  2
33  3
34  -5
33  -7
33  -2
33  4
33  -8
33  -6
33  2
35  -7
34  5
33  -7
33  -6
33  -1
34  -4
34  3
33  4
33  2
34  1
33  3
34  -3
34  -4
33  4
34  1
33  -3
36  8
35  -5
33  0
33  -8
33  -2
34  0
34  5
33  4
33  1
33  0
33  0
33  -8
35  -1
33  1
34  4
34  1
34  -1
33  2
34  -4
34  4
33  -5
34  0
33  1
34  -3
33  1
33  -7
34  4
34  2
33  1
34  -5
33  -5
33  -5
34  -3
34  4
33  -7
33  2
34  5
34  -6
33  2
33  -7
33  -6
33  -2
33  -2
33  -1
33  -4
34  -7
33  4
33  -2
33  3
33  -2
34  -4
34  2
34  -6
33  -7
34  3
34  5
33  -2
33  2
33  -2
34  -2
33  -5
33  -1
34  -2
33  2
33  2
34  -2
33  -2
34  3
33  4
33  -3
34  -6
33  4
33  -6
33  1
33  1
34  -7
34  -5
33  1
33  -2
34  3
33  1
33  1
33  -1
33  3
33  -2
33  0
33  -6
33  1
33  -3
33  -1
33  4
34  4
34  2
34  -4
34  -4
34  -7
34  2
33  2
33  -5
33  -8
34  0
34  1
33  -1
33  -8
33  -8
35  -7
35  -4
33  -1
33  -1
33  4
34  1
33  4
33  0
33  -1
33  0
34  -4
33  2
34  2
33  -3
34  5
33  -1
34  1
33  1
33  -1
34  -7
33  1
33  -8
34  2
33  -6
34  -4
33  -6
35  -11
34  -4
33  -1
33  -3
33  -2
33  2
33  1
33  2
33  2
33  3
34  1
33  -5
34  5
34  -5
34  -3
33  -7
33  -7
33  4
33  -3
33  -3
34  1
33  2
34  4
34  4
33  4
33  -7
33  -3
33  -6
34  -5
33  -3
34  -1
33  1
34  4
33  -5
33  -6
35  -10
33  2
33  -6
33  2
35  -3
35  -2
34  -2
34  -2
34  -2
33  -3
33  1
33  -5
33  -1
33  -3
33  -7
33  -6
33  1
33  2
33  -4
35  -11
34  -6
33  -2
33  4
33  3
34  -7
34  -1
33  2
33  3
33  -2
34  -2
34  -6
33  -6
34  0
33  3
33  1
33  -4
34  -4
33  -6
33  4
34  -7
33  1
34  2
34  -4
33  -6
33  1
34  -1
34  -6
34  -5
34  0
33  -2
35  -5
34  -5
33  -4
33  3
34  -1
34  5
33  4
33  -8
33  -1
33  -8
34  5
33  -3
34  2
34  2
33  2
33  -1
34  0
33  -6
33  -8
34  -1
33  0
33  -2
33  2
33  3
33  -1
33  -5
33  3
34  -6
34  -1
34  4
33  0
33  -1
33  -6
34  5
34  -6
33  -1
34  0
34  -2
34  2
33  -5
33  -3
33  -1
33  -8
33  -5
34  -1
34  -2
33  3
33  1
34  3
34  -4
34  3
34  -6
34  -4
34  -3
33  1
33  -5
33  -4
33  -3
35  -5
34  -7
34  -4
34  -7
34  3
33  -1
34  2
33  -8
35  -4
33  4
33  -4
34  5
33  -7
33  4
33  -7
33  4
33  -5
33  3
33  -4
33  -8
33  -6
33  3
34  -1
33  4
33  -4
33  -4
33  -8
33  -4
35  -7
33  -8
33  -5
33  -4
33  -7
33  -7
34  3
33  3
34  -6
34  -5
33  4
34  2
33  1
34  4
33  2
33  -4
33  4
33  1
34  -3
33  -3
33  0
34  0
34  0
33  -8
33  3
34  3
34  -7
33  -2
34  -5
33  -3
33  4
33  -4
33  0
33  0
33  0
33  3
34  -7
33  -3
34  3
33  -4
33  -6
33  3
33  1
34  -7
34  4
33  1
34  -1
35  -8
33  -8
34  -6
34  1
33  -5
33  3
33  -4
33  -2
34  -3
33  -7
34  -2
34  2
34  -6
33  -5
34  3
33  -4
33  -1
33  4
33  -4
34  -2
33  -4
33  -2
33  4
34  0
33  -2
34  -3
33  -5
34  2
34  1
33  -2
33  -1
34  -3
33  -4
34  -4
35  -2
34  -1
33  3
34  5
33  3
33  -2
33  -7
34  -2
33  -5
33  -8
33  -3
33  3
33  0
34  4
33  -3
33  -6
33  -7
33  -5
34  -1
34  -4
33  3
34  -7
33  -5
33  -2
33  -2
33  -7
34  -1
33  3
33  -3
33  1
33  2
33  1
33  3
34  4
34  4
34  0
34  -1
34  2
34  -2
33  -6
33  3
34  -6
33  -8
34  0
33  -5
33  -7
33  -6
33  -1
33  -7
33  2
33  -2
33  -4
34  -4
33  -8
35  -8
33  -3
34  -3
33  -6
33  3
33  -6
33  1
34  -6
34  -3
33  1
33  -5
33  1
34  2
34  2
34  -3
34  -1
33  -6
33  -4
33  -3
34  1
34  0
34  3
34  3
33  0
33  -6
33  -8
33  4
33  4
35  -3
33  2
33  -4
33  3
33  4
33  -5
33  -3
33  4
33  -2
35  -5
33  1
33  -7
33  -1
36  4
33  -5
34  4
35  -2
33  4
33  -2
33  -2
34  4
34  5
35  -3
34  -6
33  0
34  3
33  -2
33  0
34  5
33  -7
33  -6
33  3
33  3
34  5
33  1
34  -4
34  3
33  -1
33  2
34  -3
33  -5
33  3
35  -3
33  -2
33  0
34  -7
33  -5
33  1
34  2
33  -5
33  -2
34  1
34  -1
33  -3
33  0
34  0
34  -2
33  -8
33  1
33  -6
34  1
33  -1
33  -5
33  -7
34  2
33  -7
33  4
34  -3
35  -11
35  -1
33  2
34  -4
34  -2
33  -8
34  5
33  4
34  4
33  -3
35  -11
33  -1
34  2
35  -1
33  -4
34  2
34  0
33  -3
33  -3
33  -5
33  -8
33  -5
34  1
33  -4
33  -2
33  4
33  -3
33  3
33  -3
34  0
33  -1
35  -11
33  3
33  -7
34  -1
35  1
34  -4
33  -4
33  4
34  -1
33  -4
33  2
33  -5
33  -7
33  -7
