20  6
19  -2
20  3
20  2
20  2
17  5
22  -2
19  1
20  5
19  0
21  -5
19  1
20  4
21  -8
18  -8
20  3
20  2
21  -3
21  -7
21  -3
21  -4
22  3
21  -4
18  -9
21  -6
20  8
18  -9
19  -3
19  -3
20  4
20  6
20  5
20  6
20  4
21  -4
20  5
22  1
20  4
18  -3
19  -2
18  -4
21  -5
20  8
20  2
18  -5
22  -2
19  -3
21  -3
19  -1
23  -5
20  4
20  7
22  3
22  1
19  2
21  -2
21  -5
20  3
21  -4
20  7
20  3
20  8
20  6
21  -3
20  5
20  4
19  0
20  3
20  8
20  8
19  3
21  -3
23  -10
21  -2
19  0
19  2
20  5
21  -2
21  -4
20  5
18  -4
20  3
17  9
18  -3
22  0
21  -8
21  -2
19  -3
19  -1
20  4
22  2
20  4
21  -7
21  -3
19  0
20  2
18  -6
20  2
20  6
22  3
18  -9
21  -3
19  -3
19  3
19  -3
19  1
20  8
20  6
20  4
20  7
21  -7
21  -5
21  -8
21  -7
19  -3
21  -6
20  7
18  -8
20  4
21  -5
19  1
22  -2
18  -3
19  -2
19  -1
21  -3
21  -6
19  3
20  5
21  -6
21  -8
18  -4
19  -1
20  3
21  -7
19  -1
20  4
20  5
20  3
19  -2
21  -6
20  2
19  2
20  5
20  2
22  -1
20  8
21  -5
21  -2
18  -9
20  5
20  6
23  -5
19  2
19  -2
20  7
21  -7
19  1
22  0
21  -3
22  -1
18  -7
21  -3
20  2
21  -6
21  -6
20  4
20  5
21  -8
19  -2
20  2
19  0
20  5
19  -1
19  -1
19  2
21  -6
18  -3
21  -7
21  -5
20  3
19  0
22  -1
21  -2
21  -5
21  -7
19  -1
18  -9
18  -5
21  -3
20  7
20  2
19  -1
17  3
19  3
20  6
20  5
19  3
20  7
18  -5
19  1
20  4
21  -6
18  -3
22  -2
22  -3
21  -2
19  2
19  1
20  6
20  8
19  1
21  -3
22  -3
20  7
18  -4
20  2
20  7
19  0
22  -1
20  5
20  3
21  -7
21  -8
19  -3
23  -8
19  -2
19  -2
19  -1
21  -7
20  3
19  1
19  -1
20  4
21  -7
20  3
19  1
19  1
21  -2
19  3
21  -4
19  0
22  -3
20  5
20  5
22  2
19  1
20  2
20  4
19  -2
21  -2
22  2
21  -2
21  -5
20  2
19  -1
21  -8
20  4
19  3
21  -4
19  -2
17  5
19  0
18  -8
18  -3
20  4
19  -1
19  1
19  0
18  -5
19  -1
18  -4
20  3
21  -4
23  -4
20  4
20  4
19  2
19  -3
17  8
21  -5
21  -7
21  -7
19  3
18  -4
21  -4
21  -6
22  0
20  2
20  7
19  0
21  -7
19  -1
18  -9
18  -3
17  9
19  1
20  2
18  -8
19  0
19  -1
19  3
18  -4
22  -2
20  6
21  -5
20  4
20  6
19  2
21  -5
21  -2
20  3
19  0
18  -3
19  0
20  2
21  -2
20  7
21  -5
22  -2
22  -1
18  -3
20  6
21  -4
21  -8
21  -4
20  8
21  -8
20  4
19  0
21  -5
20  3
21  -8
19  -2
20  4
20  3
20  8
19  -1
22  -3
21  -8
21  -2
20  8
20  2
18  -5
18  -9
21  -5
20  3
19  -1
22  -2
18  -9
22  0
20  3
19  -1
21  -8
18  -7
20  2
19  -3
20  7
21  -6
20  8
20  7
19  2
19  -2
22  2
21  -4
20  6
20  4
20  3
18  -9
19  -2
19  1
20  5
18  -8
20  4
21  -8
21  -5
19  3
21  -8
21  -2
19  -2
21  -8
18  -5
20  7
18  -3
20  6
20  6
21  -6
21  -5
19  -3
20  3
19  1
20  6
20  2
21  -5
20  2
21  -3
21  -3
19  3
21  -4
19  1
21  -4
21  -2
19  1
18  -4
20  4
21  -3
19  -2
18  -4
19  1
20  4
20  3
20  3
22  3
22  2
20  2
22  3
18  -6
21  -4
23  -10
22  0
20  4
20  4
19  0
20  8
19  2
22  -3
21  -2
20  5
20  4
19  -1
21  -6
22  -1
20  5
21  -5
20  8
22  -2
19  1
19  -3
19  1
21  -4
20  6
21  -2
20  7
18  -6
20  6
18  -9
20  2
19  2
17  8
19  -3
19  -2
20  3
21  -8
19  -3
20  7
19  3
23  -9
20  7
19  0
20  3
19  2
18  -4
23  -8
21  -5
20  2
20  6
21  -4
21  -8
18  -8
19  -3
23  -9
20  7
18  -4
19  2
20  3
19  -3
21  -2
21  -8
20  6
20  3
20  2
20  8
20  2
19  -1
20  2
22  -2
19  0
21  -4
18  -9
20  6
20  4
20  6
21  -4
21  -6
19  3
21  -2
22  -3
20  3
19  3
22  -2
21  -6
22  3
19  0
19  0
20  6
21  -2
22  1
19  3
19  -2
20  2
19  1
20  5
20  8
19  1
20  6
18  -9
20  5
19  2
18  -4
19  3
20  4
21  -5
20  2
21  -8
20  8
23  -5
20  2
19  2
21  -8
22  2
21  -2
20  4
20  6
20  3
21  -6
20  5
21  -3
19  2
19  3
21  -5
19  3
20  2
19  -3
21  -2
18  -8
19  1
19  2
21  -8
19  2
20  8
21  -4
20  6
18  -7
20  2
20  5
19  3
21  -4
20  8
19  -1
21  -4
21  -4
20  4
20  7
22  0
20  6
19  -3
20  8
19  3
20  3
21  -6
21  -7
21  -3
20  3
21  -6
19  1
20  3
20  6
19  0
21  -5
19  0
22  3
20  6
17  6
20  2
21  -2
22  0
19  2
20  7
19  -1
20  5
20  6
18  -7
19  -1
19  -2
22  3
22  1
20  5
19  1
19  3
20  7
20  4
20  2
20  7
18  -3
22  -2
20  3
17  4
23  -4
20  4
17  7
19  1
19  0
19  3
21  -6
18  -7
21  -6
20  4
19  3
21  -8
19  0
18  -8
19  -1
19  -2
21  -7
18  -6
20  4
21  -6
21  -4
22  2
21  -2
20  4
20  8
20  5
19  1
23  -6
20  6
19  1
20  7
18  -7
20  7
18  -4
20  8
21  -5
20  5
18  -6
20  3
19  -3
21  -6
21  -2
20  8
18  -6
21  -7
20  8
19  -1
19  1
21  -3
22  0
19  2
20  6
20  6
19  -1
21  -2
19  2
21  -4
21  -3
21  -6
19  -1
22  1
21  -6
20  4
21  -6
21  -3
21  -6
20  7
19  -3
19  0
18  -9
21  -3
19  -3
20  4
20  4
18  -3
21  -4
20  2
20  7
19  -3
21  -3
18  -8
22  -1
21  -6
18  -7
21  -2
19  3
20  3
21  -6
20  6
19  2
20  6
20  6
20  8
20  3
20  3
20  2
19  0
19  2
19  -2
18  -9
19  -3
21  -4
18  -5
19  -2
20  3
22  3
20  4
21  -4
20  3
19  -1
19  1
20  8
20  3
22  -2
19  -3
21  -8
19  2
20  7
19  3
21  -4
20  2
20  3
20  4
19  -1
20  3
20  7
20  2
20  4
20  5
21  -2
20  3
19  2
20  2
19  0
20  2
21  -2
18  -9
21  -8
19  -2
21  -3
21  -5
20  2
23  -5
20  8
21  -4
19  3
18  -4
19  0
20  3
19  -1
20  5
21  -8
20  5
20  8
19  0
21  -7
21  -4
20  7
19  2
18  -8
21  -2
21  -6
19  3
20  3
19  -2
19  3
20  6
18  -5
19  -3
21  -2
18  -6
20  4
20  4
21  -2
19  1
20  7
21  -7
20  7
19  -1
19  0
21  -2
21  -4
20  4
19  -2
20  6
20  6
19  -1
20  6
19  1
20  3
21  -7
21  -2
18  -3
20  2
17  5
21  -6
21  -6
20  3
20  5
20  7
19  3
21  -4
18  -5
17  7
20  3
20  8
21  -6
19  -2
18  -3
20  5
20  8
20  5
20  7
23  -8
19  -3
21  -3
22  3
21  -7
20  6
20  6
22  -3
20  3
20  2
19  0
20  7
18  -6
19  2
18  -9
19  1
20  8
20  4
20  2
18  -7
17  7
20  4
19  1
20  2
19  3
20  3
19  0
19  3
22  -2
21  -7
21  -2
20  4
20  6
21  -4
21  -5
23  -4
22  1
21  -4
19  2
18  -4
17  4
19  2
19  2
21  -8
21  -7
20  4
19  1
19  -2
20  8
21  -2
19  2
18  -4
21  -7
19  -2
20  7
20  7
19  1
20  6
20  4
20  6
17  3
19  -1
18  -5
23  -8
21  -7
21  -7
20  3
19  -3
20  8
21  -2
21  -6
21  -3
18  -7
19  3
18  -8
22  3
20  8
21  -4
21  -8
21  -2
18  -5
19  -2
19  -3
17  8
22  3
18  -9
18  -7
20  7
19  -1
19  -2
18  -6
19  0
20  7
20  7
21  -5
20  4
19  1
20  7
20  3
21  -2
20  4
19  -3
18  -7
21  -4
19  3
20  7
18  -7
21  -8
20  8
20  2
19  -1
18  -6
20  5
19  -1
21  -4
19  1
22  3
19  2
19  3
20  3
20  6
21  -5
20  2
22  3
19  3
21  -5
19  3
20  8
21  -7
18  -9
20  7
19  1
20  5
22  2
19  2
21  -5
19  3
21  -3
19  -3
19  1
18  -7
19  2
17  3
19  3
21  -5
21  -4
20  7
19  3
20  2
21  -7
19  1
19  2
20  7
20  5
19  0
18  -7
19  0
20  5
20  5
21  -4
19  -2
19  1
18  -7
20  6
20  2
22  1
18  -8
21  -6
20  3
19  -3
21  -6
20  4
21  -2
18  -7
21  -5
21  -5
21  -2
18  -6
20  7
19  3
