12  3
11  -3
10  -5
11  -7
11  -5
13  2
10  -4
11  -7
11  -7
10  -6
10  -6
11  -6
10  -6
10  -2
13  4
12  6
12  2
12  3
12  2
10  -3
11  -3
11  -4
12  3
11  -5
11  -7
13  4
10  -2
10  -6
11  -6
11  -4
10  -2
11  -5
10  -3
11  -5
11  -5
12  4
11  -6
12  6
10  -3
12  4
11  -4
11  -5
12  4
11  -5
12  3
10  -6
11  -3
10  -3
11  -3
12  3
11  -4
13  3
10  -6
11  -4
12  5
11  -4
11  -5
11  -5
11  -6
11  -3
10  -4
10  -6
11  -6
11  -4
11  -4
11  -3
11  -7
10  -5
10  -5
12  4
11  -7
11  -6
11  -5
12  5
10  -5
10  -5
12  3
11  -7
12  5
12  3
11  -6
11  -3
10  -3
10  -2
12  4
11  -3
11  -3
11  -6
10  -3
12  2
10  -5
11  -4
11  -6
11  -3
11  -7
10  -6
12  5
12  2
11  -3
11  -3
12  5
12  2
11  -5
10  -6
12  4
10  -3
11  -6
10  -3
12  3
10  -2
10  -6
11  -5
12  6
12  3
10  -6
11  -6
12  2
10  -2
10  -6
12  6
10  -2
12  4
12  3
10  -4
11  -7
11  -6
11  -3
12  4
11  -4
12  4
11  -5
10  -3
11  -3
11  -7
11  -4
12  4
10  -6
11  -4
10  -4
10  -3
10  -6
11  -4
10  -3
11  -5
11  -3
11  -7
11  -6
10  -3
11  -4
11  -7
10  -6
11  -5
11  -3
11  -6
12  6
11  -7
12  4
10  -2
11  -3
13  1
12  3
12  3
10  -2
10  -3
11  -5
12  3
11  -4
11  -7
10  -6
11  -6
11  -7
12  3
12  4
11  -3
11  -7
12  5
12  6
11  -6
11  -3
11  -6
12  4
13  5
10  -6
10  -5
11  -4
10  -4
12  3
12  4
12  6
10  -4
10  -3
10  -3
11  -4
11  -6
11  -5
12  2
10  -3
11  -5
10  -3
11  -7
10  -3
10  -2
12  2
10  -3
11  -3
10  -3
12  6
11  -4
12  2
11  -4
11  -7
11  -6
10  -4
12  5
12  5
11  -7
11  -6
12  4
11  -5
11  -6
13  1
11  -3
10  -6
11  -7
12  6
11  -4
12  3
10  -3
11  -3
10  -2
10  -2
12  3
10  -6
12  2
10  -4
11  -3
10  -6
11  -7
11  -6
11  -4
11  -5
10  -4
10  -3
11  -5
12  2
10  -5
10  -4
12  6
12  2
12  3
10  -4
12  2
11  -3
11  -4
11  -5
11  -7
12  2
11  -5
11  -6
10  -3
11  -4
11  -3
11  -5
11  -6
12  2
11  -3
10  -3
12  6
10  -3
11  -5
11  -6
11  -5
10  -3
12  5
11  -5
11  -4
10  -2
11  -3
10  -4
11  -4
10  -3
11  -6
11  -7
11  -5
11  -3
13  4
11  -3
11  -6
10  -4
11  -3
11  -5
10  -5
11  -5
11  -5
12  6
12  2
11  -4
11  -4
11  -7
12  4
11  -4
11  -4
10  -6
11  -4
12  5
10  -3
11  -7
10  -2
12  2
11  -5
11  -6
11  -5
10  -2
11  -4
11  -7
12  4
10  -3
11  -6
10  -2
11  -7
11  -5
13  4
10  -6
11  -6
10  -2
10  -6
12  2
11  -4
11  -4
10  -4
10  -2
11  -7
12  3
12  5
11  -4
11  -7
10  -2
10  -5
12  5
11  -5
11  -4
11  -5
10  -2
11  -4
11  -3
10  -6
11  -4
12  5
12  4
11  -3
11  -4
10  -3
10  -5
10  -4
11  -5
11  -5
10  -6
10  -3
11  -7
11  -6
11  -3
11  -6
11  -5
10  -3
11  -5
13  3
11  -7
10  -3
11  -4
10  -3
12  3
10  -2
12  2
10  -6
10  -3
10  -4
11  -5
12  2
10  -4
11  -5
12  4
10  -2
11  -4
11  -7
11  -3
12  3
11  -4
11  -7
11  -5
12  5
12  2
12  2
11  -4
13  1
11  -3
11  -7
11  -7
12  4
11  -5
11  -3
11  -5
13  1
11  -7
11  -4
12  3
12  6
10  -4
11  -5
12  2
10  -5
13  2
11  -6
10  -3
10  -3
11  -7
13  2
11  -3
12  4
11  -4
11  -6
12  5
11  -6
12  5
11  -6
10  -3
13  3
11  -6
11  -5
10  -6
11  -6
11  -6
11  -5
12  2
12  2
12  4
11  -5
12  5
11  -6
11  -3
12  3
10  -5
12  6
10  -3
11  -6
12  5
11  -5
11  -5
11  -5
12  3
11  -3
11  -7
12  5
11  -4
12  6
10  -6
11  -5
10  -6
11  -4
10  -6
11  -3
11  -3
11  -7
10  -5
12  2
11  -3
10  -6
12  2
12  3
10  -3
11  -7
11  -4
13  3
11  -4
11  -6
11  -7
11  -3
10  -3
11  -7
11  -4
11  -5
12  3
11  -5
12  5
10  -5
11  -7
12  4
10  -3
11  -6
11  -7
11  -3
11  -5
11  -5
11  -7
11  -5
11  -7
10  -2
10  -3
10  -2
10  -2
11  -5
10  -6
11  -3
11  -6
13  1
11  -5
12  3
11  -5
12  5
10  -4
12  5
12  6
11  -6
11  -5
11  -5
12  3
11  -4
11  -7
13  4
10  -5
11  -6
11  -7
10  -2
12  5
11  -7
10  -4
12  3
10  -5
10  -6
12  2
11  -4
12  4
11  -4
11  -6
11  -7
11  -4
12  3
11  -5
11  -5
10  -4
10  -4
12  2
11  -4
11  -4
11  -6
13  2
11  -5
12  3
12  3
11  -6
11  -3
10  -2
11  -4
10  -5
11  -5
12  6
11  -7
11  -3
11  -6
12  3
11  -4
12  3
12  4
11  -4
11  -4
12  5
12  2
10  -4
11  -5
10  -6
12  2
11  -5
11  -4
11  -6
11  -3
11  -3
10  -2
10  -2
12  6
12  3
11  -4
11  -7
11  -4
11  -7
13  4
11  -5
11  -7
11  -7
12  4
11  -5
12  2
10  -5
11  -4
12  3
12  4
10  -2
12  4
10  -6
11  -6
11  -5
12  4
10  -5
11  -7
11  -7
12  5
11  -4
12  4
11  -6
11  -4
10  -4
11  -5
10  -6
11  -6
11  -5
12  6
11  -7
11  -7
12  5
10  -5
11  -5
11  -3
10  -6
10  -3
11  -5
10  -6
11  -3
10  -6
11  -4
10  -5
12  4
11  -5
11  -6
12  5
12  3
11  -3
11  -3
12  4
11  -7
11  -7
11  -3
12  5
10  -4
12  5
12  3
11  -6
11  -3
13  2
11  -3
11  -6
11  -5
13  5
11  -6
10  -6
11  -5
11  -6
12  4
11  -5
11  -7
10  -3
11  -3
11  -3
11  -3
11  -7
12  4
12  4
11  -3
10  -4
11  -6
11  -7
11  -4
11  -4
12  2
10  -5
10  -5
10  -6
11  -7
11  -4
12  4
11  -3
11  -4
11  -7
11  -3
11  -3
11  -6
12  3
10  -6
11  -7
12  2
12  5
11  -6
11  -4
11  -7
11  -7
12  3
10  -5
11  -7
12  5
12  2
11  -7
11  -3
11  -6
11  -3
12  3
10  -2
12  3
12  4
11  -7
11  -7
10  -4
10  -2
11  -3
11  -5
13  1
12  6
12  6
12  6
11  -5
11  -3
11  -6
11  -3
10  -5
10  -4
10  -4
10  -3
11  -4
10  -3
12  5
12  5
11  -5
11  -7
11  -5
11  -3
11  -6
11  -6
11  -4
10  -3
11  -4
11  -3
12  4
11  -5
12  3
12  4
11  -4
11  -4
13  2
11  -3
11  -4
11  -5
12  3
10  -3
10  -5
10  -6
10  -6
11  -5
12  3
11  -6
12  4
11  -5
12  6
12  2
12  2
10  -2
10  -4
11  -5
10  -6
10  -2
11  -4
11  -5
10  -2
12  6
11  -5
11  -6
11  -7
10  -2
11  -6
10  -5
13  3
10  -2
11  -6
11  -5
10  -3
11  -7
10  -4
12  6
11  -7
10  -4
11  -5
12  2
11  -6
11  -5
12  3
10  -4
11  -3
11  -4
11  -4
11  -4
12  6
10  -6
10  -5
11  -5
11  -3
10  -2
11  -4
11  -6
11  -3
11  -5
11  -7
11  -3
12  5
11  -4
12  5
10  -4
11  -5
11  -7
11  -4
12  3
11  -6
11  -3
12  6
10  -6
10  -3
12  3
10  -4
11  -5
13  1
11  -7
10  -3
11  -6
10  -5
12  5
11  -4
12  4
11  -5
12  3
10  -4
11  -3
12  6
10  -4
11  -3
11  -7
12  4
12  4
12  3
12  6
10  -2
12  2
11  -4
11  -4
12  5
10  -4
11  -7
11  -7
12  3
11  -4
10  -6
11  -4
13  5
10  -3
11  -5
12  6
11  -4
10  -4
11  -5
12  4
11  -4
11  -5
11  -4
12  4
11  -7
12  4
12  6
10  -5
10  -4
11  -3
12  3
11  -7
11  -7
11  -7
11  -7
11  -6
11  -5
10  -6
11  -3
12  6
10  -6
12  2
11  -3
11  -3
12  6
11  -5
10  -5
10  -3
11  -5
13  3
11  -4
12  6
11  -4
13  2
10  -4
11  -4
10  -2
11  -4
11  -3
13  3
11  -3
11  -7
12  5
10  -4
12  2
10  -5
12  4
12  5
12  3
11  -6
12  4
12  2
12  4
12  4
12  5
12  2
12  5
12  3
12  2
11  -5
10  -2
10  -2
10  -3
13  1
10  -4
12  5
10  -2
11  -5
11  -3
12  3
10  -6
11  -4
10  -5
12  4
10  -6
10  -6
10  -6
11  -4
11  -7
10  -5
11  -6
10  -6
11  -6
11  -6
10  -6
11  -7
11  -5
12  2
12  3
10  -2
11  -3
12  2
11  -5
11  -5
11  -5
11  -4
12  4
12  5
11  -4
12  6
11  -3
11  -4
13  3
11  -4
10  -6
11  -3
11  -5
11  -3
11  -7
12  4
11  -7
10  -6
11  -4
12  6
12  3
11  -7
11  -4
11  -3
11  -6
11  -6
11  -7
11  -5
11  -7
11  -4
11  -3
11  -7
11  -4
11  -5
12  5
11  -7
12  5
12  6
10  -5
11  -6
10  -4
11  -7
11  -5
