23  2
21  -8
22  1
21  -3
20  3
22  0
22  0
21  -6
20  6
24  -3
21  -4
22  -4
21  -6
21  -7
22  -4
21  -7
21  -3
23  7
22  -1
24  -2
22  -2
22  -4
20  7
22  -3
20  5
22  -3
23  5
21  -7
21  -4
22  -2
20  3
22  -4
21  -2
21  -7
23  6
22  -5
23  1
22  -1
20  3
22  -2
20  2
21  -4
20  4
20  4
20  8
21  -2
24  -2
22  -4
23  5
21  -6
21  -5
22  0
23  4
22  -3
23  3
19  3
22  -2
23  7
22  1
20  3
20  8
21  -3
24  -6
21  -5
22  -3
23  3
20  6
23  5
19  3
20  4
21  -3
21  -8
20  8
23  3
22  -4
21  -2
20  2
20  7
20  7
22  0
20  4
19  0
19  0
23  5
21  -3
22  -5
22  -3
21  -3
20  8
19  -2
21  -3
20  4
21  -8
21  -8
21  -7
21  -4
23  7
20  5
22  -3
22  -4
22  -4
24  -3
20  7
23  4
20  8
21  -2
22  -4
20  4
20  8
21  -3
22  -2
22  -1
21  -2
22  -2
22  -2
21  -7
20  5
22  1
20  4
21  -2
20  7
22  -3
20  2
21  -5
22  -3
22  -2
22  -1
21  -4
22  -2
23  5
23  2
22  -4
21  -8
23  5
21  -6
21  -6
19  0
23  5
22  -3
21  -4
21  -6
20  3
20  5
21  -8
20  4
24  -1
21  -7
20  8
21  -3
20  6
21  -4
21  -8
22  0
21  -6
21  -7
21  -3
22  1
22  -2
22  -3
21  -5
21  -8
21  -6
23  2
21  -3
21  -6
21  -6
22  -5
20  5
21  -3
20  6
21  -3
20  2
22  1
22  -4
23  6
22  -3
22  0
21  -2
23  2
22  -1
23  7
23  2
21  -4
21  -5
22  -2
23  7
22  0
23  1
21  -8
23  1
20  2
23  6
23  3
21  -7
20  3
21  -6
21  -3
20  8
23  2
21  -8
21  -6
22  -1
22  0
22  -4
22  -4
20  2
21  -7
21  -7
20  7
21  -8
19  3
24  -1
23  2
21  -2
20  3
22  0
24  -4
19  1
21  -4
22  0
21  -6
23  5
23  6
22  -4
22  -5
23  4
21  -3
23  3
20  7
22  -2
22  -2
22  -4
20  6
21  -5
23  5
21  -3
24  -2
22  -3
21  -3
21  -7
24  -3
21  -5
20  2
22  1
20  4
22  -5
22  -2
21  -2
23  2
21  -6
20  2
20  6
22  0
23  5
20  7
21  -8
21  -8
22  1
21  -3
23  2
21  -8
22  -1
22  -4
23  4
20  8
21  -3
22  -4
21  -7
20  8
22  1
21  -4
22  -5
21  -2
21  -3
22  -3
23  5
20  2
22  -3
20  4
22  -1
21  -2
23  4
21  -7
22  -5
20  6
22  -1
22  1
22  0
21  -8
23  7
21  -5
21  -4
23  6
21  -5
21  -4
20  2
21  -7
21  -2
22  -2
20  2
23  2
23  7
23  4
21  -5
21  -3
20  4
20  6
21  -4
22  -5
20  8
21  -2
21  -8
23  6
22  0
22  -2
23  3
22  -1
23  3
21  -2
23  3
20  4
22  -4
22  -4
20  2
21  -7
20  6
22  -3
22  1
20  6
20  4
20  7
21  -6
23  3
21  -4
23  7
21  -3
22  -4
20  5
23  1
22  -4
23  2
21  -4
22  -3
20  7
22  -5
24  -1
23  3
19  1
21  -2
21  -3
21  -3
23  7
20  7
20  5
22  1
23  3
19  0
20  4
20  3
24  -2
22  0
20  6
21  -3
20  2
21  -6
20  2
23  1
23  5
23  7
23  7
21  -2
20  5
21  -7
24  -7
20  7
20  3
23  7
21  -4
21  -2
22  1
21  -8
19  2
21  -5
21  -4
23  1
23  3
23  2
21  -6
22  -4
21  -8
20  3
22  -3
22  -3
21  -3
23  6
23  2
22  -3
23  1
21  -5
20  6
20  2
21  -7
22  -2
21  -5
23  1
20  7
21  -6
20  4
20  3
21  -4
21  -5
21  -3
22  -2
24  -5
23  2
20  4
22  -3
20  2
22  -1
22  0
19  2
21  -8
22  -3
21  -7
22  -1
22  -5
23  3
21  -5
22  1
20  2
23  5
19  4
22  -1
22  -1
20  7
20  2
20  5
22  0
21  -5
21  -7
20  6
24  -3
22  -1
22  -5
22  -2
21  -7
20  3
21  -2
20  3
22  0
23  6
23  6
21  -3
20  8
23  3
20  8
21  -5
23  6
20  4
21  -4
22  -2
21  -5
20  5
22  -1
22  -3
20  8
21  -3
20  8
23  4
21  -3
21  -6
21  -4
19  2
22  -5
22  -4
21  -8
23  1
21  -7
20  4
22  1
20  2
23  2
22  -3
21  -5
21  -4
21  -7
20  2
22  -3
22  0
21  -4
21  -8
22  1
21  -8
21  -3
19  -1
21  -8
21  -4
23  6
20  8
20  6
20  7
21  -5
20  3
24  -5
22  -4
19  -2
21  -4
20  3
21  -2
23  1
22  -5
23  7
21  -2
20  2
21  -4
20  6
22  -5
20  4
21  -2
21  -5
21  -8
22  -2
19  0
23  1
22  0
23  6
22  1
22  -4
21  -3
20  3
23  5
23  3
23  6
21  -6
21  -6
21  -2
20  3
21  -4
22  -5
23  1
21  -4
22  -4
23  2
20  7
21  -5
21  -5
22  -5
21  -3
23  4
23  2
21  -2
24  -7
22  -2
23  6
22  0
22  -2
21  -7
21  -3
21  -3
23  2
20  5
21  -6
22  1
21  -3
22  -1
21  -6
19  -1
20  5
23  1
22  -1
22  -4
20  5
21  -3
20  7
21  -5
20  7
21  -8
21  -4
22  -1
21  -7
22  1
20  6
20  8
23  7
23  1
23  7
23  3
20  8
22  0
21  -2
21  -7
24  -6
21  -6
22  -4
21  -6
21  -6
21  -6
21  -7
22  -5
21  -4
22  -4
21  -2
23  7
21  -5
20  3
21  -4
23  3
19  4
23  7
20  2
22  -3
20  2
22  -4
21  -2
21  -2
23  5
23  2
23  5
21  -8
19  -1
22  -4
21  -6
21  -8
20  3
21  -8
21  -2
23  1
21  -3
22  0
23  6
20  7
20  2
20  8
21  -8
23  4
22  1
19  -2
22  -2
20  7
24  -7
19  3
21  -3
22  -4
23  6
21  -6
22  0
22  -3
22  -5
22  -1
22  -3
20  5
23  5
23  7
21  -3
23  1
20  5
23  6
23  4
21  -6
23  4
22  -3
23  3
21  -5
22  -2
22  -1
21  -8
24  -5
19  0
22  0
23  5
22  -4
20  6
20  2
22  -4
22  -1
22  -2
19  4
20  4
22  -2
23  5
20  5
21  -4
23  6
20  3
23  3
21  -5
21  -3
22  -5
23  6
22  -5
21  -3
22  -2
23  6
20  3
21  -3
22  -1
21  -6
21  -3
21  -3
21  -7
21  -6
23  6
21  -5
21  -6
23  2
22  0
21  -6
21  -3
21  -7
23  4
21  -4
20  8
20  5
24  -3
22  -3
21  -7
20  4
21  -2
22  -3
22  -1
22  -3
21  -7
23  2
21  -4
21  -2
23  4
22  -4
22  -3
22  -1
22  -5
21  -6
23  5
22  0
22  -4
21  -7
20  6
20  2
21  -7
20  7
20  2
22  -4
22  -3
20  3
20  4
22  -4
22  1
20  7
21  -7
22  1
21  -7
22  -2
20  4
22  -5
22  -2
23  1
21  -4
21  -6
20  5
20  3
23  5
21  -4
22  -5
21  -4
23  3
20  4
22  1
20  6
22  0
23  4
23  1
20  5
22  -2
23  6
22  -4
22  -4
22  0
22  -3
21  -8
22  -4
23  7
22  -1
23  5
21  -2
20  5
20  4
23  6
22  -2
19  4
21  -3
21  -5
22  -4
20  3
22  -3
21  -7
21  -4
22  -3
22  -1
22  -5
20  2
20  4
23  2
20  7
21  -8
21  -7
21  -5
21  -3
24  -2
21  -6
25  6
23  2
24  -5
24  -5
21  -2
19  2
20  5
25  4
21  -2
23  3
21  -2
21  -7
21  -8
21  -3
23  1
21  -8
21  -4
21  -8
22  -1
21  -6
20  7
22  -3
24  -5
23  4
21  -2
21  -5
23  2
22  0
22  -1
21  -6
21  -4
23  1
19  1
21  -4
21  -8
23  5
21  -7
21  -2
21  -8
22  0
22  -1
21  -8
22  -4
20  5
22  -5
20  2
22  -4
22  -1
21  -5
19  1
22  -2
20  7
22  1
21  -8
19  1
21  -4
23  2
21  -3
23  7
24  -7
23  7
20  4
22  0
24  -3
21  -7
22  -4
23  3
20  5
22  0
21  -5
21  -5
21  -2
21  -3
23  7
20  4
21  -8
23  4
22  0
22  -4
23  7
22  -1
22  -2
20  2
21  -6
21  -7
22  -2
22  -3
20  5
23  7
22  1
21  -4
21  -2
21  -5
24  -1
21  -6
22  -5
22  -2
21  -5
23  5
22  0
21  -5
21  -7
23  4
20  2
22  -3
21  -8
20  5
22  -3
22  1
22  -1
21  -8
22  -4
23  3
21  -5
23  7
21  -6
22  -4
22  -3
21  -5
24  -5
22  -4
21  -8
23  4
22  -2
22  -5
20  7
22  -3
20  7
23  4
21  -3
22  -2
23  6
22  -4
21  -7
22  -4
23  4
21  -5
23  6
20  2
21  -3
21  -8
21  -6
22  0
20  3
22  -3
21  -3
20  3
20  4
21  -6
21  -2
20  5
21  -3
20  7
21  -5
22  1
22  0
21  -3
22  -2
21  -7
21  -3
21  -4
21  -7
22  -2
21  -6
21  -7
21  -6
22  0
21  -8
22  -5
20  7
21  -4
22  -1
23  4
20  6
23  7
21  -2
21  -4
21  -7
23  6
21  -7
24  -7
21  -8
21  -3
23  6
21  -7
22  -2
22  -3
23  2
20  8
19  3
21  -3
23  7
