14  0
15  1
14  4
14  -8
15  4
16  -2
16  3
17  -8
15  5
13  -3
14  -3
15  1
17  -1
15  10
15  10
19  -10
16  -4
19  -2
14  3
15  7
13  -2
15  5
14  2
17  -8
15  9
18  -4
17  -1
18  -2
18  1
16  2
14  2
17  -4
15  8
19  -9
15  2
12  8
17  -5
14  -4
14  2
15  8
19  -10
13  -2
18  4
18  -4
14  -2
15  6
14  -5
16  0
11  -1
17  -12
15  2
12  9
19  -4
19  -8
13  -7
15  4
19  -9
16  2
19  -4
14  1
20  -9
12  4
16  -3
13  -3
17  -2
16  -4
18  -1
17  -5
15  9
15  9
14  -4
16  -6
16  -7
21  -4
14  -4
19  -3
16  -1
15  9
14  3
16  3
15  6
16  -4
14  3
17  0
16  3
19  -11
14  3
12  10
16  4
18  -1
13  -3
18  -2
16  4
10  2
15  1
14  4
12  9
15  11
12  10
14  2
17  -3
17  0
19  0
12  7
14  1
14  1
14  4
15  1
16  -2
16  4
16  4
15  -1
18  5
17  -12
17  -10
16  0
17  -7
17  -8
19  -10
15  0
20  -13
16  -1
18  -4
13  -12
15  0
16  -8
15  4
15  5
18  -4
15  2
14  -5
17  -10
17  -2
12  4
13  -8
16  0
13  -2
16  -3
15  0
14  -8
13  -7
16  1
15  5
19  -11
16  -7
19  -5
16  1
17  -9
16  -8
18  -2
14  -3
16  0
14  1
16  -4
16  -8
17  -11
16  -7
14  -6
12  7
15  11
17  -7
19  -6
12  8
16  1
17  -12
17  -6
14  0
13  -8
19  1
15  3
15  9
16  -2
18  1
10  -2
16  -6
15  0
17  -4
20  -1
14  4
15  8
17  -7
16  -1
17  -4
19  -11
12  10
20  -8
18  3
14  -7
16  -7
16  4
14  -5
15  3
15  -1
15  7
16  4
17  -11
15  11
16  -5
17  -11
16  1
16  -7
19  0
17  -5
17  -4
13  -4
14  2
15  8
15  5
18  2
13  -8
18  -3
15  9
17  -1
16  -3
14  4
16  -2
16  1
18  5
22  -10
16  -4
16  1
18  5
13  -6
19  -8
15  0
18  -2
14  -1
18  3
21  0
17  -11
16  -2
14  -4
17  -3
17  -7
14  2
19  -6
14  3
16  3
13  -6
15  1
14  2
14  -4
12  8
17  -4
18  3
17  -6
15  6
19  -10
14  -3
15  8
17  -11
15  5
18  -2
19  -2
20  -3
16  0
17  -11
15  -1
13  -7
15  5
14  -8
15  6
14  -8
19  0
20  -7
15  9
15  0
14  -3
14  -3
19  -2
13  -3
19  -7
11  0
11  4
18  -4
14  -1
14  -7
15  0
18  -3
14  0
19  0
18  2
18  5
12  2
18  -3
15  6
17  -10
17  -4
17  -7
19  -6
16  -4
14  -4
16  -5
16  -5
16  -6
19  -10
13  -7
19  -8
15  0
20  -3
17  -5
13  -5
17  0
16  -8
15  -1
16  4
17  -4
10  0
19  -6
13  -3
14  -5
18  2
19  -9
13  -11
18  -1
18  1
14  -4
16  -1
17  -8
14  -2
16  -4
14  -3
16  -5
15  7
14  -5
16  2
19  -8
17  0
17  -3
16  3
17  -8
15  6
15  11
17  -1
13  -5
18  5
18  6
18  2
14  -3
15  5
17  -2
19  -4
15  4
16  0
15  7
16  -8
17  -8
11  4
21  -2
13  -4
17  -7
16  2
15  5
16  2
15  -1
18  2
17  0
14  -6
17  0
20  -10
19  -1
18  1
14  -3
16  -8
14  -3
15  2
16  -3
17  -6
14  2
20  -8
18  1
17  -7
16  0
13  -3
20  -4
18  3
14  -2
15  -1
18  -2
15  5
18  -4
14  -4
18  -5
20  -13
17  -11
14  -7
15  2
14  -4
22  -4
19  -2
15  1
15  10
12  1
15  11
16  -3
19  1
16  -4
19  -11
18  -6
16  4
15  5
18  4
16  -8
16  -7
20  -5
16  -6
18  -5
17  -9
14  -5
19  -5
18  3
15  1
14  1
20  -5
19  -5
14  4
16  -5
19  -6
15  7
16  -8
15  10
18  5
17  -2
15  8
14  -3
18  4
15  4
15  10
18  5
17  -2
15  8
16  -6
12  -1
20  -6
14  3
18  0
18  -2
15  7
12  5
13  -7
13  -13
13  -9
16  0
15  5
12  7
16  3
13  -9
16  -7
14  -7
13  -2
15  0
17  -8
15  7
19  -4
14  -8
14  -4
16  -7
15  11
18  1
17  -11
19  -11
19  -5
12  3
14  0
13  -4
14  3
15  4
17  -8
15  8
17  -9
18  1
16  3
19  1
14  4
16  -2
15  7
16  4
14  -3
14  -5
18  -5
12  5
15  6
18  6
15  -1
18  4
16  0
12  0
14  -6
15  1
16  3
15  -1
17  -12
17  -12
17  -10
15  1
14  -7
16  1
16  -6
15  6
18  -6
16  -8
16  4
13  -5
20  -3
14  2
16  -5
14  0
16  1
18  -5
15  2
17  -2
18  0
15  -1
19  -10
16  2
15  1
17  -4
15  1
14  -8
19  -4
15  9
18  6
14  0
17  -8
16  -3
17  -11
13  -11
19  -8
20  -11
17  -1
18  -5
13  -6
17  -6
16  3
17  -12
15  8
16  -7
14  2
15  7
17  -10
15  -1
19  1
17  -3
17  -4
15  3
15  -1
15  5
14  -1
19  -7
12  2
17  -6
15  2
18  -3
13  -13
16  1
16  0
16  3
18  -3
16  4
17  0
17  -3
17  -7
16  4
15  6
16  2
18  -6
11  3
20  -8
18  -6
14  -8
15  3
15  1
14  -7
17  -7
10  6
14  -8
18  -6
12  2
12  -2
19  -3
17  -3
19  -7
16  -6
16  -4
13  -10
17  -9
17  -4
12  2
15  3
14  -1
13  -3
18  6
11  1
17  -11
13  -12
19  -4
19  -7
13  -5
19  -11
17  -10
19  -1
18  6
15  8
18  -6
15  8
16  4
18  4
12  -2
17  -2
12  10
16  -5
18  -3
15  3
15  6
20  -9
21  5
14  -4
17  -7
15  5
16  2
15  2
17  -7
17  -1
13  -3
14  -6
15  10
21  2
18  5
14  -3
12  4
14  0
19  -7
18  2
11  3
17  -5
12  5
17  -8
13  -2
15  0
15  5
14  2
18  -6
14  -4
19  -7
17  -7
14  4
15  0
19  -10
15  0
15  6
16  -1
16  -8
14  1
17  -5
16  -5
16  0
15  8
16  -5
16  1
15  11
19  -9
16  -6
13  -13
19  -3
15  7
21  4
15  11
17  -7
17  -2
15  8
16  -3
18  -6
14  2
15  4
16  -4
17  -1
19  -3
18  -6
19  0
17  -9
18  -3
16  -3
12  10
14  -1
19  -6
16  3
13  -13
17  -3
16  -3
15  4
17  -7
15  7
20  -7
17  -8
12  -2
15  10
16  2
15  -1
16  -2
20  -4
20  -9
14  -1
22  -4
17  -9
17  -4
16  3
14  -4
15  1
18  4
17  0
19  -3
18  4
14  -1
16  -5
21  1
14  -3
15  9
19  -2
13  -2
21  -4
16  4
18  -4
19  -3
13  -1
15  1
18  -4
16  -4
14  -1
15  0
11  0
16  4
19  -8
16  -5
15  2
16  -8
16  1
16  -4
15  7
17  -10
15  7
18  1
16  4
15  -1
21  5
17  -6
18  2
13  -7
15  1
19  -1
17  -1
14  -2
16  1
13  -10
17  -8
15  4
13  -13
14  1
17  -12
17  -9
18  6
20  -8
14  2
14  -3
19  -8
14  -8
18  1
12  -1
19  -10
17  -12
17  0
15  10
13  -11
13  -1
13  -7
15  1
17  -1
17  -1
17  -10
16  -7
16  -3
14  0
15  7
16  -4
18  -3
16  0
16  -8
15  10
18  -5
16  2
16  -5
15  8
18  1
20  -1
13  -13
17  -8
15  4
18  6
15  8
14  3
15  -1
17  -5
14  -3
18  0
16  3
12  5
14  0
16  4
16  -4
17  -4
18  -2
14  -3
17  -1
14  1
16  4
17  -4
18  -6
16  2
21  -2
18  2
17  -10
13  -5
22  -5
13  -7
18  -5
15  -1
13  -4
16  -5
15  7
13  -8
14  2
14  3
15  7
17  -10
19  -5
15  8
17  -6
16  -5
13  -9
17  -1
17  -1
16  2
19  1
17  -8
17  0
22  -4
17  -6
16  -6
15  4
17  -3
13  -9
19  -10
18  2
17  -11
15  1
16  -6
18  -6
17  0
15  6
13  -7
12  -1
18  -3
16  -6
17  -3
12  5
15  3
12  4
19  -11
16  2
14  -7
16  -7
15  6
15  1
17  0
19  -2
18  -3
12  4
15  -1
16  -7
19  -7
16  -6
14  4
15  6
16  -2
18  -4
14  -7
18  -4
14  4
16  -4
14  -7
15  8
18  -2
14  -3
10  8
14  4
13  -9
18  -4
18  -1
16  4
19  -5
15  7
13  -13
17  -7
18  6
18  4
15  3
18  -1
19  -11
13  -10
16  0
19  -11
16  -7
17  -11
16  -7
18  6
14  1
16  -3
16  1
18  -4
15  4
17  0
17  -11
14  -2
15  4
18  2
16  -6
17  -5
16  -3
20  -2
16  -4
18  -1
17  -10
15  3
15  7
16  2
17  -1
15  0
15  5
16  -1
17  -12
14  4
16  -7
17  -2
15  8
18  -6
12  3
13  -2
18  0
15  6
17  -9
17  -10
13  -7
15  1
17  -1
15  11
16  -4
15  2
15  11
17  -5
16  4
16  3
20  -11
15  3
17  -2
17  -2
15  9
15  4
17  0
13  -6
18  4
14  -1
14  3
17  -3
17  -10
18  -4
16  -4
18  3
13  -6
16  -1
16  -5
13  -3
20  -2
15  9
17  -6
16  -3
17  -12
13  -2
15  -1
17  -8
18  2
15  2
21  5
17  0
16  -6
16  -4
16  3
20  -3
17  -1
17  -1
14  4
17  -3
