18  -10
19  4
16  5
21  2
16  12
16  12
18  -3
18  -3
17  -3
17  2
18  -12
18  -9
17  -4
20  8
23  -7
19  4
19  7
17  4
18  -7
15  3
17  -2
19  1
16  9
19  7
19  2
20  2
18  -10
16  10
17  3
19  6
16  7
20  3
18  -6
23  -1
20  5
21  4
17  -5
16  2
17  5
18  -2
17  0
17  -1
19  3
15  1
20  7
17  -5
18  -6
19  1
19  0
18  -8
17  4
17  -3
19  7
19  2
18  -8
19  -1
18  -8
16  6
18  -2
20  2
18  -12
15  5
18  -2
16  2
18  -4
20  10
16  5
19  7
17  -3
22  0
18  -2
17  4
19  5
16  5
18  -8
20  5
15  6
18  -6
17  -3
20  8
18  -7
18  -9
18  -3
19  4
17  -5
16  11
16  6
19  5
17  3
19  1
18  -4
17  -4
15  7
17  5
17  2
18  -12
18  -7
20  5
17  -4
19  8
18  -3
19  4
20  9
18  -10
20  1
17  -4
18  -11
18  -9
17  2
16  11
18  -7
11  -1
19  2
20  8
19  -1
16  8
16  2
18  -3
15  0
16  9
20  7
19  5
18  -11
20  10
17  5
20  8
19  6
16  6
20  1
20  6
18  -8
17  0
19  6
20  2
19  5
17  -2
17  -1
17  4
18  -10
19  8
20  4
17  3
16  6
20  8
18  -11
14  8
17  4
16  12
21  7
19  1
17  3
17  3
19  0
17  -5
17  -5
18  -11
19  5
16  7
17  4
21  -2
18  -5
20  2
15  4
20  5
23  -1
18  -11
17  2
19  5
22  -2
20  4
15  7
16  9
19  9
18  -5
16  7
17  3
17  0
16  9
16  3
20  3
16  9
17  3
20  1
16  9
17  -1
19  3
18  -10
20  9
18  -3
17  5
17  4
16  4
19  0
17  -5
19  -1
18  -3
18  -10
15  4
19  5
19  6
15  6
19  2
20  5
18  -10
19  0
18  -6
19  0
16  7
21  1
16  2
17  -5
20  0
17  -1
15  -1
20  2
16  6
17  2
17  4
17  -3
14  7
20  10
19  7
18  -9
16  8
19  3
18  -11
20  6
21  4
15  -2
20  6
20  3
16  4
18  -4
19  -1
16  12
15  -2
16  12
18  -10
18  -9
15  7
17  5
17  -1
16  4
16  3
20  4
19  -1
16  2
19  4
19  -1
19  8
15  3
19  0
19  5
18  -4
20  5
17  0
17  1
18  -3
18  -11
18  -3
16  11
17  -3
19  0
17  5
17  5
16  3
16  6
15  4
18  -9
16  12
16  9
15  -1
19  3
15  6
18  -5
17  -3
15  0
18  -10
16  5
18  -3
19  7
17  0
19  8
20  4
15  1
18  -11
19  1
18  -7
17  -4
17  -3
18  -9
19  7
17  1
19  8
16  2
15  5
21  -2
17  5
18  -4
17  -1
19  -1
17  0
12  2
16  7
15  4
15  0
18  -10
17  5
16  2
20  6
20  1
18  -2
16  10
18  -10
18  -12
18  -5
19  3
15  4
19  5
19  1
18  -6
15  -1
19  8
18  -2
19  4
18  -7
16  9
20  5
17  3
19  2
20  1
19  6
15  7
16  8
20  10
18  -10
21  -1
16  10
19  9
17  1
19  7
19  3
19  9
18  -2
19  9
19  9
18  -2
16  8
21  0
17  -3
16  5
19  0
17  -4
17  4
16  11
18  -9
19  8
15  -2
20  6
20  3
20  5
18  -7
22  -6
18  -9
20  3
17  3
19  6
20  2
18  -7
17  -1
21  1
17  0
20  7
20  0
19  9
17  4
17  -5
15  5
15  -3
18  -10
20  1
18  -12
17  0
18  -5
16  10
19  2
17  -5
17  5
15  3
19  0
19  9
19  4
19  8
16  11
19  7
19  5
18  -12
17  0
15  7
18  -2
16  10
18  -12
19  -1
19  1
20  0
20  0
18  -5
16  6
19  6
17  3
17  4
15  -1
15  1
16  8
16  5
17  -4
18  -11
18  -7
22  0
16  7
15  5
21  7
16  2
17  5
16  10
19  9
17  5
19  9
17  0
18  -5
16  2
19  -1
16  2
18  -7
16  10
19  3
16  4
18  -5
17  0
15  -1
18  -5
17  4
17  1
14  10
16  12
21  3
17  -2
16  7
17  4
17  2
17  -4
19  3
18  -8
15  7
15  5
20  0
20  2
18  -3
18  -3
18  -5
22  -8
21  7
18  -6
19  2
17  0
19  8
19  5
16  4
17  5
15  7
20  5
20  10
20  1
15  6
16  8
19  3
18  -3
18  -9
19  6
18  -7
20  5
18  -8
19  7
18  -12
20  2
20  9
17  1
19  8
17  4
16  8
18  -7
19  0
19  8
19  8
16  8
17  4
21  6
20  5
18  -9
20  10
15  7
17  1
21  1
17  0
18  -7
15  0
19  -1
20  0
17  5
18  -10
15  -2
21  3
18  -7
15  1
17  1
17  -2
18  -11
17  -4
19  9
17  1
22  -6
19  -1
21  5
15  4
17  4
18  -12
15  2
18  -6
17  -5
19  3
16  11
15  5
17  2
15  7
17  -4
20  8
23  -5
19  3
20  2
18  -8
18  -11
19  6
20  6
17  5
18  -5
18  -5
17  2
18  -2
20  7
16  8
18  -4
18  -9
16  4
18  -2
17  4
15  2
18  -8
18  -5
18  -5
15  5
21  -2
21  5
17  0
16  2
17  4
18  -3
17  -4
19  9
18  -9
16  12
18  -7
19  4
18  -12
18  -4
16  7
14  4
20  4
18  -12
15  5
21  5
18  -4
19  3
19  6
19  3
20  7
17  0
17  -3
19  6
20  6
20  7
20  2
19  2
19  6
19  5
21  3
19  4
16  12
17  -5
20  5
18  -12
17  2
17  -1
17  -3
18  -11
18  -2
18  -5
18  -10
16  12
19  1
18  -8
13  1
16  2
17  2
19  0
20  10
14  10
14  9
18  -6
17  -4
19  4
17  1
17  1
18  -9
20  8
16  5
16  10
15  1
18  -10
16  10
19  7
19  0
15  -1
19  7
21  6
17  4
18  -11
17  4
15  1
17  3
17  -4
17  3
17  -1
18  -11
21  3
21  4
20  10
14  8
18  -4
14  2
15  -1
19  7
16  3
17  5
20  4
15  -2
17  3
16  8
19  7
15  0
18  -2
20  7
20  6
15  -3
18  -4
21  5
16  3
17  4
20  9
17  5
15  1
19  4
21  -3
17  -2
16  12
19  5
17  -4
17  5
17  -4
18  -6
20  5
20  10
15  5
20  5
16  9
16  12
18  -2
14  3
18  -10
18  -9
14  11
17  -4
21  3
19  2
18  -4
19  6
17  -2
16  10
15  5
19  2
19  6
19  4
20  6
17  1
17  2
15  1
17  1
17  -4
18  -12
17  -1
18  -5
18  -10
15  5
17  5
17  4
15  4
18  -5
16  9
17  -5
17  -3
17  1
16  10
16  9
19  3
15  4
18  -5
17  -2
15  5
17  4
19  4
16  5
19  4
16  2
17  0
19  3
17  -5
20  0
20  10
18  -11
19  -1
19  7
14  10
18  -11
18  -9
17  -2
19  0
21  3
17  -3
16  8
17  -1
17  -5
17  4
18  -8
21  3
23  -10
15  6
18  -10
17  3
16  9
20  10
17  -3
15  2
19  5
16  3
18  -9
17  -2
18  -4
16  11
18  -4
16  6
20  0
19  6
17  -5
15  4
19  6
18  -5
18  -2
18  -9
15  -3
17  1
18  -3
18  -3
14  3
16  12
16  7
17  -5
18  -6
19  8
18  -4
16  5
21  -2
18  -10
18  -8
19  6
16  3
20  2
17  5
17  -4
18  -9
16  12
18  -6
15  -2
17  2
18  -11
18  -2
17  -4
16  5
17  1
19  8
18  -4
19  0
16  8
18  -9
19  -1
19  -1
21  2
18  -6
18  -12
18  -9
19  2
21  1
18  -5
17  4
16  7
18  -8
19  5
17  -3
16  11
21  -3
17  0
15  1
19  8
20  3
18  -6
14  6
19  5
18  -12
18  -7
15  4
18  -7
18  -4
15  -2
21  7
20  1
17  -1
20  6
20  1
15  6
18  -11
18  -11
17  4
21  7
19  5
16  3
19  2
18  -7
17  -2
20  6
21  3
18  -11
20  5
15  6
17  1
19  9
17  4
21  5
17  -5
13  4
17  -2
18  -7
18  -4
17  2
19  -1
19  9
18  -4
18  -9
17  -5
19  -1
20  10
18  -7
18  -8
23  -10
15  7
18  -4
18  -11
16  4
17  1
18  -11
19  0
18  -7
18  -9
20  9
15  7
18  -11
16  11
23  -3
16  7
18  -6
18  -11
20  0
16  12
20  2
18  -2
18  -7
15  1
17  2
16  7
17  0
17  -3
17  5
16  12
15  5
18  -12
18  -12
18  -12
15  2
20  1
17  -3
17  2
17  2
20  10
16  3
16  2
16  8
18  -11
18  -12
21  3
21  4
15  2
19  1
17  4
17  0
17  0
20  8
18  -2
20  8
19  7
16  7
18  -12
18  -10
20  2
19  4
18  -9
19  6
15  -1
19  8
18  -9
16  2
20  6
16  5
17  3
17  5
18  -12
18  -12
20  2
16  6
17  -3
18  -2
17  -2
16  9
17  2
15  1
20  5
18  -9
18  -8
18  -10
15  1
21  6
20  0
19  4
17  -1
18  -6
19  9
15  2
17  -4
17  2
21  2
16  3
16  10
17  4
14  12
20  8
20  6
20  4
18  -6
19  0
18  -6
17  -2
19  1
17  4
17  -4
16  10
20  1
18  -2
15  3
16  11
18  -5
21  6
16  10
17  -3
15  2
