12  -1
9  -4
12  -4
9  -4
8  -1
11  -7
7  9
10  -4
11  -3
10  -4
7  8
8  -5
10  -8
9  -1
8  -5
9  -2
9  -3
10  -5
6  -7
9  -2
10  -7
10  -7
7  5
9  -1
5  6
7  5
7  6
11  -4
10  -6
11  -7
8  -5
7  5
9  -2
6  -7
7  7
5  3
9  -4
12  -5
8  -4
8  -3
8  -2
8  -1
8  -2
11  -6
8  -2
12  -3
9  -1
10  -8
9  -1
9  -2
7  7
10  -6
6  -4
9  -4
7  5
8  -4
12  -3
9  -2
8  -4
11  -3
9  -1
10  -4
5  3
9  -5
12  -1
9  -3
9  -1
8  -1
8  -1
9  -4
9  -5
6  -5
7  7
8  -2
12  -2
9  -5
9  -3
9  -3
9  -1
10  -5
10  -5
9  -3
12  -4
13  4
6  -5
11  -7
10  -6
11  -6
7  9
9  -4
7  5
9  -4
10  -8
7  9
9  -3
9  -4
9  -3
10  -4
7  6
6  -6
8  -3
10  -8
11  -5
11  -4
7  6
9  -2
12  -4
15  -2
7  6
10  -7
9  -1
9  -5
11  -5
9  -3
7  5
9  -4
10  -5
9  -3
8  -1
10  -8
8  -2
7  7
10  -7
10  -4
11  -5
7  6
7  6
11  -6
7  7
6  -7
6  -4
13  4
8  -5
9  -1
10  -4
10  -5
10  -6
8  -1
7  7
10  -4
10  -6
9  -3
12  -3
10  -7
9  -4
10  -4
7  7
11  -7
11  -4
8  -3
7  7
10  -6
9  -5
10  -7
12  -4
10  -6
11  -5
9  -4
12  -2
12  -5
10  -6
11  -5
7  6
9  -5
10  -8
9  -4
7  6
8  -3
14  -3
10  -6
9  -5
10  -7
10  -6
9  -4
7  5
11  -6
6  -7
11  -3
10  -8
9  -4
8  -2
7  6
12  -1
7  9
8  -1
9  -4
11  -4
10  -5
7  8
8  -2
11  -6
11  -7
7  6
5  2
9  -5
9  -5
10  -8
10  -6
7  6
9  -3
9  -5
6  -5
6  -8
6  -6
9  -1
7  6
7  8
8  -4
9  -1
9  -1
8  -4
8  -4
8  -3
9  -4
11  -3
9  -4
9  -3
10  -6
8  -2
10  -4
9  -5
9  -4
13  3
10  -8
9  -3
9  -3
8  -2
11  -7
8  -5
9  -2
8  -4
8  -4
8  -2
10  -4
12  -5
8  -1
7  5
14  -3
9  -4
9  -2
9  -4
10  -6
10  -5
9  -2
8  -2
8  -1
12  -2
8  -4
8  -3
10  -6
7  6
8  -3
10  -8
7  9
7  8
10  -7
9  -5
12  -5
7  7
9  -4
10  -7
6  -5
7  5
6  -4
10  -7
8  -3
6  -8
11  -4
8  -2
7  9
11  -4
10  -8
8  -5
11  -5
7  7
7  8
7  8
9  -2
8  -4
7  6
12  -5
13  1
11  -3
12  -1
11  -4
7  9
10  -7
8  -3
7  7
7  6
10  -4
8  -1
11  -3
8  -2
6  -6
10  -8
13  4
10  -8
6  -8
13  1
6  -7
13  0
12  -5
5  6
9  -4
6  -7
7  9
10  -8
10  -4
7  7
11  -6
9  -4
10  -5
9  -1
8  -2
10  -8
7  8
7  8
10  -7
10  -8
11  -3
8  -4
8  -1
8  -4
9  -3
9  -2
10  -7
12  -5
6  -4
9  -1
12  -1
10  -6
10  -4
9  -4
6  -4
11  -3
9  -5
8  -3
8  -2
8  -1
7  9
8  -5
7  6
7  7
9  -5
10  -4
11  -6
8  -3
10  -5
8  -3
8  -5
9  -4
12  -2
12  -1
11  -5
12  -1
8  -1
10  -6
7  5
8  -2
8  -3
9  -2
6  -5
10  -8
9  -2
9  -2
8  -5
6  -6
10  -8
4  0
13  4
8  -4
11  -4
13  0
8  -4
8  -3
10  -5
9  -3
12  -4
10  -7
5  4
7  8
8  -2
13  4
10  -8
6  -5
8  -5
11  -3
9  -1
8  -2
8  -4
9  -5
10  -6
10  -7
9  -1
9  -1
11  -7
11  -7
8  -4
8  -3
10  -4
9  -3
7  6
6  -6
7  8
7  6
12  -1
10  -6
7  6
8  -4
7  6
10  -7
7  8
9  -5
10  -4
9  -3
9  -2
10  -6
8  -4
12  -1
9  -1
11  -7
9  -4
10  -7
10  -7
9  -4
9  -3
9  -2
10  -4
9  -4
10  -6
8  -2
11  -3
10  -8
9  -2
7  9
11  -4
7  5
10  -4
10  -7
8  -2
10  -6
11  -7
10  -5
10  -5
13  3
8  -5
6  -6
8  -1
9  -3
5  5
7  5
9  -4
9  -1
6  -7
9  -2
10  -6
8  -3
9  -3
11  -5
9  -5
8  -2
7  5
8  -3
11  -3
8  -3
7  7
8  -5
9  -5
9  -2
7  8
9  -4
10  -8
9  -2
10  -8
8  -5
4  0
11  -4
10  -5
11  -4
10  -4
10  -8
7  7
10  -5
12  -4
9  -2
10  -8
9  -3
9  -1
10  -6
10  -4
8  -3
7  5
7  6
10  -8
7  7
8  -1
9  -5
12  -5
10  -7
7  6
9  -4
10  -8
7  7
12  -3
9  -5
12  -4
7  6
10  -6
9  -1
7  6
8  -3
11  -3
11  -5
5  5
4  3
6  -7
10  -7
10  -4
10  -5
8  -1
8  -1
8  -1
8  -5
11  -7
9  -3
5  3
9  -4
8  -4
9  -2
10  -4
7  6
9  -2
11  -5
9  -4
10  -4
10  -5
8  -4
13  2
7  9
11  -7
6  -7
9  -1
7  5
6  -8
10  -6
9  -5
7  8
10  -6
9  -2
9  -4
6  -8
9  -3
8  -3
11  -5
8  -3
10  -7
11  -4
8  -4
9  -2
12  -2
10  -5
11  -5
11  -4
8  -3
9  -1
7  9
8  -4
10  -8
11  -7
8  -1
11  -5
9  -2
11  -3
10  -8
9  -5
10  -7
9  -5
9  -4
8  -4
9  -2
7  7
8  -1
12  -5
12  -4
11  -6
9  -5
7  6
8  -1
8  -3
12  -3
10  -7
8  -4
8  -3
12  -5
7  7
8  -1
10  -5
9  -3
5  5
8  -3
9  -3
7  7
11  -3
8  -1
10  -7
5  5
10  -4
10  -6
8  -5
11  -4
11  -7
11  -7
8  -5
10  -7
10  -7
10  -7
13  4
10  -4
11  -3
10  -8
8  -4
11  -5
8  -5
10  -7
7  9
12  -2
7  8
11  -4
9  -2
10  -5
10  -7
11  -7
10  -7
11  -5
7  9
10  -7
9  -2
7  8
8  -5
10  -4
7  6
7  6
10  -5
10  -8
10  -8
10  -6
8  -1
9  -5
8  -3
9  -1
10  -5
9  -4
9  -1
7  6
8  -3
13  4
9  -3
11  -6
7  7
6  -6
8  -1
8  -3
8  -3
7  5
8  -4
9  -2
12  -1
10  -7
11  -6
8  -5
12  -3
9  -2
9  -2
9  -4
12  -4
8  -3
10  -8
12  -4
9  -3
12  -4
9  -3
9  -2
10  -4
8  -2
6  -7
7  6
8  -2
7  9
9  -1
10  -6
7  6
10  -6
7  8
6  -6
8  -1
7  8
9  -5
8  -2
12  -3
9  -1
7  7
4  1
9  -4
9  -3
9  -2
11  -3
8  -1
5  6
10  -8
9  -1
10  -4
9  -4
9  -2
10  -7
7  8
9  -2
6  -6
10  -6
11  -3
9  -1
9  -4
10  -7
9  -4
8  -3
6  -6
7  9
9  -1
7  5
9  -5
10  -8
11  -5
6  -5
11  -6
9  -3
9  -1
12  -1
8  -1
7  7
7  6
9  -5
8  -3
10  -7
10  -7
10  -5
10  -8
5  2
7  6
12  -4
11  -3
9  -3
10  -4
8  -1
10  -4
7  7
9  -2
9  -5
8  -3
11  -7
11  -7
6  -5
8  -3
7  7
9  -2
10  -8
8  -1
8  -5
9  -2
8  -1
9  -2
9  -2
10  -4
8  -3
9  -2
8  -1
9  -3
10  -5
8  -2
11  -5
7  9
10  -5
11  -5
9  -4
9  -4
7  7
9  -4
10  -5
6  -7
9  -4
9  -4
8  -2
8  -5
10  -6
9  -3
10  -6
10  -8
13  3
10  -4
14  -4
11  -5
9  -5
8  -5
10  -6
9  -4
8  -3
8  -4
9  -1
5  2
8  -1
8  -4
10  -6
11  -3
9  -1
9  -2
8  -3
8  -2
9  -1
10  -5
7  6
10  -5
10  -8
8  -1
9  -5
8  -2
11  -6
6  -8
6  -5
12  -3
10  -8
10  -4
12  -2
11  -6
10  -6
5  4
8  -5
11  -4
9  -5
7  6
9  -3
8  -1
10  -4
11  -7
11  -7
9  -2
12  -2
9  -1
9  -3
8  -4
11  -5
9  -1
10  -5
9  -1
12  -5
12  -2
9  -2
10  -7
9  -2
11  -5
10  -6
12  -5
8  -3
11  -3
11  -7
9  -3
7  8
9  -4
7  7
8  -4
9  -5
10  -6
8  -3
5  6
11  -6
7  6
7  6
10  -7
11  -4
7  5
9  -4
8  -3
11  -5
8  -2
10  -6
11  -6
7  7
8  -3
9  -4
9  -3
9  -4
9  -3
10  -4
10  -5
6  -6
11  -5
10  -8
9  -4
10  -4
10  -4
10  -6
11  -7
7  6
10  -8
7  5
11  -5
7  9
7  9
9  -4
12  -2
10  -8
6  -8
11  -5
10  -4
12  -2
7  7
7  9
7  7
9  -2
9  -1
13  0
9  -2
7  6
9  -3
10  -8
12  -4
8  -5
9  -5
11  -6
9  -4
8  -3
9  -3
5  4
11  -5
7  9
7  8
13  2
10  -7
10  -4
8  -3
6  -5
12  -1
12  -5
10  -5
12  -5
12  -1
9  -4
9  -1
9  -5
10  -8
12  -1
9  -5
7  7
10  -8
6  -7
9  -5
8  -2
11  -5
9  -1
10  -5
9  -5
8  -2
12  -3
13  1
8  -3
5  5
8  -1
13  2
14  -2
7  6
10  -5
6  -8
9  -5
10  -6
9  -3
12  -4
10  -4
8  -3
8  -4
8  -1
11  -3
9  -3
13  0
8  -3
13  1
12  -5
10  -8
8  -1
10  -4
8  -5
8  -1
8  -4
10  -5
11  -6
6  -7
8  -5
12  -4
9  -2
11  -6
9  -4
7  5
10  -6
