19  3
20  2
18  -4
16  -1
23  3
18  -6
17  1
16  -5
18  -4
18  2
18  -8
20  3
16  -9
15  -3
20  3
23  6
21  6
20  2
18  -2
25  2
17  -9
21  1
23  7
19  4
18  -5
22  -4
21  4
23  2
21  10
19  -5
16  0
19  -3
19  -8
18  -1
21  5
19  2
24  0
24  4
18  2
22  -1
19  -5
22  -9
17  -1
18  -1
19  1
22  -5
19  3
24  0
23  6
14  -4
21  5
19  1
20  1
19  -4
16  -6
23  6
16  -5
17  -8
22  -10
22  -2
20  -6
22  -7
18  -7
21  9
21  2
19  1
20  2
25  11
18  -8
20  3
21  -1
21  4
21  8
18  -4
21  5
22  -8
20  3
19  -2
23  7
20  -5
19  -6
20  3
19  -5
18  -5
19  1
17  -4
20  -8
18  -9
21  7
23  9
23  4
22  -5
24  -1
15  0
20  1
20  -9
18  -8
18  -3
23  3
23  13
17  1
20  -7
17  3
18  -7
21  -2
22  -8
19  1
21  -2
22  -8
14  -4
18  -10
23  2
16  -6
16  0
19  -3
18  -9
22  -11
21  -1
21  8
16  -3
19  -4
19  -5
19  -1
22  -11
21  -2
22  -9
19  1
20  0
19  -4
17  3
18  -4
25  10
18  -7
21  8
20  1
23  9
19  -8
14  -1
20  1
22  -6
21  -2
22  -6
19  2
21  2
22  1
22  -5
23  8
23  8
17  -6
17  -1
21  5
19  -1
22  -9
20  -9
21  7
17  -5
20  -6
22  -2
19  2
19  -7
20  -4
23  13
20  -8
19  -5
20  -4
20  -3
17  -2
23  11
26  -7
24  6
24  3
18  -9
19  -8
18  -10
22  -2
19  -7
20  -8
19  -6
23  2
20  2
17  -2
21  -1
20  -1
20  -5
21  2
25  10
19  4
19  1
21  4
18  -5
21  -2
20  -1
21  4
20  -2
21  -1
18  -4
21  4
19  -5
18  -3
18  -4
21  8
21  6
18  -10
20  -4
21  10
23  7
16  -10
19  -4
21  1
21  5
21  2
24  -1
23  9
20  0
21  9
18  -7
19  -5
18  1
20  3
22  -8
21  8
22  -1
20  -6
23  8
22  -1
22  -7
18  -8
20  -2
18  -7
20  -9
23  13
17  -4
19  4
20  2
18  2
24  -1
20  -2
23  13
20  -3
21  10
18  -6
23  1
20  -7
23  12
21  4
19  2
18  -9
17  -3
19  -1
18  -1
21  -2
17  -4
20  -7
18  2
17  -7
19  0
17  -4
21  -2
20  -7
22  -8
17  -4
20  0
20  -9
18  -10
21  0
20  2
21  5
18  -5
22  -9
21  10
19  -5
21  0
23  2
21  0
19  0
19  4
18  -2
20  -9
19  3
21  0
24  0
22  -11
20  -3
21  -2
21  6
21  1
20  -6
20  -6
16  -11
20  -5
21  4
19  -1
17  -2
23  9
21  0
18  1
22  -3
20  1
23  10
21  2
17  1
16  -6
20  -5
23  5
18  1
20  2
19  -4
20  -8
20  -7
20  3
17  3
20  0
21  4
14  -2
17  -8
20  1
18  -4
21  -1
19  -6
18  -1
18  -7
24  4
20  -9
21  0
21  2
18  0
13  -8
23  6
20  2
18  -4
18  1
20  1
19  -5
17  -9
24  9
18  -1
21  -2
23  2
24  5
20  0
20  -9
21  4
19  1
18  2
20  -3
20  3
19  -2
17  0
19  -2
19  -1
23  4
21  7
21  8
21  6
19  1
20  2
19  -7
22  -6
16  -5
21  1
22  -8
21  2
22  0
22  -4
20  -8
21  6
19  -1
18  -4
21  4
23  6
21  3
14  4
18  -6
21  8
18  0
18  -7
18  -6
18  -4
18  0
22  1
21  7
19  3
23  3
21  5
19  -7
16  -4
21  4
23  6
19  -2
21  9
21  3
21  1
18  -1
21  4
22  -3
20  -8
22  -6
20  -5
23  11
20  -3
20  -5
18  -2
19  2
19  1
21  -1
21  10
18  -9
21  4
18  1
17  3
20  1
17  -2
21  9
21  5
19  0
18  -9
15  4
23  1
23  5
23  12
20  -6
20  -2
19  -2
23  1
20  -9
24  11
24  1
22  -3
20  -9
21  6
19  -8
21  4
18  -3
19  -4
16  -2
21  4
16  -1
18  1
21  6
16  -5
20  -2
20  -8
18  -10
17  -2
21  2
18  -1
16  -9
18  -7
22  -7
20  1
21  3
18  0
18  2
21  5
21  2
19  -3
20  -8
21  2
18  -3
20  0
20  -7
18  -3
22  -11
18  -3
16  -2
17  -9
23  5
20  2
21  6
19  -4
18  -7
18  0
20  2
20  1
16  -9
22  1
21  10
20  -1
21  8
23  3
19  -1
18  -5
21  8
20  -8
18  -8
17  1
23  8
20  -4
20  -2
20  0
21  3
22  -5
19  4
18  0
20  -3
19  -1
20  2
20  -1
20  -5
23  10
20  1
20  -2
20  3
18  -1
18  -5
18  -10
20  -3
23  12
19  4
22  -9
19  -2
20  -7
22  -7
18  -10
20  0
18  -2
22  -4
22  -11
18  -9
21  6
25  1
18  -3
24  1
20  -8
23  5
22  -11
20  -7
25  10
20  3
19  -4
21  -1
23  2
19  -1
17  -3
21  5
18  2
24  6
18  -6
20  -5
23  5
24  6
18  -7
23  5
20  -9
18  -7
18  1
21  1
20  -4
22  -11
21  10
22  -4
21  2
25  2
19  -6
24  0
20  -4
15  1
19  -2
15  -3
21  2
22  -7
17  -4
17  -6
22  -8
17  -4
21  -2
21  -1
18  -10
21  2
17  -1
19  -8
25  8
21  10
24  5
18  -1
19  -8
21  8
20  -1
18  -9
20  2
22  1
18  -7
20  0
20  1
20  -9
23  8
21  5
20  -7
21  -1
20  1
21  7
20  -4
20  -6
22  -8
20  -8
21  5
22  -1
21  0
21  3
21  -1
20  -9
20  3
20  -3
20  -3
18  -4
21  -2
19  -2
21  -2
19  2
19  1
22  -6
22  1
21  4
20  -3
20  -5
22  -10
20  -2
20  1
23  2
21  2
20  -7
17  0
20  2
22  -11
21  6
18  -4
18  -2
22  -4
19  -2
17  -6
20  -1
21  8
17  -4
20  -6
20  -3
20  -7
19  1
21  0
22  -10
19  -5
20  -7
19  3
20  -7
17  -9
19  -5
20  -2
23  12
15  -2
22  1
22  -2
23  12
21  9
18  -2
20  -8
21  5
23  8
19  -7
18  -3
23  7
19  -6
17  -5
18  -6
24  7
24  5
20  -5
19  4
17  -9
22  -1
20  3
22  -1
20  0
23  1
21  -1
20  -6
22  1
16  0
18  0
18  -5
22  -1
22  -6
17  -5
20  -3
21  -1
18  -1
19  -1
18  -8
19  -8
21  -1
19  1
23  10
21  -2
24  1
18  1
15  -1
17  -7
20  0
21  10
18  -1
20  0
22  -9
20  0
19  -6
19  -3
20  0
17  2
20  -5
21  8
18  0
24  6
17  -2
21  8
22  -6
22  -10
23  4
15  6
20  -2
20  -4
21  4
20  -1
22  1
22  -8
21  3
18  -8
21  2
21  -2
21  8
21  7
21  8
23  8
21  5
22  -3
21  6
17  -4
22  -6
22  -10
18  -7
21  1
19  -5
20  -8
19  -3
17  -4
22  -7
21  9
17  -1
20  3
19  3
19  -5
20  -8
21  9
20  -2
20  -4
24  7
16  1
18  -6
21  0
21  -1
21  3
18  0
22  1
23  3
15  -1
24  6
18  -9
19  -5
18  -9
17  3
22  -7
24  2
17  1
20  0
18  -9
23  9
17  3
19  1
19  4
21  10
19  -2
19  -8
19  -3
19  1
18  2
21  8
20  2
21  9
19  -1
20  -7
21  8
18  -10
22  -4
23  3
22  -10
20  1
19  -7
21  1
20  -7
22  -5
20  0
22  -3
17  -5
17  -8
22  -9
19  3
21  9
21  0
19  0
20  0
19  -3
19  -5
22  -5
18  -7
20  3
19  0
23  12
23  12
21  9
16  -7
21  7
21  6
21  7
19  -7
22  -3
15  4
21  8
18  -7
19  -8
24  8
21  -2
16  -10
24  6
19  -5
19  -7
20  -7
21  5
20  2
22  1
23  12
21  -2
19  1
20  -6
19  2
19  3
21  6
21  -1
20  0
21  5
19  -7
18  -5
16  -5
21  8
16  -6
21  9
20  -3
18  -3
23  9
24  5
20  -1
16  -8
18  2
16  -3
23  3
20  -2
21  1
19  2
18  -4
20  3
18  2
19  -5
17  -2
17  -3
15  -2
20  2
20  1
19  1
20  0
19  -6
24  7
23  11
18  1
19  0
20  2
19  -8
19  3
21  0
18  1
24  3
17  -9
23  1
17  -4
22  -3
20  3
22  -2
21  5
21  8
19  -3
20  -7
18  -4
19  -5
17  0
21  10
23  1
20  -2
18  -7
17  -4
22  -6
21  -1
20  -9
21  4
21  -2
21  8
18  -3
20  -5
19  -8
18  1
21  4
24  4
17  -9
20  -3
20  -4
19  -4
23  7
22  -1
17  -4
22  -8
20  -8
17  -9
22  1
19  -8
18  0
18  -8
22  -4
20  -5
20  -2
21  6
21  -1
21  7
19  -4
21  7
23  13
20  -4
19  -1
22  -2
21  -2
20  -1
21  -1
23  6
21  0
20  -1
19  -5
19  -5
21  1
20  -8
18  0
15  7
17  -8
22  -9
18  -6
19  -7
23  8
18  -7
18  -1
19  -3
20  1
18  -8
20  3
17  -9
22  -6
20  -5
23  10
21  7
22  -6
17  0
24  9
21  6
22  -7
23  7
21  9
22  -2
20  -7
23  5
18  -10
20  1
22  0
17  -7
17  1
19  2
24  4
20  -1
25  2
17  0
19  -8
19  -4
22  -11
18  -6
20  -6
24  4
20  -7
23  9
21  10
22  -8
19  4
