14  0
15  9
14  4
13  -3
14  3
15  4
14  0
15  9
14  0
15  9
14  0
15  6
14  4
14  3
15  9
14  0
14  6
15  9
13  -1
15  6
15  6
15  6
13  -6
14  1
15  10
15  5
14  4
14  6
14  1
14  2
15  6
14  1
14  2
15  5
14  2
15  4
14  2
15  7
13  -7
15  4
15  8
14  1
14  1
15  7
15  5
13  -1
15  8
15  8
15  10
14  3
15  8
14  4
15  8
14  6
13  -6
14  0
15  9
14  5
15  8
15  10
15  6
14  4
15  7
13  -7
15  6
15  4
15  6
15  4
15  8
13  -6
14  3
15  9
13  -3
14  2
14  3
15  10
14  2
14  5
14  1
14  2
14  0
13  -1
15  5
14  0
15  5
14  3
15  6
14  4
14  0
14  2
14  3
15  10
15  5
14  2
14  6
14  3
15  5
13  -7
15  10
14  0
15  10
14  0
15  5
14  5
14  5
15  5
14  3
15  8
14  6
14  6
13  -2
14  5
14  6
14  2
14  3
13  -2
14  4
14  6
13  -1
15  8
14  2
15  7
14  2
13  -7
15  4
14  5
14  2
14  4
14  5
15  5
15  5
14  6
15  8
15  8
13  -2
15  5
14  0
15  6
14  0
15  7
14  0
15  8
15  5
14  2
14  0
14  4
14  1
15  8
14  1
15  8
14  6
13  -1
15  6
14  6
14  6
15  6
15  9
13  -5
15  9
15  7
15  6
13  -4
15  8
15  9
14  6
13  -3
13  -1
14  1
15  6
15  5
15  5
14  5
14  0
15  5
15  7
15  9
14  1
14  0
14  6
15  7
14  2
13  -1
15  10
14  0
15  4
15  5
15  6
13  -4
14  1
15  4
15  8
13  -3
15  6
15  9
15  8
13  -4
15  5
15  8
15  8
15  7
14  4
14  1
15  5
15  7
15  6
15  8
15  8
13  -7
14  5
15  5
15  5
13  -5
14  5
14  2
15  7
14  5
14  0
15  5
15  9
14  1
14  1
14  6
13  -4
14  2
15  10
15  6
15  7
15  5
15  9
15  8
15  7
14  2
14  4
14  3
14  2
14  1
14  4
15  10
14  4
13  -6
14  3
14  3
14  4
14  0
14  4
15  7
15  7
13  -3
14  5
15  9
14  1
14  5
14  0
15  9
15  6
14  4
14  4
14  2
13  -7
14  2
14  2
14  0
13  -5
15  7
15  4
14  5
14  6
15  4
15  4
14  6
14  0
15  5
15  6
14  5
14  2
14  5
15  5
14  2
14  1
15  9
15  4
15  8
15  7
15  5
14  0
14  5
15  10
14  2
15  5
14  4
15  6
14  6
15  4
15  4
13  -4
15  10
14  5
14  5
13  -3
14  1
15  7
14  5
14  0
13  -4
13  -6
15  5
15  4
14  1
14  4
15  9
14  5
15  5
15  10
15  9
14  1
14  1
14  4
14  0
14  2
15  4
15  4
14  5
15  5
15  6
15  4
15  8
15  9
15  6
13  -1
15  10
15  5
13  -6
14  2
14  6
14  3
15  5
14  0
13  -3
15  4
13  -2
15  6
15  7
15  7
14  0
14  6
15  5
15  8
15  9
15  8
14  2
15  5
15  4
13  -6
15  8
14  2
14  4
14  6
14  6
14  2
14  2
13  -1
14  2
14  6
14  6
15  4
15  9
15  9
14  6
13  -5
15  5
15  8
13  -6
15  7
13  -5
15  6
14  2
13  -4
14  4
14  5
14  0
15  10
14  4
15  6
14  6
14  5
14  6
15  4
15  9
15  7
14  1
15  5
15  7
13  -4
13  -7
14  3
13  -4
15  6
14  1
14  6
15  5
14  3
15  7
14  6
14  2
15  6
15  4
15  7
15  6
13  -4
13  -4
14  0
13  -1
15  7
14  2
14  2
15  4
14  4
15  9
14  6
14  3
14  2
14  6
14  0
14  1
15  9
13  -4
14  6
14  3
14  3
14  4
15  10
14  0
15  4
15  10
15  6
14  1
15  9
13  -5
14  0
13  -4
15  5
14  1
15  9
14  4
14  2
15  8
14  3
15  7
15  4
14  5
13  -6
14  5
14  0
14  5
13  -2
14  1
15  5
15  9
15  8
14  1
15  9
15  10
15  10
15  8
15  10
14  3
14  1
14  6
14  5
15  5
14  5
14  5
15  4
15  8
14  2
15  4
14  4
15  6
15  8
14  4
14  0
14  4
15  6
13  -4
14  6
13  -5
14  2
15  4
15  10
14  3
15  10
14  6
14  5
14  4
15  10
13  -1
15  8
14  4
15  6
15  4
15  5
14  6
14  5
15  8
14  6
14  0
14  2
15  6
14  5
15  9
13  -4
15  4
14  6
13  -3
14  0
15  5
14  5
14  3
14  2
15  8
15  5
14  6
15  8
14  4
15  10
14  6
14  1
15  6
14  6
14  6
14  3
14  6
15  7
14  2
14  0
14  1
14  5
14  6
15  7
13  -5
15  7
15  7
15  6
15  10
15  6
14  2
15  6
14  6
14  6
15  7
15  6
15  7
15  7
14  1
14  6
15  4
15  4
15  8
14  0
15  9
13  -5
15  7
14  3
15  10
14  1
14  4
14  2
14  0
14  6
13  -5
15  8
14  4
14  0
15  7
14  2
15  5
14  1
15  6
14  6
14  0
13  -2
14  2
15  9
14  0
14  4
15  4
15  8
13  -7
14  5
15  6
15  9
13  -2
15  8
14  3
15  8
14  4
15  5
14  5
13  -4
14  2
15  9
14  1
14  1
15  8
14  3
13  -3
15  5
14  2
15  4
14  4
13  -5
15  8
13  -1
14  3
14  5
14  4
14  5
15  7
15  5
15  6
13  -6
14  0
15  8
15  7
15  7
14  2
14  1
14  1
14  5
15  6
14  3
14  6
14  3
14  3
14  1
15  9
14  5
15  8
15  10
14  4
14  6
14  2
13  -4
14  4
15  7
13  -4
15  5
14  3
14  6
15  5
15  10
14  4
14  4
14  1
14  2
15  10
13  -6
13  -6
14  2
14  1
15  7
14  3
14  0
13  -2
15  10
15  5
14  4
14  0
15  9
14  0
14  0
15  6
15  10
15  4
15  10
13  -5
15  4
14  3
14  1
15  8
15  9
15  4
13  -3
14  4
15  4
15  6
14  0
15  7
14  0
15  4
14  5
14  0
14  0
15  10
14  0
13  -4
14  4
15  4
14  2
15  6
14  0
15  10
15  6
14  2
15  7
14  3
14  2
15  5
15  10
14  0
14  0
14  5
14  4
15  4
15  4
13  -2
15  4
14  3
13  -4
15  9
14  4
14  6
14  6
14  0
15  8
15  8
14  6
13  -2
14  6
14  4
15  10
15  10
14  6
15  4
14  6
15  5
15  7
15  4
14  5
15  8
14  0
14  2
14  3
15  8
14  4
15  6
15  9
14  3
14  4
15  9
14  3
14  2
15  8
13  -6
15  8
15  5
14  5
15  8
15  5
15  6
15  7
14  5
15  5
14  5
15  5
15  6
14  6
14  4
15  8
14  5
14  6
14  0
15  10
14  6
14  0
15  6
15  5
14  5
15  8
14  0
15  9
14  1
13  -1
14  0
14  2
14  0
14  1
14  0
14  5
15  6
14  5
15  10
15  4
15  5
14  6
13  -3
14  4
14  2
13  -4
14  0
15  4
14  5
14  5
14  0
14  1
13  -5
14  0
15  7
13  -5
15  9
13  -6
14  6
15  6
15  6
15  7
14  2
15  7
14  5
15  7
15  5
15  5
15  7
14  1
15  6
14  1
13  -7
15  8
15  5
13  -2
15  5
15  6
14  4
13  -2
15  10
13  -2
14  4
15  9
13  -6
15  9
14  1
13  -3
14  2
14  2
14  2
14  5
14  6
15  4
14  5
15  4
13  -5
13  -1
14  4
14  4
15  8
15  10
15  10
14  4
14  4
13  -5
15  5
13  -3
15  4
13  -7
15  7
14  3
14  2
15  6
15  6
14  0
14  1
15  4
15  5
14  2
14  5
14  4
14  6
15  10
15  10
14  5
14  0
14  3
14  5
15  8
14  6
13  -7
13  -5
14  5
14  5
13  -2
13  -1
14  2
15  8
15  4
14  0
14  4
15  9
14  0
15  4
14  5
14  3
14  1
14  6
13  -7
13  -2
14  2
15  5
15  5
14  6
14  3
14  0
14  3
15  4
15  6
14  4
14  5
15  8
13  -7
13  -6
15  7
14  3
14  0
15  5
15  7
14  3
15  9
14  0
15  10
14  3
15  7
14  4
13  -3
15  7
15  4
14  4
13  -2
14  4
15  7
15  10
14  1
15  6
13  -5
14  5
14  5
14  1
15  10
15  7
13  -4
13  -2
15  4
15  4
15  10
14  2
15  10
15  10
14  5
13  -5
15  10
14  4
15  4
15  5
13  -2
14  5
14  0
15  6
14  6
14  2
14  5
14  1
14  6
14  3
14  2
15  4
14  2
13  -6
15  9
15  6
15  9
15  9
15  10
14  3
14  1
14  2
15  7
14  6
14  2
14  3
14  3
14  2
14  2
14  6
15  4
14  3
14  6
15  4
15  9
14  6
14  3
15  9
15  7
13  -4
