6  9
7  1
7  5
7  3
7  0
6  9
6  11
6  8
7  5
7  4
7  3
7  1
7  -1
6  4
6  3
7  5
7  0
6  8
7  4
6  3
5  -5
7  0
6  3
7  2
7  2
5  1
6  8
7  2
5  -2
6  11
7  2
6  6
6  4
6  3
6  7
7  -1
7  5
6  5
7  -1
7  5
7  -1
7  3
7  1
6  8
7  6
6  4
7  6
7  7
6  11
7  5
7  3
5  0
7  0
6  7
7  1
7  -1
5  -2
6  5
7  2
5  -2
6  11
7  2
7  6
7  6
6  6
7  0
6  8
7  7
6  10
6  4
5  -6
6  5
6  6
6  8
6  8
7  3
7  3
6  4
7  1
7  6
7  7
7  0
7  6
7  -1
6  4
7  5
6  7
6  3
7  7
6  6
7  -1
5  1
7  -1
6  10
7  1
7  2
6  3
7  2
6  10
7  3
6  8
7  7
6  3
7  4
6  7
6  11
7  1
7  -1
6  3
7  7
7  0
6  11
7  7
6  5
7  4
6  11
7  5
6  11
7  4
6  6
7  0
7  0
7  4
6  4
6  9
7  3
6  3
6  6
7  1
5  -3
7  6
6  3
6  8
7  7
6  8
5  -3
6  5
7  3
7  6
7  3
6  5
5  1
6  8
7  0
7  5
7  7
6  8
6  8
7  3
5  1
7  5
6  7
6  10
7  0
7  3
6  9
6  11
6  10
7  3
7  7
7  6
5  -4
6  11
7  3
7  -1
6  4
6  3
7  0
6  6
7  7
7  2
7  0
6  7
7  7
7  4
7  3
7  5
7  4
5  -1
5  1
6  6
6  8
6  9
6  4
6  8
7  7
7  0
6  9
7  -1
5  -1
5  0
7  1
5  -6
7  0
6  11
6  4
6  5
7  2
7  1
7  2
7  3
6  9
7  1
7  4
7  1
6  11
7  4
7  5
7  6
7  5
7  4
7  0
7  3
5  -3
6  11
6  5
7  5
7  4
6  7
7  -1
7  5
5  -3
7  1
7  2
7  3
6  9
5  -1
7  -1
7  1
7  2
7  2
6  5
6  5
7  -1
7  -1
6  6
7  6
6  7
7  7
7  6
7  1
7  6
7  7
6  4
7  2
7  5
7  6
7  4
6  7
6  5
7  3
7  5
6  7
7  5
7  -1
7  2
5  -6
7  0
7  5
7  3
5  1
6  7
5  -3
6  5
6  5
7  1
7  4
6  5
6  7
6  9
6  4
7  2
5  -7
6  10
6  7
7  7
7  1
7  4
6  6
7  2
7  3
6  5
6  9
6  5
6  3
6  7
6  3
7  5
6  7
6  8
7  1
7  3
6  8
7  0
7  7
6  3
5  -4
7  2
6  8
7  2
6  10
7  0
6  3
7  5
6  8
7  -1
7  7
6  8
6  3
6  8
7  4
6  8
7  5
6  9
7  4
6  4
6  10
7  7
7  6
7  3
5  -5
7  1
7  4
7  5
7  4
7  4
7  3
6  10
6  10
7  5
6  11
7  3
7  2
7  7
5  -7
7  3
7  3
7  7
6  9
6  11
6  9
7  -1
7  1
6  6
5  -5
7  7
7  7
7  0
6  3
7  5
7  0
5  -3
7  6
7  0
7  7
7  3
7  2
7  1
6  7
7  5
5  -3
6  11
6  10
6  4
6  8
7  4
5  -2
7  5
7  3
6  7
7  3
7  5
6  9
7  0
7  0
7  7
7  -1
7  6
7  3
7  6
5  0
7  6
6  11
7  3
6  10
7  -1
7  1
7  5
6  10
7  6
7  2
6  6
5  -3
6  8
7  1
7  1
7  -1
7  2
6  4
7  -1
5  -5
6  9
7  0
7  2
7  7
6  9
6  7
7  7
7  -1
6  7
7  6
7  3
7  0
6  8
6  3
6  9
6  10
6  7
6  4
6  6
6  3
6  11
7  7
6  3
7  0
6  7
7  1
5  -5
6  4
7  0
6  4
5  -7
6  7
7  5
7  1
6  11
6  5
7  7
5  -3
7  4
6  11
6  5
6  3
6  9
7  5
7  -1
7  5
7  4
6  8
7  1
6  6
7  7
7  7
6  10
7  3
7  1
7  -1
7  5
7  2
7  1
6  8
5  1
6  9
7  0
6  3
6  11
5  -2
7  0
7  -1
7  7
6  7
7  -1
7  5
6  4
7  1
6  11
6  7
6  11
7  4
6  9
7  7
7  -1
6  5
6  9
7  7
7  2
7  4
7  4
7  7
6  3
7  2
6  6
7  1
5  -2
7  5
7  2
5  -2
6  4
7  7
6  11
6  9
7  6
7  1
5  -3
6  5
6  8
7  0
6  10
7  2
6  10
6  4
7  3
6  4
6  7
7  1
5  -1
6  3
6  5
6  4
6  8
7  3
6  10
5  -6
5  1
6  11
6  8
7  0
7  4
7  4
5  -1
7  -1
7  0
7  5
6  9
6  10
6  9
6  6
7  3
6  7
6  5
6  10
6  11
6  11
7  2
5  -3
7  7
7  4
7  -1
6  10
6  9
6  9
7  0
6  9
7  2
7  6
6  7
6  4
7  5
6  6
6  9
7  4
6  11
6  4
5  1
6  3
7  2
6  9
7  4
7  5
7  2
6  9
7  7
7  -1
6  8
6  5
6  3
6  4
6  6
7  5
7  2
6  4
6  9
7  3
7  2
7  2
7  5
5  -5
6  4
6  10
6  4
6  5
7  4
7  -1
6  10
6  11
6  4
7  4
7  7
7  -1
7  -1
6  11
7  7
7  7
7  3
7  2
7  3
6  11
7  2
6  7
6  8
6  11
6  7
6  9
7  4
6  9
7  5
6  5
7  0
6  8
6  4
6  6
7  2
7  0
6  6
6  11
6  10
6  6
7  -1
7  1
7  0
7  3
7  0
7  6
6  11
7  5
7  7
7  5
6  7
6  6
7  7
6  6
7  5
7  1
7  0
7  1
7  1
6  10
7  4
5  -4
5  -5
6  7
6  6
7  2
7  6
6  5
7  4
7  5
7  4
7  0
6  11
7  2
7  7
7  7
6  9
7  3
6  5
6  10
7  -1
7  2
7  3
7  3
6  7
7  5
6  10
7  5
7  1
6  6
6  4
7  5
6  3
7  -1
7  4
7  0
7  6
7  7
7  1
7  4
6  6
7  1
6  8
5  -5
6  10
6  8
6  3
6  9
6  4
7  7
7  7
7  7
6  11
7  1
7  7
6  4
6  8
5  -2
7  2
7  7
7  7
7  2
6  3
6  6
6  11
7  1
6  5
7  1
7  7
7  3
7  4
6  10
6  4
7  6
7  6
7  3
5  -4
7  6
6  10
7  7
6  9
7  3
7  4
6  7
7  -1
5  -3
7  7
7  5
7  4
6  5
6  11
6  11
7  -1
6  9
6  5
7  -1
6  8
7  -1
7  -1
7  7
7  3
7  7
6  8
7  0
6  9
7  -1
6  6
7  3
7  5
6  7
7  3
7  6
6  9
7  7
7  -1
6  9
6  7
7  5
7  1
6  4
7  5
6  3
7  4
6  7
6  8
6  8
5  1
5  -4
5  -1
7  0
7  6
6  7
6  5
7  5
5  -1
6  8
7  7
6  3
7  4
7  7
6  3
7  -1
7  6
7  1
6  11
6  6
6  4
7  2
7  7
7  1
7  6
7  -1
7  7
7  2
6  9
5  0
6  8
5  -4
6  3
7  5
6  7
6  6
6  9
7  4
6  7
6  3
6  5
6  3
6  9
6  7
6  11
6  11
7  3
6  3
7  6
6  10
7  3
5  -4
7  0
6  9
7  6
6  11
6  9
7  6
6  11
6  6
6  6
7  1
6  6
7  6
6  8
7  2
6  10
7  5
6  4
7  3
7  6
6  4
7  0
6  8
7  2
7  0
7  6
7  5
7  2
6  5
6  10
6  8
7  6
6  8
6  9
6  3
6  3
6  5
6  3
6  6
6  7
6  5
5  1
7  0
6  5
5  -7
6  3
7  5
6  6
7  4
6  9
6  9
7  4
6  5
7  3
6  6
6  9
7  5
7  3
7  0
7  0
6  5
7  2
7  0
7  7
7  0
7  4
7  4
6  4
7  3
6  3
6  8
7  0
7  3
6  10
6  4
7  2
6  4
6  6
7  1
7  3
6  3
5  1
7  1
6  9
7  6
7  2
7  7
7  3
6  6
7  3
7  5
7  6
7  4
7  6
7  6
7  -1
7  0
6  5
5  -2
7  3
7  1
6  6
7  4
6  11
7  2
6  6
7  4
6  9
7  3
6  11
6  8
6  7
6  11
7  4
7  5
7  6
7  4
6  3
6  9
7  4
6  7
6  4
6  8
7  7
7  -1
7  -1
6  8
6  10
6  7
5  -4
6  4
7  1
7  7
6  10
7  3
6  9
6  11
5  0
5  -6
6  5
7  5
6  4
5  -4
7  1
7  4
6  5
6  8
6  4
6  5
6  3
5  0
6  3
5  -5
6  10
7  5
6  9
6  10
7  7
6  6
5  -7
7  1
7  5
7  0
7  3
7  5
5  1
7  1
6  5
6  10
6  7
7  -1
6  3
7  2
6  10
6  5
6  6
