21  1
21  6
23  10
22  2
22  0
22  6
20  -2
22  4
21  0
20  -7
22  8
22  2
22  9
21  2
22  0
22  6
21  5
21  3
22  3
21  6
21  -3
23  -4
20  -11
20  -4
20  -8
22  2
21  -8
20  -7
21  -3
21  -8
20  -10
21  -3
20  -4
20  -8
21  5
20  -5
22  -3
22  5
20  -2
22  4
21  3
21  -4
21  -2
20  -12
21  -1
20  0
20  -13
21  2
22  9
22  6
21  3
21  1
20  -6
20  -4
21  -7
21  -8
21  -1
21  -7
21  -6
22  4
20  -12
20  1
22  5
20  -6
22  -2
20  -3
21  6
21  3
20  1
20  -4
21  -6
21  4
21  -7
22  6
20  -11
21  -6
20  -12
22  -1
21  -7
22  2
21  1
20  0
21  2
23  6
22  1
21  5
23  4
23  2
22  2
20  -4
21  2
20  -10
22  -3
20  -12
22  10
20  -4
23  -4
20  -9
20  -11
23  0
21  6
21  5
22  -3
23  10
20  -5
23  9
20  -4
21  3
20  -11
21  4
21  -4
21  -4
22  8
21  5
22  3
21  -6
20  -8
20  -13
21  6
21  1
21  -7
21  5
21  -8
21  0
23  0
21  -6
22  5
21  3
21  -6
21  1
23  7
22  7
20  1
21  6
22  -4
21  -4
22  8
22  6
21  5
21  -5
22  7
22  1
22  1
22  7
20  -7
21  -8
21  6
22  6
22  -3
21  -7
21  -6
21  -1
20  -9
20  -3
21  3
20  -4
20  -4
22  5
21  -5
21  -5
23  3
21  4
22  1
21  -8
20  -7
20  -11
21  6
20  -7
21  -8
21  -1
22  6
20  -9
21  3
21  -8
22  4
22  -4
21  6
20  -13
22  2
22  4
20  -8
21  1
21  1
22  7
22  8
20  -12
23  -1
21  0
21  -8
24  8
21  1
20  -11
20  0
21  0
20  -13
21  -3
20  -11
21  -8
21  -1
21  -4
22  7
20  -1
21  -1
21  -5
20  -13
22  -2
22  7
22  -4
22  -2
21  1
21  -8
21  -5
20  -7
23  -2
22  1
21  6
21  -5
20  -12
22  6
20  -7
23  2
22  7
21  2
20  -3
20  -8
21  1
22  6
21  -6
22  0
21  5
22  -4
20  -7
22  8
20  -10
20  0
21  1
20  -3
21  -6
22  2
20  -6
21  -4
23  0
23  8
23  4
21  -6
21  -1
20  -11
21  -7
21  2
22  6
22  0
20  -7
20  -1
22  1
21  -6
22  -2
21  -5
20  -13
21  0
23  3
20  -4
22  9
20  -2
23  5
21  -8
20  -10
20  -11
21  -8
20  -8
22  7
21  -7
21  2
22  6
20  -8
21  -8
21  -7
21  5
21  -3
22  4
20  -4
21  -7
21  -1
22  9
21  -3
22  3
22  -2
21  -6
22  -1
20  -13
21  -2
20  -1
21  -4
23  -1
24  11
21  -7
21  0
20  -12
20  -5
21  -8
22  3
22  7
22  9
21  -6
20  1
21  5
22  7
21  3
20  -13
21  -1
20  0
20  -6
22  -3
20  -1
21  2
22  6
20  -13
20  -9
22  6
23  -2
21  -6
21  2
21  0
21  6
22  5
22  10
22  1
21  -1
23  6
23  9
21  -3
22  2
20  -8
23  4
20  -8
21  6
22  7
22  6
22  4
22  3
21  1
23  8
23  9
22  8
22  -4
21  1
20  -3
21  0
20  -1
21  -8
20  -2
20  0
21  -8
21  -4
22  3
20  -3
21  3
21  -1
20  -12
21  0
20  -2
21  -7
22  4
20  -12
21  -7
24  5
21  0
23  8
20  -1
22  -1
22  10
21  5
22  -3
21  -1
21  -4
20  -7
20  -3
20  -12
21  -7
21  4
21  -2
21  0
22  -2
22  -2
23  -4
21  6
21  -7
20  1
22  4
21  -2
23  8
21  2
22  -1
20  0
21  3
21  0
22  6
21  3
22  -4
22  -4
21  -2
20  -10
20  -10
22  1
21  0
20  -10
20  -8
20  0
22  1
21  -7
21  1
22  9
21  -1
21  -3
22  5
20  -4
20  -12
20  -12
21  -1
21  -8
20  -6
22  8
21  2
21  2
22  -1
22  0
22  -4
22  1
20  0
22  4
21  -2
21  0
21  -2
21  -1
21  -4
22  -3
20  -6
22  1
21  3
21  -8
21  -5
21  4
20  -12
21  0
21  -7
21  -4
21  -8
20  -4
23  5
22  7
22  3
21  -1
23  -4
21  0
21  5
23  4
21  5
21  -4
21  -3
21  0
21  3
21  -7
22  -3
22  1
22  7
21  -5
21  -3
21  -4
21  -7
20  -11
21  -4
23  -3
23  9
21  5
22  3
22  5
22  3
21  -2
21  -2
21  -6
21  -8
22  -3
20  -11
21  1
21  -3
22  1
21  -6
22  -2
20  -5
21  3
21  2
22  7
20  -11
22  2
21  4
22  3
23  8
20  -2
21  -8
21  -6
20  1
21  -5
20  -3
22  5
22  -3
21  1
23  10
22  -2
21  4
23  2
21  -3
22  10
23  10
21  0
21  -5
22  -4
21  -8
21  -3
21  2
22  0
22  -4
22  6
21  0
21  -3
23  -4
21  -7
21  -1
20  -4
22  10
20  -6
21  2
21  1
20  -4
21  -3
21  2
22  9
21  -4
20  -4
22  0
23  -1
20  -6
21  4
21  5
20  -1
22  -1
22  6
22  8
20  -11
20  1
20  -6
21  2
23  -1
20  -4
21  2
22  9
21  -2
21  1
22  7
22  6
21  -1
23  -4
21  5
21  -6
20  1
22  0
23  2
20  -4
20  -8
21  -7
21  -6
21  2
20  -3
20  -10
21  1
21  -8
20  -9
21  -8
21  4
22  9
22  -2
20  -9
22  -3
22  8
22  0
21  -1
21  2
21  2
21  2
21  -4
22  -3
21  2
20  -3
21  -1
22  6
22  8
21  -6
21  4
20  -1
20  -6
23  0
22  8
21  -4
21  4
22  -1
21  2
21  6
20  -13
20  -6
23  -1
22  -3
21  -4
22  3
21  0
20  -5
23  1
20  -7
21  -5
21  -1
21  -4
20  -3
21  1
20  -4
22  6
22  5
21  6
21  -1
20  -2
21  1
21  4
21  -8
21  -2
20  -2
21  4
22  8
20  -13
23  -2
21  -7
21  -3
21  -5
22  8
21  6
22  10
22  1
20  -4
20  -8
20  -9
22  8
21  -3
22  4
21  -4
23  9
23  -3
23  6
22  1
22  0
21  -5
23  5
20  -2
21  -1
20  -10
20  -10
21  -5
22  -4
22  8
21  1
21  -5
21  4
21  -5
20  -10
21  -5
21  -2
21  -4
21  -2
21  2
21  6
21  6
24  13
21  -3
23  -4
21  -5
22  -1
21  -1
22  -1
22  4
23  8
22  5
21  4
22  -3
20  -8
21  -8
20  -3
22  6
23  -2
21  6
21  -8
22  4
20  -10
21  0
22  -2
22  8
21  5
23  5
22  0
20  -2
21  -3
21  -6
21  3
22  4
21  -8
22  -3
21  -2
20  -11
20  -7
21  -1
20  -7
21  6
23  2
21  1
22  3
20  -6
22  7
22  -2
20  -10
21  -6
22  -2
21  4
21  6
22  6
22  5
21  -1
20  -7
22  -2
22  9
21  -8
22  3
20  -2
20  -1
21  -5
22  5
22  7
22  -1
21  6
21  5
20  -11
21  -5
22  -2
20  -3
20  -8
20  -10
21  0
22  -3
21  -5
21  6
21  6
23  9
22  -4
22  -1
21  -6
23  8
22  -3
22  -3
20  -4
22  -4
21  -7
21  1
21  -6
20  -9
22  10
22  2
21  -3
23  4
21  5
21  -6
20  -4
22  7
21  -2
21  -2
22  1
22  -4
21  -4
21  2
21  2
21  -4
20  0
21  2
21  -7
22  2
20  -6
21  -2
21  -1
21  -6
21  2
20  -11
22  3
23  -2
21  0
22  0
21  -7
21  -5
21  -2
22  -3
21  6
20  -8
21  -8
22  4
22  2
22  -2
21  6
23  3
20  -5
21  -1
21  -4
21  -2
21  -2
21  4
21  -6
21  -2
20  -11
20  -1
23  9
20  -6
20  -5
21  -4
20  -1
22  5
21  -7
21  -1
23  3
21  4
21  -3
22  3
21  1
20  -8
21  1
20  -2
20  -1
21  -2
23  1
20  -13
21  -8
20  -3
21  1
21  5
20  1
21  -4
22  8
20  -8
21  -4
22  4
21  -6
23  -3
21  6
22  10
21  -2
20  -6
21  5
21  3
20  -9
22  7
21  2
21  -6
22  4
23  3
21  -1
22  9
20  1
21  2
21  4
21  5
22  0
22  -4
21  -6
20  -13
22  7
22  9
20  -9
21  -6
21  -4
21  -2
22  6
22  -4
22  9
21  -2
22  9
22  9
21  -2
21  1
21  -1
20  -6
23  8
20  1
22  4
22  4
21  6
23  9
20  -8
22  10
23  -4
20  -12
22  10
20  -7
23  -3
22  7
20  -9
20  -4
22  -1
21  0
22  5
21  4
20  -9
21  0
20  -8
21  -4
22  0
22  3
21  2
21  -3
20  -6
22  9
22  9
21  0
21  5
21  5
21  -6
20  -1
23  -4
22  10
20  -2
21  0
20  -13
23  6
20  -10
21  -7
21  -4
21  3
21  5
22  -1
21  -6
20  -8
20  -3
21  5
20  -9
20  -9
20  -8
21  -2
22  0
22  10
20  -9
22  9
20  -5
21  0
21  -5
20  -3
22  8
23  8
21  -3
22  7
22  4
20  -2
21  -3
21  -7
20  -2
21  -2
21  -1
21  -2
22  1
22  8
22  10
22  4
21  -3
21  -1
21  -1
23  2
21  -4
22  0
22  3
21  -2
22  3
22  5
21  2
20  -5
23  -2
20  -8
22  7
20  0
21  1
22  10
21  -2
22  2
21  -6
21  -1
21  6
20  -3
20  -9
24  6
23  9
21  3
21  6
22  8
21  -1
21  -6
