10  -3
12  3
12  -6
12  -4
11  -8
12  5
10  7
13  -3
10  8
10  2
13  5
12  -8
11  -4
12  -3
11  1
13  1
10  3
13  -8
15  9
11  -3
11  -3
13  -3
12  -1
12  -8
10  -5
9  10
14  5
11  -4
8  4
14  -9
13  6
12  0
13  0
14  4
11  2
14  -4
10  7
14  -7
9  6
9  6
10  1
11  -6
8  6
11  -3
14  3
13  0
13  -7
13  0
12  5
7  7
10  -4
11  -1
11  1
11  -6
9  10
12  -2
9  1
6  -6
11  -5
10  7
10  3
13  1
12  2
12  4
14  -3
13  -2
10  5
11  -5
11  1
6  4
11  -3
9  8
10  8
13  -4
9  6
12  -5
11  3
12  -7
12  -9
11  -6
11  -5
11  -1
10  1
12  -9
11  0
10  0
12  0
12  -6
12  -8
13  1
13  5
8  7
10  -4
11  -3
11  1
14  -1
9  6
14  -8
13  -5
11  -7
11  2
12  -8
8  -1
9  12
8  5
10  4
12  0
10  0
11  3
9  10
10  0
12  -5
9  -1
15  7
13  -6
11  -7
13  -2
11  4
12  0
13  4
15  -5
10  8
13  6
11  2
10  4
10  5
11  -4
14  -4
13  1
10  -2
10  0
11  -2
12  -4
9  2
12  4
11  -7
11  -8
10  -5
12  -6
8  -1
9  0
10  2
13  4
14  2
13  1
12  5
13  -8
9  9
12  3
10  3
12  -8
11  2
11  -8
11  1
11  -3
11  4
12  -8
10  7
12  -9
9  10
11  -9
11  -1
8  7
11  2
13  5
12  1
9  2
10  0
10  1
11  -8
13  -6
9  7
13  4
9  8
12  -1
13  -5
11  -2
10  8
10  6
13  -5
7  11
12  -6
12  -6
12  4
10  -5
8  2
10  -2
12  4
10  1
14  -2
9  4
12  2
10  8
12  -4
6  5
10  1
12  0
14  -4
9  4
10  -4
12  -7
11  -7
10  4
9  12
12  0
9  12
11  1
14  -8
13  0
14  -9
10  3
12  -4
10  -2
13  -5
11  -6
10  8
8  9
13  -6
8  -1
11  -7
9  4
12  3
9  12
10  -2
10  6
11  -3
11  4
15  -2
12  -9
16  4
9  6
12  4
14  2
11  -2
13  -3
13  -2
11  2
13  3
10  7
10  6
10  7
14  -8
9  2
12  -9
11  -1
11  -9
11  -8
12  -7
10  8
12  5
10  -5
11  -8
10  6
9  3
11  -9
9  9
9  11
12  5
11  3
12  -9
12  4
12  0
13  -5
11  3
9  8
11  3
14  1
9  2
10  -5
13  -3
11  -4
9  5
13  -6
13  -4
10  8
12  -2
15  -4
13  -4
12  -3
10  -2
10  -3
10  -5
9  4
11  4
11  -1
10  7
11  5
10  3
11  -6
10  -1
13  1
9  3
12  -3
9  2
11  2
10  2
12  -7
11  2
9  3
13  -3
11  -1
11  -3
14  4
9  10
10  4
10  -1
12  0
10  -1
14  -2
10  -3
13  0
13  -2
12  4
11  -6
13  -6
12  -9
13  -1
10  -5
14  -5
12  0
11  -7
10  3
9  8
11  4
11  -8
12  -6
14  -5
9  10
10  7
12  -4
11  -4
13  -6
14  -8
9  -2
15  -2
12  3
12  1
11  -6
11  1
12  -6
11  2
14  -6
11  -4
11  4
12  -5
11  -2
12  3
10  -4
11  -4
13  0
14  3
13  -1
14  -3
17  2
8  10
9  -2
8  6
12  0
10  2
12  -2
10  1
9  8
8  4
8  9
11  2
13  1
14  -7
10  -5
12  1
11  -1
12  0
8  10
11  -8
13  5
11  3
11  -2
12  -8
11  -7
11  -2
13  -1
11  -5
11  -3
14  3
13  3
13  1
12  -6
14  2
10  1
14  -5
12  -9
12  -7
8  11
10  2
11  3
14  3
10  -2
11  -5
13  2
10  5
10  -4
9  -2
10  -5
10  -4
11  1
11  -7
13  1
9  1
12  -4
13  0
9  8
9  10
16  5
10  5
12  4
15  -4
8  -1
7  1
9  -2
10  4
12  -1
11  -5
9  -2
10  3
11  3
14  -9
12  5
12  2
15  4
12  -9
13  6
11  5
11  -4
12  -1
12  0
10  -6
10  -6
11  3
11  -1
12  -5
11  -6
8  5
14  -1
11  3
12  1
13  -5
11  2
9  10
13  -8
9  8
10  5
10  -1
12  3
12  1
10  3
13  -2
12  3
16  -8
10  -2
12  -3
12  1
13  5
12  -8
11  5
12  -8
13  4
14  -1
13  1
11  1
9  1
11  3
11  -8
10  0
12  3
13  -8
9  5
10  -6
11  -5
10  -6
11  4
12  0
8  8
12  -4
11  3
14  5
11  -5
11  2
12  0
12  -4
9  10
11  5
9  10
12  -3
13  -7
10  8
6  5
11  2
12  2
8  -3
13  -3
11  -9
12  -4
11  -2
9  1
12  0
10  5
11  -8
13  0
15  6
12  -6
12  -6
11  2
13  4
13  3
12  4
9  12
11  5
11  -6
15  3
15  -2
13  2
13  -8
10  -4
14  -7
11  -5
12  -8
11  -3
11  2
12  -6
14  -1
11  4
11  0
9  6
14  5
14  -9
9  4
13  -2
8  7
13  6
14  3
12  -6
13  5
10  5
13  4
10  3
10  1
12  4
11  -7
11  -7
9  6
10  5
13  -2
8  4
11  0
11  -4
11  -2
10  -5
15  9
10  1
11  -3
13  2
13  -8
12  1
9  6
12  -8
12  5
10  2
7  7
9  0
8  11
12  2
9  -2
10  -2
12  -7
9  7
11  -4
12  1
10  5
9  -2
11  1
12  -8
12  -4
10  5
10  -5
12  -5
9  -1
13  -1
7  6
11  -4
13  -6
10  5
8  6
11  -1
12  -9
14  -6
11  -1
12  -2
11  -6
13  0
10  6
8  9
13  2
12  3
12  1
9  3
10  4
10  0
11  5
13  4
12  -8
13  0
8  9
11  -3
13  -6
11  3
11  -8
12  -7
12  -4
12  4
11  -4
9  -2
12  -9
15  9
11  -7
10  2
9  3
14  -3
10  -3
10  4
15  5
8  -2
8  0
12  1
10  7
12  3
15  -1
11  -3
12  -2
13  -5
10  7
13  -1
12  -3
14  0
10  -6
9  5
10  -2
13  -3
10  -3
12  -7
12  4
12  -9
12  -6
15  -2
10  5
11  -3
13  3
11  1
13  -7
10  -4
12  1
10  8
12  -3
14  -9
14  -1
9  12
13  0
10  3
12  4
12  -3
13  5
13  -3
9  6
10  7
12  3
10  2
11  -8
12  -9
11  -7
12  -6
11  -3
9  5
9  8
10  0
11  0
11  -3
12  -2
11  -9
13  -8
13  -3
9  8
8  6
15  -4
13  -4
10  5
10  4
12  -8
14  1
11  3
8  -3
12  -6
11  -7
10  7
13  0
12  1
12  5
12  -8
8  8
13  -3
12  -3
12  -8
12  -2
11  5
10  7
14  1
12  4
12  -5
10  3
11  -3
13  5
11  -2
11  3
8  7
13  -4
8  -1
10  -1
8  3
8  10
10  0
12  5
13  -1
15  4
10  3
7  6
13  1
7  1
12  -1
13  -1
11  -7
8  2
12  0
11  -3
10  8
10  5
14  0
12  -9
14  -7
16  0
13  0
12  -6
14  -9
12  -4
9  3
12  3
12  2
12  0
11  -5
13  6
10  6
8  -3
13  -5
14  -9
15  9
11  1
10  7
13  0
12  -4
13  4
12  -4
8  -1
12  -1
12  -2
13  5
9  11
14  4
11  -8
7  8
12  5
9  9
8  1
9  7
13  -3
11  3
13  6
11  -8
12  -2
9  5
11  -9
9  1
11  -5
12  -7
10  -4
7  11
12  -6
13  -4
12  -7
12  1
9  -2
13  -4
10  2
11  4
11  4
15  -1
10  2
11  1
14  -7
8  4
12  5
9  4
13  -1
12  -2
11  3
13  -6
12  -1
12  0
12  -8
13  0
10  -5
9  1
12  -3
12  -5
9  2
11  2
10  3
8  6
10  -3
11  -9
10  6
11  0
8  7
10  1
16  -3
12  -1
13  2
9  5
12  1
14  -4
10  8
9  6
9  3
10  8
11  -7
15  3
12  0
8  4
12  0
13  6
13  4
15  8
11  -1
10  2
12  -7
12  -7
12  2
13  6
11  -6
10  -4
10  -6
7  2
11  2
13  2
12  4
11  -6
8  8
10  5
13  0
12  5
14  -1
11  -9
11  -1
11  3
13  -8
14  -9
11  1
13  -3
7  7
11  2
8  -3
9  6
11  -6
11  -1
10  6
13  -4
11  4
13  0
13  -8
11  -2
13  -3
12  0
14  -6
10  2
11  -2
12  -7
9  9
15  6
12  -1
10  3
11  5
10  1
16  -6
8  2
11  -9
11  4
9  10
14  -5
13  3
13  -5
11  -3
15  5
12  -8
12  -8
12  4
10  1
8  9
13  -7
9  12
9  10
12  3
10  0
10  -2
10  0
11  -3
11  -6
9  -2
11  -4
9  3
11  -8
11  -3
11  5
11  4
12  0
14  -3
13  1
12  4
10  4
12  0
10  8
12  2
8  9
12  -4
14  5
12  -9
10  -4
9  2
14  5
11  3
11  -7
13  -3
14  -5
13  0
12  -3
13  -5
9  -2
11  -7
12  1
13  -7
10  2
11  0
12  -2
10  5
8  9
13  -8
9  6
17  3
13  -3
11  -9
12  -8
12  5
10  6
12  5
11  -2
13  -6
13  2
8  0
12  -1
13  2
14  0
12  4
9  10
10  3
13  0
8  -2
14  5
10  6
11  -7
12  0
8  8
12  -9
14  -8
12  -1
11  -9
9  1
12  -9
14  2
11  -6
9  3
12  -1
13  -3
9  12
11  3
9  9
12  -6
