17  5
17  10
15  6
16  7
16  3
18  -6
17  7
17  0
17  0
19  -2
17  0
16  0
15  3
16  -1
18  0
15  9
16  2
15  3
16  -1
13  7
14  4
15  2
15  8
18  -6
16  0
15  3
15  8
14  -4
16  0
16  1
15  -1
17  5
17  8
17  5
15  0
15  7
18  -1
17  5
15  4
17  8
16  1
16  4
15  3
17  2
16  4
17  5
16  -1
18  -5
16  7
18  0
17  4
17  2
17  4
17  0
15  8
17  0
14  4
16  -1
16  3
15  -1
16  1
19  -4
18  1
15  9
17  4
17  6
18  0
16  7
18  -7
18  -5
16  2
15  0
16  3
16  -1
18  -1
20  -5
15  0
16  -3
18  -7
16  1
16  -2
15  7
17  0
15  8
17  9
16  4
15  1
15  6
15  0
15  6
15  -1
17  7
17  2
14  -2
16  0
17  2
15  9
16  -1
16  2
17  5
16  -2
17  5
17  6
18  2
18  -4
15  4
15  4
16  3
18  0
20  -4
15  5
16  5
16  -2
15  9
15  0
15  5
16  -1
17  4
16  7
16  4
15  -1
15  1
17  7
16  1
17  5
17  5
16  -2
15  0
15  5
19  -4
16  6
16  5
15  6
15  5
17  3
17  6
17  4
17  0
16  4
15  -1
19  -6
17  1
17  10
15  5
17  10
15  2
16  1
16  7
18  -4
17  10
16  4
15  4
18  1
17  7
15  9
16  -2
17  7
15  6
17  5
16  1
16  3
18  1
16  0
17  8
18  -5
18  0
16  5
16  3
15  2
16  1
16  0
17  2
15  1
15  0
15  7
17  7
17  8
18  -7
16  6
17  3
17  8
16  6
19  -4
19  -5
15  9
15  0
17  2
15  9
18  -5
15  6
16  7
17  9
16  0
17  0
16  -3
17  4
18  -8
15  -1
15  3
16  -2
18  -5
16  -1
16  6
14  4
16  7
16  6
17  2
16  6
17  3
17  5
14  -5
15  8
15  7
18  -5
15  7
18  0
15  7
18  -3
16  3
16  0
15  -1
16  5
18  -4
15  0
18  -3
16  0
18  -4
15  9
16  5
15  2
15  3
17  10
17  6
18  0
16  0
15  -1
17  3
16  3
16  4
17  10
17  3
17  9
17  6
17  9
18  -3
16  1
16  3
16  0
16  -3
18  0
17  10
16  -2
19  3
21  -5
17  4
15  4
15  1
14  3
17  4
16  1
14  -2
18  1
16  3
18  2
17  9
14  0
17  5
17  6
16  -2
17  6
14  3
16  0
15  2
18  -1
16  4
16  -2
15  2
18  -7
15  -1
15  4
18  -6
16  5
18  1
14  0
15  8
17  8
14  -2
14  -3
16  0
15  6
18  1
19  -7
17  7
15  9
14  0
17  10
16  2
18  2
16  2
16  4
16  1
15  5
15  2
18  -3
16  4
18  -6
19  -1
15  9
16  5
18  -3
18  1
18  1
19  -1
18  -8
17  8
18  -8
18  -7
18  1
18  -5
17  10
17  2
17  7
15  4
18  -4
14  -3
15  8
16  -3
14  1
17  8
16  6
17  0
16  6
17  2
18  -4
17  4
17  4
16  5
15  4
15  1
14  -2
17  3
16  -3
18  -4
17  4
15  2
15  8
16  0
17  1
16  1
17  8
17  8
15  0
18  -1
16  2
18  -6
16  7
15  8
16  3
17  2
15  2
16  -2
15  5
17  5
16  6
18  -6
17  5
17  7
17  5
15  8
16  1
18  -6
16  5
17  2
17  5
16  5
18  -7
17  8
16  7
16  0
18  -5
17  1
17  7
15  8
16  -2
16  2
16  6
17  4
17  1
16  2
13  3
18  2
15  -1
16  2
16  -3
15  1
15  5
16  4
16  -1
16  -2
19  2
15  9
17  8
17  6
17  8
17  5
19  0
16  0
15  2
16  5
17  4
18  -1
17  2
17  4
16  -3
17  10
17  6
17  1
14  0
18  2
17  1
15  7
16  5
17  2
18  -7
16  -2
17  9
16  3
16  4
18  2
15  2
14  -3
18  0
14  -1
18  -6
16  7
17  10
16  5
17  3
16  5
16  -1
18  -4
16  7
18  -7
16  6
18  -4
17  6
16  5
17  0
14  2
15  1
16  -2
16  1
18  -2
16  7
16  -2
17  5
15  6
17  9
16  -2
15  8
15  1
15  4
16  -2
16  0
17  4
17  4
14  3
16  -3
16  -2
17  1
17  4
16  -1
16  2
15  3
13  9
15  -1
16  2
16  6
16  -2
17  1
17  4
17  4
15  -1
16  5
16  0
15  5
18  1
17  6
16  3
16  5
16  3
17  7
18  0
16  4
18  1
17  3
15  7
16  0
17  4
17  5
16  3
19  -2
16  7
15  3
14  3
17  4
15  6
19  -7
16  1
17  1
15  2
17  6
16  7
16  0
16  7
17  2
14  -5
19  -4
18  -2
14  4
13  11
15  0
18  -6
16  -3
17  2
17  7
15  0
15  0
17  5
15  0
17  6
17  10
17  5
15  5
19  -1
17  4
15  4
16  -1
17  7
16  4
15  8
17  0
17  8
18  -3
15  8
16  4
14  -1
16  5
17  4
17  9
15  0
16  2
17  6
15  0
16  5
17  10
17  0
19  -6
17  2
16  6
16  6
15  9
16  7
15  -1
18  -3
14  -1
15  0
15  0
16  3
18  -2
16  -3
18  -2
17  5
17  7
15  4
15  9
14  1
16  7
17  5
14  -1
18  -7
17  5
15  -1
18  -5
16  -2
16  -3
17  8
15  9
18  -5
16  -3
17  5
14  -1
16  3
16  7
16  2
16  -3
16  2
19  2
16  -3
15  3
16  0
16  5
17  6
17  0
18  -1
15  -1
17  2
15  2
16  3
17  8
17  4
15  4
14  -2
18  2
16  2
17  3
16  7
15  9
16  7
16  6
14  -5
18  -1
16  7
16  7
18  -7
16  3
18  -3
16  2
16  5
17  9
17  6
16  0
15  5
17  5
14  0
15  3
17  4
16  -3
15  7
17  10
14  3
16  7
15  2
14  -2
19  3
17  5
16  5
16  0
16  4
18  -2
18  -5
15  8
18  0
16  -2
15  6
17  8
16  7
15  3
16  4
15  6
16  5
16  -3
14  -1
17  3
14  2
15  9
14  4
18  -1
15  4
15  6
16  6
16  1
13  10
16  6
15  9
17  6
17  9
17  4
16  3
17  0
18  -6
16  -1
16  -1
17  2
17  6
15  9
17  4
15  6
18  -4
18  -1
18  -3
18  0
18  1
15  2
16  -1
17  9
19  -2
14  -5
19  -3
16  0
14  1
14  -3
17  0
17  0
19  -1
17  7
19  3
17  4
15  3
16  4
16  1
17  3
16  2
17  9
17  6
15  1
15  5
19  -4
17  3
17  10
16  -2
18  0
17  10
16  0
15  7
14  -6
15  6
15  0
17  2
15  1
16  -1
16  -1
14  4
17  4
15  4
17  2
15  4
16  -3
17  10
16  3
15  2
16  2
16  -3
18  0
15  4
17  4
17  8
16  -2
17  8
17  3
18  -5
16  -3
16  -3
16  -3
17  6
17  3
17  9
16  1
17  5
17  10
17  5
14  3
14  -1
21  3
16  7
16  -1
16  7
16  0
16  -3
16  6
19  -1
17  5
15  2
17  10
17  0
16  -2
17  1
17  6
16  -2
15  3
16  2
14  -3
17  3
17  3
16  0
15  5
16  -1
16  3
17  2
15  4
18  -5
16  2
16  2
16  0
18  -2
16  4
17  1
17  3
17  4
17  1
17  6
15  9
15  3
17  1
19  -2
16  -3
18  -7
16  7
16  -3
16  -2
16  -2
17  8
15  -1
16  -2
17  8
16  4
17  3
17  3
14  -4
16  -1
16  -3
15  0
17  9
14  0
17  7
18  -3
13  2
16  -2
16  7
15  8
15  6
18  -6
17  4
16  1
18  -8
14  -2
17  9
15  4
16  6
17  0
19  -2
17  6
19  -6
15  5
16  4
18  0
15  7
16  2
17  1
16  7
15  5
16  0
16  5
13  11
16  7
16  5
19  -4
17  8
16  2
18  -4
16  3
16  0
16  -1
15  1
17  1
16  2
17  0
17  6
17  3
18  -4
16  -2
15  3
15  6
17  5
18  -6
14  1
16  4
16  -2
15  9
16  7
17  3
15  9
18  2
16  4
18  2
17  10
15  6
17  3
18  -4
15  8
17  6
17  3
14  3
16  -1
16  1
18  -2
14  -4
18  0
17  0
19  1
15  6
18  -1
18  2
16  -3
18  -6
16  6
15  2
15  0
17  3
17  10
14  2
17  5
17  0
20  3
15  -1
16  1
16  7
16  -1
15  6
18  -8
16  7
17  10
19  2
17  4
17  1
16  5
13  2
14  -2
16  5
13  12
15  0
14  1
15  3
17  0
15  5
14  0
17  8
17  2
16  0
17  1
15  2
16  2
17  8
17  0
16  2
15  9
16  5
17  0
18  1
17  8
17  7
17  9
15  6
16  6
17  6
18  -8
18  2
14  0
16  0
16  0
14  -3
18  -3
16  -1
16  0
16  4
16  -2
16  -1
15  0
16  7
18  1
15  2
17  6
15  9
16  4
18  -1
15  8
16  1
16  7
17  0
18  0
16  -3
17  9
15  3
15  1
16  5
18  -8
15  4
16  2
18  -7
16  5
16  4
16  3
15  3
16  4
16  0
17  3
16  6
15  8
20  -3
18  -2
