14  3
14  1
13  1
14  0
15  8
12  5
14  4
13  1
15  6
14  4
14  3
12  1
14  1
13  -4
16  -9
13  0
13  1
13  -4
13  1
14  -3
14  5
15  7
14  2
14  2
13  1
12  0
14  1
14  -3
16  -5
15  9
14  2
13  -4
16  -8
16  -7
13  4
15  4
15  6
13  -3
14  3
13  4
14  -1
14  5
15  8
15  7
15  9
14  -3
15  1
13  -1
14  5
16  -7
12  7
13  1
12  2
13  -1
13  4
14  -2
12  2
15  6
14  2
14  -2
14  2
13  0
14  1
13  -1
14  -2
14  2
13  2
13  -4
16  -6
13  1
15  1
13  4
14  0
13  -1
14  1
14  3
12  1
13  3
12  2
13  2
15  2
14  4
15  4
13  -2
15  2
15  7
15  3
15  7
14  3
14  4
14  2
15  3
14  3
14  3
15  9
15  7
14  0
13  4
14  -1
13  -2
15  1
14  0
14  0
16  -7
13  3
14  4
16  -3
13  0
16  -4
13  -4
15  4
14  -3
14  4
14  -1
14  1
14  0
14  4
13  -2
12  7
13  -1
14  0
14  -2
14  -1
13  -3
12  8
14  4
15  9
13  0
12  7
15  2
13  4
14  2
13  2
14  2
14  -1
14  4
15  9
14  1
15  2
15  9
14  -3
13  -1
14  4
15  2
13  3
14  4
14  0
15  6
14  3
14  0
15  8
13  -3
14  2
13  -3
13  2
14  1
13  1
13  0
13  -1
15  9
15  8
14  4
15  2
14  -2
12  3
14  -3
12  5
14  4
13  4
13  -1
14  3
14  5
13  1
13  0
13  -2
12  8
14  2
14  2
13  3
14  0
14  1
13  2
14  -2
14  5
12  0
14  0
14  4
14  -2
14  2
14  -1
13  0
13  -2
15  9
15  3
13  -2
12  6
15  5
14  -3
13  3
14  4
15  5
16  -9
14  -3
13  -1
13  4
15  1
13  -3
13  1
13  -3
13  0
14  5
14  3
13  -4
13  2
14  -1
15  2
13  -3
14  4
15  2
14  5
14  0
16  -3
15  5
13  -2
14  5
15  2
14  2
13  1
13  4
12  7
14  -1
15  5
15  4
13  0
13  3
15  4
14  2
12  7
14  -1
14  4
14  -2
14  -3
13  3
15  9
15  9
15  2
15  7
15  5
14  -2
13  -2
13  4
15  6
15  7
15  8
14  3
14  2
13  1
13  -1
12  2
14  3
14  5
15  2
14  5
14  2
15  9
15  2
15  5
13  3
14  1
14  -3
14  2
13  0
12  2
13  3
14  -1
14  3
14  4
15  8
12  4
15  8
13  -1
15  6
14  -1
13  0
14  1
13  0
14  -2
13  -2
13  0
14  4
13  -2
14  -2
14  1
15  3
16  -11
14  -2
13  -1
14  2
14  -1
12  8
13  3
14  -3
14  -3
14  0
13  -1
14  0
15  4
14  -2
14  3
13  2
13  -4
15  5
13  -3
13  2
14  -1
13  -2
14  3
14  0
15  1
13  -3
13  3
14  0
14  1
13  -4
14  -1
12  2
14  5
15  2
14  3
13  4
14  -1
15  2
15  2
12  8
12  2
14  1
13  -2
14  2
15  8
15  8
15  5
14  3
13  1
13  1
14  5
13  3
15  4
14  -1
12  8
14  5
14  1
14  4
13  -1
13  -3
14  -2
14  -2
13  -2
14  1
14  0
13  3
12  0
15  6
15  9
14  -2
15  4
14  -1
14  3
14  3
15  9
15  7
14  1
15  2
15  5
15  5
12  6
15  9
14  -2
14  -2
14  3
14  -3
14  -3
13  3
14  2
13  1
13  0
15  8
12  2
12  7
15  3
14  3
14  3
13  0
13  3
12  3
14  2
14  3
13  1
13  1
14  1
13  -2
14  3
13  -4
13  1
14  -3
13  -1
16  -7
15  6
15  5
15  2
13  0
13  3
13  2
14  4
14  -1
15  4
13  1
14  3
13  -4
13  1
13  0
14  -2
14  5
15  9
12  0
15  6
15  6
13  0
14  5
16  -8
16  -6
14  -1
14  1
15  1
12  1
15  6
15  6
14  0
16  -8
15  8
13  4
14  3
14  1
12  8
12  6
14  0
13  2
13  3
16  -3
14  -2
14  0
12  2
14  5
15  3
14  2
14  4
13  -4
16  -4
15  8
14  1
14  -2
12  6
13  -2
14  2
14  1
14  3
13  2
16  -5
15  9
15  7
14  -1
14  2
14  2
12  2
13  3
14  3
14  4
13  -4
14  3
15  8
13  -3
13  4
15  9
15  8
12  1
16  -7
14  5
14  4
14  -2
16  -10
15  6
13  1
15  3
14  0
14  3
13  4
13  4
12  3
13  1
14  0
15  6
13  -4
13  2
15  2
15  8
14  -1
14  1
14  5
15  9
13  4
15  7
15  2
15  9
16  -3
14  -1
13  -2
15  8
14  5
12  4
14  3
14  5
13  2
13  4
12  7
14  3
13  -2
13  3
15  8
14  4
14  5
12  2
14  -2
14  -2
15  8
15  6
13  1
13  4
14  4
12  2
14  -3
15  8
13  3
14  4
13  2
15  9
14  -2
13  2
13  2
16  -5
14  1
13  0
15  7
14  2
13  4
13  3
14  -2
13  2
15  7
16  -10
15  1
13  1
14  2
15  4
14  0
14  -1
12  3
14  4
14  -3
13  -1
16  -10
15  5
15  9
15  3
14  -3
13  0
15  1
12  2
14  3
13  0
15  5
14  5
15  4
14  2
14  -1
13  4
14  3
14  2
13  -4
14  1
14  2
14  3
13  -3
12  8
14  2
14  3
13  -3
13  -1
15  1
14  -1
16  -6
13  0
15  2
15  6
14  1
14  -1
12  4
14  2
14  3
14  5
13  4
13  3
14  2
13  3
14  1
15  1
13  -3
16  -3
14  -2
14  -1
14  5
14  2
14  5
15  5
14  1
15  1
15  9
13  2
14  4
14  3
15  7
12  3
12  0
12  7
15  1
15  7
14  2
14  3
14  4
15  3
14  0
16  -3
16  -11
13  -4
13  4
15  9
15  8
13  1
16  -8
13  3
14  5
15  5
15  2
12  7
12  4
13  2
14  1
13  1
14  2
15  7
14  3
12  2
13  -3
15  9
14  -2
14  -3
16  -4
14  -1
14  2
13  -1
14  4
14  1
14  4
13  -3
12  4
13  -4
14  -2
15  1
13  1
14  -2
14  4
14  4
15  4
15  9
14  3
14  2
15  7
15  7
14  4
15  9
13  3
12  3
15  3
14  2
14  2
14  -1
15  4
15  7
14  4
14  3
15  2
13  -1
13  1
15  5
13  -3
15  3
14  -3
13  1
14  -1
16  -6
16  -6
12  5
16  -11
14  5
14  -1
14  -1
14  4
14  -2
15  8
14  -3
16  -4
16  -8
14  -3
14  5
12  0
14  3
13  1
15  3
13  1
16  -10
14  2
13  -3
13  2
13  1
15  7
15  2
14  -2
14  2
15  2
12  5
13  3
14  1
16  -11
14  4
14  -1
12  6
15  1
16  -6
13  -3
13  -2
13  -1
13  -1
13  -2
13  2
15  5
13  3
14  0
14  4
14  1
15  3
13  2
15  4
15  7
15  7
13  0
13  -3
13  3
15  4
13  2
12  1
13  2
15  7
15  7
15  2
14  -3
14  -2
13  4
14  1
13  0
14  -3
14  5
15  6
14  3
13  0
14  -3
14  0
14  -1
13  1
13  -3
13  -3
13  -2
13  1
16  -3
14  1
15  6
13  4
15  5
13  4
14  -1
15  1
14  4
13  1
13  3
15  5
15  9
15  9
14  1
12  7
12  3
13  3
14  0
13  -1
14  2
14  5
14  5
13  -1
14  4
13  0
14  2
13  1
15  9
13  4
13  2
14  4
14  3
14  -2
13  2
13  1
14  5
14  5
15  4
13  -4
15  2
13  -1
13  -1
15  9
15  3
15  7
14  1
12  5
13  -1
13  -2
15  4
14  1
14  2
13  1
15  6
14  1
14  3
13  4
14  4
12  0
14  3
14  4
12  4
13  -2
13  2
13  -1
16  -3
15  8
15  2
14  4
16  -8
13  4
16  -6
15  8
14  1
13  -1
13  4
14  4
14  4
12  5
12  1
14  -3
14  3
15  7
12  8
14  5
13  0
12  6
13  0
14  0
14  1
14  5
13  -1
14  1
13  2
15  2
13  1
13  -1
13  3
15  9
15  5
13  0
14  5
14  0
14  3
13  -3
13  0
14  -3
12  3
14  -3
12  0
14  1
12  8
13  -2
13  0
13  0
14  -2
14  4
13  4
15  8
13  2
13  -1
13  -1
14  4
14  5
14  5
13  -2
14  1
12  8
15  9
13  4
15  5
13  0
14  5
15  7
14  -2
16  -5
15  7
14  2
13  -2
12  6
13  0
14  1
14  1
15  8
12  5
14  0
12  1
14  3
14  4
15  9
13  0
13  -1
12  8
13  2
13  2
14  0
15  5
15  4
15  9
14  -1
16  -7
14  0
14  -2
14  2
13  2
15  3
13  -3
15  8
13  4
12  0
15  4
15  5
13  4
14  0
14  1
13  0
13  2
15  5
14  3
12  2
14  -1
14  -3
16  -4
12  2
16  -5
14  0
13  0
14  2
12  8
15  9
14  2
12  8
16  -3
13  3
14  -3
13  3
14  2
15  6
14  5
15  3
15  5
14  -1
15  3
13  2
14  4
14  -2
14  4
13  -1
13  0
