13  -2
13  -11
12  1
12  -1
14  -1
15  -4
11  -1
14  -1
10  8
12  3
14  -10
13  -3
13  -1
14  -10
13  -5
15  -4
11  -4
13  -8
12  0
12  1
14  -11
14  -14
12  -9
11  3
12  -6
16  7
14  -7
11  5
17  2
17  -3
14  -2
13  -2
14  -9
11  6
14  -12
12  -5
15  -5
13  -10
14  -8
14  -11
13  -10
11  -7
14  -4
11  -3
14  -12
14  -10
15  -8
12  2
10  -3
14  -10
12  -8
14  -6
15  -3
16  5
15  4
13  -1
13  -7
13  -2
12  -7
13  -3
11  6
16  -2
11  -8
13  -5
13  -7
11  1
14  0
11  3
13  2
14  -5
13  -2
15  -5
12  -7
13  -3
14  -8
12  -7
14  -14
13  -11
14  -7
12  -10
15  -4
12  -8
17  0
13  -10
16  8
16  4
9  8
14  -7
13  2
13  2
16  0
14  -4
12  -4
12  -5
13  -9
14  -7
13  0
13  -12
15  -9
12  -9
8  -11
15  2
16  -2
13  -12
11  0
10  5
15  -3
10  7
9  4
13  -6
12  -5
13  1
13  -10
11  4
16  10
12  -8
12  0
11  -8
12  -3
15  0
14  -5
10  9
12  -9
10  6
15  -1
11  0
13  -9
14  -4
9  7
13  -2
15  2
14  -8
13  0
10  -4
11  6
11  6
15  1
15  -3
12  -1
13  -10
11  -7
12  -2
15  -4
13  -12
10  10
16  5
11  4
14  -6
13  -8
14  -12
14  -7
15  -9
11  6
11  -4
11  -4
11  -8
15  -10
14  -14
12  -1
17  5
10  10
16  9
12  -10
11  3
12  -11
14  -4
11  -6
11  1
15  -5
13  1
14  -3
12  -2
12  2
13  -12
14  0
14  -5
14  -4
13  -6
12  -6
11  3
14  -5
12  -3
14  -1
14  -8
9  7
15  1
15  -2
11  6
12  2
13  -3
10  3
14  -6
12  3
14  -8
11  -8
12  -2
12  -5
16  2
15  -1
17  -5
14  -13
15  1
13  2
18  -5
13  -1
13  -3
14  -7
10  6
12  -3
16  3
12  -10
11  -5
14  -10
10  7
14  -14
12  -9
15  -7
15  4
11  5
12  -11
12  -4
15  4
12  -5
13  -10
15  -5
15  -2
13  1
14  -6
16  0
13  -7
11  -6
15  1
15  0
16  5
14  -4
14  -9
15  4
14  0
12  -5
12  1
12  -3
14  -10
10  9
13  -12
16  2
12  -6
14  0
12  -8
15  -6
15  -7
13  -4
11  0
14  -14
13  0
11  5
16  7
12  0
14  -8
13  2
13  -4
13  -1
15  -6
14  -11
14  -3
12  -10
12  -6
11  -8
12  1
13  -9
13  -9
14  -10
14  0
14  -7
13  -3
15  -5
13  -10
13  -12
15  -3
16  11
14  -6
11  -8
13  -5
17  3
14  -7
11  -1
11  5
12  -5
13  -2
18  5
14  -1
12  3
9  2
14  -3
15  2
12  -7
15  2
12  -6
12  -9
14  -1
12  -10
16  11
13  -9
16  0
13  -9
11  4
14  -12
16  -1
11  -2
17  8
11  -3
11  -5
15  -10
15  -2
12  -2
12  0
11  5
14  -14
14  -9
12  2
16  1
17  -1
12  -3
15  -6
10  10
14  -3
13  0
10  6
12  -7
12  -3
13  -3
11  1
13  -6
13  -10
15  1
14  -7
15  -2
13  -11
15  -1
14  -6
11  -8
12  -6
15  0
14  -14
15  -9
13  -2
13  -6
15  3
12  -4
12  -3
15  -10
14  -5
13  2
13  -11
13  -6
12  1
12  1
12  -3
10  7
14  -14
16  9
11  -7
13  -3
13  -3
13  -6
16  8
11  -4
13  -6
15  3
13  1
14  -5
13  2
11  -5
12  -5
10  3
15  -2
13  -5
13  0
14  -4
13  -11
14  -13
12  -8
13  -10
14  -6
14  -13
15  -3
15  1
13  -10
14  -2
11  1
11  -3
11  2
13  -7
16  1
10  0
10  10
16  2
14  -5
16  8
12  -2
12  -2
14  -1
13  -7
11  0
13  -5
14  -10
13  -12
16  7
12  2
13  -12
13  -12
15  -3
15  1
13  2
15  -9
14  -9
18  -4
14  -14
13  2
14  -2
16  -2
12  -9
9  0
13  -10
13  -9
11  -3
14  -11
14  -4
11  -2
14  0
13  1
15  -7
13  -7
14  -11
14  0
13  -8
13  -1
16  10
11  -4
13  -2
14  -14
12  1
14  -12
11  -6
10  4
13  2
15  -5
14  0
14  -8
15  -3
15  -5
10  -4
13  -9
14  -7
14  -1
14  -10
11  1
14  -1
13  -11
12  -11
12  2
11  1
13  -7
12  -3
15  -7
13  -12
16  11
10  6
10  -1
12  3
12  -2
12  2
14  -1
12  -11
14  -3
11  -5
15  3
10  4
16  10
13  -4
10  -3
13  2
12  -2
14  -5
12  -3
13  -9
11  -6
14  -8
13  -2
11  5
14  -14
17  6
14  -11
14  -5
12  0
13  -10
14  -11
16  6
17  5
14  -8
16  9
14  -6
11  6
14  -6
16  5
14  -1
12  -11
13  -11
13  0
15  -8
15  1
16  9
9  6
13  -1
13  -11
15  -1
9  7
13  2
9  8
13  -9
14  -7
11  1
16  11
13  -8
15  -5
13  2
11  -4
15  -10
13  -5
14  -11
11  -5
12  2
16  10
12  1
11  2
12  0
12  -7
14  -8
15  -8
13  -3
11  3
11  -3
16  4
11  -3
16  12
13  -3
12  1
14  -2
16  2
12  -11
13  -9
12  -6
13  1
12  0
14  -5
12  1
15  4
14  -1
14  -10
13  -10
12  -11
15  -4
12  -6
13  2
13  0
18  5
14  -10
10  10
12  3
14  -9
16  5
16  -1
14  -1
14  -6
15  -6
11  1
12  -4
15  -8
15  3
11  0
17  -4
15  -5
15  -6
13  1
12  -3
14  -13
8  -10
15  -8
14  -8
9  -2
14  -14
13  -4
12  -7
11  -2
13  -10
11  0
12  -11
17  0
10  7
14  -14
13  2
14  -4
14  -1
15  1
15  4
13  0
14  -6
15  -5
17  7
13  -12
9  8
12  -8
11  -3
15  -3
15  -7
14  -6
15  -10
13  -2
11  -8
11  -2
12  -3
11  -1
12  -11
14  -3
14  -10
14  -3
13  -5
12  2
13  0
14  -2
12  -6
15  -3
12  -6
15  -8
12  3
13  -8
14  -1
15  -5
17  -1
12  -6
14  -13
15  -7
12  -4
14  -3
14  -2
16  -2
10  -1
14  -12
11  1
12  -2
13  1
13  -2
12  -5
15  -8
10  8
15  -4
11  -3
14  0
15  -2
12  -2
15  3
13  -1
17  4
11  4
13  -8
14  -7
11  4
10  -3
15  -2
14  -1
13  -3
14  0
10  10
16  0
12  -4
14  -10
14  -7
14  -14
14  -2
12  0
15  2
12  0
11  -1
14  0
13  -1
14  0
15  -1
12  3
9  -1
11  -3
12  -7
11  3
14  -5
15  -5
15  -3
13  -10
12  1
10  9
10  10
13  1
12  -10
12  -2
13  -7
12  1
11  -7
15  1
15  0
14  -9
14  -2
13  -11
14  -4
11  -5
14  -12
13  -4
11  1
16  9
13  -8
9  -2
15  -7
16  11
12  1
13  -12
12  -3
14  -13
11  -1
14  -1
13  1
12  -9
15  1
15  -6
14  -3
17  1
11  6
14  -13
14  -7
13  -5
15  -8
12  2
16  5
14  -7
14  -11
15  -3
11  -1
17  -1
18  9
15  -7
13  1
16  7
14  -9
17  2
15  -2
13  -12
16  10
11  2
14  -6
16  3
11  -4
15  0
14  -10
12  0
16  -2
13  -7
12  -8
14  -6
14  -5
13  -5
11  1
16  -1
13  -7
14  -7
15  0
16  7
13  -8
10  -2
12  -1
17  9
14  -7
13  -10
13  -10
12  3
16  10
16  -1
13  -10
14  -3
12  0
13  -9
15  -9
12  -8
15  -3
12  -10
11  -3
13  -4
10  -3
13  -9
15  4
10  -3
10  -1
16  3
10  10
16  7
13  1
14  0
14  -1
12  -6
12  -5
13  -2
13  -6
13  -5
14  -7
13  -4
11  0
15  -1
13  -3
10  -3
13  -5
13  -7
12  -1
15  -2
14  -5
14  0
12  -2
12  -4
11  6
14  -14
12  3
13  -4
12  0
10  -3
12  -5
16  10
14  -12
10  -2
13  -6
12  -4
14  -5
13  -2
14  -10
14  -7
14  -11
16  -2
12  -5
12  -1
13  0
13  -9
16  11
14  0
14  -3
15  -8
13  -7
15  1
11  -4
13  -12
11  5
10  10
10  5
13  -8
13  -8
13  -2
12  -5
13  -8
15  0
13  -10
14  -12
13  -4
11  -4
11  0
12  -4
11  6
16  2
14  -1
13  -9
14  -10
13  -2
14  -4
13  0
13  -5
12  -6
15  -3
13  1
11  4
16  11
14  -9
13  -10
12  -4
13  0
13  -1
11  -1
14  -11
12  0
14  -2
11  4
11  4
14  -1
11  5
13  -12
14  -3
12  -3
12  -2
12  -10
9  2
12  2
12  -7
12  -7
14  -1
12  3
10  -4
12  -7
12  -4
14  -11
12  1
15  -8
14  -5
17  -1
14  0
10  -4
13  -5
13  -11
14  -6
11  -5
16  2
15  -6
11  -1
16  3
10  -3
15  1
12  -5
15  -3
14  -6
13  -10
13  0
14  0
10  -4
12  1
12  0
13  -1
13  0
14  -13
14  -3
12  -9
10  -1
11  -8
14  -2
13  1
12  0
14  -8
15  -5
16  8
13  -6
15  -10
13  -7
12  -9
14  -1
14  -12
14  -13
12  -1
9  -6
12  -9
15  -5
13  2
15  -3
16  7
13  2
11  -3
18  1
14  -12
10  5
13  -11
12  -11
15  -8
14  -12
14  -12
13  -3
13  -2
13  -8
12  -7
15  -1
13  0
15  -5
14  -4
14  -3
10  5
13  -4
11  -5
14  -13
12  2
14  -13
13  -2
15  -10
16  3
12  -7
16  9
13  -12
10  3
12  -9
13  -5
12  -1
16  3
11  -5
11  0
14  -9
12  1
