24  11
24  1
23  4
24  8
23  6
24  12
23  2
24  4
24  2
24  5
24  -1
24  -1
23  14
24  13
23  2
25  -10
23  6
23  9
23  4
24  12
23  6
25  0
24  -1
23  3
24  10
24  1
24  4
24  -1
23  7
24  13
24  3
23  5
24  7
25  -7
23  13
23  13
24  11
23  0
23  5
24  9
23  3
24  3
23  8
24  11
23  0
23  5
24  4
23  0
23  12
23  9
24  2
23  5
23  4
23  11
23  0
24  7
24  2
25  -8
24  0
24  1
23  0
24  8
24  11
25  -9
24  0
24  4
25  2
24  13
25  -6
24  10
25  0
23  7
25  -10
23  13
23  13
23  13
23  1
24  4
23  6
23  13
23  5
23  13
23  14
23  4
24  11
24  3
23  10
24  13
24  6
23  10
23  14
24  3
23  1
24  10
24  4
23  4
23  1
23  10
24  9
23  1
23  10
23  9
24  7
23  10
24  8
24  0
23  9
23  1
24  1
23  0
25  -8
23  0
23  9
23  0
23  8
23  13
24  6
23  12
23  11
24  2
24  5
23  5
25  4
24  12
23  4
24  13
24  9
23  14
23  5
23  12
23  3
24  1
23  12
24  -1
23  8
24  -1
24  4
23  1
24  2
24  12
24  3
23  8
24  -1
24  12
23  13
23  10
24  8
23  10
23  0
23  6
24  13
24  3
23  12
24  4
24  4
23  3
23  8
23  2
25  4
24  5
23  13
23  13
23  7
24  0
23  12
23  0
24  6
25  -9
23  9
23  8
24  3
23  4
25  -5
23  2
23  0
23  9
24  5
24  4
23  10
25  3
24  1
24  3
23  6
23  2
24  0
25  -5
23  9
23  11
24  -1
23  1
25  -7
24  -1
23  8
23  0
23  7
23  14
23  12
24  3
24  1
23  9
23  7
25  4
23  9
23  9
23  2
24  6
24  6
23  11
23  14
24  0
23  8
24  6
24  7
23  1
23  1
24  3
24  8
24  0
24  13
23  13
24  9
24  9
24  11
23  0
23  9
23  7
23  7
24  12
24  2
24  6
23  8
24  1
23  13
23  9
23  5
24  5
23  10
23  7
24  8
23  5
23  12
23  13
23  10
24  10
24  3
23  8
23  7
24  11
23  5
24  3
23  0
24  12
24  3
23  9
23  14
23  2
25  -6
23  7
24  3
23  0
24  4
23  10
23  12
23  6
24  -1
24  11
24  6
23  8
25  2
24  12
23  13
25  -4
23  3
24  2
23  9
23  12
23  10
23  2
23  10
23  8
24  6
23  3
24  10
24  6
24  0
24  10
24  13
24  13
23  7
23  8
23  6
23  10
23  9
23  13
24  0
25  -2
23  2
23  14
23  7
23  14
23  1
23  12
24  -1
24  7
23  6
23  11
23  10
24  11
24  4
23  12
23  2
24  5
24  -1
24  4
24  11
23  5
24  10
25  -7
24  4
23  12
23  6
24  4
24  6
24  13
24  8
23  6
25  -9
25  -1
23  0
24  6
24  6
23  11
24  5
23  3
23  10
23  4
23  9
23  7
23  11
25  -1
23  5
23  3
23  0
23  0
23  9
23  12
23  7
24  12
24  2
23  9
23  13
23  5
23  0
23  13
25  3
25  0
23  11
23  2
23  13
23  6
24  12
23  1
23  14
24  3
24  1
24  13
25  4
24  3
24  4
24  10
23  2
24  12
24  0
24  0
23  8
23  5
24  0
23  2
23  9
24  3
23  11
24  6
23  3
23  7
24  13
23  9
23  6
23  1
24  11
23  12
24  1
23  8
23  4
25  -9
23  2
23  3
23  7
23  8
24  13
24  7
23  5
23  2
23  3
23  13
24  4
24  8
24  5
23  12
24  13
24  4
24  8
23  6
23  0
24  -1
23  6
23  3
23  8
24  0
23  6
25  -5
24  3
23  13
23  8
24  4
23  12
23  3
24  7
23  6
23  2
25  -1
23  3
23  8
23  14
23  5
23  9
24  4
25  -9
23  4
23  3
24  13
23  11
23  9
24  7
23  13
23  9
23  12
24  12
23  4
23  10
23  2
23  9
23  8
25  -3
23  5
24  0
23  4
23  11
23  8
23  13
24  0
24  4
23  4
24  10
23  13
24  -1
24  10
23  4
24  -1
24  12
23  6
24  11
23  13
23  7
23  3
24  4
23  13
24  0
24  4
23  1
23  0
24  1
23  13
23  10
23  0
23  14
24  4
24  13
23  12
23  5
24  5
23  8
24  11
23  6
23  7
24  3
23  11
24  8
24  11
24  12
23  7
24  11
24  6
23  13
24  10
23  5
23  14
23  6
23  10
24  13
23  11
24  2
24  9
23  11
23  4
23  11
24  2
24  2
23  5
23  9
24  3
23  4
24  5
23  7
23  4
23  2
23  5
24  1
24  0
24  8
24  1
25  3
24  8
23  4
23  4
24  10
23  5
23  9
23  6
23  14
23  14
23  3
24  6
23  14
23  13
23  7
24  6
24  3
23  11
24  4
24  0
24  1
24  9
23  1
23  11
23  1
24  3
23  13
23  1
23  14
24  4
23  0
24  2
24  1
23  13
23  2
23  6
23  8
23  8
23  4
23  2
23  6
24  -1
23  9
23  11
23  1
24  0
23  7
25  -3
23  3
23  7
23  6
23  6
25  3
25  -7
23  4
24  8
23  5
23  2
24  9
23  11
24  7
24  -1
24  3
24  -1
23  11
24  1
23  8
23  8
23  11
24  12
24  3
23  3
23  4
24  10
24  6
23  14
23  1
24  12
24  -1
23  5
23  10
23  1
24  9
23  8
23  10
23  7
23  1
23  6
24  12
24  3
25  -6
23  1
23  12
23  3
24  6
24  10
24  11
24  4
23  12
23  7
23  14
23  1
23  0
23  5
23  4
23  14
23  3
23  11
23  11
24  0
23  3
24  7
23  13
23  2
24  6
24  5
24  1
24  0
24  10
23  3
23  13
23  2
23  10
25  -5
24  6
23  3
24  0
23  1
23  5
23  4
23  6
24  7
24  -1
23  1
24  3
24  11
24  1
23  9
24  13
23  12
24  3
23  8
25  0
24  10
24  2
24  0
23  9
23  14
24  8
23  8
24  8
23  0
23  1
23  11
23  11
23  11
23  14
24  13
23  8
24  4
23  6
24  2
23  11
23  7
24  5
24  10
23  5
24  5
23  4
24  0
24  1
25  -7
23  3
23  7
23  7
23  2
24  10
24  6
23  1
24  4
24  6
25  -8
23  3
24  3
23  13
23  0
23  14
23  13
23  2
23  6
23  6
23  1
23  2
24  7
24  6
24  13
23  10
23  8
23  9
23  6
23  13
23  13
24  3
25  -5
23  14
24  2
24  13
23  10
24  4
23  4
23  0
23  5
24  9
23  14
23  4
24  -1
23  11
24  4
25  -9
23  10
23  10
24  13
23  1
25  -10
23  10
24  5
23  12
23  1
23  1
23  11
24  8
24  0
23  3
24  1
24  2
23  12
23  3
24  7
23  1
24  4
23  14
24  3
23  11
25  -2
23  13
24  12
23  10
23  3
24  8
23  7
24  12
24  1
24  5
24  -1
24  13
23  5
24  11
23  3
23  12
24  13
23  5
24  0
24  -1
23  8
23  7
23  14
24  3
23  14
23  7
23  3
23  5
23  9
24  2
24  11
23  10
23  6
24  8
23  9
23  7
23  13
24  5
24  6
23  10
23  0
23  1
23  0
23  0
23  4
25  -5
24  11
23  1
24  2
24  7
24  7
24  3
24  5
24  11
23  9
23  7
24  2
23  7
23  14
24  4
23  11
23  13
24  -1
23  10
24  13
23  9
25  1
24  11
23  5
24  8
23  13
23  7
24  0
23  1
23  5
23  1
24  5
23  7
23  1
23  2
23  4
24  2
24  -1
23  14
23  4
23  1
24  12
23  14
23  0
23  3
24  6
24  11
24  4
24  1
23  13
23  11
23  8
23  0
24  -1
24  5
24  9
24  -1
24  4
23  10
23  9
24  9
23  14
23  0
24  10
23  4
23  8
24  8
23  11
24  11
23  8
23  12
24  7
23  3
23  6
24  10
24  9
24  1
24  3
23  6
23  2
23  0
23  0
24  -1
24  11
24  3
23  6
24  1
23  5
24  8
24  6
24  2
23  7
25  -4
23  4
23  0
24  6
23  5
23  9
23  4
23  1
23  7
23  13
23  0
23  1
24  1
23  14
24  2
23  13
23  9
24  -1
23  14
23  10
23  10
24  1
23  10
23  6
23  1
25  3
23  10
23  2
24  3
23  1
23  3
24  7
24  8
24  10
24  6
23  11
23  2
23  14
23  13
23  7
24  1
24  2
23  13
25  -5
23  13
24  13
23  7
24  12
24  10
24  10
25  -2
23  2
24  1
23  14
24  3
24  5
24  5
24  4
24  10
23  8
24  10
23  3
23  1
24  6
25  0
24  2
25  -1
24  2
23  11
23  6
24  6
24  0
23  1
24  11
23  11
23  7
24  7
23  0
23  2
23  4
23  9
24  13
25  -2
23  6
23  8
23  9
25  -8
24  7
23  8
24  8
