6  6
6  5
5  1
5  1
7  -5
5  2
4  -2
6  4
4  -2
5  0
6  4
4  0
5  -1
4  0
6  5
7  -7
6  4
6  4
5  -2
5  1
7  -5
5  2
6  6
7  -5
5  0
6  4
5  -2
5  2
4  -4
5  2
4  -4
5  0
5  0
5  -1
6  6
5  -1
6  4
5  -2
6  6
4  -2
5  -2
7  -6
6  7
5  2
6  7
6  7
5  -1
7  -6
5  -1
6  4
6  7
6  7
6  7
6  6
6  4
5  1
7  -6
5  0
7  -6
5  -2
6  7
6  4
5  2
6  6
5  0
4  0
5  0
6  7
5  1
7  -8
5  -1
7  -5
5  2
5  -2
4  -3
5  0
4  -3
4  -3
4  -1
7  -5
6  7
6  6
6  7
6  5
5  -1
6  6
6  8
6  5
5  -2
5  -1
6  5
5  0
7  -6
5  2
6  4
5  -1
5  -2
5  0
7  -8
6  8
4  0
6  4
7  -8
5  -2
4  0
5  0
5  2
5  -2
6  7
7  -8
7  -5
6  4
6  4
5  2
3  2
5  2
6  4
6  8
5  -1
5  -1
6  8
6  7
6  7
5  -2
7  -4
6  4
5  -1
6  7
5  0
6  4
7  -8
5  0
6  5
5  -1
6  4
6  4
4  -3
5  1
5  -1
5  1
5  2
6  4
6  8
5  0
6  5
6  4
4  -4
6  8
6  6
5  -2
5  -1
7  -4
7  -6
7  -6
6  4
5  1
5  2
5  0
6  6
5  -2
6  4
5  -2
6  4
6  7
4  -1
5  2
5  1
5  -1
7  -6
6  4
6  4
6  4
5  -2
5  1
6  8
6  7
5  1
6  6
6  4
5  -1
4  -1
6  4
6  4
7  -8
6  5
6  5
5  2
6  7
6  4
6  8
6  5
6  6
6  4
4  0
7  -6
6  6
5  1
6  8
6  5
6  4
5  1
5  -1
6  4
6  4
6  4
5  2
6  6
6  6
4  -2
6  5
7  -8
6  8
6  4
7  -8
7  -7
6  5
5  1
5  -1
5  -1
6  5
5  1
6  5
6  6
5  1
7  -8
5  0
5  1
5  -2
6  7
5  -2
5  1
4  -2
4  0
6  4
7  -6
5  -1
5  1
6  7
4  -3
6  6
3  2
7  -8
5  -1
7  -6
6  4
5  0
7  -6
6  4
4  -4
6  4
6  5
5  1
6  6
6  8
6  7
5  -1
6  7
5  -2
5  -1
6  7
6  5
5  -1
6  7
5  -1
5  -1
5  2
5  -2
5  2
6  5
6  6
7  -8
5  -2
6  6
6  8
6  4
6  5
5  -2
4  -1
5  2
4  -1
5  -1
6  4
5  1
6  5
7  -4
4  -2
6  4
6  8
5  0
5  -1
6  6
6  7
6  7
5  1
5  -2
6  6
5  1
7  -8
5  2
5  2
6  7
6  4
5  1
3  0
5  -1
5  2
6  7
5  -2
6  8
6  5
4  -4
7  -8
6  7
5  1
5  0
5  2
5  -1
7  -5
7  -8
7  -7
5  -1
6  5
5  0
5  -2
4  -1
6  7
6  8
5  -2
4  -4
6  8
7  -7
5  0
5  0
7  -5
5  0
5  2
6  5
7  -6
7  -4
5  1
4  -4
6  6
6  7
5  2
6  6
5  2
4  -1
6  5
7  -6
6  8
5  0
5  -2
5  -2
7  -7
5  -2
6  8
5  2
4  -3
4  -4
6  6
7  -7
5  1
7  -5
5  -2
5  -2
6  6
6  4
4  -4
6  8
4  -2
6  8
7  -6
7  -4
5  -1
5  1
6  7
5  0
5  1
6  7
4  -4
6  4
6  7
6  6
5  -2
5  0
5  2
6  4
6  8
5  -2
7  -4
5  1
6  4
7  -8
6  5
7  -4
7  -8
5  1
5  0
6  7
5  0
4  -2
5  -1
6  5
5  -2
4  -4
6  7
6  8
6  8
5  2
7  -8
5  1
5  -1
6  8
6  8
5  0
5  0
5  0
6  6
5  -1
5  -1
5  1
6  6
3  1
5  1
6  4
6  7
5  -1
5  1
4  -4
7  -4
5  0
4  -4
6  7
5  0
6  6
7  -4
5  2
6  6
4  -4
6  7
5  1
7  -4
6  8
5  2
6  4
5  2
6  8
5  2
4  0
6  4
5  -1
5  1
6  8
5  2
6  5
5  1
7  -4
6  8
6  6
6  6
6  5
4  -2
3  -1
7  -7
6  4
4  -3
5  -2
5  -1
6  7
7  -4
5  1
4  -4
7  -8
6  5
5  -1
6  5
7  -4
4  -3
5  -2
6  6
6  8
6  7
6  7
6  8
6  6
5  -1
5  0
6  4
5  2
5  2
5  0
6  4
5  0
6  5
7  -8
5  -2
6  8
5  -2
5  2
7  -4
6  7
7  -4
7  -5
4  -3
6  7
6  7
5  1
7  -7
5  -2
4  0
6  7
6  7
6  6
6  8
6  6
4  -2
6  8
6  7
7  -5
7  -7
6  7
7  -4
4  -4
6  4
6  6
7  -6
5  1
5  2
5  2
5  -2
6  8
6  6
5  1
7  -8
5  1
5  1
6  4
6  5
6  4
5  -1
6  6
7  -7
5  0
6  8
6  7
4  -3
5  -1
5  0
6  8
5  0
6  5
6  6
7  -8
4  -1
4  0
5  0
4  -2
5  0
7  -5
5  -2
6  8
5  -2
6  8
5  -1
5  2
6  7
5  0
5  -1
5  2
5  0
6  4
5  0
6  6
4  -1
6  4
6  8
6  8
5  1
5  1
6  8
7  -7
5  -2
6  7
5  -2
4  0
5  0
4  0
5  -1
4  -3
6  4
6  6
4  0
6  8
6  8
4  0
6  6
6  8
5  0
7  -8
6  8
5  -2
5  1
4  -2
6  8
7  -4
4  -4
4  -2
6  8
5  0
6  7
5  -2
5  -2
5  -2
5  -1
6  6
4  -3
4  0
4  -1
5  -1
6  6
5  -2
6  6
5  -2
5  2
5  0
6  7
5  2
5  -1
5  -2
7  -5
5  0
5  1
5  -1
6  8
7  -7
6  5
7  -4
6  4
6  4
6  5
5  1
6  5
6  4
4  -3
6  8
6  8
6  6
6  5
6  8
6  8
5  -1
5  0
6  6
7  -6
6  4
6  7
6  7
6  4
5  -1
5  1
5  0
6  8
7  -6
6  5
6  5
6  4
5  1
4  -4
6  7
7  -7
6  7
6  7
6  6
5  -1
5  2
6  7
6  6
6  5
6  8
5  2
7  -8
5  -2
7  -4
6  8
5  -2
5  -2
6  8
6  5
6  6
5  0
7  -7
5  0
5  1
4  -4
5  1
7  -8
6  7
6  4
6  5
7  -4
5  -2
7  -7
6  4
5  1
5  -2
6  6
6  5
5  -2
6  4
4  -1
5  0
7  -8
6  4
7  -6
5  -2
7  -5
4  -3
7  -4
7  -5
4  -1
5  0
6  8
7  -5
5  -2
5  1
6  6
7  -4
5  -2
5  0
6  7
5  0
6  5
6  5
6  4
6  7
5  0
6  6
6  7
4  -3
4  -1
5  -1
6  7
4  -3
5  1
5  2
5  1
6  8
6  7
4  -1
4  0
6  7
5  1
5  2
5  2
6  5
6  6
6  8
5  2
5  -1
4  -1
5  -1
6  6
6  4
6  4
5  2
7  -4
6  6
6  8
5  0
7  -4
6  5
6  5
4  -4
5  2
5  -2
4  -2
5  1
7  -5
7  -8
6  7
6  4
4  -3
6  7
5  -2
6  7
7  -4
6  6
5  2
6  5
6  6
5  2
5  2
4  -4
5  0
5  -2
5  -1
7  -4
5  2
6  4
6  7
5  1
7  -5
4  -1
4  -4
4  -1
6  7
5  1
6  5
4  -2
6  7
6  5
7  -7
5  -2
5  -1
5  1
6  8
5  -2
6  8
6  6
5  2
6  4
6  4
4  -4
6  8
6  7
6  6
6  7
5  -1
5  -2
5  0
6  5
5  2
6  5
4  -4
5  0
3  -2
7  -5
6  8
5  1
6  5
5  0
4  -1
5  2
6  8
5  -2
4  -3
3  1
7  -4
5  0
3  -2
5  -1
6  6
6  5
6  4
5  1
4  -1
5  2
5  -2
7  -8
6  8
6  8
5  2
7  -5
6  8
6  4
6  7
5  0
4  0
5  -1
5  2
5  -1
6  6
4  -3
7  -6
7  -8
7  -4
6  6
5  0
5  -2
6  7
6  7
6  7
6  6
6  4
4  0
6  8
6  6
4  -1
6  8
5  2
5  2
5  0
5  0
7  -8
7  -4
5  -1
6  5
5  -2
6  8
5  1
5  -1
5  0
5  1
5  0
6  7
6  4
4  -1
5  -1
6  8
6  7
6  4
5  -1
6  6
5  2
4  -1
6  6
6  7
4  -1
5  1
7  -5
5  -2
6  6
7  -8
5  -1
6  8
6  8
6  4
5  -1
4  0
7  -6
7  -6
6  6
6  6
7  -5
5  1
5  -1
7  -8
6  8
6  8
6  7
6  6
5  2
7  -7
6  8
5  -1
6  5
6  7
7  -4
6  8
4  -3
6  7
6  7
4  0
6  5
5  1
6  4
7  -8
6  5
5  2
6  8
5  -1
5  -2
6  4
4  -4
5  -2
4  -2
5  -1
4  -1
4  -4
5  0
6  5
5  2
6  5
6  5
6  8
6  6
5  1
6  7
4  -3
5  0
7  -6
6  6
4  -4
5  0
6  8
7  -5
5  0
6  8
6  4
6  4
6  5
4  -1
5  -1
5  0
5  1
6  8
6  4
6  8
6  4
6  6
