21  -2
22  -4
25  0
21  6
24  4
25  -5
21  2
21  2
23  -3
22  -7
23  4
26  7
22  -6
25  -3
24  0
22  -2
21  1
24  3
21  8
22  -4
22  -4
24  0
23  -4
24  0
24  0
22  2
26  6
25  -2
24  3
23  3
25  -3
23  -5
23  1
22  -7
23  -4
23  4
24  -1
22  -2
25  3
24  3
20  2
27  -4
24  3
24  -5
24  4
22  3
22  -4
24  2
24  2
24  -3
23  1
23  1
20  7
20  0
23  -1
24  1
19  5
21  2
25  0
22  -2
24  -2
20  3
25  2
24  -3
27  -9
23  2
22  2
24  -6
27  -11
24  4
24  -3
23  -4
20  2
23  0
23  -2
20  5
23  -3
23  1
24  3
26  5
22  -4
25  0
25  -5
24  -6
22  3
20  2
23  -5
26  8
23  -5
23  4
22  -3
21  -2
22  2
25  -2
24  -4
25  -5
23  -4
22  -5
27  -7
22  -7
23  4
25  -1
22  -6
24  0
23  -5
23  -1
25  2
21  7
24  1
21  4
24  -3
21  -1
22  -2
24  -1
23  0
22  -1
23  -4
19  11
21  -2
20  0
22  -3
22  -3
23  0
24  -1
25  1
22  -6
25  -2
20  5
23  -5
26  9
23  -2
24  -2
26  8
23  -2
24  -4
26  5
23  -1
22  -1
27  -11
22  -5
23  3
20  1
24  -4
21  5
25  3
29  -1
24  -3
24  0
23  4
22  2
22  -4
23  -3
25  3
23  3
22  -1
21  6
26  7
22  -7
23  -2
26  12
27  -3
22  -2
25  -2
25  4
25  -5
24  -3
26  10
20  3
23  1
23  1
22  -5
25  4
26  8
21  1
21  2
22  -3
23  2
22  -5
23  3
25  -4
24  -6
23  -3
23  1
24  0
20  -2
23  -2
24  1
24  3
26  3
23  -3
25  1
25  4
25  -2
26  8
19  11
21  6
27  -10
20  0
25  -2
25  1
23  2
25  -3
25  5
24  -5
26  6
21  -1
21  6
25  -1
23  -1
24  4
23  2
26  10
25  3
23  -5
21  -2
27  -10
23  5
24  -1
23  -4
28  -4
23  -1
23  -4
21  6
23  2
21  -1
25  -2
24  -3
23  -4
21  -2
24  -3
24  -3
23  -4
22  -1
23  4
25  -5
23  5
23  -3
25  -4
22  -5
22  -1
21  4
24  3
24  1
23  -4
24  -4
24  -1
27  -10
24  4
27  -4
22  1
23  1
23  -3
26  7
22  -5
22  2
23  -3
24  -6
19  11
23  -1
20  -3
24  -3
25  5
24  -5
22  -7
22  2
24  4
21  5
25  5
24  1
24  3
24  2
22  1
20  -3
22  1
20  -1
24  -6
23  1
21  7
26  6
23  -3
21  7
24  2
25  4
24  3
26  7
25  2
24  4
25  1
23  -1
23  1
23  0
26  4
26  10
21  2
24  0
22  0
23  3
24  -6
25  1
21  8
22  3
23  2
25  -2
21  4
25  -2
23  -3
20  -2
25  5
24  -2
21  8
24  -1
23  3
23  3
25  -2
21  7
24  1
22  0
20  6
23  4
21  3
26  12
28  -6
22  -3
26  3
20  0
22  2
24  4
24  4
26  11
21  2
23  4
24  3
24  -6
25  2
22  -1
24  2
23  -1
24  -2
21  1
22  2
24  4
25  -2
24  -2
28  3
23  -3
22  1
25  0
21  2
20  0
22  -5
22  -7
25  5
24  -4
24  -3
23  4
22  2
23  0
26  9
26  9
21  6
25  -2
23  -4
26  11
22  2
22  -7
24  1
23  -5
23  4
21  4
22  3
26  4
23  5
22  1
23  3
23  0
22  -4
28  3
27  -5
21  2
23  -3
22  -5
24  3
24  -1
23  3
25  3
23  -3
28  2
26  5
21  8
24  -1
25  4
19  4
22  -2
24  1
26  10
23  -3
22  -7
21  0
24  3
26  11
22  -3
23  0
22  -7
25  -1
22  1
20  6
22  -5
22  -3
22  -6
24  -1
24  0
21  5
28  -6
25  3
24  -5
22  1
22  -2
22  -6
24  4
24  -4
24  -2
24  0
23  1
26  12
23  0
22  3
23  2
24  3
26  8
21  4
22  -7
22  -4
23  4
23  2
20  1
22  -5
22  -3
23  -3
25  0
22  -5
26  12
19  11
23  5
26  7
22  0
25  4
24  -2
25  1
22  -4
24  0
23  1
24  -4
21  0
23  4
25  5
22  0
28  -4
23  5
21  -2
23  -5
25  1
25  5
23  0
24  -1
24  -1
22  -4
21  3
21  1
21  7
20  -3
21  2
23  -2
24  -2
23  -5
19  4
22  -7
22  -7
21  4
22  -2
22  2
24  -6
23  1
23  3
24  4
23  5
25  2
22  -4
24  -2
21  8
25  -2
23  -3
25  -5
24  2
22  -3
23  -1
24  3
19  2
20  -3
23  -2
24  -2
21  8
20  2
22  2
24  -5
25  5
24  2
24  -6
22  -2
24  1
23  -3
25  1
21  8
21  0
23  -1
22  2
25  2
23  -1
27  -7
22  -3
26  5
18  6
23  2
19  5
23  0
25  3
22  -1
22  -5
24  -1
25  4
23  5
22  -3
23  -2
21  8
23  1
25  -3
21  -1
25  1
20  -1
21  3
23  0
22  -7
22  -4
21  2
25  -2
21  2
23  4
25  -3
22  1
23  3
23  -2
21  7
24  -5
22  -2
27  -10
26  3
24  -5
22  -6
24  -3
25  -4
25  -2
26  2
23  -4
25  2
20  6
23  0
26  6
24  -1
22  1
19  9
23  -4
22  3
23  3
22  -5
24  -6
22  -7
25  2
23  0
23  -5
22  1
24  -5
26  11
22  0
25  -2
27  -8
23  1
22  -3
24  -1
19  8
23  3
24  -4
26  7
21  1
20  1
25  0
25  4
22  -2
21  7
24  -1
22  -1
25  -1
20  4
20  4
21  1
21  3
22  -7
24  -5
22  0
24  -3
23  3
24  2
20  7
25  5
26  4
23  2
20  2
22  3
24  -6
24  4
24  -6
23  -4
22  0
21  7
21  -2
24  0
24  -4
23  0
26  11
25  3
22  3
24  -1
23  -1
24  -2
30  -3
22  -1
22  0
25  -5
21  6
24  4
25  -3
23  -5
22  -5
23  3
24  -4
25  5
25  0
23  -4
22  -6
25  2
24  -3
21  8
24  0
25  -5
23  -5
23  -1
22  3
22  -2
20  6
23  1
23  5
22  -4
24  -6
24  -4
22  0
23  -5
24  3
22  3
25  -5
25  -1
24  4
22  -6
20  -1
25  -4
22  3
24  3
24  2
21  1
25  -1
22  -5
26  4
23  -3
25  -3
26  5
23  4
23  -3
24  -6
20  4
22  3
24  -3
24  -4
19  1
24  -5
22  3
23  3
23  2
23  -2
21  3
24  0
23  0
21  7
22  -5
26  4
22  3
21  2
25  2
23  -3
23  -4
24  2
23  3
25  0
19  5
21  0
24  4
21  7
21  1
24  1
22  -4
21  -1
24  -3
22  3
27  -4
27  -10
25  -4
27  -4
20  0
23  1
22  -1
24  -3
23  0
22  -6
20  2
24  4
21  2
22  -5
24  3
21  3
23  -5
24  -1
22  -3
20  2
24  2
24  1
22  -5
24  0
22  3
24  0
22  0
23  5
25  -5
25  -1
23  1
22  -5
20  1
24  3
21  5
26  5
22  -4
24  -6
26  10
21  7
23  -1
23  1
22  2
21  0
23  -1
23  -1
23  2
24  -4
24  -5
24  -4
26  7
24  -5
22  2
26  6
20  5
25  -4
26  4
20  -3
25  3
26  4
24  -6
22  -3
22  -5
26  12
21  1
23  4
22  1
23  -2
23  -2
24  3
25  -5
18  11
24  2
24  4
25  -5
26  4
25  -1
24  4
23  -4
27  -10
24  -6
25  3
26  6
26  2
23  5
22  -2
23  -4
21  8
26  8
23  -5
18  3
24  -6
24  4
23  2
25  2
23  2
27  -6
27  -2
25  2
24  4
22  -6
26  7
23  -3
21  -1
23  -3
24  -5
24  -3
21  5
24  0
23  -1
22  1
24  -4
26  8
24  4
24  -6
23  0
24  -1
24  -3
26  9
26  11
24  -1
20  -3
27  -2
23  2
21  4
28  4
23  4
21  0
23  -5
23  0
23  2
23  5
24  -4
24  0
25  -1
23  -5
20  -3
24  3
24  -6
22  -3
22  2
22  -6
24  4
25  1
21  6
24  -3
24  3
24  0
24  -3
21  -1
25  -2
21  2
25  -2
27  -9
24  -4
22  -5
22  2
25  4
21  4
21  7
22  -7
25  3
23  -3
20  1
24  1
20  5
26  3
25  5
27  -9
23  1
21  5
21  -1
21  8
23  -2
21  0
25  -2
21  3
23  5
22  -3
23  -3
24  -6
24  -3
22  -2
22  -1
22  1
27  -12
24  3
22  -4
24  -4
23  4
24  0
20  4
26  9
24  -1
23  1
19  3
24  -3
27  -2
22  1
24  -6
21  0
23  0
24  2
22  -1
27  -10
22  2
25  2
23  0
23  -3
26  8
24  2
22  3
22  -6
25  4
23  2
21  5
21  7
24  -1
25  4
22  -6
21  -2
25  0
24  1
27  -7
23  0
25  -4
22  -2
22  2
25  -2
24  -5
23  5
22  -2
20  7
23  -3
24  -2
23  1
24  0
22  -2
24  -1
26  12
25  -3
24  4
21  5
22  2
26  6
26  11
21  -1
24  -6
22  -7
21  3
27  -5
25  2
24  -3
21  8
26  6
24  1
23  4
23  1
27  -7
20  2
22  -4
21  0
24  -4
24  -3
22  -6
24  2
22  -6
22  0
24  -1
21  7
22  0
24  1
21  6
22  -5
20  0
23  1
24  -4
24  1
23  3
24  2
22  -4
