16  -2
15  -3
14  -3
15  -3
15  -7
14  -6
14  -6
14  -4
14  -2
15  -7
15  -6
15  -2
15  -1
16  4
14  -2
15  -1
15  -6
14  -1
15  -7
14  -3
15  -3
14  -1
14  -3
15  -4
14  -4
16  3
15  -6
14  -6
14  -1
15  -1
14  -2
14  -4
15  -7
14  -2
15  -3
15  -2
15  -1
15  -4
15  -5
14  -4
16  1
14  -6
14  -4
15  -1
15  -5
15  -7
15  -5
15  -6
14  -4
15  -6
14  -3
14  -6
16  3
15  -6
14  -3
16  -2
14  -1
15  -1
15  -3
14  -1
15  -7
15  -7
15  -7
14  -1
15  -6
15  -7
15  -3
15  -6
14  -5
14  -1
14  -1
14  -3
14  -5
15  -3
14  -2
16  0
14  0
15  -6
14  -6
15  -4
15  -3
15  -6
15  -4
15  -5
14  -3
14  -4
14  -3
14  -1
14  -2
15  -6
15  -7
14  -6
15  -4
15  -3
14  -1
14  -2
16  2
14  -3
15  -7
15  -6
14  -4
14  -4
15  -5
14  0
15  -2
15  -5
14  -6
15  -6
15  -4
14  -4
16  4
14  -2
15  -5
14  0
15  -5
14  -4
14  -6
14  -6
16  3
15  -4
14  -3
15  -4
14  -2
15  -7
14  -3
15  -2
14  -4
14  0
15  -6
14  -6
15  -5
14  0
14  -5
15  -7
15  -4
15  -6
14  -6
14  -2
14  -4
15  -5
14  -2
15  -4
16  -2
14  -1
16  -2
15  -4
14  -4
15  -3
15  -5
15  -7
15  -7
15  -7
14  -2
14  -3
14  -3
15  -6
15  -7
14  -3
14  -3
15  -5
14  -4
15  -4
15  -5
14  -6
16  2
14  -2
14  0
15  -7
14  -3
14  -6
14  -3
15  -3
15  -7
14  0
15  -2
14  0
15  -2
16  0
14  -2
14  -6
16  -2
14  -2
16  2
15  -6
14  -6
15  -7
14  -6
15  -2
14  -1
14  -1
14  -4
14  -4
15  -7
14  -6
16  3
15  -7
14  -1
14  -5
15  -4
15  -5
15  -6
14  -2
14  0
15  -4
14  -2
15  -2
14  -5
14  -1
15  -4
14  -2
14  -3
14  -4
15  -5
15  -4
15  -6
15  -5
15  -5
14  -3
14  -5
15  -7
14  -1
14  -2
15  -2
15  -5
16  -2
14  -1
14  0
16  2
14  -3
16  -1
14  0
14  0
15  -1
16  0
15  -4
15  -6
15  -5
16  3
16  3
15  -7
15  -6
14  0
14  -4
15  -7
15  -4
14  -1
15  -4
14  -6
14  -3
16  0
14  -1
15  -7
14  -5
14  -3
15  -5
14  -3
14  0
14  -3
14  -4
14  -4
14  -1
15  -1
15  -1
14  -2
14  -1
14  -6
14  -1
16  -1
14  -2
14  0
14  0
14  -4
14  0
14  -4
14  -2
14  -2
15  -4
14  0
15  -4
14  -6
14  -5
14  -4
15  -5
15  -3
16  3
14  -6
15  -4
15  -5
16  -1
15  -6
16  -1
16  0
14  -3
14  -1
14  -2
15  -3
15  -3
14  -2
15  -6
15  -6
14  -4
15  -1
14  -2
14  -2
16  2
14  -1
14  -4
14  0
14  0
15  -7
16  1
14  -6
15  -7
14  -4
15  -4
14  -2
14  -3
14  -5
16  -1
15  -1
15  -4
14  -4
15  -6
15  -4
14  -6
16  0
14  -6
16  0
14  -1
14  -4
14  -6
15  -1
15  -3
14  -2
15  -2
15  -6
15  -7
16  3
14  -4
14  -1
15  -2
14  -4
14  -1
15  -4
15  -7
14  -1
16  3
16  1
14  0
14  0
15  -5
15  -7
14  -2
14  -3
15  -2
14  -5
15  -1
14  -3
16  -1
14  0
15  -2
15  -1
14  -1
15  -7
15  -5
15  -2
15  -7
15  -3
15  -3
16  -1
15  -7
15  -3
15  -5
14  -3
16  0
15  -4
16  -1
15  -5
14  -4
14  0
15  -7
15  -7
14  -4
15  -6
14  -5
15  -4
14  -1
14  0
15  -4
15  -2
14  -2
15  -6
15  -4
14  -1
14  -1
15  -1
16  -1
14  -3
15  -7
16  0
14  -2
14  -6
15  -5
15  -2
15  -1
15  -7
15  -1
15  -5
15  -4
15  -2
15  -1
14  -3
14  -6
15  -6
15  -5
16  -2
16  -2
14  -2
16  2
16  0
15  -6
15  -4
15  -5
14  -6
15  -6
14  -1
14  -1
15  -4
15  -3
15  -6
16  2
15  -3
14  -4
16  4
14  -2
14  -4
14  0
15  -6
14  -4
15  -1
15  -3
16  3
15  -2
14  -1
14  -3
16  -2
15  -4
15  -1
14  -1
15  -4
14  -4
15  -3
14  -6
14  -1
14  -4
14  0
16  0
14  -3
15  -2
15  -6
15  -4
14  -5
15  -4
14  -6
16  1
15  -6
15  -6
15  -3
14  -3
15  -7
14  0
15  -5
14  -3
15  -6
15  -5
14  -1
15  -7
14  -4
15  -2
14  -2
14  -3
14  -3
15  -1
14  0
14  -4
15  -2
14  -3
14  -3
16  -1
15  -7
14  -2
14  -1
14  -4
16  -1
14  -6
14  -2
14  -4
16  3
14  -5
14  0
15  -3
15  -7
16  -1
14  -5
15  -7
15  -4
14  0
14  0
16  4
14  -5
15  -3
16  -1
15  -3
15  -4
16  2
15  -5
14  -5
14  0
14  -1
15  -6
14  0
14  -1
15  -6
14  -5
14  -1
16  2
15  -6
15  -4
14  -1
15  -5
15  -4
15  -2
14  -6
15  -3
14  -6
15  -3
15  -3
15  -7
15  -3
14  -5
15  -4
15  -4
15  -2
16  4
15  -2
15  -5
14  -4
14  -6
14  -1
15  -4
15  -4
14  -5
14  -6
14  0
15  -1
14  -1
14  -3
14  -3
15  -1
14  -3
15  -2
15  -2
15  -7
15  -2
14  -4
15  -3
14  -5
14  0
14  -5
15  -6
14  -1
15  -3
14  -2
16  0
16  -2
15  -6
15  -6
14  -6
15  -1
14  -3
14  -2
14  -3
14  -6
15  -1
15  -2
16  1
16  4
15  -6
14  -1
15  -1
15  -5
14  -3
16  -1
15  -2
14  -4
16  -2
15  -6
14  0
14  -1
14  -4
15  -3
15  -1
15  -4
15  -3
16  -1
15  -2
15  -3
14  0
14  0
15  -1
14  -2
14  0
14  0
14  -5
15  -1
15  -6
15  -4
15  -7
14  -4
15  -1
16  0
15  -4
16  3
14  -4
15  -4
15  -7
16  1
15  -4
15  -3
15  -5
14  -1
15  -5
15  -4
16  2
14  -3
14  -3
15  -6
14  -2
14  -5
15  -7
14  -5
15  -4
15  -5
14  0
15  -7
14  -1
14  -6
14  -4
15  -6
14  -5
15  -1
15  -5
15  -6
14  -1
16  -2
15  -5
14  0
14  -4
16  4
16  0
15  -5
15  -4
14  -1
15  -1
14  -4
14  -1
16  -1
14  -3
15  -4
15  -7
15  -3
14  -3
14  -3
15  -3
14  -2
15  -1
14  -1
15  -1
14  -2
16  1
15  -5
15  -2
14  -5
16  0
15  -6
14  -1
15  -7
15  -2
14  -6
14  -2
16  2
15  -3
15  -1
15  -3
14  -3
15  -5
14  -2
16  4
15  -3
14  -2
15  -1
14  -3
15  -5
15  -4
16  2
15  -7
15  -7
14  -5
16  0
15  -3
15  -4
15  -4
15  -3
15  -4
14  -1
16  -1
14  -4
15  -5
15  -6
15  -6
16  3
14  -1
15  -1
14  -6
14  -5
14  -1
15  -2
14  0
15  -3
15  -2
14  -1
15  -6
14  -5
14  -3
15  -2
14  -2
15  -1
15  -4
14  -3
15  -6
15  -1
14  0
15  -1
15  -2
15  -2
15  -1
15  -7
15  -2
15  -7
15  -6
15  -3
15  -5
16  -1
15  -3
14  -4
15  -1
15  -6
15  -3
15  -6
15  -6
15  -4
14  -6
15  -2
14  -1
14  -6
15  -7
15  -5
14  0
15  -2
15  -2
15  -4
16  -1
15  -6
15  -7
14  0
15  -5
15  -2
16  4
14  -3
14  -3
16  -2
14  -2
15  -6
15  -1
15  -1
15  -4
15  -4
14  -4
14  -2
14  -6
14  -6
15  -3
15  -7
16  1
14  -2
15  -7
15  -6
15  -7
15  -7
15  -5
15  -5
14  -2
15  -2
15  -4
15  -3
16  1
14  -2
15  -2
14  -3
15  -3
15  -3
15  -4
14  -1
15  -1
14  -5
15  -7
15  -5
14  -4
14  -1
14  -1
15  -1
14  -5
15  -1
14  -5
14  0
14  -4
14  0
16  -1
14  -6
14  -5
15  -3
14  -5
15  -4
15  -4
15  -7
15  -3
16  3
16  3
14  -3
14  -1
14  -5
15  -1
15  -1
15  -5
15  -5
15  -2
16  2
14  -2
14  -6
14  -6
16  -2
15  -2
16  0
14  -3
15  -4
15  -1
15  -1
15  -2
15  -2
15  -2
14  -1
15  -6
15  -2
14  -3
15  -1
15  -2
15  -2
15  -1
14  -5
15  -1
14  -4
16  4
16  3
15  -6
15  -1
15  -2
15  -1
14  -4
15  -5
15  -7
14  -1
15  -5
15  -2
16  4
14  -2
14  -2
15  -3
15  -2
15  -3
15  -3
14  -2
15  -4
14  -3
15  -5
14  -5
15  -5
15  -7
14  -2
15  -5
15  -4
14  -1
14  -1
15  -5
15  -3
15  -6
14  -2
15  -5
14  -5
15  -3
14  -1
14  -4
14  -1
15  -7
16  4
16  4
15  -6
16  -2
14  -5
14  0
14  -6
15  -7
14  -6
14  -5
14  -3
15  -2
15  -5
14  -4
15  -1
15  -4
14  0
15  -2
15  -4
15  -6
14  -5
15  -4
15  -5
15  -4
15  -1
15  -3
14  0
15  -1
16  -2
15  -2
14  -6
14  -2
16  0
15  -5
15  -5
14  -3
15  -2
14  -3
15  -2
16  3
14  -4
15  -6
15  -7
14  0
14  0
16  -1
15  -3
14  -5
15  -6
15  -2
14  -2
15  -2
14  -3
15  -7
15  -5
16  0
15  -7
15  -3
14  0
15  -4
14  -1
15  -2
14  -5
15  -3
14  0
15  -4
16  0
14  -4
15  -2
15  -1
15  -6
15  -2
16  -1
15  -3
16  4
14  -5
14  -2
15  -2
15  -7
14  -3
15  -6
15  -3
14  -1
14  -3
15  -2
15  -3
16  2
