14  2
12  8
18  2
13  -5
10  -6
12  5
15  -6
12  9
15  -4
13  -6
16  -7
10  -5
13  -6
14  1
15  -4
12  7
15  -6
12  7
15  -8
13  -4
14  1
13  -5
15  -7
13  -6
13  -6
14  1
13  -6
17  -3
14  -1
16  -4
16  -7
13  -4
14  0
14  3
13  -3
16  -5
14  3
14  1
13  -6
14  1
10  -6
13  -5
14  3
15  -5
10  -4
15  -7
14  -1
12  7
11  -4
14  3
9  5
13  -3
17  -1
13  -3
13  -5
17  0
13  -5
13  -5
14  1
15  -6
14  2
15  -7
14  1
14  1
12  5
13  -4
13  -6
14  1
14  2
13  -3
12  6
17  -1
11  -1
15  -5
11  -3
11  -2
12  9
11  -2
15  -4
12  5
13  -5
15  -7
12  9
15  -8
16  -7
11  -2
15  -5
11  -1
12  5
12  5
13  -5
13  -2
14  -1
12  8
15  -5
15  -4
14  1
13  -2
10  -5
16  -7
15  -7
13  -4
14  3
12  7
13  -4
14  3
15  -4
10  -8
15  -4
17  0
13  -4
15  -6
13  -4
12  5
14  2
13  -6
13  -4
13  -3
14  2
14  2
18  -1
13  -6
15  -6
16  -5
12  7
11  -1
17  -3
13  -3
14  2
12  5
14  0
12  6
14  1
14  2
13  -6
12  7
14  0
12  8
15  -6
12  6
14  1
11  -1
13  -6
15  -6
16  -5
11  -1
16  -6
14  1
13  -5
11  -2
11  -2
14  1
12  6
15  -7
11  -3
15  -8
16  -3
13  -5
11  -3
11  -3
13  -6
17  1
15  -8
10  -7
17  -1
15  -5
11  -2
10  -8
16  -6
16  -3
15  -4
15  -4
11  -1
15  -5
11  -5
15  -7
12  5
13  -3
14  2
12  7
13  -4
15  -6
12  5
11  -4
12  7
13  -3
14  0
15  -8
13  -2
13  -4
15  -8
15  -4
14  3
12  6
14  1
12  7
14  -1
12  8
13  -6
12  6
16  -7
8  8
13  -6
14  0
16  -3
15  -6
17  -1
12  9
12  6
15  -7
14  0
15  -6
12  7
13  -6
14  3
13  -4
14  1
18  0
11  -5
15  -8
15  -6
11  -4
16  -6
16  -4
12  5
12  9
11  -5
13  -5
10  -7
12  8
15  -5
14  0
13  -3
12  8
15  -7
15  -5
11  -2
13  -3
12  8
11  -1
14  1
14  0
16  -6
13  -5
11  -4
14  1
11  -1
11  -2
18  2
12  8
12  7
11  -2
11  -5
14  0
14  0
13  -2
15  -5
12  8
9  4
13  -2
11  -5
12  7
17  -1
10  -6
13  -2
14  1
14  -1
13  -6
12  7
14  3
14  -1
12  8
13  -4
16  -5
10  -5
14  3
14  3
15  -8
13  -5
15  -5
15  -4
14  2
14  1
11  -4
12  7
12  7
10  -4
15  -7
12  6
14  -1
15  -8
13  -4
12  6
9  2
11  -3
12  9
12  8
11  -3
12  7
15  -8
10  -8
11  -1
13  -4
12  6
13  -3
15  -7
14  1
15  -5
13  -5
15  -6
14  3
13  -2
12  9
11  -2
12  9
14  2
11  -4
14  2
10  -4
14  1
13  -2
15  -8
14  -1
14  -1
12  6
13  -4
13  -2
13  -6
13  -6
14  -1
15  -6
17  0
15  -4
14  3
12  9
11  -2
12  8
17  0
13  -2
12  7
15  -4
15  -6
10  -5
13  -6
10  -6
11  -4
15  -4
13  -6
14  3
12  7
14  2
13  -5
11  -5
12  9
13  -5
13  -3
13  -3
17  -2
14  -1
12  8
12  6
13  -6
15  -5
14  1
10  -4
13  -2
16  -6
11  -2
14  3
16  -4
12  7
12  6
13  -2
12  6
12  7
10  -5
14  3
13  -5
15  -7
11  -2
14  -1
11  -3
14  0
15  -8
11  -4
12  7
15  -8
11  -4
13  -4
13  -6
13  -2
12  7
15  -8
12  6
14  1
14  0
15  -8
14  -1
17  -1
15  -8
10  -6
14  0
12  6
13  -6
12  9
14  1
14  -1
13  -5
11  -2
11  -4
15  -5
16  -5
14  -1
14  3
12  7
14  3
13  -3
11  -5
12  5
13  -6
11  -2
15  -7
15  -4
11  -1
13  -2
12  5
14  2
13  -4
13  -3
15  -4
13  -6
14  2
17  -1
11  -2
14  2
13  -5
15  -5
13  -3
14  2
15  -6
11  -2
11  -4
14  3
15  -8
11  -4
12  5
13  -2
13  -2
13  -3
12  6
12  6
15  -5
13  -5
16  -4
14  0
13  -6
14  0
10  -5
14  1
13  -5
17  -1
11  -1
15  -8
14  2
15  -4
13  -3
15  -5
15  -5
14  0
15  -6
12  7
12  9
16  -4
12  6
16  -7
13  -3
14  1
10  -7
10  -8
14  0
12  9
16  -3
14  2
12  8
12  5
13  -5
13  -5
12  8
14  1
13  -3
16  -4
15  -8
14  3
12  6
13  -3
15  -6
12  6
13  -3
15  -7
14  -1
15  -8
17  -3
18  -1
13  -3
14  -1
14  -1
11  -3
15  -6
14  3
17  -2
14  0
16  -4
13  -2
16  -6
10  -5
13  -5
17  -3
13  -6
13  -6
14  0
14  0
14  0
14  0
16  -4
13  -4
17  1
17  0
13  -4
11  -5
14  1
12  7
11  -5
14  1
16  -7
14  2
15  -6
13  -2
12  6
11  -2
13  -3
11  -4
15  -6
16  -5
15  -6
12  9
13  -4
13  -4
14  2
14  0
15  -5
14  2
15  -6
13  -4
15  -7
12  5
13  -5
11  -2
13  -6
12  9
12  8
15  -5
14  3
13  -5
9  1
13  -4
12  9
11  -3
14  -1
10  -8
16  -6
13  -2
14  0
10  -6
14  2
12  8
11  -3
12  7
13  -5
11  -2
15  -4
12  6
10  -7
9  2
12  9
12  6
14  0
13  -5
11  -3
15  -8
11  -4
16  -3
12  9
13  -2
14  1
13  -2
13  -4
15  -6
13  -6
14  1
12  8
14  1
15  -4
9  2
16  -6
16  -6
13  -6
13  -4
12  6
12  7
15  -7
13  -4
14  -1
16  -5
14  3
13  -3
9  5
14  0
12  9
13  -3
11  -2
17  -2
14  2
13  -2
14  1
15  -8
12  5
12  6
17  1
14  1
13  -3
17  0
14  3
11  -4
12  6
14  2
14  3
13  -4
13  -6
11  -4
13  -4
15  -5
14  0
13  -2
11  -1
15  -7
11  -3
13  -6
12  5
12  5
11  -4
13  -4
12  8
11  -3
11  -5
13  -4
12  5
14  2
9  4
11  -5
13  -2
14  0
16  -7
10  -7
11  -1
11  -5
13  -3
13  -4
12  8
17  1
10  -5
13  -4
12  7
13  -3
10  -7
13  -6
17  -1
13  -2
15  -5
15  -8
15  -6
13  -5
10  -7
12  9
14  0
13  -6
11  -5
14  -1
15  -8
16  -7
15  -6
15  -8
11  -3
12  6
11  -5
13  -5
11  -5
11  -4
13  -6
13  -6
14  3
13  -5
14  1
11  -1
15  -4
12  9
13  -2
13  -4
12  8
13  -4
13  -6
14  -1
15  -8
11  -3
12  5
17  -1
14  2
15  -7
8  9
14  2
10  -5
14  3
13  -3
14  0
12  6
10  -8
9  2
16  -6
14  0
13  -2
13  -6
12  9
14  2
13  -4
8  8
13  -2
17  -1
11  -1
13  -6
13  -2
11  -3
11  -2
16  -7
12  6
15  -6
15  -5
13  -3
16  -7
14  3
11  -3
12  6
15  -4
10  -4
13  -4
13  -2
12  8
16  -3
13  -4
12  9
14  0
9  4
13  -6
14  3
14  -1
10  -8
14  1
14  3
11  -4
14  3
11  -3
13  -6
10  -6
11  -3
12  9
14  -1
17  0
11  -1
12  9
16  -4
14  -1
15  -4
12  7
14  0
14  0
14  3
11  -2
13  -6
13  -4
11  -3
13  -3
9  3
14  -1
14  1
13  -6
13  -5
13  -3
13  -3
14  0
11  -2
12  6
11  -2
9  3
13  -2
15  -5
12  8
13  -3
13  -5
12  7
15  -6
13  -6
13  -2
13  -5
14  3
13  -3
13  -4
10  -8
15  -5
9  3
15  -8
15  -7
13  -2
13  -2
14  -1
16  -4
10  -8
11  -4
13  -4
11  -2
12  9
12  7
9  3
13  -4
12  5
13  -3
11  -3
14  0
15  -6
13  -2
11  -4
15  -8
15  -5
13  -3
16  -7
13  -2
15  -7
13  -6
11  -3
11  -1
13  -2
16  -7
15  -5
15  -8
11  -3
10  -4
13  -2
16  -5
11  -1
15  -5
12  9
14  -1
14  1
15  -7
14  3
12  6
13  -5
12  5
12  6
13  -6
10  -4
10  -7
16  -5
12  5
11  -2
14  2
14  1
14  0
13  -3
16  -3
17  0
15  -7
12  7
11  -3
15  -8
15  -8
14  0
12  8
14  -1
13  -6
11  -1
11  -1
12  9
13  -6
17  -3
14  0
12  6
13  -2
12  8
14  0
9  1
14  -1
15  -8
16  -4
15  -5
16  -3
13  -3
15  -4
12  9
12  7
12  9
13  -3
14  1
13  -4
10  -8
13  -2
10  -8
15  -8
13  -2
11  -4
14  1
15  -4
14  2
13  -6
13  -3
15  -5
15  -5
15  -4
14  1
11  -3
13  -3
12  5
14  2
9  3
14  3
13  -4
11  -1
12  6
14  3
16  -4
13  -3
11  -4
16  -6
14  -1
14  -1
12  5
15  -4
14  2
14  2
12  9
15  -8
18  1
12  8
15  -5
14  0
14  2
15  -4
13  -2
13  -4
13  -3
12  7
12  6
13  -6
12  9
15  -8
15  -6
14  1
13  -2
12  7
13  -2
11  -3
14  0
12  7
10  -6
11  -5
13  -4
14  3
11  -2
13  -2
13  -3
14  2
12  7
16  -5
13  -5
14  0
14  -1
12  5
16  -7
14  -1
14  -1
16  -4
13  -4
13  -4
12  6
16  -5
13  -5
14  -1
15  -4
12  7
14  1
13  -3
14  -1
17  -3
