13  10
10  -4
7  -1
10  -3
12  -3
11  9
12  4
10  -1
13  5
10  -1
11  8
7  4
8  0
14  1
9  -6
10  2
6  2
10  -6
8  2
11  6
11  4
8  8
12  3
9  1
9  -5
10  -1
8  0
12  -2
9  -6
10  -6
10  -5
8  0
9  -9
10  4
13  0
4  -7
10  1
8  -3
11  3
10  5
13  9
9  -5
9  -7
9  -7
9  -5
6  0
11  1
12  -7
8  5
10  2
12  -3
11  8
8  -1
10  6
7  -1
10  -2
12  -3
13  5
9  1
9  3
13  3
11  10
10  -6
10  -5
8  6
8  7
7  7
8  1
10  2
11  5
8  7
10  2
9  -1
10  3
7  1
12  -1
7  -1
11  4
10  4
10  5
12  0
10  5
12  1
11  6
11  6
11  12
11  5
13  12
11  2
11  5
8  3
10  -4
8  2
6  4
14  1
9  2
10  -2
10  4
8  3
10  -1
13  7
11  6
11  1
11  2
11  3
12  4
9  0
12  -4
9  -2
8  3
7  -4
8  1
8  7
12  -3
8  9
10  4
9  -3
10  6
8  1
9  -3
12  0
10  5
11  2
12  -6
8  -2
8  2
12  4
10  -2
9  0
13  10
10  -4
12  5
9  -2
9  -4
9  -9
8  4
12  -2
8  4
11  9
9  0
14  5
10  6
9  -5
12  -5
7  5
15  3
9  0
14  5
10  6
12  -6
6  5
10  -5
7  6
9  -7
9  -5
11  3
12  -6
13  11
11  4
10  -6
12  -3
10  -1
11  10
8  -2
13  4
12  -7
11  6
12  4
9  3
12  2
10  5
9  -1
10  -2
9  -1
10  5
12  -5
10  5
8  7
11  7
13  1
10  2
7  -3
12  -2
9  -5
7  -4
11  7
11  3
10  0
14  -2
11  5
10  -3
12  0
11  9
6  9
11  4
10  6
8  -1
11  12
9  -7
12  -6
11  9
10  -2
11  7
11  3
16  -7
7  0
9  0
13  8
10  1
10  -5
12  1
10  0
9  3
12  -5
10  6
11  1
12  4
12  -2
9  3
8  9
10  3
12  -6
9  1
7  1
14  6
12  -3
15  4
10  3
11  0
12  -5
10  -1
8  4
10  0
12  -6
13  1
12  -6
7  1
12  -6
8  7
8  9
10  -6
8  4
10  -5
9  -1
6  6
11  6
8  4
13  2
8  2
7  4
11  2
9  -9
11  5
10  -4
10  5
6  6
7  1
12  2
10  -2
9  3
12  -3
9  2
10  0
10  -5
8  8
8  -2
16  -1
9  -3
7  4
12  5
10  -3
8  -3
8  1
11  12
12  -6
8  0
10  3
11  8
8  9
8  -2
9  -4
8  0
12  -1
9  -9
12  1
8  5
9  -5
11  3
11  1
11  11
8  7
11  9
13  6
15  1
12  -6
10  3
13  2
12  4
13  2
7  6
11  5
9  0
14  3
13  4
9  -7
11  4
10  0
10  0
14  3
9  2
10  -6
8  5
9  2
9  1
11  3
10  -6
8  -1
11  3
11  5
10  1
11  0
8  9
11  0
9  -9
9  1
10  -6
10  2
11  9
9  3
12  -4
8  4
10  2
7  7
9  2
10  -1
12  2
8  -3
11  9
11  5
12  0
8  3
11  9
8  9
11  10
14  4
8  4
8  9
12  -4
11  0
10  4
14  0
7  -3
10  5
8  6
13  5
8  7
13  3
8  1
9  1
11  3
10  -5
8  8
7  -1
11  3
10  2
12  -7
6  0
10  4
8  4
11  11
13  6
12  -2
10  4
10  2
11  7
12  0
8  9
10  4
8  -1
10  0
10  -6
9  -8
6  11
10  3
10  -1
10  3
10  5
11  5
10  -3
7  4
11  7
11  7
10  1
11  1
10  -6
11  11
12  2
7  1
8  8
8  3
11  1
11  3
8  -2
11  8
8  9
11  1
10  -4
9  -5
12  3
11  8
10  -3
8  -3
12  -2
10  5
11  3
13  3
9  -9
13  7
11  10
12  2
11  1
8  2
11  0
9  -3
12  0
11  3
12  -4
9  -9
11  9
10  -5
11  4
11  1
11  5
11  0
10  5
8  3
12  1
12  2
11  8
14  2
10  5
12  2
8  0
10  -2
11  3
9  -5
16  -7
7  2
7  1
12  -3
8  -2
12  -7
10  5
9  -7
12  1
9  0
9  -1
13  4
10  2
13  2
11  6
9  -7
12  2
2  0
7  1
15  6
7  2
6  -1
10  2
13  2
8  3
11  7
9  -1
10  -6
11  0
11  5
11  3
9  2
11  3
10  -6
12  3
12  2
9  2
13  0
11  10
13  5
11  0
12  -6
10  2
10  0
7  -2
8  5
12  4
10  1
12  1
9  2
9  -5
8  -1
8  0
10  -4
8  4
10  -3
11  7
9  2
7  -2
7  1
15  3
11  3
9  0
9  -9
13  11
7  6
6  8
9  0
13  0
14  -1
10  -1
7  6
13  3
10  -3
11  2
10  -4
13  9
11  5
7  -4
8  2
11  4
9  -2
12  5
12  -5
14  -2
10  3
10  -2
11  6
12  1
10  5
13  10
12  4
10  4
11  10
9  2
8  9
11  2
9  3
13  7
13  7
11  3
14  6
10  2
13  6
12  -5
10  4
12  -4
9  0
11  9
9  2
10  5
13  3
12  -7
14  9
12  -6
9  -9
9  -5
10  2
10  4
9  3
10  4
9  -4
14  3
7  7
11  7
11  3
11  8
7  -2
10  1
11  7
12  0
10  3
7  4
8  4
12  -7
15  8
9  0
8  4
12  -2
12  2
9  -9
11  0
9  -4
8  9
16  -5
12  -2
9  2
9  1
11  7
10  -3
11  0
6  4
11  10
10  -3
10  -1
11  9
10  -3
9  3
10  1
11  6
11  3
8  -2
11  2
5  8
8  6
13  9
11  12
9  0
16  -1
8  -3
13  4
12  4
11  4
11  12
7  -4
13  0
12  -5
7  2
11  12
12  -6
12  1
12  -6
11  11
10  -4
12  2
9  -1
10  3
7  -4
11  3
9  -4
11  4
13  7
9  -6
10  -4
11  10
10  -3
6  2
8  -2
11  12
12  -7
11  11
7  -4
11  8
12  1
13  10
9  -6
9  -7
12  5
9  -7
11  12
11  1
13  10
10  0
8  1
11  4
11  0
14  -3
9  -5
10  -3
9  -1
9  -4
10  -3
11  1
9  0
11  11
12  -1
7  -1
10  0
13  6
9  1
9  -7
11  1
8  1
8  1
13  10
8  -1
10  6
13  10
11  8
7  4
9  -4
11  11
11  10
5  5
11  0
11  7
14  1
7  6
10  5
10  -4
9  2
10  -6
12  -7
16  2
13  8
8  3
9  3
8  -1
11  1
11  9
10  -5
9  -4
10  2
9  -7
14  2
11  7
13  5
10  -1
9  -2
8  3
12  -5
11  5
8  3
12  1
11  6
11  11
10  4
13  6
11  5
10  5
10  -5
11  11
10  1
10  -3
13  4
8  -3
10  -3
11  7
8  -3
10  2
9  0
8  -2
11  12
7  6
10  -4
13  7
10  5
9  -2
9  3
10  0
8  5
10  -1
11  11
10  -4
12  -5
12  -4
12  -4
11  10
9  3
11  9
8  8
14  3
7  4
10  -3
9  -7
10  5
13  10
11  9
11  0
12  -1
13  3
10  2
7  -4
14  7
13  4
7  4
12  -4
11  1
9  -2
12  -2
7  -1
10  6
11  4
11  7
8  9
10  -5
10  -6
9  3
13  5
11  12
13  6
12  -7
9  -2
8  7
9  -5
11  3
12  1
10  -6
6  4
9  -2
11  9
12  5
11  6
10  1
11  4
10  6
10  3
12  5
6  0
10  -1
10  -1
8  5
9  -6
13  6
7  -1
7  -1
14  7
7  -3
10  3
9  1
10  1
9  2
5  7
11  1
10  3
12  4
12  0
10  0
8  -2
12  2
10  -5
11  10
14  2
6  10
10  2
10  -1
8  0
13  6
8  2
11  10
12  -4
10  2
9  2
13  4
11  11
10  -5
12  -4
9  -7
11  5
9  -5
11  12
12  2
7  2
11  7
8  5
9  -4
10  5
7  -4
10  -4
10  -5
14  8
11  10
9  1
12  5
10  1
10  2
9  -9
8  0
11  3
10  3
11  3
10  -3
9  -6
10  5
13  7
9  -3
14  7
6  3
10  -1
9  -2
8  -2
8  2
8  -1
8  9
10  -1
11  1
10  3
7  4
9  -3
8  7
10  4
11  3
10  2
8  1
9  -9
10  2
9  -2
8  1
11  5
9  3
9  -6
12  5
12  -4
7  7
9  -2
12  -4
12  4
8  3
10  5
10  -4
7  0
13  10
9  -8
7  3
11  7
10  -5
11  5
10  2
11  1
9  -3
11  1
8  2
10  3
11  2
9  -6
9  -2
7  4
13  5
11  3
13  1
10  0
11  4
13  5
9  -7
10  -6
11  0
6  -1
11  5
11  7
11  4
10  -6
6  8
12  0
13  9
6  -1
11  7
7  -2
11  1
9  3
11  10
14  6
8  1
7  -4
7  -5
12  4
10  0
10  2
9  -2
11  0
10  -1
10  6
7  -4
11  9
8  8
10  0
13  8
9  1
10  -1
6  -1
10  -3
9  -5
13  12
8  5
12  -6
11  4
10  -6
8  -3
12  0
10  1
9  1
12  2
10  0
11  7
13  5
10  4
12  3
8  4
9  -8
9  -3
12  4
12  3
10  1
12  -7
8  8
9  -9
10  1
11  0
11  8
12  -4
10  -4
12  -3
8  6
14  2
10  5
