17  -5
16  2
20  -4
20  -6
18  -1
18  -2
14  6
16  0
19  -2
17  -8
15  2
13  9
17  -6
21  -2
18  -1
16  -2
14  4
12  4
15  4
18  -5
15  2
15  5
18  -3
18  -3
16  0
16  -2
15  5
18  -4
18  -2
21  0
15  2
17  -8
13  8
21  1
18  -4
15  5
12  6
18  -3
20  -5
15  1
20  -5
16  2
21  1
19  -4
19  -3
18  -2
19  0
16  1
18  -5
12  6
16  2
18  -1
19  -2
21  -2
17  -8
17  -7
16  2
16  0
16  0
19  0
18  -3
16  2
16  0
19  -1
19  -4
16  0
18  -1
19  -1
19  -2
19  -2
17  -5
19  -2
17  -7
19  -2
19  0
22  -5
17  -9
19  0
19  -1
22  -6
17  -8
17  -9
18  -4
16  -2
18  -2
14  8
21  0
16  -1
18  -4
14  5
16  0
18  -2
16  0
16  0
17  -6
15  4
16  -2
15  2
18  -4
17  -9
16  1
18  -5
17  -5
17  -6
18  -5
17  -8
18  -1
17  -9
14  8
17  -5
19  -4
17  -9
17  -6
19  0
17  -8
14  6
15  2
17  -9
18  -3
16  2
19  -4
16  2
15  5
16  2
14  4
16  1
17  -8
17  -6
21  -1
23  5
20  -3
14  8
18  -5
17  -6
19  -2
15  4
17  -5
16  2
17  -9
16  0
19  -1
18  -2
17  -5
20  -7
19  -3
17  -7
18  -3
18  -5
19  -2
15  1
19  -3
18  -1
19  -3
14  7
17  -8
13  9
16  -1
16  1
17  -7
18  -5
18  -4
19  -4
19  -1
16  -1
14  6
18  -4
20  -7
19  -4
16  -2
18  -1
16  -2
14  7
18  -5
17  -8
17  -6
19  -4
15  1
16  1
21  2
19  -3
16  1
16  2
21  1
14  8
18  -5
19  0
18  -4
17  -8
17  -9
14  6
14  5
17  -6
15  4
17  -5
16  -2
17  -6
15  5
16  -2
18  -4
18  -1
17  -9
15  2
19  -1
19  -3
20  -3
19  0
16  1
15  4
19  -4
18  -1
17  -8
17  -8
19  0
16  0
18  -1
17  -6
16  -1
17  -8
17  -9
16  -1
16  -1
17  -8
18  -5
16  0
14  4
17  -9
19  0
19  -2
14  6
20  -5
16  0
15  1
20  -3
15  1
15  3
17  -8
17  -6
19  0
17  -9
17  -9
17  -6
16  2
15  3
17  -5
20  -4
17  -6
17  -5
17  -9
18  -2
21  0
17  -5
17  -7
21  -2
17  -8
17  -6
19  -3
18  -4
17  -7
18  -2
19  -2
15  5
17  -9
17  -5
18  -4
17  -5
18  -3
18  -5
21  -1
14  7
19  -3
18  -3
19  -4
14  8
19  -4
17  -8
18  -5
16  1
16  1
19  -1
20  -3
20  -4
18  -1
18  -5
16  0
19  -1
17  -5
18  -4
19  -4
18  -1
17  -5
20  -6
18  -4
19  0
16  2
15  4
19  -3
17  -6
16  0
19  -2
18  -5
20  -7
18  -4
18  -5
17  -5
16  1
18  -2
20  -7
15  1
17  -8
18  -5
19  -3
22  -7
14  6
18  -2
18  -4
19  -2
20  -3
17  -7
19  -3
17  -7
19  -4
19  -2
18  -2
20  -3
17  -5
17  -7
16  1
19  -1
17  -8
16  1
18  -4
20  -7
20  -5
17  -7
20  -4
15  3
18  -1
19  -2
17  -6
18  -4
16  2
17  -8
19  -1
17  -7
17  -9
16  -2
15  4
16  -2
17  -7
15  4
18  -2
15  1
19  0
20  -6
17  -8
17  -7
21  2
20  -7
16  1
17  -7
18  -1
18  -1
19  -4
18  -5
17  -5
16  -1
17  -8
16  2
16  -2
15  3
13  7
16  -1
16  1
15  2
21  -2
16  -1
14  7
18  -4
19  -3
15  1
17  -7
18  -2
19  -4
19  0
18  -3
18  -5
17  -8
17  -8
14  8
13  7
17  -7
15  1
18  -5
16  1
16  -2
18  -1
18  -4
15  4
16  2
17  -8
19  0
19  -1
17  -7
20  -6
20  -4
19  0
18  -1
13  6
19  -2
17  -8
19  -4
15  5
17  -5
16  2
15  2
19  -4
22  -9
15  1
13  7
17  -6
19  -3
18  -1
20  -4
17  -8
14  6
16  2
18  -4
17  -5
19  -3
17  -5
15  5
19  -2
17  -9
16  0
14  6
20  -7
17  -8
19  -4
16  -2
15  1
17  -6
16  1
19  0
18  -2
17  -6
19  0
19  -3
19  -4
18  -5
20  -6
18  -2
18  -2
20  -4
19  -4
16  -1
15  4
18  -1
16  0
17  -5
17  -9
18  -3
21  1
16  -2
19  -2
13  6
16  -2
17  -8
20  -6
18  -1
15  2
19  0
20  -5
17  -6
17  -9
19  -2
16  2
19  -2
18  -5
19  -1
18  -5
16  2
16  -1
17  -7
19  0
18  -3
16  2
19  -4
18  -5
16  0
15  2
20  -6
16  1
17  -9
15  3
19  0
15  2
16  2
18  -4
16  -1
18  -4
15  1
17  -8
18  -4
15  3
21  0
18  -5
15  2
19  -3
20  -6
19  -3
18  -1
14  4
18  -2
19  -1
13  5
17  -8
20  -4
15  1
15  4
18  -5
19  -1
17  -7
14  7
15  4
15  2
16  0
14  5
16  -2
15  3
17  -9
16  0
17  -8
19  -3
17  -5
19  -4
19  -2
18  -1
15  1
17  -5
15  5
15  1
15  3
16  0
18  -1
16  -2
20  -3
17  -6
19  0
14  6
17  -8
20  -6
19  0
17  -7
17  -5
19  0
16  0
14  5
17  -8
18  -4
13  9
17  -9
20  -3
17  -9
19  -3
16  -2
20  -5
16  0
15  1
19  0
17  -8
14  5
19  -4
16  2
15  3
15  4
20  -4
19  -4
19  -2
16  0
17  -6
18  -2
17  -8
17  -9
18  -2
16  -1
16  0
17  -6
14  7
18  -3
15  1
21  2
19  -1
16  -1
18  -3
13  6
18  -4
15  3
17  -8
18  -5
18  -4
12  3
17  -8
17  -5
19  -1
15  4
19  -3
17  -7
18  -3
15  2
18  -1
16  1
14  5
18  -3
16  -1
16  1
19  -2
16  1
14  8
17  -9
18  -2
22  -6
17  -7
18  -5
18  -5
16  -2
16  -2
16  1
17  -9
19  0
17  -6
19  -1
17  -6
15  3
20  -4
14  6
17  -5
20  -3
18  -4
20  -7
20  -3
19  0
20  -4
19  -4
22  -9
19  -3
16  1
22  -6
21  -2
17  -7
16  -2
18  -1
17  -5
16  -2
16  -1
17  -6
19  -2
20  -5
21  -1
16  0
16  -2
16  1
19  0
17  -6
21  -2
17  -5
20  -7
12  7
19  -3
17  -7
20  -6
16  -1
15  1
15  3
16  2
20  -6
14  4
19  -2
18  -1
17  -5
18  -3
16  0
14  4
15  4
18  -4
16  1
18  -1
19  -2
14  5
18  -2
18  -1
14  5
16  2
16  2
21  0
18  -2
17  -5
19  0
20  -6
17  -8
17  -6
16  0
17  -5
19  -3
16  0
18  -4
15  2
17  -8
16  2
18  -4
20  -3
16  -1
12  7
17  -6
18  -1
17  -8
16  1
15  1
15  4
19  -3
16  -1
17  -5
17  -8
19  -2
16  1
18  -2
19  -4
16  -1
18  -3
17  -6
20  -5
19  -2
16  -2
18  -4
17  -9
18  -4
18  -5
19  0
17  -7
15  3
14  8
17  -7
20  -3
15  2
17  -8
17  -9
20  -6
20  -4
17  -5
20  -3
17  -5
18  -1
17  -7
16  -2
18  -5
19  0
15  3
19  -2
20  -3
21  -1
14  7
21  0
18  -4
15  4
17  -8
19  0
17  -8
18  -4
19  -4
19  -4
17  -6
18  -5
19  -2
16  2
16  2
18  -2
19  -4
18  -2
18  -1
18  -1
16  -1
20  -7
18  -4
17  -8
15  2
17  -8
18  -2
18  -1
17  -9
19  -4
21  -1
18  -4
18  -2
18  -1
15  3
16  0
19  -3
17  -7
17  -8
18  -2
17  -8
18  -4
21  -1
18  -5
17  -8
18  -3
20  -4
19  -1
18  -3
17  -5
16  -2
19  -4
17  -6
19  -4
22  -7
17  -7
14  5
18  -4
17  -5
16  -1
18  -3
18  -2
15  1
20  -4
16  -2
14  6
21  2
17  -6
20  -4
19  0
14  8
19  -2
17  -6
13  7
18  -4
15  5
18  -1
16  0
15  3
15  1
17  -9
20  -7
19  -4
18  -2
17  -8
14  6
17  -8
19  -2
15  5
17  -9
15  2
14  4
19  -3
19  -1
17  -9
14  6
21  2
17  -9
17  -7
17  -9
20  -7
16  -1
18  -4
17  -5
14  4
17  -7
17  -6
15  1
16  1
18  -5
19  -4
18  -2
15  5
20  -5
18  -3
22  -9
18  -3
18  -5
15  4
18  -3
16  2
17  -6
17  -9
16  -2
20  -6
18  -4
18  -2
18  -2
20  -4
18  -1
17  -6
17  -8
19  -4
19  -2
18  -5
17  -7
18  -4
18  -1
20  -5
17  -8
19  0
18  -4
16  0
18  -1
20  -5
18  -3
18  -1
16  -2
17  -9
16  1
19  0
16  -1
15  4
19  -1
19  -1
18  -2
19  -4
18  -2
17  -8
18  -1
15  5
17  -7
19  -2
18  -4
16  0
19  -4
17  -6
18  -2
15  4
21  1
17  -5
17  -5
18  -5
15  3
16  0
16  1
17  -6
15  2
12  3
15  2
13  8
18  -5
15  2
17  -9
16  2
16  -1
18  -2
17  -5
19  -3
17  -8
15  2
16  0
17  -5
17  -6
15  5
20  -6
17  -8
18  -3
18  -4
18  -4
17  -9
18  -3
16  0
18  -4
17  -7
17  -5
16  -1
19  -1
16  0
15  5
17  -8
17  -7
19  -3
17  -6
17  -9
18  -4
19  0
19  0
19  -4
17  -5
19  0
17  -8
19  -3
17  -8
17  -9
15  1
19  -1
17  -5
18  -4
19  0
17  -7
17  -6
19  -2
15  2
21  0
17  -8
17  -9
16  -1
17  -6
18  -3
13  6
