13  3
19  6
14  5
16  0
13  3
14  0
16  0
16  3
14  6
19  10
16  5
11  -6
16  7
15  0
16  8
13  -5
16  2
16  -1
12  -2
17  6
17  5
13  0
16  4
15  -5
14  9
16  1
13  -7
13  -8
15  -1
15  -3
17  -1
19  6
12  -10
18  0
16  2
14  9
14  -1
14  7
14  8
16  -1
15  -9
13  0
13  -7
14  4
17  7
14  0
14  3
12  -10
15  -10
14  10
15  -4
16  8
16  8
13  -6
15  -1
17  7
15  -4
16  10
15  2
16  7
16  2
14  4
15  -5
14  4
14  2
15  -9
14  7
13  3
17  6
14  8
14  9
17  5
16  9
15  -10
17  2
17  5
13  -1
15  0
16  4
17  -3
17  -5
15  -1
15  -6
13  4
15  -10
15  2
15  0
18  2
13  -3
16  3
13  -3
16  10
14  1
18  -4
16  9
14  8
18  4
15  -9
16  -1
14  8
16  10
15  1
14  7
16  4
15  -10
16  9
17  -5
14  2
14  8
14  -1
15  0
16  1
16  5
16  1
14  1
14  8
13  1
18  -3
14  0
16  10
14  7
15  -7
16  8
13  -3
18  -4
17  1
14  8
15  -3
15  -7
13  -4
18  -2
18  -2
17  3
19  7
15  -10
15  -6
17  5
15  2
15  -4
13  3
15  -3
15  -9
14  0
17  4
18  7
13  -8
16  6
18  -2
17  4
14  2
14  8
17  -3
15  -3
17  6
16  3
13  -5
15  0
17  -4
15  -1
14  4
13  -5
17  -1
16  -2
13  -2
15  -2
16  3
17  2
16  9
16  5
13  1
17  5
19  11
14  2
13  -2
14  0
16  -2
13  0
12  0
13  1
16  8
16  7
16  0
13  0
13  -2
13  -6
13  1
15  -8
12  -11
16  -2
17  -3
15  -5
15  -7
15  2
15  -4
13  -4
15  -2
16  -2
14  9
14  6
14  2
13  -5
13  3
17  2
15  -3
13  4
15  -8
18  1
18  5
15  -4
15  -10
18  2
14  0
16  2
16  10
12  -4
14  9
15  2
12  -3
13  -2
13  1
15  2
13  1
17  3
16  3
15  2
14  2
14  0
17  -4
18  -4
16  6
13  0
13  -2
12  -9
14  8
16  0
16  10
17  3
13  -7
17  -4
15  -2
16  -2
13  1
15  -6
15  -10
15  -4
14  10
13  -1
17  1
15  -9
14  8
17  -2
16  -2
15  -2
17  -2
16  7
15  -10
13  4
13  -5
14  2
11  -5
16  6
13  3
17  7
17  0
17  7
14  5
14  1
14  0
15  -3
17  -3
13  4
16  3
15  -8
16  -2
15  -4
14  -1
14  11
16  8
18  1
15  -2
15  0
13  0
14  -1
15  -9
17  -1
15  2
16  -1
15  -5
14  8
19  4
17  -1
15  -10
11  -4
14  -1
18  4
18  6
14  2
18  2
13  2
14  11
16  -2
16  6
16  8
14  4
17  -2
13  -5
15  -10
16  6
19  0
15  1
17  -1
16  4
15  1
16  5
16  1
12  -11
15  -10
13  -4
17  -5
14  9
17  4
18  3
16  7
14  1
12  -11
17  1
12  -5
15  -1
17  -5
15  -4
17  2
12  -11
14  7
16  2
16  -2
13  -1
13  -4
14  6
13  4
14  0
15  -9
18  0
15  1
11  -9
13  4
13  3
16  5
16  1
13  1
15  -10
15  -4
15  -1
18  -1
14  8
14  7
16  2
15  -9
15  1
12  0
16  -2
14  2
15  -6
16  -2
14  -1
16  1
15  0
17  1
17  4
16  4
16  0
17  -4
14  0
19  10
15  -3
17  -2
14  7
16  -2
17  -2
15  -4
16  8
17  -2
15  0
16  10
15  -7
13  -6
15  -9
15  -3
15  -4
12  -4
14  2
14  1
18  -4
17  -5
15  -5
18  -3
15  -8
14  6
16  3
12  -9
16  0
15  -6
12  -4
14  6
16  0
16  8
14  9
13  -7
15  -2
18  -2
15  -9
15  -2
14  7
18  -2
16  -1
17  -3
15  -9
15  -4
15  0
12  -10
14  3
15  -4
14  11
18  4
15  -10
16  1
15  -5
17  4
14  0
15  -10
17  -3
15  -6
16  -1
14  -1
13  -7
15  -1
15  1
14  9
13  -2
12  -2
13  2
13  -8
18  5
15  0
14  2
18  0
18  6
15  1
15  -6
16  1
14  3
15  0
16  5
16  9
20  2
16  -2
13  0
13  -3
12  -6
16  0
15  -5
15  -3
16  3
14  7
12  1
16  4
12  -11
13  1
12  -7
14  8
15  -2
16  8
14  0
18  4
14  9
14  9
18  -4
16  -2
13  1
16  2
13  4
15  -1
16  5
15  -8
16  10
16  1
16  3
18  6
17  4
14  0
15  -5
15  -6
16  8
15  0
16  -2
16  1
15  -2
18  7
14  0
12  -9
16  7
16  4
12  -1
16  4
17  -3
13  -3
18  2
14  8
17  7
10  -2
16  2
16  2
17  -1
16  2
15  -5
16  10
15  2
14  6
17  -2
15  -7
16  5
17  6
16  -1
13  4
11  -9
15  -6
15  -7
13  -2
17  6
15  -9
14  0
14  0
13  -5
14  10
15  2
16  7
17  3
14  6
11  3
15  -10
16  0
14  9
18  4
17  6
14  -1
12  -7
11  -8
15  -5
14  7
11  -4
17  -1
15  -10
15  -5
15  -5
15  1
12  -2
15  -8
14  -1
18  4
14  3
14  1
15  -1
14  1
12  -2
14  8
18  5
16  -1
14  7
14  0
17  -3
14  1
17  4
18  -1
16  -1
15  0
15  2
14  11
14  4
16  1
14  -1
15  -9
14  9
14  -1
19  0
15  -8
17  0
17  0
10  3
18  8
14  2
14  4
15  -2
13  1
17  -4
13  -5
14  7
15  -2
17  7
16  8
17  6
16  10
13  -7
16  10
15  1
15  2
20  10
15  -3
17  1
15  -5
14  0
15  -10
14  2
14  11
16  1
15  -9
15  -10
15  -1
15  -9
12  -6
14  2
16  9
17  6
17  -3
16  1
15  -4
13  -7
16  3
15  -9
15  -9
14  9
14  7
13  -2
17  7
18  -2
18  -4
18  1
13  -8
17  5
16  3
14  6
18  -3
17  -3
13  -3
15  -6
17  6
15  -4
16  1
17  6
17  1
15  -7
16  8
14  6
18  3
16  1
15  2
15  -6
14  10
17  4
16  10
14  4
11  -4
18  4
15  -2
18  6
16  1
14  7
15  -8
16  8
19  11
18  -2
13  -1
13  -7
15  1
17  -5
15  -2
13  -1
12  0
16  0
16  1
12  0
12  -7
11  -2
15  -3
14  5
17  4
18  5
15  -8
16  -1
14  2
14  4
16  6
15  -7
18  3
16  1
15  -2
19  9
13  -7
13  -4
15  1
15  -7
14  6
16  2
13  2
14  8
15  1
16  1
15  -5
16  2
14  8
14  3
16  -2
16  4
15  2
15  -5
14  6
16  -1
14  1
15  -9
16  2
18  2
13  -1
14  7
17  4
12  -3
16  10
16  6
18  2
12  -7
16  2
14  1
16  -2
14  7
12  -4
14  5
16  9
15  -9
15  -5
14  0
15  -3
15  -4
17  6
12  -8
15  -9
15  2
17  -1
17  7
15  -6
15  -6
13  -8
16  7
19  -1
14  2
16  -2
14  6
14  9
15  -4
17  2
17  2
16  0
17  -1
15  2
13  -3
14  5
13  4
16  9
16  8
16  7
16  9
14  8
13  2
13  -3
12  -6
15  0
12  -2
17  6
19  -1
14  6
16  0
17  0
14  7
18  1
13  1
16  0
16  3
16  9
15  2
16  3
13  -4
18  6
13  -2
17  -2
12  -1
15  -5
14  1
16  7
18  1
14  7
15  -5
16  0
13  -2
15  -6
15  -4
17  2
14  11
16  5
14  0
15  -6
14  11
15  -8
16  5
16  7
14  0
15  -7
14  11
15  0
16  -2
17  -5
16  8
16  9
12  -9
14  0
15  -6
13  -2
14  6
14  1
17  -1
16  9
16  2
15  -9
15  2
11  -4
16  8
16  -1
12  -8
14  6
13  4
18  8
14  6
16  6
15  -9
17  -2
14  9
16  7
16  1
15  0
16  -1
15  -9
14  2
13  3
15  -4
15  -5
13  0
14  8
16  4
12  -9
17  -3
16  8
13  4
15  -10
17  -2
16  10
15  2
16  3
15  1
15  0
15  2
13  0
14  1
17  -4
12  -4
17  4
12  -8
17  -5
17  -3
15  -1
15  -1
15  -1
16  4
16  3
16  10
17  -3
18  4
14  4
12  -8
14  10
11  -4
13  2
13  -1
12  0
14  11
12  -3
19  5
13  -4
15  -8
13  -7
15  2
16  2
15  -6
14  -1
13  0
17  -1
15  -2
14  7
13  -3
17  3
14  5
16  3
15  -8
12  -8
15  -7
19  7
14  10
15  -10
16  10
16  4
15  -6
15  1
14  5
14  4
16  0
17  1
16  3
17  -1
15  -6
14  0
13  -1
17  -5
14  9
14  -1
16  4
17  -1
19  6
16  10
13  -8
18  3
14  7
19  10
15  -3
16  7
11  -8
14  5
18  8
13  -1
12  -3
15  -6
14  1
18  6
16  0
16  8
15  2
15  0
17  -2
15  2
16  10
15  -1
14  10
16  2
15  2
15  -9
13  0
17  4
14  0
15  -9
14  1
15  -8
16  5
16  4
15  -7
16  6
12  -7
15  -5
13  -2
14  7
15  -10
15  -10
15  -7
14  9
16  0
14  7
16  10
15  -10
15  2
17  1
13  1
19  0
16  0
18  -2
13  0
15  -4
15  -7
16  9
16  -2
17  -4
14  0
16  6
13  0
13  -8
12  1
14  6
14  11
16  0
