15  -5
15  -1
15  -5
15  -2
10  8
14  -4
13  -2
14  0
16  -2
16  -4
16  -7
13  -5
15  -1
14  1
14  0
16  -9
13  0
16  -3
14  0
16  -6
14  -3
14  -6
15  -1
15  -1
12  3
13  -6
14  -5
16  -7
14  -5
14  1
15  0
13  -7
14  -2
13  0
16  -4
13  -5
11  -9
16  -7
16  -8
13  -3
12  1
15  -5
14  -2
15  -4
15  -5
14  -4
13  -4
14  2
15  1
13  -5
16  -9
15  -4
14  -1
16  -5
18  3
14  -3
15  -3
15  -3
15  -5
16  -4
15  0
12  -4
13  -6
16  -10
13  -5
13  -6
15  -3
14  -2
13  1
16  -10
15  0
15  2
14  1
14  1
14  -5
16  -7
13  -4
16  -8
14  1
15  -1
17  -2
14  -5
15  2
13  -7
16  -5
15  -6
15  -5
16  -3
16  -5
14  0
15  1
15  -1
15  -1
14  2
15  -3
14  -2
18  2
14  1
13  -2
12  0
15  1
15  -3
14  -2
15  1
18  1
13  1
14  1
17  4
15  -5
15  2
16  -6
15  -3
14  1
13  -3
14  -5
18  2
18  5
15  0
17  4
15  -2
16  -5
14  -5
14  -4
11  -9
12  -4
16  -8
15  -1
16  -8
13  -2
14  0
14  2
14  -3
16  -8
14  2
13  0
17  4
12  -2
15  0
15  0
17  1
13  -4
12  1
17  2
13  -4
16  -5
17  2
13  -3
16  -6
14  -5
14  -1
14  1
17  1
13  0
14  -6
16  -7
13  -5
14  1
15  -3
15  2
12  -1
15  -2
15  2
13  -5
13  -2
16  -5
15  -3
15  -1
17  -3
18  1
15  1
16  -3
16  -6
13  -7
14  -5
14  -6
16  -2
14  -3
15  2
15  1
19  -4
15  2
14  0
15  -2
13  1
15  -5
15  -6
15  -1
13  0
18  6
15  1
16  -10
15  -2
16  -5
17  -2
13  -2
15  0
17  0
17  4
13  -2
15  2
15  -2
16  -4
16  -8
13  -7
14  -2
14  -6
16  -9
16  -6
15  -5
14  0
15  2
13  -6
16  -10
15  -6
14  -4
13  -6
16  -6
13  -1
14  -1
13  -1
13  -2
14  -3
16  -7
16  -5
17  4
14  0
15  1
16  -4
17  -2
12  1
16  -6
15  2
15  -2
16  -7
15  2
13  -2
15  2
15  -6
17  5
13  -1
15  -5
12  1
15  -6
16  -9
15  -6
15  -3
15  -3
15  -1
15  -4
15  -5
16  -4
16  -4
14  1
11  -6
14  -6
16  -6
12  -2
15  0
15  -3
15  -3
16  -4
18  0
16  -4
15  -3
16  -10
13  -4
13  -5
16  -8
14  1
15  0
15  -2
17  1
15  2
14  0
16  -9
13  -3
14  -3
17  0
16  -4
14  -1
16  -4
15  -4
11  -3
14  1
16  -7
13  -3
14  -4
13  -5
13  -4
15  2
13  -4
15  2
14  -3
18  5
14  -1
14  -3
16  -2
16  -7
14  0
16  -3
17  2
14  -6
15  -5
13  0
15  -3
13  1
14  -4
13  0
14  -4
11  -4
13  -3
14  0
14  0
16  -6
15  -1
14  -3
13  -4
13  0
12  -4
13  -1
13  -2
13  0
12  0
17  -2
17  2
16  -8
15  0
15  2
17  5
15  1
14  -5
15  0
16  -3
17  3
12  -2
14  2
15  0
15  0
15  -4
14  0
15  -3
14  -3
14  2
15  2
14  -5
15  -1
16  -5
13  -5
16  -9
17  -1
12  1
12  -1
14  1
12  0
14  -5
14  -6
15  -5
14  2
15  0
16  -2
12  -1
16  -4
12  -4
14  -6
17  5
15  2
14  -3
14  -4
15  -6
15  -3
14  -1
17  3
15  1
13  -1
15  -6
13  -7
15  -4
15  -1
15  -5
14  -6
14  -2
13  -7
14  2
15  2
15  -3
15  -6
14  -1
13  -2
14  1
16  -7
13  0
13  -5
15  -4
13  -2
15  -1
16  -9
16  -6
12  1
15  -3
15  2
17  5
17  0
16  -9
16  -5
15  0
14  0
17  -3
14  -5
15  0
13  -7
17  2
14  0
15  -1
16  -9
14  -4
13  1
16  -4
14  -6
13  -2
14  -5
17  0
13  -5
15  -6
15  -4
13  -6
15  -4
15  0
14  -2
13  -2
11  -9
14  -4
13  -1
15  0
16  -2
15  2
14  -2
14  2
13  -1
16  -6
15  -4
13  -2
16  -2
14  -4
16  -9
16  -5
14  1
14  0
16  -9
14  1
14  -6
15  -5
16  -9
16  -3
15  -5
16  -2
13  1
15  1
12  0
14  -1
15  0
13  -4
16  -5
15  -5
14  -2
14  0
15  0
15  -5
12  0
16  -2
17  3
15  2
12  3
16  -5
12  -3
12  2
12  0
16  -3
14  -5
17  -1
14  2
13  -3
17  3
15  -6
14  -5
14  2
16  -10
12  1
13  -1
13  -4
16  -8
15  0
14  -3
17  1
12  -3
11  -6
14  1
16  -8
16  -7
13  -7
13  -4
12  2
14  -4
15  -6
13  -7
13  0
17  5
15  -2
16  -5
15  -1
12  -1
17  3
14  -2
15  2
14  2
17  4
12  -3
14  -3
16  -3
15  -3
16  -10
16  -3
16  -7
18  6
15  -1
16  -6
15  -6
15  -2
15  -3
12  0
16  -9
13  -3
14  -2
15  -3
12  2
14  -5
14  -4
15  -5
17  2
14  -3
14  -5
16  -4
15  0
12  2
14  -6
15  -6
13  -7
14  -4
14  1
14  2
14  1
15  0
14  -2
14  -4
12  3
12  -2
14  -3
16  -10
13  -4
15  -1
14  -1
14  -3
15  -3
14  0
15  -5
13  -7
14  2
16  -2
16  -5
15  2
14  -6
14  1
13  -3
17  3
15  1
13  -7
13  1
13  1
16  -4
14  -6
13  -6
15  -5
14  -4
12  -2
17  -1
12  -2
13  1
14  2
13  -1
17  -2
13  -7
14  -4
14  -1
14  2
15  1
15  -4
15  2
14  0
14  1
16  -3
17  -2
13  -2
15  -6
15  -2
15  0
16  -4
17  0
15  -3
12  -1
16  -10
16  -7
14  -2
15  -4
17  2
13  -3
16  -9
15  -1
15  -2
17  2
15  -6
16  -7
15  -3
13  -3
15  -3
14  -6
16  -7
13  0
12  4
15  -3
16  -5
14  1
13  -3
15  -4
17  0
14  -3
15  -3
17  4
16  -4
13  -4
14  2
15  -5
14  -5
17  -2
18  4
17  3
13  -2
15  -6
14  2
14  0
18  1
15  0
14  -4
12  2
14  1
13  0
15  2
15  0
14  1
15  -4
12  -2
13  -4
13  -5
14  -6
14  -1
17  0
18  3
13  -5
17  -1
12  1
16  -4
15  -1
15  -1
16  -10
14  -1
14  1
16  -6
14  1
16  -6
13  -1
14  -1
15  -5
17  3
14  -5
12  3
17  3
14  2
14  -5
14  -6
16  -3
13  -2
14  2
14  -4
17  0
18  3
15  -1
13  -1
15  1
16  -3
14  -6
15  -3
17  3
14  -1
14  0
15  0
14  -5
12  -1
14  -1
14  1
14  -5
14  -1
16  -4
11  -7
13  -1
13  1
13  -3
14  -5
16  -2
14  -1
15  -3
15  -2
12  -1
12  -1
12  -1
15  -2
12  -4
16  -3
15  -2
15  -2
14  -5
14  -1
16  -7
17  -1
12  4
14  -2
14  -6
15  -5
14  0
14  -6
16  -8
14  1
14  -1
13  0
15  -3
17  4
15  0
12  2
13  0
16  -4
17  0
15  0
16  -9
14  2
16  -5
15  0
17  -1
14  -5
14  -3
16  -5
15  1
12  3
15  1
15  -5
18  2
14  0
14  -6
13  0
14  -1
12  1
14  -4
14  -5
14  -4
12  -3
13  -7
14  2
17  -2
14  -3
16  -2
14  -4
15  -4
15  -4
16  -2
14  1
13  0
12  -1
15  -6
13  0
14  -3
15  -6
15  -1
10  5
14  -6
14  -3
14  -3
16  -2
13  -2
15  -4
13  -7
14  2
11  -10
13  1
14  -3
13  -2
12  1
19  -3
14  -6
15  -2
12  1
13  -6
15  0
13  -5
14  -5
14  -5
18  6
13  -7
14  0
15  -1
13  -1
16  -8
14  1
16  -9
14  1
14  2
13  -1
14  -6
16  -4
14  -1
16  -4
14  0
12  -3
13  -7
16  -9
15  -5
15  -2
16  -9
15  -4
12  -3
12  4
14  -6
12  4
15  -5
16  -4
16  -8
15  0
14  -3
15  -6
14  -5
14  -4
16  -5
16  -2
14  0
13  -2
15  2
16  -2
17  -2
14  1
15  -4
12  -1
13  -2
16  -6
15  -6
14  -6
14  -1
12  3
12  -3
14  0
14  -5
14  -3
14  1
16  -3
16  -8
14  -3
14  1
13  -5
13  1
15  -4
13  -5
18  2
16  -3
16  -7
15  -1
13  -6
15  0
17  -2
14  -5
16  -5
14  -3
14  2
13  0
12  -3
15  -3
15  -2
13  -7
16  -2
15  2
15  2
14  -2
14  2
15  -6
14  -1
13  0
14  0
17  -3
15  -4
15  -1
16  -5
16  -3
15  -1
16  -8
16  -2
14  -5
14  -5
14  -2
13  0
15  -3
15  0
15  -2
15  -5
14  -5
14  -2
16  -2
16  -6
14  -6
12  -2
15  -5
14  0
12  -1
15  -5
14  -4
13  1
16  -9
14  -6
14  -1
14  -4
13  -6
14  -4
15  -6
13  1
17  4
16  -9
15  -3
14  -2
11  -6
13  -5
14  -3
14  -2
14  0
16  -4
14  -2
15  -6
15  -1
15  -5
15  -2
15  -1
12  -4
14  2
15  -6
14  -6
15  -5
14  -3
10  8
16  -8
15  -3
12  -1
17  -2
16  -7
12  4
17  3
16  -6
15  0
15  -6
13  -7
12  3
13  -2
15  -6
18  2
16  -4
16  -6
14  -5
16  -9
13  -1
12  2
13  1
14  -4
14  0
13  -1
14  -3
16  -4
13  -2
16  -7
14  1
14  -5
15  2
13  -1
15  2
15  -5
13  1
15  2
17  2
13  -2
15  1
14  -5
