18  7
17  0
17  3
18  3
17  2
19  -5
17  3
17  -5
17  0
18  5
17  0
17  1
17  -3
17  1
17  -4
18  3
17  -5
17  -1
19  -3
17  1
19  -5
17  1
18  3
17  -5
17  3
18  4
18  8
19  1
18  6
18  8
17  1
17  3
17  -4
18  8
17  -3
17  3
19  1
18  2
17  1
17  0
17  -3
17  0
18  8
18  2
17  0
17  -1
17  1
17  3
18  3
17  -3
18  6
18  5
17  -5
18  4
18  7
17  -1
17  -4
19  -3
18  2
17  2
18  10
18  10
18  5
18  5
18  4
17  0
17  1
17  2
18  6
18  6
17  1
18  6
17  -5
18  6
17  1
17  -4
17  -1
17  -5
17  2
19  -7
18  7
17  -2
17  -4
19  -1
17  0
18  3
18  6
18  6
17  0
17  2
17  2
17  3
18  8
19  -2
17  2
18  4
17  3
18  5
17  3
18  4
17  3
18  7
18  6
17  -4
18  3
18  9
18  5
17  0
19  -4
18  10
17  1
17  -2
18  2
17  3
17  -1
17  0
18  4
18  2
17  -5
17  -3
17  -4
18  4
18  2
18  2
18  10
19  -2
17  -1
18  4
17  -2
18  2
18  5
17  -3
19  -2
18  4
17  3
17  2
19  1
17  -1
17  -5
18  2
18  6
17  -3
17  -4
18  8
19  0
18  10
17  -4
18  7
18  5
18  7
18  10
17  0
18  9
18  5
17  -2
17  -5
17  0
18  8
17  -5
18  2
18  7
17  -3
18  6
17  -2
18  10
17  -4
20  -3
17  1
18  2
17  -5
17  -5
18  5
17  -5
18  5
18  7
17  3
17  -3
18  6
17  0
17  3
17  1
17  -3
18  2
17  -1
18  3
18  5
18  6
19  -5
17  0
17  -2
17  1
18  2
18  4
17  -1
18  9
17  -1
18  3
19  -7
17  -1
17  -2
18  10
18  3
17  -3
17  -1
17  1
17  -4
18  4
18  4
17  -4
18  5
17  -3
17  -2
17  2
20  -9
18  9
18  3
19  -1
17  0
17  1
17  -2
17  -5
18  9
18  9
18  5
18  2
18  8
18  10
17  -3
17  -4
18  8
18  9
17  -5
18  6
17  -2
19  -7
18  5
18  3
17  -3
19  -4
19  -7
18  9
19  -2
17  3
17  0
17  -1
18  4
17  -1
17  -4
17  0
17  -2
17  -4
17  2
17  -1
18  3
18  10
19  0
17  2
17  2
17  -3
17  -4
18  4
18  10
18  4
18  3
17  3
17  -3
18  2
17  -3
17  -4
18  9
18  2
18  8
17  -4
17  1
18  9
18  5
18  5
17  1
17  2
17  0
17  -3
18  2
17  -2
19  -3
17  -3
17  -5
18  7
19  -4
18  4
18  5
18  8
17  -1
20  -6
18  6
17  -1
17  1
17  -1
17  -1
18  9
18  8
17  -4
19  -7
17  -3
17  -5
17  3
17  -5
18  8
17  -2
17  1
18  7
17  3
17  -1
18  5
20  -6
17  0
17  0
17  -5
17  -4
17  -4
17  3
18  10
18  9
18  10
19  -5
17  3
17  1
17  2
18  3
17  -5
17  1
17  -4
18  7
18  7
17  -2
17  -2
17  3
18  7
18  8
17  -5
17  1
17  -1
17  3
17  1
17  -5
18  4
17  2
17  0
17  -3
17  -5
18  9
18  8
17  -3
17  -4
18  5
17  -1
17  -3
18  7
18  7
18  7
17  -1
18  8
17  -5
19  -1
18  5
17  0
17  0
17  0
17  -5
17  2
19  -1
18  7
18  3
17  3
17  0
18  8
18  4
18  10
18  9
19  0
17  -3
18  10
17  -5
17  3
19  -1
18  2
17  -3
18  10
19  -3
18  10
17  -3
18  6
17  0
19  0
17  2
18  6
18  6
18  8
18  2
17  -5
18  7
18  6
18  4
19  0
17  -1
18  7
19  1
17  -5
18  6
18  7
18  10
17  -5
17  -5
17  -1
18  9
17  2
17  0
19  -3
19  -6
17  -2
17  -4
17  -3
18  3
18  6
18  7
18  8
18  9
17  -2
18  10
18  10
18  3
17  -2
18  6
18  4
17  -1
17  -5
17  2
17  2
18  3
17  0
18  8
18  9
17  2
18  6
19  -1
18  9
17  2
18  7
17  -1
17  1
17  -2
17  -2
19  -3
17  2
17  0
18  10
19  -3
18  10
17  2
18  8
18  6
17  -4
17  -1
17  0
17  -1
17  0
18  6
18  8
18  6
18  3
18  5
17  0
17  -4
18  5
18  4
18  3
17  -3
18  4
17  1
17  2
17  -1
17  3
17  1
19  -5
17  -3
18  9
17  0
18  6
18  7
18  7
17  3
19  0
18  6
17  3
17  -3
17  -4
17  1
18  2
19  0
17  3
18  2
17  -1
19  -4
17  1
19  -6
17  -4
17  -3
18  9
18  9
18  3
18  2
18  4
17  1
17  3
17  -1
17  -2
18  6
19  -5
17  2
19  -2
18  3
17  -3
17  -2
19  -7
18  10
17  -5
18  7
18  7
18  4
17  0
17  3
17  -5
17  2
18  7
18  10
18  9
17  -2
18  2
17  -3
18  8
18  4
17  -4
17  3
17  3
17  0
17  1
17  -2
18  8
18  10
18  6
18  10
18  2
18  6
17  0
17  1
18  7
18  10
18  7
17  3
20  -5
18  9
18  2
17  0
17  1
18  9
17  3
18  9
19  -3
17  -5
18  5
17  -3
18  6
18  2
17  3
18  10
18  9
18  4
17  -3
18  7
18  10
18  9
17  -1
17  3
17  2
18  6
17  2
17  0
17  -5
18  10
17  1
17  0
18  5
18  5
17  3
17  0
17  -2
17  3
18  3
18  6
17  -5
18  5
17  1
18  5
19  -4
18  5
18  8
17  -1
17  0
18  10
18  9
17  -1
17  0
18  4
17  -4
18  5
17  -2
18  2
19  -1
17  -1
17  -4
18  6
17  -1
17  0
18  6
17  2
17  3
19  -5
18  9
17  -2
19  0
18  8
17  -1
18  9
18  6
17  -2
17  -2
19  -7
18  8
17  -2
17  1
17  1
18  9
19  -2
17  -3
18  3
17  -3
17  0
17  -3
17  1
18  10
17  3
18  3
17  -5
17  -5
18  2
17  0
17  0
17  -2
17  -4
18  8
18  6
18  4
18  10
19  -4
18  6
17  0
19  0
17  0
18  8
18  10
18  9
18  7
18  2
18  7
18  6
18  5
19  -3
17  2
17  -1
17  3
17  -3
17  -5
18  4
17  1
17  3
17  1
18  8
18  2
18  6
18  9
17  3
18  7
17  2
17  3
17  -5
17  0
18  6
18  4
18  10
17  2
17  3
17  -5
19  -1
18  10
17  0
19  -1
17  -1
19  -2
18  4
17  0
18  9
18  3
18  4
17  2
18  6
17  2
17  -3
18  10
17  -2
17  3
18  5
17  0
17  -2
18  6
18  10
17  1
18  4
18  2
17  -1
20  -4
17  1
17  -2
17  0
18  7
17  -1
17  0
17  3
18  4
19  -5
19  1
17  -1
18  10
18  9
18  5
17  3
19  -3
17  -5
17  3
18  9
20  -5
18  5
17  -2
18  8
17  -5
18  7
19  -5
17  -2
17  -3
17  -2
19  -5
18  9
17  1
18  2
18  2
17  3
18  5
17  3
17  2
17  1
18  10
18  9
19  -3
17  -3
17  -2
19  0
17  -4
19  -5
18  6
18  8
17  -1
18  9
17  0
19  -7
17  -5
18  10
17  -1
18  6
17  -2
18  8
19  -7
19  -1
18  8
18  7
19  -7
17  0
18  10
17  -5
18  7
19  -1
18  10
17  -3
18  8
17  -4
17  3
19  -2
18  10
17  3
18  8
18  2
17  -4
17  -4
17  1
18  9
17  0
17  -5
17  -1
17  -3
18  4
17  0
18  8
18  2
17  -5
17  -1
17  -4
17  -5
17  2
18  4
17  -1
17  -5
18  10
19  1
18  9
18  2
18  4
17  -1
17  0
17  -5
17  3
17  0
18  3
17  -1
19  0
17  -4
17  3
18  6
18  5
17  -4
17  0
17  1
17  -1
18  6
17  0
19  -3
17  -5
18  7
18  2
17  0
19  -6
18  5
17  -3
17  -5
18  9
18  2
17  -3
17  3
17  -3
18  9
19  -1
18  8
17  1
18  4
17  -1
20  -4
18  9
18  3
18  3
18  7
18  8
18  7
17  -4
18  9
17  0
19  0
18  4
17  -5
19  1
17  2
17  3
17  -4
17  -1
17  2
17  2
17  -3
18  10
18  7
17  1
17  -1
18  7
17  3
17  -4
17  1
18  4
19  -7
17  1
17  -3
18  4
17  3
17  3
18  8
17  2
18  2
17  -1
17  -4
19  -4
18  2
17  3
17  -1
17  3
17  -3
18  7
17  2
18  6
17  1
17  -4
17  0
18  5
18  10
18  3
18  4
18  10
18  5
18  3
17  -3
17  -1
17  0
17  -4
17  -1
17  0
17  -1
18  8
18  9
17  3
18  10
18  6
17  -5
18  10
18  9
18  3
17  -5
18  10
18  6
19  -3
17  1
18  2
18  5
17  -4
18  10
19  -5
18  7
18  5
17  -1
19  -2
18  7
17  -4
18  9
18  4
18  5
18  5
17  0
18  2
18  9
18  5
18  3
18  3
17  -2
18  6
19  -4
17  -3
17  -4
18  4
17  1
18  4
17  -2
18  4
19  -2
17  1
17  3
18  5
17  -1
17  -4
18  4
18  2
19  -7
17  -4
17  -3
18  2
17  -4
19  -1
18  4
18  10
17  -1
