17  2
18  -5
19  1
18  -9
17  -2
17  2
19  4
18  -2
20  -10
16  1
19  7
20  -8
16  1
16  -1
18  -3
16  -2
17  6
17  -1
16  -2
18  -9
17  1
17  -1
16  -4
18  -6
17  5
19  3
16  -5
18  -2
18  -2
16  -7
18  -5
16  -5
17  2
19  2
18  -6
17  5
18  -8
17  0
17  3
19  1
20  -7
18  -5
17  0
19  7
18  -5
17  2
17  1
17  4
17  -2
18  -6
16  -6
18  -3
17  1
19  1
17  -1
17  6
18  -8
19  4
16  -5
17  -2
16  -1
16  -1
18  -4
17  5
17  2
18  -8
18  -10
18  -8
17  3
19  0
17  3
18  -2
18  -4
17  6
17  0
19  7
17  6
16  -3
17  3
17  -1
17  1
16  -2
18  -3
18  -6
17  -1
18  -3
17  1
17  4
16  -2
18  -3
17  -2
17  5
18  -8
19  4
19  8
17  6
17  6
17  1
17  5
18  -6
19  8
16  -6
19  3
17  0
18  -9
17  0
17  -1
18  -5
18  -9
17  1
18  -2
20  -11
17  1
18  -3
18  -9
19  7
18  -8
21  -5
18  -3
18  -7
18  -7
17  -1
16  1
18  -4
19  1
18  -9
18  -4
16  -5
17  1
17  -1
17  -2
19  5
18  -10
17  1
17  -1
16  -2
18  -8
17  1
17  2
19  3
17  2
17  6
18  -9
19  6
18  -4
17  1
17  4
16  -6
18  -2
19  7
17  -2
18  -5
17  -2
17  0
17  2
16  -4
17  2
16  1
18  -8
17  4
17  6
18  -6
18  -8
17  5
18  -6
17  -2
17  5
17  5
17  5
17  3
18  -5
19  5
16  -3
18  -6
18  -7
17  -2
17  -2
18  -9
16  1
19  5
16  -6
18  -6
16  -7
17  3
16  -5
17  5
18  -4
17  -1
17  -2
18  -3
17  5
18  -7
17  5
19  2
18  -4
17  0
18  -2
17  6
17  1
19  0
18  -10
17  -2
17  0
17  1
17  6
17  -1
19  7
19  5
18  -6
18  -2
18  -6
18  -9
18  -8
18  -10
18  -9
16  -3
18  -6
18  -7
18  -3
18  -10
16  1
18  -5
18  -4
16  -3
19  1
18  -6
16  -4
18  -4
18  -4
18  -9
19  7
17  -1
19  4
18  -2
17  3
19  0
17  1
17  1
17  2
17  1
18  -10
18  -9
17  -2
19  4
18  -5
17  4
17  6
19  4
18  -4
18  -9
18  -3
18  -9
17  5
18  -6
17  -2
19  8
17  4
18  -9
18  -2
17  3
18  -6
17  6
17  5
17  -1
18  -4
17  1
19  0
19  7
18  -7
18  -5
18  -7
17  -1
17  -1
17  3
18  -4
17  0
18  -8
16  0
17  1
18  -8
16  0
18  -7
18  -7
18  -2
18  -6
18  -8
17  0
16  -4
16  -6
16  -6
17  5
17  5
18  -3
18  -9
17  1
18  -8
17  3
17  2
17  3
20  -5
20  -11
17  -2
16  -4
18  -2
18  -10
18  -6
18  -3
18  -2
17  4
16  -6
18  -6
17  -2
16  -2
16  -6
17  0
17  2
17  4
18  -2
17  6
18  -10
18  -5
17  5
18  -6
18  -8
18  -6
19  7
17  2
19  4
18  -2
17  1
17  -2
18  -10
19  8
17  4
17  5
18  -3
18  -3
18  -9
18  -9
17  0
18  -6
16  -2
18  -2
17  3
17  5
18  -6
17  1
16  -4
18  -4
19  6
16  -6
17  -2
16  -2
18  -10
17  4
16  -3
16  1
18  -9
17  0
17  1
18  -7
18  -7
19  7
17  0
17  -1
18  -3
18  -9
19  5
19  5
16  -1
17  0
17  1
19  0
18  -10
18  -6
19  2
19  2
20  -4
17  0
17  4
18  -10
17  -1
18  -4
17  4
18  -9
19  5
17  1
18  -8
18  -2
17  -1
16  -7
19  5
19  5
19  6
16  -6
17  -2
17  4
16  -3
16  -7
17  6
16  -2
18  -3
18  -8
16  -4
17  -1
17  -1
16  -6
17  5
17  2
18  -9
17  -2
18  -9
17  1
17  1
18  -9
17  -2
18  -9
18  -5
16  -4
18  -7
16  -6
18  -5
18  -5
16  0
17  0
20  -4
17  4
17  -1
16  -2
19  1
18  -10
18  -9
16  -5
18  -6
17  3
17  2
17  -2
18  -10
18  -9
17  4
18  -3
17  -2
18  -10
18  -9
19  1
17  6
17  2
17  2
17  6
16  -2
17  1
17  6
18  -8
17  0
17  -2
18  -8
18  -5
16  -7
18  -8
16  0
17  1
18  -6
19  7
16  -2
17  -1
18  -2
17  1
18  -10
17  -2
18  -8
18  -10
19  8
18  -4
17  5
17  -2
18  -9
18  -3
17  -1
20  -4
18  -6
16  -1
18  -5
17  5
18  -9
19  0
18  -8
19  4
17  5
17  5
17  1
17  -2
17  3
18  -3
18  -3
18  -8
17  -1
18  -7
19  7
19  6
16  -7
17  5
16  1
18  -2
17  -1
18  -10
17  6
17  0
17  4
20  -10
18  -2
18  -8
18  -9
17  -2
17  1
16  -5
19  4
17  6
19  3
17  0
18  -3
18  -2
17  -2
18  -10
17  3
18  -3
17  0
19  8
17  0
18  -2
18  -8
16  -1
18  -7
19  5
19  0
18  -2
17  -2
19  6
17  -2
16  -6
17  4
17  2
19  4
18  -8
18  -3
17  4
19  5
18  -7
17  -2
17  -2
18  -10
18  -3
20  -4
17  -1
19  7
17  3
18  -5
17  -1
16  -6
18  -6
19  8
17  1
16  0
16  -7
17  4
19  2
18  -7
16  -4
19  0
17  6
17  6
18  -5
18  -3
17  2
16  -3
17  -1
17  5
17  0
17  4
17  0
18  -2
17  4
18  -4
17  5
16  -7
18  -9
17  1
17  5
17  4
17  1
17  -1
18  -5
17  2
18  -9
18  -2
19  6
17  1
18  -3
17  -2
18  -9
17  2
17  0
19  6
16  -7
17  5
18  -8
16  -7
17  6
18  -10
19  2
17  0
17  5
18  -2
17  1
18  -8
17  5
18  -9
18  -10
17  -2
17  -2
18  -9
18  -6
19  6
17  5
20  -11
19  5
16  0
17  1
17  5
17  4
16  -1
18  -9
19  5
17  -1
16  -2
19  1
19  3
16  1
18  -6
16  -6
18  -8
17  6
18  -5
18  -7
17  1
16  -7
18  -9
17  1
17  6
17  4
17  1
18  -9
17  2
18  -6
16  -4
18  -5
18  -3
17  6
19  6
17  3
18  -6
16  1
18  -8
17  0
17  5
18  -7
18  -5
18  -4
19  6
16  -5
17  -1
16  -6
19  5
16  -7
17  6
17  6
18  -5
17  -2
17  2
18  -2
18  -4
18  -3
18  -8
17  -2
16  0
19  8
18  -10
19  5
17  3
18  -3
19  8
20  -6
17  1
18  -6
18  -9
17  -1
18  -4
19  5
17  4
17  1
17  0
17  -1
18  -3
17  0
19  2
16  -2
19  3
17  -2
17  -2
17  4
17  1
18  -6
17  4
16  -5
17  5
16  -2
17  3
18  -2
18  -5
16  -7
19  0
17  0
18  -2
18  -9
19  4
19  1
19  2
17  -1
18  -4
17  0
18  -4
17  4
18  -3
17  -2
18  -2
17  2
18  -9
16  -1
18  -4
18  -6
17  1
19  0
17  -1
20  -3
16  -5
17  2
16  -3
18  -8
17  6
19  6
19  1
17  -1
17  3
17  3
18  -7
18  -4
18  -6
18  -5
17  1
18  -6
18  -10
16  -4
18  -4
17  4
17  -1
17  6
16  0
18  -5
17  -2
17  4
18  -5
19  3
18  -4
17  -1
17  -2
19  5
17  2
18  -8
17  4
18  -8
18  -4
17  1
18  -10
16  -3
18  -8
18  -3
17  -2
16  -2
18  -5
17  1
16  -4
18  -3
16  -7
17  0
18  -4
17  1
17  0
18  -7
18  -7
19  2
17  5
16  -7
16  -7
17  -1
16  -7
17  6
20  -11
17  -2
19  1
17  6
17  2
16  -6
17  4
18  -7
16  -6
19  2
18  -4
19  0
17  -2
17  5
17  6
18  -3
21  0
16  -7
19  0
17  4
19  3
17  6
17  0
16  -5
17  0
17  0
18  -8
19  4
19  5
18  -8
17  3
17  -1
17  4
17  3
18  -10
18  -3
16  -3
18  -10
16  -5
17  0
19  0
16  -2
18  -8
17  6
17  1
17  -1
17  5
17  0
19  8
17  4
17  1
17  2
18  -2
18  -4
19  4
17  3
16  -6
18  -9
17  4
17  2
17  6
19  5
17  1
17  6
18  -5
18  -10
18  -7
18  -6
16  -3
19  4
16  -5
17  -2
18  -7
17  6
17  0
18  -5
17  2
16  -1
17  1
18  -8
16  -2
17  3
17  0
17  0
18  -9
18  -4
17  4
17  -2
19  7
18  -9
17  2
18  -2
19  3
18  -7
17  6
17  5
16  -1
18  -8
16  -2
18  -9
18  -7
18  -2
18  -6
17  1
19  4
18  -4
18  -10
18  -5
18  -8
18  -9
16  -1
16  -7
17  6
18  -6
19  1
18  -8
17  2
17  -2
16  -5
19  5
18  -9
20  -6
18  -7
16  -2
18  -10
16  -6
18  -9
17  -2
19  6
17  3
17  6
18  -5
19  3
18  -8
18  -6
18  -5
17  3
17  5
16  -5
18  -10
17  -1
19  2
19  6
17  3
18  -3
18  -6
17  -2
18  -3
18  -4
18  -9
18  -7
19  6
16  -3
17  2
18  -7
19  2
18  -2
19  1
16  -6
18  -9
19  8
17  0
16  -4
18  -4
17  0
18  -4
17  6
18  -7
17  5
18  -3
17  -2
17  4
16  -1
18  -6
18  -8
18  -4
19  0
16  -6
18  -9
17  0
18  -6
18  -5
19  0
18  -8
16  -5
17  -2
18  -3
18  -5
17  2
18  -4
17  4
18  -10
17  2
16  0
19  4
