18  -4
20  -2
20  7
19  8
18  -3
18  -1
18  -3
18  -8
18  -9
18  -9
19  10
20  0
18  -7
19  7
20  -5
18  -7
19  1
19  8
19  4
19  5
20  1
19  7
19  9
18  -2
18  -5
18  -3
18  0
18  0
18  -7
19  11
18  -8
19  10
19  1
19  10
19  8
20  -4
20  7
18  -2
20  6
20  -3
20  -3
19  11
18  -9
19  7
19  2
19  12
19  9
19  12
19  8
18  -9
19  8
18  -9
19  2
19  13
20  5
19  11
18  2
22  11
20  3
19  1
18  -4
19  9
19  5
19  13
19  3
20  -2
20  -2
18  -9
18  -10
20  3
19  4
18  -4
20  4
19  9
19  9
19  8
19  3
19  2
18  -1
18  -1
18  -6
19  9
19  11
19  13
19  11
19  2
18  -2
19  2
19  9
18  -8
19  8
19  8
20  -5
18  -3
20  4
20  -3
20  -4
20  3
18  1
19  10
18  -1
21  -1
18  -5
18  2
18  -6
20  6
21  4
18  -10
20  1
19  11
21  7
19  11
19  13
20  5
19  11
19  6
19  9
19  1
19  10
20  1
20  0
20  7
19  5
18  -3
18  2
19  3
19  3
19  5
18  -1
19  10
19  10
18  -4
19  10
19  11
18  -8
20  5
20  -5
19  9
19  2
18  -5
18  -7
19  4
19  2
20  1
18  0
20  4
18  -9
20  1
19  12
18  -7
18  1
20  0
18  0
18  -10
20  -1
18  -7
19  6
19  9
19  5
18  -5
19  5
19  8
20  -3
20  5
18  1
19  9
19  3
20  6
18  -5
19  6
18  -10
20  0
20  0
19  1
20  6
21  -3
19  8
20  6
19  7
19  5
20  5
19  3
19  2
20  6
19  5
19  8
19  11
19  12
18  1
18  -1
19  11
18  -5
20  -3
20  6
19  7
18  -4
19  4
20  -1
18  -3
19  7
20  1
19  10
19  8
18  2
18  1
18  -10
18  -10
18  2
19  1
19  2
19  13
19  6
19  7
18  2
20  1
20  3
18  -4
20  0
20  6
18  -9
19  7
19  6
20  -2
19  12
20  4
19  10
18  1
20  5
19  5
19  8
19  7
20  7
20  -2
19  1
18  -6
20  2
18  -1
20  -1
20  3
18  -10
18  1
18  -5
18  -7
20  2
20  -2
20  -3
20  -1
19  4
19  12
18  -8
20  1
19  5
19  3
19  6
18  -1
18  0
19  10
20  6
18  2
19  8
19  5
19  6
21  6
19  1
20  6
18  2
18  0
19  5
18  -6
18  -7
19  2
18  -7
20  0
19  3
19  10
19  12
21  6
20  -4
18  -4
19  6
19  2
20  2
19  9
21  6
19  6
19  4
19  6
19  6
18  -5
18  1
21  -5
20  1
19  11
20  2
20  2
19  9
19  10
18  -5
18  -2
18  -9
18  -2
19  9
19  8
18  0
21  7
19  3
18  1
18  2
19  6
19  3
19  1
19  4
20  -1
19  6
19  11
20  -1
19  1
19  13
19  2
18  2
19  12
20  2
18  -7
19  5
20  -1
19  2
18  -9
19  1
19  7
20  -5
18  -3
20  5
18  1
19  4
19  3
18  0
20  4
19  12
18  -1
20  7
18  -2
20  4
19  11
19  2
19  10
18  -4
19  11
21  0
18  -9
20  6
18  -6
18  -4
19  2
18  -3
18  -5
18  -9
19  3
20  7
19  12
18  1
18  -3
20  1
18  -10
20  -1
19  4
19  12
20  3
18  2
18  -2
19  13
18  -10
19  10
18  -7
18  0
18  -9
20  -2
18  -9
19  13
19  10
20  7
20  7
18  -2
18  -2
21  -2
18  -8
19  2
19  4
19  3
19  11
19  9
19  6
20  7
19  12
19  12
19  12
18  -4
18  -8
19  6
18  0
19  4
18  -10
19  5
18  -2
21  -2
19  2
18  -9
20  5
19  8
19  6
19  2
19  12
19  4
22  7
18  -9
18  -4
18  -2
19  8
20  -2
20  -2
20  -4
19  5
18  0
20  0
18  -3
18  -9
19  9
19  9
19  9
18  -6
19  6
19  8
20  -1
19  1
19  10
19  6
19  12
19  7
20  0
20  0
19  4
18  2
20  0
19  10
19  3
20  5
18  -5
22  13
19  8
18  -4
19  3
20  -1
19  11
18  -8
19  1
20  2
18  -4
19  3
18  -3
19  8
18  -10
19  13
20  -1
20  1
20  -4
18  -9
18  -7
19  11
18  1
19  2
19  9
19  4
19  4
18  2
19  2
21  7
19  12
20  4
21  3
20  -5
18  1
20  0
20  5
20  -4
19  13
18  0
19  5
19  9
19  1
19  8
21  4
18  2
19  1
18  -9
19  1
19  6
19  9
20  2
19  2
19  7
20  1
20  7
19  6
19  1
18  -2
19  7
20  5
19  11
18  1
18  -7
19  3
18  -1
19  9
18  -2
18  -5
20  -3
18  -4
18  -1
19  2
18  -2
18  1
20  -5
19  5
20  0
20  6
19  9
20  4
18  -1
20  4
19  12
18  -8
20  3
19  2
19  10
19  1
19  1
18  1
19  9
19  10
21  -4
18  2
19  12
19  2
19  6
21  6
18  -9
18  -9
20  0
20  -5
19  9
20  4
19  11
19  12
19  3
19  6
19  10
19  13
19  5
18  -1
19  6
18  -5
19  4
19  7
19  11
19  11
20  -2
19  10
18  -7
19  7
18  -7
18  -7
19  3
20  1
18  -7
19  12
20  0
19  4
20  -2
18  -9
18  -9
18  -1
19  2
18  -10
19  5
19  1
18  -2
19  1
19  2
18  -1
19  13
20  -2
19  10
19  5
19  12
20  -4
19  8
19  2
19  8
18  -6
18  -7
19  12
20  7
21  4
19  13
19  9
18  -2
19  10
19  9
18  2
19  13
18  -7
19  13
19  2
20  7
18  2
18  1
18  -8
19  6
18  -9
18  -8
19  9
20  4
19  11
18  -5
18  -10
18  -5
19  6
18  1
20  6
18  -3
19  5
18  -4
20  0
20  6
18  -7
18  -8
19  3
19  12
19  12
20  2
19  10
18  -10
20  7
20  6
20  -4
19  8
19  9
20  -2
20  3
19  10
18  -5
19  4
18  -7
19  2
19  5
20  7
18  -2
19  10
19  9
20  5
19  8
19  13
19  8
20  -1
19  9
19  10
19  9
19  5
18  -6
19  10
19  4
18  1
20  6
18  -4
19  7
18  -8
20  -3
18  -2
19  6
20  4
20  6
20  6
19  6
19  9
18  -1
20  0
19  11
19  4
18  0
19  11
19  9
20  1
19  8
19  7
18  -4
20  -1
18  -1
19  12
19  2
18  -5
18  -7
18  -4
19  7
21  7
19  12
20  -4
19  2
18  1
18  2
19  10
20  4
19  9
21  6
19  2
18  -9
20  -4
19  7
18  -9
19  8
18  -8
19  13
20  5
18  -10
18  -10
20  4
19  8
19  8
19  7
19  7
19  4
19  6
19  12
19  4
19  11
19  2
18  -6
19  3
19  12
19  2
20  -2
19  13
18  -10
20  -3
18  -10
19  6
19  7
18  -3
19  13
19  10
19  4
18  1
18  -9
21  0
18  -1
19  1
19  8
18  -9
21  -5
19  13
18  1
20  -1
20  7
19  2
19  3
18  -1
19  9
19  4
20  0
18  0
19  13
18  1
19  9
18  -2
19  3
19  8
18  1
19  7
18  -1
19  2
19  10
18  -8
19  1
19  1
20  2
18  -4
19  8
18  -2
18  -1
19  1
18  -8
19  6
18  1
18  -6
19  12
18  2
18  -3
18  -4
20  1
20  7
18  -7
19  10
19  12
20  3
18  -4
20  -3
19  9
21  6
19  1
20  7
18  0
19  2
20  0
19  8
19  11
19  2
20  6
18  -3
19  7
18  1
19  4
18  -7
18  -6
20  -1
18  -3
18  -1
18  -9
19  6
20  4
18  -8
19  2
19  5
20  0
19  13
20  0
19  11
18  0
19  13
18  -3
19  8
19  11
18  -1
20  0
19  8
18  -3
21  1
18  -9
18  -10
19  4
19  11
19  5
18  -9
20  -3
18  1
21  0
19  3
19  3
20  7
20  -4
19  4
18  -9
19  10
20  2
19  10
18  -3
20  0
18  -1
20  7
18  -8
19  5
19  10
19  2
18  -2
20  4
18  -5
20  -3
18  0
19  3
19  8
20  5
19  3
21  7
18  -7
18  -7
18  -1
18  2
19  7
20  -5
20  -1
20  0
19  10
20  -4
18  -7
19  8
18  -10
19  1
19  2
18  -5
20  1
19  3
20  5
18  -10
19  6
18  -4
18  -10
19  11
18  2
19  6
19  6
19  10
18  -8
19  5
19  12
18  1
19  5
18  -5
18  -1
19  5
18  0
20  2
19  5
18  -1
18  -6
20  2
20  -4
19  10
19  3
19  2
19  2
20  6
19  1
19  8
19  12
19  7
19  4
19  11
18  -6
18  -7
20  7
20  -2
18  -1
20  -1
19  12
20  -3
19  4
19  4
19  10
18  -1
19  13
20  6
19  11
19  13
19  2
18  -9
18  -5
20  6
19  2
21  -1
21  -3
19  12
19  2
19  4
20  3
19  3
18  -9
21  5
18  -1
18  -8
19  1
20  7
20  -5
19  4
19  10
19  8
19  5
18  -8
19  3
19  3
18  -7
19  3
20  7
18  -9
19  13
20  -5
19  9
20  3
18  -7
19  2
18  -1
19  10
19  8
18  -9
19  4
19  10
19  13
19  5
18  -4
18  2
18  -4
18  0
19  7
19  12
