8  6
9  -3
9  -3
10  6
11  3
10  7
10  7
9  -3
10  6
9  -3
9  -5
10  5
10  5
9  -3
10  6
10  6
9  -3
11  2
11  4
10  8
10  6
10  8
9  -4
11  5
9  -4
10  6
9  -2
9  -2
9  -5
9  -4
9  -4
9  -5
11  3
9  -5
8  4
10  9
9  -4
10  9
10  5
10  6
11  3
9  -2
8  7
10  5
10  5
9  -5
11  5
10  9
10  6
8  6
11  4
10  7
9  -4
9  -3
9  -3
9  -4
10  8
11  3
9  -3
9  -6
11  2
10  8
10  5
9  -6
10  6
11  3
11  2
11  6
9  -5
9  -4
9  -3
9  -2
10  5
10  8
10  9
10  5
10  7
10  5
9  -3
10  7
10  5
10  7
9  -3
9  -4
10  6
10  6
10  8
9  -3
10  5
10  8
10  8
10  7
10  9
10  6
9  -2
9  -3
11  4
10  6
9  -3
10  9
9  -3
9  -4
11  3
11  5
11  6
10  5
10  6
9  -3
9  -2
10  5
10  6
9  -5
9  -2
10  7
10  6
9  -5
10  7
11  5
10  7
8  4
10  8
11  5
10  5
10  6
10  5
11  3
11  4
8  4
10  8
10  8
11  3
9  -6
11  6
9  -2
10  8
10  6
10  7
10  5
9  -6
10  8
10  7
9  -3
10  9
9  -3
9  -5
11  3
9  -2
10  7
10  9
10  6
11  3
10  5
10  6
11  4
11  3
11  2
10  8
8  5
11  2
9  -6
10  8
10  8
10  8
10  5
10  7
9  -4
11  6
10  7
9  -2
9  -3
11  3
10  5
9  -3
10  7
11  3
10  5
11  3
11  6
10  7
10  7
10  6
9  -3
10  9
10  9
10  5
10  6
9  -6
9  -5
9  -6
10  8
11  5
11  3
10  9
10  5
11  3
9  -3
10  8
11  4
10  9
11  6
11  6
9  -6
9  -4
10  6
10  8
8  5
11  3
9  -4
10  8
11  2
10  6
10  6
10  9
11  4
8  4
11  3
10  8
10  9
11  5
11  3
9  -2
10  7
10  7
10  8
10  6
10  8
10  9
10  7
10  7
10  7
9  -5
9  -3
10  8
11  3
11  4
11  2
10  6
10  7
10  6
10  8
11  6
10  6
10  5
10  9
10  9
10  9
9  -4
8  6
9  -5
10  8
11  2
9  -5
11  5
9  -5
10  7
10  9
9  -6
10  8
11  2
9  -2
11  4
10  6
10  7
9  -4
11  5
10  5
11  5
10  5
11  3
10  8
9  -6
11  3
11  3
10  7
9  -6
11  6
10  5
8  5
9  -2
10  6
10  8
11  4
9  -4
10  9
10  6
9  -2
10  9
9  -5
10  7
10  6
10  5
9  -4
10  8
11  3
10  6
9  -6
10  7
9  -6
10  9
11  3
10  9
11  4
9  -2
10  5
10  7
9  -2
11  5
10  7
9  -4
11  4
10  8
10  7
10  8
9  -2
9  -4
10  6
11  4
11  3
9  -2
10  7
9  -5
10  7
10  8
10  6
10  6
10  8
10  9
9  -4
10  7
10  6
10  8
9  -6
9  -2
9  -2
10  8
9  -3
9  -6
11  3
11  5
11  6
11  4
11  4
10  8
10  5
9  -5
10  9
10  8
11  2
10  5
10  9
10  7
10  9
9  -6
10  9
11  5
11  2
9  -6
10  7
10  6
10  6
9  -2
11  3
9  -2
9  -5
11  3
10  9
10  5
9  -2
10  5
9  -3
10  7
9  -6
9  -2
9  -6
11  4
10  8
8  4
10  7
10  8
10  7
10  7
10  8
11  3
9  -2
9  -4
10  6
9  -3
9  -3
9  -5
9  -5
11  3
9  -2
9  -5
9  -4
11  4
10  6
8  6
10  9
10  9
10  7
11  4
11  3
11  3
10  5
10  9
9  -3
11  2
10  5
10  5
10  5
10  5
10  6
9  -5
10  8
9  -5
9  -6
10  8
9  -2
10  5
11  5
9  -6
9  -5
8  8
9  -6
9  -4
11  2
8  5
9  -3
11  4
10  5
10  9
10  9
8  7
9  -2
10  9
10  5
11  3
10  7
10  8
9  -2
10  6
11  4
10  5
11  5
10  7
11  2
9  -5
9  -4
10  6
11  6
10  9
10  6
11  5
10  8
10  8
8  5
11  4
10  9
10  8
9  -2
11  4
10  6
10  8
11  4
8  4
9  -5
10  9
10  7
10  8
9  -6
10  5
10  5
9  -5
11  5
11  5
10  6
11  5
10  9
10  6
8  5
10  6
11  6
11  4
11  4
10  8
9  -6
11  2
10  9
10  9
10  7
9  -2
9  -4
9  -4
9  -6
9  -2
10  6
9  -6
9  -6
10  8
11  4
11  5
11  5
10  6
11  5
10  5
11  6
9  -2
10  9
10  6
10  9
9  -5
9  -2
10  5
10  5
9  -2
9  -3
10  9
11  6
10  5
9  -3
8  4
10  5
9  -5
10  9
9  -3
8  7
9  -4
9  -3
11  6
11  4
10  6
9  -5
11  5
10  7
10  6
11  2
10  7
11  3
9  -6
9  -3
11  3
10  6
9  -6
11  2
10  8
10  5
10  6
9  -6
9  -4
9  -6
10  6
11  5
11  5
11  3
10  7
9  -2
11  2
9  -5
11  4
9  -3
9  -4
10  6
11  4
10  7
9  -5
10  5
10  5
11  5
9  -2
9  -5
9  -2
11  3
11  5
10  9
9  -2
9  -4
10  8
10  7
8  5
10  7
10  9
10  8
10  5
10  9
11  6
9  -3
10  6
9  -4
10  9
11  3
9  -3
9  -4
9  -3
10  5
10  6
10  9
9  -5
11  6
9  -2
9  -6
11  2
9  -3
10  6
10  9
10  5
10  8
10  7
10  7
10  5
11  3
10  5
8  5
10  9
11  2
10  7
10  8
10  9
10  9
10  7
10  8
9  -2
10  9
9  -5
11  2
9  -2
9  -3
10  6
8  4
9  -6
10  8
10  7
10  5
9  -4
10  8
9  -2
10  5
10  7
9  -2
10  6
8  7
10  8
10  5
9  -6
9  -4
11  2
11  5
10  7
9  -4
10  8
10  5
11  3
10  7
9  -6
10  5
10  7
8  5
11  5
11  3
9  -4
11  2
10  8
10  6
9  -3
8  4
8  7
9  -4
9  -3
9  -2
10  8
9  -6
11  5
9  -2
10  8
11  2
8  5
9  -4
9  -2
9  -6
9  -4
9  -5
9  -3
11  2
11  4
10  7
10  5
10  6
10  5
11  4
9  -3
10  6
10  6
10  6
10  9
9  -2
9  -5
9  -2
10  9
10  9
10  9
11  2
11  2
10  5
9  -6
11  5
9  -3
8  5
10  8
11  2
10  5
10  6
11  6
10  5
9  -5
11  5
9  -2
10  6
11  2
9  -6
9  -5
10  9
10  9
10  6
11  2
10  5
9  -3
10  7
10  5
10  5
10  5
10  9
9  -2
10  6
10  6
11  5
11  5
9  -2
11  6
9  -2
9  -5
9  -6
9  -4
11  2
9  -2
11  2
9  -6
10  5
11  4
9  -6
10  6
11  4
10  7
10  9
10  8
11  3
10  6
10  7
11  3
11  5
10  7
11  4
9  -4
9  -5
11  5
11  3
10  8
9  -5
11  4
10  9
10  7
10  8
11  5
10  5
10  8
9  -2
10  8
9  -3
10  8
11  2
11  3
11  2
10  9
10  9
11  4
10  7
9  -5
9  -3
9  -6
10  9
9  -3
10  9
9  -2
10  7
10  8
10  6
10  8
10  8
10  8
10  7
9  -2
9  -3
10  8
10  9
10  6
9  -4
11  4
10  8
11  6
10  6
9  -3
10  6
8  6
11  6
9  -3
10  5
10  8
9  -5
10  8
9  -3
10  9
11  4
10  7
9  -6
11  4
8  7
10  7
8  7
10  8
10  8
9  -2
10  9
9  -5
10  9
10  8
11  6
11  2
11  4
9  -6
10  5
10  6
9  -6
9  -3
9  -5
10  5
10  5
9  -5
10  9
10  8
11  3
9  -5
10  9
9  -3
9  -4
10  7
10  9
11  2
11  4
11  6
11  4
11  3
10  5
10  7
10  6
9  -4
10  8
9  -4
10  8
9  -6
11  3
8  8
11  4
10  6
10  8
10  7
11  5
8  6
10  8
11  4
10  9
10  6
10  5
10  5
9  -3
10  5
9  -2
10  9
9  -5
11  4
9  -2
11  5
9  -4
8  7
10  5
8  4
10  5
9  -3
10  9
10  5
10  9
10  5
8  8
11  3
8  8
11  5
10  7
9  -3
11  6
9  -2
10  6
8  8
9  -2
10  5
9  -4
9  -2
10  8
10  9
11  2
10  9
10  9
9  -3
9  -4
10  6
9  -3
10  9
9  -4
10  5
9  -5
9  -2
10  9
11  4
10  8
10  9
9  -6
9  -2
10  5
10  5
11  5
10  5
9  -2
9  -2
8  8
10  7
10  9
10  8
10  6
9  -5
9  -4
10  5
9  -5
10  7
10  6
10  5
10  9
10  5
11  5
11  3
10  6
11  4
9  -2
11  5
10  8
9  -2
11  3
11  5
10  9
8  6
9  -6
10  8
10  7
11  3
9  -2
9  -6
11  3
10  6
9  -5
9  -4
11  5
11  3
11  5
10  8
10  6
9  -6
8  5
10  9
11  6
8  4
10  8
10  8
9  -4
10  9
11  6
11  6
11  4
9  -2
10  9
9  -3
11  5
10  5
10  5
9  -2
9  -4
