0  1
1  7
2  6
2  -1
2  7
2  6
3  10
4  -1
1  9
2  -1
1  -1
2  0
2  9
5  -10
2  10
3  13
4  -6
4  -4
2  12
1  11
4  -12
1  7
1  -1
1  12
2  -1
2  9
3  4
1  13
1  11
2  4
3  6
2  3
0  -7
2  1
2  0
1  12
1  10
2  7
1  1
3  13
3  12
3  1
2  7
3  11
3  9
2  7
3  4
1  10
2  6
1  9
3  9
3  7
3  9
3  11
1  6
3  5
3  10
2  0
3  10
5  2
4  -3
4  -7
1  2
0  6
2  1
2  6
3  14
3  10
3  8
2  12
2  7
2  3
2  9
1  9
2  2
2  10
1  10
3  6
3  14
2  7
2  13
2  11
4  -7
2  8
2  7
3  11
3  2
0  5
1  8
2  12
1  2
2  0
4  -7
3  14
2  6
1  -1
2  0
2  5
2  0
2  4
1  9
2  2
5  -7
2  11
3  0
3  10
2  4
2  5
0  -7
2  13
2  10
3  9
2  8
2  8
3  8
3  3
1  -1
1  4
4  -8
3  0
2  1
2  5
4  -7
3  3
2  9
3  11
1  -1
1  2
4  -4
3  0
2  8
4  -10
2  -1
2  7
3  2
1  12
3  10
4  -7
3  6
2  6
2  7
2  10
4  -10
2  11
1  8
1  3
2  9
1  13
2  7
1  10
1  7
1  9
2  10
2  9
3  3
3  1
1  13
2  9
1  8
2  13
1  7
2  13
3  6
1  4
3  1
3  1
3  0
3  4
5  1
1  13
3  13
2  7
1  8
1  2
2  4
1  5
2  3
4  -9
4  0
1  2
3  5
2  4
1  1
1  10
3  7
3  8
2  6
3  3
3  6
1  12
2  8
3  0
2  10
2  0
2  9
2  13
2  -1
2  2
3  1
2  10
4  -10
2  7
2  0
0  5
3  4
3  1
0  -3
3  1
3  4
3  4
3  10
3  6
3  14
2  12
0  -8
1  11
4  -2
1  0
2  9
4  -6
2  10
3  14
3  13
3  8
1  11
1  -1
3  3
2  13
2  11
1  9
0  0
1  9
1  1
4  -8
2  -1
1  5
2  5
1  13
2  1
1  4
3  8
1  12
3  4
1  11
3  1
3  1
1  -1
2  6
2  7
2  -1
2  5
1  13
1  6
3  3
3  12
1  10
1  6
2  5
2  11
4  -6
3  7
3  12
2  12
1  4
3  11
2  3
1  7
3  13
2  11
0  -8
3  1
3  10
1  11
0  2
3  12
2  3
1  5
3  14
2  0
1  5
4  0
2  7
3  3
5  -10
2  9
2  7
3  3
4  -7
3  8
3  11
0  -5
1  12
2  3
2  8
4  -12
3  12
1  7
2  0
3  6
0  -2
2  12
3  3
2  12
1  11
3  7
3  10
3  3
1  0
2  -1
3  5
3  0
1  5
5  0
1  13
2  5
2  5
2  0
3  11
3  14
2  13
2  -1
2  13
2  10
2  0
3  2
1  4
3  0
4  -12
1  8
4  -4
2  5
3  6
0  0
3  4
2  12
0  6
4  -5
2  3
3  3
3  5
3  14
5  -10
4  -10
1  1
4  -5
0  5
4  -5
2  10
3  8
1  11
2  9
3  6
3  10
3  10
1  5
2  9
1  3
1  0
0  -3
0  5
4  0
1  10
2  6
2  11
2  2
2  13
3  1
2  -1
2  2
2  9
1  1
2  -1
3  0
1  5
1  4
3  10
3  0
2  1
2  7
3  2
3  13
1  8
2  1
3  10
0  4
2  8
2  6
3  14
1  13
3  6
1  10
1  6
0  -8
3  1
1  8
1  9
2  11
2  5
2  3
4  -10
2  6
3  4
3  5
3  12
1  13
2  7
4  1
2  6
4  -9
1  12
2  7
2  12
0  3
1  3
3  2
2  11
3  9
2  7
4  -11
3  1
1  11
2  2
1  8
3  3
1  9
2  6
1  2
2  12
3  8
1  4
1  11
1  6
1  11
0  -7
3  1
3  13
1  1
1  13
2  12
2  5
4  -5
1  1
2  3
3  1
2  12
3  9
3  7
3  11
4  -9
1  11
1  1
3  4
2  6
3  9
2  1
3  7
2  4
2  7
3  8
2  13
3  3
1  1
3  14
1  8
3  11
3  0
2  0
3  3
0  3
4  -7
3  8
1  0
3  3
2  9
2  5
1  2
4  -2
1  4
3  14
1  0
2  -1
2  10
3  10
0  6
3  7
2  13
2  11
4  2
4  -1
1  6
3  11
3  12
3  6
1  6
2  7
0  -1
2  2
1  2
3  11
1  7
2  -1
2  1
4  -12
3  1
3  11
1  5
2  12
1  0
2  0
3  8
3  12
1  2
1  9
4  -12
2  1
1  3
3  11
1  5
2  10
1  3
2  1
2  5
3  2
3  14
3  1
2  6
2  8
3  11
3  9
3  6
2  6
4  -3
2  11
2  1
2  6
2  2
3  9
3  12
2  0
3  8
2  9
2  4
2  1
3  2
2  12
1  9
1  8
1  1
2  11
1  2
2  8
3  6
2  1
2  5
2  7
1  11
4  2
1  3
2  -1
2  10
1  0
2  12
1  12
2  11
3  10
2  3
3  10
3  9
1  1
3  14
1  4
2  4
2  13
3  2
2  8
2  10
3  6
2  7
3  1
2  6
2  6
4  1
3  3
2  2
2  11
2  2
2  13
1  3
2  10
1  9
2  3
2  4
2  13
1  4
4  -3
5  -3
3  9
0  6
0  1
3  11
2  4
1  4
3  4
1  9
3  1
3  1
1  11
1  7
2  12
3  2
3  10
1  11
2  3
2  12
2  13
2  5
4  2
4  -1
3  0
3  7
3  14
1  7
1  9
2  10
3  12
3  8
2  -1
0  4
2  12
3  8
3  5
2  0
1  9
2  11
0  0
2  13
3  7
2  13
3  6
1  12
3  8
2  11
2  13
2  1
2  0
3  12
2  12
3  12
1  1
2  4
4  -2
1  0
3  6
1  -1
3  3
1  12
3  1
0  0
1  11
1  10
3  5
1  10
3  1
2  2
2  3
1  12
2  2
3  13
2  0
2  4
3  7
3  6
2  12
2  9
2  12
3  0
2  7
3  0
1  13
1  10
3  4
1  11
2  4
2  3
2  8
3  1
2  11
2  5
3  3
1  2
4  -2
3  14
2  9
1  12
1  8
0  -2
2  2
3  11
1  12
1  -1
2  11
3  6
3  0
1  5
0  0
1  3
3  0
2  6
2  6
3  2
2  2
2  12
1  13
1  10
2  2
3  14
3  12
4  -3
2  6
2  5
1  8
3  12
1  13
1  6
2  10
4  -9
2  5
0  -6
2  9
1  0
1  12
2  2
4  -1
4  -11
3  14
4  -7
4  -9
2  6
2  1
2  0
2  -1
2  0
2  4
1  8
1  6
4  -3
0  -7
2  13
0  2
2  1
1  2
1  5
2  9
4  2
3  5
2  9
3  1
3  1
3  9
2  13
3  13
1  4
5  -6
0  -1
3  1
1  -1
3  14
3  5
2  13
1  11
3  1
0  -8
3  2
0  -7
2  12
0  -3
0  6
0  0
5  -11
1  2
2  13
3  8
2  -1
1  11
5  -11
2  11
1  9
4  2
2  2
3  14
1  3
4  -6
3  14
1  1
2  9
1  8
2  1
0  -7
4  -5
2  13
4  -9
2  9
2  8
3  8
1  6
2  4
0  -8
1  13
1  7
3  6
2  13
4  -2
1  9
1  5
1  1
3  1
2  3
2  -1
3  9
1  12
2  3
3  3
3  6
2  5
2  8
2  1
2  8
1  10
2  11
1  12
2  9
1  7
3  13
2  2
1  9
2  7
2  3
2  13
3  5
2  3
2  13
2  9
1  5
2  4
4  -2
1  8
0  -8
4  -9
1  5
3  14
4  -10
3  10
2  1
3  11
2  8
3  10
0  -6
2  3
3  1
4  -4
2  6
2  11
1  13
3  11
3  6
2  12
5  0
1  1
2  11
2  8
3  2
3  14
2  5
2  4
2  10
2  12
2  13
1  -1
3  7
2  6
3  5
2  2
2  13
4  -6
2  0
2  -1
3  4
2  12
3  0
4  -10
2  2
1  6
3  6
2  1
0  -2
3  7
2  3
2  13
3  8
2  8
2  8
2  2
5  0
4  -2
2  13
4  -12
4  -5
1  10
4  -9
1  9
1  13
3  1
1  7
2  4
2  0
2  0
2  11
1  5
2  4
2  3
3  7
2  3
4  -3
3  4
4  -12
3  13
2  6
2  9
3  4
4  2
2  1
3  12
0  -8
2  0
1  10
2  10
3  5
1  13
1  3
2  1
3  9
3  6
2  3
3  10
4  -10
3  2
0  1
2  5
2  9
3  6
3  5
1  3
3  10
4  -7
3  8
1  1
4  -7
2  0
3  7
3  4
0  -2
1  2
3  12
2  3
1  10
3  3
4  1
2  1
1  10
2  0
3  5
3  12
3  4
0  -7
1  -1
2  -1
2  3
1  10
1  9
3  3
4  -1
3  8
2  10
2  7
1  6
3  13
4  -2
2  3
3  0
3  13
2  7
2  1
2  1
2  3
2  8
1  6
3  8
1  13
4  -3
1  11
