13  10
15  -4
15  -7
15  -11
15  -8
10  6
10  4
13  7
13  4
15  -10
16  -6
16  -8
13  5
14  5
13  10
13  4
14  1
12  -3
12  -6
14  5
14  1
14  2
12  -5
12  2
13  5
14  5
14  3
14  8
15  -11
16  -9
14  6
15  -7
14  2
15  -4
13  9
16  -7
15  -7
12  -6
15  -7
11  8
15  -9
14  9
12  -6
14  8
14  9
14  7
12  -5
12  -2
13  6
14  1
12  -5
15  -6
13  3
14  7
13  8
15  -10
14  5
14  8
13  4
15  -4
12  -5
16  -8
13  11
13  5
12  -4
14  4
13  3
15  -6
14  5
14  2
16  -3
13  8
15  -5
14  1
12  -3
12  0
11  4
12  -2
14  7
14  6
15  -5
13  3
15  -7
13  10
14  2
14  6
14  5
14  3
14  8
15  -9
14  9
13  8
15  -4
15  -11
12  2
13  7
15  -10
11  0
12  -1
14  8
14  8
14  9
13  6
13  10
13  10
15  -9
15  -8
17  -8
13  5
12  1
16  -5
14  4
13  5
14  4
14  3
14  2
12  -5
12  -2
12  1
13  11
11  1
15  -10
15  -4
14  2
13  10
13  4
15  -8
14  6
12  1
14  8
13  9
13  8
16  -8
12  -3
14  2
12  -6
12  -6
13  10
12  -2
11  6
15  -5
14  5
16  -2
13  4
12  -6
14  8
14  3
12  -1
13  3
13  4
15  -3
14  8
16  -1
15  -10
15  -5
12  -6
11  6
14  5
15  -10
12  -5
15  -11
13  11
14  7
14  9
15  -5
14  3
15  -10
14  7
13  9
12  1
15  -8
15  -11
14  6
12  -3
15  -9
15  -8
13  11
15  -6
13  3
14  7
14  8
14  1
15  -6
13  3
13  5
13  4
16  -7
14  8
14  2
14  4
13  7
13  6
13  7
15  -7
12  0
15  -8
15  -6
12  -4
14  1
13  5
13  7
16  -7
16  -3
16  -1
13  5
15  -7
15  -9
11  3
15  -9
13  11
14  9
14  9
13  9
14  4
15  -11
14  5
14  4
12  2
15  -3
12  -3
13  9
13  4
12  -1
14  3
12  -2
13  8
14  3
11  5
15  -7
14  6
14  4
13  8
14  2
14  5
13  8
15  -10
17  -6
14  4
14  2
14  9
14  3
14  5
14  9
11  8
15  -8
14  4
14  3
15  -9
14  5
11  4
16  -8
13  8
14  2
14  6
15  -10
13  8
14  6
14  4
15  -8
14  8
13  9
12  -5
12  -2
13  8
15  -11
13  8
12  -4
15  -7
15  -8
13  7
14  2
12  -1
14  8
15  -3
13  9
16  -5
15  -4
16  -8
13  10
17  -7
15  -4
11  6
12  1
13  11
14  8
14  7
12  0
11  1
11  4
12  2
14  4
13  11
14  5
13  8
13  7
15  -5
12  -1
14  2
14  6
14  1
16  -3
13  8
11  2
13  8
14  7
14  7
14  7
15  -6
15  -4
14  4
14  6
15  -6
14  3
14  6
12  -1
14  3
15  -11
15  -4
16  -1
14  2
14  7
14  7
12  2
14  3
14  8
17  -9
14  8
14  5
12  0
15  -10
15  -10
15  -9
14  9
12  2
15  -11
14  5
14  8
14  8
14  2
13  9
14  5
14  3
14  3
14  8
13  8
15  -10
14  2
13  9
14  8
13  9
13  11
14  4
14  2
13  9
14  8
12  -3
15  -6
12  -6
15  -3
14  6
16  -3
14  2
13  4
14  3
14  2
16  -3
15  -5
14  1
13  9
13  5
14  2
15  -9
15  -4
12  -5
13  7
13  11
15  -11
14  9
14  9
14  2
13  5
12  -6
15  -6
14  9
14  9
13  8
14  8
12  2
14  5
12  1
13  9
14  7
12  2
13  5
13  9
12  0
16  -2
14  2
13  6
14  5
13  8
16  -4
15  -6
14  9
14  4
13  6
15  -11
14  1
16  -7
16  -5
12  -6
13  5
13  6
16  -9
13  4
13  11
14  7
14  9
15  -4
15  -5
13  3
16  -4
15  -8
15  -8
13  10
14  2
15  -11
13  10
15  -4
15  -5
14  7
14  7
14  5
15  -7
14  2
15  -8
15  -5
13  8
13  10
13  3
12  -3
14  3
13  11
14  5
16  -9
14  4
15  -7
15  -11
16  -7
13  4
14  7
17  -8
13  10
14  4
14  2
14  6
14  6
12  -3
15  -11
12  -2
12  -2
12  -1
15  -10
15  -10
16  -9
13  4
14  4
13  6
15  -3
14  8
14  9
13  6
15  -7
17  -2
13  9
14  8
14  1
15  -6
14  5
13  11
13  10
15  -8
16  -8
16  -8
15  -4
15  -8
14  6
14  4
14  8
13  4
14  9
15  -5
13  8
12  -5
15  -11
14  1
13  8
13  9
15  -10
15  -5
12  -3
13  10
13  11
15  -6
15  -9
15  -3
15  -11
14  3
14  8
14  6
14  8
13  3
14  6
16  -1
13  9
13  9
16  -1
12  -3
14  3
13  7
13  3
15  -9
14  6
12  0
13  7
14  1
13  3
12  1
13  11
15  -7
11  6
13  6
15  -7
15  -5
15  -10
13  8
13  5
13  6
14  7
15  -3
12  -5
14  8
15  -3
15  -5
12  2
15  -7
11  6
14  5
13  5
13  10
13  3
13  6
15  -4
15  -10
15  -8
13  6
12  1
15  -11
15  -8
16  -6
13  11
11  1
14  5
13  11
15  -6
11  4
13  3
15  -9
14  5
14  8
11  3
16  -6
15  -8
14  9
13  10
12  0
14  8
15  -11
12  -1
14  1
14  8
14  8
15  -10
13  11
13  7
14  5
11  3
15  -6
15  -6
13  5
15  -9
15  -6
14  5
14  9
12  -1
16  -9
14  7
14  1
13  3
15  -3
12  2
14  9
13  11
14  9
12  -3
13  6
11  1
13  3
15  -11
15  -4
13  8
13  7
12  -6
15  -4
15  -10
15  -5
12  -2
13  8
13  6
13  11
15  -7
12  -6
15  -10
13  7
15  -5
12  -6
13  9
13  7
15  -9
15  -5
15  -3
13  6
15  -3
14  8
15  -8
15  -10
13  8
11  4
13  3
14  8
12  -2
14  4
13  10
14  4
13  3
15  -9
13  11
14  6
12  -6
15  -9
15  -9
13  9
13  6
13  4
12  1
12  -4
12  -2
12  -6
12  -6
13  10
12  -5
14  5
15  -7
14  9
14  2
14  8
16  -7
15  -5
11  8
14  1
12  1
13  10
14  6
15  -8
12  -1
15  -6
12  -4
13  5
16  -4
14  9
14  6
14  4
11  4
13  7
15  -8
11  1
11  5
15  -3
15  -3
14  4
13  11
16  -3
12  -1
15  -7
15  -3
14  3
13  8
14  6
14  8
14  5
13  11
10  3
14  4
14  6
13  11
14  2
14  4
16  -6
13  8
13  8
15  -4
13  11
14  4
13  5
15  -4
14  4
15  -5
14  5
14  4
12  1
13  8
13  5
16  -8
12  2
16  -6
13  3
15  -5
13  11
14  9
13  10
14  2
14  8
15  -11
14  3
14  3
14  3
14  6
13  4
14  2
12  0
13  9
11  6
15  -10
13  7
15  -10
14  4
10  4
14  3
11  0
14  8
15  -6
13  3
13  4
14  8
14  6
11  8
14  9
14  8
14  5
15  -11
14  2
14  3
13  4
11  5
16  -6
14  5
13  9
14  1
17  -8
14  3
15  -9
13  11
14  5
13  10
14  6
16  -4
15  -8
16  -1
15  -7
14  5
14  8
15  -3
13  10
13  3
14  8
14  6
13  11
12  -6
13  10
14  6
14  3
14  9
12  0
14  3
13  4
14  5
16  -1
13  6
14  6
13  11
16  -1
15  -9
14  2
16  -1
15  -9
12  2
16  -3
15  -8
12  2
15  -8
15  -4
15  -9
14  2
14  3
16  -3
14  4
13  11
15  -10
12  -4
14  7
14  5
15  -3
13  5
13  11
14  5
15  -8
14  7
12  -5
13  7
12  0
11  5
14  3
15  -8
13  3
13  9
16  -6
12  0
14  3
14  7
12  -4
12  -4
13  9
11  7
13  7
15  -8
15  -4
15  -5
14  3
13  8
12  -3
13  11
15  -9
15  -10
13  9
10  6
13  6
15  -9
14  7
12  -2
13  8
14  4
15  -5
15  -3
15  -7
14  6
14  1
12  -3
12  -5
16  -3
16  -2
15  -8
14  4
12  -2
12  -3
13  3
12  -6
15  -11
13  10
15  -4
16  -3
15  -6
13  6
14  5
15  -5
13  3
14  2
15  -6
11  7
11  1
17  -8
13  11
14  5
13  9
14  5
15  -8
14  2
15  -5
16  -2
15  -4
13  9
14  4
12  2
16  -1
14  2
12  -1
13  3
13  4
14  8
10  4
11  0
15  -9
12  2
15  -3
15  -4
15  -9
14  5
11  8
16  -1
16  -2
12  -5
12  -1
13  3
15  -11
15  -11
15  -9
14  1
12  -4
16  -8
12  -1
12  -6
14  7
11  6
15  -4
15  -4
14  6
12  0
14  3
11  6
14  1
14  6
13  3
12  2
12  -6
15  -5
11  6
13  3
13  5
12  -5
15  -10
14  4
16  -1
13  5
15  -5
15  -5
14  8
14  8
13  3
14  7
15  -8
14  5
15  -7
16  -5
16  -8
13  4
13  4
14  6
14  5
12  -2
15  -10
15  -7
15  -8
16  -9
13  8
13  6
14  7
15  -8
15  -11
14  8
13  6
14  6
14  8
16  -9
12  -5
13  5
11  2
14  2
15  -4
13  7
14  3
13  8
13  8
13  8
14  5
13  8
13  11
13  8
14  4
14  6
14  9
13  11
