22  2
25  2
22  -1
25  5
25  5
22  -3
21  -5
22  0
23  -5
23  1
23  -3
23  -3
25  3
24  -2
25  -4
24  -2
23  -4
22  2
25  -2
24  -3
20  3
25  0
22  -2
23  0
23  -9
21  -7
23  -3
24  -8
22  -4
25  -2
23  -4
23  -5
25  -5
25  2
20  9
23  -6
25  3
24  -11
23  -5
22  -3
26  8
22  1
21  -2
22  1
24  -3
23  -6
25  -5
22  2
25  -3
23  -9
25  4
24  -11
22  1
23  -3
24  -4
24  -10
25  4
24  -10
24  -1
23  -2
22  -2
24  -7
24  -4
23  -9
24  -5
20  -1
24  -5
21  -2
23  0
22  -2
26  6
22  -7
26  6
24  -4
22  -3
20  2
23  -4
22  -4
21  -4
24  -5
23  -1
22  -7
24  -8
26  2
25  -2
23  -9
25  4
25  -3
23  -3
22  -7
21  -6
25  3
22  -5
24  -3
24  -9
22  -3
23  -3
25  0
23  -4
24  -11
22  1
24  -8
24  -11
24  -6
23  -4
21  -12
25  0
19  6
23  0
23  -6
25  -2
21  -12
24  -4
24  -2
22  -6
21  -3
28  3
23  -5
23  -3
25  1
24  -3
22  -5
21  -3
24  -3
21  -2
21  -7
26  8
24  -1
22  -2
21  -6
22  -7
24  -6
21  -12
24  -1
23  -8
23  1
23  -5
27  8
23  -9
25  5
22  -3
23  -3
23  -1
24  -3
22  -4
21  -3
23  -2
24  -6
24  -5
28  -1
22  -3
24  -3
21  -8
23  -4
25  -2
27  2
24  -10
22  -2
21  -11
23  -3
23  -4
25  4
25  -1
24  -1
24  -8
22  -7
21  -11
26  10
25  3
23  -1
24  -5
24  -7
23  1
24  -4
24  -10
24  -1
25  4
23  -1
23  -3
21  -4
25  2
25  -3
23  -3
22  -6
21  -7
23  -3
24  -7
22  3
25  -4
22  -1
23  -6
25  5
24  -9
22  -5
20  0
21  -3
24  -3
20  5
24  -9
23  -6
20  5
23  -1
22  -6
25  2
22  -1
22  2
23  -5
23  -9
23  -3
23  -8
24  -3
23  -5
21  -12
22  2
24  -4
21  -2
26  4
24  -4
23  -3
23  -4
23  -6
25  2
24  -8
24  -1
23  -8
26  9
21  -10
24  -1
22  -7
24  -1
24  -5
23  -9
25  0
22  -4
23  -6
23  -8
23  -8
20  7
23  -8
24  -4
24  -5
22  -6
22  -4
23  0
24  -5
22  -5
22  -1
24  -7
23  -7
24  -7
24  -5
23  -1
25  0
24  -1
23  1
19  0
22  2
23  -1
23  -7
23  -6
22  -1
25  -5
24  -3
21  -3
21  -9
20  -1
25  5
22  -5
21  -4
23  -6
25  5
26  8
21  -12
24  -7
24  -11
23  0
21  -9
23  -3
25  -4
24  -5
22  -4
23  -7
24  -11
26  3
22  -3
23  -3
22  3
23  -8
23  -2
22  3
23  0
24  -2
26  8
24  -8
23  -6
24  -5
22  3
21  -11
21  -4
22  -5
21  -2
22  0
24  -3
24  -2
22  -2
24  -10
26  10
22  1
24  -10
23  -5
23  -1
26  0
23  1
24  -9
24  -3
26  3
22  -4
22  -3
22  -7
24  -8
22  -4
22  -6
25  2
23  0
24  -3
24  -5
24  -3
22  -7
25  0
20  7
23  -8
24  -3
23  1
23  0
21  -11
24  -6
22  2
25  -3
23  -1
23  0
21  -2
24  -6
25  -5
24  -2
23  -4
22  -7
23  -3
21  -6
24  -1
24  -7
24  -9
22  2
25  -1
23  -8
24  -9
22  -3
23  -7
25  1
25  -5
23  -4
24  -7
24  -5
22  3
23  -9
25  -5
24  -10
25  -2
23  -6
21  -2
27  0
23  0
20  4
25  -5
21  -9
23  -6
24  -6
23  -3
20  -1
24  -7
22  -5
22  -3
22  -5
23  -7
25  5
24  -1
23  -8
22  3
24  -10
22  -4
24  -5
24  -5
22  3
23  -1
20  9
22  -1
25  4
23  0
23  -2
22  -2
23  -9
22  1
21  -11
21  -6
23  -3
24  -7
22  -1
23  -2
24  -10
21  -9
25  1
24  -2
25  5
23  -4
22  -1
24  -5
20  5
26  2
20  0
21  -4
21  -2
24  -2
22  0
24  -1
22  -5
22  -7
22  1
23  -9
22  -6
21  -8
22  -3
22  2
24  -5
21  -7
24  -3
22  0
24  -11
24  -11
25  0
21  -10
22  -5
24  -7
21  -5
20  6
23  -3
21  -10
25  3
23  0
22  -1
23  1
24  -9
25  1
25  -4
25  -4
22  -2
26  1
24  -8
24  -4
23  1
23  -3
20  4
25  -5
22  -1
24  -5
24  -8
23  -5
24  -10
22  -2
22  2
22  -3
22  -5
25  -4
21  -11
25  -1
22  -7
22  -5
24  -5
23  -2
21  -8
23  -8
23  -4
25  -5
22  2
26  1
22  1
23  1
24  -6
22  -7
25  2
22  -7
23  -5
23  -3
23  -1
24  -2
22  2
23  -7
26  10
21  -9
23  -7
24  -3
24  -4
23  -5
24  -10
23  1
23  1
24  -4
26  7
24  -8
24  -11
24  -7
25  2
23  0
23  -9
23  -2
23  -2
24  -5
21  -11
24  -3
24  -9
25  -1
22  -2
23  -2
22  -1
24  -2
24  -6
22  2
24  -4
24  -1
25  3
26  2
24  -1
23  -7
22  -5
24  -2
23  -7
24  -6
23  -8
25  -1
23  -6
23  -2
24  -3
24  -7
23  -2
22  -4
23  -7
24  -9
23  -3
22  -3
23  -8
23  -3
24  -5
23  -6
22  -5
24  -11
23  1
22  1
24  -9
24  -8
22  -6
24  -9
22  -7
26  1
22  -4
22  1
25  -2
22  -3
25  0
24  -5
22  -5
22  -7
25  -3
23  0
22  3
24  -7
22  -3
23  1
23  -6
23  -7
24  -11
24  -10
22  -7
23  -1
22  0
23  -2
23  -7
22  -2
24  -6
25  2
21  -6
24  -1
21  -11
22  2
23  -7
22  -1
21  -2
22  -2
23  -1
23  -7
22  3
24  -8
21  -4
22  -3
24  -3
25  2
25  1
24  -10
22  -7
25  5
23  -6
24  -8
26  9
24  -11
22  2
21  -7
21  -3
24  -1
24  -11
25  0
23  -6
24  -11
22  -3
24  -2
21  -9
23  0
23  -7
23  -7
23  -1
24  -6
24  -10
22  -6
21  -10
22  3
24  -1
25  -5
23  -5
23  -1
25  -3
24  -2
21  -7
22  -4
23  -3
23  -1
22  -2
22  -1
26  6
24  -4
24  -5
22  1
23  -8
23  -2
24  -6
22  -3
23  -9
22  0
23  -5
23  -2
22  -2
22  -7
21  -7
25  -4
24  -5
19  2
23  -2
22  3
24  -5
24  -10
24  -7
24  -3
23  -5
23  -4
23  -1
25  3
24  -5
24  -6
22  -2
24  -4
23  0
23  1
22  0
21  -2
23  -3
23  -3
23  -6
20  1
22  -1
23  -8
26  1
26  4
21  -8
25  4
22  1
21  -9
25  1
23  -6
25  3
23  -1
23  -8
21  -6
23  -2
23  -7
25  0
21  -10
22  3
23  -4
23  1
24  -3
25  1
23  -3
22  -3
25  1
23  -3
22  3
25  0
23  -8
25  3
23  -7
23  -3
21  -6
21  -4
22  0
22  -1
23  1
25  -3
20  2
22  -3
23  -4
24  -10
23  -8
25  4
24  -11
23  -5
24  -8
25  3
21  -4
23  -8
23  -7
22  -7
24  -3
24  -9
25  -5
23  1
24  -2
23  1
21  -7
25  3
23  -7
23  -5
23  -4
24  -11
22  -5
22  -2
26  0
26  10
23  1
21  -4
22  0
23  -3
22  3
23  -3
26  4
24  -11
25  3
22  -1
26  4
25  4
25  5
25  -2
21  -3
23  -7
23  -4
23  1
23  -4
25  -3
23  -5
24  -3
23  -6
22  -3
22  -1
24  -8
23  -8
24  -11
23  -7
22  -1
23  -1
25  5
25  -5
25  -3
23  -1
21  -11
20  -1
23  -7
24  -1
24  -10
24  -11
23  -8
22  -4
25  0
27  3
21  -3
24  -8
24  -10
23  -6
26  7
23  -7
24  -9
22  -5
24  -7
23  -5
23  -5
21  -8
22  -6
22  3
24  -10
23  -6
25  0
23  -7
21  -5
20  0
22  1
24  -10
21  -6
23  -7
23  0
24  -7
25  -3
21  -3
23  -8
23  -6
23  -4
25  3
24  -9
24  -6
23  -5
22  1
23  1
23  -1
26  0
24  -5
25  5
22  3
23  1
21  -6
23  -7
23  0
26  1
25  1
25  -1
24  -7
22  -2
25  5
25  5
23  -5
22  -2
25  -3
23  -3
24  -2
23  1
24  -3
23  -9
24  -2
24  -9
23  -3
23  -9
25  2
22  2
23  -3
25  5
24  -9
21  -5
21  -11
26  3
22  -3
20  6
22  -6
22  1
23  -4
21  -9
21  -11
23  -8
21  -3
23  -4
21  -2
22  -4
21  -7
25  1
24  -10
25  -1
21  -5
23  -9
24  -4
20  5
24  -4
24  -5
24  -5
24  -8
25  -1
22  -6
24  -11
22  -7
20  1
22  3
23  -9
24  -1
22  -2
24  -11
22  -7
26  10
24  -6
21  -6
22  2
25  1
22  -4
21  -8
20  9
24  -9
25  -5
22  -1
23  -3
20  1
22  -6
20  3
21  -5
22  1
24  -7
24  -11
24  -11
25  1
21  -10
21  -3
22  -4
22  2
21  -12
23  1
23  -6
21  -7
22  2
23  1
24  -6
21  -9
21  -9
25  0
22  -7
23  -1
24  -10
21  -7
21  -4
25  2
21  -5
21  -10
22  -3
21  -7
21  -2
25  -1
24  -8
23  -3
25  3
22  -7
26  10
24  -9
25  2
25  5
23  -3
23  -1
22  2
23  -2
25  1
23  -3
22  -7
22  3
22  -2
21  -9
22  -5
25  -2
23  -3
20  2
23  -3
26  0
23  -8
25  -5
22  -1
25  1
24  -5
22  -3
21  -9
24  -2
25  5
22  -7
23  -4
23  -3
22  -4
20  5
22  -1
22  -6
23  1
26  2
22  2
26  3
24  -11
20  1
25  -5
23  -1
