21  -7
23  -13
22  3
25  12
21  -3
25  -1
21  6
22  2
25  12
28  3
26  4
22  -7
22  -8
27  -4
22  5
22  -2
22  -7
23  0
24  3
22  2
22  -2
24  5
25  -1
24  5
22  2
24  -4
21  -4
22  -7
24  8
24  -2
22  5
23  -2
24  -3
23  -6
19  -1
22  -1
22  -1
22  -6
26  4
20  8
24  5
20  2
20  5
22  4
24  0
21  3
20  9
24  -1
20  11
24  9
26  11
21  1
23  -12
26  -1
25  11
22  2
26  3
22  1
23  -8
19  4
24  8
25  12
22  -9
20  2
21  0
23  -13
24  8
25  6
21  -6
23  -14
23  -8
24  8
22  -8
21  -5
23  -9
23  -5
18  1
23  -11
25  7
24  5
22  3
27  -6
22  -7
23  -12
22  -6
25  2
24  7
22  5
25  5
22  -2
24  -3
25  5
23  -12
26  7
20  1
25  10
24  6
23  -9
24  8
22  -1
25  -1
23  -8
24  5
23  -8
23  -11
22  1
24  1
21  6
24  6
24  -4
23  -8
23  -11
25  9
25  0
22  -6
24  -3
22  -5
23  -4
25  9
28  5
22  0
25  3
25  1
25  3
22  1
25  2
23  -14
23  -11
23  -14
24  1
25  12
23  -4
24  0
24  1
25  4
22  4
27  1
21  -6
24  6
26  8
23  -3
22  0
24  4
25  5
23  -1
23  -1
23  -14
21  -1
23  -5
26  10
22  -4
25  2
26  -1
26  11
21  5
21  2
21  -2
21  2
27  -1
22  -8
21  -5
23  -1
26  5
22  -6
27  -2
20  0
25  11
20  -1
25  10
25  1
22  -1
24  4
22  4
22  -7
19  -3
22  -6
24  1
23  -1
25  12
21  -3
20  -3
23  -5
24  -1
24  4
24  5
26  9
22  4
24  -4
22  -7
24  10
23  -6
19  -2
24  7
24  7
25  -1
21  4
24  10
20  2
23  -12
26  2
24  10
26  6
24  6
22  -4
22  4
20  2
22  -6
23  -12
24  -1
22  1
19  -1
24  -2
23  -7
25  12
26  7
23  -8
21  6
22  -4
22  -7
23  -6
27  1
24  -1
20  6
25  3
23  -9
23  -10
20  -2
25  -1
20  9
27  0
23  -14
27  7
25  7
25  10
19  1
25  9
25  -1
23  -1
23  -13
23  0
22  -2
27  -4
27  7
21  1
23  -4
23  -14
23  -11
23  -6
22  3
26  4
21  1
26  12
20  -3
19  -8
23  -2
22  5
21  3
25  10
20  2
23  -11
26  8
24  -4
21  4
27  7
22  5
25  8
23  0
26  9
23  -3
22  -1
29  -1
28  9
20  3
22  -7
25  9
23  -1
22  3
23  0
23  -10
24  0
24  -3
24  1
22  1
23  0
25  3
23  -12
23  -14
23  -4
25  6
21  5
22  0
22  -2
25  10
26  11
22  -1
21  3
26  8
22  -9
18  -7
24  2
25  12
25  5
19  1
20  -3
25  5
26  6
23  -9
27  8
27  3
21  2
26  3
25  11
25  7
19  -10
23  -5
25  2
25  11
23  -6
23  -7
26  0
25  0
26  -2
24  0
21  -1
23  -5
22  -7
23  -1
26  2
23  -11
22  -4
18  -9
20  -1
23  -11
23  0
21  -1
22  5
24  4
22  -6
22  1
22  -9
29  4
24  7
23  -9
23  -9
22  -4
26  -2
24  -3
24  7
27  7
22  2
27  5
25  1
26  -2
23  0
22  -9
22  0
20  1
23  -6
20  10
25  -1
24  3
22  3
18  -6
20  11
23  -1
21  5
25  0
20  2
24  -1
24  10
21  -2
22  -3
27  -4
24  9
25  8
23  -4
25  9
23  -8
25  9
22  -3
25  5
20  10
27  6
24  10
22  -6
24  3
24  -4
22  1
25  0
23  -7
22  -8
20  5
23  -10
21  5
23  -5
23  -9
26  10
21  2
25  0
19  1
22  -8
22  -6
26  2
22  -8
24  1
23  -7
24  8
23  -4
19  -5
21  -2
28  12
23  -11
21  -7
27  5
24  4
21  -7
28  -1
22  -3
18  -9
20  -1
19  -2
24  -3
22  -5
23  -7
26  3
23  -9
22  0
22  1
22  -7
25  -1
19  -1
23  -1
25  0
27  -4
22  1
24  1
23  -6
24  -1
25  10
23  -3
22  4
23  -12
23  -5
23  -7
21  -7
23  -12
27  -3
27  1
21  5
23  -5
23  -1
22  -6
18  -6
23  -14
23  -3
21  4
22  -6
21  -6
25  3
23  -8
22  -8
21  -4
24  10
21  6
25  3
19  -4
22  -4
21  3
23  0
25  9
20  7
26  5
21  -8
23  -5
26  -1
21  1
26  0
24  3
24  10
19  3
25  5
24  6
24  2
23  -10
26  2
26  5
22  -5
25  11
24  7
24  1
21  -5
24  3
25  13
24  0
26  7
26  0
20  9
23  -10
23  0
22  2
24  -1
21  -8
22  -5
24  6
22  -6
22  -7
23  -6
19  4
27  -3
24  -2
24  10
23  -10
22  -5
22  -7
23  -12
22  0
20  10
25  7
22  0
20  6
22  -8
22  4
23  -3
20  10
21  6
27  -4
22  -4
21  3
24  5
21  -1
23  -11
24  -4
26  3
19  -5
22  0
25  10
21  4
24  8
22  -4
20  11
20  -1
26  7
25  8
26  7
23  -8
21  0
24  6
23  -14
23  -5
23  -4
25  7
27  2
25  7
24  -4
26  8
25  0
24  2
24  -3
22  -3
28  11
22  4
20  6
26  -2
23  -14
25  1
20  0
22  -3
19  2
22  -3
24  1
26  9
26  -1
21  5
21  -8
25  9
20  -1
24  3
20  7
26  8
20  7
26  7
24  -4
22  -1
24  5
24  10
22  -6
28  0
23  -2
21  -6
25  0
22  -7
25  12
23  -13
19  -9
23  -3
26  3
23  -13
22  4
23  -3
24  0
24  1
21  3
23  -8
24  9
23  -10
20  1
24  5
21  -5
24  1
23  -12
24  10
18  1
25  1
22  1
25  10
23  -11
23  -9
23  -13
24  8
22  -5
21  -1
23  0
22  -3
23  -4
28  -2
27  -2
23  -9
26  4
22  -6
22  -1
23  -6
22  -2
23  -8
24  0
22  -4
28  7
23  -4
22  -4
22  -2
23  -11
23  -6
25  10
22  -7
22  -5
22  5
22  0
26  9
22  -2
20  10
25  10
23  -13
23  -8
22  5
23  -1
25  0
27  0
24  4
24  4
23  -11
24  2
22  -4
22  2
23  -10
23  -8
25  7
24  2
24  -4
27  2
21  5
25  8
21  5
26  5
23  0
23  -10
20  8
23  -9
25  6
19  3
23  -10
25  7
23  -6
21  5
22  2
21  -3
23  -2
23  -2
24  2
23  -1
21  -8
23  -5
27  -3
24  7
21  6
24  5
22  -3
21  -8
21  -3
24  7
26  3
22  -6
22  -6
27  -3
20  0
26  12
25  10
25  0
19  1
24  -3
22  3
20  11
21  -7
22  -2
20  -3
22  -1
25  4
24  2
20  9
23  -11
24  1
24  2
25  5
22  3
21  4
26  7
27  -1
21  3
24  10
23  -4
26  -1
24  10
25  4
23  0
21  0
23  -9
24  9
24  -2
19  -6
21  5
22  5
24  9
23  -11
23  -9
22  -8
24  9
24  10
26  -1
23  -2
24  2
24  10
27  1
22  1
23  -12
20  8
17  -7
26  11
25  -1
27  -1
25  3
25  0
19  2
24  5
20  1
22  3
18  -4
24  7
27  -6
25  12
18  2
26  8
20  5
25  0
23  -6
21  3
22  0
25  3
25  2
23  -9
23  -1
18  -4
21  -3
24  10
28  12
24  6
23  -10
24  -1
21  -8
20  -3
21  -4
23  -2
27  3
24  6
23  -6
25  13
26  6
23  -14
25  -1
24  9
23  -2
26  -1
26  -1
25  -1
24  -3
25  3
23  -6
21  -5
21  -7
27  -3
25  2
22  -5
21  1
21  2
24  -4
24  6
20  4
23  0
25  7
21  -6
24  1
25  13
23  -2
25  6
23  -3
20  3
23  -8
27  -3
23  -13
23  -2
22  -9
22  -6
16  1
24  6
22  4
22  -8
24  5
26  12
24  5
24  6
20  8
24  8
20  -1
25  6
27  -2
22  -8
21  -2
26  1
22  3
25  12
21  -3
22  4
21  4
24  2
23  -5
24  8
22  -4
23  -9
22  0
22  4
26  7
23  0
26  12
28  6
26  9
25  -1
19  4
25  5
19  -3
24  6
22  -3
24  -4
19  3
22  4
23  0
26  -2
25  3
26  3
22  -5
25  8
23  -2
23  -1
21  5
23  -1
25  6
24  -3
25  12
23  -1
24  -2
23  -8
24  7
22  -2
22  -8
24  -3
22  1
20  11
24  10
22  -2
23  -9
22  1
19  -3
25  7
23  0
21  1
25  -1
19  -9
23  -5
22  2
21  -3
22  1
22  -9
25  9
21  5
20  -3
22  -8
24  7
21  -1
24  1
20  -1
22  -3
24  -1
22  5
23  -13
26  4
22  2
23  -8
22  -4
21  2
22  -8
22  -5
22  0
20  3
22  -7
22  5
23  -14
24  -3
22  -5
24  10
20  10
24  -1
21  -8
23  -8
21  -7
22  -7
23  -1
22  -9
24  -1
24  8
23  -14
23  -10
24  -3
25  -1
21  2
23  -7
26  8
20  9
23  -11
24  -1
23  -14
24  6
29  -7
22  3
23  -5
23  -6
23  -11
23  -4
22  -8
23  -4
23  -13
24  0
24  -3
27  -3
26  6
27  7
28  10
22  -7
24  9
23  -11
23  -3
25  6
23  -6
23  -11
22  -9
24  0
22  0
23  -8
24  0
24  0
26  0
25  13
28  12
23  -7
25  -1
23  -13
22  -6
23  -13
22  1
23  -8
22  -5
29  2
22  3
23  -10
23  -11
