18  -1
20  -6
21  -9
14  9
18  -4
18  -2
16  -1
19  5
18  0
16  2
16  1
18  -2
17  4
20  -8
20  -8
16  -2
18  0
16  -1
15  1
17  7
17  4
18  -1
20  -5
17  3
13  1
15  -2
18  0
18  -3
17  7
15  0
14  8
17  4
16  -1
17  5
18  -2
10  0
15  -2
18  0
15  -3
18  0
18  0
17  6
17  4
14  9
18  -4
16  -2
17  5
17  6
15  0
17  4
14  6
20  -7
13  3
16  0
19  7
15  0
16  0
17  6
15  0
13  5
15  1
14  7
19  9
16  -1
15  -3
15  0
16  2
18  -3
15  -3
18  -4
15  -2
13  3
17  3
17  3
17  4
20  -4
15  0
16  2
16  1
16  1
15  -2
15  -3
15  -1
17  5
17  6
16  -1
16  1
15  -2
14  8
19  6
15  -1
16  -2
19  5
19  9
13  4
15  -2
20  -6
16  -1
15  1
17  4
16  -2
18  -2
15  -1
16  2
16  0
15  -2
15  0
13  5
18  -4
19  8
15  0
19  6
15  -2
15  0
16  1
18  0
18  0
15  -3
15  -1
16  -2
16  0
15  -2
17  7
15  -3
15  -2
16  0
21  -9
21  -6
20  -8
13  1
18  0
19  6
18  0
16  -2
18  -3
19  6
16  -2
16  0
16  1
15  -1
20  -7
19  5
16  0
14  5
17  3
17  6
19  7
18  -4
18  -4
16  0
20  -7
17  5
15  0
14  9
17  3
15  0
17  3
16  1
14  8
16  -2
16  2
18  0
16  0
20  -6
15  -3
17  5
18  -2
16  -2
16  -1
17  5
16  -1
14  5
11  -1
16  0
14  9
13  4
18  -1
18  -1
15  -3
17  3
17  4
17  3
18  -1
16  2
17  5
18  0
13  5
17  5
15  -1
16  2
13  5
16  0
16  1
14  6
17  5
15  -3
15  1
15  -2
18  -4
16  1
15  1
18  -3
17  4
19  9
17  7
18  -2
17  7
17  4
14  6
17  3
18  -3
18  -4
18  -1
17  6
16  -2
19  5
17  7
14  8
19  6
17  7
15  -2
16  -1
14  9
19  5
17  6
15  -1
17  7
15  -2
14  7
16  2
17  5
15  1
15  0
15  0
14  9
17  6
14  9
15  0
16  -1
15  1
13  4
17  5
15  1
18  -4
13  4
16  -1
19  7
17  4
16  2
16  1
17  3
18  -2
14  7
12  4
16  2
15  -2
19  7
17  7
15  -1
15  0
19  6
17  5
16  -2
16  -2
16  2
17  7
14  6
17  5
19  5
16  2
15  0
18  0
17  3
16  2
19  9
14  7
16  1
14  6
15  0
18  -3
13  4
18  -3
16  2
18  0
15  -2
14  6
17  3
18  -3
17  3
15  1
16  0
16  2
18  -2
15  -1
16  -2
14  9
15  -1
18  -1
17  4
16  2
16  1
16  1
17  5
18  0
15  1
18  -2
16  0
17  5
18  0
16  1
13  5
18  -2
16  -1
18  -4
16  -2
16  -1
16  -1
19  9
18  -2
19  8
15  -3
17  4
13  1
15  1
15  -3
18  -4
16  0
15  1
17  7
18  -2
19  8
15  -1
17  7
15  1
17  6
18  -3
16  0
18  -1
16  -1
16  1
16  -2
17  4
16  1
17  4
17  3
16  -1
16  0
19  7
16  2
18  -2
17  3
13  3
18  -2
15  -1
17  7
17  4
20  -6
14  6
19  5
16  2
15  -3
14  8
18  -1
18  -1
17  5
16  2
15  -1
16  1
16  0
17  5
14  5
19  5
16  2
15  1
16  -1
15  0
13  1
17  4
18  -3
17  3
14  8
16  0
17  7
18  -3
17  6
17  3
18  -3
17  5
18  0
17  7
18  -1
13  5
17  5
19  6
17  5
16  -2
15  -2
15  0
17  7
14  8
19  9
16  0
17  7
19  9
16  1
14  9
17  5
16  2
14  7
16  1
14  7
19  9
18  -3
18  0
19  6
15  1
18  -3
17  5
15  -1
17  6
17  4
15  -1
15  1
16  -2
14  7
14  8
15  1
16  0
18  -4
18  -2
16  -1
17  7
17  4
18  -4
16  1
17  6
17  3
14  6
16  -2
16  -1
16  2
20  -5
16  2
16  1
16  -2
19  6
14  9
19  5
18  -1
18  -1
16  -1
15  -1
17  7
14  5
18  -2
16  -2
17  3
18  0
14  5
15  -2
20  -6
15  -2
19  6
14  6
18  0
14  6
18  -3
17  5
18  -2
17  4
14  5
20  -4
15  1
18  0
16  2
17  5
17  6
16  1
17  4
17  7
14  9
15  -1
16  0
16  1
16  -1
17  5
17  6
20  -8
15  1
14  7
14  8
19  6
14  8
17  5
17  4
17  7
17  6
14  9
15  -3
17  7
18  -2
16  -1
18  0
16  1
16  1
17  5
16  2
16  -1
15  1
17  4
17  4
20  -4
15  0
15  0
16  -2
15  -2
16  -1
15  -2
18  0
17  6
16  -1
16  2
17  4
16  -1
18  -2
15  -1
16  1
14  7
16  2
15  -1
17  4
20  -7
15  -1
14  9
16  1
14  7
17  5
15  -1
17  5
18  -3
17  3
13  4
14  7
12  3
16  1
18  0
16  0
17  4
17  5
17  4
18  -3
15  -1
15  -2
15  -1
15  -1
14  6
15  -1
14  8
13  3
15  -3
18  0
15  -1
15  -3
15  -3
18  -1
17  7
16  1
15  -3
15  1
16  -2
17  6
13  1
16  -1
14  5
15  -3
12  5
14  7
15  0
17  3
15  0
16  -2
17  3
16  2
17  7
15  -3
14  9
18  -2
17  5
18  -1
17  3
15  -3
14  6
17  4
14  7
17  5
16  2
18  -2
15  -3
14  6
13  1
18  -4
19  9
14  9
20  -7
15  -1
19  5
17  3
18  0
17  6
16  1
17  5
17  3
17  7
16  2
15  -2
19  7
18  -1
18  -2
15  -3
18  -4
17  6
16  1
16  2
16  1
17  4
12  7
14  8
15  0
14  7
17  7
19  7
16  -2
20  -5
17  7
14  6
13  1
15  -2
17  7
19  9
15  -1
16  1
16  0
14  9
18  -2
15  0
16  2
16  -2
15  1
18  0
14  7
14  8
17  4
15  -1
16  0
15  0
17  7
15  0
17  5
20  -4
15  -3
14  6
16  -2
13  4
17  3
15  -1
17  4
17  7
18  0
14  5
17  5
19  8
16  0
16  2
18  -2
15  -3
16  2
13  2
16  2
15  -3
17  7
15  0
17  6
12  6
13  1
14  7
16  0
17  4
16  2
12  5
16  0
15  -1
19  6
15  -3
17  5
18  -4
18  -1
15  -2
15  0
16  0
14  6
18  -4
20  -4
17  6
16  2
15  0
15  -1
18  -2
15  1
14  6
19  8
17  4
16  0
20  -8
15  -1
15  -2
17  6
19  7
14  5
19  7
15  -1
16  1
20  -6
16  2
17  3
15  -3
17  3
19  5
15  -2
17  4
19  5
17  7
16  -2
17  6
13  2
19  5
17  7
14  5
18  -4
17  4
14  5
13  1
18  -2
16  0
16  1
15  0
15  -1
16  -2
19  6
16  0
15  -3
16  0
19  6
17  7
19  5
16  1
19  6
14  8
16  -2
17  5
16  -2
18  -4
16  -1
16  1
17  3
16  -1
14  9
19  9
17  6
14  8
12  3
13  4
16  -1
14  6
17  7
15  -1
17  4
16  -1
14  5
14  8
14  9
15  0
17  3
15  -1
14  5
14  9
17  6
17  7
18  -3
16  -2
16  0
14  8
15  0
16  0
17  5
17  6
14  5
14  7
18  0
16  1
14  6
18  -3
15  0
15  0
17  5
16  -2
17  4
16  0
18  -2
15  -3
17  3
16  0
16  1
15  1
17  7
16  -1
16  -2
14  5
15  -2
18  0
16  2
14  7
17  4
14  8
18  0
17  6
16  -2
15  0
16  2
14  6
16  0
18  -4
15  -2
18  -4
10  3
16  -2
18  -2
18  -3
16  0
17  3
19  9
14  8
17  6
16  0
14  5
16  -1
19  6
15  0
17  4
19  5
16  -1
15  0
19  8
16  2
13  4
12  6
14  7
17  3
14  7
17  4
16  -1
14  9
16  -1
16  -1
17  6
16  -2
21  -6
15  1
16  1
16  -1
17  6
15  -3
16  1
17  5
14  5
13  4
17  4
19  5
20  -6
18  0
16  0
19  5
15  0
21  -5
18  -4
18  -3
19  6
14  9
21  -5
17  5
21  -9
18  0
17  4
16  2
15  -1
15  1
16  1
18  -4
20  -4
16  2
13  3
18  -2
16  1
16  -2
16  -2
16  2
16  -2
15  -3
15  0
15  -3
16  1
13  5
16  1
15  -1
16  -2
14  5
14  5
15  -3
16  0
14  8
15  -2
17  5
18  -1
16  -2
17  4
13  2
18  -2
18  -1
18  -4
19  5
11  -2
18  -4
17  5
16  -1
13  3
17  5
20  -6
16  2
14  8
16  -1
17  5
17  3
17  3
17  7
16  -1
17  4
11  0
16  0
16  -1
18  -1
19  6
20  -5
15  1
14  7
16  -1
15  1
17  5
20  -8
14  6
16  1
17  4
16  1
14  8
13  1
15  -1
14  5
15  -2
16  0
18  0
18  0
17  6
14  8
17  5
17  6
14  7
14  6
16  1
16  -2
19  7
17  3
16  1
14  5
17  5
15  -3
17  3
21  -7
18  -3
19  5
14  5
19  7
19  9
16  2
18  -2
17  3
18  -2
16  0
13  4
17  4
18  -3
15  -1
17  6
