17  5
17  6
16  2
19  -2
17  5
16  0
18  0
15  -2
16  2
17  6
15  -2
18  2
17  4
14  -5
15  -2
15  -3
19  -3
15  -2
16  2
18  1
17  6
16  1
16  1
17  5
14  -4
15  -1
20  1
17  4
15  -2
17  6
16  1
17  5
19  -4
17  4
17  6
19  -3
18  1
16  0
17  6
18  2
16  2
17  6
16  1
18  2
15  -1
18  1
17  4
17  4
16  0
16  0
17  5
16  2
15  -3
17  4
17  5
17  6
18  0
16  1
17  6
18  2
16  0
16  0
18  2
16  1
17  4
18  0
14  -6
17  4
18  1
18  0
17  4
17  4
18  0
16  2
17  5
17  4
15  -2
15  -2
19  -3
17  5
16  2
16  0
15  -3
17  6
18  0
15  -1
15  -3
18  1
18  0
18  2
18  2
16  2
17  6
17  5
15  -3
15  -2
17  5
14  -5
19  -2
17  6
18  1
15  -1
16  0
18  2
15  -2
16  0
14  -5
16  1
15  -3
16  2
18  2
17  6
20  0
16  1
17  4
15  -1
15  -2
16  2
16  0
17  4
19  -3
17  6
17  6
17  4
15  -2
15  -2
16  2
18  2
17  6
17  5
18  1
18  2
18  1
14  -6
18  0
18  1
16  1
18  1
17  6
18  1
18  2
15  -3
18  1
16  0
16  0
16  2
18  2
16  2
20  -1
17  5
16  1
17  4
18  0
15  -3
17  4
17  5
18  1
17  6
16  2
18  1
19  -2
16  0
17  4
15  -3
16  1
16  0
17  5
18  2
16  0
19  -4
17  5
16  1
16  0
16  0
17  5
17  5
15  -1
14  -5
16  2
19  -2
17  4
17  5
20  -1
17  5
16  0
16  0
15  -1
17  5
16  1
18  1
19  -3
15  -2
15  -1
17  4
15  -1
16  0
15  -3
17  5
20  0
17  5
16  1
17  5
17  6
17  5
16  2
15  -3
18  1
16  0
15  -3
16  0
16  0
19  -2
15  -2
15  -1
15  -1
18  0
17  5
18  0
16  0
18  1
18  2
17  4
16  2
16  1
16  0
18  1
15  -1
17  4
15  -2
16  0
15  -1
17  4
16  2
18  0
17  4
18  1
15  -1
16  1
15  -2
15  -1
14  -6
17  6
18  0
19  -4
18  0
17  5
18  1
16  0
16  1
19  -3
16  1
16  0
14  -6
16  1
14  -4
16  0
17  5
15  -2
18  0
17  6
16  1
18  0
17  6
15  -3
16  1
15  -2
17  6
16  0
17  4
15  -1
17  4
16  2
17  5
19  -2
17  5
16  1
20  1
18  0
16  1
15  -1
17  4
16  0
16  2
18  1
17  6
15  -2
17  5
15  -2
17  5
16  0
17  5
15  -2
18  0
18  0
17  6
16  1
16  2
17  5
18  1
15  -2
17  4
17  5
16  0
15  -3
15  -2
15  -2
17  6
17  6
19  -4
14  -6
15  -2
15  -3
16  2
17  6
17  6
17  4
17  5
16  2
18  1
18  2
18  1
15  -1
17  5
16  1
17  4
17  5
17  5
18  0
17  6
16  1
17  6
18  1
18  0
17  5
16  0
16  0
17  4
16  2
16  1
16  2
17  4
18  1
17  5
16  1
17  5
18  2
17  6
18  1
17  4
20  -1
17  5
20  -1
15  -1
16  0
16  1
16  1
17  6
17  6
17  4
17  6
19  -3
15  -2
17  6
18  0
16  2
14  -5
15  -1
17  4
18  1
19  -2
17  6
16  2
16  1
19  -2
18  2
18  2
16  0
17  5
17  5
17  6
16  2
16  0
17  6
18  0
16  1
18  1
16  0
17  4
15  -2
17  6
16  0
18  1
17  6
17  6
17  4
17  4
16  2
17  4
16  2
18  1
17  4
17  6
19  -2
15  -1
15  -1
17  6
15  -2
16  1
18  1
15  -2
17  6
19  -3
17  4
16  1
18  0
16  2
16  0
15  -2
18  2
19  -2
15  -3
15  -3
16  2
17  4
17  5
17  4
16  2
16  1
19  -4
16  1
17  6
15  -2
15  -1
16  2
16  2
16  2
16  2
17  5
19  -2
18  1
16  2
17  5
16  2
16  0
16  1
17  6
15  -2
17  5
16  2
16  2
17  4
15  -2
15  -2
17  6
16  2
17  4
20  -1
18  0
17  6
17  4
17  6
17  5
17  6
17  4
16  2
18  2
15  -2
20  -1
16  2
15  -1
15  -3
14  -5
16  0
16  2
19  -2
16  0
17  6
16  2
19  -3
16  0
16  2
17  5
15  -3
14  -6
15  -1
19  -4
17  6
17  6
18  0
16  2
16  1
16  0
19  -2
17  6
15  -1
15  -3
18  2
15  -1
18  0
18  1
18  2
17  6
17  6
16  0
17  6
18  2
16  0
15  -3
15  -3
17  4
19  -4
16  1
18  0
16  0
17  4
16  0
17  4
13  -4
17  4
17  4
18  1
19  -3
16  2
17  4
16  2
19  -4
17  6
16  1
18  0
15  -3
16  2
17  4
16  2
15  -1
19  -4
17  6
19  -3
16  1
17  4
16  1
16  2
17  6
16  0
18  2
17  5
15  -3
15  -2
17  6
18  0
16  2
15  -3
17  4
18  2
16  2
17  5
17  5
17  5
16  0
17  6
19  -2
17  5
16  1
16  2
18  1
16  1
16  1
17  4
18  0
17  6
17  4
16  2
17  5
15  -2
17  6
17  4
17  4
18  2
19  -2
17  4
17  6
15  -3
17  6
19  -4
16  1
19  -4
17  4
17  5
15  -3
18  1
17  4
16  1
17  6
17  6
17  5
17  6
16  1
15  -2
16  1
17  4
17  6
16  2
17  5
16  1
18  0
18  0
18  1
17  4
19  -3
18  1
20  0
18  1
18  0
15  -1
18  0
17  6
18  1
17  5
17  4
17  5
15  -2
17  4
16  2
17  4
16  0
14  -6
17  6
20  1
16  2
16  0
19  -4
17  6
17  5
16  2
16  0
16  2
18  1
14  -5
16  1
15  -1
16  0
18  2
17  6
18  1
15  -2
15  -3
17  4
17  5
18  1
16  1
18  2
17  6
18  2
15  -3
16  0
18  1
18  1
17  5
18  0
16  2
15  -2
16  2
18  2
19  -4
17  4
17  6
17  6
18  1
17  6
16  0
18  2
15  -2
19  -4
18  0
17  6
16  2
17  6
15  -2
15  -1
15  -2
15  -1
18  2
18  1
16  2
18  2
17  6
17  4
16  2
18  0
15  -3
19  -3
16  0
18  1
17  4
17  5
16  2
18  0
18  1
17  4
17  4
16  1
16  1
17  4
18  0
17  5
16  2
15  -3
15  -3
15  -2
17  6
16  1
18  1
16  0
15  -1
16  1
15  -1
17  4
18  1
16  1
17  6
16  0
18  2
18  2
19  -4
17  4
16  2
17  4
14  -6
16  2
18  1
17  6
17  5
17  5
17  4
16  1
18  0
16  1
19  -2
16  1
16  0
17  5
19  -3
16  2
17  4
15  -1
18  0
16  1
14  -5
16  2
17  5
17  4
15  -1
16  0
18  1
16  2
16  1
15  -1
18  1
16  1
15  -2
18  1
16  1
17  6
17  6
19  -2
19  -3
17  4
18  1
15  -2
15  -1
16  2
17  5
19  -4
16  0
18  1
17  4
15  -2
16  0
17  4
15  -1
16  1
18  1
18  2
16  2
16  1
18  0
17  4
16  2
17  6
17  4
17  6
16  0
16  2
18  1
19  -4
15  -1
17  4
18  1
15  -2
17  4
14  -6
16  0
17  5
17  4
19  -3
14  -6
16  0
14  -5
16  2
16  2
17  5
17  6
18  1
15  -2
14  -6
18  1
16  0
17  6
17  4
15  -2
16  2
16  1
15  -1
16  1
17  5
17  6
17  5
18  0
16  2
16  0
15  -1
19  -3
17  6
17  4
18  2
15  -2
17  4
16  1
18  1
16  2
18  2
17  5
15  -3
17  6
18  0
17  4
16  2
15  -1
17  5
16  2
16  2
16  1
16  1
18  1
16  0
17  4
15  -2
16  2
18  2
14  -4
18  2
18  2
18  0
15  -2
17  5
16  0
17  5
18  2
17  6
18  1
18  0
18  2
16  1
17  5
16  1
20  -1
17  5
16  1
14  -5
18  0
18  0
16  0
17  6
16  1
16  1
19  -3
15  -3
16  1
17  6
15  -1
14  -6
16  0
18  1
14  -5
17  5
17  4
17  5
16  1
17  4
17  5
16  2
16  2
19  -3
16  0
17  6
17  5
14  -5
17  5
16  0
19  -2
14  -6
17  4
19  -4
16  0
17  4
18  2
15  -3
17  6
16  1
18  1
19  -4
15  -1
16  2
16  0
17  6
18  2
16  1
15  -2
17  5
16  0
17  5
19  -3
16  0
16  2
17  6
17  4
17  6
15  -3
15  -1
17  4
18  0
16  1
18  1
16  0
16  1
16  2
17  5
15  -3
18  0
17  6
18  0
17  5
17  5
16  0
19  -3
19  -2
13  -4
16  1
18  2
17  4
18  1
18  2
18  2
20  1
15  -1
19  -4
17  5
19  -4
19  -3
16  1
17  4
16  1
16  0
18  0
17  5
17  6
18  1
17  4
17  5
16  2
17  6
16  1
16  0
17  4
15  -1
17  6
17  6
16  2
17  5
18  2
17  4
17  4
15  -3
16  2
14  -5
16  1
17  5
18  2
17  6
17  5
17  5
