17  3
19  -7
19  -5
15  -4
17  -6
18  3
17  -9
17  -10
13  -8
18  -5
14  8
21  9
21  8
17  -9
18  -8
19  -6
21  9
15  1
18  -8
14  4
17  1
14  4
21  12
19  -7
16  2
17  -10
15  1
17  -2
17  2
12  -10
13  -9
18  1
17  -4
14  2
16  7
17  -4
17  -3
18  1
20  1
17  -2
15  -2
17  -3
20  1
15  0
19  -7
16  5
17  -5
15  3
16  7
14  0
19  -3
16  -1
15  3
17  3
16  3
18  -6
17  -11
14  7
15  2
16  1
16  1
16  5
18  -9
20  -1
13  0
15  -7
17  -7
14  10
19  3
17  -4
16  -1
22  6
16  -1
17  -2
17  3
20  -1
20  -1
18  -4
17  -2
17  -8
18  1
14  6
16  2
13  1
21  0
16  6
14  4
17  -4
15  5
15  1
18  1
17  -1
13  -1
17  -10
17  -6
15  -5
20  -11
19  3
18  -3
18  5
19  -7
17  -2
17  -3
16  7
14  2
19  5
17  -3
16  -1
18  4
13  -3
15  0
14  8
13  -1
18  -8
14  9
17  -6
18  -5
15  2
15  -7
16  10
17  -9
19  -7
14  10
15  0
17  -8
19  -9
17  -9
17  3
12  -11
14  7
17  -2
12  -1
21  12
16  12
15  0
15  3
15  -4
18  5
16  1
13  -6
19  -7
16  12
14  7
17  3
18  5
17  -3
20  -4
16  10
17  -2
16  7
19  -2
17  -5
12  -8
13  -7
19  -6
17  2
17  -4
17  2
16  0
17  -4
16  -1
19  2
19  2
17  -2
16  12
19  3
18  -5
14  0
18  -4
19  -2
22  8
17  -6
18  -8
17  -6
16  2
14  11
19  -5
17  -4
18  -1
16  3
15  -2
18  2
15  -4
21  3
17  -11
19  -6
17  -8
17  -7
17  -4
16  8
14  0
14  5
19  -9
14  13
18  0
16  4
18  -1
15  -3
19  -9
19  0
15  -9
15  -2
15  4
13  4
15  1
19  -7
21  9
16  9
17  0
18  -4
14  7
20  -13
17  2
16  1
14  12
14  13
17  0
18  -8
16  9
16  13
16  3
17  -6
20  -5
19  0
17  0
16  2
17  -10
20  1
17  0
18  0
13  -2
17  -4
15  5
17  -7
22  1
15  0
17  1
20  -6
18  -6
14  8
23  0
15  -1
16  4
19  1
15  4
16  2
17  -10
18  2
15  -5
18  -1
16  10
15  3
16  12
16  5
18  4
13  1
18  2
13  0
18  -1
13  2
14  11
19  -3
17  3
17  -9
18  -8
16  -1
19  4
18  -2
20  -1
19  -4
16  3
15  -2
16  1
15  3
19  5
19  2
21  6
18  0
19  -9
18  4
17  -8
17  -10
16  9
16  5
19  -8
16  0
15  0
15  -1
15  4
17  -9
14  3
19  -7
16  -1
20  -12
15  4
17  -10
16  8
19  0
17  -8
16  7
15  -7
16  2
17  -8
17  1
19  -8
21  3
15  3
17  -10
18  -1
14  0
19  -2
14  12
21  1
15  -9
18  -4
16  8
18  -2
20  -3
17  0
15  -7
16  3
18  5
13  -9
21  5
19  -9
17  -3
13  1
14  5
17  -8
18  2
17  -5
18  -3
18  3
18  -8
15  -4
21  2
22  0
14  3
16  9
15  -2
13  -9
18  4
16  4
16  -1
18  3
16  5
20  -9
17  -3
17  -7
18  5
16  5
15  -1
21  8
17  3
16  2
16  9
16  5
15  -7
17  -4
20  -2
21  8
19  -8
18  -1
16  8
18  -6
21  11
18  -2
19  -7
18  -6
18  5
15  -9
17  -3
17  -5
14  11
17  -3
20  -6
16  5
14  6
20  0
17  -8
16  12
17  1
15  0
13  -9
15  0
17  -1
18  4
17  -10
16  6
17  -3
18  -6
18  -4
19  -9
17  -11
18  0
20  -9
18  -1
19  -2
16  5
15  2
19  -2
17  -4
18  -8
16  13
18  -9
16  -1
20  -1
19  -2
17  2
14  4
20  -6
19  2
13  2
18  4
19  -3
18  -1
16  10
13  -2
15  2
15  -6
17  -1
17  1
21  9
16  3
14  13
18  -3
13  -6
19  -3
15  1
16  10
19  3
16  6
18  -3
23  -6
14  2
14  13
14  3
18  0
15  -7
16  7
16  6
17  3
20  -7
19  -2
17  -8
18  5
15  -4
17  -11
18  -6
18  -2
19  -2
17  1
22  -2
20  -9
14  12
16  2
19  5
18  5
16  6
16  8
16  9
19  2
16  13
21  3
15  -1
20  -11
19  -6
19  4
18  0
17  1
20  -10
18  -9
17  -8
13  -9
17  0
18  5
14  12
19  -7
14  4
15  -4
17  2
18  -8
20  -1
19  0
17  -10
14  2
18  -6
17  -9
18  -4
13  -6
19  -6
16  13
14  11
14  13
18  4
18  -6
19  -6
15  -9
17  0
18  0
18  4
15  -9
16  10
19  3
18  2
18  -9
16  1
18  4
16  8
15  -8
21  8
20  -10
13  -8
14  2
18  -1
15  0
15  2
13  3
17  -9
19  -9
18  2
13  0
16  1
20  -8
17  -10
20  -8
16  11
18  2
16  9
15  -7
16  6
18  -6
13  -5
17  2
17  -5
17  -5
15  2
20  -2
15  2
16  6
19  5
17  -3
15  -2
13  -9
19  -2
16  9
14  3
16  11
19  0
17  -8
16  5
21  14
16  13
16  9
15  0
18  4
18  -5
14  3
18  3
22  4
17  -1
19  -5
17  -5
22  -5
17  -4
17  -8
19  -3
15  5
18  4
13  3
15  3
16  11
19  0
19  -2
19  1
11  -5
16  8
16  3
15  -7
16  5
18  -2
16  -1
13  -4
17  -4
15  3
15  3
19  5
21  8
18  3
17  -4
16  7
19  -3
21  2
19  -1
16  5
20  -2
18  -7
21  4
20  -6
17  -9
17  -7
18  5
16  10
17  1
19  5
18  -1
15  -7
19  -2
18  0
18  -2
19  -4
15  -5
18  4
16  13
17  1
22  5
19  -7
20  0
21  0
17  -7
14  9
14  4
17  -3
15  -1
18  3
18  3
16  11
15  -2
16  10
17  -3
18  -2
17  -11
18  -1
17  -9
14  7
16  4
16  5
13  5
18  -3
17  -2
18  -8
16  0
18  -5
12  -4
15  4
21  9
18  -1
19  3
19  -5
17  -6
18  4
21  6
19  -7
20  -7
17  -4
16  9
15  4
15  -5
14  13
17  -6
22  -2
18  -5
17  -5
16  2
18  -4
16  4
17  -11
19  5
16  13
20  -9
18  1
20  -3
20  -6
17  -3
18  5
19  3
19  -9
18  -4
17  -2
12  -12
18  -1
13  4
18  2
15  -2
18  -3
14  6
18  -3
16  2
17  -9
17  -4
16  10
17  2
18  -6
17  -5
21  2
17  -6
16  6
15  0
17  0
18  -5
16  12
14  12
17  -2
16  11
19  -1
21  6
16  7
17  -2
17  -10
17  -9
17  -7
18  -9
17  -3
19  -5
17  -3
21  13
17  -3
18  5
16  10
17  2
18  5
15  5
19  -2
18  -9
20  -7
20  -6
20  -11
15  -7
14  13
18  -8
20  -6
18  -4
18  -4
15  4
19  3
20  -7
17  2
18  -2
16  11
11  -4
16  3
18  -1
19  -3
20  -11
18  -4
17  -3
17  2
18  -4
17  3
16  9
18  0
18  -9
19  0
18  4
15  -1
13  -8
16  0
18  -3
16  9
15  -7
15  3
16  12
19  -5
19  1
20  -7
16  13
15  4
19  4
15  -7
19  -8
16  4
20  0
16  7
18  -9
18  2
22  7
17  -10
17  -1
15  1
22  1
16  13
16  7
17  2
17  -6
13  2
19  -2
13  -4
18  -9
20  -1
16  11
15  5
16  12
16  7
17  -9
17  -10
17  -11
16  1
16  9
18  -6
17  -1
18  1
16  8
16  9
18  3
19  -9
18  1
14  9
16  12
16  0
17  -6
12  -3
16  8
18  -2
16  8
19  -9
14  7
17  1
21  3
16  10
20  -6
19  -4
16  11
16  6
18  2
20  1
19  -6
21  0
16  2
16  6
14  0
14  11
15  -1
14  4
17  1
19  -6
14  12
17  -4
20  -1
16  1
19  4
17  -8
16  5
16  12
18  -6
13  -3
19  4
15  4
17  2
19  -4
20  0
17  -6
18  -7
19  -7
15  0
18  -1
18  -5
15  3
19  2
19  1
18  -4
17  -7
19  -5
18  4
18  5
19  3
17  -8
15  -2
20  -6
18  5
16  13
12  0
21  9
17  -8
17  0
16  3
19  2
20  -7
18  -2
18  -2
18  -1
17  -2
17  -5
19  -8
16  2
16  7
17  3
19  -4
15  2
17  -4
19  5
20  -8
19  3
17  -9
19  -1
21  11
17  0
12  -13
16  5
16  11
16  9
18  -2
18  5
17  -2
15  0
15  -2
15  -8
15  -3
15  -8
22  1
14  4
17  0
14  4
16  8
16  5
18  -4
18  -4
15  -8
19  -7
18  5
17  -7
17  -1
15  -5
17  -6
14  10
17  -9
16  0
17  -7
20  -1
16  2
17  -2
17  -6
17  2
15  -4
11  -9
19  3
15  3
20  -5
17  -6
20  -6
16  4
15  -3
16  3
16  13
20  -2
17  2
16  8
16  3
15  1
19  -5
19  5
18  -9
17  -5
13  2
14  0
19  5
16  2
18  -9
15  4
15  -7
20  -7
16  -1
21  0
16  0
19  -7
24  1
16  11
17  -11
15  4
18  -8
17  -10
14  11
15  -6
22  8
18  5
20  -3
17  -7
18  -6
15  -5
16  6
18  5
18  -4
17  -8
19  -1
15  -8
21  8
16  7
16  10
13  -7
16  12
18  5
14  -1
18  -5
18  4
16  0
17  1
20  -5
17  1
19  3
20  0
17  3
