17  -4
16  -2
14  -3
17  -4
16  -3
14  -2
17  -2
17  -2
14  -3
18  -8
18  -7
16  -3
17  -4
17  -3
19  7
17  -4
14  -3
17  -2
15  -1
16  -3
16  -3
16  -3
17  -2
17  -3
17  -2
18  -8
18  -8
17  -2
17  -3
15  -3
18  -8
17  -2
16  -1
20  4
17  -4
14  -2
17  -3
17  -4
17  -2
16  -3
18  -7
18  -6
18  -8
14  -4
18  -8
16  -3
15  -2
15  -3
18  -6
16  -3
19  5
15  -1
18  -7
17  -2
15  -2
14  -2
16  -1
16  -1
19  6
17  -4
18  -8
16  -3
18  -6
16  -2
15  -3
18  -7
18  -8
17  -2
17  -4
16  -3
15  -3
16  -1
16  -3
16  -1
15  -3
16  -3
19  5
16  -3
15  -1
19  7
19  6
17  -4
13  -3
16  -3
16  -2
16  -1
18  -8
17  -2
16  -1
16  -3
16  -3
18  -8
15  -3
16  -2
15  -1
17  -3
17  -4
16  -1
17  -4
15  -3
18  -8
15  -1
16  -3
18  -8
18  -7
17  -2
17  -4
18  -7
15  -1
16  -3
19  6
17  -3
17  -3
17  -3
17  -2
17  -3
16  -2
15  -2
17  -3
16  -2
17  -2
17  -3
16  -1
19  7
16  -2
16  -1
16  -1
17  -3
15  -2
16  -1
15  -2
18  -6
17  -2
17  -2
16  -2
17  -2
18  -7
17  -2
15  -1
16  -2
16  -2
15  -1
17  -4
16  -1
18  -8
15  -3
17  -2
19  6
15  -3
15  -2
15  -1
17  -3
17  -4
17  -3
17  -2
17  -3
15  -1
16  -1
16  -1
17  -2
19  5
17  -3
17  -2
16  -1
20  4
19  6
17  -3
16  -1
16  -3
17  -3
18  -6
18  -6
15  -2
16  -3
16  -3
18  -8
18  -8
18  -7
15  -3
15  -1
16  -1
18  -8
18  -7
16  -1
17  -2
15  -3
17  -4
16  -2
16  -2
18  -7
20  6
18  -7
15  -1
17  -2
17  -4
16  -1
17  -2
15  -3
15  -2
17  -2
17  -4
15  -3
18  -7
18  -6
16  -1
16  -2
18  -8
16  -2
16  -3
17  -4
18  -8
14  -2
17  -3
15  -1
17  -4
16  -3
17  -3
15  -2
13  -3
17  -4
16  -2
16  -2
16  -2
18  -6
17  -2
15  -1
17  -3
14  -2
17  -4
17  -3
16  -1
15  -2
18  -8
17  -4
19  7
15  -3
16  -3
16  -2
16  -1
16  -3
16  -2
17  -4
16  -3
16  -3
19  6
18  -6
17  -3
17  -3
16  -2
17  -4
17  -4
17  -3
16  -2
18  -7
18  -6
18  -6
17  -4
15  -3
17  -3
16  -1
17  -3
18  -6
16  -2
19  6
18  -6
17  -3
16  -2
17  -3
17  -2
15  -1
16  -3
15  -3
17  -4
15  -3
16  -2
16  -1
17  -3
16  -1
18  -6
16  -3
17  -2
16  -2
17  -3
18  -6
15  -3
13  -3
14  -4
16  -2
17  -2
17  -2
16  -1
16  -1
15  -1
17  -4
16  -2
17  -4
18  -6
16  -1
15  -1
16  -3
17  -3
17  -4
16  -3
16  -3
19  7
16  -1
18  -8
16  -2
18  -7
14  -3
16  -3
16  -3
16  -2
18  -6
17  -2
18  -8
19  6
15  -2
18  -8
16  -1
16  -2
18  -7
17  -2
18  -6
16  -2
16  -2
16  -1
17  -2
18  -6
16  -2
19  7
17  -2
17  -4
17  -4
16  -1
18  -6
17  -3
17  -3
17  -3
17  -3
16  -3
17  -4
16  -3
17  -3
16  -3
17  -3
17  -2
16  -3
19  6
18  -6
15  -3
18  -8
16  -1
15  -3
16  -3
20  4
18  -6
16  -2
17  -3
17  -3
17  -4
18  -8
18  -6
18  -8
18  -6
16  -2
17  -2
16  -1
16  -2
17  -2
19  5
18  -7
17  -2
17  -4
18  -7
15  -3
17  -2
19  6
18  -7
18  -6
16  -3
18  -6
18  -8
15  -3
16  -3
18  -6
19  5
16  -3
18  -8
17  -3
17  -2
17  -4
17  -4
17  -2
20  5
16  -2
16  -1
16  -2
21  2
16  -1
16  -2
15  -3
18  -7
16  -1
17  -4
19  7
18  -6
19  5
15  -1
16  -2
15  -2
16  -3
16  -2
16  -3
16  -2
16  -3
18  -7
15  -1
18  -6
15  -3
15  -3
16  -3
17  -4
17  -2
16  -3
16  -1
17  -4
19  7
18  -6
17  -2
17  -3
18  -7
14  -4
18  -7
17  -4
17  -3
17  -3
17  -2
18  -6
16  -2
17  -3
14  -2
17  -2
16  -3
16  -2
17  -2
20  6
17  -4
17  -4
14  -3
19  6
18  -6
18  -8
18  -6
19  5
17  -4
17  -3
17  -3
18  -6
19  7
14  -3
15  -1
16  -3
17  -2
19  6
18  -6
15  -2
18  -7
17  -2
14  -3
17  -4
16  -3
15  -3
18  -7
18  -6
16  -1
19  7
16  -1
17  -3
19  6
15  -2
16  -3
14  -4
18  -7
15  -2
15  -1
16  -2
17  -4
16  -2
17  -2
16  -1
16  -2
18  -7
17  -3
15  -1
19  5
17  -3
17  -4
14  -4
17  -2
16  -1
17  -3
18  -6
18  -6
18  -8
20  5
17  -3
15  -2
17  -4
16  -2
16  -3
15  -2
16  -3
15  -3
16  -2
17  -4
19  7
16  -1
17  -2
14  -2
18  -6
18  -6
18  -6
17  -2
18  -7
17  -2
15  -2
17  -3
18  -7
16  -2
17  -2
16  -1
16  -1
18  -8
16  -2
18  -6
17  -2
17  -2
15  -3
17  -2
16  -1
18  -8
16  -3
19  5
18  -7
16  -1
17  -3
17  -2
14  -4
18  -7
13  -3
17  -3
16  -3
13  -1
17  -2
19  7
17  -2
17  -2
17  -3
19  6
17  -4
15  -3
16  -2
19  5
18  -8
16  -2
17  -2
15  -1
19  7
16  -2
15  -3
18  -7
15  -3
18  -7
17  -2
16  -3
17  -2
15  -1
18  -6
15  -3
19  6
17  -2
16  -1
16  -2
17  -3
18  -6
17  -4
18  -7
15  -3
17  -2
18  -8
17  -2
17  -3
16  -3
18  -6
15  -3
18  -8
14  -2
17  -4
17  -2
16  -3
16  -1
18  -6
17  -2
16  -3
18  -7
17  -3
19  6
16  -3
15  -1
18  -6
18  -7
15  -3
15  -1
19  6
19  5
16  -1
16  -1
16  -2
17  -4
17  -2
19  6
16  -1
18  -7
17  -2
19  6
17  -2
17  -4
15  -2
16  -2
19  5
16  -1
16  -1
17  -3
15  -1
17  -4
18  -7
18  -7
15  -3
18  -7
17  -3
14  -4
17  -2
17  -2
16  -3
17  -4
16  -3
15  -3
16  -3
20  5
17  -3
18  -8
15  -3
17  -3
13  -3
17  -3
18  -7
17  -4
16  -3
19  5
18  -7
17  -4
18  -6
18  -7
15  -1
16  -2
18  -8
17  -2
17  -3
17  -3
15  -2
14  -4
16  -3
18  -7
18  -7
16  -1
16  -2
16  -1
16  -1
17  -4
14  -4
17  -3
16  -2
15  -3
17  -3
15  -2
18  -7
17  -4
16  -2
18  -7
20  5
17  -2
15  -3
18  -6
17  -4
15  -1
16  -3
17  -3
16  -3
17  -2
18  -6
18  -8
19  7
15  -3
15  -2
16  -2
14  -2
16  -1
18  -6
14  -2
17  -4
16  -3
17  -4
17  -3
17  -2
16  -2
17  -4
18  -6
16  -1
15  -3
16  -1
17  -4
17  -3
16  -3
18  -8
16  -1
17  -4
18  -7
17  -2
19  6
16  -1
15  -2
15  -3
19  6
16  -2
17  -2
16  -2
18  -6
17  -3
17  -3
17  -3
17  -3
17  -3
17  -4
15  -3
17  -2
17  -2
17  -4
16  -2
16  -3
19  6
14  -3
17  -2
18  -6
18  -6
17  -2
16  -3
18  -7
17  -4
18  -6
17  -2
15  -2
16  -2
16  -1
16  -2
17  -4
16  -3
14  -3
18  -8
16  -2
18  -8
16  -3
16  -3
16  -2
17  -4
15  -3
17  -3
16  -3
18  -6
17  -4
15  -1
15  -3
20  4
15  -2
16  -2
18  -6
18  -6
19  7
17  -3
17  -3
17  -4
18  -6
17  -4
15  -3
17  -4
19  5
17  -2
17  -2
17  -3
16  -1
16  -2
16  -1
16  -1
20  6
16  -1
16  -1
15  -1
15  -3
15  -2
15  -2
16  -1
17  -3
19  5
18  -6
17  -3
16  -2
17  -3
17  -2
17  -3
16  -3
15  -3
16  -1
17  -3
16  -2
17  -3
14  -3
16  -2
17  -2
17  -2
18  -7
16  -3
16  -2
15  -3
16  -1
15  -3
16  -1
15  -3
17  -4
18  -6
17  -3
18  -8
17  -4
15  -3
18  -7
19  7
15  -2
18  -7
15  -3
18  -8
18  -6
15  -1
17  -2
14  -2
18  -6
19  5
15  -2
16  -1
14  -2
17  -3
15  -2
17  -4
17  -4
17  -2
16  -3
16  -1
18  -8
19  5
17  -2
15  -1
18  -7
18  -7
16  -2
19  6
16  -2
15  -1
17  -4
17  -4
17  -3
18  -6
17  -2
17  -4
18  -7
17  -2
16  -1
15  -3
16  -2
18  -7
16  -1
15  -2
16  -2
15  -2
16  -2
14  -4
15  -1
16  -1
18  -8
17  -3
16  -2
16  -1
17  -2
18  -6
16  -3
15  -1
19  6
21  2
15  -1
15  -1
18  -8
15  -2
15  -2
17  -2
16  -1
18  -8
16  -1
15  -1
19  7
17  -2
14  -3
16  -2
17  -3
18  -7
14  -4
15  -1
16  -3
17  -4
16  -2
17  -3
16  -2
18  -8
17  -3
14  -4
17  -3
18  -7
16  -2
16  -1
16  -3
16  -1
17  -2
18  -6
18  -8
16  -1
17  -2
16  -1
16  -3
16  -3
19  7
16  -1
18  -6
17  -4
18  -8
16  -1
18  -8
17  -3
16  -3
17  -3
15  -3
15  -3
17  -4
17  -4
17  -2
17  -3
18  -8
15  -1
17  -2
15  -2
15  -3
17  -3
17  -2
15  -3
17  -4
16  -3
17  -2
16  -1
18  -6
17  -4
15  -1
16  -3
18  -6
17  -2
17  -4
19  6
15  -1
17  -4
17  -2
17  -2
18  -6
15  -3
16  -3
16  -1
17  -4
17  -3
16  -1
15  -1
18  -7
17  -2
19  7
18  -8
18  -6
16  -2
17  -3
