21  1
21  3
21  -3
22  7
21  -7
21  0
21  1
22  -5
21  -6
21  1
22  -1
21  -5
22  7
23  -9
21  0
22  8
21  -4
21  1
21  -1
21  0
21  2
21  -10
22  3
21  0
21  -6
22  8
21  -3
21  -1
21  -8
21  1
21  3
21  3
22  -5
21  0
21  -10
21  -5
21  -5
21  -4
22  8
21  0
21  -2
21  0
21  1
21  -11
21  -7
21  1
21  -7
22  -4
22  -1
21  3
22  -1
22  2
21  1
21  3
21  0
21  2
22  -2
21  -3
21  -4
22  6
21  -7
21  3
21  -9
21  -6
21  -4
23  -13
21  -10
22  8
22  5
21  2
21  -7
22  3
22  5
21  0
21  -11
21  3
21  -2
21  -1
21  1
21  -7
22  1
21  -5
21  2
21  3
21  -7
21  -1
21  0
21  3
22  -3
22  -1
22  5
21  -2
21  2
21  2
21  -6
21  -8
23  -4
21  -6
22  -4
21  2
21  3
21  -9
21  -3
22  8
21  1
22  0
22  -1
21  -7
22  -1
22  -6
22  6
21  -4
21  -8
21  0
21  -2
21  1
21  -10
21  2
21  -7
21  -2
21  -5
22  2
21  -5
22  4
21  1
21  -8
21  -4
22  -6
21  0
22  1
23  -9
23  -2
21  3
22  -6
22  2
22  4
21  -10
23  -7
22  0
21  -2
21  -4
21  -4
21  -1
21  -10
21  -10
21  -1
22  8
21  -8
21  2
21  -10
21  -10
21  -5
21  -11
21  2
21  1
22  -1
22  7
22  3
22  -5
21  -11
23  0
22  3
21  -4
21  3
21  0
23  -2
21  -3
21  -5
21  -1
22  2
21  -4
21  2
21  -8
21  -4
21  3
21  -3
22  7
21  0
21  -9
23  -5
21  -1
21  -9
21  2
22  5
21  1
21  -8
22  2
21  -2
21  -8
21  -3
21  -3
22  -3
21  2
21  -3
22  -3
21  -1
22  2
22  4
22  -1
21  -10
21  -5
21  1
21  1
21  1
21  -7
21  -11
22  -6
21  -10
22  -3
21  -4
22  6
21  -8
21  -10
21  -9
21  -11
21  -6
21  -3
21  -3
22  -4
21  -3
21  3
21  0
21  -1
22  6
22  7
21  -8
21  -2
21  2
21  -2
21  0
21  -2
21  2
22  2
22  0
22  -3
21  -8
21  -10
22  7
21  -11
21  0
21  -5
21  0
21  -9
22  5
22  1
21  0
21  -2
21  -2
22  1
21  3
22  6
21  3
21  2
22  -1
22  -6
21  -3
21  -4
21  -2
22  3
21  -9
22  2
21  -6
22  5
21  -11
22  -2
22  6
22  0
21  -3
21  -8
22  -1
21  -1
22  -5
23  1
21  -7
21  0
21  -8
21  -9
21  3
22  4
21  -3
22  8
21  -11
21  -5
21  2
21  2
22  -6
22  -4
22  5
21  -7
21  -6
21  3
23  -10
21  -5
21  -8
21  -7
21  -7
21  -7
21  -1
22  -6
22  8
22  8
21  -2
21  0
21  1
21  -9
21  -11
21  -3
22  8
22  -6
21  -11
22  7
21  -8
22  -1
22  -1
21  -3
21  1
22  5
22  3
21  -1
21  -8
21  -6
21  -4
22  4
21  0
21  -3
21  -9
21  1
21  1
22  2
21  -2
21  -4
21  -7
22  -3
22  -4
21  -8
21  -11
22  7
22  2
21  -3
21  1
22  -1
21  -2
21  1
22  7
21  -9
22  5
21  -4
23  -7
21  -1
21  -2
21  -2
21  3
21  -2
21  -8
22  -5
22  5
21  0
21  -5
21  -2
22  5
21  1
21  -10
21  -1
21  -4
21  -1
21  0
22  -4
21  -10
21  2
21  -10
21  2
21  2
21  -4
21  -11
22  -2
21  1
21  -5
21  -10
21  -2
21  -4
21  -4
21  -4
22  -2
21  -10
21  -10
22  0
21  -11
21  -7
21  -4
21  -9
22  7
21  -9
21  0
21  -11
21  2
21  -9
22  3
21  -4
21  -11
21  -6
22  3
21  -6
21  -8
21  -9
22  -3
21  -1
22  -3
21  3
21  -3
21  -6
22  -3
21  3
21  -4
21  -5
21  -1
21  -3
22  3
21  -1
21  -6
22  -2
21  -7
21  0
21  0
21  3
21  -5
22  4
21  -8
21  -3
22  -6
21  -4
21  -7
21  -6
21  -1
21  3
22  -3
21  -8
22  -6
21  -10
21  -3
21  -5
21  -6
21  -6
22  0
22  -6
21  -8
22  -6
21  1
21  -8
21  -7
21  -9
21  -3
21  -11
21  0
22  -1
21  -3
21  -2
21  -5
22  -5
21  3
21  -10
21  1
21  3
22  8
21  -4
22  7
22  -1
21  -9
21  0
21  3
21  -9
22  3
22  2
21  -10
21  -7
21  -1
22  -6
21  -8
21  1
21  1
22  1
22  -5
21  -1
22  -4
21  -10
22  1
21  -8
22  1
21  1
22  4
22  -5
22  5
22  3
21  -2
21  -1
21  -7
21  2
21  -9
21  -4
22  5
21  -3
21  -1
21  -2
22  3
21  -5
21  -2
21  -7
21  -1
21  1
21  -5
21  -5
22  -1
21  -7
21  -3
21  -10
21  -4
21  -1
22  1
21  1
21  -11
21  -1
21  -2
21  -10
21  -1
21  3
21  0
21  -2
22  5
22  6
21  -8
21  -10
22  7
21  -3
21  -1
21  -6
21  -2
22  6
21  -4
21  -4
21  -6
22  6
21  -5
21  -2
21  -8
21  -8
23  0
21  0
21  3
21  -1
22  -4
21  0
21  0
22  8
21  -4
21  -4
21  -10
21  2
22  1
21  2
22  -4
22  -5
22  -3
21  -3
21  -6
22  0
21  -5
21  -1
21  1
22  -5
21  -9
21  0
22  -5
21  -10
21  -2
23  -3
21  -3
21  3
22  -5
22  1
21  0
22  5
22  4
21  -11
21  -8
22  6
21  -2
21  -5
23  -11
22  -1
21  -10
22  -1
21  -1
21  -6
21  -2
22  3
21  1
22  8
21  -6
21  -11
22  7
22  7
22  6
21  -11
23  -4
22  0
23  -5
21  -6
22  7
22  -6
22  6
21  1
21  -3
21  -6
21  2
21  -6
21  -6
21  -1
21  -1
22  7
21  -6
21  1
22  7
21  3
21  -8
22  5
22  -4
21  -11
22  3
21  -1
21  1
22  -4
21  -9
22  -2
22  5
21  3
21  -9
21  -10
21  -7
21  -5
21  0
22  -2
21  -2
21  -7
21  -6
21  -11
21  3
21  -6
21  -4
21  0
23  -9
21  -6
21  -4
22  3
21  -5
22  4
21  -7
22  1
21  -9
22  6
21  -6
22  0
22  -2
21  2
22  -2
21  -6
22  4
22  1
22  7
22  -3
21  -9
21  -3
22  3
21  -2
22  -6
21  -1
22  3
21  -7
22  4
22  -1
22  2
22  2
21  -8
22  5
21  0
21  -9
22  2
21  -1
21  0
22  -6
21  2
21  -11
22  -2
21  -1
21  3
21  -6
21  3
22  -6
22  1
21  2
22  -6
21  -9
21  1
21  -2
21  -9
21  -2
22  -3
21  1
22  -1
21  3
21  -2
22  -5
21  -7
21  0
22  -4
21  0
21  2
22  6
21  2
22  4
22  5
21  -1
22  -6
22  8
21  1
21  3
21  -7
22  -3
21  -8
21  1
21  -4
21  -3
21  -9
21  -2
21  1
21  -11
22  -5
21  -7
22  3
22  -6
22  -2
21  0
22  7
21  -3
21  -7
22  3
21  -6
21  2
21  -3
21  3
21  -9
21  2
21  -8
21  -5
21  -7
21  1
21  -6
21  -5
22  -3
21  1
22  8
21  -3
22  -6
21  -8
21  0
21  3
21  0
22  0
22  -6
21  3
22  0
21  -4
21  0
21  -1
21  -4
22  -1
22  -1
21  0
21  -9
22  -6
22  -5
21  -9
22  -6
21  -10
21  2
22  5
22  -1
22  6
21  -2
22  -6
21  -7
21  -5
21  -8
21  -9
21  -6
22  1
21  1
22  -6
21  -5
22  2
21  -2
21  -8
21  -9
21  1
21  -8
21  -11
21  -2
22  4
21  -4
22  7
21  0
21  2
21  3
21  0
21  -5
21  -11
21  -6
21  -11
22  0
21  -5
21  -8
22  -5
21  -4
22  3
21  3
22  8
21  -11
21  1
21  -3
21  -9
21  -2
21  -3
23  -3
21  3
21  -1
21  2
22  6
21  -4
21  -10
22  7
22  4
21  3
22  2
22  8
21  2
21  -3
21  -6
22  -3
21  -3
21  1
22  6
22  1
22  -4
22  3
22  2
21  -8
22  2
21  3
21  -4
21  -2
21  3
22  2
21  2
21  -7
21  -6
21  -6
21  -1
21  -3
22  -1
21  -3
21  -8
21  2
21  -11
21  -5
21  1
21  -5
21  1
21  -8
21  -2
22  -6
21  1
22  -5
22  3
21  -8
22  3
22  4
22  8
21  -1
21  -4
21  -10
21  3
21  3
22  1
21  -5
21  -6
22  5
21  -3
21  -3
22  6
21  -9
21  -10
22  8
21  0
21  -10
21  1
22  -1
21  -11
22  2
22  6
21  0
21  -10
22  7
21  -6
21  -5
21  -6
21  -4
22  7
21  3
21  -10
22  6
21  -3
22  5
21  -9
21  -7
21  0
21  -3
21  3
21  -4
22  6
22  -4
22  -4
21  -6
22  6
21  -5
21  -6
22  4
22  4
23  -11
21  0
22  -1
21  -8
21  -11
21  2
21  -7
21  -6
21  -4
22  5
21  -9
21  -3
21  -9
21  -3
21  -5
21  3
21  -10
22  7
21  -11
21  0
22  4
21  -2
21  -11
21  -6
21  -3
21  1
21  0
22  3
21  3
21  -4
22  -5
21  0
21  -4
21  -10
21  -10
21  -3
21  -6
21  -4
21  -5
21  0
21  -7
22  7
21  -8
21  -8
21  -6
21  3
21  -9
22  0
22  -5
22  0
21  -10
21  -8
22  2
21  -3
22  6
21  -10
21  -1
21  -7
21  -2
21  1
21  -11
22  8
21  -6
21  -11
21  -10
