12  8
14  1
14  0
13  -7
10  3
12  1
10  9
11  -5
16  -7
15  -6
14  2
13  3
13  2
11  -4
14  4
6  -4
12  0
12  7
14  4
12  0
12  6
13  -4
10  3
12  2
12  4
13  -1
12  4
13  -6
14  4
15  -8
12  10
10  5
9  5
14  -1
8  -7
12  0
10  0
13  -2
13  0
13  -6
14  0
10  8
12  2
11  -9
12  2
14  -1
15  -8
14  -2
15  -11
11  -1
11  -7
14  3
12  2
11  -5
11  -11
15  -5
13  -3
11  -4
13  1
13  -5
11  -6
12  7
15  -11
12  10
14  -5
16  -2
16  -7
12  3
14  5
10  -1
12  7
13  -1
11  -2
13  -6
14  -5
14  2
10  2
12  9
15  -2
13  -1
14  2
15  -9
9  7
15  -11
12  10
13  -6
10  7
9  6
10  1
14  2
14  0
15  -7
11  -5
11  -6
11  -3
12  4
12  1
11  -8
10  2
13  -3
11  -10
11  -5
11  -3
11  -2
14  -2
13  -6
12  6
11  -6
14  2
15  -2
12  5
11  -11
11  -4
13  2
11  -2
13  3
9  3
12  9
10  2
12  4
11  -9
12  0
12  5
11  -11
12  2
13  -1
11  -3
13  -3
11  -3
17  -2
10  2
14  -5
15  -8
10  9
11  -10
13  -7
12  10
11  -11
12  9
12  0
14  4
15  -6
11  -8
12  0
12  1
14  4
14  5
11  -6
11  -6
14  -3
12  7
11  -11
14  -5
12  10
11  -7
12  9
11  -8
12  8
10  6
13  -3
11  -11
9  4
12  9
12  9
9  4
7  3
9  -2
9  8
12  10
13  -4
11  -8
14  5
11  -10
11  -9
10  4
12  7
13  -2
12  4
12  2
9  5
12  8
15  -4
12  10
14  -4
12  1
11  -7
12  9
12  2
12  7
12  0
13  1
10  8
11  -6
10  7
15  -2
9  3
13  -4
9  5
14  -3
13  -4
10  8
13  2
12  2
9  7
13  0
13  0
12  10
12  3
15  -3
14  3
14  2
15  -6
13  -3
12  0
10  0
11  -4
12  6
11  -4
14  -4
9  -1
11  -8
11  -4
14  -5
14  2
12  10
12  7
13  -7
12  9
12  1
10  0
14  5
14  4
10  6
12  5
9  7
11  -9
13  2
11  -6
13  -7
11  -3
13  3
10  4
10  3
11  -3
11  -9
11  -9
11  -2
10  1
12  7
16  0
11  -1
11  -4
14  -5
10  -1
12  6
12  8
9  3
11  -7
12  7
16  -1
13  -4
13  -6
13  -1
11  -4
13  -3
12  7
11  -1
11  -4
13  -5
13  -3
13  1
12  9
11  -10
10  3
11  -10
14  -4
11  -7
16  -8
9  2
13  -7
12  4
13  -2
10  5
11  -1
11  -11
8  -2
11  -4
15  -4
13  -1
9  2
13  2
15  -10
9  3
13  -3
14  5
12  5
12  8
11  -8
13  -4
11  -3
12  1
11  -5
12  0
13  -3
12  9
12  3
8  -2
11  -10
13  -7
12  10
12  9
12  6
13  -7
14  2
11  -5
9  7
13  -4
13  -6
16  -3
14  -2
14  1
10  1
12  5
14  1
11  -7
10  0
13  -1
10  6
9  8
11  -9
12  2
11  -8
12  6
15  -12
15  -8
13  -5
14  2
14  4
10  6
13  -3
11  -9
6  1
13  -6
8  -6
14  2
14  -2
14  -5
11  -2
13  0
11  -7
11  -6
10  6
12  7
13  -6
11  -6
11  -7
10  4
13  1
11  -4
12  8
12  6
11  -1
11  -7
12  6
12  4
13  -6
12  3
13  -2
11  -4
14  5
12  2
11  -9
12  2
13  3
14  0
12  6
11  -9
11  -10
15  -12
12  3
14  1
14  0
11  -2
10  7
12  4
9  2
13  -4
12  1
11  -9
13  -2
14  0
13  -3
17  -3
10  -1
16  -10
10  8
11  -9
13  -7
11  -9
14  -2
12  7
13  -3
10  9
12  5
16  -1
13  -2
14  -2
13  -4
13  -2
11  -5
10  5
14  5
13  -6
14  0
12  0
11  -4
12  1
9  7
11  -4
13  -1
13  1
10  9
10  2
16  -4
10  0
14  5
8  -3
13  -1
13  -1
13  -6
12  10
11  -10
14  -1
11  -6
9  8
13  -2
13  -4
11  -4
9  3
11  -6
11  -3
13  2
12  1
12  4
13  -4
12  4
13  -3
11  -10
12  2
13  -4
12  9
10  7
12  0
14  -4
13  -5
14  -2
12  4
13  -7
14  2
14  -3
12  3
14  5
12  5
9  4
11  -10
14  -2
14  -4
14  -4
9  2
10  1
15  -9
14  -3
9  -2
13  -4
11  -7
13  -5
11  -10
13  0
12  10
13  -7
10  9
13  2
15  -4
12  7
13  -3
14  -1
11  -9
9  0
15  -11
12  8
12  2
13  -1
14  4
11  -4
10  6
14  -5
12  0
11  -2
11  -1
13  3
10  7
11  -11
11  -11
9  3
12  10
13  -3
13  2
12  10
13  0
9  -1
12  2
15  -12
13  1
15  -9
9  4
11  -8
11  -4
12  0
12  3
13  -2
14  -3
12  6
10  4
13  -3
14  -5
12  9
11  -1
11  -9
9  5
13  -3
14  -4
11  -7
14  1
11  -6
13  -4
15  -11
11  -4
13  -6
14  -4
11  -3
10  6
9  -1
11  -11
13  1
10  -1
12  10
10  9
14  -5
11  -9
13  -6
11  -4
15  -10
12  6
11  -5
10  -1
9  -2
11  -4
11  -11
10  4
11  -9
14  5
14  3
14  2
13  -5
11  -8
11  -2
13  -3
15  -6
11  -5
13  2
11  -3
13  0
14  2
10  1
13  3
11  -8
10  3
15  -5
12  8
10  -1
12  8
14  -1
11  -7
10  0
11  -4
12  7
11  -11
10  9
13  -7
14  -1
14  1
12  4
13  -4
12  8
9  1
12  1
12  0
11  -10
12  3
11  -2
12  6
11  -11
9  2
13  0
14  5
10  2
8  0
12  1
10  0
13  3
14  2
13  2
9  5
13  0
10  6
11  -2
14  1
15  -3
14  -1
14  -5
13  -7
14  2
15  -5
10  1
14  0
15  -3
13  -2
13  -7
12  3
12  0
12  7
13  -1
14  4
10  7
12  5
9  7
10  8
10  0
12  2
8  0
12  7
12  1
14  2
11  -10
13  -1
10  1
13  -1
14  -3
10  6
12  7
12  7
16  -3
10  -1
11  -8
13  -1
14  1
11  -6
12  4
10  8
13  0
9  3
13  -5
14  -3
11  -2
14  -1
14  4
13  1
10  8
12  6
12  1
12  2
13  -6
10  4
14  -5
13  -7
9  8
11  -11
13  -3
14  -2
10  2
7  -3
15  -7
13  -3
8  -4
10  5
12  4
14  -3
7  4
12  3
12  8
11  -9
13  -5
12  10
11  -10
12  9
13  3
11  -10
13  -4
8  -2
11  -7
13  -4
9  8
12  0
13  1
13  3
9  1
11  -1
10  4
11  -5
11  -3
10  3
11  -11
18  8
11  -10
13  -7
11  -2
14  1
13  -2
10  6
12  10
11  -5
13  -4
14  2
14  5
12  6
12  6
12  2
11  -9
12  4
10  7
10  3
10  5
8  -7
14  -1
15  -4
13  -2
12  10
9  -1
13  -7
13  2
13  2
12  2
13  1
16  -9
11  -5
10  4
12  9
9  -1
17  -3
11  -4
12  6
14  1
13  -1
13  -1
14  -1
11  -6
14  -2
12  1
15  -12
10  9
14  -1
14  0
11  -6
14  5
8  0
12  7
13  -7
13  3
11  -9
14  -3
13  1
14  1
13  1
13  -2
11  -7
10  2
11  -11
14  -4
13  3
14  -5
15  -9
9  0
13  -5
10  8
12  5
14  -3
12  6
11  -10
11  -1
10  9
13  -6
11  -7
9  3
9  2
13  -5
10  6
12  3
12  10
12  7
10  9
7  4
14  -3
11  -2
11  -8
14  5
15  -12
12  2
13  -4
13  1
12  9
13  0
8  -9
9  1
12  6
14  -1
13  -4
13  -3
15  -5
13  2
14  -5
12  0
10  1
14  1
11  -2
11  -5
12  1
13  0
11  -3
16  -3
10  9
12  4
8  -9
14  -5
12  7
11  -2
12  5
10  4
15  -11
13  -6
12  3
11  -3
15  -8
16  -9
14  -3
14  -3
13  3
14  3
12  10
9  -2
11  -8
11  -2
10  6
12  1
11  -1
14  5
14  -2
10  9
11  -1
10  3
10  -1
12  4
13  -4
13  3
13  -2
11  -9
11  -4
13  -5
10  5
13  -4
10  3
13  1
11  -7
11  -2
13  -7
10  8
15  -4
16  -2
12  5
12  1
13  0
12  10
10  9
14  -4
10  -1
14  5
11  -1
12  5
14  -5
11  -2
8  -5
13  2
9  -2
9  3
13  0
13  3
8  -9
12  8
10  3
12  1
10  1
14  -5
10  7
14  -4
12  9
13  3
12  4
13  -2
11  -10
15  -4
15  -6
9  1
14  5
12  7
13  -6
13  1
12  1
13  -2
13  2
10  7
10  0
12  3
15  -4
14  4
17  -4
10  9
13  2
11  -7
11  -6
13  1
12  7
13  -6
12  3
15  -9
11  -4
11  -5
14  -1
11  -1
9  0
17  -10
14  3
12  10
14  -5
13  -5
13  0
11  -2
14  4
10  0
10  5
10  4
13  0
10  2
12  6
16  -8
14  2
10  0
9  -2
13  -2
9  -2
11  -8
12  10
12  6
9  0
12  5
12  3
12  2
13  -2
11  -1
13  3
12  3
10  7
10  6
12  0
9  2
12  8
11  -1
12  7
11  -5
12  0
9  -2
12  1
14  4
10  6
14  -1
13  -6
12  5
13  -3
14  -5
14  3
12  1
13  0
11  -3
11  -7
11  -1
12  0
13  -2
12  1
14  -5
12  7
13  1
10  4
