5  -4
3  7
2  -5
3  7
3  10
4  2
4  -1
4  -3
4  1
4  4
4  -1
4  2
2  -5
4  4
5  -3
4  -3
5  -8
4  -4
3  5
4  4
3  10
4  3
4  -4
2  -6
5  -11
4  -4
4  2
2  -7
3  8
4  2
4  -1
4  2
5  -9
5  -3
5  -7
4  2
3  8
4  -4
3  11
5  -4
4  1
5  -5
4  -4
3  3
4  2
4  3
4  3
4  2
3  5
4  -2
3  3
3  3
4  2
4  0
4  -4
3  7
5  -6
4  -1
3  3
4  2
4  0
3  4
4  1
5  -6
4  4
3  4
4  2
4  0
4  -1
3  3
4  1
4  -4
3  5
4  -1
3  10
3  3
4  0
5  -7
4  2
4  3
4  4
3  6
5  -11
4  -2
4  2
3  6
3  3
5  -6
4  -3
4  -2
3  5
5  -10
4  2
3  9
5  -3
4  3
4  3
3  3
3  7
3  11
4  -2
5  -5
4  -2
4  1
4  -2
3  9
4  -1
4  1
5  -11
3  11
4  -1
4  -1
5  -4
3  10
5  -11
4  1
3  10
4  2
4  2
3  3
3  8
3  5
3  4
3  10
2  -6
4  1
3  10
3  6
5  -3
4  1
4  3
3  10
4  -4
3  10
4  -3
4  2
4  4
4  4
5  -6
4  1
5  -3
3  10
3  5
4  3
4  -3
5  -9
3  11
4  -3
3  9
3  9
4  3
3  6
3  5
4  -3
4  0
2  -3
4  2
4  3
3  11
5  -8
3  4
3  10
2  -4
3  3
3  7
4  -3
3  6
4  -3
4  0
5  -10
3  6
5  -4
4  3
3  7
4  -1
5  -10
5  -3
2  -9
4  0
4  -1
4  4
4  -2
3  11
4  -3
3  7
3  6
4  2
2  -7
5  -7
4  -2
3  3
2  -3
5  -3
4  -2
5  -7
4  -1
5  -5
4  -1
3  11
4  0
3  6
2  -8
4  -1
4  2
5  -8
3  9
5  -11
2  -4
4  2
4  0
5  -5
4  0
4  3
4  2
4  1
2  -5
5  -11
4  -2
4  -4
4  -1
5  -9
3  8
3  3
4  -4
3  5
3  6
4  2
4  1
4  -3
4  -3
4  4
4  -2
4  -2
3  9
4  -3
5  -11
4  -3
4  2
2  -5
4  -4
4  4
5  -6
4  -3
2  -9
4  -4
3  6
2  -10
5  -3
5  -6
3  5
4  3
5  -8
5  -11
3  11
4  1
3  4
5  -8
3  3
5  -10
5  -5
4  2
3  7
3  4
4  2
3  4
3  10
3  3
4  0
4  -2
5  -10
4  -4
4  -4
4  -2
4  4
4  1
3  10
3  11
3  11
4  4
5  -3
3  4
5  -9
5  -5
5  -5
4  0
3  10
4  1
4  0
3  7
4  0
4  2
4  3
3  11
3  8
4  -3
4  3
4  4
3  4
4  1
5  -5
5  -7
3  6
4  -1
4  0
4  -1
5  -3
5  -7
4  -1
3  6
4  3
3  7
3  11
3  8
4  0
4  0
4  2
4  -1
3  9
4  -1
4  0
4  0
2  -4
3  4
5  -5
3  3
4  0
3  11
5  -10
4  -3
3  6
3  4
3  9
4  -1
5  -10
3  8
3  9
4  -1
4  -3
5  -10
4  1
2  -4
4  0
5  -8
4  3
3  6
3  6
4  3
5  -9
4  -1
4  -3
4  -2
3  6
3  9
4  0
4  -2
4  4
3  4
4  0
3  5
3  8
4  -4
4  -2
3  6
4  3
4  -1
4  0
3  9
4  -3
5  -5
3  11
2  -7
5  -11
5  -7
3  4
5  -8
4  -4
3  10
3  5
4  4
4  -3
4  -2
4  -2
3  11
5  -3
4  4
4  3
3  7
4  4
3  10
3  9
3  5
3  9
5  -5
4  -2
4  -3
4  0
4  -3
2  -11
4  -4
5  -7
2  -7
3  4
3  11
5  -9
4  0
5  -11
3  11
4  -2
5  -11
5  -3
4  2
3  6
4  3
4  1
3  7
4  -1
3  11
3  6
4  -1
4  4
3  9
3  3
4  4
5  -7
4  0
4  -4
3  10
5  -6
4  0
3  4
5  -6
4  3
5  -4
2  -10
4  -1
5  -9
4  0
4  3
3  11
5  -10
5  -7
3  11
4  1
3  7
4  4
4  -4
4  2
4  -2
4  -1
5  -4
4  4
5  -8
4  2
5  -10
4  -1
4  4
3  11
3  7
4  3
4  -4
3  3
5  -11
4  4
4  -2
4  -2
4  1
4  -3
5  -8
4  -1
4  4
4  1
4  2
5  -10
4  3
4  0
4  -2
4  4
5  -4
3  7
4  -2
4  0
4  -1
4  2
4  3
5  -10
3  6
4  1
3  4
4  -3
5  -5
4  2
4  0
3  9
4  -4
4  -1
3  6
4  0
4  0
5  -4
3  8
3  4
3  6
2  -9
4  1
4  -4
3  8
4  -4
4  4
5  -8
5  -9
5  -9
3  11
3  10
4  -1
4  -3
4  4
5  -10
4  3
4  1
4  1
2  -8
4  0
4  1
5  -10
2  -9
4  -3
4  2
5  -3
3  6
3  3
3  11
3  9
3  6
3  9
4  0
4  -4
3  9
3  6
4  2
5  -4
4  1
4  4
4  3
4  -2
4  2
4  3
3  9
5  -11
5  -6
4  3
3  10
3  7
3  9
3  3
3  5
3  5
5  -7
3  6
3  8
4  -4
4  -2
3  6
3  9
3  8
3  4
4  1
3  8
4  -4
4  -2
4  3
3  4
3  8
4  -1
3  6
3  3
3  3
3  9
4  1
4  -1
3  8
4  1
3  7
3  10
3  5
2  -3
4  -1
4  0
3  11
3  4
3  11
5  -10
2  -8
3  3
3  3
3  9
4  -2
5  -4
3  8
3  4
4  2
4  1
3  3
3  10
3  5
4  2
3  6
4  4
4  -1
4  -1
4  1
4  2
2  -9
4  -2
5  -5
4  -3
5  -9
4  0
3  7
4  1
4  1
4  0
3  4
3  9
4  4
3  3
5  -11
4  2
4  0
4  0
2  -3
3  8
2  -4
3  3
4  0
3  5
3  9
4  0
5  -4
3  5
3  6
4  1
4  -2
4  1
4  3
5  -11
3  7
3  11
5  -7
3  6
3  7
4  -4
3  5
4  0
5  -7
4  0
3  8
3  6
4  4
4  4
4  4
4  3
4  -2
5  -6
4  1
4  2
3  8
3  8
4  -2
5  -10
2  -9
4  -2
4  4
3  6
2  -4
5  -6
4  0
4  -1
5  -7
4  -2
3  3
4  -1
5  -9
4  0
4  1
4  -2
3  6
3  7
5  -7
2  -3
5  -6
4  -1
3  4
3  9
4  1
3  11
3  8
4  2
4  4
3  10
5  -8
4  3
5  -4
4  -1
3  11
4  -2
5  -10
3  6
4  -4
3  9
3  3
3  5
5  -9
3  10
4  3
3  4
5  -7
4  -4
3  6
3  11
5  -11
3  10
5  -8
4  0
4  -2
5  -9
4  -4
5  -4
4  -2
2  -3
4  -1
3  11
3  10
3  10
4  1
4  2
3  10
4  -1
4  -1
4  3
4  1
4  4
4  2
3  7
4  -3
4  -2
4  -2
4  4
3  5
4  3
5  -11
4  1
4  -1
3  5
4  1
4  2
4  -2
4  -1
2  -10
4  2
4  -2
4  -2
3  10
2  -8
4  -1
4  -4
4  -3
4  -4
4  -4
4  4
5  -10
3  3
4  4
4  2
3  3
3  11
5  -10
5  -7
4  2
4  -3
4  3
5  -5
4  -4
3  4
4  2
5  -7
4  -3
5  -9
4  4
5  -9
4  0
5  -10
3  5
2  -3
4  4
2  -4
3  4
2  -7
4  -1
4  -4
5  -3
4  3
5  -5
4  -1
4  2
3  3
4  -3
4  -3
3  9
5  -7
3  8
5  -9
4  2
5  -6
4  0
4  2
3  7
4  -4
3  5
4  3
3  5
4  -3
5  -11
4  4
4  -2
4  4
3  11
4  4
4  -1
4  4
4  -4
4  -2
3  8
5  -11
3  11
3  4
3  5
4  3
4  -4
4  -1
3  6
4  -1
3  10
3  6
3  8
4  4
5  -5
4  2
4  -4
3  8
3  4
5  -7
4  2
5  -3
3  5
4  3
3  11
5  -8
4  -4
4  -4
3  5
5  -4
5  -10
3  10
4  0
5  -7
4  3
3  10
3  10
5  -3
3  3
3  10
4  1
4  -3
3  3
2  -9
4  -3
4  4
4  -1
3  7
5  -3
4  0
4  -1
3  6
4  4
4  -2
3  4
4  3
4  4
3  4
3  8
5  -9
4  -1
3  5
3  3
4  -1
4  4
4  2
5  -3
4  0
4  3
5  -4
3  6
3  4
4  -3
3  6
4  -3
4  -3
4  -2
5  -8
4  -3
5  -3
5  -4
4  2
5  -5
4  0
4  -1
4  1
3  7
4  -4
3  6
5  -10
4  3
4  -3
4  4
3  6
2  -7
3  9
5  -9
2  -9
4  -3
4  2
4  0
5  -8
5  -11
5  -5
4  -1
3  3
4  4
4  -1
4  -1
4  3
4  -1
4  -1
4  -2
2  -5
4  -1
3  3
4  1
4  1
3  5
2  -5
4  -3
3  3
3  3
5  -4
5  -9
5  -7
3  5
4  1
3  9
4  0
5  -9
5  -4
4  4
4  0
3  6
4  -3
3  9
4  1
3  10
5  -5
4  2
4  -4
3  7
4  -2
5  -5
4  3
4  2
3  11
5  -9
3  7
4  4
4  -1
3  5
5  -6
5  -6
3  11
4  4
3  10
4  0
5  -5
3  10
4  3
3  8
4  4
3  8
5  -9
5  -3
3  9
3  10
