13  -7
17  -1
13  -4
16  8
16  -1
15  3
16  -2
16  6
15  8
18  -5
15  2
18  -9
16  2
17  5
17  0
16  4
18  -8
19  8
16  6
14  -11
15  4
15  7
18  -5
16  0
14  -10
16  4
16  -1
16  5
15  1
18  -10
19  4
15  0
13  -6
17  -3
16  6
13  -6
14  -3
17  -3
18  -2
14  -7
12  -1
15  2
17  0
16  0
14  -1
19  6
13  -2
15  4
14  -8
14  -6
16  -2
14  -8
15  10
15  5
15  6
15  5
16  1
17  5
14  -11
15  7
17  -4
15  3
17  5
16  4
16  5
14  -5
17  -2
15  2
16  -2
15  6
15  9
16  6
16  -1
16  3
16  2
16  -1
17  3
17  5
16  6
20  2
16  -2
17  4
16  1
18  -2
13  -3
17  3
15  5
17  -2
15  7
15  3
15  8
14  -11
15  8
12  -7
17  0
16  0
15  1
14  -3
16  2
14  -11
16  2
18  -7
16  4
18  -1
14  -11
15  10
14  -6
18  -10
13  -5
17  -3
17  -4
16  4
16  1
16  -2
16  0
16  1
15  5
16  6
16  0
16  2
16  6
18  -5
17  -2
16  1
17  0
15  9
16  5
16  -1
16  4
16  3
13  -4
17  -3
14  -9
16  1
20  3
14  -1
17  4
13  -6
16  4
17  4
17  4
16  2
17  3
14  -3
15  10
16  0
14  -10
16  -1
15  9
15  3
16  0
16  5
16  8
16  1
18  -4
16  6
15  8
14  -11
16  -1
14  -5
16  3
14  -1
14  -5
13  -7
14  -10
13  -1
17  -4
16  4
13  -6
17  -1
18  -2
16  1
14  -2
18  -6
18  -7
16  6
16  6
17  -4
16  -2
15  9
13  -8
15  5
18  -3
18  -7
15  2
15  1
14  -5
13  -4
15  7
14  -1
16  3
16  -2
19  4
15  3
17  -4
19  2
15  2
17  2
17  5
16  -1
15  5
17  -4
13  0
14  -7
16  0
18  0
15  4
16  5
17  2
18  -9
15  7
14  -8
14  -1
15  4
14  -10
15  2
13  -1
14  -5
15  3
17  -3
13  -1
15  10
18  -1
17  -4
14  -11
16  8
17  -4
16  7
17  -2
16  0
16  -2
16  0
16  0
14  -4
16  3
17  -1
15  6
15  1
15  7
15  10
16  -2
15  8
18  -9
16  1
18  -2
14  -4
16  5
16  0
13  1
13  -7
15  6
15  3
16  -2
15  7
14  -5
13  -2
15  9
18  -5
16  4
17  -4
17  4
17  -2
15  1
14  -6
15  2
18  -4
16  2
16  5
15  10
16  2
16  -1
13  -4
16  -2
14  -2
17  5
16  3
13  -2
13  -1
16  3
18  0
15  4
17  -1
16  -1
16  3
15  9
14  -6
13  -7
17  4
16  7
16  -2
15  3
15  7
15  1
14  -8
17  1
15  8
16  4
16  6
14  -5
16  8
14  -7
16  6
17  -1
16  4
16  2
13  -7
15  6
17  2
18  -4
18  -4
14  -2
17  4
17  -4
11  10
16  0
12  -9
17  -2
14  -11
16  2
18  -4
17  2
15  10
15  6
16  3
14  -7
12  -9
17  6
16  4
17  0
17  -4
16  8
15  4
17  0
19  1
14  -9
15  4
13  2
17  3
14  -10
15  7
14  -1
17  5
17  0
17  3
15  7
18  -8
15  1
16  4
17  -3
14  -10
15  6
17  2
18  -3
14  -1
15  10
14  -2
17  6
15  7
19  2
16  7
15  10
15  7
17  6
16  7
18  0
14  -6
16  2
14  -9
17  -4
11  10
17  6
14  -4
13  -7
16  6
16  -2
16  3
17  2
17  -1
15  2
17  1
15  5
14  -1
17  -4
11  1
17  -4
19  1
18  -4
13  -1
14  -8
15  6
16  0
17  6
12  -4
16  0
15  8
16  4
14  -7
15  6
18  -5
14  -9
14  -5
14  -5
16  2
16  1
16  3
16  -2
14  -6
15  10
14  -10
15  1
13  1
14  -8
13  -5
16  6
15  3
15  5
15  2
16  -1
14  -10
15  3
17  0
12  -9
18  -10
19  4
17  -3
16  3
16  -2
12  -7
16  -1
16  1
13  0
17  6
15  5
17  5
17  1
15  6
15  9
16  2
13  1
14  -9
16  2
17  6
18  -9
16  5
17  5
15  9
16  4
18  -1
14  -8
15  9
17  0
15  7
17  -4
15  5
18  0
16  2
16  7
14  -1
14  -5
12  0
14  -5
20  8
14  -6
15  3
14  -5
13  -5
15  5
18  -1
14  -1
17  -1
17  4
18  -3
14  -9
17  3
19  -2
14  -8
16  3
19  7
19  3
19  2
16  -2
17  5
13  2
17  -2
17  -4
16  5
17  -1
17  -4
16  7
18  -8
14  -1
14  -1
13  2
18  -4
18  -6
18  -5
14  -9
16  5
16  1
13  -7
14  -6
15  7
16  7
17  6
16  6
17  -1
14  -4
14  -6
15  4
21  3
16  -2
15  3
16  -2
11  5
16  8
13  -5
14  -8
20  1
11  7
15  8
18  -3
16  7
13  -2
14  -4
17  -1
15  9
19  -1
13  2
17  0
16  8
17  -2
17  3
16  0
15  6
15  1
17  -3
15  1
16  4
16  6
16  -2
14  -4
14  -10
16  2
18  -9
13  1
16  2
13  1
12  -8
16  -2
17  4
16  4
15  9
17  -4
17  -4
16  4
14  -5
18  -10
14  -7
15  7
16  -2
15  1
16  0
14  -5
13  -1
16  -2
13  2
15  1
15  2
16  5
16  6
14  -11
17  -2
14  -11
13  -7
17  -2
16  -2
16  4
14  -7
16  3
17  -1
15  9
13  -6
18  -4
17  1
12  -8
14  -5
17  5
14  -4
14  -8
17  -1
18  0
14  -1
17  -4
18  0
17  -3
16  6
12  0
14  -10
16  -1
15  1
15  2
15  8
16  7
16  6
14  -9
16  6
13  -4
17  2
16  5
18  -5
15  7
14  -4
19  -2
16  -1
15  2
18  -5
20  8
14  -11
13  -5
16  7
14  -11
16  -2
19  6
12  -10
17  -1
18  -5
14  -8
14  -6
14  -6
15  3
19  1
16  5
17  -3
15  5
15  8
15  5
14  -3
16  8
14  -4
15  10
18  -5
16  7
17  0
16  2
13  -3
16  7
18  -2
16  -2
16  2
16  4
16  3
17  4
17  1
18  -3
18  -10
14  -6
14  -9
14  -6
14  -6
18  -2
14  -4
16  6
16  -1
13  -8
14  -2
14  -3
15  1
16  0
15  3
18  -1
16  8
14  -10
18  -5
17  0
17  2
17  -4
17  2
17  -2
14  -10
14  -11
15  5
17  0
16  3
12  -5
13  -6
20  2
13  -7
15  10
17  -1
18  -4
14  -2
16  6
15  3
15  6
15  2
17  -2
17  6
15  1
17  5
14  -6
15  8
17  2
15  2
18  -10
17  -2
16  4
12  -4
13  -3
17  6
15  3
18  -2
16  0
14  -9
15  4
16  1
12  -10
15  3
17  0
15  7
15  5
15  0
14  -1
14  -7
15  4
14  -11
17  1
15  5
14  -6
17  -3
16  3
16  1
17  -2
15  9
17  4
14  -8
14  -11
15  7
14  -10
15  6
14  -7
17  1
17  6
18  -2
17  -2
16  8
15  10
15  0
17  3
16  7
17  3
16  6
15  4
16  8
16  7
16  0
15  6
13  -2
15  7
17  -1
14  -5
15  2
14  -11
15  0
16  7
16  1
14  -4
19  8
14  -8
16  3
15  8
17  4
18  -4
13  -8
16  7
18  -3
14  -9
14  -8
14  -1
15  9
16  8
17  -2
15  1
17  5
16  3
16  7
14  -7
16  3
16  -1
14  -10
14  -10
14  -6
15  3
17  2
18  0
16  8
19  -1
14  -10
16  -2
16  -1
15  2
17  1
16  2
12  -4
15  1
18  -7
14  -2
15  2
16  5
17  3
15  2
17  0
14  -9
15  10
16  6
15  4
11  11
17  0
17  3
16  8
15  2
15  9
16  -1
14  -6
16  3
15  2
17  2
13  1
14  -1
15  1
15  5
18  -4
17  5
16  0
15  7
18  -10
13  -5
16  0
17  3
15  4
16  3
16  3
15  7
14  -10
12  -9
13  -1
17  3
18  -7
15  2
16  5
15  5
18  -4
17  -3
19  5
14  -10
16  -2
16  7
16  -1
15  2
15  10
17  3
15  6
17  0
17  4
17  -1
16  2
16  1
13  -5
15  0
14  -4
12  -5
17  -2
15  1
13  -7
17  -3
15  10
16  7
14  -3
16  -1
14  -2
14  -10
18  -9
15  6
15  10
17  -1
13  -1
16  8
15  6
17  5
13  1
12  -9
15  2
15  2
18  -6
14  -7
13  -6
16  -1
18  -3
16  0
13  -5
15  1
16  -1
16  6
16  6
14  -10
15  0
17  -3
18  -4
15  8
18  -7
15  1
14  -4
16  4
16  5
17  -3
18  -9
19  5
13  2
15  9
17  -4
14  -5
13  -8
16  8
16  7
13  -3
15  8
14  -11
17  1
16  6
17  5
13  -8
16  -1
16  2
14  -3
18  -2
17  -3
19  8
16  8
18  0
17  6
18  -8
12  -10
16  5
15  4
11  10
17  1
16  5
16  2
16  7
14  -8
13  -6
14  -1
15  10
13  -3
13  2
16  -1
15  3
16  2
14  -8
16  -2
12  -6
16  5
15  3
17  2
18  -3
13  -4
15  7
16  6
18  -7
18  -6
16  2
15  8
17  4
17  -4
17  3
14  -2
14  -5
14  -11
13  -5
16  3
15  6
14  -3
15  10
15  7
16  -2
19  0
15  7
16  -2
17  -2
16  4
15  10
15  5
15  6
15  6
15  2
14  -3
15  4
14  -6
14  -9
15  2
12  -1
