8  4
9  5
11  -1
7  -1
11  -12
10  -10
9  13
10  -8
10  -7
9  6
8  1
9  0
8  0
7  0
10  -3
9  13
10  0
7  0
9  -1
10  -10
8  3
10  2
7  11
9  0
8  5
9  1
7  7
8  5
8  5
9  12
10  3
9  9
9  2
8  -3
10  -9
9  11
8  5
10  -10
9  0
9  8
8  8
7  7
8  3
8  0
8  -2
8  2
10  -4
10  -10
7  12
8  4
9  2
9  3
9  3
9  4
8  8
7  5
9  11
11  -11
7  5
10  -4
8  3
10  -9
9  12
9  10
8  8
8  11
10  -3
8  6
9  12
9  4
9  13
10  -5
9  12
6  2
8  11
8  9
11  -12
10  -8
8  8
9  1
7  0
8  6
8  5
9  5
11  -8
7  1
8  0
9  9
8  11
8  -2
9  12
9  7
8  10
7  -1
9  2
10  -5
9  7
8  5
8  9
10  -4
9  8
11  -13
8  5
10  -7
10  -3
11  -5
7  8
8  10
10  -11
8  1
7  12
9  8
9  0
7  -1
10  -5
7  -1
8  -3
7  10
8  2
10  -6
8  -3
10  0
8  4
7  2
9  0
10  1
9  6
7  5
9  7
8  -3
11  -8
8  -3
8  10
9  9
10  -11
8  -2
6  2
6  12
9  5
10  1
9  8
9  4
9  4
10  -7
11  -13
8  4
8  6
7  2
9  4
11  -9
7  7
9  1
9  12
12  -9
9  11
9  5
11  -13
9  13
8  3
11  0
10  0
7  -2
8  5
9  0
10  2
8  5
10  1
9  12
9  2
9  12
9  0
5  0
8  11
7  10
9  8
10  -11
9  -1
7  2
11  0
8  0
8  8
10  -4
8  6
6  2
9  2
7  8
8  2
8  7
7  10
8  -1
8  0
11  -13
8  4
8  5
9  -1
10  -6
9  3
8  -1
8  7
11  -9
8  8
7  3
10  -8
11  -10
10  0
9  5
9  0
9  0
10  3
8  5
7  7
9  4
8  4
8  -1
7  2
9  9
9  -1
9  0
6  4
6  13
8  -1
10  -10
7  2
9  0
10  -1
10  1
9  1
9  13
9  -1
9  3
9  10
10  -5
7  5
9  1
10  -5
8  9
7  5
8  10
8  5
7  4
9  9
10  3
9  7
10  -8
7  12
12  -10
9  6
10  -8
8  0
8  10
8  10
9  7
10  -6
7  1
8  1
7  -2
9  -1
10  -3
9  2
9  -1
8  8
7  4
7  6
11  -1
9  10
9  9
10  -10
12  -12
8  2
7  2
9  0
11  -8
8  -2
9  2
10  -1
9  -1
7  5
8  3
9  11
10  -5
10  2
8  2
8  10
9  9
9  3
7  11
9  5
9  5
7  8
7  2
8  2
8  1
9  0
8  11
9  3
8  7
11  -12
9  6
9  -1
10  -11
8  11
8  6
9  6
10  0
11  -1
9  12
7  9
8  10
8  9
8  7
10  -3
10  -2
8  1
6  8
10  -1
10  -4
9  10
9  2
9  1
8  -1
8  0
9  6
10  -3
8  2
9  5
8  10
9  7
8  4
7  5
9  11
7  3
10  -11
10  -10
10  -7
8  -3
9  9
8  -1
7  1
10  1
9  2
7  6
11  0
11  -11
9  11
9  1
7  6
11  -7
10  -3
11  -2
9  11
10  -8
8  8
7  -1
8  1
6  5
7  11
8  -2
8  10
9  5
12  -10
8  -1
9  -1
9  4
10  0
10  -8
10  -10
9  -1
10  -9
8  2
9  9
8  9
7  3
9  4
10  -6
11  -12
7  -1
8  2
7  -1
10  -11
8  10
9  13
10  -3
10  3
8  -3
9  1
8  -1
10  -4
9  7
11  -11
8  11
9  -1
8  7
9  3
9  1
7  3
8  -3
7  11
11  -3
8  -1
7  7
6  11
9  -1
8  5
10  -4
11  -8
7  5
10  -6
8  -2
7  11
10  -3
8  11
9  6
9  13
10  -2
8  7
9  8
8  7
9  12
8  -1
7  1
10  -8
11  -5
8  4
8  -3
8  7
11  0
9  -1
9  7
7  1
9  1
8  -3
8  0
9  13
8  9
8  7
8  8
7  1
9  6
11  -4
8  5
12  -10
10  -4
8  6
6  5
8  4
9  0
9  8
8  -2
9  -1
7  8
8  6
8  -2
8  5
8  3
8  10
8  4
8  1
9  0
11  -7
10  -3
7  9
9  10
8  2
8  7
9  7
8  -3
9  12
7  6
9  7
10  -5
10  -4
8  -3
8  1
9  3
9  10
9  3
9  7
9  10
8  3
8  9
10  -7
9  9
11  0
10  2
11  -7
8  2
6  4
8  7
10  1
9  7
10  -11
9  3
9  2
8  10
9  8
9  1
10  -2
10  0
9  7
10  1
9  0
9  12
7  11
8  11
8  10
10  -8
11  -8
8  11
7  1
7  6
12  -4
9  11
9  6
9  3
7  -1
7  4
7  12
8  10
6  12
8  2
10  -11
11  -2
9  6
7  0
7  12
10  -2
9  -1
11  0
8  11
9  10
9  10
9  1
9  -1
9  8
12  -3
7  -1
8  11
10  0
8  9
9  13
8  -1
8  7
9  10
8  6
7  3
12  -5
9  8
9  8
9  12
9  7
8  10
9  9
7  12
8  3
8  3
8  7
10  -4
12  -4
10  -2
10  1
8  2
7  3
10  -4
7  7
8  11
9  3
9  2
7  4
7  3
10  -3
8  8
7  -2
9  10
10  -5
9  13
9  5
9  13
7  3
10  -4
8  1
10  -1
10  -6
8  5
10  -9
9  4
11  -13
8  0
8  7
8  -1
9  11
10  -8
8  8
8  11
8  8
9  5
8  -1
11  -7
6  7
10  -7
9  13
6  14
7  12
10  0
11  -14
8  3
8  9
10  3
8  -3
10  3
9  4
8  2
7  4
8  2
8  4
8  3
8  2
9  6
9  9
8  1
9  12
9  12
10  -11
9  8
10  -5
7  4
9  9
8  10
9  12
8  -2
9  11
9  8
10  1
8  5
8  10
9  8
9  0
7  -1
8  6
9  0
6  5
8  -1
8  8
7  -1
11  -10
11  -1
8  -2
8  11
8  7
10  -4
9  4
7  8
8  2
11  -8
10  2
9  7
9  3
8  -2
7  6
10  -6
8  3
9  5
11  -5
10  -7
8  3
7  -1
10  -2
9  1
10  -11
6  7
10  -10
9  2
7  12
11  0
8  7
6  11
8  3
6  14
9  8
8  3
10  3
8  11
10  -8
7  5
8  -3
8  8
8  1
9  6
9  8
8  6
7  2
7  2
10  -6
8  11
9  10
10  -6
8  0
7  9
11  -13
8  1
9  1
7  3
9  10
8  10
9  5
8  7
7  11
12  -2
9  3
8  -2
10  -3
9  9
8  5
8  0
10  -8
9  11
8  11
8  5
8  -1
9  8
8  -3
8  3
10  -11
9  12
9  9
11  0
9  0
10  -3
7  6
7  -1
10  -11
10  -7
9  10
9  5
7  8
7  2
9  11
10  3
10  -7
11  0
9  1
9  13
7  6
8  0
10  -9
8  2
7  4
10  -4
8  4
9  1
10  -4
7  5
10  0
9  1
8  9
8  10
7  -2
9  -1
8  4
8  2
9  3
7  12
7  4
8  5
7  8
7  12
7  7
10  0
7  1
8  11
9  0
8  -1
7  6
11  -2
9  3
10  -7
10  0
7  9
9  5
9  4
9  11
9  11
11  -1
10  -8
8  -2
8  -2
8  11
8  11
9  1
7  1
9  12
10  -4
9  0
7  7
11  -6
10  -5
10  -11
8  1
8  0
9  12
7  0
8  7
8  -1
9  5
10  1
9  -1
9  3
7  11
11  -2
9  11
8  4
10  3
8  -3
8  9
8  -3
7  7
8  0
10  1
9  1
9  7
5  -7
8  6
10  -6
10  3
8  5
7  2
7  0
9  6
7  -2
9  1
8  0
11  -2
9  8
8  -1
9  4
9  11
8  4
7  6
9  1
10  -1
9  6
7  0
8  11
9  1
8  8
9  7
10  -4
8  10
8  -3
9  10
8  9
7  6
8  7
10  -2
10  -10
10  -1
9  11
7  3
11  -7
9  5
8  9
8  3
11  -13
11  -8
9  4
9  13
9  1
8  1
7  -1
7  7
9  10
9  4
7  1
9  13
12  -2
10  -6
8  8
9  2
10  -7
8  1
8  1
8  2
10  -10
9  1
10  -6
9  1
8  0
8  -1
9  3
6  2
10  -2
9  12
10  -6
9  2
11  -14
9  9
8  2
9  3
10  -4
8  7
9  7
12  -7
10  3
8  11
8  2
10  -4
7  3
6  11
9  5
10  -7
11  -12
10  -8
8  0
8  2
6  2
9  0
8  1
8  6
9  8
11  -1
8  1
7  11
10  -11
10  -7
7  5
9  -1
10  -10
8  5
9  4
9  13
8  7
8  8
10  3
12  -7
8  -3
9  1
7  5
10  -8
8  2
8  10
10  1
9  8
9  7
8  0
10  1
6  4
9  10
8  2
10  -10
8  -2
8  3
10  1
8  -3
8  1
8  0
8  -3
7  3
9  2
8  8
11  -5
7  0
10  3
9  1
7  2
9  7
7  8
10  -1
11  -8
9  -1
7  1
8  2
9  11
10  3
8  0
11  -10
8  -1
9  6
9  6
7  3
9  -1
8  10
9  9
8  9
8  2
12  -1
8  8
7  12
7  8
8  -1
10  -1
9  1
10  2
8  0
9  6
8  6
9  10
7  8
9  13
10  -8
10  -9
8  3
