11  -3
10  0
11  -2
11  -3
11  -2
13  -3
11  0
12  -2
11  1
12  1
10  1
9  3
12  2
11  1
10  1
7  -2
10  0
14  -2
12  1
11  0
13  -5
11  0
9  5
12  0
13  -4
10  2
11  -1
11  -1
12  -1
12  -2
9  6
12  0
12  1
15  9
13  -2
14  -6
10  0
12  -2
12  0
11  -3
13  -4
11  1
11  -2
12  1
10  0
12  -2
12  -1
12  1
13  -4
11  1
10  1
10  2
11  -1
10  0
12  0
9  6
14  -4
12  -2
10  0
10  -1
14  -4
12  2
12  2
14  -2
12  1
13  -6
14  -3
10  -2
11  0
8  -3
12  -2
10  2
13  -6
12  0
12  1
12  1
13  -6
7  -4
10  2
12  -2
12  1
10  1
14  -3
12  -2
11  1
11  -3
14  -6
9  4
9  4
13  -4
12  -1
11  -3
11  -1
12  -2
8  -4
11  0
11  1
11  -1
11  -2
9  4
11  -2
10  -2
14  -2
10  -2
12  -1
12  1
10  0
11  1
10  -2
13  -6
11  -3
10  0
10  -2
13  -4
9  4
11  -3
11  1
12  -2
12  2
11  0
10  -2
11  -3
8  -1
11  1
16  6
13  -4
13  -4
11  -2
13  -6
15  6
13  -6
11  -1
13  -3
13  -2
12  2
14  -3
12  0
11  1
12  -2
12  -2
10  0
11  -3
13  -3
12  1
11  -2
13  -5
15  9
11  0
11  -2
14  -2
13  -4
12  0
12  1
13  -5
12  0
14  -5
11  1
11  1
13  -3
11  1
9  7
13  -6
12  -1
13  -3
12  0
14  -6
11  1
12  -1
9  4
9  5
10  1
11  -1
10  -2
14  -3
11  -3
10  -2
12  1
12  0
10  -2
10  1
9  7
10  0
13  -4
12  1
11  1
11  -3
12  -2
10  -1
14  -5
10  2
12  2
12  -1
11  -1
11  1
9  3
11  -1
9  7
14  -6
13  -2
12  1
10  0
11  -1
12  -1
13  -4
13  -2
11  -2
8  -3
13  -5
11  1
14  -4
11  1
12  -1
14  -2
13  -5
12  0
9  5
12  -2
13  -5
11  1
12  2
14  -3
9  7
12  2
10  0
14  -2
10  -2
10  -2
12  0
10  -1
11  -3
14  -6
9  7
13  -6
11  1
13  -4
9  4
13  -5
12  -2
12  2
8  -3
12  1
8  -2
11  -3
11  -2
14  -4
12  -2
12  2
11  -1
13  -4
10  1
12  -1
11  0
11  -2
13  -6
12  0
14  -3
9  3
12  0
10  0
12  1
11  1
11  1
7  -4
12  -2
13  -5
11  -1
12  2
13  -4
13  -3
11  -2
11  0
14  -5
12  2
12  1
10  0
11  -1
13  -3
9  6
11  -1
12  -1
14  -2
11  1
9  5
14  -5
9  7
11  -3
12  0
9  5
13  -2
12  2
10  -2
12  -1
10  -1
11  1
10  -2
10  2
12  2
12  -1
14  -3
13  -2
12  1
11  -2
12  1
12  -2
10  -2
11  -1
15  6
9  6
13  -6
12  -1
13  -5
11  1
10  -2
10  -1
11  -3
9  7
14  -6
13  -4
14  -5
8  -3
12  2
13  -3
13  -6
12  2
13  -5
11  -3
13  -6
12  0
10  -2
13  -3
14  -2
11  -1
12  0
10  2
11  -3
11  -2
13  -6
8  -4
9  5
12  -2
13  -3
11  1
9  3
11  0
11  0
13  -6
10  2
8  -2
9  3
9  6
11  -3
13  -6
11  0
11  0
12  -2
10  0
11  0
11  -2
13  -2
10  2
13  -6
14  -3
10  1
12  0
10  1
11  -2
12  2
11  -2
12  0
14  -6
11  -3
12  2
12  0
12  2
10  1
11  1
13  -3
8  -1
12  2
8  -2
11  -3
10  0
13  -2
13  -5
12  -1
11  -3
13  -4
12  -1
12  -1
11  0
11  0
12  -1
11  -3
10  2
13  -6
13  -3
14  -3
12  -1
14  -2
11  -3
11  -3
12  0
10  -2
10  0
14  -6
13  -5
10  0
13  -5
11  -2
10  0
8  -4
10  2
11  1
13  -5
11  1
11  0
10  0
10  0
11  0
12  -2
8  -2
12  1
11  0
12  -2
14  -3
10  -2
14  -3
11  -2
12  0
11  1
11  0
10  1
13  -5
13  -2
13  -6
10  0
15  9
11  1
12  -2
12  1
13  -6
13  -2
12  -1
15  7
11  -3
11  -2
11  -3
11  -3
12  -1
10  1
15  9
11  -3
9  4
15  9
14  -5
10  1
13  -3
13  -3
13  -3
14  -5
12  1
10  -1
15  7
12  -1
11  1
11  -2
12  1
13  -5
13  -3
14  -2
11  -1
13  -6
14  -6
10  0
11  -1
10  2
11  1
9  3
12  1
12  -2
13  -2
11  1
10  -2
13  -2
12  -1
12  -2
12  -1
11  -2
13  -2
12  1
11  1
12  1
11  1
14  -6
11  -2
11  -1
13  -6
8  -4
12  -1
11  -3
10  1
14  -3
10  -2
10  -1
12  -2
13  -2
15  5
13  -2
12  -2
10  1
13  -6
13  -6
10  2
9  3
15  8
11  -1
10  -2
13  -6
11  -2
12  0
9  4
10  0
8  0
13  -5
11  -3
7  -1
11  0
9  5
15  6
12  -1
11  1
12  -2
9  7
12  0
10  -1
8  -2
10  2
10  1
13  -5
12  1
14  -4
11  -1
13  -5
10  2
11  0
14  -4
9  7
13  -2
11  1
11  1
12  -1
14  -3
10  1
12  0
12  -1
12  -1
14  -3
9  7
10  0
9  5
14  -3
13  -5
12  -1
10  2
11  -2
13  -4
10  1
9  6
17  0
12  0
13  -6
13  -2
9  4
9  5
10  2
10  0
10  -1
9  5
10  1
11  1
12  1
14  -6
9  4
9  6
11  -2
10  1
9  3
14  -2
10  -2
12  -1
11  -3
10  0
11  0
12  2
11  -2
10  0
10  0
11  1
8  -4
13  -6
12  2
11  -2
12  -1
10  -2
13  -3
12  1
12  -1
12  2
13  -2
12  1
11  -3
12  2
11  1
14  -5
8  -4
12  2
12  -2
10  -1
10  1
12  2
9  5
13  -3
10  1
8  -3
9  4
12  -2
14  -2
12  -1
11  -2
12  1
8  -4
12  0
10  1
10  2
14  -3
10  0
5  0
15  8
12  -1
12  -2
11  0
13  -2
15  9
10  -2
12  1
12  0
15  8
11  -2
14  -5
13  -5
11  -1
11  -2
11  1
11  0
11  -2
13  -4
9  5
10  2
13  -2
12  -2
15  5
12  1
12  2
14  -5
9  4
13  -6
8  -2
13  -4
11  -1
11  -1
10  1
14  -6
12  2
10  2
12  2
14  -4
11  -3
12  1
13  -4
12  0
13  -5
11  -2
11  -2
12  2
12  -1
13  -3
12  -1
10  2
11  -1
12  -1
10  -1
9  6
9  5
10  -2
11  1
13  -5
10  1
12  0
9  3
12  -1
13  -6
11  -3
11  -3
13  -2
12  -2
12  0
11  -2
8  -1
12  -1
9  4
13  -4
9  5
9  7
12  0
13  -3
13  -3
10  -2
10  -1
11  1
12  -1
12  1
10  -2
12  1
12  -1
9  6
12  1
14  -4
15  7
13  -2
9  4
12  2
13  -5
11  0
12  2
9  7
10  2
11  0
10  1
10  2
9  3
13  -3
12  -2
13  -5
13  -4
13  -2
14  -3
12  2
15  5
13  -4
13  -6
9  5
14  -5
12  0
11  -3
12  1
11  -3
11  -2
12  2
12  1
10  2
11  1
10  2
12  0
11  -2
13  -6
12  0
14  -5
11  0
9  4
15  9
10  1
13  -6
11  1
12  0
11  -3
12  -1
14  -5
10  -1
12  1
11  -1
10  -2
12  1
12  1
13  -6
9  6
11  -3
12  -1
10  0
12  0
13  -3
13  -4
10  -2
10  -2
14  -6
12  1
10  1
10  0
10  -2
13  -3
11  1
11  -1
11  0
11  -1
12  2
13  -6
12  1
12  -1
13  -5
10  2
13  -4
14  -3
14  -6
11  0
13  -4
10  2
11  1
10  -2
12  -2
13  -2
10  -1
12  -2
11  -1
13  -6
9  4
14  -2
11  0
12  0
12  0
13  -3
8  0
10  2
9  4
12  2
10  1
13  -3
15  7
11  -1
12  -2
12  2
13  -5
13  -5
12  2
11  0
11  1
10  -1
12  -1
13  -4
11  0
9  5
12  0
14  -2
12  -1
10  1
12  0
9  6
14  -2
13  -4
10  2
12  2
10  -2
13  -6
11  0
11  1
13  -4
14  -3
12  1
12  -2
10  1
14  -5
12  1
13  -4
11  -2
14  -5
13  -5
11  -3
13  -2
11  -3
14  -3
13  -5
14  -6
12  0
14  -2
12  -1
16  6
13  -2
11  -3
11  0
12  2
9  7
10  0
12  0
13  -2
12  0
11  -2
13  -6
11  -3
10  -2
10  -2
10  0
13  -4
15  9
10  0
8  -4
13  -4
13  -3
12  -1
11  -2
12  1
13  -2
12  1
13  -5
12  1
10  2
11  0
12  1
11  0
10  -1
11  -2
14  -2
10  -2
12  -1
13  -4
11  -1
11  -2
10  0
13  -5
12  0
14  -6
14  -3
12  0
12  1
9  5
13  -6
13  -3
10  2
11  0
14  -2
12  0
13  -3
14  -2
10  0
12  0
13  -4
13  -3
11  1
11  -1
9  5
13  -5
12  -2
12  2
9  3
14  -2
11  1
11  -1
11  -1
13  -6
13  -5
12  0
12  -1
11  1
9  7
12  2
12  -1
10  0
13  -3
13  -4
11  -1
11  -1
12  -1
12  2
13  -5
13  -6
10  -2
10  0
10  2
10  0
13  -3
13  -4
11  0
11  -3
13  -4
9  6
11  1
13  -4
11  -2
12  2
13  -5
9  3
14  -4
11  -2
10  2
16  8
13  -6
8  0
12  1
12  2
10  -1
9  4
11  -2
9  3
