12  1
16  12
12  6
16  5
12  5
14  0
13  0
12  9
16  12
14  -1
15  -3
16  2
14  -3
12  -1
14  -9
15  1
19  0
14  -6
14  -5
15  -8
15  -5
15  0
15  -6
16  1
21  8
15  -10
18  -1
14  -12
17  3
12  4
16  9
15  -8
14  -5
16  11
13  11
13  1
15  -10
16  8
15  -4
16  6
12  3
20  2
14  -6
16  3
14  -12
11  0
15  -10
15  1
14  -12
17  2
13  9
15  0
14  0
17  1
15  -6
14  -9
14  -3
16  10
15  1
17  -8
16  2
16  8
12  8
14  -9
16  9
14  -12
15  -6
14  -10
11  4
15  0
15  -9
16  6
19  3
15  -2
16  13
12  -1
17  0
15  -9
18  1
13  2
14  -10
15  1
17  1
12  4
16  8
13  8
18  3
15  -4
19  2
18  5
15  -10
17  0
15  -2
16  2
15  -4
12  5
16  4
18  -4
16  6
15  -4
14  -11
14  -2
10  -6
13  4
17  3
16  10
13  2
15  -11
17  4
13  4
15  -10
14  -2
14  -3
16  9
14  -7
17  1
13  7
16  5
14  -5
12  1
13  -1
14  -7
13  10
19  0
13  4
15  -7
17  4
15  -1
11  5
15  -10
16  11
15  1
13  5
14  -7
18  5
16  6
18  6
13  -1
14  -5
15  -5
12  6
15  -6
15  -5
14  -11
16  4
16  10
12  1
20  2
13  9
15  1
13  11
15  -5
15  0
16  1
15  -9
15  -4
16  1
13  6
11  7
13  6
16  11
17  -8
18  -6
13  0
15  -9
18  -2
16  7
13  2
13  5
15  1
15  -6
13  11
16  1
15  -1
12  -2
18  1
20  -2
14  -6
14  -3
13  2
16  5
12  10
15  -6
14  -10
15  0
13  9
14  -7
14  -1
14  -10
15  -9
12  5
14  -5
18  5
16  12
14  -8
17  -1
14  -12
18  2
15  -5
14  -12
17  -7
17  -5
19  8
16  12
19  1
15  -3
16  3
15  1
17  0
15  -3
12  1
13  2
15  -3
16  5
13  7
13  3
11  10
16  9
15  -6
17  0
16  8
19  10
12  6
16  7
16  3
16  13
14  -2
16  3
13  7
10  -1
15  -5
16  9
12  0
16  6
12  7
14  0
16  4
21  6
13  7
15  -1
14  -12
20  -2
12  10
14  -3
13  8
15  -1
10  -4
11  4
15  -3
12  7
13  7
15  -2
16  4
14  0
14  -5
15  -1
17  -7
14  -3
15  -5
15  -11
15  -8
16  4
12  6
12  -2
12  4
14  -12
15  0
16  9
15  -11
17  -8
13  -1
17  -7
14  -3
16  8
15  -9
14  -7
16  3
19  0
15  -8
19  2
15  -8
12  9
17  -3
11  10
17  0
13  9
16  5
20  -6
15  -11
15  -5
13  11
17  -3
19  7
16  9
20  -5
13  10
12  3
16  2
13  7
18  1
19  6
11  10
15  -3
13  1
17  -7
19  9
9  -9
14  -6
15  -1
16  10
18  -5
14  -11
18  1
16  11
16  4
18  5
15  -8
15  -4
19  9
16  8
16  3
16  5
20  -7
15  0
17  2
14  -10
11  8
14  -11
13  5
14  -8
11  10
17  -2
15  -1
11  0
13  3
15  -8
11  6
16  4
14  -8
17  -8
16  1
17  -6
15  -9
14  0
13  7
13  -1
17  -2
13  3
15  -11
18  -4
16  12
18  2
14  -9
15  -4
16  7
16  4
15  -1
14  -3
15  -2
13  3
11  7
19  9
15  -9
11  3
18  -3
18  -3
14  0
15  -4
16  5
14  -2
14  0
15  -6
12  -2
17  -1
17  -2
15  -3
20  -5
15  -3
14  -9
12  5
16  8
14  -6
16  2
12  -2
12  2
15  -6
18  5
16  8
13  0
15  0
15  -5
15  -1
14  -12
16  12
15  -8
16  5
8  -1
18  0
14  -8
19  6
17  -7
18  5
14  0
10  2
14  -11
18  5
16  6
14  -1
14  -11
14  -12
15  -2
16  8
16  12
15  0
16  7
18  5
14  0
15  0
17  3
15  -8
17  1
17  1
15  1
13  0
18  4
12  8
17  -4
18  1
19  7
13  2
13  11
14  -1
17  -2
17  3
11  7
16  8
15  -10
15  -6
15  -8
12  5
16  3
15  -3
11  5
16  10
16  12
16  3
15  -4
17  -1
14  -9
13  6
15  -8
14  -10
10  2
14  -5
16  5
13  -1
17  -7
17  -4
16  1
13  2
10  -2
13  6
14  -9
13  1
17  -8
18  1
13  3
13  9
17  -2
18  -5
15  -1
12  3
17  -8
13  3
17  -5
18  -1
14  -7
14  -4
13  0
15  -3
19  0
17  -2
15  -3
15  -5
17  4
15  -1
15  -11
16  3
17  2
17  -1
15  1
16  5
14  -9
13  7
14  0
16  10
19  9
12  0
18  -4
17  -8
20  -6
13  2
14  -10
15  -5
19  2
15  -10
18  3
12  -1
15  -5
20  3
15  -2
15  -3
15  -10
18  2
16  11
15  -7
18  5
17  -2
15  -8
9  -1
11  5
16  5
16  4
12  9
15  -9
17  -2
13  0
15  0
16  9
11  5
12  6
15  -1
14  -12
11  3
17  0
16  12
15  -10
15  -7
16  1
14  -10
18  -3
15  -5
17  -7
16  6
15  1
16  1
17  4
11  2
16  6
14  -1
17  -5
14  -2
12  2
15  -7
13  2
16  10
15  -6
12  3
12  5
19  8
15  1
18  6
15  -7
18  5
15  -10
13  3
15  -4
15  1
15  0
16  8
13  11
17  -1
16  12
18  6
12  -1
19  4
17  -2
17  0
16  6
16  2
14  -10
16  13
15  -9
16  3
18  -4
12  -1
12  1
21  -3
17  -1
13  -1
14  -2
15  -10
17  -1
15  -4
14  -4
15  -2
17  4
17  3
11  8
18  2
13  8
14  -8
14  0
15  -9
17  -1
14  -8
16  12
14  -11
16  4
19  5
14  -5
16  12
12  2
15  -6
15  -8
16  4
18  -6
17  -6
14  -8
16  6
18  6
16  6
16  4
12  5
14  -5
16  5
14  -11
16  12
16  10
17  2
11  1
11  6
15  0
15  -2
16  1
19  10
16  8
17  2
11  9
15  1
14  0
15  -4
16  7
10  -6
15  -1
16  4
17  3
12  4
15  -10
16  10
18  2
14  0
15  -11
15  -4
18  -3
14  -4
16  7
17  -6
15  -9
18  -4
15  -2
14  0
13  8
15  -4
14  -9
15  -7
16  9
13  6
13  3
15  -5
17  1
16  12
12  -1
15  -8
10  -1
16  8
16  1
13  7
14  -10
15  0
15  -6
16  3
12  4
16  11
11  10
13  8
17  0
14  -11
15  -9
14  -9
16  8
14  -6
15  1
14  -10
15  -7
14  -6
18  3
17  4
17  -8
11  7
16  3
17  -3
13  7
14  -8
16  13
12  3
20  4
15  0
15  -6
16  4
15  -5
16  10
12  10
14  0
15  -10
12  3
15  -11
18  -4
15  -8
16  13
17  -2
12  -1
15  -7
14  -10
16  7
15  -3
16  10
17  4
14  -7
15  -10
14  -11
13  3
16  4
14  -4
13  1
15  -5
17  0
13  9
14  -1
12  4
18  4
16  5
16  2
18  4
10  -1
12  0
16  6
14  -9
15  -11
17  -1
11  4
13  1
16  7
14  -6
16  9
13  1
18  4
14  -3
15  -8
14  -1
15  -7
16  12
15  -11
13  1
14  -6
15  -7
15  -4
18  -6
16  8
18  -1
16  8
14  -10
16  8
11  5
13  2
12  6
15  -10
15  -11
17  3
19  7
14  -4
12  10
17  -1
19  8
17  -3
15  -10
18  2
18  -4
13  10
12  -1
17  0
18  1
13  8
15  0
15  -9
17  -7
18  0
16  6
18  5
17  -4
20  3
17  -4
15  -11
10  -6
18  5
21  2
14  0
12  1
17  -7
18  -5
12  9
18  -5
14  -2
11  11
15  0
9  -4
16  10
13  1
14  -12
13  2
12  6
18  3
17  4
13  2
12  0
13  2
17  -7
16  13
18  3
12  4
16  9
14  -7
14  -7
17  1
17  -2
17  2
21  6
15  -5
17  1
12  0
12  0
14  -11
14  -2
14  -12
14  -11
12  8
18  -5
16  3
16  3
12  8
15  -1
14  -7
16  4
17  2
15  -3
13  10
14  -9
12  8
16  13
19  9
13  2
16  5
15  -2
16  11
17  0
14  0
14  -3
14  -5
15  -6
12  0
16  6
16  5
16  5
9  -11
15  -9
17  -3
12  -2
15  -6
15  -5
15  -2
19  11
15  -10
15  -6
14  -5
13  11
14  -10
16  1
17  1
11  2
17  0
16  5
16  2
16  6
13  7
15  -7
18  -1
19  8
18  3
15  -4
16  2
16  4
16  10
13  9
15  -5
14  -5
18  4
16  8
17  -1
17  -6
17  -7
17  -7
14  -6
12  5
20  3
17  3
15  -1
13  2
18  2
13  2
16  2
19  9
17  -1
14  0
12  8
14  -2
17  -5
17  -1
12  5
16  5
15  -3
18  6
15  -11
12  -2
18  0
13  5
15  0
16  5
19  10
17  -5
14  -12
15  -4
17  -5
14  0
16  13
15  -3
16  6
11  7
19  4
13  11
18  3
16  6
12  5
19  9
18  4
18  6
18  -6
19  -1
15  -7
14  -11
16  6
15  -7
11  6
16  7
14  -4
14  -3
14  -11
19  4
15  0
13  2
17  2
16  4
12  -1
14  -9
14  -12
15  -3
20  0
16  10
15  -4
17  3
16  9
17  -7
17  3
11  0
15  -1
14  -3
19  0
14  -4
11  3
19  2
15  -2
17  -4
10  3
11  8
15  -10
13  8
17  -6
12  6
16  5
13  -1
18  -3
