14  5
14  6
14  5
12  -1
16  -1
15  5
16  1
17  6
14  6
8  1
18  0
15  4
16  -1
13  -2
14  5
13  -4
14  7
19  -3
15  5
16  0
15  5
14  7
15  5
11  -4
15  3
13  -3
11  -4
17  7
13  -3
16  0
11  -5
15  3
14  7
12  -1
15  3
17  8
12  -2
13  -4
13  -2
16  1
14  5
16  1
17  7
17  7
14  7
12  0
14  6
14  5
15  5
14  5
16  -1
13  -3
14  7
14  6
18  -1
16  1
16  -1
13  -4
15  4
16  0
15  3
14  6
16  0
13  -2
15  3
15  5
13  -3
17  6
12  -2
11  -5
15  3
16  0
12  -2
15  3
11  -5
16  1
16  1
14  7
11  -6
12  0
18  -1
16  -1
16  -1
11  -6
14  7
11  -6
16  1
16  0
15  5
12  -1
12  -2
13  -4
13  -2
16  -1
13  -2
12  -1
15  3
15  3
13  -2
18  0
15  4
12  0
15  3
16  0
16  1
12  -1
12  -2
15  5
14  7
16  0
13  -2
16  1
13  -2
16  0
14  6
13  -4
15  4
15  5
14  6
16  -1
14  7
13  -3
17  8
15  5
15  3
7  6
12  -1
10  6
14  6
13  -2
16  1
15  3
13  -4
12  0
15  5
17  8
15  4
16  -1
16  -1
13  -2
13  -2
17  8
17  8
16  -1
14  6
12  -2
15  5
16  0
15  5
15  3
17  6
14  5
14  6
17  8
16  0
13  -3
16  1
15  5
11  -5
16  1
15  3
16  0
16  -1
15  5
15  5
15  4
16  -1
13  -4
13  -2
15  3
13  -4
13  -2
14  5
13  -4
13  -3
13  -2
13  -3
15  3
13  -2
14  7
11  -6
16  1
13  -2
15  4
15  4
18  0
19  -4
15  3
14  6
14  5
17  6
12  -1
12  -2
13  -3
14  5
18  -1
12  0
13  -3
17  7
16  -1
13  -4
13  -2
12  0
15  3
15  3
11  -5
12  -2
12  -1
13  -4
13  -2
14  6
14  5
12  -2
15  3
17  6
14  5
13  -2
13  -4
15  4
12  -2
14  7
13  -2
16  0
13  -3
12  -2
10  8
12  -1
11  -4
14  7
14  6
14  5
15  4
11  -6
12  -2
14  7
14  6
14  6
15  4
16  -1
13  -4
14  6
17  6
12  -1
17  7
16  -1
14  7
10  8
17  6
16  -1
15  3
15  5
16  0
11  -4
18  1
17  8
14  7
16  -1
15  3
15  3
13  -4
10  7
12  -2
13  -2
12  -2
14  6
12  -2
13  -4
15  3
15  5
16  0
15  5
14  6
15  4
14  6
17  6
14  7
11  -5
18  1
12  0
12  -2
17  6
14  7
10  6
14  5
11  -4
15  4
14  7
12  -1
12  -1
12  -1
14  6
15  3
15  4
13  -3
15  4
13  -3
15  3
14  5
14  5
16  0
14  5
16  -1
15  5
13  -4
11  -6
14  7
12  -2
13  -2
11  -6
17  7
13  -2
13  -3
14  5
12  -1
15  4
15  4
13  -4
13  -3
14  7
13  -4
13  -3
11  -4
16  -1
16  1
17  6
14  7
12  0
14  6
14  5
15  5
18  1
12  0
16  -1
14  7
13  -3
14  5
15  4
14  5
14  5
12  -2
15  3
12  -1
14  6
15  5
15  3
12  -2
14  6
19  -3
9  -4
15  4
15  5
13  -3
14  5
15  5
15  5
11  -6
11  -6
13  -2
12  -2
13  -4
16  -1
13  -4
13  -3
15  4
17  6
11  -5
15  3
11  -4
10  7
14  7
11  -5
10  7
16  -1
12  -2
16  0
14  5
8  0
14  6
14  6
12  -1
11  -5
14  5
10  6
14  5
15  5
17  7
14  7
15  4
14  6
15  3
11  -5
11  -4
11  -5
16  -1
15  4
14  6
11  -5
13  -4
17  8
15  3
14  5
13  -2
14  7
15  4
17  8
17  8
14  7
13  -2
13  -4
16  -1
13  -2
13  -2
13  -4
11  -5
12  0
20  -1
16  0
15  4
13  -3
15  5
17  6
14  6
11  -4
12  -1
17  8
16  0
15  4
16  1
12  -1
14  5
19  -2
18  1
14  7
14  7
11  -4
13  -3
14  7
12  0
16  0
12  -2
19  -3
16  0
15  4
16  1
15  5
15  4
14  5
17  7
14  7
14  5
14  7
16  1
15  3
13  -2
16  -1
14  6
11  -4
14  5
12  -1
15  5
13  -3
16  -1
12  -1
13  -3
15  4
17  8
14  7
12  -1
11  -4
11  -6
15  5
13  -4
16  -1
13  -2
15  5
13  -2
11  -4
16  1
14  5
15  4
14  5
12  0
11  -4
15  4
15  5
14  6
17  7
13  -2
13  -4
15  5
17  8
13  -2
11  -6
17  7
18  -1
14  6
12  0
13  -3
14  6
14  6
13  -3
13  -4
14  5
13  -4
16  0
17  8
16  1
14  7
18  1
15  5
15  4
15  5
11  -4
16  0
13  -4
13  -4
15  3
14  5
14  6
16  -1
13  -4
16  -1
13  -3
14  7
15  5
15  3
14  7
17  6
16  0
13  -2
17  6
14  6
15  4
17  8
16  0
19  -4
14  7
14  7
13  -2
14  6
12  -1
13  -4
13  -2
13  -3
16  -1
14  6
14  5
13  -4
14  7
10  7
15  4
11  -6
15  3
13  -2
13  -3
12  0
17  8
15  5
13  -3
12  0
13  -3
16  0
12  0
13  -2
14  7
14  7
15  5
17  8
17  6
16  -1
15  3
12  -2
12  -1
12  -2
14  6
16  1
14  6
15  3
13  -3
12  -2
12  -1
14  7
18  -1
13  -4
12  -2
15  5
15  5
11  -6
15  3
13  -2
11  -4
16  -1
13  -2
14  6
17  7
16  1
9  -4
11  -6
14  6
15  4
14  5
16  0
14  7
11  -5
14  5
14  5
15  5
14  6
15  5
11  -6
12  -1
13  -3
11  -5
16  0
15  3
16  -1
9  -4
12  -1
12  0
13  -4
13  -3
17  7
12  -2
14  5
15  5
15  5
13  -3
16  0
12  0
17  7
12  0
15  3
14  5
14  6
17  8
17  6
17  7
14  7
13  -2
18  1
12  -1
13  -3
14  5
14  6
16  0
11  -6
14  5
16  1
14  6
18  1
13  -2
13  -3
14  7
14  7
11  -5
11  -6
13  -4
16  0
14  7
14  6
15  4
12  -1
13  -2
13  -4
17  8
13  -3
16  1
17  8
13  -3
13  -4
16  1
13  -4
13  -4
16  0
17  6
15  5
13  -4
10  7
11  -6
13  -4
15  5
14  5
16  0
13  -4
16  0
16  1
14  6
14  7
12  -1
12  0
14  7
13  -3
14  6
13  -4
15  5
16  -1
12  -2
12  -1
16  -1
11  -5
16  1
12  -2
16  0
15  4
14  6
13  -2
14  6
10  6
15  4
12  0
17  8
14  5
11  -4
15  4
16  1
16  1
14  6
14  7
12  0
13  -2
13  -3
15  5
14  5
13  -4
14  6
15  3
18  -1
12  -2
16  0
17  6
15  5
13  -3
11  -5
15  4
14  5
15  5
13  -3
14  5
15  3
14  7
11  -4
15  4
14  5
15  3
13  -2
13  -4
13  -2
17  8
13  -4
14  5
16  0
17  6
12  -2
16  0
13  -2
15  4
12  -2
16  0
16  0
11  -5
15  3
20  -2
17  6
12  -1
13  -2
18  0
14  6
14  7
14  7
14  6
15  3
15  4
17  8
13  -2
13  -3
11  -6
18  1
15  4
9  -2
15  5
11  -4
12  -1
13  -3
13  -2
12  -1
14  5
14  5
16  0
15  4
11  -5
13  -2
13  -3
13  -4
15  5
14  5
11  -6
11  -4
13  -3
17  7
15  4
16  0
9  -2
14  6
16  1
18  -1
13  -2
15  4
13  -2
17  7
14  6
13  -2
15  4
16  0
14  5
14  5
14  6
9  -2
12  -1
16  0
16  0
17  8
12  0
14  5
15  5
13  -4
10  7
11  -6
14  7
16  1
12  -2
16  0
14  5
12  -2
13  -3
17  6
13  -4
15  4
11  -6
18  -1
15  3
14  6
15  3
13  -4
14  7
14  6
14  6
14  6
14  7
12  0
13  -2
16  -1
13  -4
14  5
13  -3
13  -2
18  -1
14  7
15  4
13  -4
13  -4
13  -3
17  6
13  -3
14  7
13  -4
18  0
13  -2
14  7
15  3
14  5
17  8
16  -1
16  1
16  -1
11  -6
18  -1
13  -2
14  5
14  5
12  0
16  -1
13  -3
12  -1
13  -4
14  6
13  -4
14  5
15  3
12  -1
16  1
17  7
14  5
10  8
13  -2
12  -1
14  7
13  -2
13  -2
15  5
13  -2
15  5
13  -3
16  0
11  -6
12  -2
11  -5
15  5
15  3
16  0
14  6
17  8
15  3
12  -2
13  -2
12  -1
15  4
12  -2
14  7
13  -2
13  -2
11  -4
16  -1
13  -2
13  -3
14  7
11  -5
15  4
15  3
14  6
16  0
13  -2
12  -2
16  -1
17  7
14  7
15  5
10  8
14  7
17  7
12  0
15  3
15  5
14  7
15  4
14  6
13  -4
12  0
13  -3
16  -1
14  5
13  -4
15  3
15  3
15  5
15  4
9  -4
13  -3
16  -1
15  4
12  -1
16  -1
15  4
13  -4
14  7
19  -4
13  -3
14  6
16  1
14  7
13  -3
14  5
16  0
14  7
15  5
16  1
15  4
14  7
13  -4
11  -5
12  -1
15  3
14  6
16  0
14  6
15  5
14  5
15  4
13  -4
17  8
15  3
15  5
12  0
18  0
13  -2
15  5
14  6
15  5
15  3
14  7
16  1
