16  -8
18  5
15  -5
20  -4
18  4
20  -6
21  -7
18  4
16  -8
18  7
17  -5
19  7
19  9
18  7
17  -7
14  0
18  7
18  4
17  -4
16  -4
15  -3
16  -7
16  -5
14  4
17  -7
18  4
17  -4
17  -6
16  -7
16  -5
15  -6
15  -4
15  -2
16  -6
15  -3
17  -6
19  6
18  7
17  -6
16  -5
19  8
19  7
15  -5
19  9
14  1
16  -5
18  8
15  -5
17  -6
15  -3
19  7
14  1
17  -5
14  3
18  5
16  -5
15  -3
16  -4
16  -4
16  -4
16  -4
20  -7
14  3
15  -4
15  -4
18  5
16  -5
17  -6
18  4
15  -2
17  -4
17  -7
16  -8
19  6
14  0
16  -7
16  -5
17  -6
16  -6
20  -7
17  -7
15  -6
16  -7
18  6
19  6
18  4
13  5
17  -6
21  -6
18  5
18  8
16  -6
14  4
17  -5
17  -6
17  -8
16  -5
15  -6
15  -5
20  -7
17  -6
16  -6
17  -5
19  7
15  -6
17  -6
16  -6
16  -5
17  -7
14  1
16  -4
17  -6
16  -5
15  -3
16  -7
16  -7
14  3
12  -6
21  -7
16  -6
15  -4
17  -6
16  -8
16  -5
17  -5
16  -7
17  -6
17  -6
17  -8
18  8
17  -6
14  0
16  -7
15  -4
14  4
17  -7
16  -8
15  -6
16  -5
18  7
18  5
15  -5
19  7
16  -5
16  -8
18  4
16  -7
17  -6
18  4
16  -7
18  8
16  -8
15  -2
17  -6
16  -5
18  8
18  5
15  -5
16  -4
17  -7
17  -5
18  5
18  4
16  -5
19  5
17  -5
16  -6
18  8
19  7
15  -3
16  -6
18  7
15  -4
17  -4
21  -3
14  1
18  7
17  -8
17  -5
16  -8
16  -7
19  5
18  6
17  -7
14  2
16  -5
17  -6
17  -5
20  -8
13  9
15  -5
18  5
18  6
19  9
16  -8
18  5
16  -6
18  5
20  -4
17  -4
17  -6
17  -4
18  5
16  -4
17  -4
15  -2
16  -6
14  1
17  -4
17  -5
14  4
16  -6
14  0
15  -6
18  6
15  -5
19  9
19  9
15  -4
18  6
16  -4
14  0
16  -4
17  -5
16  -5
16  -6
17  -6
18  7
15  -3
15  -2
16  -8
16  -7
16  -7
17  -7
16  -7
14  3
16  -6
15  -5
18  5
16  -6
16  -6
16  -7
16  -6
15  -2
18  8
17  -7
16  -8
19  7
16  -6
17  -6
18  7
16  -8
13  5
16  -7
15  -6
17  -5
16  -7
16  -4
15  -2
16  -7
17  -5
15  -2
14  1
16  -6
15  -6
16  -8
17  -4
17  -7
17  -7
16  -6
18  8
16  -7
16  -7
15  -3
15  -6
15  -3
17  -7
16  -4
18  6
16  -6
15  -6
17  -4
16  -8
13  5
18  7
16  -5
18  4
15  -3
19  9
17  -4
17  -4
18  7
16  -7
17  -4
14  1
16  -6
17  -6
17  -7
16  -6
19  5
18  8
17  -4
19  9
15  -6
15  -2
17  -6
17  -8
17  -5
16  -5
16  -7
15  -4
16  -4
16  -6
16  -5
18  5
17  -7
18  8
18  8
17  -8
16  -5
16  -5
16  -4
18  5
20  -7
17  -5
16  -4
14  2
17  -8
17  -4
18  5
16  -4
17  -6
19  9
18  5
16  -4
17  -8
19  5
18  5
16  -5
18  7
18  4
18  5
16  -7
19  7
17  -4
17  -7
17  -6
19  5
17  -4
18  8
15  -5
14  4
19  9
17  -7
15  -4
16  -4
16  -8
13  5
19  9
16  -7
16  -4
17  -8
17  -8
16  -6
17  -7
16  -8
16  -8
16  -6
18  7
17  -8
17  -7
16  -5
15  -4
15  -3
19  6
16  -4
15  -5
18  4
17  -7
15  -6
18  7
18  7
18  4
15  -2
17  -7
15  -3
17  -8
18  8
16  -5
16  -6
15  -6
16  -6
15  -4
16  -7
20  -7
17  -6
18  7
17  -6
15  -2
19  9
16  -5
15  -5
15  -4
14  1
17  -5
17  -7
16  -7
14  0
18  5
19  9
17  -7
17  -6
15  -3
17  -6
19  7
15  -2
15  -4
17  -5
14  0
16  -7
17  -7
18  6
16  -5
19  8
18  6
16  -7
18  7
17  -6
17  -7
18  4
16  -4
20  -7
17  -7
16  -8
18  7
16  -8
16  -6
16  -4
13  7
17  -7
16  -8
17  -5
16  -6
15  -6
19  7
16  -7
17  -7
16  -4
15  -4
18  8
18  6
19  8
16  -6
17  -5
17  -6
18  5
19  6
18  6
17  -7
15  -3
13  5
15  -6
17  -7
17  -5
15  -3
15  -5
18  6
16  -4
14  3
17  -7
16  -4
16  -5
16  -4
15  -4
17  -8
16  -5
16  -6
19  6
19  6
19  8
17  -4
19  6
16  -4
19  6
16  -4
17  -5
17  -7
19  6
18  8
15  -4
16  -4
18  8
19  8
19  7
16  -5
17  -8
17  -7
19  7
19  9
16  -5
17  -7
17  -8
17  -6
16  -7
16  -5
16  -4
18  7
18  4
16  -4
20  -8
16  -5
16  -7
16  -4
18  4
18  7
18  4
14  2
18  8
17  -8
18  7
20  -8
16  -7
17  -6
13  7
14  1
19  8
17  -6
18  5
19  6
17  -6
17  -7
16  -4
13  8
17  -7
16  -4
17  -4
16  -7
18  5
20  -7
16  -4
15  -5
17  -4
16  -8
16  -5
19  6
17  -6
17  -5
16  -6
19  7
17  -7
19  6
16  -4
17  -4
17  -6
18  7
15  -3
16  -8
17  -4
15  -6
17  -5
15  -2
18  7
16  -7
18  7
18  8
19  6
18  7
15  -4
18  7
16  -4
19  5
16  -7
16  -8
16  -5
17  -6
15  -5
14  0
15  -5
16  -5
17  -4
19  6
17  -4
15  -3
17  -7
18  7
16  -4
17  -5
13  9
19  5
17  -7
19  8
15  -4
19  8
17  -8
14  3
16  -4
16  -8
15  -4
18  5
18  4
17  -5
17  -5
18  8
17  -8
14  1
16  -4
18  7
16  -6
15  -2
16  -8
20  -7
17  -5
16  -8
19  8
17  -4
16  -5
19  8
20  -7
16  -8
16  -8
18  7
16  -8
18  5
16  -7
17  -8
18  7
15  -6
18  4
17  -6
18  5
16  -7
19  5
20  -5
16  -8
17  -7
16  -7
17  -6
17  -4
18  4
17  -4
17  -5
15  -6
17  -5
17  -7
19  8
16  -8
19  5
15  -2
13  5
18  7
17  -4
16  -6
17  -8
14  0
15  -5
18  6
18  4
15  -3
17  -7
17  -4
17  -5
18  4
14  3
15  -6
18  8
17  -4
16  -7
13  5
16  -8
17  -7
15  -2
16  -4
15  -4
15  -3
19  5
15  -6
17  -7
17  -6
14  2
16  -6
18  5
14  1
17  -5
18  4
17  -6
17  -4
17  -5
17  -6
17  -6
16  -4
16  -4
15  -6
17  -5
19  9
18  8
16  -4
17  -5
18  7
17  -7
18  5
17  -6
16  -6
16  -8
15  -5
15  -3
16  -8
19  8
18  6
17  -4
16  -6
17  -7
17  -4
16  -6
18  6
15  -6
15  -5
14  1
17  -8
16  -8
17  -6
15  -2
17  -8
14  2
12  -7
18  7
17  -7
19  8
18  7
16  -5
19  5
16  -4
16  -5
17  -6
16  -7
13  7
18  4
18  8
15  -3
17  -4
18  5
16  -7
20  -6
20  -8
15  -5
17  -6
16  -4
18  6
19  6
16  -8
17  -7
14  2
21  -4
15  -5
17  -7
19  5
16  -5
18  7
18  8
16  -8
16  -7
16  -8
17  -7
16  -7
16  -5
18  6
18  8
18  6
16  -5
17  -5
16  -5
13  8
14  3
18  7
15  -5
17  -8
16  -7
16  -8
18  8
17  -7
16  -4
19  5
14  0
20  -8
17  -5
18  5
17  -5
18  7
15  -4
15  -4
17  -4
17  -4
16  -4
20  -4
14  3
15  -3
16  -8
16  -6
17  -6
18  6
19  8
15  -5
18  4
17  -7
18  6
19  7
19  5
14  0
16  -4
17  -7
16  -5
15  -4
15  -4
19  5
16  -6
18  4
18  5
18  6
18  6
18  5
17  -8
16  -8
16  -8
15  -5
16  -5
17  -7
14  2
17  -4
16  -6
15  -6
21  -4
17  -6
18  6
18  6
19  7
16  -6
15  -6
17  -4
16  -8
18  8
18  7
14  2
16  -6
16  -4
14  1
13  8
17  -6
17  -4
15  -5
17  -4
16  -5
14  4
19  9
18  5
19  5
17  -4
18  4
15  -3
17  -5
18  4
19  7
17  -8
17  -8
16  -5
15  -5
17  -6
16  -5
17  -5
14  4
17  -4
14  4
17  -8
18  4
16  -5
17  -5
17  -7
17  -4
19  5
16  -4
16  -8
17  -4
15  -2
17  -6
15  -3
15  -4
15  -4
13  8
16  -4
15  -4
15  -2
14  3
19  6
16  -5
15  -6
16  -7
15  -6
16  -8
14  0
17  -7
17  -8
15  -2
16  -4
16  -6
16  -6
16  -7
16  -4
18  4
15  -4
16  -5
15  -6
18  5
13  5
18  6
18  8
16  -7
18  4
14  0
16  -8
16  -6
15  -2
17  -7
18  7
20  -4
17  -7
14  2
18  5
17  -4
17  -7
17  -8
14  0
18  6
17  -4
18  7
19  9
17  -8
18  7
16  -8
17  -7
17  -4
17  -7
14  1
18  5
15  -2
17  -8
14  3
14  0
17  -5
16  -8
18  4
14  0
19  9
14  1
21  -3
16  -4
16  -5
19  9
15  -6
16  -4
17  -8
17  -8
16  -6
16  -7
15  -3
18  5
17  -5
16  -5
14  2
18  5
20  -8
17  -5
16  -7
17  -5
17  -6
16  -7
15  -5
15  -3
17  -7
13  7
17  -7
14  0
17  -4
17  -6
20  -7
14  3
13  5
16  -7
17  -8
15  -6
16  -8
18  8
17  -6
18  4
18  5
14  1
17  -7
16  -8
18  8
17  -8
13  8
17  -7
15  -3
