19  3
18  6
20  -7
20  -7
22  4
18  6
19  4
18  7
18  6
16  -3
16  -5
18  7
20  -5
21  4
19  5
19  5
17  -1
17  -1
19  4
16  -5
20  -5
23  4
18  7
17  0
22  4
19  3
17  -1
21  4
19  5
16  -3
17  -1
19  3
20  -7
20  -5
15  -5
19  4
20  -7
15  -5
19  3
15  -5
17  1
17  -1
20  -5
18  6
19  5
17  0
18  7
23  3
19  3
18  7
20  -7
19  5
15  -4
18  7
17  -1
19  3
19  5
17  1
15  -4
21  4
17  -1
19  5
18  6
20  -6
16  -3
15  -5
16  -5
17  0
19  5
19  5
18  7
19  3
18  6
17  1
19  4
15  -4
17  1
17  1
18  5
17  -1
18  5
19  3
19  4
18  5
16  -4
19  3
17  1
18  5
19  5
23  2
19  4
18  5
20  -6
18  5
20  -6
18  5
20  -6
16  -4
17  -1
19  3
18  5
18  6
19  5
18  6
17  -1
18  5
16  -4
15  -3
18  7
18  7
19  3
17  -1
14  0
19  3
19  3
20  -5
17  1
23  3
20  -5
19  5
18  7
18  7
22  3
16  -5
17  1
15  -5
20  -6
21  4
19  5
20  -6
19  5
19  5
18  6
16  -3
19  5
18  6
20  -7
17  -1
17  0
20  -5
20  -7
15  -5
20  -6
19  3
20  -6
18  6
16  -3
18  7
14  0
20  -5
15  -4
19  3
18  7
19  4
17  1
16  -4
20  -7
21  3
19  3
18  5
17  1
19  4
16  -4
19  3
16  -3
20  -7
19  4
21  2
17  1
19  3
16  -5
20  -6
20  -7
16  -5
19  3
18  5
20  -6
18  5
19  3
21  4
17  -1
19  5
15  -4
19  4
18  5
17  -1
15  -5
16  -4
19  5
20  -7
17  -1
19  3
17  0
18  6
19  3
18  6
19  4
15  -4
19  5
14  -1
16  -3
20  -6
17  -1
16  -4
16  -3
19  4
17  1
20  -7
20  -6
15  -4
19  5
20  -7
18  7
18  5
24  -1
20  -6
19  5
22  2
18  5
16  -5
18  7
20  -6
18  6
19  3
18  5
20  -7
22  2
20  -5
17  -1
20  -5
17  -1
17  1
18  6
16  -4
22  4
18  5
19  3
18  7
20  -7
17  1
17  -1
20  -7
14  0
19  3
20  -6
18  6
18  5
21  3
20  -7
16  -5
20  -5
17  0
18  7
18  7
19  4
15  -3
18  7
20  -7
19  4
20  -5
16  -4
21  4
21  3
19  5
19  3
21  4
18  7
20  -7
18  6
18  6
18  6
18  5
16  -4
19  4
19  5
20  -5
22  4
18  7
18  6
17  0
19  3
17  -1
17  0
16  -4
19  4
17  -1
17  1
17  1
19  3
19  3
19  4
17  -1
17  1
17  0
24  1
17  -1
15  -4
18  6
19  3
14  0
17  0
18  7
17  0
19  5
18  6
20  -7
15  -4
18  6
17  1
18  7
17  0
19  5
17  1
19  5
22  3
19  5
17  0
19  3
14  0
14  -2
18  7
24  0
20  -7
18  6
16  -3
20  -5
15  -5
17  1
17  -1
19  3
18  6
16  -3
19  3
19  3
18  5
18  7
17  1
21  4
18  6
17  0
14  -1
18  5
15  -5
20  -6
19  3
18  5
19  3
20  -5
18  6
18  6
17  1
19  4
20  -5
15  -4
21  2
20  -7
19  5
16  -3
16  -4
19  3
18  6
16  -3
19  4
15  -3
16  -4
18  7
19  3
20  -6
21  3
17  1
18  7
21  4
20  -6
17  1
20  -7
17  0
18  5
19  3
17  0
16  -3
17  -1
20  -6
21  4
19  5
19  3
19  4
21  2
16  -3
20  -7
18  6
20  -6
18  5
18  5
16  -3
20  -6
20  -7
14  -2
19  5
18  5
18  7
20  -6
21  2
21  4
17  -1
22  3
21  4
16  -4
18  5
17  -1
18  5
16  -4
18  5
19  3
20  -5
18  6
16  -5
16  -3
19  5
19  5
19  4
17  -1
17  0
18  6
17  -1
19  3
21  4
23  4
17  1
21  3
19  3
21  3
20  -6
17  -1
18  6
21  2
21  3
18  6
18  7
19  4
19  4
18  6
18  5
16  -4
17  1
18  7
20  -6
15  -5
18  6
18  6
18  6
19  3
16  -4
18  7
20  -7
19  3
17  0
19  4
19  3
20  -7
22  2
18  6
17  1
17  1
17  0
14  -1
18  6
17  1
21  3
22  2
18  6
21  3
17  0
17  -1
17  0
20  -6
22  2
20  -7
20  -6
17  -1
19  4
20  -7
17  1
21  3
18  5
16  -5
19  4
18  6
18  5
20  -5
19  5
17  0
16  -3
17  0
15  -3
18  6
18  6
19  3
18  7
17  0
19  3
20  -6
16  -3
18  7
18  7
20  -7
19  3
17  -1
17  0
20  -5
16  -3
17  0
16  -4
19  5
18  5
15  -3
16  -5
19  3
18  7
16  -4
17  -1
20  -7
17  0
16  -5
18  6
19  5
18  5
19  5
18  5
17  1
17  -1
19  3
18  5
19  5
18  7
14  -1
22  2
18  6
18  6
19  5
20  -6
18  7
15  -4
19  5
18  7
19  5
17  1
18  5
16  -3
19  5
17  -1
19  4
19  4
18  5
19  3
20  -6
16  -3
20  -7
18  5
17  1
16  -3
17  0
18  5
17  1
19  4
18  6
20  -6
19  5
20  -6
23  3
18  6
17  1
18  7
16  -5
20  -5
23  2
18  5
18  5
18  7
22  4
21  2
18  6
18  7
17  0
15  -3
19  5
20  -5
17  0
19  5
23  2
18  7
21  2
16  -3
17  -1
17  1
20  -7
17  0
18  5
14  -1
17  -1
18  5
17  0
18  5
18  7
19  3
17  1
19  4
20  -6
18  6
18  5
20  -7
19  4
20  -5
17  1
17  -1
21  2
17  0
17  0
20  -5
21  2
18  5
17  1
21  2
19  4
16  -4
19  5
17  0
18  5
17  -1
17  -1
19  5
21  4
19  4
20  -7
18  6
20  -5
17  -1
17  1
18  6
18  6
15  -5
18  5
20  -6
16  -4
20  -6
20  -7
16  -4
19  4
20  -7
19  5
20  -6
16  -4
21  4
20  -5
20  -7
18  6
19  5
20  -5
18  6
24  -1
20  -5
18  6
20  -6
16  -5
20  -6
19  3
19  3
16  -4
16  -4
16  -4
19  3
16  -5
18  6
17  0
18  7
20  -7
18  6
20  -6
19  4
19  5
18  6
17  1
17  -1
18  6
19  5
21  2
18  7
19  3
18  5
18  5
18  7
17  -1
16  -5
20  -5
18  7
16  -4
16  -4
20  -6
18  5
17  1
20  -6
18  6
19  3
20  -6
19  5
17  -1
19  4
18  7
16  -5
16  -5
20  -5
19  3
20  -6
18  7
17  1
16  -4
17  0
19  5
18  7
19  5
18  6
17  0
20  -6
17  1
18  5
16  -5
16  -3
20  -6
17  1
19  3
19  5
18  5
21  2
16  -4
16  -3
19  3
21  2
19  3
18  7
18  5
16  -3
16  -5
20  -7
18  6
21  4
20  -6
19  4
18  7
18  5
18  6
17  0
18  6
22  4
19  5
18  6
20  -6
16  -4
17  -1
14  -2
16  -4
21  3
17  0
16  -3
19  4
17  1
15  -3
17  -1
20  -6
18  6
19  4
18  6
17  -1
18  5
17  1
18  5
18  5
21  2
18  7
22  4
16  -4
20  -5
17  -1
22  3
16  -3
17  0
19  4
17  -1
19  5
18  5
16  -4
20  -5
20  -5
22  2
18  6
16  -4
18  7
17  1
17  0
16  -3
16  -5
18  7
17  0
19  3
18  6
17  1
19  5
20  -5
20  -6
23  4
18  7
17  1
18  5
20  -7
16  -3
19  4
18  5
19  3
18  7
20  -6
20  -7
17  1
15  -3
18  6
20  -7
17  0
16  -5
18  6
17  -1
18  7
19  4
18  5
19  3
18  5
16  -4
17  0
22  3
16  -4
16  -3
16  -3
16  -4
17  0
19  5
20  -5
18  5
19  4
15  -4
18  6
19  4
18  7
15  -3
15  -4
15  -4
19  4
18  5
19  4
18  5
19  3
21  3
17  -1
19  5
19  4
18  5
17  0
17  1
19  4
19  5
18  6
18  5
18  5
19  5
18  6
18  7
19  3
16  -4
17  1
17  -1
17  0
18  7
20  -6
18  7
23  2
19  5
19  5
18  7
18  6
21  4
19  4
19  5
19  5
17  -1
19  3
18  6
18  5
17  -1
18  6
20  -5
17  0
17  1
18  5
19  5
18  5
19  4
19  5
17  0
16  -3
18  6
18  6
20  -5
17  0
18  6
18  6
17  -1
19  5
20  -7
15  -3
17  -1
18  5
19  3
20  -5
21  2
17  0
18  5
18  5
18  6
19  4
17  1
20  -6
20  -5
18  7
18  7
20  -6
17  1
19  4
18  5
19  5
18  6
16  -4
17  -1
15  -3
17  0
19  4
16  -4
17  1
17  -1
16  -3
19  4
20  -7
21  3
17  0
17  -1
17  0
20  -6
18  7
18  6
20  -6
20  -7
17  0
18  6
19  5
20  -6
16  -5
22  4
18  6
19  4
20  -6
18  5
21  3
17  0
16  -4
18  5
20  -6
18  5
18  6
19  5
14  0
21  4
20  -6
16  -3
19  4
20  -5
18  6
20  -5
16  -4
17  0
19  5
22  3
18  7
20  -6
17  0
18  7
19  3
18  7
15  -3
20  -6
17  0
20  -5
16  -5
20  -6
22  3
17  1
21  3
