10  4
11  7
8  5
7  -3
5  2
8  3
8  3
7  -3
8  4
7  -5
6  -6
9  -5
10  4
6  -3
9  -4
8  3
5  3
7  -3
9  -7
4  1
7  -3
5  -1
7  -2
8  4
5  -1
9  -5
5  -1
7  -3
8  5
7  -5
6  -7
9  -7
11  4
10  2
8  3
5  3
9  -6
7  -5
8  3
11  7
8  7
5  0
9  -8
9  -6
5  3
7  -5
9  -4
11  7
7  -6
10  3
9  -7
7  -3
7  -6
7  -5
7  -5
8  6
10  5
9  -7
7  -5
5  3
10  5
10  4
8  6
8  6
5  1
8  5
7  -6
5  2
8  4
9  -8
7  -6
8  3
7  -6
8  6
9  -5
9  -6
7  -3
8  5
8  3
8  7
9  -8
7  -4
8  5
6  -3
11  6
9  -6
10  3
7  -4
8  3
7  -5
8  5
8  5
11  4
6  -5
8  4
6  -6
10  3
8  5
7  -2
8  4
10  3
10  5
12  7
7  -4
6  -7
9  -7
11  7
5  -1
10  4
7  -5
10  6
7  -2
8  7
10  3
8  7
8  4
5  3
9  -4
11  4
8  6
10  5
9  -8
7  -4
9  -8
9  -8
11  8
10  2
8  3
9  -5
6  -7
8  3
9  -5
6  -3
7  -4
6  -5
6  -4
8  5
8  4
7  -4
11  5
6  -7
9  -6
8  6
7  -2
9  -7
6  -5
9  -4
7  -5
8  5
9  -8
8  4
11  7
8  5
7  -5
6  -4
5  2
6  -4
8  3
7  -2
9  -4
6  -3
6  -6
9  -6
6  -5
4  -1
10  3
9  -7
8  6
5  3
8  3
8  4
8  4
6  -4
6  -5
6  -5
8  6
5  0
10  2
9  -5
9  -6
9  -4
6  -7
3  -6
7  -5
9  -4
8  4
8  6
6  -7
7  -3
6  -4
5  0
5  2
7  -2
8  5
7  -4
9  -4
7  -5
9  -5
8  6
7  -4
4  0
9  -6
6  -6
6  -3
8  7
9  -4
7  -2
4  0
7  -2
10  3
8  4
7  -4
7  -3
9  -4
9  -7
11  7
10  4
8  7
7  -2
8  6
7  -6
8  3
6  -3
7  -6
10  3
12  7
7  -6
7  -5
8  5
5  2
6  -4
9  -4
6  -6
7  -2
7  -5
9  -5
9  -7
5  0
9  -5
10  2
9  -7
5  2
11  4
9  -4
10  4
8  6
8  6
8  7
4  2
9  -6
11  6
10  4
7  -5
8  4
7  -2
11  7
7  -4
6  -6
9  -8
2  4
11  6
11  6
5  3
8  7
9  -6
5  0
6  -4
10  5
9  -4
7  -6
10  3
4  -2
8  7
10  6
6  -5
5  0
7  -3
7  -3
9  -7
8  7
7  -5
7  -6
12  6
8  3
8  4
9  -6
9  -8
8  4
10  2
8  6
6  -5
4  1
7  -3
9  -6
8  4
8  4
6  -4
5  3
12  7
6  -7
6  -7
9  -8
8  4
7  -2
8  3
9  -5
9  -5
9  -8
5  1
6  -6
7  -2
8  6
4  0
8  7
6  -7
5  1
10  6
7  -4
8  7
8  4
8  4
9  -6
9  -8
8  7
9  -4
4  2
6  -5
5  0
7  -6
7  -2
6  -5
8  5
8  3
6  -3
6  -4
8  3
7  -4
8  7
9  -8
7  -4
7  -3
7  -6
10  3
5  -1
7  -2
7  -6
9  -8
4  0
10  2
7  -5
8  3
7  -2
10  4
10  3
10  4
8  6
7  -5
8  3
10  2
8  6
7  -3
9  -8
5  0
5  2
7  -3
10  4
8  7
5  0
5  1
9  -8
8  3
6  -3
7  -3
6  -7
7  -4
5  -1
6  -6
10  4
10  2
6  -3
5  2
7  -3
7  -2
10  2
9  -6
6  -4
7  -2
8  5
7  -2
5  2
8  6
10  2
7  -4
7  -3
5  0
8  3
8  4
8  7
7  -4
9  -4
10  5
6  -7
9  -7
8  3
7  -5
6  -4
7  -6
9  -8
5  3
7  -5
9  -4
7  -6
8  7
8  4
7  -5
5  0
5  -1
8  7
8  6
8  6
8  6
7  -3
7  -6
7  -5
8  4
8  4
10  2
6  -3
7  -5
8  6
8  5
9  -8
7  -2
6  -7
6  -4
7  -3
5  3
7  -6
6  -6
7  -2
9  -5
6  -5
11  6
7  -3
9  -7
6  -4
8  7
10  4
9  -4
9  -7
7  -4
8  7
6  -5
7  -5
10  2
8  5
9  -8
6  -6
10  6
6  -7
11  5
8  3
7  -2
9  -8
6  -7
7  -5
9  -5
9  -8
6  -6
5  0
8  5
13  6
7  -5
7  -4
7  -3
7  -3
6  -4
8  4
8  7
6  -5
6  -6
5  2
8  5
10  2
8  7
6  -3
7  -3
8  3
7  -3
8  7
7  -2
5  3
7  -4
8  5
6  -3
8  3
6  -5
7  -4
10  5
7  -4
5  2
7  -3
5  -1
7  -5
10  5
7  -6
7  -2
9  -7
9  -6
9  -6
8  3
10  3
6  -5
9  -7
9  -6
7  -4
9  -5
8  4
10  3
9  -8
6  -4
7  -6
3  -3
7  -3
10  3
9  -7
9  -8
9  -4
9  -8
8  4
10  2
7  -4
6  -5
8  5
6  -6
9  -7
9  -6
6  -5
6  -7
7  -3
9  -5
8  6
10  6
10  5
9  -6
9  -7
7  -2
4  2
6  -7
7  -2
10  4
7  -6
6  -5
8  6
11  7
6  -7
10  6
7  -3
7  -5
5  2
9  -7
7  -5
9  -6
8  6
7  -5
4  2
8  4
11  6
7  -5
8  6
6  -7
9  -4
8  6
5  3
6  -5
7  -2
5  0
9  -7
7  -3
6  -3
12  7
9  -4
9  -5
5  0
3  -3
10  3
8  4
8  7
11  8
6  -7
9  -5
10  4
8  3
10  5
10  4
6  -6
6  -3
8  7
6  -3
7  -2
7  -4
5  3
11  4
10  5
6  -4
8  6
7  -6
7  -4
9  -7
6  -5
6  -6
6  -4
7  -3
8  4
5  2
7  -5
3  -4
9  -4
7  -6
7  -2
5  3
9  -6
8  7
5  1
8  5
11  8
8  5
10  3
9  -4
8  3
6  -6
9  -4
7  -3
6  -7
6  -3
6  -7
5  3
10  3
4  0
7  -2
7  -2
9  -8
9  -4
10  6
8  4
9  -5
8  7
8  4
7  -3
9  -5
7  -3
7  -2
7  -3
9  -5
9  -7
7  -3
5  3
7  -3
5  2
7  -5
10  4
9  -8
5  2
8  4
5  0
5  1
10  6
7  -5
8  6
6  -4
9  -7
5  -1
9  -7
10  5
7  -4
6  -3
6  -6
8  4
10  4
6  -7
5  -1
9  -4
9  -8
7  -3
7  -2
8  3
5  1
10  3
10  6
8  5
5  -1
7  -6
9  -8
6  -4
7  -5
8  4
8  3
7  -4
5  -1
4  1
8  4
8  4
7  -2
7  -3
7  -3
6  -5
6  -6
7  -6
8  5
9  -4
3  -7
8  3
5  1
4  0
9  -4
7  -6
9  -8
5  2
9  -4
6  -7
12  7
12  4
7  -6
14  0
5  3
8  6
6  -3
3  -5
5  -1
9  -5
8  3
8  7
8  4
8  4
5  3
7  -6
6  -7
9  -8
10  2
7  -2
8  5
6  -5
8  5
8  4
8  3
5  -1
7  -5
9  -8
6  -3
8  3
8  3
9  -8
7  -2
5  1
9  -7
8  3
8  6
8  7
7  -4
9  -8
9  -7
8  6
8  5
7  -3
10  6
7  -3
8  4
9  -8
6  -6
6  -7
8  3
9  -5
8  7
6  -6
10  3
8  5
5  2
8  3
8  4
9  -5
4  0
7  -4
8  7
9  -4
10  3
7  -2
7  -2
7  -5
6  -5
9  -5
9  -6
6  -7
9  -8
5  0
7  -5
8  6
7  -5
4  -2
7  -6
8  6
8  5
8  5
8  7
6  -3
8  5
9  -4
8  7
8  7
5  -1
4  1
6  -4
10  5
7  -2
8  4
6  -5
6  -4
6  -4
6  -7
8  6
11  4
9  -7
8  7
6  -6
9  -4
4  2
6  -6
10  5
8  4
7  -2
9  -5
6  -7
6  -3
10  6
9  -6
7  -6
4  0
8  4
8  5
7  -3
7  -6
6  -6
7  -3
10  5
10  4
7  -2
7  -6
10  5
6  -6
7  -2
7  -3
6  -3
8  3
6  -4
7  -2
7  -3
7  -3
8  6
10  5
10  3
7  -3
8  3
7  -2
8  4
9  -6
10  3
8  7
7  -6
10  5
7  -2
9  -7
8  6
8  6
9  -6
5  -1
8  4
6  -4
6  -7
5  2
7  -4
8  4
8  4
5  1
8  6
11  5
6  -3
8  4
3  -6
8  6
5  -1
8  5
10  6
8  4
6  -3
9  -6
6  -4
7  -2
9  -7
6  -5
6  -6
9  -5
7  -6
6  -3
8  5
8  4
8  4
9  -8
9  -5
4  0
6  -4
6  -6
8  4
5  0
6  -3
6  -5
7  -4
8  5
6  -7
11  6
6  -4
11  5
8  4
7  -4
10  5
8  4
7  -4
6  -6
7  -3
8  6
7  -6
9  -8
9  -7
7  -5
8  5
8  4
9  -5
7  -5
7  -3
9  -7
9  -7
6  -6
9  -7
10  2
5  2
11  7
7  -4
9  -6
6  -7
6  -7
8  5
8  4
7  -2
9  -4
8  5
9  -4
7  -3
9  -7
4  2
8  4
11  5
7  -6
9  -8
9  -7
9  -4
8  5
6  -3
9  -6
9  -7
7  -5
10  4
6  -3
7  -6
7  -5
11  6
9  -7
7  -3
5  -1
7  -2
10  2
8  5
6  -5
7  -5
11  7
10  4
8  6
6  -4
7  -5
9  -6
7  -3
9  -6
7  -6
8  3
10  2
8  7
5  3
11  4
7  -4
10  2
7  -6
6  -7
10  3
