26  -1
25  -2
25  -11
27  3
26  -6
26  -3
26  3
26  -8
27  13
26  -1
26  0
25  -3
26  -3
26  1
25  -13
26  5
26  -8
25  -2
26  -3
26  1
25  -1
26  -8
25  -2
25  -10
25  -4
25  -8
26  5
26  1
25  -1
25  -14
25  -10
25  -4
26  3
25  -10
25  -11
25  -1
26  -3
26  -8
26  0
26  0
25  -5
26  -3
27  5
25  -3
26  -4
26  -5
25  0
25  -6
26  4
26  -7
25  -7
25  -1
26  0
25  -5
27  7
26  -7
26  -2
26  3
27  6
27  4
28  -5
25  -1
25  -1
26  1
26  -2
25  -4
26  2
25  0
25  -14
25  -9
26  -6
26  -3
25  -4
26  -5
25  -11
25  -3
26  -7
26  0
27  6
25  -8
26  -2
26  2
28  -6
25  0
26  -4
25  -9
25  -11
26  -3
27  7
27  8
26  -6
25  -2
25  -7
26  -3
26  0
25  -6
26  4
25  -6
26  -6
25  -4
25  -13
25  -12
25  -9
25  -1
26  3
27  13
28  -5
26  3
25  -11
25  -8
25  -3
25  -4
26  2
26  -6
25  -12
25  -14
25  -12
25  0
25  -2
25  0
27  0
26  2
26  4
25  -11
26  -2
25  -3
27  14
26  2
26  -7
25  -12
26  5
27  4
26  -2
26  -8
27  12
25  -3
25  -5
26  -1
25  -2
25  -1
25  -10
25  0
25  -14
26  4
25  -2
27  6
26  1
26  -7
25  -7
25  -6
27  13
25  -8
26  -3
26  -9
26  -2
26  3
26  1
25  -5
26  2
26  0
27  6
27  0
25  -5
27  2
25  -13
25  -11
25  -11
25  -14
26  0
26  -8
26  -1
26  5
25  -2
25  -1
25  -13
26  0
25  -14
25  0
26  -4
26  3
26  -1
27  12
26  5
25  -10
25  -2
25  -2
26  -3
26  -6
26  2
25  -7
27  2
27  4
25  -10
26  -4
25  0
27  9
25  -14
26  3
26  -2
28  -9
25  -2
27  5
27  8
26  2
25  -6
26  -5
26  4
25  -8
26  -9
26  -8
27  1
25  -5
27  12
26  -2
26  -9
26  -9
26  4
26  -5
26  -3
25  -11
25  -4
26  -2
25  -10
26  4
27  12
26  5
26  -2
27  10
25  -10
27  12
26  4
26  2
25  -2
26  -5
25  -13
27  10
25  -12
25  -11
26  0
25  -14
25  0
26  0
25  -7
26  -4
25  -8
26  -1
25  -4
26  -2
26  -5
25  -14
26  -4
26  -7
27  2
26  -6
26  3
26  2
25  -5
25  -4
27  13
26  -3
25  -4
26  4
26  0
27  5
26  1
26  -6
25  -13
26  -7
25  -9
26  3
26  -4
26  -8
25  -1
26  4
25  -3
26  4
26  -6
27  1
25  -6
25  -4
26  -5
25  -7
27  2
26  -3
26  1
26  -3
28  4
26  4
26  1
25  -11
26  -3
25  -7
26  1
25  -6
25  -4
27  1
26  0
25  -11
27  11
26  1
26  -8
27  11
26  -3
25  -10
26  -7
26  -5
25  -6
27  13
26  -5
26  2
27  13
25  -5
26  -1
26  -8
26  -4
26  -1
25  -3
26  3
26  -2
25  -6
28  2
25  -13
25  -8
25  -1
25  -6
27  8
25  -3
25  -4
25  -12
26  -7
27  13
26  -2
26  -6
25  -11
26  -2
26  -9
26  -1
26  -6
25  -2
27  1
25  0
26  -3
26  -9
26  5
26  -1
26  3
27  3
26  -3
27  4
26  4
27  7
25  -12
26  -8
26  -4
26  -2
26  -9
26  -1
26  -8
26  2
26  -2
25  -13
25  -7
25  -11
28  0
25  -9
27  6
25  -7
26  -9
25  -5
27  10
26  2
26  1
26  1
25  -4
27  4
25  -11
27  12
26  2
27  6
26  3
26  1
25  -12
26  2
25  0
27  6
26  -9
26  -3
25  -5
26  2
25  -5
27  14
27  8
27  4
25  -2
26  -9
26  -6
25  -4
27  8
26  -2
25  -8
26  0
25  -2
26  -9
26  2
25  -14
25  -2
26  3
25  -11
25  -4
26  -8
29  -8
28  -8
26  4
26  -1
27  13
26  1
27  10
25  -6
26  -4
26  -4
26  -7
26  2
27  10
25  -2
28  3
25  -9
25  -13
27  3
26  1
25  -7
26  -9
25  -13
26  0
26  -4
27  8
25  -5
26  -1
26  0
26  -8
26  3
25  -3
26  -1
27  0
25  -1
25  -5
26  -2
25  -4
26  -1
26  0
25  -13
27  12
26  2
26  -5
25  -12
26  -3
25  -9
25  -4
27  12
27  14
27  13
25  -4
25  -6
25  -8
27  6
25  -14
27  9
27  2
25  -7
25  -4
25  -8
26  -2
26  -8
26  -2
27  2
27  14
25  -10
25  -3
26  -2
25  -6
25  -9
25  -6
25  -10
26  1
26  3
26  1
27  6
26  -9
25  -3
26  3
26  -2
25  -6
25  -2
25  -2
26  5
26  -6
26  -1
26  -7
26  0
25  -12
27  5
26  -9
26  -5
27  5
27  13
26  3
25  -2
25  -3
25  -7
26  -3
25  -5
27  9
26  -3
25  -3
27  2
26  0
26  3
25  -13
26  -6
25  -2
26  -2
26  -9
26  2
26  4
25  -6
27  11
26  1
25  -1
25  -4
26  -3
25  -12
27  11
25  -10
26  -1
26  0
25  -4
25  -11
25  -14
26  0
26  -7
27  5
25  -4
28  -1
26  5
26  -8
25  0
25  -2
26  -1
25  -13
25  -12
26  -7
26  1
25  -1
25  -14
26  -8
27  6
26  4
25  -9
26  -2
25  -9
28  0
25  -11
25  -11
26  -6
25  -10
25  -3
25  -12
26  -5
25  -1
26  3
26  0
25  -13
26  -4
25  -5
25  0
26  -2
26  2
27  6
25  -11
26  -4
26  1
27  1
25  -9
28  -1
26  -1
25  -12
25  -10
27  1
27  11
25  -11
25  -5
26  -9
27  2
25  -13
26  -9
26  -9
25  -1
25  -11
25  -7
26  -8
26  5
26  -1
27  4
26  -2
26  1
26  -7
27  6
27  8
26  -3
27  4
26  -3
27  8
25  -2
25  -8
25  -10
25  -14
26  -9
25  -4
25  -9
27  7
25  -3
25  -14
27  4
25  -3
26  -8
25  -11
25  -11
25  0
27  13
27  1
26  -2
26  -9
26  -5
25  -11
27  9
26  1
25  -10
27  0
25  0
25  -3
26  -3
26  2
26  2
25  -11
26  0
25  -12
26  0
26  3
26  2
25  -8
25  -7
27  13
27  6
25  -8
26  -9
25  -3
25  -10
25  -10
26  -7
26  1
25  -14
25  0
26  -4
26  5
26  5
27  8
26  -1
26  2
25  0
25  -1
27  4
27  12
25  -9
27  3
26  -6
25  -9
25  -9
26  1
26  -1
25  0
26  0
26  -7
25  -3
25  -11
25  -7
26  5
25  -8
25  -13
25  -6
25  0
26  1
25  -3
26  -8
26  -2
26  -1
27  3
26  -2
27  9
25  -2
26  -5
25  -10
25  -10
26  4
26  2
25  -6
26  -1
27  6
25  -10
27  9
26  2
26  -8
26  1
25  -9
26  -7
26  -2
25  -10
26  4
25  -14
25  -4
27  12
25  -5
26  1
25  -4
25  -2
27  0
25  -10
27  14
26  -1
26  -7
26  -6
27  12
25  -13
26  -8
26  -3
25  -3
26  -4
26  3
26  -8
25  -5
25  -8
26  0
25  -6
25  -9
26  -4
27  2
26  3
26  3
25  -7
26  5
25  -8
25  -8
26  5
25  -14
26  2
26  -7
26  2
25  -12
25  -14
27  7
25  -11
26  -2
26  -8
25  -14
26  2
26  -5
26  3
26  0
26  -5
26  -4
28  -9
25  -2
25  -4
26  2
26  4
26  -8
27  1
26  -8
26  -8
26  3
26  0
27  3
25  -12
26  -1
26  -4
26  -2
25  -5
25  -3
27  7
27  14
25  -12
26  -1
27  6
25  -9
25  -12
25  -13
25  -8
25  -5
26  -8
26  -8
26  0
26  -2
25  -7
26  0
26  2
26  -1
27  9
25  0
26  2
26  3
27  10
25  -14
27  8
26  2
25  -7
25  -10
26  1
27  13
26  -2
25  -2
26  -8
27  4
27  4
26  -8
27  10
27  10
25  -7
26  4
27  14
26  1
27  0
27  10
25  -10
25  -8
25  -1
25  0
26  1
25  -7
26  -5
25  -10
25  -11
25  -9
25  -9
25  -6
25  -3
26  -2
26  -6
25  -7
25  -7
25  -4
26  -8
25  -13
27  12
26  -9
25  -7
26  0
26  3
25  -13
26  4
26  3
26  -5
25  -14
25  0
26  4
26  -9
25  -11
26  4
25  -1
26  -7
26  -4
26  1
26  -3
26  -8
27  10
25  -13
26  3
26  -1
25  -4
25  -3
25  -14
26  2
26  -7
26  -3
27  0
25  -3
26  4
26  0
27  2
27  4
25  -10
26  -2
26  2
25  -9
25  -7
25  -7
25  -8
26  -5
26  4
25  -13
27  5
27  14
26  -5
26  -6
26  0
26  -1
25  -6
26  1
25  -6
26  1
26  -6
25  -1
25  0
26  -6
26  -2
26  -3
26  5
26  -9
26  -8
27  12
26  -7
26  -3
25  -3
27  4
27  9
26  -1
25  -5
26  -6
25  -3
26  -7
26  1
26  4
26  2
25  -14
25  -12
25  -2
26  2
26  5
26  -6
27  5
26  4
26  -6
26  -4
27  12
26  -2
25  -5
25  0
25  -2
27  1
25  0
25  -10
28  -5
26  5
26  0
26  -2
26  3
25  -9
25  -6
26  4
27  5
26  -5
27  7
26  -3
26  0
25  -11
27  8
25  -11
25  -8
25  -12
27  0
26  -5
26  -8
27  5
25  -8
25  -6
26  -2
26  2
26  -8
26  -1
26  -8
26  -6
26  -6
26  -9
25  -13
25  -4
26  1
26  -7
25  -5
26  0
26  -9
25  -8
26  -1
25  -9
25  -6
26  -7
27  7
25  -3
26  -1
25  -3
26  4
25  -8
25  -4
25  -4
