13  3
13  1
14  -7
13  0
13  3
14  -5
13  0
14  -5
14  -7
15  -1
13  1
14  -5
13  3
14  -6
14  -6
13  1
13  0
13  3
13  4
14  -5
15  -4
13  4
13  3
13  2
15  0
14  -5
13  1
13  0
15  -1
13  2
12  -3
15  0
13  2
14  -8
13  2
12  -1
13  4
13  4
12  -2
12  -3
13  4
12  -1
13  2
13  0
12  -2
14  -9
14  -9
14  -6
15  -4
14  -9
13  3
12  -4
13  0
12  -3
12  -2
12  -2
13  3
13  0
12  0
13  2
14  -8
14  -5
14  -5
13  1
12  -1
13  2
13  4
12  -4
14  -5
13  0
13  1
13  1
13  4
12  0
13  0
12  -2
12  -1
13  3
14  -5
12  0
14  -9
14  -7
12  -1
14  -7
13  3
14  -5
13  3
13  2
14  -9
14  -5
12  0
12  -4
14  -7
14  -9
14  -7
12  -4
14  -5
14  -7
13  3
13  3
15  -3
14  -8
15  -1
14  -9
13  1
13  3
13  3
14  -8
13  3
14  -6
15  -2
14  -6
14  -7
13  1
13  4
13  3
15  -1
12  -4
14  -9
15  -1
14  -9
13  1
15  -4
14  -7
13  3
15  0
13  4
15  -2
12  -2
14  -8
14  -7
15  -3
13  1
14  -9
13  1
15  -2
14  -5
14  -5
12  0
14  -8
13  0
14  -7
15  0
15  -2
14  -5
14  -9
14  -9
14  -7
12  -2
13  3
13  1
14  -7
13  0
13  4
15  -4
13  0
12  -1
13  1
15  -4
15  -3
14  -5
14  -5
13  3
14  -5
13  4
13  4
13  4
13  2
15  -3
12  -2
14  -5
13  1
13  3
12  -1
13  4
13  4
12  -2
15  -4
14  -9
15  -2
13  4
15  0
14  -8
13  3
14  -7
14  -5
13  3
13  4
15  -3
14  -6
13  3
14  -6
13  2
13  2
13  1
13  3
13  3
12  0
13  1
13  0
12  -4
13  3
14  -5
14  -8
15  -2
14  -8
13  1
14  -6
13  1
12  -2
13  0
15  -1
13  1
13  2
12  -2
13  1
16  1
13  2
12  -4
14  -8
13  4
12  -1
13  1
13  2
13  0
15  -3
14  -8
13  1
14  -9
13  3
13  2
13  2
15  -3
13  0
14  -8
12  -2
15  -1
14  -7
13  4
12  -3
13  0
13  3
13  2
13  2
14  -7
13  4
12  -3
14  -8
13  0
14  -5
15  -3
14  -9
12  0
12  -2
13  4
13  4
15  0
14  -9
15  -2
13  0
14  -9
13  1
14  -6
14  -9
13  1
13  3
14  -6
15  0
14  -8
14  -8
13  4
14  -5
14  -5
14  -9
13  2
13  1
14  -8
15  0
13  0
14  -8
12  -3
14  -5
14  -9
15  -1
14  -5
13  0
13  2
15  -1
13  3
12  -3
15  0
13  4
12  -1
14  -9
12  -2
13  4
14  -9
14  -5
13  4
14  -6
14  -7
14  -7
15  -3
14  -8
12  -1
13  1
13  4
14  -8
15  -2
14  -8
14  -5
13  1
14  -6
13  1
13  4
13  2
12  -3
12  -2
13  4
13  3
14  -6
12  -1
12  -2
14  -8
14  -9
13  0
15  -2
14  -7
14  -7
14  -8
12  -3
14  -7
13  2
13  1
12  0
13  2
13  0
13  1
14  -9
14  -9
14  -5
14  -6
13  2
12  0
12  0
15  -1
14  -8
15  -4
13  1
13  2
15  0
14  -9
13  3
15  -2
15  -1
15  -2
13  1
15  0
14  -9
14  -9
14  -7
14  -6
13  4
15  0
13  2
12  0
13  2
13  0
15  -2
13  4
15  -2
13  1
13  3
15  -3
13  3
14  -8
12  -4
14  -8
13  4
14  -8
13  3
13  3
13  0
13  3
14  -9
13  1
13  0
14  -8
13  0
13  2
12  -3
14  -9
13  2
13  2
14  -5
13  2
13  2
13  3
12  -2
15  -2
14  -5
14  -8
13  4
16  1
13  2
14  -9
14  -6
13  3
14  -8
12  -4
13  0
15  -2
14  -7
14  -6
13  0
13  0
13  2
14  -8
14  -7
13  4
15  -1
16  2
14  -6
14  -7
14  -7
13  4
15  -1
14  -8
14  -6
13  3
12  -2
13  4
14  -6
13  0
12  -3
13  4
13  2
13  2
14  -8
14  -9
14  -8
13  0
14  -8
13  4
15  -1
14  -6
14  -9
12  0
14  -6
14  -8
14  -6
15  -4
13  1
14  -5
14  -6
12  -4
14  -6
14  -9
15  -1
14  -5
13  4
12  -4
14  -6
13  2
12  -3
13  2
14  -5
13  1
14  -5
12  -4
14  -6
14  -6
14  -9
14  -6
13  0
14  -7
12  -2
14  -9
13  1
13  2
13  2
13  0
14  -5
15  -2
13  2
13  4
13  0
12  -2
14  -8
13  4
13  0
13  0
13  0
14  -6
12  -3
14  -5
14  -5
14  -9
13  2
15  -4
14  -6
12  -4
13  2
13  2
13  3
14  -9
12  -1
13  2
14  -5
13  0
13  2
13  1
13  4
13  0
14  -8
14  -8
14  -5
13  1
14  -8
15  -3
13  3
15  -4
14  -8
15  0
14  -5
14  -8
13  3
12  0
12  0
14  -7
14  -6
12  -4
14  -7
12  -3
13  1
13  2
14  -7
13  3
14  -8
14  -8
14  -9
14  -9
13  1
13  3
12  -3
13  4
13  2
14  -5
13  1
13  0
15  -4
13  1
15  0
13  0
13  1
14  -6
13  0
12  -3
12  -4
15  -2
14  -6
13  0
14  -9
14  -5
12  -2
14  -6
13  0
13  0
14  -5
14  -5
15  -3
14  -7
14  -5
12  -1
12  -4
14  -7
13  2
12  -2
14  -9
13  2
16  2
13  0
13  4
14  -9
13  4
13  3
13  0
14  -9
13  1
14  -9
14  -8
12  -4
12  0
14  -5
13  4
14  -9
14  -7
13  2
13  0
13  2
14  -8
13  0
14  -6
14  -9
15  -2
13  1
12  -1
14  -9
15  -1
13  0
12  -2
13  2
13  4
14  -6
13  2
14  -5
14  -9
14  -7
14  -6
13  3
14  -6
13  3
13  1
15  -2
13  1
14  -8
14  -7
14  -5
13  1
12  0
14  -5
13  1
14  -7
14  -6
14  -8
13  4
14  -8
13  3
13  2
15  0
13  4
13  3
14  -7
14  -7
13  2
12  0
13  3
15  -2
13  3
14  -8
13  0
13  1
13  2
14  -9
12  -4
13  3
13  1
14  -9
13  3
15  -2
14  -5
14  -6
13  2
14  -7
14  -9
15  -1
13  0
13  0
13  0
14  -6
12  0
13  1
14  -7
14  -9
13  4
13  3
12  -1
12  -2
14  -5
14  -5
13  4
14  -8
14  -7
14  -7
14  -7
12  -3
13  0
13  3
12  -3
13  1
13  2
14  -7
13  3
14  -6
12  -2
13  1
13  3
13  1
14  -6
13  3
15  -1
13  0
12  -1
13  4
14  -5
12  -4
14  -5
12  -1
14  -7
14  -9
15  0
14  -9
14  -5
13  0
12  0
14  -9
13  1
14  -7
15  -2
13  3
13  1
13  2
13  3
13  2
13  4
14  -5
14  -6
13  3
15  -2
13  2
14  -9
13  0
12  -3
13  1
13  3
13  3
13  3
13  0
12  -4
12  0
12  -3
13  0
12  -3
14  -6
13  1
14  -7
14  -9
14  -8
12  -4
13  4
12  -2
14  -5
13  2
12  -3
12  -3
13  0
13  1
14  -5
15  -3
13  3
13  2
15  -4
15  -4
15  0
13  3
13  3
12  0
13  0
13  3
14  -9
15  -4
13  1
13  3
13  3
14  -8
14  -8
14  -7
14  -7
13  0
13  0
14  -6
14  -9
13  0
13  1
14  -8
14  -7
14  -5
13  0
13  3
14  -6
13  0
15  -4
14  -8
14  -5
12  -3
15  -2
13  0
14  -7
13  3
14  -7
14  -5
13  4
13  0
12  0
13  4
13  2
13  3
14  -9
14  -6
14  -9
14  -5
13  0
12  -1
14  -5
14  -5
15  -1
14  -7
14  -7
14  -5
12  -3
14  -5
14  -6
15  -1
15  -4
12  -3
14  -5
14  -8
12  -3
13  3
13  4
14  -7
13  4
12  -2
13  4
13  2
12  -1
13  2
13  0
12  -2
15  0
14  -7
15  -4
13  3
12  0
14  -8
14  -9
12  -3
13  1
13  3
14  -7
14  -6
13  0
14  -8
14  -7
13  0
15  -3
13  0
14  -8
13  3
13  2
14  -9
14  -6
14  -9
13  1
13  2
16  1
13  2
14  -9
14  -8
13  1
15  -4
15  0
13  2
13  4
14  -9
13  3
13  3
13  3
13  0
13  3
13  2
12  -1
13  3
13  0
14  -5
15  -2
13  0
13  4
14  -6
15  -4
13  0
13  0
14  -7
13  2
13  4
13  1
12  -1
12  -4
14  -6
14  -5
12  -1
15  0
13  2
13  3
14  -7
12  0
13  3
14  -9
12  -2
14  -6
13  0
12  -3
13  0
14  -5
12  0
14  -5
13  4
14  -8
15  -4
12  -3
14  -9
13  1
14  -8
12  -4
14  -8
12  -4
14  -6
14  -7
13  4
15  -1
14  -6
15  -3
13  4
13  3
13  3
13  4
13  0
14  -7
12  -4
14  -5
13  3
12  -2
12  -4
14  -7
15  -4
13  1
14  -8
14  -7
12  -2
13  0
14  -5
13  0
14  -6
14  -5
14  -8
13  4
14  -6
13  3
12  -4
15  -3
14  -9
15  -2
13  1
15  0
14  -9
14  -6
14  -7
13  1
13  2
12  -1
13  2
12  0
13  0
12  0
15  -4
15  -4
12  -2
13  3
15  -1
14  -9
13  2
13  3
12  -4
13  0
13  2
12  -2
13  2
13  1
13  0
16  3
14  -5
13  1
12  -3
14  -8
14  -9
13  1
14  -6
13  0
12  -1
15  -3
