8  2
9  5
10  6
9  6
10  5
10  7
9  3
10  -1
9  4
10  5
9  7
10  -2
8  0
10  9
8  2
8  -1
10  9
10  9
10  2
8  1
9  6
9  -3
9  4
10  4
8  5
8  3
8  0
10  7
9  3
10  -1
10  9
10  3
8  0
9  7
10  -2
9  3
9  5
10  3
9  0
9  3
9  1
9  -1
10  9
9  3
10  9
9  0
10  3
8  3
8  -2
9  0
9  -3
8  -4
10  5
8  7
9  -3
10  4
10  7
9  6
8  -4
10  -2
10  6
9  -1
8  7
9  -4
10  7
8  -2
8  3
8  -2
9  4
9  2
9  -3
9  4
9  5
9  -1
8  7
8  3
9  3
9  7
10  -1
9  6
10  1
9  3
9  -2
9  0
8  0
10  5
10  5
8  -2
9  -1
9  6
9  4
8  -4
8  2
8  0
9  0
9  7
8  0
8  8
9  -4
10  1
9  1
8  0
10  -1
9  -2
9  -2
10  9
9  -4
9  -4
9  6
9  3
9  1
10  7
9  7
9  6
9  2
10  -2
10  8
8  0
10  0
9  0
9  3
10  -1
10  6
8  3
9  2
9  -3
9  2
10  8
10  2
9  3
10  -2
10  7
9  4
8  8
9  -1
10  0
9  6
9  -5
8  -1
8  5
9  4
8  1
10  3
10  8
10  6
9  -1
10  -2
9  -4
9  -3
9  7
9  5
8  8
9  1
10  1
10  8
9  5
10  8
10  3
10  -3
8  2
9  -2
9  2
10  9
8  -1
10  -2
9  -4
8  0
9  3
10  3
10  0
9  -1
10  9
10  4
9  -1
9  -3
9  -2
9  -5
9  -3
10  9
9  -5
9  -2
9  0
10  2
8  2
9  6
10  4
8  3
9  -2
9  -1
10  1
9  1
9  2
10  1
8  -4
8  3
9  4
9  1
10  9
8  2
10  5
9  1
9  3
9  0
8  1
8  7
10  7
9  2
9  7
9  -3
9  0
8  -3
9  7
9  -2
8  3
9  1
10  2
8  -1
9  1
9  6
9  5
9  4
9  5
9  2
8  -2
9  -1
9  3
9  0
9  6
9  3
10  9
9  -1
8  -4
10  1
9  4
10  8
9  -5
9  -3
8  -3
10  -2
10  6
10  3
9  2
9  7
8  -3
8  -1
9  2
8  -4
8  -3
10  0
10  1
9  4
10  0
8  0
9  -4
9  3
9  -1
9  -5
10  7
9  -2
9  -2
10  5
9  -5
9  -4
9  2
9  5
10  8
9  3
9  2
10  7
9  2
9  -1
9  -5
9  2
8  5
9  6
10  -2
8  -2
10  4
9  -3
10  5
9  6
9  4
8  0
9  -3
9  7
9  6
10  -1
9  0
9  1
9  1
8  2
8  -2
9  -5
10  5
9  1
9  -2
10  8
9  -5
9  -1
10  5
9  6
9  -3
9  -3
9  -4
9  4
8  6
9  0
9  1
10  1
10  -3
10  3
8  -3
9  0
10  0
8  -3
9  1
9  -1
9  -5
9  -4
10  9
10  -1
10  2
9  7
10  3
10  -1
8  3
9  0
10  4
9  -3
9  -2
9  -5
9  -3
9  -1
10  6
9  -4
10  -2
10  3
9  2
8  5
9  -3
10  3
9  -2
10  8
10  8
10  7
10  4
10  5
9  4
9  4
10  5
10  0
9  5
10  4
9  3
10  -3
9  -1
9  -4
10  -3
9  5
9  -4
10  -2
9  -5
8  2
9  -1
8  -2
10  8
9  6
10  -2
10  5
8  6
9  1
10  -2
9  -2
10  1
8  4
9  -5
8  -1
9  0
10  1
9  6
9  6
9  7
9  4
9  -3
8  -2
9  2
8  7
8  -3
9  6
9  4
9  7
9  7
9  -2
8  0
10  5
9  -4
9  5
9  0
8  5
8  -2
9  1
9  7
9  -3
9  4
10  -3
9  0
10  9
10  3
9  -2
10  2
9  -2
10  7
9  0
9  3
8  4
10  -2
10  7
9  -2
9  4
9  -5
9  3
9  -2
9  6
9  -3
10  -1
8  -1
9  2
8  6
10  7
9  -4
9  -1
8  4
8  6
8  3
10  1
10  5
10  6
10  0
10  9
9  -4
10  -1
9  2
8  -2
8  8
9  5
9  1
10  3
9  1
8  -4
9  -5
9  4
10  0
10  7
9  -3
9  -4
9  -2
10  8
9  -5
8  -1
9  4
9  -5
9  4
9  0
10  3
9  2
9  2
9  6
8  3
10  8
10  -1
9  3
9  1
10  -3
10  8
9  5
10  7
9  7
9  -1
9  1
9  -2
9  6
9  7
9  -3
9  0
8  8
10  -2
9  1
9  -3
8  6
10  -1
9  -2
9  5
9  4
9  -5
10  3
9  4
10  -1
10  -1
8  3
9  -5
10  7
10  9
8  8
8  -1
9  0
9  4
9  5
10  3
10  -2
9  -3
9  7
10  9
10  8
9  7
9  -3
9  6
9  -2
9  5
9  6
10  4
9  -2
9  0
9  -1
10  7
9  -3
8  5
10  8
9  5
9  4
9  -1
8  8
9  6
9  -3
9  4
9  1
9  7
9  -5
8  8
9  6
9  -2
8  8
8  1
10  6
9  1
10  0
9  3
8  -2
9  3
9  3
8  -3
9  4
8  0
9  3
10  8
9  -4
9  5
9  2
9  -5
9  0
9  1
8  -2
9  0
9  6
9  6
9  -3
9  -1
8  1
8  5
9  0
10  8
10  3
9  3
10  4
8  8
9  -5
8  8
9  0
9  4
9  1
9  -5
9  0
8  8
9  -3
10  6
9  1
9  3
9  -4
9  -3
10  6
9  7
8  4
10  0
9  7
10  3
9  4
9  -2
8  -1
10  0
9  -5
9  -1
10  4
9  -2
10  -2
9  2
9  4
8  6
9  -2
9  7
9  6
8  -3
9  3
8  -2
9  6
9  0
10  1
8  1
9  0
10  5
8  1
9  7
9  5
10  6
9  -2
8  8
9  -4
9  -4
10  0
8  -4
9  2
9  -5
9  -3
10  1
9  3
9  3
10  0
10  -1
9  2
8  -4
9  1
10  -3
10  1
9  1
10  -1
8  1
10  3
8  4
10  7
9  -1
8  3
10  4
9  -4
9  2
9  7
10  9
9  -1
9  1
10  0
10  9
9  2
9  -2
9  -4
9  3
10  -1
8  -4
9  2
9  -1
10  6
9  6
9  7
9  -4
9  3
10  3
9  -1
8  5
8  4
8  -1
10  -2
10  8
8  -4
10  5
9  6
9  5
10  8
8  3
9  3
9  7
8  3
9  2
10  6
10  9
9  5
9  -1
9  -4
10  1
8  5
9  5
10  3
9  -4
8  -3
10  -1
8  5
10  4
8  -1
10  2
9  -3
9  0
9  2
8  5
9  -5
8  4
9  -2
9  2
8  6
9  -1
9  4
10  5
9  -1
9  5
9  -3
9  -5
8  4
9  2
9  0
9  -1
8  6
10  9
9  5
10  -1
9  0
9  2
8  2
9  1
8  1
9  2
9  3
9  2
9  3
8  5
9  -4
10  2
10  6
8  3
10  8
9  2
8  0
8  3
9  1
9  2
8  2
9  7
8  -1
9  7
8  3
10  9
9  3
9  -4
8  8
9  2
10  4
9  2
10  -3
9  -1
8  4
9  6
8  -2
9  -1
10  -2
9  1
9  -5
9  6
8  0
9  -2
10  3
10  9
10  7
9  6
9  7
9  3
10  -2
9  7
10  8
10  0
9  0
9  7
9  4
9  -1
10  -2
9  -5
10  -1
9  -2
10  5
10  -1
9  2
8  -4
8  2
9  0
9  5
10  8
8  -1
8  -1
10  7
9  4
9  4
10  4
10  0
10  5
9  -3
10  3
9  -2
9  5
9  -1
9  -2
10  5
10  5
9  -1
9  -3
8  8
9  -4
10  -1
9  0
9  -2
9  4
10  8
10  2
9  2
9  -5
10  0
9  -1
8  6
10  9
10  6
8  8
9  3
10  0
9  -4
9  6
9  1
10  0
8  -2
9  -3
9  0
9  2
10  8
10  5
9  1
9  6
9  -1
10  4
9  4
9  -2
9  -1
8  2
9  -1
9  -1
10  -3
8  1
8  8
10  7
10  -3
10  -3
10  3
9  0
9  5
10  9
8  -1
8  -2
8  -1
9  5
9  -5
10  7
10  7
9  3
9  -5
9  3
9  4
9  -2
9  7
9  7
9  2
9  5
10  8
10  8
10  6
9  6
8  8
10  4
9  3
10  9
10  -3
9  7
9  4
10  9
8  8
9  -1
9  7
10  7
10  1
10  6
9  -2
10  7
10  6
9  -5
8  -1
8  4
8  -4
8  -2
9  -3
9  -2
10  9
8  0
8  2
9  0
9  -4
9  -3
8  1
9  4
10  -2
10  -1
9  -1
10  1
9  0
10  2
9  4
10  0
9  3
8  -2
10  1
9  6
9  3
10  0
9  -3
9  5
9  6
9  5
9  1
8  1
8  -4
9  6
9  0
10  9
10  8
8  8
8  -4
9  0
9  6
10  2
9  -2
9  -2
9  4
8  5
10  3
9  5
9  -4
9  4
9  2
10  1
9  6
9  2
9  5
10  -1
9  -3
9  -1
9  0
9  7
8  4
10  7
10  5
9  2
8  1
9  6
10  7
10  0
8  -1
8  6
10  9
9  -3
10  3
9  3
9  -3
9  1
9  -4
9  -3
9  7
9  -1
10  4
10  -2
10  4
10  8
9  7
9  0
8  1
8  -1
8  4
9  1
9  -3
8  1
8  5
10  -2
10  5
9  -2
