10  0
12  1
11  -3
11  -3
10  3
13  -5
10  2
14  -3
11  -3
10  4
11  -5
11  -2
10  1
12  2
10  1
12  -2
12  1
9  2
10  0
9  2
13  -5
9  0
10  1
11  -5
10  1
5  1
11  -4
12  2
12  -2
9  1
10  1
12  0
10  1
9  -2
10  4
10  1
7  -2
14  -4
14  -4
11  -2
9  -2
10  1
11  -5
10  4
12  -1
11  -2
10  0
10  0
10  2
10  0
8  2
9  -2
11  -4
11  -5
10  1
12  -1
14  -6
10  1
11  -2
10  4
8  4
8  5
9  2
12  2
11  -3
13  -3
12  -1
12  -2
8  5
11  -6
9  2
10  3
11  -5
10  4
11  -2
10  4
12  0
12  -2
11  -3
9  -1
11  -5
10  0
11  -2
12  -1
11  -4
8  4
11  -4
9  -2
9  1
10  4
11  -5
11  -6
13  -1
9  2
11  -3
9  -2
11  -5
12  2
9  -2
12  0
11  -2
9  1
10  2
9  0
12  2
11  -2
12  2
10  1
9  2
11  -6
5  -2
9  0
12  0
10  3
11  -5
11  -3
7  2
8  4
11  -6
11  -6
10  2
9  1
8  4
9  1
10  3
11  -2
12  2
8  6
11  -5
11  -6
10  1
10  2
9  -2
7  2
10  1
9  -2
12  0
11  -6
13  -5
10  0
11  -2
10  1
12  1
11  -2
13  -2
10  4
9  -2
8  4
14  -5
12  -1
8  2
10  1
11  -3
9  0
8  6
12  -1
9  0
14  -7
8  5
12  1
11  -5
10  3
12  2
12  2
10  1
12  2
10  4
10  4
11  -6
13  -2
12  1
9  1
9  -1
13  -1
7  1
12  -1
14  -6
12  -2
11  -4
9  -2
10  0
14  -6
10  1
7  -2
7  -1
12  -1
11  -6
12  0
7  0
11  -2
13  -4
8  2
11  -2
11  -4
10  3
11  -6
10  0
10  1
10  4
13  -2
9  1
12  -2
7  -2
7  2
9  -1
9  -1
12  2
7  2
10  0
14  -6
11  -3
12  -2
8  6
12  0
7  0
13  -2
14  -6
14  -7
9  0
13  -2
9  -1
12  -2
10  0
11  -4
12  0
10  3
13  -5
13  -1
8  5
11  -2
10  1
10  3
12  -1
11  -5
13  -3
13  -4
10  2
10  1
11  -4
10  2
8  4
9  -1
11  -6
10  4
10  3
10  0
9  -1
11  -6
8  4
10  3
12  1
9  -2
11  -2
11  -6
11  -5
11  -3
12  2
12  2
11  -6
13  -4
10  1
9  -2
11  -3
8  6
11  -3
10  1
9  1
9  -2
11  -2
11  -5
11  -4
10  2
13  -4
9  1
12  2
9  1
8  3
12  -2
9  -1
11  -6
11  -5
12  1
9  0
12  -2
12  -1
9  -2
12  2
10  2
11  -2
10  2
9  1
13  -4
10  1
11  -5
9  -1
8  6
9  -2
10  4
8  4
8  6
11  -5
9  2
11  -2
10  2
11  -6
11  -4
11  -5
11  -4
9  0
10  2
11  -2
6  0
11  -5
11  -4
10  0
11  -2
14  -6
8  5
10  2
9  2
14  -7
10  2
10  2
12  0
13  -1
14  -4
10  4
13  -4
9  0
11  -2
13  -5
12  2
10  3
12  -1
10  0
11  -2
8  3
9  0
13  -2
10  2
9  -1
11  -6
10  1
12  1
11  -2
13  -5
9  1
8  4
12  -1
9  -1
10  2
9  -1
11  -6
13  -2
10  1
10  1
10  2
12  2
10  2
9  1
9  -1
12  1
11  -3
12  2
9  2
6  -3
11  -2
10  3
11  -2
11  -4
9  1
12  -1
10  2
12  -1
14  -7
12  -1
9  -1
9  1
9  2
10  3
12  0
10  3
11  -5
8  2
9  2
13  -1
9  2
12  -2
10  1
7  -2
10  1
10  0
9  2
11  -5
10  4
13  -2
13  -3
9  2
13  -1
10  0
10  0
12  -1
12  -2
13  -4
13  -2
12  -2
11  -6
10  2
12  0
10  3
11  -5
8  6
9  1
11  -4
11  -3
9  0
8  6
11  -3
9  2
12  -1
9  1
12  0
10  1
10  4
12  1
12  -2
12  -2
8  2
8  6
9  -2
11  -2
9  0
7  0
11  -4
11  -6
10  4
12  1
11  -3
9  1
9  1
11  -3
8  6
9  1
11  -2
10  4
11  -4
9  0
12  2
8  6
12  0
12  -2
12  2
11  -2
9  -2
12  1
11  -2
9  -1
12  1
12  -2
14  -6
12  1
11  -6
12  -1
12  -2
11  -6
11  -4
8  5
10  0
10  3
9  2
11  -6
7  -1
10  4
12  -1
10  2
10  0
10  3
12  0
12  -2
12  -2
13  -5
8  5
12  0
8  3
9  0
11  -3
12  0
10  0
8  4
11  -4
11  -4
10  4
10  1
10  2
12  2
11  -3
9  -1
14  -5
12  2
12  1
10  2
8  3
10  2
11  -5
10  1
11  -2
11  -2
14  -4
12  -2
9  0
13  -3
10  0
13  -3
12  2
7  -1
12  -2
9  -2
11  -5
11  -5
12  -2
12  1
13  -1
9  2
10  1
12  2
10  3
10  1
10  3
12  1
9  1
13  -2
14  -6
11  -2
9  0
14  -7
13  -3
8  6
8  3
10  1
11  -3
9  -1
12  0
9  2
11  -5
12  -2
9  0
11  -2
10  1
10  3
8  4
9  -2
11  -2
10  1
13  -2
12  2
8  3
11  -3
10  4
13  -4
13  -3
8  3
13  -3
11  -2
8  5
10  0
12  0
10  4
13  -5
9  0
12  0
10  1
9  -2
11  -6
12  0
10  1
7  -2
11  -2
12  1
11  -4
10  0
9  0
10  3
10  3
11  -3
13  -4
9  -1
10  1
9  2
12  -1
10  4
11  -6
11  -4
11  -5
8  6
11  -6
10  3
10  1
12  0
14  -5
12  -1
10  4
10  4
10  3
10  2
12  2
11  -4
12  -1
13  -5
12  0
14  -6
7  0
10  1
11  -4
13  -1
7  -2
14  -6
12  1
9  -2
9  -2
11  -3
8  4
10  1
12  -1
13  -3
9  -1
7  0
10  3
13  -5
8  3
11  -2
13  -5
11  -3
13  -3
13  -3
10  1
9  0
10  4
9  1
9  1
9  0
12  -1
11  -2
10  1
9  -2
9  -2
10  4
10  1
12  -1
11  -3
11  -4
12  1
11  -5
9  0
11  -5
10  4
9  0
11  -3
12  2
10  4
12  2
9  0
13  -2
12  -1
10  0
10  3
13  -5
11  -4
12  2
11  -2
11  -3
14  -7
7  2
13  -4
11  -4
9  0
13  -3
11  -6
10  3
9  1
10  0
10  4
10  2
10  2
8  3
10  3
12  2
8  4
10  1
9  2
13  -4
10  4
11  -2
10  3
9  0
8  6
9  2
11  -3
11  -4
8  5
10  3
12  1
9  1
8  2
7  -2
11  -3
12  -2
12  1
10  4
12  2
11  -3
10  4
10  1
11  -2
10  0
11  -2
10  2
9  -2
10  0
10  2
12  0
10  0
11  -4
12  -2
9  -2
9  2
8  6
11  -3
11  -4
13  -1
9  -2
9  1
10  4
11  -5
8  5
13  -5
11  -3
10  0
12  1
13  -3
11  -4
11  -3
13  -3
12  1
9  -2
12  1
12  -2
10  3
11  -3
9  2
10  4
9  1
11  -4
10  2
9  -1
9  -2
11  -3
13  -3
11  -5
10  2
7  0
11  -4
11  -6
11  -4
8  4
5  -2
11  -3
13  -2
9  -1
10  3
11  -4
7  1
7  2
10  0
12  1
10  3
12  -2
11  -4
11  -3
13  -4
12  -1
9  -1
11  -4
11  -2
8  2
12  -1
9  2
8  6
11  -4
8  4
11  -2
12  -2
10  1
12  -2
10  1
10  3
12  -2
9  0
9  0
13  -4
9  -2
12  0
11  -5
9  2
9  -2
12  -2
11  -4
8  2
11  -5
14  -3
11  -6
12  2
10  2
10  4
10  2
8  6
12  1
11  -5
11  -5
10  4
12  0
13  -3
11  -4
10  4
12  -1
7  2
9  -1
12  -1
13  -5
10  0
12  1
10  1
12  -1
11  -2
8  4
10  0
11  -2
10  3
11  -5
10  0
11  -4
10  0
12  -1
8  4
11  -2
12  -2
10  3
11  -3
10  4
11  -4
9  0
9  -2
11  -5
13  -5
7  1
11  -4
9  2
8  5
10  3
9  2
12  2
8  2
10  2
10  3
12  1
8  5
10  1
10  2
7  -2
10  2
11  -3
13  -4
11  -2
9  -2
10  1
10  4
10  3
10  0
14  -6
10  0
12  1
11  -4
10  3
11  -2
12  0
8  4
12  0
8  4
12  0
7  -2
9  -2
9  -1
13  -5
8  2
7  0
6  -2
12  -2
12  1
9  -2
11  -5
11  -5
13  -2
10  4
12  2
10  4
12  2
11  -5
11  -4
9  -1
11  -6
11  -3
11  -6
11  -3
11  -5
8  6
12  2
11  -2
8  5
11  -2
10  1
11  -2
10  1
9  -1
8  5
10  3
10  4
12  0
11  -3
10  1
9  0
9  2
8  2
10  2
9  -2
9  1
11  -3
9  -2
9  -1
10  4
11  -6
9  1
11  -3
11  -3
11  -3
13  -3
10  3
12  -2
12  2
11  -2
9  2
13  -2
10  1
10  2
11  -4
11  -3
12  0
12  1
8  4
11  -3
10  1
13  -3
11  -4
8  4
9  0
9  -1
10  0
10  2
11  -4
10  1
8  6
10  2
10  2
11  -4
10  4
9  0
12  0
11  -5
12  2
10  3
12  -2
12  -1
10  1
11  -2
10  4
11  -5
11  -5
13  -4
14  -7
11  -5
10  0
11  -5
9  -1
10  4
8  2
11  -2
11  -4
11  -2
11  -3
8  4
12  -1
12  0
