3  -4
2  -5
1  -7
3  -10
4  3
3  -8
2  0
3  0
2  -2
1  -2
1  6
3  1
2  1
3  -6
2  -11
3  -4
1  0
1  -3
2  -11
3  -8
1  -6
2  -3
2  -2
1  -5
4  0
3  0
1  -1
2  3
2  0
1  4
3  -12
1  -2
3  -11
2  3
3  -7
3  -7
1  6
2  -2
2  -2
4  1
2  -3
1  0
2  -2
2  -8
3  -3
1  -5
2  -6
1  -4
1  -4
2  -5
2  3
2  -1
3  -8
1  -5
2  1
2  -6
1  5
2  -9
3  -11
3  -8
3  -13
2  -9
1  -5
2  -7
3  0
2  -6
1  4
3  -11
3  -4
2  -8
3  -13
3  -10
3  -4
1  1
2  -9
1  3
1  2
1  -5
2  -6
3  1
4  9
3  1
3  -8
0  -12
2  -11
3  1
3  -10
2  3
2  -7
3  -1
1  -3
1  -8
2  -4
2  -3
0  -9
3  -6
2  -9
3  -12
1  0
3  -9
3  -9
2  -2
2  -8
2  -10
2  0
4  4
1  -4
3  -7
2  -9
1  -6
2  -4
1  4
2  3
1  5
4  11
1  -8
2  -9
0  1
2  -6
1  1
2  -1
2  -1
0  -4
1  -5
4  7
2  1
4  0
3  -12
2  -8
2  0
2  -6
2  1
2  0
3  -1
2  -4
2  -10
2  -7
1  0
2  -9
2  -3
3  0
1  2
2  -11
3  0
3  -1
3  -3
2  -8
3  -9
3  -12
2  -6
2  -1
4  6
2  -3
1  5
2  2
3  0
3  -3
1  0
2  -1
2  -3
1  -6
3  -7
2  -11
4  7
1  -5
3  -11
2  -7
2  -4
2  3
2  -11
1  6
2  -5
2  3
3  -2
2  -11
1  -6
1  -3
3  0
3  -7
3  -12
2  2
1  3
2  0
2  0
0  -4
3  -3
3  -2
4  2
1  -5
2  0
4  1
3  -3
2  -6
3  -4
2  -3
2  -2
1  6
2  -1
3  -6
1  2
4  6
3  0
3  -10
2  -1
2  -6
1  -6
2  -2
2  -5
2  0
2  -10
2  -5
2  -8
2  -1
3  -5
3  -13
2  -8
2  1
3  -5
1  0
4  3
0  -2
1  -5
2  -10
0  -10
4  14
1  -4
2  -11
0  0
3  -3
1  3
3  -4
1  6
4  8
2  -4
1  -6
2  -8
2  -6
3  -6
1  -7
1  -6
3  -11
2  0
2  -3
2  0
1  -7
2  -9
3  -12
4  10
2  -5
3  0
4  13
0  -11
1  -7
3  -4
2  0
2  -11
1  3
3  -6
1  -3
2  3
2  -1
3  0
1  5
3  -9
2  -3
1  5
0  -6
2  2
2  3
2  1
3  -5
2  -9
1  -2
1  -8
1  -8
2  -9
2  -1
3  1
2  0
2  -6
2  -10
4  7
3  -13
4  8
2  -9
2  2
3  -3
3  -3
2  -7
2  -5
1  2
2  2
0  -11
2  -10
2  -2
2  3
4  5
3  1
1  -1
1  6
1  3
4  8
1  -6
2  -10
1  5
2  -3
2  -10
3  -3
3  -12
2  -8
2  3
1  -2
3  -9
2  3
3  -3
3  1
1  0
3  -4
1  -3
4  13
2  1
3  -6
2  -6
2  2
3  -3
2  2
2  -2
3  -9
3  -11
4  10
3  -6
2  -3
3  -10
2  -10
2  1
4  3
2  3
3  -13
2  2
4  9
3  -2
3  -6
2  -10
2  0
2  -6
1  5
2  -7
3  -13
2  -1
2  -10
1  6
2  1
2  -10
1  -3
2  0
3  -4
2  2
3  -13
2  -8
2  -4
2  0
2  -3
0  -7
2  -7
2  -9
2  3
3  -1
1  -2
3  -8
2  -5
2  3
1  1
4  0
3  -6
1  -4
3  -8
2  -3
3  -1
3  0
1  -2
2  -5
2  -7
2  -2
2  -10
3  -9
2  -6
3  -8
1  -2
4  5
2  -2
1  -4
3  -8
2  -5
4  8
1  -8
2  -7
0  1
1  -6
2  -4
2  -11
2  3
1  -4
1  -1
4  4
1  -6
1  -4
3  -4
1  -8
1  -1
2  -3
2  -1
1  -8
3  1
1  3
2  -4
2  0
4  4
4  11
2  -7
3  -5
3  -10
2  -8
3  -1
3  -7
2  2
4  6
3  -13
3  -4
2  -4
2  -3
4  7
3  0
4  7
3  -7
4  3
3  -13
3  1
4  9
2  3
2  -1
4  10
3  -11
2  2
2  -8
2  -9
4  0
3  -10
3  -11
3  -11
2  -9
3  -4
2  1
2  -6
3  -9
2  -10
3  0
2  1
4  12
2  2
2  -1
2  -10
2  -4
2  3
2  -10
2  -1
2  0
2  -5
3  -11
2  -7
4  10
1  -8
2  -1
1  3
2  -1
2  -2
2  -1
4  12
0  -8
3  -12
1  5
2  0
2  -2
3  -7
3  -5
3  -6
1  -5
2  0
3  0
2  -7
1  -1
3  -4
2  -6
2  -2
4  13
2  -3
1  -5
3  -4
1  -1
2  1
2  -5
3  -6
1  2
1  -7
3  -6
2  -11
3  1
3  -1
2  -3
2  -9
2  2
3  -8
3  -13
1  4
1  -5
1  -4
2  -10
2  1
1  -7
2  -5
3  -13
2  -4
3  -13
3  -7
3  1
1  4
3  -7
1  2
1  -1
2  1
1  -8
4  0
4  5
3  -5
2  2
2  -6
3  1
2  -1
3  -6
2  -1
1  -5
2  1
2  -11
1  1
2  -11
2  2
1  1
2  -1
2  3
4  3
2  0
2  -9
3  -6
2  0
3  -10
2  -1
1  -5
3  -9
1  1
3  -13
1  1
2  -6
3  -4
1  5
1  -3
3  -13
2  -6
3  -11
1  -6
2  -6
1  -3
3  -7
2  -10
0  -13
1  4
2  -6
0  -2
2  -4
1  6
1  -1
3  -7
3  -9
3  -12
2  0
0  -8
2  -6
2  -11
3  -3
3  1
1  6
3  -1
3  -6
2  -5
1  -4
2  -11
2  -7
3  1
4  10
1  -5
4  10
1  4
2  -2
0  -1
3  -10
2  -8
3  -4
3  0
3  -13
1  -4
2  -9
1  -3
2  -10
1  5
2  -1
0  -10
2  -10
2  2
2  3
3  -10
4  8
3  -10
4  2
2  -3
3  -13
4  6
3  -8
2  -9
3  -7
3  0
2  -1
1  4
2  -11
4  4
3  -12
1  1
3  -1
2  -7
1  0
2  -11
4  6
1  5
2  -8
2  -9
2  -3
2  -8
2  -2
2  -9
2  -8
2  -11
2  -8
0  -9
2  0
2  -4
2  -2
2  2
2  -3
1  -8
1  2
2  -3
4  12
4  12
1  5
3  -3
2  -11
1  -6
1  0
2  3
2  0
3  -10
4  6
4  12
2  0
2  0
3  -1
2  1
2  3
3  -3
2  -8
2  -2
3  -7
2  -4
2  -9
4  3
3  -5
2  -9
1  -4
3  -11
2  -10
1  5
2  -10
1  5
0  -8
2  -3
2  -2
4  13
2  -6
1  2
1  4
3  -1
2  -6
2  -9
4  10
3  -1
3  -4
1  -2
1  5
3  -4
1  -3
3  -2
2  -8
1  -5
3  -12
3  -7
1  0
3  -7
1  2
3  -2
2  -2
2  3
1  -7
2  -3
2  -7
1  -6
2  -1
1  -3
2  0
2  -1
3  -5
2  2
3  -7
2  -10
2  -1
2  0
1  3
3  -8
2  -1
3  -10
2  0
3  -11
2  -11
2  -6
3  -4
2  -6
2  1
2  -8
3  1
2  -5
2  -7
2  -11
1  5
1  5
3  -1
2  -7
2  -9
0  -4
2  3
1  -1
2  -8
2  -11
2  2
2  2
2  -3
1  -5
1  -5
3  -10
2  -10
4  5
3  -3
2  -2
1  5
2  3
2  -4
1  6
3  -3
2  3
3  -5
1  -1
1  1
2  2
2  3
0  -5
2  -4
2  -10
2  2
4  9
3  -6
2  -11
2  3
2  -7
1  6
2  2
1  2
1  -1
2  -10
2  -7
1  -3
2  1
1  4
2  -6
2  -11
2  -7
1  -6
2  -7
3  -9
4  12
4  11
3  -8
2  1
2  1
0  -13
2  -7
4  7
2  -10
3  -2
3  -10
1  1
2  3
0  -8
2  -11
2  -11
3  -3
2  1
2  -3
2  -3
3  -9
2  -7
1  3
2  -3
3  -4
3  -5
4  9
2  3
2  -2
3  -12
0  -2
1  -8
2  -4
3  -2
2  -1
1  -2
4  12
2  -7
3  -12
2  -8
3  -7
3  -11
3  -9
3  1
1  -6
4  0
3  -13
2  -6
3  -10
2  0
1  2
2  0
2  3
2  -10
1  -6
1  5
1  -1
2  0
3  -3
0  -7
2  2
4  9
2  -4
3  0
2  -6
1  4
3  1
2  -4
2  3
3  -13
1  6
3  -12
1  -7
2  -8
2  -4
1  2
2  -2
1  -1
2  -7
3  -7
0  -13
1  -5
1  0
1  -5
2  3
2  -6
2  3
1  -8
2  -2
2  0
2  -4
3  -9
0  -7
3  -12
2  -8
3  -13
3  1
2  -11
3  -4
1  -8
1  2
0  -10
2  1
3  -6
3  -12
2  3
2  -10
3  -2
1  -5
2  -1
2  -3
1  -2
1  -7
2  -8
2  -9
1  -8
1  5
2  -1
1  2
2  -4
2  -4
3  -5
2  3
3  -5
2  -11
2  -10
2  -4
2  -3
2  -7
1  4
1  -8
2  -8
1  3
3  -5
3  -12
1  4
2  -8
2  -11
3  -12
2  -8
2  3
4  1
3  -3
2  -9
3  -3
1  -1
2  2
3  -7
2  0
1  -2
1  6
2  -10
2  -3
3  -10
3  -1
2  -7
2  -5
2  -10
3  0
3  -12
2  -5
3  -8
2  -2
1  3
4  14
2  -6
3  1
1  2
1  -2
3  -6
2  -2
1  -3
0  -8
2  0
2  0
2  -7
2  -4
2  -4
2  -3
2  -6
1  5
2  -4
3  -1
3  -8
3  -1
1  -6
2  -3
3  -12
2  -4
2  -7
2  1
3  1
2  3
3  -5
2  -4
1  -4
2  -2
