14  -5
13  -5
15  -4
15  -2
16  0
11  -4
14  -3
14  -4
13  -6
13  -5
13  -6
12  -1
12  -2
12  -3
12  -3
15  -4
14  -5
13  -4
15  -2
15  -2
13  -6
12  -1
10  2
14  -5
13  -6
15  -4
13  -5
14  -3
15  -2
13  -4
14  -3
18  4
13  -4
15  -4
18  5
15  -2
17  4
17  4
12  -1
14  -3
10  3
15  -4
13  -5
14  -4
14  -4
15  -3
14  -4
15  -2
17  6
13  -4
12  -3
13  -6
16  0
14  -4
14  -3
15  -2
15  -4
12  -2
12  -1
15  -4
15  -2
12  -1
12  -2
16  0
13  -6
13  -5
15  -4
14  -5
15  -3
13  -6
14  -5
15  -3
15  -2
15  -2
12  -2
16  0
14  -4
14  -5
16  0
13  -5
13  -4
15  -2
14  -5
13  -4
15  -3
14  -3
12  -3
14  -5
12  -3
12  -1
14  -4
14  -4
15  -3
13  -6
14  -5
15  -3
10  3
12  -1
13  -5
11  -5
10  2
14  -4
17  4
13  -5
16  0
13  -5
17  6
16  -1
13  -6
15  -4
13  -5
14  -5
10  2
13  -4
11  -4
13  -5
12  -3
12  -3
16  0
14  -3
13  -5
12  -2
14  -3
15  -2
13  -6
13  -5
13  -5
15  -4
13  -4
15  -2
16  0
11  -3
13  -6
11  -5
10  3
15  -3
15  -2
9  -6
15  -2
13  -4
12  -3
13  -6
15  -3
17  4
15  -3
16  1
14  -4
13  -6
14  -5
13  -5
15  -3
13  -4
15  -3
15  -2
13  -5
12  -1
13  -5
15  -2
10  1
15  -2
13  -4
17  6
13  -6
14  -4
15  -2
13  -6
11  -3
13  -5
15  -4
11  -5
12  -1
15  -4
15  -3
11  -4
13  -6
15  -3
16  1
13  -6
14  -3
15  -3
14  -5
13  -6
11  -5
13  -4
13  -4
13  -4
15  -2
12  -1
15  -3
14  -5
13  -4
14  -5
10  2
15  -3
16  -1
17  6
14  -3
13  -6
13  -4
12  -2
14  -4
12  -2
14  -5
13  -5
14  -5
13  -6
13  -4
13  -4
15  -4
14  -3
16  -1
13  -6
15  -2
14  -3
12  -3
15  -3
9  -4
15  -2
14  -3
14  -4
14  -5
16  0
15  -3
14  -3
15  -2
16  1
12  -1
11  -5
17  6
16  1
14  -4
13  -6
15  -3
14  -5
16  1
13  -6
13  -5
12  -1
15  -4
13  -4
14  -3
15  -4
14  -3
14  -3
14  -4
16  1
13  -5
13  -6
13  -4
14  -5
16  0
12  -2
16  -1
12  -3
17  6
16  1
14  -3
15  -3
13  -6
16  0
11  -3
15  -2
11  -5
14  -5
16  0
10  2
14  -3
14  -3
15  -2
15  -2
16  -1
14  -3
15  -4
12  -2
15  -4
16  1
12  -1
11  -5
14  -4
10  3
16  0
15  -4
12  -1
13  -5
14  -3
12  -3
13  -4
12  -2
16  0
14  -5
13  -5
16  -1
13  -6
12  -1
14  -5
12  -2
12  -2
11  -3
14  -3
12  -1
13  -4
17  4
14  -3
13  -6
13  -5
14  -3
12  -1
14  -4
16  0
14  -5
12  -3
15  -3
12  -1
16  1
12  -3
14  -3
15  -4
12  -3
14  -5
12  -1
14  -5
13  -6
12  -2
14  -4
13  -4
15  -3
16  0
11  -4
12  -3
17  4
17  4
12  -3
16  1
15  -3
12  -2
14  -4
14  -4
14  -3
14  -3
11  -3
13  -5
14  -5
14  -3
13  -6
10  1
12  -2
14  -4
15  -3
16  -1
15  -3
12  -1
14  -3
17  6
12  -1
16  0
12  -1
14  -3
13  -6
13  -4
15  -2
13  -4
14  -4
14  -5
15  -4
13  -4
12  -2
12  -1
14  -3
14  -3
14  -4
14  -4
15  -4
14  -5
14  -3
14  -3
13  -6
13  -6
13  -5
17  4
13  -6
13  -5
11  -3
12  -2
13  -6
14  -4
13  -4
16  0
13  -4
10  2
11  -3
13  -5
17  4
12  -2
18  6
15  -3
16  -1
15  -2
14  -3
14  -3
14  -4
13  -5
14  -5
16  0
15  -2
15  -2
14  -3
14  -5
13  -5
12  -3
13  -4
13  -6
14  -4
14  -3
12  -1
18  5
12  -1
12  -3
16  0
15  -4
12  -1
15  -3
15  -2
16  0
14  -5
13  -5
11  -5
14  -4
15  -3
14  -3
15  -3
13  -5
12  -2
15  -4
10  3
13  -6
17  6
14  -5
9  -6
15  -3
15  -2
12  -2
15  -2
15  -4
11  -5
16  0
18  5
17  5
14  -3
12  -2
14  -5
13  -4
11  -5
16  -1
14  -3
12  -3
15  -4
13  -4
12  -1
16  -1
15  -2
14  -3
16  0
12  -3
12  -3
13  -4
13  -4
15  -4
14  -5
13  -5
14  -5
16  -1
15  -4
17  5
15  -2
16  -1
12  -1
12  -1
14  -3
15  -4
12  -3
15  -4
12  -3
13  -4
12  -3
10  1
18  4
11  -5
15  -2
15  -3
15  -2
13  -6
13  -5
16  0
12  -1
15  -4
14  -5
13  -4
14  -4
15  -2
12  -1
14  -5
13  -5
14  -3
15  -2
14  -5
14  -3
13  -6
13  -6
15  -3
13  -4
14  -5
13  -5
16  1
14  -4
17  6
18  4
15  -2
13  -6
13  -4
14  -4
14  -4
14  -5
13  -4
17  5
15  -4
16  0
14  -3
14  -4
17  5
13  -4
16  -1
16  -1
13  -4
9  -5
15  -2
11  -5
13  -6
13  -6
14  -4
11  -5
14  -3
14  -4
10  2
14  -3
14  -3
13  -5
13  -5
17  6
13  -5
14  -4
12  -3
12  -1
16  1
12  -2
15  -3
15  -3
13  -6
15  -4
12  -1
15  -4
15  -2
13  -6
13  -6
16  -1
13  -5
11  -3
13  -5
15  -3
15  -2
16  -1
11  -4
10  3
14  -4
12  -2
13  -6
13  -6
15  -4
15  -4
15  -3
14  -4
16  -1
12  -1
15  -3
17  6
14  -4
17  5
14  -5
15  -2
14  -5
12  -2
13  -4
14  -4
15  -2
12  -3
15  -3
11  -5
13  -4
15  -4
17  6
14  -4
10  2
13  -5
15  -4
14  -4
17  5
13  -5
13  -4
14  -3
13  -6
14  -4
15  -3
14  -3
17  5
13  -6
12  -1
13  -4
15  -2
16  -1
10  1
17  5
13  -6
16  1
14  -5
14  -3
11  -5
16  1
18  5
12  -2
14  -5
14  -3
13  -5
13  -4
15  -4
14  -4
16  0
13  -5
15  -3
13  -5
18  5
14  -3
16  -1
16  -1
15  -3
13  -6
13  -4
11  -4
14  -3
12  -2
11  -5
15  -4
15  -2
10  2
12  -1
13  -4
15  -2
14  -5
15  -4
16  0
13  -4
13  -4
13  -5
18  4
14  -3
14  -4
14  -5
13  -4
16  1
12  -2
12  -1
14  -5
13  -5
13  -4
15  -2
10  2
15  -2
13  -5
16  0
13  -4
14  -5
13  -4
14  -3
16  1
14  -3
13  -5
14  -5
16  1
12  -1
14  -4
15  -3
14  -3
15  -3
16  -1
18  4
13  -6
13  -6
16  0
15  -3
16  1
12  -1
14  -5
12  -1
13  -4
14  -3
16  -1
16  -1
15  -2
13  -4
16  1
14  -4
12  -2
15  -3
14  -4
12  -1
12  -3
15  -3
14  -4
14  -3
15  -4
13  -6
13  -4
16  -1
15  -2
10  3
16  1
12  -3
14  -3
14  -3
11  -3
13  -5
14  -5
16  1
14  -3
13  -5
12  -1
13  -5
12  -3
14  -4
15  -3
13  -4
14  -4
15  -4
14  -3
11  -5
16  -1
13  -6
16  0
14  -4
15  -3
14  -3
16  0
12  -2
15  -4
15  -4
14  -4
12  -2
11  -4
13  -4
10  2
14  -3
16  0
13  -5
11  -3
15  -2
14  -5
13  -5
13  -5
14  -4
14  -3
14  -3
13  -5
12  -1
12  -1
15  -3
14  -5
17  4
14  -5
13  -5
14  -5
14  -5
18  4
14  -4
16  1
10  1
12  -1
17  4
11  -3
15  -2
14  -5
15  -2
16  1
15  -3
12  -1
17  4
14  -4
14  -3
14  -5
14  -3
12  -2
14  -3
15  -2
16  0
13  -5
12  -2
14  -5
12  -1
12  -3
14  -3
13  -6
12  -3
15  -2
16  0
14  -4
13  -6
16  -1
15  -2
14  -3
14  -4
17  6
14  -3
13  -6
16  1
15  -2
15  -4
15  -4
14  -5
14  -4
12  -2
14  -5
13  -5
10  3
13  -4
10  1
14  -3
12  -3
13  -4
11  -5
12  -1
14  -5
16  -1
15  -4
15  -4
12  -3
12  -3
14  -3
13  -4
16  0
14  -3
14  -4
14  -3
16  -1
12  -1
12  -3
15  -2
13  -5
13  -4
14  -5
15  -2
14  -3
14  -5
17  5
14  -4
12  -1
15  -4
12  -1
11  -4
12  -2
14  -3
17  4
13  -5
15  -4
12  -1
15  -3
17  4
14  -3
14  -5
14  -3
15  -4
12  -3
12  -2
14  -5
13  -5
13  -5
14  -5
14  -4
15  -2
14  -5
13  -5
13  -4
15  -3
12  -3
12  -2
13  -6
16  1
15  -2
12  -2
11  -5
15  -4
12  -1
14  -3
12  -1
12  -1
13  -6
12  -2
14  -3
14  -3
14  -4
14  -4
15  -4
13  -6
14  -3
14  -3
15  -4
15  -3
13  -5
13  -4
16  1
15  -2
12  -1
13  -6
13  -5
17  5
13  -4
15  -4
13  -5
15  -3
14  -3
14  -4
11  -3
13  -5
13  -4
11  -4
15  -3
11  -3
12  -2
13  -6
15  -2
10  2
14  -5
16  -1
15  -2
14  -4
14  -5
14  -4
15  -2
14  -3
15  -2
12  -2
13  -6
14  -3
15  -4
16  -1
13  -5
14  -3
12  -2
13  -4
13  -6
11  -5
12  -3
12  -1
14  -4
13  -5
12  -2
16  -1
15  -4
13  -4
14  -4
15  -4
14  -5
10  3
16  -1
15  -2
12  -2
15  -3
11  -5
15  -4
15  -2
12  -2
15  -3
16  1
12  -1
14  -3
13  -4
15  -4
13  -4
15  -2
14  -4
14  -3
15  -2
12  -3
13  -6
15  -3
15  -3
13  -4
11  -3
17  5
12  -2
13  -4
16  1
13  -5
16  -1
