24  1
24  2
22  1
24  4
21  4
23  3
24  0
23  1
22  -1
24  6
25  4
21  -1
25  5
23  1
23  4
22  -1
21  5
21  5
21  3
24  7
23  7
24  5
25  8
23  2
22  -3
22  0
22  3
24  7
23  7
23  0
22  4
24  3
21  0
22  -1
22  0
21  1
23  4
24  4
24  5
23  2
24  3
24  7
22  0
23  7
23  2
24  6
23  0
23  5
22  -3
22  -4
22  1
22  -2
25  8
24  6
25  5
25  0
22  -1
23  -1
22  -4
22  -4
23  1
23  4
24  8
21  3
25  1
24  7
24  3
23  7
22  -3
22  -3
23  -1
21  0
22  4
24  2
23  3
24  3
25  5
26  0
23  6
23  5
25  4
22  -4
25  4
23  1
23  4
22  -1
23  6
23  3
22  2
23  6
23  -1
22  2
22  -3
24  8
22  2
22  -3
23  1
23  3
22  4
22  1
24  5
24  2
25  4
22  -4
23  5
24  3
22  -2
23  0
23  0
24  5
24  2
24  2
25  2
22  -2
21  2
20  -4
24  4
20  -3
23  1
23  2
23  1
23  -1
24  1
23  4
23  0
22  4
22  0
24  7
23  1
25  7
23  5
22  3
23  5
23  3
23  1
21  5
23  6
22  0
24  8
22  -4
23  -1
23  -1
24  1
23  5
21  6
23  0
23  1
22  0
21  4
23  7
22  0
24  0
22  -4
24  3
25  3
21  7
23  0
23  4
24  0
22  4
22  -3
23  6
23  2
20  -1
22  2
22  -4
24  0
24  3
23  6
24  7
23  3
23  1
24  5
20  -3
22  -3
23  1
22  -3
22  -4
23  -1
24  6
23  2
23  2
25  2
22  2
22  4
23  1
23  1
23  1
24  4
23  6
22  -3
23  3
24  5
23  1
25  6
23  3
22  -2
21  1
22  -4
25  6
22  -2
24  8
23  0
24  0
23  3
24  8
24  2
22  -3
24  5
23  6
22  2
21  0
23  1
23  5
23  6
25  1
22  2
24  5
23  7
24  2
25  6
24  7
23  3
22  4
23  0
25  7
24  4
23  6
23  4
22  2
23  -1
22  4
23  7
23  4
23  2
23  2
20  -6
24  5
24  5
23  -1
21  3
23  6
23  0
22  2
26  6
24  5
25  7
24  0
23  0
23  -1
26  1
24  5
24  6
23  4
21  0
22  -4
24  5
24  6
24  7
25  3
22  2
21  0
20  -3
24  0
23  1
24  7
23  1
23  7
21  3
22  3
24  2
22  4
21  5
24  8
23  4
23  5
21  3
23  3
21  4
24  2
23  7
22  -3
23  -1
22  0
23  -1
23  5
23  4
23  1
24  5
25  6
22  -4
22  4
23  6
24  6
22  -3
20  0
24  8
22  4
24  4
25  2
23  1
25  6
24  4
24  2
25  3
21  2
24  7
22  -1
21  5
23  4
22  2
23  6
21  3
23  6
25  3
20  -2
24  6
22  3
22  2
24  1
24  8
25  8
23  4
22  -2
22  1
22  3
25  2
23  2
25  3
23  4
21  2
22  4
23  0
23  7
24  4
25  7
22  3
25  1
21  5
22  -1
24  1
24  0
23  0
25  2
20  0
20  -6
22  2
21  5
22  1
22  -2
24  4
23  6
23  5
24  0
21  5
22  3
24  4
22  -2
24  4
21  7
22  -2
23  1
23  -1
22  1
25  6
25  8
21  7
21  5
24  7
25  6
22  -4
23  0
23  -1
23  6
22  3
24  2
23  6
24  0
24  5
25  5
24  8
22  1
23  0
23  6
22  -2
25  3
23  2
22  3
22  0
25  1
23  1
24  5
22  0
22  1
25  5
23  3
23  4
21  7
23  7
24  0
23  1
24  5
22  4
24  1
23  4
26  8
24  5
23  2
23  7
22  3
24  0
20  -4
22  -1
25  6
23  -1
21  4
25  0
23  6
23  6
22  -2
22  3
23  5
23  4
24  4
24  2
22  0
23  0
22  1
23  6
24  1
23  0
24  4
22  2
24  3
23  2
23  0
22  4
24  7
22  -2
23  5
20  -3
23  -1
22  2
23  2
24  4
23  7
23  5
23  0
23  3
23  3
22  1
23  1
22  4
23  7
23  0
24  0
22  -1
22  4
22  2
24  5
22  -4
24  6
24  8
25  8
23  6
21  7
22  3
23  0
23  6
22  -1
24  7
22  -1
23  7
22  -4
21  -1
24  0
22  0
23  -1
24  8
24  4
24  5
22  -3
21  2
23  5
21  -1
22  2
22  3
21  3
22  -2
20  -3
26  3
23  0
23  7
25  7
24  8
24  8
24  1
23  1
21  0
25  1
22  0
24  0
23  3
21  7
24  0
25  8
25  3
22  2
23  0
23  5
22  -2
23  2
24  0
22  2
22  4
24  4
23  0
24  7
23  4
21  3
22  4
23  7
21  0
22  1
21  1
24  3
23  -1
22  3
23  4
24  3
22  3
22  2
22  1
22  0
21  6
21  0
23  -1
24  2
22  -4
22  0
25  8
21  1
23  2
23  1
24  3
22  -2
23  4
22  2
23  6
23  4
23  1
23  5
24  1
24  8
24  8
21  5
24  5
24  7
23  -1
23  7
23  1
22  -1
24  4
25  6
24  0
24  4
23  -1
21  5
24  7
24  4
21  0
24  4
25  0
21  1
23  0
22  1
23  4
22  -3
21  5
25  5
23  0
22  0
23  7
23  3
22  2
24  8
25  0
22  4
24  7
24  3
22  -2
21  0
24  5
24  4
22  -4
24  6
23  5
24  3
24  5
22  0
24  6
25  6
22  0
24  2
23  -1
24  2
23  1
22  0
22  2
22  3
24  4
22  3
24  4
24  6
25  0
22  -3
22  3
24  5
24  6
23  1
22  1
21  2
22  -1
22  1
22  -4
23  3
22  3
22  0
21  1
23  5
22  2
22  -2
25  3
21  5
24  3
25  2
24  2
22  -4
22  2
25  4
24  0
24  1
23  7
25  8
24  5
25  5
23  -1
22  1
22  1
23  1
22  -2
22  3
23  7
22  0
21  -1
22  3
25  6
23  1
22  -3
23  5
23  1
21  1
24  0
25  4
25  2
24  4
23  7
25  0
23  0
23  -1
21  7
24  1
23  5
23  -1
21  7
23  4
24  4
23  6
20  -2
25  0
22  -3
22  -3
23  3
23  3
22  0
24  4
20  -1
24  5
25  6
22  -3
22  1
22  1
25  6
24  4
23  1
23  5
21  0
24  8
24  0
22  -3
24  5
25  7
22  2
25  0
23  1
23  2
24  4
23  7
25  8
24  0
23  7
25  7
21  2
24  7
23  2
21  6
22  3
24  7
22  0
24  2
21  2
23  -1
22  3
20  -2
21  5
21  3
24  6
22  -3
23  0
23  3
22  0
24  5
23  2
23  6
24  7
22  4
21  3
24  3
23  7
23  2
21  2
21  6
22  0
23  0
21  4
24  6
22  0
25  5
24  1
20  -6
22  -1
23  2
25  6
22  -4
23  2
24  7
23  -1
22  -3
22  -1
22  2
22  3
25  8
24  0
23  0
23  5
22  -1
23  7
24  5
23  7
22  1
22  3
23  3
24  0
23  3
23  -1
23  5
24  8
24  1
24  7
23  6
24  0
22  -1
24  0
20  -3
22  0
23  7
23  2
21  4
24  2
23  0
24  7
24  2
22  1
24  5
22  3
22  -1
23  6
23  4
22  -2
22  -4
21  1
23  0
24  0
21  7
23  -1
22  3
23  7
21  6
23  2
22  -4
23  3
25  6
22  -3
24  4
23  5
21  0
25  4
22  1
23  2
22  -3
24  0
24  7
23  6
23  3
22  0
25  8
23  5
22  1
24  0
25  4
22  3
22  2
23  5
23  4
23  0
21  0
24  2
23  4
24  1
24  3
24  5
25  6
24  7
23  2
22  1
21  2
22  1
24  3
22  -4
23  2
25  1
24  0
22  1
23  5
24  1
23  0
21  -1
24  3
23  -1
24  5
23  6
24  0
23  0
22  2
22  3
21  5
22  0
22  3
22  -4
22  -3
25  1
23  0
24  6
23  -1
23  4
23  5
21  0
23  -1
22  4
22  2
24  5
21  2
22  -1
22  2
23  6
23  -1
23  3
20  -7
23  4
21  4
21  4
22  -1
22  -1
25  8
22  -1
22  2
24  4
22  1
23  7
22  2
23  1
25  7
26  4
20  1
23  5
23  2
23  1
22  3
23  0
22  0
23  1
22  3
22  -2
23  4
23  6
22  4
22  -2
24  4
22  4
22  4
23  4
23  5
22  -3
23  6
21  3
22  -3
23  0
23  6
24  3
23  4
24  2
22  -4
23  6
24  0
23  -1
22  -2
22  -3
24  0
23  -1
22  2
24  7
24  8
23  3
22  3
24  1
25  4
21  3
23  -1
26  3
24  6
21  4
21  6
23  7
22  2
25  5
24  7
23  6
24  5
24  6
23  7
24  3
21  4
24  1
22  0
22  -4
25  5
23  0
22  -1
22  -3
20  -7
22  -3
22  2
23  5
23  3
23  7
24  5
22  -1
24  1
24  3
22  3
22  -2
23  0
23  5
20  -5
23  4
22  0
21  1
22  -1
23  0
22  1
23  1
21  7
22  3
24  3
23  4
24  3
24  1
26  1
23  6
23  2
