31  5
32  -4
31  4
32  -7
32  -12
32  -14
32  -8
33  5
31  5
35  2
32  -14
31  2
33  -6
32  0
31  0
32  -14
32  -3
35  4
32  -8
33  5
31  -1
31  -3
33  1
34  5
31  6
33  2
31  9
34  3
32  -7
31  -4
32  -14
32  -8
33  2
33  -1
33  0
33  0
32  -6
32  -14
33  2
32  -8
32  -5
32  -9
32  -12
31  2
32  -7
33  -6
34  9
32  -8
31  -1
33  -7
34  4
33  0
34  0
31  6
32  -4
33  -7
33  3
31  1
33  -6
32  -3
33  1
35  -10
33  -2
32  -12
32  -2
33  -5
31  2
33  1
32  -12
32  -9
31  3
31  -3
32  -9
34  1
32  -2
33  0
32  -8
32  -2
33  -8
33  -9
32  -7
31  7
33  -4
31  3
31  8
32  -14
33  4
31  5
32  -13
31  7
33  2
32  -10
33  -8
33  3
32  -9
31  -1
35  -9
33  1
31  -4
32  -14
33  0
32  -4
32  -11
34  10
33  0
32  -11
32  0
31  -3
31  1
32  -12
33  -4
32  -12
32  -10
32  -7
32  -12
33  0
31  0
34  11
32  -1
32  -14
33  -4
32  -13
32  -11
33  -9
34  8
32  -4
32  -5
33  -7
31  8
32  -1
31  -2
32  -10
33  -2
34  1
31  0
31  4
31  10
33  -7
33  3
32  -4
31  2
32  -2
33  -1
32  -6
32  -14
32  -1
32  -1
32  -9
32  -1
32  -11
31  4
34  3
32  -1
32  0
33  -4
32  -11
32  -3
35  -10
31  -3
31  4
33  -3
33  5
33  1
32  -9
32  -2
31  2
31  1
31  7
31  10
31  5
33  -3
33  -3
31  -2
31  3
32  -5
32  -12
33  3
32  -2
31  9
32  -2
31  7
34  9
31  3
32  -14
32  0
32  -10
32  -3
34  6
34  3
31  -4
33  -2
32  -1
32  -9
31  -2
32  -8
33  1
32  -7
31  -1
33  1
33  3
31  3
32  -12
31  -4
32  -14
32  -5
32  -5
31  -1
33  4
33  -5
32  -12
34  2
32  0
34  0
33  -7
33  -6
33  -1
32  -12
33  -8
33  1
32  -14
33  -5
32  -10
32  -2
33  0
32  0
33  -6
31  -1
32  -6
31  10
31  3
32  -8
33  1
31  -1
32  -11
32  -4
32  -5
32  -1
32  -8
32  -4
32  -9
34  4
31  0
32  0
32  -14
32  -9
31  -2
33  -3
32  -12
31  -3
34  3
32  -2
32  -9
35  -3
33  -7
31  3
32  -6
33  -7
31  -1
32  -6
32  -7
32  -11
31  9
31  10
32  -11
31  4
33  1
33  -8
32  -3
33  -7
32  0
32  -12
32  -7
33  -7
33  -3
32  -14
32  -10
33  -6
31  4
33  0
32  -1
33  2
31  9
32  -10
32  -9
33  -5
33  -3
31  -3
33  3
31  4
31  4
32  -8
33  -6
33  -5
31  0
32  -9
32  -3
32  -14
32  -12
31  5
33  3
31  7
31  10
33  -9
31  10
33  -6
34  3
32  -6
34  10
32  -8
32  -12
33  4
34  8
32  -9
33  0
31  2
33  5
32  -9
32  -7
34  8
31  3
32  -11
32  -2
32  -8
32  -10
32  -1
33  4
32  -6
32  -13
33  -1
33  5
32  0
33  4
31  0
31  9
31  10
33  -5
32  -8
32  -1
31  -3
32  -2
31  -1
32  -1
32  -10
31  -3
31  3
32  -3
32  -7
33  -2
31  -4
33  -4
33  -6
32  -10
31  1
31  7
32  0
31  -1
32  -2
33  5
31  -4
32  -13
33  -8
33  1
32  -4
31  8
32  -1
33  -1
31  -4
33  -2
33  -8
33  -6
33  -8
33  0
31  6
31  4
32  -14
32  -10
31  1
32  -5
31  10
33  -8
31  -2
32  -14
33  3
33  -3
32  -8
33  -4
31  0
32  -9
32  -9
33  -9
32  -11
32  -2
34  12
31  8
32  -5
34  12
31  7
31  6
32  -8
32  -8
32  -4
35  -2
33  0
32  -10
32  0
32  -2
32  -2
32  -9
32  -8
31  -1
32  -5
33  -1
33  3
32  -7
32  -5
31  6
33  5
33  -9
33  -4
31  9
34  10
31  2
33  2
32  -12
31  5
33  3
32  -4
32  -4
31  4
32  -10
33  4
33  2
31  7
33  5
34  6
34  7
31  3
31  7
34  4
31  -4
33  4
32  -5
31  5
32  -13
32  0
33  -5
31  2
31  4
32  -7
34  -2
31  10
31  3
32  -10
33  3
33  -1
31  -4
34  8
33  5
33  5
33  3
33  -6
34  -2
33  -9
33  4
32  -2
32  -2
32  -4
31  4
32  -8
31  9
31  9
32  -14
32  -7
33  0
33  2
32  -8
32  -8
33  2
34  1
34  5
33  5
31  2
33  -9
31  8
31  2
33  -1
32  -4
31  -2
32  -2
33  -6
31  10
32  -12
32  -9
31  6
32  -3
33  -3
33  2
32  -13
31  10
33  1
32  -13
33  4
33  -8
32  -13
32  -8
32  -4
31  8
32  -5
32  -14
33  5
34  11
32  -14
34  5
31  8
32  -11
33  0
32  -10
33  -2
34  7
34  7
32  -13
32  -7
32  -10
32  -5
31  3
33  3
32  -10
32  -2
32  -10
32  -5
32  -11
32  -10
31  -1
33  4
32  -13
31  9
31  8
33  -3
33  1
32  0
33  -4
32  -3
31  -3
31  5
32  -14
31  4
32  0
32  -3
32  -2
32  -2
32  -4
32  -9
34  -2
33  1
32  -8
33  5
33  -4
33  2
32  -5
33  -7
32  -2
32  -2
33  -6
31  -1
31  0
32  -8
33  4
31  0
32  -7
31  8
32  -3
32  -11
32  -8
32  -12
32  -3
33  4
33  5
33  5
34  8
33  -6
33  -8
34  6
32  -10
32  -7
32  0
31  10
33  -5
31  8
33  2
32  -7
31  7
31  5
31  -4
32  -8
32  -1
31  -4
32  -2
32  -4
31  5
32  -2
33  0
34  9
32  -9
32  -4
35  -9
32  -13
32  -3
31  -4
31  -1
32  -2
32  -9
31  9
32  -12
33  -6
34  8
31  5
32  -12
31  -4
31  -4
33  -6
32  -1
32  -8
33  2
33  -8
32  -5
32  -13
33  -7
33  -8
32  -1
34  8
31  9
33  -5
33  5
32  -11
33  -2
32  -10
33  -6
31  2
33  0
31  2
32  -4
32  0
32  -11
32  -5
31  7
32  -6
31  9
33  -4
31  6
31  -2
31  -3
32  -13
32  -12
32  -9
32  -10
33  -4
31  1
31  2
32  -5
32  -13
34  1
33  -6
31  7
33  0
32  -1
35  3
31  0
33  -9
32  -8
31  6
33  -4
32  -14
32  -4
31  6
32  -7
34  2
33  -4
32  -14
31  9
33  -9
32  -13
33  -3
33  -4
32  -6
32  -14
31  10
32  -4
33  -9
31  2
33  -2
32  -2
33  -9
33  -4
33  3
32  -6
31  10
33  2
31  -4
32  -10
33  1
31  1
33  -5
32  -3
32  -1
32  -8
33  -8
33  -7
32  -4
32  -5
32  -10
32  -11
32  -2
31  2
32  -8
33  -1
32  -2
32  -3
32  -6
31  6
32  -6
31  -4
32  -7
32  -3
33  -3
32  -2
32  -9
31  1
33  4
33  -1
32  -8
34  6
31  8
33  -4
31  7
33  2
32  -6
32  0
34  8
32  -11
31  6
32  -10
33  3
33  -5
31  4
33  -2
32  -9
31  3
33  -3
31  7
33  5
32  -5
32  -2
33  -5
32  -2
31  -4
32  0
32  -5
31  5
33  2
33  5
31  6
33  1
33  -1
32  -5
33  3
33  -5
33  5
32  0
35  4
33  -1
31  7
34  1
32  0
33  1
32  -14
33  -8
32  -3
33  -5
33  -3
32  -1
31  2
31  3
32  -9
33  -3
31  9
31  -4
33  -2
32  0
31  1
31  -3
32  -7
33  3
32  -3
33  3
32  -12
32  -13
31  7
33  -8
32  -9
32  -13
33  -6
31  -2
33  -7
32  -8
32  -7
31  8
32  -5
33  -2
31  -1
32  -7
33  2
32  -5
31  9
31  -3
33  -1
32  -8
32  -8
32  -4
31  10
32  -10
32  -11
32  -13
33  -7
32  -11
32  -6
32  -13
33  -1
32  -9
31  2
33  -9
34  6
31  9
32  -13
33  -6
33  5
31  4
34  -2
33  -2
33  2
32  -13
32  -4
32  -8
32  -8
33  3
32  -4
31  5
32  -5
33  5
31  4
33  -5
34  -2
35  0
31  5
31  -1
31  -3
32  -14
33  1
33  -5
32  -6
32  -10
32  -8
32  -2
32  -10
33  -8
32  -14
33  -2
32  -5
34  4
31  0
32  -1
32  -11
32  -8
33  -3
32  -6
32  -7
33  0
33  -8
32  -12
33  -1
33  1
32  -2
33  0
32  0
33  -4
31  4
33  -7
33  -8
32  -14
33  -4
31  8
31  5
33  0
32  -13
31  6
32  -4
34  9
32  -14
31  2
33  3
34  10
33  -5
33  5
32  -1
32  -6
31  2
32  -5
33  -2
33  -7
31  -2
31  3
33  -8
31  9
31  6
33  4
34  9
34  10
32  -2
32  -9
31  0
32  0
32  -14
33  1
33  1
33  -7
32  -3
32  -8
33  -3
33  1
33  -2
32  -8
33  -4
32  -8
33  -6
32  -4
32  -1
32  -5
33  -5
32  -7
32  -8
33  2
32  -9
33  -9
32  -9
32  -9
33  2
33  0
32  -11
33  -8
32  -12
32  -1
31  -4
31  -4
31  5
33  -9
35  -2
34  2
32  -6
32  -1
32  -8
32  -5
34  2
33  -8
32  0
33  -9
31  9
33  -6
32  0
32  -7
32  -5
31  6
32  -14
32  -4
32  -14
33  -3
32  0
32  0
32  -11
32  -4
31  3
33  -3
32  -14
31  8
32  -14
32  -6
33  -8
33  -3
33  -6
32  -3
33  4
33  -3
31  -4
31  3
34  6
32  -1
31  -2
31  3
33  -3
33  -4
31  2
33  0
