10  0
7  0
11  3
5  3
10  2
9  -9
10  2
11  7
8  4
10  3
10  3
9  -5
14  0
9  -5
9  -6
11  6
9  -7
10  0
9  -8
10  0
14  0
8  4
9  -9
10  1
8  5
6  -2
8  6
7  0
9  -9
12  3
11  5
6  -4
8  4
10  4
10  3
11  4
11  3
11  6
11  3
6  -1
11  7
11  5
11  5
13  -7
11  5
9  -8
10  1
13  -5
10  1
9  -9
10  1
8  6
9  -7
9  -8
10  3
10  4
9  -5
11  7
9  -5
8  7
10  1
10  2
12  1
12  5
9  -9
12  2
12  2
9  -5
11  3
8  3
10  2
10  1
9  -6
7  1
11  5
12  5
8  5
8  5
12  3
9  -7
10  0
9  -5
12  5
9  -7
9  -8
9  -5
9  -5
9  -9
8  6
10  1
9  -7
11  7
12  4
13  -7
9  -5
7  -1
10  2
11  7
10  3
11  3
9  -8
8  7
7  0
11  4
12  4
11  7
10  2
8  3
10  3
11  7
10  4
9  -5
12  5
8  3
8  4
11  3
12  3
9  -5
13  -4
9  -9
9  -7
11  6
10  2
9  -7
11  7
9  -8
11  4
9  -9
9  -7
10  4
10  2
10  3
14  1
9  -7
11  3
11  5
9  -5
11  6
9  -5
10  4
9  -6
11  4
11  5
11  6
10  3
7  2
9  -7
10  2
11  7
11  4
11  6
12  1
12  4
9  -6
8  7
8  5
10  3
7  1
13  -6
12  4
11  5
8  5
11  6
8  6
9  -7
14  2
12  4
6  -5
11  7
11  6
10  4
10  1
11  4
9  -8
10  0
10  4
8  4
7  2
9  -8
10  2
9  -8
13  -6
8  3
12  1
10  4
10  3
8  4
6  -1
9  -9
12  1
14  2
8  3
8  5
9  -6
9  -9
5  1
8  4
12  4
9  -7
9  -9
11  4
9  -8
10  0
8  5
11  6
10  2
10  1
9  -7
11  5
10  4
10  1
12  5
10  4
11  4
7  0
11  3
8  3
8  3
10  0
9  -7
13  -4
12  1
9  -8
9  -9
8  4
9  -9
13  -7
7  0
10  3
8  7
12  3
15  8
12  1
12  3
12  5
11  7
10  0
11  4
9  -6
11  5
8  3
8  6
8  7
9  -5
8  6
7  1
11  7
10  4
14  -2
7  2
8  6
11  4
10  0
9  -5
7  1
10  3
8  4
8  6
10  0
9  -8
12  1
8  4
8  3
9  -9
13  -8
7  3
10  1
11  3
8  7
12  1
9  -6
10  3
9  -7
7  -1
10  1
11  3
9  -9
10  1
13  -6
10  4
10  3
10  3
12  4
10  3
11  5
12  2
13  -6
9  -9
12  3
10  4
9  -8
8  4
8  5
9  -5
13  -7
7  1
8  6
12  5
8  5
9  -8
12  1
9  -6
11  7
9  -5
10  0
12  2
8  3
10  0
12  4
13  -6
12  3
11  7
10  2
9  -8
12  2
12  1
12  3
10  3
7  2
8  7
11  3
10  3
11  5
8  3
8  7
10  2
9  -9
12  3
13  -8
9  -6
9  -5
11  7
10  1
12  2
8  3
11  5
12  4
8  5
10  2
10  4
11  3
10  3
8  4
10  3
8  3
11  4
10  4
10  4
12  2
8  5
8  3
10  4
9  -6
10  4
9  -8
12  4
12  4
11  7
10  4
11  3
11  6
12  2
9  -9
11  4
12  3
9  -8
12  1
9  -9
12  1
11  3
9  -9
9  -6
11  7
6  -3
11  4
9  -8
7  2
11  7
11  4
8  5
10  1
10  4
11  7
13  -5
9  -9
13  -8
12  1
8  6
8  3
14  -2
9  -7
9  -6
8  6
12  3
8  4
8  5
10  2
11  7
9  -8
7  0
9  -5
13  -7
8  6
10  4
9  -8
9  -9
7  -1
10  2
10  1
8  7
10  0
7  2
9  -6
7  1
9  -6
6  -4
9  -9
10  3
8  5
9  -8
9  -6
11  6
13  -4
12  4
8  6
9  -8
10  3
11  3
11  6
11  7
12  2
10  2
10  1
11  6
10  0
6  -1
10  1
8  4
10  3
11  3
12  5
10  4
10  4
9  -9
12  5
9  -6
10  1
9  -7
9  -7
11  5
7  0
10  4
10  1
10  1
12  4
8  5
10  4
9  -5
7  3
11  4
9  -9
8  3
12  2
10  3
11  7
11  3
5  0
8  6
11  5
12  3
8  4
10  3
12  3
7  1
10  1
11  5
9  -9
11  5
14  2
7  0
7  0
10  0
6  -4
12  3
11  6
9  -8
11  4
10  1
10  2
10  4
12  2
9  -6
7  -1
11  7
10  3
11  5
11  3
9  -9
10  0
9  -7
8  3
10  2
8  6
9  -8
9  -8
9  -7
9  -9
9  -5
13  -6
10  2
10  0
6  -3
8  6
13  -4
10  2
9  -8
7  3
9  -6
12  1
13  -4
9  -9
12  2
12  4
8  5
8  3
9  -6
10  0
6  -2
9  -5
10  0
10  0
13  -4
8  6
12  3
8  7
9  -7
14  2
11  3
11  5
11  5
9  -8
8  7
7  1
13  -4
10  0
10  4
9  -6
9  -9
13  -5
9  -6
8  6
12  3
14  1
9  -6
10  0
15  5
10  2
9  -8
8  7
6  -1
13  -5
10  1
13  -7
13  -5
8  4
9  -8
8  5
9  -6
8  5
10  2
12  5
12  2
8  4
8  7
9  -5
10  1
9  -7
8  3
10  0
7  3
9  -8
11  5
9  -5
11  6
11  7
9  -9
9  -6
9  -5
11  5
10  0
9  -8
7  0
9  -6
9  -7
9  -7
8  7
10  4
11  4
11  3
9  -6
13  -7
10  1
10  4
10  4
7  0
15  9
7  3
7  1
12  5
8  5
11  4
10  3
7  -1
5  0
11  6
8  6
10  4
12  5
9  -7
11  7
10  2
9  -8
11  7
9  -7
7  -1
10  0
9  -6
11  7
9  -8
9  -5
8  4
8  4
7  0
7  0
10  0
7  -1
10  3
9  -7
14  0
9  -8
10  3
9  -5
11  7
9  -5
9  -6
10  0
8  3
14  2
7  1
10  1
6  -4
10  1
7  2
8  3
8  5
9  -9
9  -9
12  2
9  -8
11  6
12  1
13  -7
11  4
9  -5
11  3
9  -5
9  -9
9  -5
8  3
12  2
10  0
12  1
11  7
10  4
11  4
11  5
11  3
12  3
7  2
9  -5
11  6
9  -9
9  -6
10  2
8  7
10  2
10  3
11  3
10  4
9  -8
11  6
10  1
5  4
10  1
6  -5
12  1
9  -9
12  3
6  -2
11  3
7  3
8  4
11  4
9  -9
7  0
12  5
11  5
9  -8
10  3
9  -6
9  -9
10  0
10  0
9  -5
9  -8
11  4
8  4
9  -6
11  3
12  2
12  5
11  4
9  -6
11  6
14  2
10  1
8  7
12  1
11  5
8  7
8  5
12  3
12  2
10  1
7  2
11  7
10  2
12  1
10  3
5  3
11  7
9  -9
8  7
9  -5
10  2
11  4
6  -2
10  3
15  7
11  7
11  7
9  -6
13  -4
12  5
8  5
12  1
7  0
8  3
11  3
8  4
9  -9
11  5
10  3
8  6
8  7
10  3
13  -4
9  -7
5  4
9  -8
9  -9
10  4
8  5
7  2
12  2
8  3
10  2
10  2
10  2
10  0
11  5
13  -4
11  7
11  4
11  7
12  5
10  3
9  -5
12  4
13  -7
9  -8
9  -8
8  6
12  5
7  1
8  3
12  5
11  4
10  4
9  -8
11  5
6  -1
8  3
11  3
9  -8
10  1
10  4
9  -6
11  4
10  4
11  4
12  1
9  -6
9  -9
9  -5
8  7
10  0
10  2
11  5
11  3
11  4
7  1
7  3
9  -7
9  -5
8  3
11  4
9  -5
13  -4
7  1
8  6
10  4
9  -8
12  2
9  -7
12  4
12  3
10  0
9  -7
11  5
8  4
8  6
8  6
11  5
12  5
9  -6
11  6
11  4
8  3
9  -8
7  2
9  -5
9  -5
11  7
9  -6
9  -6
8  7
11  3
8  5
9  -5
11  4
9  -7
12  4
10  4
12  4
5  0
10  0
11  3
7  2
10  2
8  4
11  4
9  -6
9  -5
11  6
7  -1
8  5
12  3
9  -5
8  3
10  0
8  6
12  5
10  1
10  2
11  5
13  -4
11  5
10  4
7  0
10  2
9  -9
12  5
8  7
12  2
10  3
9  -8
12  4
8  3
10  1
9  -8
11  6
7  3
10  2
12  4
10  3
9  -9
9  -6
8  6
7  0
8  6
8  3
9  -8
9  -9
11  5
12  2
6  -2
11  3
8  3
10  1
9  -9
8  5
11  6
10  3
5  2
10  1
10  1
8  5
12  4
11  7
12  4
13  -5
7  0
10  4
12  2
10  1
9  -5
11  7
8  6
12  4
8  5
7  0
6  -3
8  6
10  4
8  3
13  -8
10  3
8  5
10  4
11  5
10  4
10  2
10  0
12  2
7  -1
9  -7
8  4
9  -5
10  1
11  3
11  6
11  6
9  -7
10  0
13  -5
8  3
9  -7
11  6
9  -7
11  5
10  3
13  -8
10  3
8  6
11  3
9  -7
13  -8
10  2
10  0
12  5
10  3
10  0
10  4
14  2
10  2
9  -9
6  -1
13  -5
9  -6
10  3
10  0
10  4
9  -9
11  5
14  2
12  3
12  2
6  -5
12  5
