13  9
13  7
15  4
14  -6
15  3
19  2
17  8
14  -7
17  5
16  4
16  5
17  7
14  -9
19  2
17  8
18  -2
17  7
13  8
17  7
18  -3
16  6
15  5
15  3
14  -7
14  -7
16  4
14  -8
14  -7
16  7
14  -6
19  1
16  7
16  5
18  -5
15  1
16  4
16  6
19  3
17  8
17  8
15  5
16  4
14  -5
19  3
15  1
15  4
15  2
17  4
19  2
14  -9
16  6
13  7
20  -1
17  5
19  2
12  -2
14  -7
14  -6
14  -7
17  7
17  6
18  -5
14  -8
17  8
16  4
17  4
16  5
11  4
14  -8
18  -3
15  1
16  5
13  8
16  5
16  7
18  -3
15  4
16  4
13  9
13  7
16  5
14  -5
16  8
18  -6
14  -9
14  -8
14  -5
19  -1
15  4
14  -9
13  9
15  3
14  -9
16  4
14  -8
17  7
18  -3
15  1
16  4
17  8
16  8
15  2
18  -4
12  1
15  2
15  1
14  -9
18  -5
15  3
14  -5
19  2
14  -5
14  -9
18  -3
17  7
18  -2
14  -6
15  3
14  -8
17  8
16  6
15  5
14  -5
17  4
15  1
16  4
18  -3
14  -5
16  6
13  7
20  0
15  2
13  6
13  9
13  6
17  4
16  5
14  -9
17  7
13  7
13  6
17  4
14  -7
15  3
16  6
16  8
15  3
18  -3
12  1
17  8
17  5
14  -7
16  8
16  8
14  -8
18  -6
14  -6
17  4
18  -4
14  -7
19  0
18  -4
16  4
13  6
18  -6
14  -5
16  6
15  4
16  4
15  1
20  1
13  5
16  8
13  7
18  -6
16  8
18  -2
15  2
17  7
15  2
16  6
13  6
16  7
13  6
17  8
16  6
13  6
15  4
15  2
16  6
14  -7
15  2
15  1
15  1
15  1
17  7
17  5
19  2
18  -5
14  -6
14  -7
15  1
18  -4
16  8
13  7
17  7
18  -2
14  -6
16  5
14  -8
14  -8
15  5
15  1
12  -1
15  4
16  4
15  2
16  5
18  -3
17  4
15  3
13  9
20  0
13  5
16  6
12  -2
13  8
16  4
15  3
15  3
16  7
17  6
14  -9
15  5
18  -4
14  -9
17  4
15  2
15  2
14  -8
16  7
14  -9
18  -6
13  7
16  4
16  4
16  7
15  4
16  4
13  8
15  3
17  4
15  1
13  6
17  6
19  -1
18  -5
13  8
13  7
16  8
15  4
17  6
15  2
15  5
19  3
13  7
16  4
18  -4
16  8
15  3
14  -7
17  7
14  -7
12  0
16  5
18  -5
20  0
16  5
14  -7
15  1
15  1
13  5
16  5
17  6
17  8
14  -8
16  8
13  6
17  7
15  5
15  5
16  6
17  6
16  5
15  3
14  -5
17  6
17  7
17  5
14  -9
12  0
18  -2
14  -6
18  -4
15  3
19  3
13  8
15  3
14  -6
17  4
14  -8
17  4
13  7
12  -3
16  4
15  3
18  -2
19  1
16  8
15  4
14  -9
15  1
13  5
14  -9
19  1
16  5
16  5
18  -5
18  -3
16  5
15  3
14  -6
16  4
10  6
15  1
17  5
18  -2
15  3
17  6
16  4
14  -8
17  5
17  7
15  1
19  2
13  9
15  3
15  2
14  -9
15  5
17  7
12  0
15  1
16  8
15  3
15  5
13  7
15  4
15  5
12  0
15  2
15  1
15  5
16  4
15  4
17  6
15  2
14  -8
13  6
16  5
15  1
15  1
16  5
13  8
16  6
17  7
20  -1
12  1
17  4
15  1
16  5
15  4
13  8
17  5
18  -2
16  4
13  8
15  2
18  -4
15  2
16  6
15  1
15  2
17  6
13  7
17  8
15  2
17  6
15  3
17  4
15  4
17  7
14  -7
14  -7
18  -5
15  3
16  7
16  5
16  7
18  -4
17  5
13  7
18  -2
19  2
18  -2
14  -7
14  -6
13  7
16  7
16  6
17  6
18  -6
15  2
14  -7
15  5
13  9
15  1
17  5
13  6
15  2
16  4
12  0
12  -3
13  5
16  7
15  2
17  8
14  -7
16  4
16  5
14  -7
13  8
16  6
15  1
13  8
14  -8
17  5
16  5
17  7
17  5
17  4
15  2
15  4
16  6
16  5
13  5
12  -3
17  6
14  -8
12  1
16  5
16  7
13  5
15  1
20  -2
16  5
16  8
16  7
16  5
17  6
16  7
16  5
16  6
17  8
12  -1
16  5
17  4
14  -6
16  6
16  7
16  7
16  7
15  4
15  5
14  -7
17  7
15  4
16  7
16  6
15  2
14  -8
16  5
15  3
19  3
16  5
14  -6
17  5
13  6
19  -1
17  5
15  3
14  -7
16  5
17  8
14  -9
16  5
18  -2
17  5
17  8
16  7
18  -6
13  8
16  7
12  1
15  4
16  6
16  8
17  8
16  7
15  3
14  -7
16  8
13  6
13  7
16  8
17  5
16  7
15  1
15  5
14  -5
14  -6
17  8
16  7
14  -6
14  -5
20  1
15  3
13  8
15  5
18  -3
17  8
16  8
14  -8
16  7
15  2
16  7
16  4
18  -4
13  7
17  6
17  8
19  3
19  3
14  -5
18  -5
18  -3
15  4
12  1
15  3
15  5
14  -7
19  2
16  8
13  6
18  -4
18  -4
15  2
17  4
16  5
16  6
18  -4
13  8
17  4
16  4
14  -8
17  5
15  5
15  1
19  -1
20  1
16  5
15  5
18  -2
19  0
16  6
15  2
15  1
15  3
17  7
17  4
14  -6
13  6
20  2
17  5
16  4
18  -6
15  2
16  4
18  -2
16  4
15  4
13  8
17  8
17  6
14  -6
15  4
17  5
16  5
15  3
16  8
14  -7
15  2
16  7
16  7
16  8
12  1
16  7
17  7
15  2
18  -2
14  -9
15  1
14  -8
16  8
15  2
17  4
15  2
18  -2
16  7
15  3
13  5
14  -7
14  -5
17  8
17  4
17  6
15  2
18  -3
13  7
17  5
18  -4
16  7
16  4
15  5
17  5
14  -6
13  5
16  5
14  -5
14  -6
17  7
15  1
16  4
13  9
12  -1
14  -6
16  6
18  -3
16  5
14  -7
17  6
13  6
17  6
17  5
17  5
16  4
15  2
17  8
17  8
17  5
14  -5
11  1
16  8
16  8
14  -8
14  -8
16  7
16  7
18  -2
15  4
18  -4
16  5
15  3
15  3
16  4
15  5
15  3
17  5
14  -9
15  3
17  5
15  4
15  2
18  -5
16  8
12  -3
13  7
16  4
15  5
13  5
15  4
18  -2
16  8
17  6
15  2
15  3
18  -6
16  5
17  7
20  -1
13  6
14  -6
16  6
14  -5
17  6
17  4
16  4
16  8
15  3
18  -2
15  1
14  -9
14  -6
16  7
15  2
13  5
17  4
14  -6
16  5
14  -8
15  2
18  -3
15  4
17  6
16  6
14  -7
17  8
14  -6
16  5
16  8
16  4
12  -2
16  6
17  8
16  7
15  1
16  4
17  4
16  7
15  2
16  5
13  8
15  3
15  5
15  5
17  8
19  3
17  8
17  8
17  8
14  -8
18  -4
17  7
15  3
13  6
15  3
14  -7
17  5
15  2
18  -6
19  1
17  4
18  -4
15  4
15  4
15  3
14  -5
14  -6
17  6
14  -5
15  4
13  5
15  3
19  2
15  2
16  8
18  -2
19  0
18  -2
20  2
17  6
19  0
18  -4
16  7
19  0
16  4
18  -5
13  8
12  0
16  7
14  -9
16  6
14  -6
15  4
17  6
17  6
14  -7
16  8
15  4
14  -6
17  8
15  5
17  7
13  9
17  8
14  -7
16  7
19  2
16  8
15  4
15  1
13  9
14  -8
13  7
14  -7
16  7
13  8
17  4
19  1
17  4
16  5
17  8
15  1
15  4
17  6
15  3
13  7
16  4
15  2
15  5
16  6
15  2
14  -9
15  1
11  1
14  -5
14  -9
16  4
18  -6
14  -8
14  -8
12  1
17  7
17  6
13  8
14  -8
15  4
14  -5
19  3
14  -9
15  5
16  4
18  -3
12  1
16  5
14  -6
13  9
12  -1
16  7
15  4
19  -1
12  1
18  -3
15  5
13  7
14  -8
16  6
14  -5
15  1
13  7
13  9
15  3
16  6
11  2
20  -2
17  7
17  4
17  4
17  7
15  2
14  -6
15  3
19  2
17  8
16  5
15  4
16  6
16  4
16  4
18  -6
15  3
13  7
16  7
14  -5
16  4
17  7
16  7
17  7
15  1
15  3
16  8
11  4
16  8
13  9
14  -5
15  4
16  6
13  7
17  4
16  4
16  6
16  5
16  6
15  3
15  1
16  8
15  3
14  -9
17  7
14  -8
14  -6
14  -7
15  1
14  -6
17  4
16  6
16  6
15  1
16  7
13  7
16  7
18  -5
15  5
14  -5
13  7
17  7
15  3
15  2
16  8
17  6
16  7
12  -1
14  -9
15  4
13  7
14  -5
15  4
17  5
18  -4
15  5
16  5
15  5
16  8
15  5
16  4
16  6
20  -2
18  -5
15  2
17  4
17  5
16  5
18  -6
17  8
16  4
17  6
16  8
15  4
14  -7
17  5
18  -2
15  3
15  5
15  2
16  7
18  -3
19  1
19  1
20  -1
13  8
18  -2
15  4
14  -7
14  -7
14  -9
14  -5
14  -9
18  -2
15  2
19  3
