13  0
13  1
12  1
12  4
12  0
15  5
14  3
12  3
13  1
11  0
14  2
14  7
14  0
12  1
12  2
13  -1
14  1
12  3
13  0
13  -2
13  -3
13  -1
13  -3
11  -1
14  5
11  1
11  3
10  10
13  -4
14  7
13  -3
13  0
12  7
12  0
12  4
12  4
13  -3
11  0
12  0
12  1
13  1
14  4
13  2
12  0
13  -6
14  3
12  -1
12  4
14  5
13  -3
14  5
13  0
12  1
14  4
13  -4
13  0
13  2
15  6
12  -1
13  2
15  5
13  -3
11  1
11  4
11  -3
12  3
11  0
10  8
15  11
17  6
13  2
10  4
12  2
14  7
13  -4
10  10
12  -1
13  -4
13  -1
10  5
12  5
15  3
12  0
12  7
14  2
12  -1
14  6
13  -2
13  2
12  4
13  1
13  -4
13  1
13  -1
13  -2
14  6
12  -1
12  5
12  4
12  2
14  4
13  -2
12  4
13  -3
12  2
12  -1
12  6
13  -3
14  8
11  4
13  2
12  7
14  2
12  0
13  2
14  6
11  -3
12  5
11  1
13  0
14  0
11  3
12  5
16  8
15  11
12  2
11  2
13  -4
12  7
11  -2
14  0
12  6
11  1
12  6
11  -3
11  -3
13  -4
12  4
13  -4
14  8
13  -4
13  0
12  0
13  1
10  7
13  2
12  2
13  1
13  -5
12  6
13  -5
14  3
11  -2
11  -2
11  -3
13  -3
14  8
12  0
12  0
12  2
13  -2
12  6
12  5
12  5
14  1
13  -1
13  0
13  2
12  3
12  7
10  4
12  0
12  1
13  -1
13  -1
13  2
11  3
14  8
13  1
12  2
11  -2
12  0
10  9
12  0
11  2
12  5
14  0
12  -1
12  6
12  3
12  1
11  -1
15  8
13  0
13  -2
13  -6
12  4
12  1
13  2
12  1
12  -1
15  3
13  -4
14  7
14  4
11  -1
12  5
14  5
12  0
14  6
14  0
14  5
13  -3
12  7
12  6
14  0
12  3
13  -4
11  2
12  7
11  4
13  -1
15  4
12  3
15  6
12  1
13  -3
15  7
13  0
13  1
13  -4
12  6
13  2
14  0
12  6
14  6
12  6
12  2
13  -1
15  8
14  3
13  2
13  -6
11  2
13  -5
13  -4
13  -4
14  6
13  -6
13  1
15  7
11  1
13  -1
14  8
13  -6
12  4
14  1
12  2
13  -4
11  0
15  4
13  -3
13  -4
12  3
12  6
16  6
13  -4
13  0
13  -4
13  -3
13  1
12  0
11  1
13  0
13  0
12  4
13  -4
11  3
12  6
14  0
11  -1
11  -4
13  2
12  1
13  -6
12  6
12  7
14  2
12  0
13  -3
14  5
13  -1
13  0
13  0
14  7
13  -2
14  5
12  5
14  3
14  2
13  -1
13  -3
11  2
12  2
11  0
13  0
12  -1
11  0
15  5
14  1
12  1
14  2
11  4
13  -6
12  3
12  3
13  -5
13  -3
14  4
12  7
13  1
11  0
12  4
10  2
15  5
15  8
14  8
13  -3
12  -1
11  -1
12  0
13  -5
13  -1
11  3
14  5
13  -6
11  -4
13  -3
12  7
13  1
15  10
12  5
11  -4
12  3
13  1
12  6
10  5
12  7
13  -4
13  0
14  5
11  -1
14  5
10  4
12  1
12  4
12  -1
14  3
13  -3
14  1
14  8
14  7
12  0
14  1
13  -2
14  7
13  0
13  -4
11  0
14  6
12  5
12  7
12  3
13  -5
13  -2
15  10
14  4
12  -1
13  2
12  6
14  8
13  -3
12  1
12  7
14  8
15  10
12  3
14  5
12  3
13  -4
12  1
13  -4
13  -4
10  9
11  2
14  0
11  0
10  6
11  -4
13  -4
12  5
13  -2
13  -4
13  -5
13  -5
11  4
14  0
11  3
12  7
12  2
13  -1
13  2
13  -1
13  -3
14  0
13  -6
14  7
15  5
12  0
12  5
12  6
12  4
11  -2
13  -4
13  -2
12  3
12  -1
13  -6
13  -6
13  2
13  -5
11  -1
12  4
12  5
14  3
12  5
15  4
13  2
13  -5
11  -3
12  0
13  -3
14  5
12  4
13  -4
12  5
11  4
13  -1
11  2
12  7
12  5
14  3
13  1
12  1
12  2
12  6
11  3
11  -2
14  1
13  -2
12  1
14  0
13  -4
13  -6
13  -4
11  1
12  2
12  -1
12  1
12  1
14  3
13  -3
11  -2
16  4
14  1
14  5
12  6
11  0
13  2
12  5
13  -3
12  7
11  4
12  7
12  2
14  5
13  -1
13  -2
12  3
13  2
13  2
14  0
13  -3
12  3
13  -6
13  1
13  -1
13  -6
15  7
13  0
13  2
11  0
13  -6
12  5
13  -1
13  -4
14  0
11  0
13  -2
13  0
12  4
12  7
12  2
11  4
12  1
13  0
13  -6
12  3
13  -3
12  4
12  4
13  2
15  10
13  1
13  0
12  6
12  0
14  1
14  7
11  -1
11  0
14  3
14  8
11  2
12  1
13  -3
13  -3
12  4
12  1
12  7
13  -2
11  -2
13  1
14  5
11  -4
13  -6
12  -1
13  -4
10  4
12  -1
12  -1
12  1
12  5
13  -2
14  2
13  -6
12  -1
13  1
13  -3
12  1
12  -1
15  7
14  2
12  1
11  2
12  2
12  0
12  2
14  3
13  -2
14  8
11  -2
14  1
12  -1
12  5
13  2
11  0
14  0
12  2
12  3
14  1
13  -3
12  0
12  3
14  8
13  0
11  4
13  -3
14  3
14  0
12  -1
12  4
13  -1
12  1
14  2
13  1
13  0
14  5
12  7
15  7
12  2
13  -1
12  3
12  -1
13  -1
12  2
12  3
13  -5
12  -1
13  -5
13  -2
13  -3
12  0
13  -4
11  0
13  -3
12  0
14  4
14  8
13  -1
12  4
11  1
12  -1
15  3
13  2
14  1
14  4
12  2
15  3
14  5
13  0
13  -5
13  -4
12  5
13  -1
12  3
11  -3
12  0
12  1
11  -4
11  1
12  3
12  1
13  -5
11  3
13  -5
11  -4
12  4
12  3
12  7
14  7
12  2
12  -1
12  3
11  -2
13  1
13  1
12  5
12  3
12  2
11  -2
11  -3
14  4
12  0
12  0
12  7
13  -3
12  6
11  -4
11  4
13  -2
12  3
12  -1
13  -3
13  1
11  -2
12  3
13  -6
12  0
12  4
11  -4
14  4
13  -3
11  -2
13  1
12  3
13  -5
13  0
13  -5
11  4
13  -4
12  -1
12  2
13  2
12  3
13  -3
12  6
11  0
13  2
12  0
12  1
12  -1
12  4
12  4
12  0
13  -4
13  0
12  -1
13  -1
11  -2
12  7
12  4
10  7
13  -2
13  2
13  1
15  9
11  4
13  -6
13  -4
12  0
12  3
12  3
11  1
14  7
12  5
12  1
14  4
11  2
12  1
11  4
13  0
11  2
14  3
13  1
11  -1
11  3
12  4
12  5
13  -1
13  0
12  6
16  7
13  0
12  4
13  -2
14  5
13  -4
12  7
13  -2
12  2
14  6
13  -1
13  1
13  -3
12  4
12  7
14  3
12  -1
14  0
15  8
13  -4
13  0
13  1
11  -3
11  -2
12  4
12  7
11  1
13  -4
12  -1
12  0
13  -1
13  1
13  -2
13  1
12  3
12  0
14  2
12  3
15  6
12  2
11  -4
12  3
10  2
12  6
14  4
14  3
13  1
13  -3
11  -1
12  1
12  4
13  0
12  7
14  2
13  -2
12  4
16  11
12  0
12  2
14  0
13  -5
14  6
12  4
14  6
12  6
11  4
14  3
13  -2
13  -5
13  1
15  4
13  -4
12  3
13  0
11  0
11  -4
11  3
14  5
12  3
15  3
14  5
13  1
14  0
14  4
12  2
11  1
13  -6
10  8
12  1
13  -3
12  3
12  1
14  2
14  1
15  8
11  2
13  -1
12  2
12  1
11  -1
13  -2
11  3
14  3
12  -1
12  4
12  5
14  6
13  -1
12  4
12  7
12  6
14  6
12  4
12  7
13  1
12  2
14  2
13  -3
12  1
11  4
12  6
13  0
13  -2
13  -5
11  4
12  3
11  4
12  -1
12  1
13  -1
10  7
13  2
11  -3
12  1
12  1
13  -5
14  4
14  2
12  -1
15  9
13  0
13  -5
12  1
12  2
13  -4
11  0
12  6
14  6
13  -6
12  0
13  1
12  6
12  1
11  4
12  6
12  5
13  -6
12  6
13  0
12  1
13  0
12  6
11  -4
12  6
12  4
13  1
13  0
12  3
12  1
12  -1
14  1
12  3
12  2
12  5
11  -4
12  3
13  1
14  5
13  -5
13  -6
13  -3
12  6
13  -6
14  3
12  0
13  2
13  -3
13  -6
13  -6
13  -4
14  6
13  -4
12  5
14  7
14  2
13  -1
12  7
13  0
13  2
14  8
11  -1
13  -1
13  -4
15  6
12  4
12  6
13  1
13  -6
12  5
13  -2
12  7
13  1
13  1
12  2
13  0
11  -2
12  2
11  -3
13  1
11  -2
15  10
11  4
12  4
11  2
13  -2
14  5
12  2
15  4
15  5
11  2
10  10
13  -6
12  6
12  1
13  0
12  0
14  6
15  11
12  1
13  1
13  2
12  2
12  3
11  0
13  0
15  9
12  7
12  3
12  6
12  0
11  -2
12  2
13  -4
12  5
13  0
13  2
13  -6
13  0
