12  0
14  -6
12  2
9  1
13  -3
14  -2
12  1
12  3
14  -3
11  7
11  7
13  -2
13  1
15  -3
13  -2
12  0
14  -2
13  -3
16  5
10  -7
9  2
13  0
11  3
12  1
15  -4
15  -5
12  -3
13  -5
11  3
14  -6
13  -3
15  0
14  -4
10  -3
14  -7
10  -5
16  3
15  -4
15  1
13  -4
10  -2
11  5
14  -4
9  2
13  1
15  -2
13  0
10  -5
10  -2
13  -5
16  1
8  -1
10  -7
15  -4
11  2
12  3
14  -1
14  -5
17  0
11  6
11  6
11  5
10  -2
12  -3
14  -5
12  -1
12  3
13  1
13  -2
15  -1
11  1
14  -1
12  -2
13  -3
10  -2
11  3
13  -1
13  -3
11  2
12  2
14  -4
11  5
14  -2
12  -3
11  1
13  1
11  5
13  1
11  6
12  3
13  -5
14  -7
14  -1
13  1
11  3
12  3
13  0
12  3
13  -1
11  7
10  -1
12  1
10  -7
13  0
13  0
12  2
13  -3
14  -6
13  -1
9  0
13  0
13  -4
10  -5
13  -2
14  -7
12  -1
12  3
12  0
14  -7
13  -1
13  -2
11  5
10  -3
16  2
12  0
10  -4
13  0
14  -7
10  -6
14  -3
10  -5
13  1
12  -1
12  3
15  -5
13  1
13  -3
15  1
14  -2
11  3
11  6
12  0
13  0
13  -3
12  3
8  -5
11  1
10  -5
14  -7
13  1
14  -7
12  -1
12  1
9  3
11  3
16  0
14  -3
12  1
15  -3
12  -2
10  -3
14  -3
11  2
13  0
10  -1
12  -3
13  -2
14  -1
13  -1
13  -3
14  -7
12  3
13  1
12  -2
14  -4
15  -3
11  1
15  -2
10  -1
16  4
13  -4
13  -5
13  -2
15  -2
11  2
12  3
14  -2
11  3
13  1
13  -4
13  -5
11  4
8  -4
13  0
13  1
13  0
12  -3
12  -3
14  -1
14  -4
12  1
12  2
13  0
12  -2
11  3
11  4
14  -7
10  -3
10  -4
10  -7
10  -4
10  -7
12  3
13  -4
11  6
15  -2
10  -1
10  -4
14  -3
13  -4
10  -7
12  -2
11  5
14  -4
13  -2
12  -1
13  -1
14  -3
13  1
14  -5
10  -5
12  0
15  -2
14  -5
11  3
14  -6
8  1
13  -2
13  -4
12  -3
13  -3
15  -2
10  -3
9  5
10  -3
9  2
12  -2
11  2
8  1
13  0
11  4
11  6
10  -3
14  -1
8  -3
13  -5
12  2
13  -1
14  -4
12  1
12  -3
13  -1
12  0
9  4
12  -1
11  4
13  1
12  2
11  3
10  -2
11  1
14  -2
13  0
9  -1
12  3
13  -3
10  -3
13  -1
11  2
13  1
11  2
12  3
10  -7
10  -2
12  0
13  -1
12  1
14  -2
12  1
12  1
11  4
12  -3
11  6
10  -5
12  -1
14  -1
13  1
12  0
12  3
12  3
12  -1
14  -5
13  -1
11  7
12  -3
13  -3
9  1
14  -5
14  -7
14  -5
14  -2
13  -5
10  -1
9  0
13  0
12  1
12  1
11  6
12  0
12  -1
9  0
14  -7
13  0
14  -6
14  -1
12  -2
12  -2
11  4
12  3
8  0
13  0
14  -6
11  1
16  0
11  2
11  7
12  -2
12  -2
10  -4
13  1
13  -4
11  2
11  4
13  1
16  2
13  -3
12  2
12  -1
11  7
14  -7
14  -3
14  -6
9  5
11  1
13  -5
12  2
14  -3
14  -7
9  3
15  -5
12  -2
13  -5
15  -3
11  4
13  -2
11  3
8  1
7  -4
14  -1
13  -2
13  -1
12  -1
13  -3
14  -6
10  -5
11  1
13  -1
11  4
14  -6
12  0
11  3
11  6
10  -7
10  -3
12  3
10  -4
8  -5
15  0
14  -6
13  -4
14  -3
13  -3
11  7
10  -4
13  1
13  -2
12  1
12  1
11  6
13  -3
13  -1
11  7
11  5
11  6
13  -5
11  5
13  -4
13  0
14  -7
12  -1
13  0
15  -2
12  -2
14  -4
13  -1
11  4
10  -3
10  -4
12  -2
13  0
13  -4
14  -5
12  -2
13  -4
10  -2
11  4
13  0
12  1
9  2
14  -6
12  3
12  2
12  3
16  1
12  1
15  -3
13  -5
13  -4
10  -2
8  0
12  -2
12  -1
14  -5
11  4
11  7
12  2
10  -5
10  -3
11  5
9  2
13  -3
10  -2
9  1
11  6
10  -3
9  0
10  -3
12  0
11  1
12  1
12  1
10  -2
11  4
13  -2
11  5
13  -2
13  -5
12  3
12  0
13  0
11  7
14  -5
13  -5
13  -4
14  -6
10  -5
13  -4
11  5
10  -1
12  -2
11  7
10  -1
10  -2
16  -1
13  -1
12  2
13  -1
10  -6
15  1
14  -1
10  -4
11  3
12  2
9  5
12  -1
16  3
15  -2
11  5
12  3
14  -3
12  2
7  -8
13  1
10  -4
11  2
12  1
11  3
12  1
13  0
14  -2
11  6
10  -7
13  -1
12  3
12  1
13  -4
12  2
13  -5
14  -5
14  -3
11  6
12  -2
12  -1
12  2
11  7
10  -7
13  -4
13  -4
10  -6
10  -2
12  3
12  2
11  6
13  1
13  -5
10  -3
12  -3
14  -7
14  -1
11  6
13  0
10  -4
12  2
9  0
10  -2
13  -5
12  1
14  -1
11  1
11  1
13  -2
14  -7
11  5
12  -2
15  -5
12  0
11  5
16  1
12  3
15  -3
12  1
11  6
13  1
14  -7
12  0
16  2
15  -2
12  3
14  -2
12  1
12  -3
13  -1
9  2
9  5
11  3
12  -3
12  3
9  -1
14  -7
16  4
14  -5
10  -3
14  -2
14  -2
10  -3
12  2
14  -1
13  0
13  -5
10  -7
13  -2
12  1
9  1
15  -4
10  -7
13  1
10  -6
11  6
13  -3
12  1
9  5
11  2
15  1
12  -2
10  -7
13  -4
15  -5
13  -3
12  0
12  3
9  0
15  0
15  -4
9  3
13  -1
12  1
12  -3
15  -4
15  1
12  0
12  -1
10  -6
13  -1
11  7
14  -2
12  -2
12  -1
13  0
12  0
13  -2
12  -3
13  0
11  6
12  -2
11  5
11  5
11  3
11  2
12  3
13  -2
14  -6
10  -2
15  -5
11  1
11  5
9  0
16  3
14  -4
13  -3
13  0
11  7
15  -5
17  4
14  -4
10  -7
12  2
16  0
12  -3
12  -1
12  0
9  -1
13  0
14  -2
12  -2
14  -3
12  -2
12  2
11  7
14  -1
11  4
12  2
15  -5
11  7
12  0
13  1
11  1
13  -4
11  7
12  2
13  -2
11  6
14  -6
10  -6
12  -3
13  -3
10  -6
10  -3
7  -4
13  -2
12  2
10  -1
11  3
11  5
11  1
12  -2
13  -3
12  1
9  3
12  3
12  0
11  2
15  1
12  -2
13  -3
10  -3
14  -1
14  -2
12  1
10  -2
14  -7
12  -3
13  -1
13  1
17  3
12  1
13  -3
9  2
12  2
13  -2
13  -5
13  0
17  0
13  1
10  -3
12  -3
14  -7
12  -1
11  3
11  3
14  -3
12  -1
14  -5
13  -5
13  -2
12  3
14  -6
12  -1
10  -7
13  -1
10  -4
13  -1
12  1
14  -1
13  -5
12  -1
13  -1
9  4
12  3
12  3
9  2
11  3
12  3
14  -3
12  2
13  -4
12  -3
12  -1
16  1
12  2
13  -3
15  -5
10  -4
12  0
13  -5
8  -3
11  2
12  -2
11  1
10  -1
15  -1
14  -5
14  -5
11  7
13  -1
15  -4
12  -3
15  -4
11  4
14  -4
11  6
13  1
11  6
8  -2
11  5
11  5
13  -2
16  0
10  -2
11  4
14  -4
16  -1
12  3
14  -1
13  -4
12  3
14  -4
11  4
15  -3
11  1
15  -4
12  1
10  -5
14  -1
13  -4
12  2
12  3
14  -7
12  1
13  -4
13  -3
11  4
12  2
13  -3
11  1
10  -2
12  -2
12  0
11  2
12  1
8  -2
10  -5
14  -4
12  2
13  -2
13  1
17  6
14  -6
13  -4
11  7
11  7
13  -2
11  2
12  2
10  -5
13  1
10  -3
12  3
10  -3
11  1
14  -5
15  -5
12  0
11  7
11  7
13  -1
9  -1
15  -4
11  7
16  0
13  0
14  -1
13  -5
13  -5
10  -4
13  1
11  5
12  3
11  7
11  3
15  1
13  -3
8  -5
11  4
11  4
13  -4
13  -5
11  3
14  -4
14  -6
9  1
10  -3
11  7
14  -2
11  1
12  -2
12  0
11  1
14  -1
12  1
12  -2
11  4
13  -1
14  -3
10  -4
16  3
13  -2
10  -6
13  -5
11  5
15  -1
11  5
13  -3
14  -5
11  2
11  5
15  0
15  -2
12  -3
12  -1
9  -1
12  2
12  3
12  0
11  3
12  -1
10  -3
11  2
11  5
13  -2
13  1
13  0
9  1
13  -2
10  -7
9  4
12  1
12  0
13  -3
14  -4
11  6
14  -7
9  0
13  -2
10  -5
14  -6
12  2
13  -4
10  -2
12  -2
9  -1
12  -2
14  -6
13  1
11  4
12  1
11  6
13  -4
12  -3
14  -6
14  -2
11  6
12  -2
13  -5
12  3
11  5
13  -5
10  -3
12  3
11  6
14  -7
15  0
14  -6
10  -4
15  -2
11  5
13  0
12  -1
13  -2
12  0
13  -2
13  -5
11  6
9  0
14  -5
12  0
12  -2
15  -4
12  -3
14  -4
13  0
14  -2
9  4
13  -5
15  -5
17  0
10  -5
9  4
12  0
13  -1
12  -2
11  5
13  1
14  -1
11  5
12  0
7  -8
12  -1
15  -5
13  1
14  -1
14  -1
11  7
15  -1
12  -1
11  1
12  0
12  -1
15  -2
13  -2
15  -2
