5  -6
3  5
2  5
3  4
3  4
3  3
3  5
4  1
3  4
4  -1
4  -1
2  6
3  5
2  5
4  1
3  3
3  4
3  3
4  0
2  7
4  0
0  6
1  -1
2  5
3  5
4  0
3  5
3  4
2  7
3  4
3  4
2  7
3  4
3  3
1  -1
3  5
4  0
3  5
2  5
2  5
3  5
2  5
5  -5
2  5
3  4
3  4
2  5
3  5
2  7
4  1
2  7
1  -1
5  -6
3  4
2  6
1  0
2  5
5  -7
2  6
2  6
4  0
1  0
2  7
1  1
2  7
3  4
3  3
2  6
2  7
3  3
0  4
3  3
4  0
1  -1
4  -1
3  3
2  5
3  3
3  3
3  4
3  5
2  6
2  5
3  3
3  3
1  1
2  6
3  4
3  5
4  1
3  4
4  -1
4  1
3  4
4  -1
2  6
3  3
3  4
2  5
3  3
1  1
1  -1
1  0
3  4
4  0
5  -5
2  7
2  7
1  -1
5  -7
3  3
2  6
2  7
3  5
4  0
1  0
2  6
2  6
3  5
3  4
4  -1
3  5
3  3
5  -6
2  6
3  3
4  1
4  1
2  6
1  1
2  6
4  1
3  3
4  0
2  7
3  5
3  4
3  3
2  7
4  -1
1  -1
3  4
3  3
2  7
4  0
4  -1
3  4
0  4
2  7
4  0
2  7
3  4
2  7
1  1
5  -6
4  1
3  5
5  -7
3  4
3  3
1  -1
4  0
3  3
4  -1
3  5
2  5
3  3
2  6
4  0
2  7
4  1
4  -1
2  5
2  5
3  5
4  0
3  5
3  3
2  6
1  -1
2  5
6  4
4  -1
3  4
3  3
6  3
3  5
4  1
4  0
4  0
2  6
3  3
2  6
4  -1
3  3
2  5
2  6
5  -7
4  0
3  3
2  7
3  3
3  4
3  5
3  4
4  0
4  1
1  -1
2  5
3  3
4  -1
4  1
3  3
4  0
2  6
5  -6
5  -7
1  1
4  1
4  -1
1  0
2  6
2  7
4  0
3  5
4  -1
4  -1
3  5
4  1
1  -1
3  3
2  5
1  1
5  -5
3  4
3  5
3  3
2  6
3  3
3  3
3  4
0  6
2  6
1  0
1  -1
3  4
2  5
1  -1
2  5
2  7
3  5
4  1
3  5
2  5
4  -1
3  4
1  0
0  5
4  -1
3  3
4  1
4  1
4  1
2  6
2  6
2  6
5  -7
2  6
4  -1
2  5
4  1
4  1
1  -1
4  0
3  4
2  6
5  -7
2  6
5  -6
3  5
1  0
1  1
4  -1
2  6
3  4
2  5
2  7
2  7
2  7
2  5
3  3
4  -1
2  5
3  5
3  4
2  6
4  0
5  -5
3  3
3  4
3  5
1  0
3  5
2  5
3  4
4  1
4  -1
2  6
2  5
3  3
3  5
2  7
3  5
3  3
3  3
3  5
2  5
3  4
2  5
2  7
2  5
2  7
2  7
4  1
2  7
4  1
3  3
2  6
2  7
1  -1
2  5
3  5
3  3
3  4
2  6
4  1
1  0
2  6
3  5
3  3
2  7
4  -1
2  6
3  3
3  3
5  -7
2  5
3  3
2  6
0  6
2  5
2  7
4  0
3  3
5  -7
2  7
4  1
1  -1
2  7
2  6
3  4
2  6
2  5
3  3
1  0
4  0
4  0
3  3
4  -1
4  0
3  5
3  4
2  5
3  5
2  5
4  1
3  4
3  3
2  5
4  0
4  1
1  1
2  7
1  1
3  4
4  0
5  -7
0  6
2  6
0  5
2  5
3  5
3  4
3  3
1  1
5  -7
3  3
4  1
2  7
3  4
2  5
3  5
3  3
3  4
3  5
4  -1
2  6
4  0
4  -1
4  -1
4  1
3  4
1  -1
1  0
0  5
2  6
2  6
1  -1
1  0
2  5
2  7
4  0
2  6
3  3
2  5
5  -7
5  -7
3  3
3  4
6  4
2  5
3  3
3  5
3  3
3  4
3  4
2  5
3  4
4  0
1  1
1  -1
1  -1
2  5
4  -1
4  -1
3  4
2  7
5  -6
4  -1
3  3
2  6
3  3
3  4
3  3
3  5
2  5
2  6
2  6
3  3
4  0
1  1
2  6
2  5
4  -1
1  0
1  1
2  6
1  -1
4  1
2  5
2  7
1  1
2  6
2  7
3  3
3  5
3  4
2  7
3  3
1  0
3  3
5  -7
3  5
2  5
1  1
4  1
2  5
1  1
3  3
3  4
2  6
4  1
5  -6
2  5
3  5
3  3
3  5
2  5
3  3
3  3
4  1
2  5
1  1
3  3
3  4
3  5
3  3
2  6
4  1
1  -1
4  1
4  -1
2  7
3  5
1  0
4  -1
3  5
3  4
2  5
4  0
2  5
1  0
2  7
2  6
3  3
3  4
4  1
2  5
3  4
3  5
4  1
2  6
3  5
1  0
5  -7
1  0
4  1
3  3
2  7
2  7
3  3
2  7
3  3
3  3
3  3
2  6
5  -6
3  3
3  4
3  3
4  0
1  0
4  0
1  0
3  3
3  3
2  5
2  7
2  7
2  7
3  5
3  5
3  3
3  3
2  5
3  4
5  -5
1  0
1  0
2  5
4  -1
2  5
5  -5
4  1
3  5
4  0
2  5
3  5
2  5
3  4
2  5
3  3
4  1
3  5
3  4
2  6
2  6
2  6
1  0
2  6
4  -1
5  -5
3  4
2  6
4  0
3  3
4  0
2  6
2  7
5  -6
3  5
3  3
2  7
4  -1
3  3
3  4
3  3
4  1
1  -1
2  7
6  4
4  -1
5  -6
3  4
1  1
4  -1
3  4
4  -1
2  6
1  1
2  5
3  3
5  -6
2  6
3  4
2  5
4  -1
2  7
3  5
5  -5
4  1
3  4
3  4
2  5
3  4
4  0
3  5
3  4
3  4
1  1
1  0
2  5
2  5
3  3
3  3
4  0
3  5
3  3
3  4
2  7
4  -1
2  7
2  6
5  -6
1  -1
3  3
2  7
0  4
3  3
1  -1
5  -5
3  3
3  4
3  5
2  5
3  5
2  7
2  6
4  0
6  4
3  3
2  7
3  5
4  0
3  3
3  5
3  5
2  6
1  1
3  3
3  4
2  7
2  5
4  -1
3  5
2  7
3  3
4  0
2  6
2  6
2  6
3  3
4  -1
3  3
3  5
3  4
2  6
3  5
3  4
1  1
3  4
4  0
2  5
2  5
3  5
3  4
3  4
3  5
1  -1
4  0
3  5
2  7
3  3
2  6
4  1
2  6
4  0
5  -6
3  5
1  0
3  5
3  3
2  6
3  3
3  3
3  4
4  1
3  3
3  5
4  1
4  0
3  4
1  0
2  5
5  -7
3  5
2  6
2  6
3  5
2  7
0  6
4  1
2  6
3  5
4  0
2  6
3  5
2  5
3  3
3  3
2  5
4  0
1  1
1  0
4  1
3  3
5  -7
4  0
3  3
4  1
4  1
3  3
3  4
3  4
5  -7
5  -7
3  4
2  5
1  1
3  5
2  5
3  4
2  7
4  0
3  4
2  7
0  4
2  6
3  4
3  3
2  6
3  3
3  5
2  6
4  -1
2  5
3  4
4  1
2  6
4  0
4  -1
4  0
3  5
3  5
3  5
1  1
3  3
2  7
2  6
3  4
1  0
4  1
2  5
4  0
4  -1
3  3
3  5
1  1
3  4
5  -5
1  0
5  -6
3  3
3  5
1  -1
4  1
1  0
1  1
5  -6
3  4
3  5
5  -7
4  1
3  3
2  7
2  6
4  0
3  3
1  1
4  -1
2  7
3  4
4  -1
2  7
3  4
2  7
3  3
2  6
2  6
2  6
1  -1
3  3
2  5
3  3
5  -5
3  3
2  6
4  0
3  4
4  0
1  -1
5  -6
4  -1
5  -7
3  3
4  0
3  3
1  0
3  3
4  1
4  1
3  5
3  5
2  5
3  5
3  5
4  1
3  5
2  7
2  5
3  4
4  1
2  6
2  7
2  6
1  -1
2  6
2  7
2  5
3  3
4  0
4  0
3  3
4  0
3  3
1  1
4  -1
4  -1
2  7
4  -1
1  -1
3  4
3  5
3  3
2  6
0  6
3  3
1  0
1  0
3  3
0  6
3  3
3  4
3  5
3  5
4  1
3  5
5  -6
3  5
6  4
3  5
3  3
4  0
4  1
1  1
3  3
2  5
4  -1
4  0
3  4
2  5
2  5
5  -7
2  7
4  0
3  5
1  0
2  6
3  4
2  7
3  4
1  0
0  6
5  -6
3  3
3  4
4  0
3  3
3  5
3  4
5  -6
1  1
3  3
2  7
4  0
4  0
3  5
5  -5
2  7
1  -1
3  3
4  1
4  0
5  -6
3  4
2  5
2  7
2  5
4  -1
2  6
3  5
3  5
2  5
2  5
3  5
4  1
1  0
1  -1
5  -5
5  -7
3  3
3  4
1  1
5  -7
5  -7
3  3
3  3
3  3
3  4
2  7
3  4
2  5
4  1
2  5
3  5
2  6
4  -1
2  5
2  5
5  -6
3  5
4  -1
4  1
4  1
3  3
4  1
2  7
2  6
2  7
4  1
