11  -1
15  -4
10  0
11  0
13  4
10  -2
13  2
10  -5
11  -2
11  2
15  0
13  5
12  -10
12  -10
11  1
12  -7
12  -11
12  -11
8  -1
10  3
11  4
10  3
10  -5
13  -1
12  -6
12  -4
11  0
14  8
12  -8
11  4
11  1
12  -11
13  -3
10  -1
11  -2
11  3
9  0
11  -1
11  -1
11  0
9  -1
11  3
12  -11
13  -2
11  4
11  1
13  5
11  -3
13  -1
11  -4
12  -11
11  -3
9  3
12  -6
11  1
13  -1
12  -6
12  -6
12  -11
14  10
13  2
12  -4
11  -4
9  0
10  -1
14  2
12  -3
12  -11
15  2
12  -3
10  2
12  -8
14  3
14  5
12  -10
10  -2
10  0
13  -1
12  -6
13  1
12  -6
12  -9
12  -11
12  -6
12  -6
10  -1
12  -8
11  -2
11  0
12  -7
13  -3
14  5
11  -1
11  3
12  -3
12  -7
9  3
11  0
13  -3
13  -3
13  5
13  -1
11  3
10  -2
12  -7
13  3
12  -7
9  1
10  -5
11  -2
12  -5
11  2
11  4
12  -4
13  -3
13  0
10  -2
11  1
12  -9
10  -3
13  -1
12  -11
13  0
11  -3
12  -7
12  -7
9  5
10  -1
12  -3
12  -10
11  2
12  -3
13  5
12  -9
13  0
9  1
11  -3
10  0
12  -5
9  5
9  6
12  -9
14  7
11  2
12  -7
12  -7
13  0
11  -2
11  0
9  -2
13  3
11  0
14  5
12  -10
11  3
13  -1
11  3
11  0
10  3
11  4
11  1
13  3
11  -1
12  -4
14  5
10  -5
9  4
13  1
10  -2
11  -1
9  5
13  0
12  -10
11  -3
9  4
12  -9
11  -2
12  -4
12  -3
12  -3
9  5
13  -2
13  -1
10  -5
13  3
12  -11
10  -1
9  5
13  4
11  3
12  -11
10  -5
14  7
11  2
12  -4
14  3
10  2
14  8
10  -3
15  -4
12  -5
12  -3
10  -5
10  2
13  1
13  -1
12  -6
11  2
11  0
12  -6
11  -3
11  0
12  -11
12  -8
12  -4
11  2
11  1
11  -1
11  -2
10  0
11  -1
12  -11
12  -11
10  1
10  -4
12  -3
13  1
11  3
10  2
10  -2
14  4
10  3
15  -5
12  -5
10  0
9  4
11  -3
13  1
12  -3
10  -5
12  -5
11  0
11  -1
13  4
11  -2
9  -2
10  1
12  -8
9  -1
10  -3
10  -1
10  -2
12  -8
13  -3
9  6
14  9
11  -4
12  -7
13  -2
13  2
13  3
12  -4
10  -1
10  -5
9  -2
12  -7
12  -3
8  -2
10  2
13  -2
13  5
9  1
12  -9
11  -4
12  -7
14  9
13  5
12  -8
12  -10
9  0
13  3
13  -2
12  -11
12  -9
11  4
11  -2
11  2
8  -6
11  -1
10  -3
10  -4
9  -2
11  -3
12  -4
10  1
10  -3
12  -9
13  2
12  -5
11  -1
12  -7
10  0
11  4
13  2
11  -1
10  -2
12  -11
11  -2
10  -4
11  -1
11  3
15  3
12  -5
13  5
12  -11
9  3
13  1
12  -11
14  7
12  -3
13  -3
11  1
12  -10
8  -1
12  -5
11  -4
11  0
12  -6
10  -1
10  -1
12  -8
11  3
11  1
13  -3
9  5
11  3
12  -6
11  -2
12  -6
8  -1
12  -6
11  -4
10  -2
15  -5
10  -2
12  -8
13  0
10  -3
11  3
13  -1
12  -11
10  -1
10  -4
8  -6
12  -5
12  -3
13  4
13  0
9  6
12  -4
11  4
12  -10
14  3
9  3
13  1
12  -4
12  -9
10  2
11  0
9  5
13  -1
13  2
11  -2
12  -6
10  3
11  2
11  -1
12  -9
12  -9
10  3
14  5
11  4
13  -2
14  6
10  -1
12  -7
13  2
11  1
11  -1
13  -2
11  -3
10  0
10  1
11  -4
14  6
12  -4
12  -6
14  5
11  4
12  -8
11  0
12  -8
11  3
11  4
13  5
11  -4
9  1
13  1
10  -1
9  6
12  -4
11  1
11  1
12  -4
11  3
14  10
11  1
10  -4
10  -4
10  -4
9  1
10  -1
10  2
11  4
12  -3
11  -1
15  -1
10  -3
12  -8
12  -11
9  4
12  -6
12  -10
12  -8
10  -3
11  4
10  -5
11  2
13  -3
12  -11
11  4
13  2
13  2
10  -3
10  3
11  -1
11  4
12  -5
10  -5
12  -6
11  -1
12  -9
12  -6
12  -5
13  -3
13  1
14  4
13  0
12  -8
12  -3
13  -1
10  -5
11  -4
13  3
10  -1
10  2
11  0
10  -5
13  5
14  3
12  -11
7  -1
9  5
10  -1
12  -5
10  -3
12  -4
13  3
13  4
12  -4
13  -2
10  -4
13  5
11  4
11  -1
12  -3
11  1
10  2
13  3
11  -4
10  -4
12  -3
11  2
14  8
11  4
12  -11
10  3
11  -2
11  4
8  -2
12  -4
12  -8
10  0
11  0
12  -3
10  -3
10  0
10  2
11  -4
13  1
11  -4
12  -8
13  2
10  0
11  -1
11  -3
11  1
11  4
13  4
11  -4
12  -6
11  -2
10  2
13  2
11  -1
11  -1
11  3
11  4
10  0
11  0
12  -9
11  3
11  -1
10  -5
9  4
11  3
12  -7
9  -1
12  -9
13  -2
12  -10
8  -6
11  2
10  1
11  -4
10  -1
9  2
11  1
12  -9
14  5
11  -4
12  -9
12  -5
11  3
13  3
11  0
10  -5
10  -2
11  0
11  -2
12  -9
14  8
14  8
10  -2
13  5
12  -9
12  -9
12  -5
12  -4
11  1
12  -4
10  3
11  2
9  3
10  -4
13  -1
11  -2
11  -1
14  7
9  5
11  -2
10  3
10  -2
12  -5
9  3
9  6
11  2
11  -4
11  4
13  3
12  -3
12  -4
12  -8
12  -4
12  -7
13  0
10  3
9  4
12  -3
11  -2
14  9
11  4
12  -9
14  7
12  -10
9  6
11  0
10  -3
11  2
12  -7
13  0
12  -4
12  -10
10  0
12  -3
10  2
12  -8
12  -3
13  5
14  8
11  0
12  -4
11  -2
10  2
11  -3
12  -3
11  -4
13  3
11  3
14  3
11  2
12  -3
11  0
12  -10
12  -10
12  -5
11  3
13  -1
12  -10
11  2
11  4
11  2
10  -3
12  -5
12  -7
9  -2
12  -3
10  -3
13  2
13  0
12  -7
12  -5
12  -11
13  4
13  -2
12  -7
11  2
12  -5
11  -2
11  0
13  1
13  0
12  -9
10  -5
11  -3
12  -11
14  9
12  -6
13  -2
11  2
10  -5
11  -4
11  0
12  -9
13  5
10  2
12  -6
11  0
12  -9
12  -9
10  -1
10  3
14  7
11  -1
9  4
10  1
10  1
11  -2
13  -3
10  -1
12  -11
12  -8
13  -1
13  -3
12  -8
12  -3
11  -3
9  1
11  1
11  1
12  -9
12  -6
11  0
10  0
15  -4
13  2
13  3
11  0
12  -3
10  -3
12  -11
13  -1
11  -4
11  4
11  3
10  3
9  0
11  -1
11  4
15  3
11  2
11  -1
10  -2
11  3
11  0
10  3
12  -5
12  -8
10  0
10  -4
11  4
10  1
14  6
9  4
12  -3
12  -8
10  -5
10  1
9  2
10  1
12  -10
12  -11
11  -3
12  -9
12  -7
11  -3
11  1
13  -3
13  3
12  -3
11  -1
14  8
10  -3
8  0
12  -7
12  -6
9  2
10  -1
13  4
13  -2
10  -3
12  -9
10  -4
11  -3
10  1
13  -2
11  1
9  0
12  -5
10  2
13  -1
11  3
11  4
12  -5
13  3
12  -11
10  -1
9  1
12  -10
14  10
13  -2
13  -1
12  -4
10  -4
12  -9
11  -2
13  -3
11  -3
11  -4
9  6
11  -1
13  4
13  5
12  -5
11  -2
9  6
12  -3
11  3
11  2
12  -9
12  -10
7  1
12  -5
13  0
13  0
13  -1
11  -1
10  2
10  2
14  8
10  3
8  -6
13  -2
12  -11
11  -1
11  0
11  -4
12  -7
13  2
10  1
12  -9
10  2
10  0
13  -2
12  -3
11  -4
11  4
12  -8
9  -2
13  5
12  -3
10  -2
11  0
11  -2
11  -3
12  -7
13  -1
12  -5
9  5
13  5
11  2
12  -6
10  1
13  -1
11  -1
12  -4
10  0
10  -5
13  0
13  3
13  -3
12  -11
11  -2
12  -10
14  10
9  5
10  -3
12  -3
13  0
13  1
13  -3
12  -8
11  2
12  -7
12  -6
13  2
11  -2
12  -10
14  7
11  1
12  -4
11  3
11  3
11  -1
14  6
12  -4
12  -6
10  -3
11  -3
10  1
10  3
10  -2
11  -2
14  7
10  -5
12  -4
12  -8
13  1
11  -4
13  1
15  1
8  -3
10  1
11  0
10  -5
12  -8
11  3
9  3
12  -11
10  -1
12  -7
11  1
11  -3
12  -3
13  5
12  -7
11  0
13  2
12  -6
9  -2
11  -1
10  -3
12  -7
10  -3
13  3
13  -1
11  0
16  8
12  -4
10  3
10  0
11  2
10  -3
10  0
13  3
13  -3
13  -1
12  -7
11  -2
11  1
12  -6
11  3
9  1
12  -10
10  0
13  5
10  -4
12  -9
12  -3
10  2
11  3
10  -3
14  6
12  -7
12  -7
14  10
10  1
13  -3
10  -3
13  2
13  5
13  -3
11  -1
10  3
12  -6
14  4
12  -11
10  2
10  -5
9  -1
11  -1
12  -4
12  -11
12  -3
10  3
10  -3
8  -3
9  1
13  3
10  1
10  -1
12  -7
11  -4
10  -5
12  -3
11  -3
12  -9
11  -4
10  -5
11  -2
10  3
13  5
12  -8
11  -3
12  -11
11  0
12  -5
12  -9
12  -9
12  -6
12  -9
11  -3
13  -2
13  1
13  -1
12  -3
13  0
12  -11
12  -9
12  -6
