10  -7
9  8
10  -7
10  -6
11  2
10  -3
11  7
10  -7
9  -3
9  9
10  -2
11  7
10  4
10  4
9  0
11  3
10  -4
9  5
10  0
9  1
9  1
9  -1
10  -2
10  -4
10  2
10  0
10  1
9  9
11  7
10  -7
10  1
10  2
10  -3
11  2
11  4
10  -1
9  -2
10  4
9  3
9  1
10  -5
10  -3
9  8
9  0
10  0
11  5
10  -7
10  -7
9  -2
9  9
9  2
10  -7
9  8
10  1
9  9
10  -7
10  0
10  2
9  6
10  1
9  4
9  4
10  -4
10  -3
9  5
9  -2
10  -1
9  -1
11  4
10  -5
10  -3
9  2
10  0
10  1
10  -7
9  -3
10  4
10  -3
10  0
9  9
9  4
10  -2
10  0
9  -3
10  -4
11  8
10  -6
10  3
10  3
10  -6
9  6
10  -4
11  6
9  9
9  5
10  2
10  1
10  -2
11  5
10  -4
10  -2
10  -1
11  1
9  9
10  -3
10  -5
10  4
10  3
9  -1
10  -3
11  3
9  8
11  5
10  1
9  1
9  2
9  -1
11  0
11  3
9  -2
10  -5
11  1
10  -7
10  2
9  5
10  -6
10  -1
10  5
10  4
10  -7
10  -5
9  -2
10  -3
10  5
10  1
10  -1
10  -6
10  3
10  -5
9  -1
10  -1
9  8
11  5
9  5
9  -3
9  2
9  1
10  -7
10  -4
9  6
10  -5
9  5
10  -7
11  8
9  4
11  0
10  -5
9  6
10  -5
10  -1
10  -1
10  -2
10  -5
9  5
10  -6
10  -1
11  0
10  2
10  -2
10  -4
9  7
10  5
10  0
9  5
9  4
11  5
10  4
10  0
9  -1
9  3
10  3
10  -7
9  5
9  7
9  6
11  6
9  0
10  -3
9  -1
9  5
11  -1
10  3
10  -2
10  -4
10  -2
10  -5
10  -4
10  5
9  0
10  4
11  -2
9  7
10  5
11  4
10  -5
10  -3
9  0
10  -6
9  9
9  5
9  7
9  0
9  9
11  5
10  2
11  2
9  4
10  3
10  0
10  -7
10  -2
11  4
11  6
11  5
10  -5
9  -3
10  -6
9  -1
10  -3
9  -2
11  -2
9  6
10  -6
9  8
10  1
9  4
10  1
10  4
10  -2
9  9
9  1
9  1
9  4
9  8
10  2
9  4
10  1
11  7
9  6
10  -2
10  -5
9  4
11  3
10  0
11  10
10  1
9  0
10  -3
9  -3
9  9
10  5
9  -3
10  4
9  8
11  10
11  9
10  -6
9  0
10  -2
10  -7
9  7
10  -5
9  3
10  -4
10  -1
9  -1
10  5
10  2
9  -3
10  2
9  -2
9  3
10  -2
11  8
9  0
9  1
9  3
9  7
9  -2
11  2
10  -5
10  2
9  0
10  -1
10  3
9  2
9  -2
11  4
10  1
9  -2
10  4
9  5
10  5
9  3
10  -7
10  -6
10  1
9  0
10  -7
10  -6
10  -7
10  -7
10  -1
10  3
10  3
10  1
10  3
10  3
9  5
9  1
11  10
10  1
9  -2
10  -7
9  3
9  3
10  3
10  -2
10  -7
10  0
10  5
9  4
10  -4
9  2
10  1
9  9
10  -3
9  -2
10  -5
10  0
10  -5
11  7
9  4
9  -3
10  1
10  0
9  3
11  7
9  9
9  7
10  1
9  3
10  -6
10  4
10  -3
11  5
9  2
9  2
10  3
10  -6
10  -6
10  -2
9  -3
10  -7
9  4
11  6
10  -7
11  4
10  -2
11  5
11  10
10  0
9  7
10  5
9  3
9  4
10  4
9  4
9  1
10  0
11  10
10  -4
11  2
10  -7
9  4
11  -1
11  1
11  0
9  2
9  0
9  7
10  -6
10  5
10  -2
10  -6
9  4
10  4
10  3
10  -7
9  0
10  5
9  7
10  4
9  -2
9  -1
9  2
10  2
9  7
9  8
9  5
10  -6
10  5
10  4
10  3
11  7
10  -4
9  3
11  0
10  3
10  -4
10  0
10  1
9  3
9  3
9  9
11  3
9  8
10  -6
11  7
10  -5
11  -1
10  -6
10  3
10  -5
10  -4
9  6
10  3
10  1
10  -4
9  -2
10  -6
10  0
9  6
10  -5
9  0
11  9
9  -1
10  -7
10  -7
10  -2
11  10
10  -7
10  5
10  -5
10  -5
11  2
10  -3
10  -5
10  -5
10  -1
10  -4
10  -7
11  -1
9  2
10  2
10  -5
9  -3
10  3
9  -2
10  1
9  0
10  -5
10  -7
10  -2
10  2
9  7
9  1
9  4
11  4
10  4
11  6
10  1
10  2
10  -7
9  1
10  2
10  5
10  0
11  3
10  0
11  9
10  3
11  5
10  -2
10  -1
10  -2
10  -6
10  0
9  1
9  4
10  -1
9  -2
11  9
10  4
9  6
10  -3
10  1
10  -2
9  4
10  -7
9  -3
10  -5
9  4
9  8
10  -5
10  0
10  1
10  -7
10  1
9  6
10  -2
10  -1
9  5
9  1
9  4
9  -1
11  6
10  0
11  2
10  2
10  -6
9  3
10  -3
10  5
9  6
10  -3
10  2
9  9
10  4
10  1
10  -1
10  5
11  3
10  3
10  -3
11  6
10  3
11  0
10  2
10  0
9  1
10  -3
10  -2
9  1
10  -5
10  2
10  -6
11  3
10  0
10  0
10  -4
11  3
9  0
9  8
10  -6
9  2
10  4
10  5
9  2
10  -1
10  5
9  2
10  -3
11  5
10  -2
9  2
10  0
9  1
10  -7
10  4
10  -7
10  2
10  -6
10  -7
11  2
9  5
11  8
10  -5
10  -1
10  -1
10  -2
10  -3
10  -5
10  5
10  -6
9  -3
11  4
9  3
9  3
9  -2
10  5
9  4
9  0
10  -3
10  -7
10  -1
9  6
10  -1
10  -2
10  -3
9  0
9  8
9  8
9  -2
9  8
10  -2
9  1
10  5
10  -4
9  7
9  4
10  1
10  0
10  4
9  9
10  -6
9  9
9  9
10  4
10  2
10  -5
10  -4
11  10
11  -1
11  -1
10  -2
10  -6
10  0
10  2
10  3
10  -3
9  0
10  0
9  5
11  9
10  -2
9  -2
10  -4
9  -2
10  -1
11  10
10  3
11  10
10  -6
10  3
10  -5
9  7
9  8
10  5
9  7
9  -3
11  1
9  -3
10  -7
10  -3
9  -3
10  -2
9  5
10  -3
10  3
9  -3
10  2
11  3
10  -2
10  -7
10  -5
9  9
10  -2
10  2
10  2
9  5
10  -7
9  4
10  0
10  2
9  5
9  -3
10  -5
9  9
10  -1
10  -7
9  8
9  8
9  5
9  4
10  -2
11  4
9  8
9  6
9  6
9  -3
10  3
10  -4
9  5
10  1
9  9
9  7
9  1
10  3
9  1
9  9
11  4
10  5
9  9
10  -3
10  5
10  5
9  4
10  1
9  1
11  10
10  -1
10  -2
10  -1
9  4
10  2
11  3
11  -1
9  -2
10  -6
10  -2
9  6
9  -3
10  -7
9  -2
10  3
10  1
9  -3
10  5
10  4
11  5
11  6
10  -6
10  -2
9  -1
10  3
9  8
9  4
10  2
10  2
9  6
9  2
10  -3
11  5
9  7
10  2
9  -3
9  3
9  -1
9  0
10  -3
10  -6
9  1
9  0
10  3
9  5
10  3
10  -2
11  1
11  4
10  -7
10  -1
9  -3
10  0
9  8
9  5
9  0
10  5
10  -4
10  -7
10  1
10  -3
10  -4
9  9
10  3
9  3
9  9
10  4
11  6
9  1
10  -4
10  -4
9  3
10  -7
9  3
9  2
11  6
10  3
10  -6
10  -5
9  1
9  0
9  3
9  5
9  5
10  -3
10  0
10  3
10  -3
10  -5
9  7
10  2
10  -2
9  1
10  -4
9  -3
10  -4
11  -1
9  -1
11  2
10  -6
10  -4
10  -1
10  -6
10  4
10  5
9  7
9  0
10  -3
9  1
10  -2
10  4
10  -2
10  -3
9  -1
10  4
9  0
10  -1
9  -1
10  5
9  7
9  7
9  4
11  -1
10  -1
9  7
10  4
11  3
9  7
9  6
9  -2
9  -1
9  1
9  2
9  2
9  7
11  6
10  5
10  -4
11  1
10  -5
10  -3
10  -2
10  5
10  -7
10  5
10  1
10  -2
9  5
10  -7
10  -1
9  4
11  9
10  -4
11  7
10  3
9  1
9  5
9  1
11  3
9  2
9  3
11  5
11  -1
10  -1
9  3
10  5
11  10
10  1
11  10
10  4
10  -3
10  4
9  0
10  3
10  3
10  1
10  1
10  3
9  7
11  7
10  -6
10  -6
10  1
9  2
9  -1
9  9
9  9
9  3
10  4
11  9
9  0
9  2
10  -1
11  -2
9  7
11  1
10  -7
9  -3
10  3
10  -7
10  -3
11  -1
10  -7
10  0
10  4
9  7
10  3
10  -4
10  -5
9  7
10  3
9  0
11  8
10  -2
11  -2
9  0
10  4
9  -2
9  8
10  5
9  1
10  -4
9  9
9  9
10  -7
10  5
10  0
10  -1
10  5
11  6
10  -6
9  2
10  0
10  -1
10  -3
10  1
11  5
11  3
10  -6
11  2
11  3
10  0
9  2
9  -3
11  -1
10  -1
9  0
10  -2
10  -7
9  1
11  9
9  2
10  1
9  9
11  -1
9  2
11  9
10  5
11  -2
10  4
9  -1
10  -5
10  -6
10  -5
9  4
10  -6
9  8
10  2
10  0
9  2
9  4
9  7
10  2
11  5
10  5
10  -4
10  -1
10  -4
11  10
