9  4
10  7
9  4
11  4
10  9
10  6
15  -7
10  5
11  3
13  -4
12  9
11  6
11  5
9  1
10  7
11  5
9  1
10  5
7  4
9  2
10  8
10  7
13  -4
12  6
5  4
10  6
13  -2
13  -2
11  4
10  7
13  -3
10  7
7  4
13  -4
12  5
12  9
14  -6
9  3
11  6
10  9
8  4
8  0
11  3
8  3
13  -3
12  6
10  6
9  4
9  2
14  -7
12  7
8  4
10  5
11  3
9  3
8  1
11  3
13  -3
13  -4
11  4
12  6
13  -3
10  8
11  4
12  7
12  9
8  0
13  -1
10  5
7  6
10  8
12  6
10  5
14  -5
8  0
8  1
11  5
8  1
12  6
10  5
10  5
9  2
12  5
10  8
11  3
10  5
9  3
12  9
13  -3
8  2
9  1
12  6
16  5
12  6
12  7
11  3
10  8
10  6
12  6
9  1
9  3
8  2
10  7
8  1
11  2
11  4
11  3
12  6
12  7
12  8
10  8
11  4
10  8
11  5
9  1
9  4
11  2
12  9
12  8
13  -4
12  8
13  -2
9  4
10  5
12  9
9  5
12  6
12  8
11  4
9  1
11  4
11  4
13  -1
11  6
10  9
7  5
7  7
8  4
10  6
14  -7
11  2
9  5
9  4
13  -2
12  6
12  9
11  4
8  1
13  -3
10  5
11  5
9  5
10  8
15  -7
14  -6
12  8
11  6
9  3
12  9
11  4
9  3
12  7
11  6
11  2
12  9
13  0
12  5
11  6
9  2
9  5
10  7
11  6
10  8
12  9
14  -6
8  3
7  7
10  9
12  9
8  3
12  7
12  5
6  6
7  4
11  5
11  2
10  5
11  5
12  6
12  5
9  5
13  -1
11  6
10  6
12  6
10  6
8  2
12  6
8  1
8  2
12  8
11  5
12  8
10  7
6  5
11  4
9  2
10  5
12  6
10  9
9  4
9  2
11  6
9  2
12  5
12  8
8  3
13  0
9  5
10  6
10  8
13  0
14  -6
14  -7
10  8
13  -1
10  9
11  2
8  2
11  6
10  8
10  8
15  -9
9  5
11  4
10  7
13  -1
11  3
10  5
10  9
14  -6
10  6
10  6
9  3
10  9
10  7
9  2
12  6
10  5
8  4
9  4
10  9
13  -3
10  9
11  2
9  5
8  3
7  4
10  7
11  6
9  3
7  4
11  5
12  5
13  0
12  9
11  4
12  5
11  2
10  5
12  7
9  4
10  5
11  2
11  3
12  6
11  4
10  5
9  2
13  -3
9  5
9  4
11  3
11  4
9  5
10  9
10  5
10  6
11  3
9  3
11  4
13  -4
8  4
9  5
11  6
9  3
11  6
7  8
10  6
10  7
8  3
10  6
11  5
9  3
11  3
12  7
9  3
10  9
11  3
11  5
11  2
10  7
11  4
10  7
14  -3
10  5
10  9
8  2
11  5
9  5
9  4
11  3
9  4
11  5
9  2
9  1
8  1
11  4
8  2
12  5
13  0
8  3
11  4
10  7
13  -4
12  9
14  -6
12  9
11  5
11  3
13  -4
7  6
10  9
12  5
12  5
13  -2
10  6
8  1
13  -3
12  8
7  5
12  9
11  2
8  3
11  4
8  4
11  3
12  9
10  8
11  4
11  5
13  0
9  5
10  5
11  3
11  2
12  9
12  5
10  9
12  9
8  0
10  9
11  6
11  3
12  6
10  9
12  8
7  7
12  7
13  -3
12  8
10  5
10  6
9  4
8  3
11  5
12  8
12  6
11  5
8  0
11  2
13  0
13  -4
14  -5
13  -2
12  9
10  5
12  7
8  2
9  4
14  -7
10  9
10  9
12  5
9  5
10  5
11  3
9  4
11  5
10  5
12  8
12  7
13  -2
11  3
10  9
11  5
10  6
13  -4
9  3
10  8
11  3
14  -4
9  3
9  2
9  3
12  8
9  4
9  4
8  1
11  6
9  2
11  4
12  9
13  0
12  9
14  -5
9  5
11  5
9  2
9  5
11  6
12  9
8  2
9  1
11  4
13  -3
9  5
13  -4
10  8
12  9
7  5
11  6
10  7
10  6
11  2
11  4
10  6
11  4
12  9
14  -7
11  4
10  8
9  4
7  5
8  4
11  2
8  4
11  3
13  -4
11  5
13  -3
10  7
9  5
11  3
9  2
13  -4
12  5
9  5
10  8
9  5
12  6
10  6
8  2
6  6
11  6
11  5
11  3
10  5
11  5
8  3
13  -2
6  8
8  0
9  5
10  5
11  2
11  2
10  7
9  2
10  7
9  5
12  6
11  5
13  -4
9  3
10  7
12  7
9  1
9  4
12  7
12  5
13  -4
11  2
10  6
8  4
12  7
13  -2
9  3
8  2
10  5
9  5
9  1
10  8
11  5
12  5
13  -2
13  0
9  5
9  4
8  4
13  -4
10  9
15  -8
11  4
8  4
11  5
13  -4
12  8
11  6
13  -4
9  3
8  4
9  1
11  6
12  9
10  6
10  8
11  6
10  5
13  0
10  9
9  2
13  -2
9  2
13  -1
12  9
10  9
11  5
11  5
11  3
12  9
10  9
9  2
9  5
10  8
9  4
11  6
8  3
12  9
12  5
13  0
10  6
9  5
11  3
12  9
8  0
12  5
9  5
8  3
10  6
12  9
12  5
13  -3
10  5
7  7
9  1
14  -5
13  -4
10  8
11  2
13  -4
9  3
8  4
8  3
10  6
10  6
11  3
10  9
12  7
13  0
11  2
10  5
11  4
8  0
10  5
9  5
9  2
11  5
9  3
10  9
10  6
10  5
9  1
12  6
13  0
11  3
11  4
13  -1
11  4
11  3
11  6
9  3
11  2
12  9
11  2
11  2
7  4
14  -6
10  7
11  2
9  5
12  5
6  7
12  5
13  0
10  7
10  5
11  6
9  3
11  2
12  6
13  -4
11  2
7  5
12  8
9  2
10  7
11  5
13  -4
9  5
7  5
8  2
13  -4
11  5
12  9
9  5
9  5
10  9
13  -2
11  2
13  0
6  9
11  3
10  6
12  8
10  8
13  -4
9  4
14  -6
12  7
9  5
11  6
9  4
10  6
9  5
15  -9
11  4
10  7
7  7
12  8
13  0
10  7
11  3
10  9
9  2
8  2
11  5
12  5
12  6
9  1
11  3
11  4
11  6
11  4
14  -7
12  9
10  8
13  -3
8  1
8  3
13  -1
13  -2
11  6
9  4
12  6
14  -4
11  4
12  7
13  -4
14  -5
8  4
10  7
9  3
15  -5
8  2
10  5
9  1
11  6
10  6
9  2
8  0
9  2
10  9
12  9
9  4
11  3
10  6
9  2
11  4
7  4
12  9
10  9
10  9
10  6
11  3
8  0
13  0
10  9
8  1
10  8
8  0
11  5
12  6
10  8
9  3
10  8
11  2
12  7
9  4
6  6
7  4
13  -2
13  -1
11  2
9  2
8  0
12  8
9  2
9  1
10  5
12  5
14  -7
10  5
8  3
8  3
11  5
11  3
11  3
11  3
7  6
10  7
11  4
10  8
13  -1
9  1
7  7
14  -4
7  8
9  2
9  4
10  8
8  1
12  9
12  5
11  4
8  1
10  7
11  2
14  -6
10  8
10  6
13  0
12  7
12  5
12  6
13  -3
11  3
14  -6
10  9
8  4
10  7
9  4
7  6
12  7
10  8
8  4
8  2
8  2
11  5
11  4
10  5
11  3
10  5
12  7
11  4
10  5
9  3
10  9
10  5
9  4
10  5
14  -3
12  5
9  2
14  -6
11  2
8  1
9  5
10  6
9  5
11  6
10  9
9  5
11  4
11  6
12  5
11  3
12  9
10  6
13  -4
11  3
11  6
12  8
11  3
11  2
13  0
11  3
11  5
11  6
9  4
12  7
12  8
8  3
10  7
12  9
11  3
14  -7
12  7
12  8
6  7
13  -2
10  8
9  2
12  7
10  9
11  2
9  1
11  5
10  9
11  6
10  9
9  5
8  0
8  0
10  8
7  8
12  6
10  5
8  3
13  -2
11  2
11  6
10  9
14  -6
10  7
11  2
10  9
11  2
12  7
13  0
11  5
11  5
16  1
12  9
12  8
10  9
13  -2
12  8
12  6
11  3
12  9
12  5
12  7
11  3
10  5
13  -2
8  0
12  6
12  9
12  6
10  8
12  6
11  3
9  3
8  4
9  1
8  4
10  7
9  5
9  3
7  5
10  8
12  9
13  -4
7  7
11  4
12  6
7  5
8  3
9  5
12  9
10  5
13  -2
11  5
9  4
9  2
12  9
14  -7
9  2
10  8
9  3
9  5
14  -3
10  5
9  4
9  5
9  2
13  -2
11  5
10  7
8  1
7  4
10  7
12  7
10  7
11  5
10  7
12  7
12  7
9  3
9  2
9  4
10  7
13  0
10  6
10  7
8  3
12  5
9  5
13  0
12  7
12  7
11  4
12  8
11  2
13  -2
13  -4
9  1
10  5
13  -3
11  6
13  0
12  6
9  3
13  -1
10  9
13  -4
8  3
10  6
9  5
11  5
12  5
11  5
10  7
7  6
14  -3
10  7
11  4
12  5
11  5
