7  9
5  4
5  6
6  -4
7  8
6  -7
5  7
5  5
5  8
6  -11
5  9
7  3
7  5
5  8
7  9
5  11
6  -7
6  -10
6  -7
7  6
5  11
6  -11
5  9
7  7
4  0
5  11
6  -4
4  5
7  4
5  3
4  5
4  1
6  -9
7  9
7  9
4  -1
5  9
6  -9
7  5
6  -7
6  -4
6  -8
5  6
6  -3
5  10
6  -10
6  -8
4  -3
6  -11
4  -3
5  3
7  8
6  -9
7  6
5  5
5  9
7  4
5  7
7  6
6  -4
6  -4
4  0
5  3
4  -2
5  9
7  10
7  9
7  8
6  -5
7  7
7  9
5  9
6  -3
5  10
5  4
5  6
4  -3
6  -10
6  -4
5  3
6  -6
7  8
5  7
6  -3
6  -9
5  5
7  6
4  1
6  -6
7  8
6  -4
5  8
5  11
6  -11
7  7
6  -4
4  4
6  -4
7  4
5  6
6  -8
5  7
6  -5
6  -4
5  5
4  -3
6  -3
5  7
6  -8
5  9
4  5
6  -8
6  -4
4  -1
5  6
5  9
5  8
5  7
6  -6
6  -9
4  -2
4  0
5  3
7  3
7  10
5  8
6  -11
4  2
7  10
5  8
4  4
6  -3
6  -9
6  -7
6  -4
6  -8
6  -10
7  2
5  11
6  -8
4  -2
7  6
4  5
5  3
5  7
6  -3
6  -5
6  -9
5  5
5  10
7  8
7  2
6  -11
7  2
6  -4
4  -1
6  -8
7  3
5  4
7  4
6  -9
4  -3
5  3
7  6
5  6
6  -11
4  3
7  6
5  11
6  -4
7  8
6  -8
6  -7
6  -9
5  10
6  -9
7  2
6  -8
5  6
3  4
5  7
5  11
6  -4
5  3
4  5
6  -10
6  -3
5  9
6  -5
4  -3
7  2
6  -6
6  -11
5  6
6  -9
6  -11
6  -10
5  5
3  0
4  3
7  2
7  4
6  -4
6  -8
4  -1
5  9
6  -9
7  4
5  5
5  6
5  6
6  -10
6  -5
4  -2
5  6
6  -11
6  -3
5  10
7  10
4  3
6  -6
5  8
7  2
5  7
6  -4
7  4
7  4
4  -3
6  -8
6  -7
6  -9
5  9
5  8
6  -4
5  5
4  3
5  6
6  -9
7  3
5  3
5  7
5  9
4  4
5  8
4  -3
4  5
4  1
6  -8
6  -10
4  2
6  -11
5  11
5  9
4  1
7  5
5  5
6  -5
5  6
4  -3
5  10
7  5
5  8
6  -4
5  11
5  11
5  10
6  -10
7  5
5  7
6  -3
5  3
6  -4
5  11
7  9
5  9
6  -5
6  -5
4  3
5  5
6  -11
5  8
7  10
5  3
6  -6
4  -1
5  11
6  -7
5  9
6  -7
4  3
5  9
5  6
5  6
4  1
7  9
6  -7
6  -9
6  -8
5  8
5  11
6  -9
7  8
5  5
5  10
5  4
6  -6
5  5
6  -11
6  -8
5  6
5  4
6  -9
3  7
4  -1
4  -1
7  5
7  9
7  3
6  -6
7  3
5  11
6  -3
5  7
6  -5
6  -3
6  -5
6  -10
6  -9
6  -6
5  8
6  -5
6  -9
4  4
6  -5
5  11
7  8
6  -3
6  -11
5  8
7  2
6  -4
6  -3
6  -7
7  3
5  7
5  11
5  11
5  9
5  3
6  -11
6  -8
5  11
6  -10
6  -10
5  4
6  -10
5  10
7  8
6  -11
5  10
5  4
5  6
6  -7
7  3
7  7
6  -11
5  9
6  -6
7  2
7  2
5  11
5  11
5  11
5  6
7  5
4  5
6  -4
6  -3
5  3
5  7
6  -11
6  -3
7  10
5  4
7  9
6  -3
6  -4
5  6
7  6
4  -3
5  7
7  8
6  -9
5  4
6  -5
6  -8
6  -3
6  -3
4  -2
5  10
4  5
4  2
6  -7
6  -8
7  6
5  6
5  6
6  -8
6  -6
5  10
7  6
4  4
6  -4
4  -1
7  5
7  4
6  -3
7  5
4  -1
4  5
4  -3
6  -4
7  6
6  -11
7  3
6  -9
6  -11
4  2
6  -4
5  10
5  10
4  -1
4  -2
7  5
5  8
6  -11
4  3
5  6
7  4
6  -8
3  3
7  4
5  3
5  6
6  -8
7  2
6  -10
4  2
5  4
4  -2
6  -7
6  -6
5  7
6  -9
4  2
5  8
7  7
3  -1
7  6
6  -11
4  -1
5  3
5  6
3  1
7  4
7  10
6  -9
6  -4
7  3
7  10
6  -7
5  4
6  -4
4  5
6  -5
5  5
5  3
4  -1
6  -4
6  -10
5  10
6  -10
6  -4
5  3
6  -8
4  5
7  9
6  -8
5  3
6  -7
3  5
7  2
5  9
4  4
3  7
5  8
5  10
4  4
5  11
6  -6
6  -3
4  -3
6  -9
6  -7
5  4
7  8
3  5
6  -9
4  1
6  -5
6  -3
5  6
5  3
7  4
4  -3
5  5
5  6
7  9
6  -10
4  4
5  10
5  10
4  0
6  -8
4  -3
4  5
4  4
5  10
4  3
5  10
3  4
6  -3
5  9
5  4
7  6
7  4
5  11
4  0
6  -7
6  -6
6  -6
7  3
7  3
6  -11
7  4
5  10
6  -7
5  5
6  -11
5  6
7  3
5  11
3  6
5  10
7  2
6  -6
6  -10
6  -4
6  -6
5  6
6  -10
7  8
6  -8
7  10
6  -7
6  -4
5  3
7  7
5  9
5  3
3  -1
4  4
6  -8
6  -9
6  -5
5  8
6  -7
6  -10
6  -10
6  -8
6  -7
6  -6
7  6
6  -9
6  -9
7  9
6  -11
7  7
5  10
5  9
6  -5
6  -7
6  -6
5  5
6  -9
5  3
7  9
5  8
4  0
7  3
7  3
5  5
5  6
4  -3
6  -4
5  3
6  -7
6  -4
7  10
6  -9
6  -8
6  -8
5  10
7  8
5  4
4  -3
6  -7
6  -3
6  -6
7  10
6  -9
6  -4
6  -9
6  -5
5  7
7  2
5  6
5  10
6  -4
5  11
7  9
6  -7
6  -3
5  8
4  -2
5  10
7  8
7  5
7  6
6  -4
4  5
4  5
5  9
5  4
6  -4
5  6
6  -6
7  9
6  -7
6  -7
5  7
6  -7
5  6
6  -8
4  -3
6  -8
4  5
6  -11
7  3
6  -10
4  1
6  -10
6  -6
5  11
6  -7
6  -6
7  9
5  10
7  5
6  -11
5  3
5  3
6  -10
6  -4
6  -7
6  -8
6  -8
5  7
7  7
7  5
7  10
7  4
5  3
4  4
5  7
5  10
5  10
5  9
5  5
5  11
6  -5
5  7
7  10
6  -8
5  3
6  -4
6  -10
6  -9
6  -4
5  11
7  5
6  -8
6  -3
5  3
6  -11
5  7
7  8
4  3
6  -9
4  0
5  5
5  9
3  6
5  7
6  -5
5  8
6  -9
5  10
6  -8
7  4
6  -7
6  -4
6  -8
5  8
6  -9
5  3
5  10
4  -2
7  2
4  5
6  -10
6  -8
6  -7
7  5
6  -6
7  8
6  -5
5  9
5  3
5  6
5  5
5  8
5  10
6  -4
7  6
6  -11
6  -3
5  11
5  10
4  3
5  9
5  9
6  -4
4  -1
6  -5
5  9
6  -3
6  -5
7  6
7  3
5  7
6  -9
5  7
7  2
5  8
4  2
6  -5
7  8
5  10
3  3
6  -7
4  5
7  3
6  -4
5  3
5  4
5  7
5  3
5  8
5  10
6  -5
4  -2
5  3
5  7
6  -6
7  3
5  9
6  -10
7  10
4  -3
5  11
5  10
5  6
6  -3
5  9
4  4
5  3
6  -11
7  5
6  -8
3  1
3  3
6  -5
4  4
7  5
3  3
6  -7
5  8
6  -8
7  10
7  7
5  10
5  9
5  6
4  5
7  5
5  10
6  -9
6  -9
5  6
5  4
6  -5
4  3
5  3
5  3
5  3
7  9
6  -9
5  9
6  -6
5  10
7  8
5  8
6  -5
6  -8
7  5
4  1
6  -3
7  2
6  -3
6  -4
6  -7
6  -3
7  9
7  3
7  9
7  5
6  -6
4  1
6  -10
5  7
7  3
7  7
4  -2
7  7
4  -2
3  -1
4  5
6  -10
4  -1
7  4
5  6
7  5
6  -9
7  8
6  -11
6  -11
5  10
7  7
4  -1
3  6
6  -3
6  -9
6  -7
2  4
6  -7
6  -3
7  3
7  8
5  10
6  -9
6  -3
6  -10
5  4
4  -2
5  7
6  -6
6  -4
6  -3
7  8
6  -5
4  -3
7  10
5  10
3  5
6  -7
6  -4
5  5
5  3
7  10
5  7
4  -3
5  3
6  -6
6  -11
6  -8
7  8
4  1
6  -11
6  -5
7  3
5  7
7  8
5  3
5  6
6  -4
7  5
5  3
6  -7
4  -2
6  -10
5  8
6  -5
5  11
6  -8
6  -4
5  8
7  3
5  6
6  -8
5  5
7  4
5  6
6  -4
6  -5
5  5
5  8
6  -4
6  -7
6  -9
6  -5
5  4
5  11
6  -8
5  11
4  3
5  5
7  3
7  8
6  -7
7  2
5  9
6  -4
6  -10
5  6
6  -3
4  0
7  7
5  7
4  2
5  3
6  -8
7  7
6  -3
6  -7
4  0
7  9
5  11
7  8
6  -8
5  7
7  7
4  3
7  6
7  8
6  -3
4  -2
6  -6
5  8
4  0
7  4
5  8
5  7
5  5
6  -3
6  -8
6  -11
4  -2
5  10
6  -8
6  -6
5  9
5  6
4  1
6  -6
7  4
7  5
6  -10
6  -8
6  -6
