16  2
18  11
20  2
18  9
19  1
20  4
18  5
19  -5
17  12
19  2
16  2
17  4
19  -5
15  7
20  0
16  5
16  -1
14  9
19  -3
19  -5
18  11
18  8
20  9
17  12
16  0
21  7
20  12
17  5
20  4
18  1
19  -3
18  8
17  8
22  -6
18  10
15  -2
16  5
17  8
15  0
16  -1
17  1
19  -5
15  9
18  12
17  0
20  8
17  4
20  11
16  6
19  1
21  2
17  2
16  -8
19  0
19  2
17  4
18  11
16  0
19  2
16  -2
19  6
17  3
22  5
18  8
19  7
17  12
15  6
16  -7
15  0
18  9
20  10
16  -5
14  13
19  -7
18  2
19  -7
15  10
17  1
17  -1
17  5
18  11
17  13
18  5
18  12
19  6
18  1
19  4
16  1
17  9
18  11
17  9
19  6
16  5
20  9
17  4
14  1
18  9
17  2
19  6
16  -8
16  6
16  1
19  2
19  -5
17  10
18  13
15  -1
20  5
18  9
20  2
18  5
15  0
16  0
17  6
20  -1
20  0
17  2
17  6
19  0
18  10
20  7
19  0
16  2
15  8
19  -6
16  1
19  -6
16  -7
18  4
19  2
20  5
17  -1
19  -1
20  13
21  2
16  2
19  -4
17  0
19  -1
16  -2
16  -3
16  1
17  8
18  2
19  -6
16  -3
15  10
19  5
14  1
18  10
20  3
16  -6
15  -3
15  8
18  2
15  2
21  6
19  -2
17  12
16  -5
18  0
17  7
19  -1
20  3
16  -4
17  2
17  5
18  14
19  3
18  5
20  9
17  0
17  2
19  -2
18  10
15  9
15  1
18  14
20  10
18  14
16  5
17  1
18  8
18  4
16  0
19  3
18  14
15  -2
19  7
19  -6
19  2
19  7
14  6
19  7
17  7
18  0
16  0
15  4
16  -2
18  11
17  8
18  12
17  12
18  14
13  -5
18  2
18  7
15  10
19  7
17  -1
17  11
19  5
14  4
17  0
19  0
16  -6
19  -7
19  -1
17  1
16  -5
17  0
19  7
18  8
17  3
18  5
17  1
20  0
22  -1
20  10
20  11
16  5
19  2
19  2
20  5
17  3
18  3
16  -3
18  4
18  8
16  3
19  -2
15  -2
15  4
16  -8
20  11
17  11
17  10
18  6
19  -4
18  13
19  3
19  -2
18  3
18  1
21  7
17  11
17  3
19  -1
16  -7
17  5
15  1
16  6
17  12
20  -1
17  9
19  -6
17  12
17  -1
17  8
17  -1
17  3
17  7
16  -6
17  9
18  10
17  -1
19  1
18  8
17  12
17  0
18  4
19  4
17  3
20  0
18  13
16  3
18  1
20  9
19  1
19  6
15  -2
18  0
17  6
17  2
21  -4
18  2
18  12
17  11
16  -3
18  6
17  4
19  0
17  12
18  7
21  0
14  1
19  -3
16  4
19  -1
16  -5
18  8
16  -2
19  7
18  5
17  2
16  6
19  0
19  0
19  1
22  2
18  13
16  -8
17  1
18  11
17  2
15  0
19  -4
18  3
17  2
18  2
18  7
16  6
18  2
18  3
18  6
18  3
19  1
19  -7
17  13
19  1
15  -1
20  4
17  13
16  -4
20  -1
18  7
19  6
18  14
16  5
19  -2
19  2
19  -6
17  9
18  9
16  -2
18  11
21  5
17  10
18  10
18  14
18  9
18  12
17  9
18  1
16  -5
17  0
18  7
17  13
17  -1
17  12
16  -4
18  9
18  14
18  8
16  2
16  -6
16  -3
20  8
20  9
20  7
21  -1
19  4
15  11
15  -1
17  5
17  10
19  2
17  4
18  12
20  7
18  0
19  6
18  2
17  13
16  2
18  5
17  13
18  2
17  1
18  5
15  10
20  12
20  3
19  -7
16  -4
19  6
20  5
18  7
16  -4
18  10
19  1
17  13
18  1
18  9
18  9
17  2
18  3
18  6
15  2
17  7
20  3
14  2
17  1
17  10
18  0
19  0
16  -5
17  -1
16  -3
18  10
18  0
18  0
17  -1
19  3
13  -13
16  1
20  8
14  4
17  0
18  14
18  12
18  11
17  10
18  9
19  0
20  7
17  11
17  4
18  7
17  2
17  13
19  1
18  0
16  -2
19  5
16  -3
15  2
18  1
18  3
18  13
20  13
18  10
17  4
16  -8
18  10
16  -3
18  4
18  5
19  4
16  0
17  3
18  5
20  0
15  -1
21  6
19  -5
15  6
19  -2
18  10
14  3
19  -2
21  -6
18  12
15  2
16  -5
17  5
19  3
13  -4
18  3
17  8
19  4
20  6
18  8
17  -1
19  0
16  5
18  12
20  10
20  3
17  2
19  6
17  8
18  3
18  10
21  2
18  6
17  11
16  -4
18  2
18  7
18  11
20  3
16  -2
19  1
17  8
21  5
18  2
17  13
17  3
18  7
15  3
17  12
19  5
17  0
14  0
16  -7
16  4
17  7
19  6
18  12
16  -5
17  4
17  8
16  -2
18  2
19  -6
18  1
18  9
19  -2
20  6
16  3
20  8
17  6
18  14
19  2
16  4
17  0
20  2
17  5
16  -5
18  5
17  2
15  1
15  -1
18  10
18  4
18  12
16  2
19  -4
17  6
18  12
14  12
18  3
16  0
18  12
17  9
16  -8
17  7
16  0
17  10
18  8
18  9
19  6
18  3
15  -3
16  -4
18  4
19  -5
20  10
15  3
16  3
18  7
16  -1
19  6
15  7
18  12
17  -1
19  -5
17  3
17  5
21  -3
16  -3
17  6
15  11
19  -4
17  13
16  1
18  6
14  14
19  -7
18  10
19  5
19  6
17  6
17  4
16  1
20  5
17  4
17  9
16  2
18  14
16  -7
20  12
17  4
19  4
20  1
18  13
18  10
19  4
14  4
18  5
19  7
17  2
17  8
16  -4
19  0
17  3
19  0
14  6
16  2
17  4
16  -6
16  -8
20  3
18  8
18  2
20  7
18  6
14  8
15  0
18  4
19  2
18  5
19  2
18  13
19  -1
18  10
14  12
18  10
19  4
18  7
17  7
17  7
20  2
19  -7
19  5
17  12
16  -6
18  2
15  6
17  7
17  13
16  -3
17  2
17  7
19  -4
20  6
21  -2
19  7
19  -2
17  5
15  5
19  5
20  13
17  12
21  7
17  -1
19  7
15  9
19  3
18  7
19  -7
18  9
19  4
17  1
17  6
20  4
18  0
18  1
17  6
18  13
17  6
15  3
17  12
20  9
20  9
18  4
17  13
16  1
18  8
19  2
17  2
18  1
19  0
18  5
19  7
19  4
18  5
18  9
18  3
18  13
18  8
16  1
16  -7
19  7
15  3
16  4
16  -2
15  7
19  -7
18  4
17  10
17  10
20  9
16  -7
16  -3
15  0
17  1
20  6
17  8
16  6
16  0
15  4
18  14
17  3
15  6
18  10
19  -4
18  5
17  7
19  6
18  6
16  0
18  10
16  -4
18  14
17  12
19  -2
18  5
18  0
17  2
20  0
20  7
18  1
18  3
16  0
17  6
14  8
16  6
21  -3
15  1
18  14
15  5
19  2
18  8
18  2
19  -1
17  10
16  -8
18  12
16  2
17  8
18  5
16  1
19  2
18  12
19  2
17  8
18  7
19  -6
18  1
18  9
20  2
17  7
18  10
20  8
16  0
18  14
17  12
20  0
16  -8
17  10
15  8
21  -5
16  -4
19  1
18  3
17  5
20  12
18  11
16  5
16  -2
15  8
18  2
16  -6
17  8
18  0
20  0
20  -1
17  13
19  1
16  -4
15  -2
19  1
18  11
15  3
14  1
17  9
17  -1
17  12
19  0
14  9
18  10
16  -6
19  -3
18  9
19  5
19  -6
18  14
19  -5
17  3
17  7
19  -2
14  4
16  -8
17  5
17  8
15  5
17  -1
20  8
19  -6
21  4
18  11
18  3
17  4
18  12
19  4
18  2
18  8
18  5
15  9
16  1
18  6
21  5
19  1
18  4
14  8
20  12
16  -2
18  3
16  4
22  -4
20  13
15  9
19  -3
19  -7
18  9
16  -1
19  7
17  0
16  3
17  8
16  3
19  4
16  1
19  -6
17  6
18  12
17  13
16  -5
18  2
16  3
17  2
20  10
19  7
20  9
17  11
17  -1
21  -2
18  12
18  3
17  13
17  9
18  14
17  13
19  -1
18  11
18  5
18  13
20  10
17  0
21  1
16  3
17  3
18  14
16  2
19  1
15  9
18  1
18  3
17  1
19  3
15  3
19  0
18  5
18  1
16  -7
15  2
20  -1
18  6
17  7
22  -7
19  1
16  1
18  10
20  8
17  0
17  2
14  12
17  11
21  0
18  14
19  -6
19  7
14  8
22  0
21  -1
17  5
16  2
21  0
19  1
16  -6
16  -1
15  9
16  -1
19  -3
18  2
16  3
19  -7
18  7
20  12
18  3
16  5
16  6
18  9
18  8
20  7
18  8
17  13
20  3
17  7
21  2
19  -4
15  5
18  6
19  4
18  13
20  9
18  2
17  1
16  2
19  0
17  3
15  2
20  -1
16  5
18  10
16  3
17  11
17  2
20  2
20  9
18  8
17  9
16  5
21  -3
18  8
17  13
20  4
20  9
19  1
16  1
17  3
18  13
20  12
18  3
18  11
20  1
15  3
17  4
