9  -1
9  0
9  6
8  7
11  -2
10  4
7  2
8  7
11  5
10  0
8  3
8  3
12  1
11  5
13  7
9  7
12  -6
10  -1
10  3
10  -2
9  6
8  8
8  10
8  8
10  2
11  5
12  -6
10  -2
12  -3
11  -2
12  -5
11  3
11  -3
10  -1
10  1
11  -1
9  5
10  5
9  1
9  0
10  2
8  5
12  -4
11  5
11  5
9  2
10  5
13  -1
11  1
11  2
11  2
9  0
11  2
9  6
11  -1
10  4
11  -3
10  1
11  -1
11  -3
11  4
10  0
10  -1
10  3
9  -1
11  -3
8  10
11  4
9  5
12  -5
11  0
9  6
12  1
8  10
11  2
13  7
8  6
9  0
10  1
9  0
10  2
9  1
11  4
12  -2
10  6
11  4
8  8
9  5
10  6
11  5
10  6
10  3
8  6
10  6
10  3
15  -4
8  2
9  2
9  -1
9  2
10  -1
11  1
10  -1
10  2
11  4
11  5
10  5
9  2
11  -1
10  -1
11  4
9  6
8  3
11  4
10  4
10  3
11  -3
9  5
9  1
10  3
9  7
11  -1
8  8
9  2
10  5
9  4
9  -1
12  2
11  -2
9  0
9  -1
11  1
12  -3
10  5
11  5
11  -1
10  -2
11  5
10  1
11  -1
10  5
7  0
9  2
11  -3
11  2
11  0
11  3
12  -6
10  1
11  1
11  -1
9  0
10  2
10  -1
10  0
12  0
10  -1
10  0
10  6
9  -1
11  -2
9  2
12  -1
9  3
8  8
8  2
9  3
9  6
10  6
8  5
10  2
10  5
9  -1
10  4
10  0
11  4
13  0
13  6
11  2
10  5
10  1
11  0
9  6
11  5
9  6
11  3
7  7
9  3
11  2
7  8
9  6
8  5
12  -5
10  -2
13  4
10  4
12  -6
9  6
10  6
10  -2
8  7
11  -2
11  1
10  5
11  -2
9  7
11  1
10  4
9  3
9  4
13  5
9  7
11  1
11  2
9  0
10  -2
12  -5
9  7
11  -3
8  3
10  0
11  5
10  -2
11  1
11  3
11  2
12  0
8  7
9  5
11  -3
10  -2
10  -2
11  5
11  5
9  1
9  1
11  1
9  4
9  0
10  1
12  -6
9  3
11  5
10  1
9  0
8  7
10  4
11  0
11  4
10  3
9  0
9  -1
9  5
9  7
11  5
8  6
12  -5
11  -2
9  6
9  2
10  5
12  2
12  -2
8  10
12  -6
10  -1
8  8
9  1
10  3
11  3
13  4
10  3
10  -1
11  5
9  4
10  -2
10  2
11  -2
10  0
12  1
9  6
11  4
10  4
12  -3
11  -3
9  7
11  5
11  5
11  -2
11  5
10  0
10  5
11  -1
10  1
9  7
10  -1
11  -2
9  2
10  -2
9  0
12  -6
12  -3
10  1
10  3
11  -1
11  4
9  0
9  7
11  0
12  0
10  1
11  -1
11  1
11  1
10  -2
11  0
9  7
11  4
8  2
10  4
11  -1
12  0
12  -1
10  -1
10  0
14  2
9  4
10  2
10  1
10  -1
11  -3
9  0
9  6
9  2
7  2
12  1
10  5
9  2
10  -2
10  0
11  5
10  2
12  2
10  6
12  -5
9  7
13  0
11  0
10  2
9  0
8  5
9  6
9  -1
13  4
9  -1
8  4
11  3
9  4
10  4
8  3
10  3
11  0
10  0
10  -1
9  5
10  4
11  5
9  1
11  0
10  6
10  3
9  0
11  -3
10  0
8  9
11  4
11  1
10  -2
8  7
9  3
10  2
8  5
11  1
11  5
9  3
10  -2
12  2
11  -3
9  1
9  6
10  1
12  -3
10  5
11  1
8  2
12  -6
9  -1
11  3
10  2
10  -1
8  7
10  4
9  7
9  1
10  1
11  2
10  5
8  2
13  4
12  -4
11  -2
9  0
9  4
13  1
9  0
9  0
12  0
9  7
12  2
8  4
8  6
10  6
10  5
10  6
11  -2
10  -2
9  3
8  3
8  6
10  6
10  1
8  5
10  6
10  5
9  1
9  3
10  -1
10  3
11  1
11  3
13  2
9  0
11  3
9  6
9  7
9  6
8  4
10  6
11  1
10  -1
11  -2
8  10
12  0
11  2
10  -1
12  -6
10  0
7  4
8  3
10  -2
9  7
10  4
8  3
10  1
11  0
14  5
11  0
10  2
8  4
10  -1
10  5
9  1
11  -1
11  5
11  0
9  5
13  4
11  -3
8  6
11  -3
9  5
9  3
11  2
10  3
9  1
10  6
9  6
11  3
11  5
9  4
10  2
8  2
9  1
11  3
11  -3
10  -1
9  7
10  5
10  2
12  0
12  -4
10  -1
9  0
10  6
9  0
12  -4
7  7
8  3
11  -2
11  5
9  5
11  4
11  -1
12  0
12  -5
10  1
10  3
11  -3
10  -2
11  4
10  6
11  0
10  4
8  3
10  1
11  5
9  0
12  -5
9  5
8  10
10  3
12  -1
9  -1
10  4
11  -1
11  2
10  0
10  6
10  6
11  1
11  -3
11  2
12  -1
11  3
11  2
11  -2
9  -1
12  -4
11  1
11  3
10  5
11  5
11  -2
9  5
9  4
10  4
8  7
9  2
11  1
12  -4
9  7
10  -2
11  5
10  6
12  -5
13  4
10  0
10  -2
8  6
11  5
12  -2
9  7
11  5
9  4
9  -1
14  3
9  4
10  -2
10  -2
10  -1
11  -2
8  9
12  -6
10  6
13  3
10  3
9  -1
11  4
10  6
10  6
10  1
11  2
8  6
9  4
12  -1
10  1
8  3
12  -4
9  -1
13  2
10  -2
9  7
10  1
11  3
10  6
10  0
10  -2
9  -1
10  -1
11  0
10  5
10  1
11  -1
10  4
12  -6
10  -1
10  1
10  1
11  -1
12  2
10  5
11  -1
9  4
11  -2
10  0
10  2
11  -3
11  -2
8  4
11  3
9  6
11  4
10  2
11  2
9  7
12  -2
10  3
10  -1
9  5
11  -2
7  8
9  3
10  0
8  10
13  5
10  -1
8  8
11  2
10  6
9  5
11  -3
9  5
10  0
13  1
12  -4
11  3
8  9
10  0
9  4
9  1
10  0
11  -3
12  -6
11  -3
10  -2
11  2
10  4
11  4
12  -3
10  6
8  4
11  5
12  1
9  1
11  0
8  2
14  4
12  -4
11  3
12  -6
13  -1
11  3
11  2
10  1
10  -2
10  5
11  1
10  4
14  1
11  -2
11  3
11  5
10  3
10  -2
11  3
8  6
11  3
9  3
11  -2
13  6
9  6
10  -2
11  5
10  4
11  -3
10  6
9  -1
10  1
10  4
11  -1
10  -1
11  -3
9  0
11  -2
12  -6
9  6
9  5
10  0
12  -2
10  0
12  -6
11  5
10  -2
10  1
11  3
10  4
7  3
8  8
11  -3
12  1
9  2
11  -1
10  3
11  0
11  5
12  -3
9  2
11  0
11  0
11  3
11  2
7  5
9  5
10  -1
10  6
10  4
10  0
11  2
11  -1
9  2
10  4
10  5
11  -2
12  1
6  -1
10  -1
11  2
10  5
12  -2
11  0
9  6
12  0
11  4
9  -1
10  6
12  -1
9  7
9  -1
10  5
11  1
9  5
9  1
9  1
11  4
10  -2
9  7
11  0
9  -1
9  3
10  6
12  -1
9  -1
9  3
11  -1
11  5
10  0
10  3
11  3
7  7
11  3
8  5
11  5
12  -6
10  -1
11  4
10  -1
11  2
10  -2
12  2
11  -3
12  2
10  3
9  2
11  1
9  -1
12  1
11  3
10  1
8  10
9  6
10  0
10  -1
9  3
9  5
12  -3
10  6
12  -6
11  3
11  4
12  -2
10  4
8  2
12  -1
9  4
11  4
10  6
9  0
8  8
11  3
11  -2
11  -2
11  -3
12  1
10  -2
9  6
9  7
10  0
9  5
10  1
12  1
7  7
10  5
11  3
10  5
9  3
10  6
10  6
11  2
12  -2
11  -2
10  0
11  -2
9  5
12  -3
8  10
11  -3
11  2
7  8
10  0
11  5
10  4
10  4
9  -1
10  -2
9  4
10  -1
10  6
8  2
11  5
10  2
9  2
10  6
9  3
10  3
7  5
9  4
7  2
9  2
11  4
9  4
11  1
13  4
10  0
10  6
11  -2
12  -1
11  5
10  0
10  2
10  4
9  1
11  4
10  1
12  -3
11  3
8  2
9  1
10  2
9  3
12  1
10  6
8  7
10  -1
10  0
11  2
11  3
9  0
10  5
9  6
11  1
8  3
9  3
8  7
11  1
9  1
9  2
10  -2
10  -2
8  5
10  1
11  0
9  2
10  1
8  3
9  4
10  0
11  0
9  7
9  0
10  5
9  2
10  5
9  0
10  5
10  5
11  4
8  8
10  2
10  3
10  -1
10  -2
10  2
9  0
11  -3
12  -2
11  -1
10  4
10  4
12  -3
11  -2
11  2
9  3
11  5
7  3
10  4
9  0
13  4
10  -1
11  -3
9  1
8  2
10  3
10  5
11  -1
10  -1
9  4
9  3
10  4
10  4
12  -4
10  -2
12  -5
9  7
9  4
10  0
13  0
12  -1
10  2
7  2
10  6
9  5
11  5
12  2
12  -2
10  -1
11  5
7  8
11  0
10  6
9  7
12  -6
8  8
11  1
11  4
12  2
12  1
8  9
9  -1
9  -1
13  2
