14  -6
14  -6
13  3
13  -1
12  -1
14  -5
12  -2
13  -1
15  8
13  -3
12  -1
12  -5
14  -4
14  -3
13  5
14  -5
12  -5
12  1
13  -3
13  4
13  -3
13  0
12  -4
13  1
12  -5
13  0
14  -6
14  -2
14  -1
12  -5
13  -1
13  1
12  1
15  0
15  5
13  1
14  -5
15  5
14  0
14  2
13  -2
15  3
13  4
15  2
13  4
11  -8
14  0
12  2
15  7
11  -3
16  -2
14  -4
12  -2
14  -2
14  -3
15  1
13  5
13  4
15  3
14  -5
12  -5
14  -5
12  -5
14  -3
14  1
13  0
11  -9
15  8
13  4
14  -2
11  -9
15  0
15  2
14  -6
12  3
13  -2
14  -1
15  2
15  2
13  -2
14  -1
14  0
14  -3
13  2
14  -1
12  1
14  2
12  3
12  0
15  2
13  0
12  -1
13  5
14  -5
14  -1
13  -2
14  -2
14  1
14  -2
13  -2
13  -2
13  -3
12  1
14  -6
15  3
13  0
14  -2
14  0
13  -3
13  1
13  -3
13  1
14  -2
13  -2
12  2
13  -3
13  4
14  -4
15  6
15  8
13  1
13  -2
14  -1
12  -2
13  4
12  -5
15  4
14  -5
14  2
12  -2
14  -1
15  6
14  2
12  -5
12  0
15  0
13  -3
16  -10
14  1
14  -5
13  0
12  -1
14  -1
15  6
14  -6
14  -6
12  -5
14  2
12  -1
14  2
11  -7
14  1
15  7
16  -6
14  -2
15  6
13  4
14  -2
12  0
14  1
14  -2
14  -5
12  -2
14  1
15  0
12  1
13  1
14  -3
15  2
13  0
16  -4
15  2
15  3
15  2
13  -2
12  1
15  7
13  1
13  3
12  0
13  4
13  2
14  0
13  -2
13  -2
12  -4
13  0
16  -6
13  2
14  2
13  1
13  3
14  -1
13  -3
15  5
14  -6
12  -2
14  -6
12  -4
11  -8
13  1
13  4
14  -6
14  2
15  3
14  -2
14  -5
12  1
15  0
14  -2
14  -2
14  0
13  0
12  1
14  -5
12  1
13  4
14  -4
15  1
13  0
15  6
15  5
14  -1
13  -3
14  -1
13  -2
14  1
13  -1
13  -2
13  4
14  -4
13  4
13  4
14  0
13  0
13  -2
14  -4
13  3
14  -5
12  1
13  0
15  0
13  -1
14  -1
13  2
13  -3
14  -4
15  6
14  -2
14  -4
12  -5
13  5
13  2
13  2
16  -4
15  7
14  -1
12  1
13  -1
13  -3
13  -3
15  8
13  5
13  1
16  -6
15  3
14  -4
13  -3
14  1
15  4
15  7
13  0
14  -5
15  1
14  0
14  -5
13  4
13  -2
14  1
14  -3
13  -2
15  5
13  3
15  2
13  3
13  -1
15  0
13  -2
14  2
13  -2
12  -3
13  -1
15  3
14  -2
14  0
14  0
14  -4
13  4
15  4
13  5
12  2
13  -1
15  4
14  -6
15  0
14  -2
12  1
13  4
12  -2
14  1
14  1
12  0
13  -3
14  -3
13  4
15  5
13  4
13  1
14  -6
15  1
15  4
14  1
13  2
12  -2
13  4
13  -1
12  0
16  -9
14  0
16  -6
12  -5
13  2
12  -2
14  -4
14  -2
15  2
15  2
14  -5
13  -3
13  4
12  0
13  3
14  2
13  2
13  1
11  -10
16  -3
14  -5
16  -8
12  -2
14  -1
14  -1
15  7
13  -3
14  2
13  2
11  -5
13  -3
14  1
13  0
12  3
14  0
13  -1
14  0
15  7
14  1
14  -6
14  -3
12  1
15  5
11  -8
13  1
13  -1
14  -4
14  -6
16  -2
14  -5
13  1
16  -8
14  0
13  0
13  1
15  7
12  -1
12  1
14  1
15  0
15  4
14  -2
14  -1
14  -4
13  -2
15  7
14  1
13  3
15  4
13  4
13  -2
12  0
12  3
14  0
11  -9
14  -4
14  -1
15  1
14  2
15  6
14  -4
12  -5
11  -4
11  -10
14  2
14  -4
13  0
12  -1
14  -1
12  2
14  -5
14  -2
13  5
13  -2
14  0
15  6
14  -5
14  -6
14  -5
14  -1
14  -1
13  -1
13  4
13  -3
15  1
13  2
14  -6
13  2
13  -1
15  5
12  -1
14  -6
11  -9
14  0
15  2
14  -1
13  -1
13  5
12  -1
13  2
13  0
15  7
13  3
13  -2
12  -5
15  8
15  8
13  5
13  -2
12  -4
13  -3
13  2
15  6
14  2
16  -6
13  2
12  -2
12  -3
14  0
14  -3
11  -8
12  -2
14  -5
14  -6
13  -1
12  -2
12  -1
14  -5
15  0
13  5
16  -7
12  -5
15  5
13  4
12  -3
13  0
14  -2
13  0
15  8
13  5
14  -6
12  -1
15  0
14  -4
13  0
13  3
12  3
13  -1
14  -5
15  8
13  0
13  1
13  0
13  2
14  -5
14  -3
14  -1
14  1
13  2
12  -2
14  0
13  -1
13  -3
15  2
13  3
13  -3
15  1
14  0
12  -2
14  -4
12  0
13  2
12  2
14  -3
13  -3
13  5
13  2
15  0
14  1
13  3
16  -7
13  4
14  -5
14  2
14  2
14  0
13  -1
12  0
14  -4
13  -3
15  5
15  3
16  -2
15  0
12  -2
12  -5
14  -2
13  0
13  1
15  8
14  -4
14  1
13  3
14  2
15  3
15  4
12  1
15  0
14  1
15  8
16  -2
12  -5
14  0
14  -2
16  -2
13  -1
13  -1
13  4
12  0
12  -3
15  1
13  3
14  1
13  3
12  2
13  -1
13  -3
13  4
14  -2
14  -3
13  2
14  -4
15  1
15  0
14  -1
15  0
12  -5
13  2
15  4
13  -2
13  0
14  1
13  5
15  0
14  -3
13  -3
14  -3
14  -5
14  -5
15  0
16  -5
14  -3
14  -3
14  -2
12  0
13  4
14  -6
14  0
13  -3
12  2
13  1
13  2
16  -7
15  2
12  -4
13  3
15  2
15  4
12  -3
14  -3
12  3
14  -3
12  -3
13  0
14  -5
14  -5
12  -3
12  3
14  -4
14  1
13  4
12  3
15  3
12  3
13  -2
12  3
14  2
14  2
14  -6
12  -4
13  3
12  3
13  -1
16  -5
14  -6
13  -2
14  -3
14  -1
14  -1
14  -6
17  -3
14  -4
11  -4
16  -10
14  1
13  1
13  5
13  -2
13  -2
14  -5
14  -1
16  -7
13  -2
12  -1
13  4
13  2
12  -1
13  -3
14  -3
12  -4
14  -4
14  -1
15  6
12  0
12  0
15  8
12  -2
13  -3
14  -6
13  -2
13  5
13  -3
14  2
12  -5
13  1
14  -6
15  2
15  0
14  -2
14  -1
14  -5
12  -1
13  1
13  3
12  -4
13  3
14  -4
13  -3
14  -2
13  5
13  1
14  -2
13  -1
14  0
15  5
12  -1
13  2
14  -5
12  -5
13  0
14  2
12  1
13  2
14  -4
13  3
14  -5
15  0
13  2
15  5
14  -5
14  -1
12  -4
14  0
12  -2
15  4
12  -5
14  -5
13  1
14  -1
14  -4
15  1
13  -2
12  -5
12  -5
14  1
15  4
13  3
14  -3
13  2
12  1
14  2
15  8
14  -3
14  -2
14  -3
13  5
14  -3
15  7
13  -3
13  0
14  -6
14  -2
12  1
14  -3
13  4
13  0
12  -4
15  8
14  -5
13  -1
12  1
11  -8
13  -1
14  -4
14  -5
14  -2
14  -4
14  -4
15  0
14  0
14  -2
13  0
14  -1
13  -2
15  7
15  0
15  6
14  -4
12  -5
15  3
13  -3
13  2
14  -6
13  5
14  -4
14  -1
14  0
13  -1
11  -9
14  -5
15  1
14  -4
13  -3
15  7
12  -2
14  -4
14  -6
13  -2
13  2
14  -6
13  0
13  1
15  6
14  2
14  -6
12  -4
13  1
12  -2
14  -3
13  -1
14  -5
13  0
11  -3
14  -4
14  1
14  -1
15  6
13  0
12  1
13  2
14  0
14  -3
15  1
15  7
13  3
14  -4
14  2
13  -3
14  -5
15  6
14  -6
14  -1
12  -5
16  -3
12  3
14  -6
15  0
13  -1
14  0
12  3
14  -1
12  1
12  2
13  3
15  0
14  0
14  -1
13  4
16  -4
13  5
12  -3
13  3
11  -4
13  3
13  5
14  -5
12  -5
14  -6
13  -1
14  -5
13  -3
14  1
11  -8
12  3
14  2
14  -2
15  3
15  4
12  -3
13  -1
14  -4
13  1
13  -2
12  -5
13  2
13  3
15  7
12  -1
13  5
12  3
13  1
15  6
14  -4
13  4
14  -3
14  -3
14  1
12  -4
13  0
14  0
13  5
15  6
14  -3
13  -1
14  -4
14  -5
14  -5
12  3
14  0
15  1
14  -3
13  -3
14  1
12  -4
13  -1
14  -1
13  4
12  1
11  -6
14  -5
13  3
13  -3
12  1
13  4
13  2
14  -2
14  1
15  6
11  -9
14  -3
14  -2
16  -3
12  0
14  0
15  6
12  -5
13  3
14  -1
13  2
13  -1
13  -2
14  0
14  2
13  -2
13  -1
14  -4
14  -4
15  1
14  -6
11  -11
13  -2
14  -3
14  2
14  0
14  2
13  -1
13  5
14  0
15  8
14  1
13  0
15  5
13  4
11  -11
15  0
14  -4
13  1
14  -4
13  1
14  -5
14  -3
15  0
13  3
14  -1
11  -8
14  -3
14  -5
15  5
11  -5
14  -6
13  0
15  2
12  1
13  -1
12  -4
14  1
14  -5
13  -1
14  2
12  3
16  -3
14  -6
14  -4
13  -2
14  2
12  -3
14  -5
13  1
14  -2
13  0
12  -2
12  -5
13  -2
14  -5
12  2
13  4
13  2
14  -1
16  -5
15  2
13  3
15  2
14  2
