15  -2
16  2
16  1
12  -4
15  2
16  0
15  -1
15  2
16  1
16  1
18  -1
15  -3
17  4
15  1
13  5
15  -1
13  3
15  -2
17  -1
17  2
17  4
13  4
18  -5
16  4
15  0
15  2
16  -1
16  5
16  2
13  5
17  1
15  -4
18  -6
15  0
17  1
18  -5
13  7
17  3
15  -4
14  -2
14  1
17  2
16  0
18  -3
19  6
13  6
15  2
17  -1
16  0
17  -1
15  -2
18  -4
14  2
15  -3
14  1
15  -2
15  2
16  4
18  -1
16  5
17  2
15  -1
14  -1
16  4
17  4
16  1
15  0
14  3
12  -5
16  4
16  2
17  0
19  8
18  -1
16  -1
16  0
14  3
15  1
16  1
14  1
15  2
17  -1
16  -1
17  1
18  -1
18  -3
15  1
16  -1
15  1
14  3
17  3
17  0
12  -6
16  5
16  2
15  -1
16  -1
18  -1
14  -3
15  -2
15  1
13  7
15  1
16  0
15  -2
14  -3
16  -1
16  3
17  3
16  2
16  4
14  2
14  1
13  7
15  2
15  1
15  -3
17  -1
17  4
17  1
15  0
19  3
13  5
17  3
14  3
18  -2
14  -2
13  7
14  -2
13  3
15  2
19  2
15  0
15  -3
16  4
14  -2
17  2
16  4
15  2
16  2
17  4
16  3
13  2
16  5
17  1
17  3
17  3
15  -2
16  1
14  1
15  -4
16  4
17  4
15  1
14  -2
14  -2
17  4
16  4
17  1
18  -5
15  0
16  0
16  5
16  2
15  -2
15  1
18  -6
13  8
15  -4
17  -2
16  3
16  3
18  -2
13  2
16  2
18  -6
14  1
18  -3
14  -2
15  2
18  -3
17  4
16  5
16  3
18  -7
12  -4
15  0
14  2
15  -1
18  -6
17  -2
16  0
18  -3
13  3
17  1
20  -2
16  2
17  -2
15  1
16  4
14  -2
17  2
18  -7
15  -2
16  5
17  1
14  1
13  3
16  1
12  -1
20  -1
17  -2
18  -5
16  4
15  -4
16  0
16  0
15  0
16  3
14  0
18  -3
18  -4
15  2
17  2
15  0
14  3
15  0
16  2
17  1
16  1
17  4
17  -2
13  7
14  -2
15  -1
15  -2
16  0
18  -4
17  0
16  -1
20  2
18  -4
14  -2
19  7
13  2
15  -3
16  1
14  0
14  2
19  3
14  3
15  -4
15  -2
16  1
19  7
16  3
15  0
16  2
15  -4
13  8
15  -4
16  1
16  -1
18  -5
13  5
17  2
13  6
19  7
19  7
17  2
15  1
13  6
15  -1
14  3
15  1
15  2
14  1
13  5
14  0
16  1
16  0
16  4
17  3
18  -1
16  3
14  3
13  4
14  0
15  -1
14  2
17  0
17  -1
17  0
14  3
14  -1
15  -3
15  -3
15  1
15  0
15  -1
16  -1
16  2
19  3
16  0
17  0
15  -2
17  -2
15  -1
17  -1
15  -1
18  -1
14  -1
15  -2
17  0
17  -2
15  2
14  0
17  4
14  3
15  1
17  2
15  2
15  -1
18  -6
15  1
16  5
13  6
13  8
17  0
16  4
15  -1
15  1
17  -2
16  0
13  8
16  -1
18  -7
14  -3
15  -1
15  -4
14  1
16  2
16  1
17  0
16  -1
16  4
15  -4
16  4
16  -1
17  -1
16  4
17  3
15  -4
15  -4
18  -7
16  0
15  -3
17  -2
16  0
19  3
14  -3
15  0
16  2
15  2
14  1
16  5
17  4
19  2
16  3
17  1
16  5
19  3
15  -4
15  1
15  -1
18  -6
17  -1
16  0
17  -1
14  1
15  -4
17  -2
18  -2
16  4
14  3
13  7
14  -3
14  0
15  1
17  4
19  2
16  3
16  2
16  -1
12  0
18  -5
17  1
16  -1
15  2
16  5
17  -2
15  -3
16  1
16  5
15  -2
16  5
14  3
17  0
16  -1
16  -1
17  0
12  -6
17  4
17  -1
17  4
17  0
15  -4
19  5
13  7
16  3
15  -3
16  4
17  3
13  4
17  0
16  -1
15  -2
13  2
17  2
15  2
14  -1
19  6
18  -7
18  -4
19  8
16  0
13  8
14  0
15  -3
17  -1
15  -3
14  -2
16  5
10  3
17  -2
14  3
15  0
12  -6
13  4
14  -2
14  1
16  3
16  0
17  2
15  -1
15  1
17  -1
17  -1
15  -2
16  3
17  0
16  -1
17  -2
15  -1
19  5
16  0
17  -1
17  0
17  2
18  -1
16  2
16  5
14  2
18  -7
13  4
13  7
14  3
14  0
18  -7
17  4
12  -2
19  6
17  -2
14  -1
16  3
10  9
12  0
19  2
17  -1
17  2
17  4
14  -3
14  3
15  -3
16  2
17  2
13  2
16  -1
15  2
13  2
15  1
15  -3
16  -1
18  -1
16  1
15  -4
14  2
17  3
13  8
18  -7
18  -4
17  2
14  -2
17  3
15  0
19  2
18  -2
17  2
16  0
15  -1
17  0
11  -3
13  6
15  -4
15  2
13  2
15  0
14  3
13  4
17  -2
18  -6
18  -2
19  6
16  -1
15  2
14  -1
16  -1
14  -1
17  0
15  -1
15  1
15  -4
15  -3
17  1
16  4
17  0
16  -1
16  -1
15  -3
13  6
17  1
17  0
16  2
17  -1
17  0
15  1
12  -4
16  5
15  -1
18  -7
14  -2
13  8
14  -1
17  0
14  0
16  4
16  4
15  2
16  3
16  1
18  -1
15  2
15  0
19  4
16  4
15  0
16  3
16  3
18  -2
14  -3
16  -1
16  -1
17  0
14  -1
15  -3
15  1
16  4
16  4
15  -1
16  5
15  0
14  -1
16  0
17  4
14  -1
15  2
16  1
15  1
16  -1
17  1
15  2
18  -6
13  8
16  3
14  1
16  1
15  -1
15  -3
16  5
15  2
16  5
15  -4
15  -2
17  4
16  3
16  3
14  3
16  4
15  -3
13  6
18  -7
14  -1
17  2
18  -4
16  3
18  -4
13  2
15  -2
14  3
15  1
16  4
17  3
12  -5
15  -1
15  -1
15  -3
15  1
17  2
15  -2
17  1
17  0
16  -1
15  0
14  -1
14  1
15  2
16  3
17  2
15  -2
18  -3
14  -3
13  2
15  -1
16  3
19  2
15  -3
16  5
15  -2
15  -3
16  1
14  -3
13  2
16  0
16  -1
14  1
15  -3
14  1
17  3
15  2
17  3
17  1
15  1
15  -1
16  3
16  1
16  4
16  2
16  3
19  8
15  0
16  5
15  2
15  1
18  -5
16  5
16  0
16  -1
15  0
16  5
15  -1
16  4
18  -4
14  -3
18  -4
17  0
18  -5
13  4
16  2
17  -2
13  3
16  2
14  0
15  -2
16  -1
18  -3
13  2
16  -1
15  0
15  -1
16  -1
13  7
18  -4
15  -2
14  0
17  -1
17  4
15  2
13  4
15  1
15  0
17  -2
15  2
13  3
16  0
15  -2
16  3
18  -4
15  2
18  -6
16  2
16  1
17  -1
15  -2
17  -2
17  1
17  2
16  -1
17  0
15  -1
16  -1
19  4
18  -5
15  -3
13  4
15  -2
16  2
15  -1
16  4
15  -2
17  3
17  1
17  -1
12  -1
18  -6
19  4
16  3
16  1
14  -1
16  1
16  1
15  1
17  0
14  2
15  2
14  -3
15  -2
15  1
14  3
14  3
16  4
16  5
18  -7
16  0
14  -2
12  -5
18  -4
18  -5
17  3
17  -2
16  3
15  -3
16  1
14  -1
15  -2
17  4
14  -2
14  2
14  -1
16  1
14  3
16  2
15  0
15  0
16  0
17  3
14  2
16  1
16  3
16  4
16  4
15  0
14  -2
16  1
13  2
16  1
14  3
16  3
14  -2
16  5
15  1
18  -5
13  7
16  1
16  5
16  4
17  4
17  0
16  3
15  -3
15  1
14  1
14  -3
19  5
16  -1
15  -3
12  -4
18  -3
15  -1
13  2
17  4
15  -1
14  1
16  -1
16  3
16  4
17  0
16  3
19  6
17  3
16  2
18  -5
17  2
15  2
17  -1
18  -6
17  0
16  0
11  3
16  2
17  0
14  -3
16  -1
15  -1
15  2
16  1
16  -1
18  -7
15  -1
17  3
18  -5
15  -1
18  -1
18  -4
16  0
18  -6
15  1
16  0
17  -2
18  -6
13  6
16  -1
16  2
18  -3
16  2
15  -4
17  -2
17  4
16  4
16  5
14  -3
17  -1
13  7
15  0
14  -2
15  2
17  -1
15  -1
16  3
14  -3
17  1
15  -2
11  -1
13  6
18  -2
16  5
14  2
16  3
17  0
17  2
17  4
14  3
14  0
16  4
14  0
17  3
16  -1
14  -2
14  -1
17  1
15  -3
17  0
15  1
16  4
17  3
16  -1
17  4
16  1
17  -1
17  2
16  3
15  1
14  0
18  -7
15  -3
20  -4
19  2
14  3
15  -1
16  0
16  1
17  1
14  3
17  -1
19  5
16  2
17  3
15  1
14  -2
17  0
17  1
15  0
17  2
13  3
17  1
17  4
16  0
14  0
16  4
16  5
17  0
16  0
19  8
15  2
20  -3
18  -3
16  -1
13  4
19  2
16  0
13  3
16  1
14  0
16  0
14  2
15  0
14  3
12  -2
13  2
14  -2
16  1
17  -1
14  3
12  -3
13  7
16  3
13  2
19  7
16  3
17  4
14  1
17  0
16  1
14  -1
18  -6
13  6
16  3
15  1
13  6
13  6
16  1
15  -3
20  -3
17  0
15  -2
15  -4
16  0
19  2
17  4
17  3
16  3
