10  -6
11  5
10  -4
11  -3
9  2
10  -6
11  -2
8  -6
11  -2
12  13
11  0
12  5
10  -7
9  10
11  3
9  1
11  4
10  0
10  -5
8  -2
11  -2
10  -6
11  8
10  -2
13  3
11  4
12  12
9  -1
11  4
8  3
8  4
10  3
10  -4
11  1
10  -7
9  5
10  -2
11  4
9  6
10  -2
8  3
10  -1
9  1
10  -4
9  8
9  7
10  4
8  -1
11  4
11  -2
9  11
11  5
11  1
8  -4
8  -5
9  9
9  5
8  4
10  3
12  5
9  2
9  8
11  6
9  11
10  5
9  -1
10  4
8  -4
10  -7
11  6
8  -3
9  1
11  5
7  -2
9  0
9  9
10  -7
10  0
9  5
8  4
8  0
10  -5
10  -5
11  -1
12  9
10  3
11  8
11  7
11  8
8  4
12  6
10  0
11  -3
13  -2
10  5
10  3
11  5
10  -2
9  -1
9  10
13  2
11  5
10  -6
10  4
11  1
10  0
9  7
9  4
8  4
7  7
10  -4
12  11
11  8
11  3
9  3
10  4
11  4
9  11
11  6
6  3
9  6
11  -3
8  4
10  -1
10  -3
9  2
9  3
13  0
10  3
10  -1
8  5
8  4
10  -5
10  3
12  7
9  9
10  -4
9  11
10  -7
7  2
11  8
10  -1
11  5
9  10
12  8
12  11
11  3
10  -3
9  5
9  2
10  -3
10  -1
9  11
9  3
10  1
12  6
11  1
9  3
13  5
10  -6
9  0
9  2
11  3
7  5
12  3
8  -2
9  7
10  -1
11  0
11  -4
9  1
10  -4
10  2
10  -2
10  -6
10  -4
10  -5
10  3
11  7
9  11
10  3
10  4
11  -3
8  -3
9  4
10  5
10  5
10  2
11  -3
10  -1
9  3
8  6
10  3
11  4
9  1
12  6
9  7
10  -3
9  0
7  -4
10  1
13  7
9  0
9  3
9  9
9  1
8  -6
9  7
10  -3
10  5
11  -3
8  -2
10  -3
11  3
8  4
7  0
11  0
10  -6
9  -1
10  -4
9  9
10  -3
8  1
9  7
11  -4
10  4
10  -4
13  4
10  2
11  8
10  -5
9  8
11  7
9  11
9  9
9  7
10  1
10  -7
10  -3
11  0
10  0
9  2
11  7
10  0
11  -2
9  2
7  6
9  9
10  -6
9  0
10  5
9  2
9  0
10  1
10  -5
10  5
10  -5
8  -2
10  -6
9  -1
8  -4
9  -1
9  6
10  4
9  2
10  5
12  2
8  -1
9  6
10  -4
11  4
11  0
10  2
11  7
8  6
7  6
10  -5
11  -2
9  8
10  -3
9  6
11  8
11  2
9  2
8  -4
14  -5
11  2
12  6
11  -1
8  0
8  -2
9  2
10  5
9  8
11  5
10  5
9  7
8  -1
9  9
10  5
9  5
9  11
10  4
9  3
11  2
8  5
10  -4
10  -2
9  11
9  8
9  0
12  3
11  5
9  4
6  8
9  3
7  5
10  5
8  -5
9  6
11  -4
10  1
8  6
8  -4
9  10
9  0
9  5
10  -7
7  6
11  8
10  -1
10  5
11  0
10  2
9  3
10  2
8  -6
11  6
10  -6
11  -1
8  1
10  -6
8  3
8  2
11  -1
9  1
10  0
8  6
9  10
11  8
9  6
6  4
10  2
10  5
9  3
9  5
9  9
11  -4
9  7
10  5
12  4
10  -2
8  -4
8  2
9  6
11  7
10  4
8  -2
8  3
10  1
8  -2
7  7
10  2
11  3
8  -3
10  2
11  -2
10  2
12  2
11  6
8  4
9  0
8  5
10  -5
8  -4
11  -1
12  3
11  0
9  2
9  9
9  -1
7  -1
10  3
9  2
12  10
9  9
11  3
8  -4
10  4
10  -5
11  -2
11  4
10  4
9  1
7  6
12  9
12  9
10  -4
8  3
12  2
10  0
10  -7
9  3
8  3
9  -1
9  6
11  7
10  -5
9  8
11  4
7  -2
11  -1
11  0
9  4
10  3
10  1
10  3
10  -5
10  -3
10  -5
10  5
11  7
11  -1
9  6
11  -4
10  2
9  6
9  10
11  -4
11  6
7  -4
9  7
9  3
10  5
10  -2
8  0
10  -6
9  1
10  5
10  1
9  8
9  9
9  0
12  13
10  -7
10  -5
11  4
12  7
8  -1
10  0
9  5
10  4
9  4
10  1
10  5
12  3
11  5
11  3
9  7
10  -3
10  -5
11  3
10  1
10  -6
13  2
9  4
10  5
13  0
7  -1
11  0
9  2
8  -4
11  0
9  5
8  -3
10  0
9  4
11  8
12  6
10  -4
9  1
12  4
9  3
8  3
8  1
8  0
7  -4
10  -6
12  6
10  -2
8  -6
9  8
10  -1
9  -1
10  -6
10  -6
11  7
9  3
10  4
10  -2
12  4
10  -2
11  2
9  4
11  0
9  1
8  0
10  -7
11  6
10  2
10  -7
11  -2
12  3
8  -6
12  12
11  -4
11  1
10  3
10  -5
11  -4
11  -1
7  3
11  -3
10  -6
7  -4
8  4
11  4
10  2
6  5
7  -2
10  -6
10  -1
9  4
11  7
9  -1
11  7
9  1
11  -3
8  0
5  3
10  5
9  6
9  2
9  2
10  -4
10  -7
12  9
11  1
8  6
10  0
11  -1
11  7
11  -4
9  5
9  9
11  -3
10  -7
11  4
10  5
11  -2
9  -1
10  -7
10  -1
9  0
10  0
10  -5
8  1
9  -1
9  8
11  -3
11  2
8  6
10  -7
9  9
10  -7
10  -6
9  11
9  3
11  5
10  1
11  8
10  4
10  -1
10  -1
10  2
9  2
10  -6
9  5
9  10
10  1
11  3
11  5
12  11
12  10
10  -7
11  -1
9  4
8  5
10  -5
11  4
8  -3
9  11
9  4
11  -3
10  0
10  -1
9  6
8  -6
7  -1
9  5
9  1
11  5
13  0
9  1
8  -3
10  0
8  5
12  10
8  3
9  7
10  3
13  7
8  -3
10  5
9  3
10  -7
11  1
11  5
9  11
9  8
11  8
9  10
9  4
9  -1
10  1
9  9
9  9
13  8
10  -4
11  2
8  3
9  2
9  11
10  -3
11  4
12  1
9  7
13  1
8  5
10  -4
10  -6
11  3
10  2
10  -5
10  3
11  -3
8  -1
10  -4
10  -7
9  11
9  2
9  10
10  -5
7  1
7  6
10  -3
8  3
8  -5
11  5
10  1
12  11
8  4
10  -2
11  -4
9  4
12  5
12  10
10  1
9  9
13  -2
10  0
11  -4
11  2
10  2
11  -2
8  -4
11  7
11  -3
11  5
9  8
11  2
10  5
9  1
11  5
9  -1
10  -7
10  -4
12  13
10  -4
8  -6
9  2
9  2
12  4
10  1
8  -6
10  -4
8  -6
12  11
9  6
9  10
10  0
9  9
11  6
10  5
9  7
9  9
13  6
10  5
12  3
11  2
10  -7
9  10
10  0
9  9
12  2
8  -6
8  3
11  0
10  2
11  0
11  5
9  3
10  1
9  2
12  1
11  -1
11  3
11  -3
12  6
12  10
10  1
10  -7
10  4
9  0
9  11
7  0
9  3
12  11
8  1
9  -1
9  8
10  -1
8  3
9  1
10  3
10  -2
9  -1
10  3
10  -5
8  -5
8  1
9  11
11  -2
10  -1
10  5
9  9
10  5
10  -6
11  7
9  0
7  -1
12  3
10  0
10  4
10  0
10  -1
10  -5
11  5
9  4
12  13
10  -6
10  -3
10  -2
12  1
10  -2
11  8
10  5
9  2
9  0
11  0
11  4
8  6
8  2
11  -1
10  3
9  3
9  9
9  1
12  13
12  4
9  11
10  -6
12  6
9  3
8  -6
9  10
9  7
10  -4
10  -2
10  1
10  -1
10  -1
9  5
10  5
7  -4
12  9
10  3
9  0
10  -7
11  -2
12  6
11  -2
11  6
10  3
10  -4
12  1
10  -5
11  7
10  4
11  4
9  4
8  -6
9  6
10  5
8  -2
10  -5
8  6
10  -5
10  -7
10  -2
9  7
9  3
10  0
10  2
10  1
11  8
12  10
10  -3
9  5
9  4
10  0
9  8
12  1
11  3
11  3
10  2
11  4
10  2
9  10
10  4
9  10
9  1
8  -2
8  -5
8  5
9  7
9  10
10  3
8  -6
8  -4
10  -6
9  10
10  -4
9  8
8  -4
8  1
8  1
14  3
9  0
11  6
9  -1
10  2
12  4
9  6
10  -1
9  3
11  5
10  -5
11  7
12  1
10  -4
10  1
8  3
9  7
10  2
10  -2
10  5
10  -1
11  4
10  -5
10  -5
11  4
11  6
9  6
11  -1
6  7
9  0
8  2
7  5
11  0
9  8
9  5
10  0
9  11
9  2
9  -1
10  -2
11  8
8  -5
10  -6
8  4
10  -6
10  -5
11  5
9  11
10  2
11  8
7  5
11  8
11  7
8  6
10  5
10  5
12  13
11  1
12  13
10  1
9  3
10  -1
12  11
11  -4
7  -3
13  10
11  4
10  0
9  -1
9  -1
11  2
11  -1
8  5
8  -1
9  9
9  3
10  -1
8  -1
10  -6
12  7
10  5
11  4
8  -1
10  -4
8  -2
10  -6
10  -5
9  6
8  -3
11  -2
9  3
9  7
9  8
8  6
12  7
11  0
8  -1
7  8
8  6
10  -5
10  4
9  6
9  3
12  9
8  -6
8  3
8  3
11  0
8  1
12  5
9  5
12  13
9  3
