9  3
9  3
8  -5
6  -1
10  5
8  -6
11  6
5  -6
10  6
7  3
9  4
8  -6
11  6
7  4
10  5
10  5
5  -5
8  -5
8  -7
7  3
8  -7
10  5
8  -6
8  -5
6  -1
9  4
10  5
8  -6
9  3
8  -7
9  4
10  7
8  -6
7  5
8  -7
12  1
5  -7
10  6
8  -6
10  5
10  5
8  -7
7  5
9  4
9  3
9  4
8  -6
6  -2
8  -7
9  3
9  4
4  8
10  7
4  6
9  5
9  4
7  3
10  6
10  6
10  5
10  6
10  7
10  6
8  -6
8  -6
5  -7
8  -6
9  4
9  3
8  -7
9  3
8  -7
7  4
5  -5
8  -6
8  -6
8  -6
8  -6
7  5
9  5
8  -5
8  -6
7  3
9  3
6  -2
10  6
5  -5
9  4
8  -7
9  4
10  5
9  5
8  -7
8  -5
10  6
8  -7
9  4
8  -6
7  5
9  3
9  4
8  -6
11  5
8  -7
9  4
10  7
7  3
8  -7
8  -5
8  -7
8  -7
7  3
9  4
6  -2
8  -6
10  5
12  0
7  3
7  4
7  4
9  3
7  4
7  5
7  5
10  7
12  2
8  -7
7  3
7  4
6  0
9  5
9  4
10  5
10  6
11  6
6  0
8  -5
8  -7
8  -5
9  3
7  5
7  3
7  3
11  6
9  5
7  4
8  -6
8  -5
9  4
8  -7
12  1
9  5
8  -6
9  4
8  -7
9  4
6  0
10  7
7  5
9  5
9  5
7  3
9  3
9  5
8  -5
8  -6
7  4
7  3
8  -6
7  4
7  3
5  -6
7  4
5  -6
6  -1
8  -6
9  3
9  3
9  4
9  5
8  -5
9  3
8  -5
9  5
5  -7
9  4
8  -7
9  4
9  3
9  5
7  5
7  3
9  3
9  5
6  0
8  -7
10  7
9  4
7  5
10  7
9  3
8  -5
8  -7
8  -5
9  4
8  -5
8  -5
10  5
10  5
6  -2
7  4
7  5
7  3
9  5
10  6
8  -7
11  7
6  0
8  -6
9  3
6  -2
8  -6
11  6
6  -2
8  -6
6  0
11  7
10  6
7  4
8  -5
6  -2
9  4
11  5
10  5
10  7
11  5
9  3
9  4
9  5
10  6
8  -6
9  5
8  -5
7  3
10  5
10  6
9  3
11  5
7  4
6  0
10  7
8  -5
12  2
8  -5
8  -6
8  -5
11  6
7  3
10  7
9  3
8  -7
11  6
8  -7
9  3
11  5
7  4
8  -7
9  4
8  -6
9  4
9  5
10  6
11  7
10  5
12  1
11  5
5  -7
8  -6
6  0
10  6
8  -7
9  3
8  -6
8  -5
9  4
8  -7
9  5
10  6
9  4
9  3
9  3
7  4
4  6
5  -5
8  -5
8  -5
10  5
9  4
8  -5
10  5
6  -1
7  3
6  -2
8  -5
6  -2
8  -7
9  5
7  4
9  4
10  6
5  -7
8  -5
6  -2
7  5
9  3
7  3
12  2
6  0
9  3
10  5
6  -2
6  0
7  4
10  5
8  -7
8  -6
8  -7
9  3
9  5
13  -2
5  -7
7  4
8  -5
9  5
7  4
9  4
6  -2
9  5
10  6
8  -6
7  3
7  3
8  -5
10  5
9  3
5  -5
7  5
7  5
6  0
7  4
11  7
9  3
6  0
8  -6
9  5
10  7
7  5
9  5
12  2
9  4
10  5
11  7
6  -1
7  5
9  4
8  -5
9  5
9  4
7  5
7  4
9  5
7  3
7  3
9  5
6  -2
9  3
10  6
8  -6
10  6
6  0
6  -2
5  -7
10  6
12  2
10  7
10  5
7  5
11  5
8  -6
11  5
11  6
9  3
7  4
8  -6
9  4
9  5
7  5
10  5
7  4
8  -5
8  -5
8  -6
8  -6
9  4
6  -2
9  3
9  3
9  4
10  5
9  4
5  -6
12  1
9  3
11  5
8  -5
8  -5
7  5
9  3
7  4
9  4
7  3
7  3
9  5
10  7
10  5
8  -7
8  -5
9  3
8  -7
8  -6
9  5
7  4
10  7
8  -7
8  -5
8  -5
7  3
11  5
8  -5
4  8
10  7
9  5
12  2
10  7
6  -1
10  6
7  4
7  5
3  5
8  -6
7  3
7  4
10  7
9  5
7  3
9  5
9  4
8  -5
9  3
12  0
9  4
9  3
9  5
9  4
8  -6
7  4
9  4
7  3
3  5
10  5
11  6
9  3
8  -7
8  -5
8  -7
10  6
7  4
7  3
6  0
4  7
8  -7
10  7
7  4
10  7
9  3
9  3
8  -5
8  -7
9  5
5  -6
9  4
8  -5
13  -1
8  -6
7  5
7  5
7  3
8  -5
7  3
8  -7
6  -2
7  3
8  -7
9  4
6  -1
9  5
12  1
10  6
10  5
10  6
8  -5
9  4
8  -5
11  7
8  -6
8  -6
9  3
8  -5
8  -7
9  4
8  -5
11  5
8  -5
8  -5
8  -6
8  -7
9  3
8  -6
8  -5
8  -6
8  -6
7  4
9  5
8  -6
9  5
7  5
7  3
10  7
9  3
11  5
8  -7
12  2
9  5
9  3
6  -2
11  7
9  3
8  -5
8  -6
9  5
7  4
7  4
8  -5
10  7
8  -7
5  -7
6  0
9  4
7  5
13  -2
11  6
10  6
6  -1
5  -6
7  5
11  5
7  5
5  -7
7  4
9  3
7  4
11  7
9  4
6  -2
10  7
9  5
10  6
6  -1
5  -7
9  4
9  4
11  6
7  3
9  3
6  -2
9  3
10  7
8  -5
9  3
9  5
10  6
6  -2
9  5
8  -7
10  6
4  8
8  -5
8  -5
8  -7
10  7
9  4
8  -5
9  5
10  6
6  -1
8  -7
8  -7
8  -6
10  6
8  -6
8  -5
11  5
9  4
9  4
8  -6
7  3
8  -5
8  -6
9  4
7  5
7  4
11  6
7  3
5  -5
11  5
7  3
9  3
7  3
9  5
9  3
10  5
8  -6
8  -5
9  3
7  3
8  -7
8  -7
9  4
7  4
8  -5
6  -2
7  3
10  6
6  -1
8  -6
9  3
8  -6
9  5
8  -5
8  -5
8  -5
9  5
8  -6
8  -5
9  5
9  5
8  -7
8  -5
6  -1
8  -7
5  -7
9  4
11  7
7  3
10  6
8  -5
6  -1
10  6
9  4
7  3
8  -5
8  -7
10  7
10  5
11  6
9  3
6  0
7  3
8  -7
8  -7
9  5
8  -5
8  -7
4  7
6  -2
7  4
9  3
8  -6
10  6
8  -7
6  0
10  5
12  1
6  -2
8  -5
10  6
11  7
11  5
11  6
8  -5
9  5
9  5
7  5
6  -1
7  4
9  4
8  -7
9  3
8  -7
11  5
8  -6
6  -1
8  -6
8  -7
9  3
7  3
8  -7
10  6
10  5
9  3
5  -5
9  4
9  3
8  -7
11  6
9  3
10  5
9  5
9  4
6  -1
6  -2
9  3
10  6
8  -7
6  -1
11  7
11  6
9  4
8  -5
6  -2
11  6
7  3
8  -6
10  5
8  -7
6  -2
8  -7
6  0
7  3
8  -5
6  0
9  3
10  6
9  3
7  5
8  -6
7  5
8  -7
7  4
7  5
5  -5
10  7
7  5
7  3
8  -6
11  5
11  6
10  5
9  4
7  4
6  0
6  0
9  5
9  5
13  0
12  0
10  7
7  4
7  3
10  5
7  4
8  -7
5  -5
7  4
7  3
8  -7
6  0
10  5
9  5
9  3
6  -1
8  -7
8  -6
8  -7
8  -7
9  3
6  -2
10  7
8  -7
6  -2
9  4
10  6
9  5
7  5
6  -2
10  7
8  -5
9  4
6  0
12  0
8  -7
6  -2
9  3
9  3
8  -6
9  4
9  4
11  6
9  4
7  5
8  -5
8  -5
8  -7
9  3
9  3
8  -5
5  -6
13  -1
9  5
5  -7
7  3
8  -5
8  -7
7  4
9  4
9  5
10  5
9  4
10  6
10  5
10  7
7  5
7  4
6  0
6  -2
10  6
8  -7
12  0
9  3
6  0
7  3
10  5
9  3
6  -2
10  6
7  3
7  5
9  4
10  6
9  4
9  3
10  5
7  5
11  7
11  6
8  -7
8  -7
9  5
10  5
8  -5
7  5
8  -5
6  0
8  -6
6  -1
5  -7
9  3
9  3
9  5
7  4
9  4
9  3
7  5
8  -5
7  4
6  -1
6  -2
8  -5
11  6
9  4
7  4
9  3
10  6
8  -7
10  5
8  -7
9  3
10  7
11  6
9  3
7  5
8  -7
8  -6
9  5
9  3
8  -7
11  5
9  5
11  7
8  -5
8  -5
8  -5
7  4
5  -7
10  6
7  5
11  5
11  6
9  3
11  6
12  0
6  -1
10  7
8  -5
11  6
9  5
8  -6
9  5
5  -5
7  4
8  -7
10  6
10  7
9  5
8  -6
7  5
9  5
5  -7
9  3
8  -5
10  7
9  3
12  1
7  5
8  -7
8  -5
7  4
9  3
7  3
12  0
8  -7
8  -7
11  7
9  4
9  4
8  -5
9  4
7  5
7  4
4  8
8  -7
6  -1
7  5
9  5
8  -6
9  3
8  -6
8  -7
3  6
9  3
7  3
9  5
8  -7
9  4
8  -7
10  6
7  5
9  4
7  4
5  -7
9  4
7  5
10  5
9  4
6  -2
8  -6
6  0
8  -7
8  -5
9  3
9  5
10  7
10  5
8  -6
10  5
7  5
7  5
9  5
9  4
10  7
