10  -3
12  1
11  -4
13  -1
13  6
10  3
10  9
14  -5
12  -8
14  0
15  6
10  6
11  -6
14  0
10  8
14  2
14  1
11  4
12  -1
13  2
13  5
13  2
12  -3
13  -5
9  -4
12  3
8  5
13  -3
11  -1
12  -5
14  1
12  -6
11  6
9  -7
11  2
13  -2
12  -4
8  5
14  -3
10  6
10  4
9  -7
12  -1
12  -4
11  0
11  1
12  -2
10  -3
11  -1
12  2
12  -3
12  3
15  7
8  7
13  4
13  2
11  -4
12  -3
10  3
9  -9
11  6
12  -7
12  -6
11  -6
14  5
14  2
11  -6
13  -5
15  4
11  2
12  2
13  -4
13  5
11  5
9  -9
15  5
11  0
12  -1
14  1
10  1
13  -3
11  6
11  3
14  6
13  -4
10  0
12  -7
17  -2
15  2
12  -2
12  -7
11  0
10  -3
11  -6
12  -1
11  4
11  3
14  -3
13  -2
13  3
13  7
12  1
13  -3
12  -3
13  1
11  4
10  -3
11  6
14  6
10  0
14  -4
9  2
15  -1
14  -6
10  8
10  2
12  2
9  -9
11  3
12  0
14  -5
10  -1
13  -4
14  4
10  9
15  -2
12  0
12  -4
11  -6
12  3
13  3
12  0
14  -3
11  6
12  -2
11  3
10  0
13  -1
14  -6
13  -5
10  3
10  -2
12  -3
10  1
11  4
13  5
9  -6
17  -7
11  0
12  -2
9  1
13  4
10  -3
11  -5
13  3
13  6
9  0
10  5
15  3
10  5
12  -9
10  7
11  -4
17  1
7  4
12  -7
13  -5
11  4
9  -9
12  -2
13  5
15  0
14  1
11  0
13  5
10  5
14  1
12  3
15  -1
12  -5
12  -1
10  -3
11  -5
15  7
14  -4
13  4
14  5
11  2
12  -7
11  0
14  4
11  -6
10  5
16  -8
9  -4
7  1
11  3
9  -3
13  7
12  -2
12  -4
12  3
12  -6
11  0
14  -6
14  -5
8  4
16  -1
13  3
14  4
11  -4
10  5
14  3
14  5
10  -1
10  0
11  -2
10  3
10  6
11  5
11  5
11  -1
10  8
13  5
9  -7
11  -5
14  0
9  -10
17  -5
11  6
10  -1
13  -2
11  2
10  7
9  -6
14  -6
11  -3
11  4
14  -2
11  4
11  3
12  2
12  -9
15  6
16  -6
14  0
13  5
14  -6
12  1
10  -3
10  6
16  -2
14  2
14  -2
12  -1
13  -5
11  -3
12  1
12  3
13  0
9  -9
13  1
12  0
14  3
8  5
11  3
13  -4
8  6
12  -3
12  -4
11  -2
11  -5
11  4
12  0
11  0
10  9
14  4
13  5
9  -3
12  0
12  -5
12  3
12  1
9  -2
11  6
11  1
13  -3
9  -6
7  8
12  -7
14  -5
10  7
12  -4
8  5
13  6
11  3
11  6
12  3
9  -10
10  6
10  -2
12  1
13  -5
12  -4
13  6
12  -7
16  3
8  4
7  11
12  2
13  6
15  -2
11  -4
10  2
12  1
11  2
14  1
11  2
13  6
12  -5
12  -2
10  0
14  -6
12  -8
10  9
9  -9
13  0
10  8
8  1
13  7
15  4
9  -5
12  -4
10  -2
13  -5
11  3
9  -7
10  5
8  6
11  -3
9  -5
12  -3
14  4
11  2
16  -2
11  -1
12  -5
11  -5
9  -2
11  -5
13  5
10  -1
13  2
9  -8
16  2
11  0
13  0
11  3
13  -2
15  -3
8  9
14  4
11  -4
10  -3
8  1
13  7
13  2
12  -7
12  2
13  2
13  6
15  7
8  2
11  4
13  -1
11  -6
8  3
11  6
12  -2
12  0
9  -3
10  -2
10  3
13  1
14  -3
15  0
11  2
13  2
14  -4
11  -3
15  -5
14  -6
9  -7
10  -3
12  1
11  -5
11  5
10  -3
14  -1
14  -4
11  6
12  -2
12  2
14  2
15  -2
12  -7
11  -4
12  3
10  2
12  -9
13  -2
14  -5
14  4
12  -7
10  2
13  -1
10  9
11  -4
16  1
10  -2
12  -7
11  -1
12  2
12  -9
13  6
13  7
10  7
16  -6
12  -9
13  1
11  -3
16  3
10  6
10  2
10  2
10  7
15  -4
12  -5
12  -3
11  -3
12  -7
8  13
13  -5
8  4
10  6
11  2
11  5
13  0
12  -9
14  -3
10  8
11  5
12  2
11  -4
13  7
9  0
9  -4
14  -3
11  -4
13  -1
11  5
11  -5
14  2
11  -3
12  1
12  2
12  -6
14  -1
14  -1
10  1
9  -5
8  9
13  5
12  1
15  2
12  -5
15  5
11  -5
11  -1
13  -2
12  0
10  9
15  3
13  4
10  -2
10  2
14  5
9  -9
14  5
13  0
10  -1
11  -4
13  -1
10  6
12  -8
9  -6
15  3
10  -3
11  6
13  7
12  -9
11  0
16  -2
15  6
9  -6
9  -7
9  -3
11  -1
12  -7
11  -4
12  2
10  -2
13  3
12  -9
12  -1
13  5
9  -1
12  3
11  3
10  7
13  3
10  0
11  1
11  5
13  -1
11  6
13  4
10  0
13  2
9  -7
12  -8
12  -3
12  0
14  -1
11  -1
10  1
11  3
12  2
15  7
11  -3
12  -7
14  0
13  7
12  1
14  -1
17  -2
11  6
10  9
13  4
14  -4
14  -2
10  0
9  -5
11  6
11  3
11  -6
10  3
11  -5
15  5
10  -3
11  0
13  -3
12  1
13  -4
13  -1
12  -8
14  2
11  5
11  -5
15  2
8  12
9  2
14  0
12  -7
13  5
12  -6
10  1
11  0
11  0
12  -8
13  2
10  3
12  -9
9  2
13  1
9  -1
11  1
13  -5
14  -4
9  -6
12  0
12  -2
7  -1
13  5
13  -4
12  2
11  1
9  -10
17  -7
14  0
14  6
14  5
9  -5
12  -6
14  -6
14  -1
15  5
12  -7
14  -6
12  -8
11  4
11  4
13  5
12  3
13  3
15  3
13  -3
10  9
14  4
14  -3
10  9
10  -2
10  3
13  5
10  0
12  -3
13  5
11  -4
10  3
13  5
9  0
11  -1
15  5
10  4
13  -4
14  -4
12  2
12  -1
11  3
7  5
13  6
9  -4
11  1
10  -2
11  2
12  -9
15  -5
11  3
6  8
13  -5
14  0
12  -3
14  6
12  -2
11  0
11  4
11  -6
10  -1
10  3
14  -1
13  2
7  0
10  2
12  -6
9  -3
12  -1
14  2
15  7
15  4
14  -1
10  9
12  -7
11  -1
14  4
11  -5
11  -3
12  -7
11  -5
14  1
14  1
15  2
13  0
11  5
13  6
15  -1
14  6
14  2
12  0
13  2
12  2
14  -1
11  6
10  7
10  3
14  3
11  2
11  -2
11  -3
14  -3
11  3
10  -2
12  -9
12  3
12  2
11  1
11  -2
13  6
13  3
13  5
12  3
14  3
9  -3
16  2
11  0
13  2
17  -4
11  -6
11  4
13  -5
13  4
15  3
13  6
10  4
14  1
15  -5
12  -1
12  -4
9  -10
13  -4
10  -1
12  0
9  0
10  4
8  12
9  0
14  2
14  0
13  2
12  2
12  2
13  -5
15  3
13  -4
12  -4
14  -5
13  -4
14  -5
10  3
13  -5
14  -1
8  13
10  0
13  7
9  -1
13  7
14  -1
7  6
11  -1
8  8
15  1
11  5
11  3
11  -1
11  -5
10  4
10  0
10  -1
14  -4
10  8
14  -6
13  -1
12  -6
12  -1
10  7
13  -2
12  -4
11  -4
16  -7
8  9
11  -5
12  -4
12  0
13  0
12  0
11  -3
11  -6
10  -1
10  1
14  6
10  2
10  -2
9  2
11  4
13  5
8  11
12  -5
14  0
11  4
9  -2
11  -3
12  -5
12  -9
13  2
17  -7
11  3
14  0
13  -2
12  -5
11  4
13  -5
14  2
13  1
13  -4
9  -6
8  5
11  -6
13  0
10  -3
7  11
12  -9
11  -1
10  -1
10  -3
12  3
12  -6
14  -1
12  2
12  -1
13  -5
11  5
15  6
12  -6
14  6
14  -4
11  6
10  8
10  3
11  5
12  -8
13  0
12  -7
10  -2
11  -4
13  -2
12  -8
10  2
10  -3
9  2
12  -1
11  -6
12  1
10  4
10  -3
12  -4
14  -6
12  3
9  2
10  -1
13  6
16  -8
14  -1
12  -4
15  4
9  -5
14  6
11  4
13  6
10  0
13  4
11  -3
11  5
13  -5
14  6
11  -2
11  3
14  -4
10  6
8  9
12  -6
13  5
12  -4
9  -7
10  2
10  9
11  3
12  -8
10  -2
12  -1
10  1
11  6
10  3
9  2
10  -3
7  3
13  5
14  5
10  2
9  -3
15  -4
16  -5
10  4
10  9
11  5
14  6
12  -5
15  -2
10  5
12  -4
12  -3
13  1
10  2
9  2
10  6
13  -5
9  2
15  0
12  -7
12  -5
9  0
12  -3
10  -3
13  -4
13  1
12  -3
11  4
12  -7
11  2
13  -3
9  -9
8  10
11  4
13  -4
12  -8
12  -3
11  1
10  0
10  2
13  4
11  2
9  0
10  -1
9  -8
11  3
9  -1
11  5
13  6
13  -2
9  2
13  5
11  -6
12  -6
13  0
13  -3
12  -9
15  -1
11  3
11  3
12  -4
13  1
13  7
12  -3
15  6
11  4
11  2
13  0
14  1
11  -2
8  5
15  -5
10  4
15  3
11  -2
11  1
12  -1
12  -4
13  7
12  -9
11  0
11  1
12  -4
11  -5
11  1
11  -2
15  4
15  2
8  5
11  2
10  -3
13  3
12  -7
14  -5
11  3
12  2
16  3
9  -9
10  5
10  -2
12  -5
11  0
10  1
