8  0
6  3
8  -3
8  0
8  -1
10  -3
10  -5
7  0
7  0
7  2
5  0
10  -6
8  0
7  2
5  -1
6  4
7  1
9  5
8  -3
6  5
9  6
6  1
7  -1
7  -1
5  -2
7  -2
8  -4
8  -4
8  -1
10  -5
8  -2
10  -3
8  -3
7  1
8  -2
8  -4
10  -6
9  5
7  0
6  5
9  9
8  -1
8  -3
8  -1
8  -1
8  -3
6  1
5  -3
8  0
8  -4
7  -1
5  -1
8  -2
6  1
6  5
6  3
7  -2
10  -5
9  7
8  0
8  -4
7  -2
7  -2
7  -1
7  1
9  7
7  -1
9  5
6  1
7  -1
7  0
7  -2
5  0
8  -4
7  -1
7  -2
9  7
8  -3
6  5
8  -4
9  8
7  -1
7  -1
6  4
8  -4
9  9
7  1
7  -1
8  -1
6  1
9  7
6  2
7  0
6  4
6  1
7  1
8  -3
7  -2
8  -3
9  7
8  0
8  -2
6  1
7  0
8  -1
6  1
5  -2
7  0
7  -2
7  -1
8  -2
6  4
8  -3
8  -1
6  5
6  5
6  5
7  1
8  -4
8  -3
8  -4
8  -2
8  -2
9  8
9  5
8  -4
8  -3
8  -3
9  8
7  2
8  -3
7  1
6  2
6  3
9  8
7  -2
9  9
8  -2
9  5
7  2
10  -3
9  6
6  1
8  -2
7  -2
8  0
8  -3
9  6
7  2
8  -1
7  1
8  -2
9  6
8  -1
9  7
6  2
6  2
6  4
9  8
6  1
7  1
7  1
9  6
6  3
7  -2
10  -3
6  4
9  6
10  -7
8  -3
8  -2
8  -1
10  -3
10  -5
9  8
8  -4
7  1
7  -2
8  0
7  -1
9  5
6  3
7  -2
7  -2
7  -1
6  5
7  -2
8  -2
8  -1
9  5
8  0
7  2
7  2
7  2
10  -4
8  -4
8  -2
7  0
9  5
7  2
9  9
6  4
8  0
9  9
6  1
8  -1
7  0
7  2
9  6
8  -1
9  9
9  8
7  0
8  -2
7  -2
6  1
6  1
10  -5
5  -1
9  5
7  -1
7  0
9  5
6  5
6  3
8  0
8  -3
6  1
7  2
7  -2
7  -1
4  -6
7  0
6  2
7  -1
8  -1
8  -3
8  -2
5  -2
9  8
6  2
6  4
8  -4
6  1
8  -2
9  8
7  -2
8  -2
7  -1
8  -1
8  -4
8  -2
8  -1
7  -2
8  0
7  -1
6  4
8  -4
9  9
9  6
8  -1
8  -3
9  8
8  0
9  5
8  0
8  -3
7  2
9  9
9  8
8  0
8  -4
8  0
8  0
5  0
7  2
9  6
8  -4
7  0
8  -3
6  4
6  1
7  -1
9  7
8  0
10  -4
8  0
9  6
8  -2
8  -2
7  0
11  -3
8  -3
7  -2
6  4
7  -2
7  2
7  -1
9  9
8  -2
7  -1
8  -1
9  9
6  4
8  -1
8  -1
8  0
8  -2
7  1
9  7
9  6
9  7
9  5
7  2
8  -3
9  7
8  -4
8  -4
7  -1
9  9
7  -2
8  -2
7  -2
10  -7
6  2
8  -1
9  6
6  3
8  -2
9  8
8  -3
7  -2
7  1
8  -3
7  1
9  8
7  2
7  -2
7  -2
9  6
8  -2
9  8
6  2
9  7
7  1
7  -1
9  5
9  8
8  -2
8  -2
8  -3
9  9
8  -1
10  -7
7  0
8  -4
7  2
8  -2
10  -7
8  -4
8  -2
8  -3
8  -2
8  0
7  -1
9  5
8  0
7  1
9  7
8  0
7  1
8  0
7  2
7  -1
9  5
8  -2
6  1
6  5
5  -3
8  -3
7  -1
8  -3
8  -4
7  0
6  5
6  4
10  -4
6  1
6  5
8  -1
5  -1
8  -1
6  5
10  -7
7  2
7  -1
7  0
9  7
8  -4
8  0
7  -2
9  9
6  3
7  0
8  -2
6  2
8  0
9  8
9  9
7  -2
9  5
6  5
7  2
7  0
7  -2
7  1
8  -1
7  1
8  -2
5  0
8  -3
8  -3
8  -2
8  -3
9  8
7  0
7  -1
6  5
8  -1
8  -3
7  0
9  9
8  -1
7  2
8  -2
7  1
5  -2
7  1
7  0
7  0
9  6
9  5
6  4
7  0
7  1
7  -2
8  0
6  2
6  4
5  -2
7  -1
8  0
6  1
7  2
7  -1
5  -1
8  -2
7  0
6  2
9  9
9  7
7  2
7  2
10  -4
8  -3
7  2
9  8
9  5
9  9
8  -3
7  1
10  -4
7  2
8  -1
7  2
6  1
6  5
8  -3
9  8
6  2
9  7
6  3
6  4
9  6
5  1
7  -1
8  -4
7  -1
8  -4
8  0
8  -2
8  -3
7  -2
7  0
7  -1
8  -2
10  -6
6  5
8  -2
8  -1
7  -1
8  -2
8  -3
7  -2
6  5
7  1
7  0
7  0
9  5
8  -3
8  0
6  1
7  1
6  3
9  7
7  -2
9  6
9  9
7  0
9  9
7  0
8  -4
7  -1
7  -2
7  2
7  2
6  5
6  5
7  2
8  -1
8  -1
7  0
8  0
9  5
6  5
8  -3
9  5
6  4
8  -4
9  8
8  -2
10  -3
7  0
9  5
7  -2
6  1
9  5
8  -3
6  1
7  1
6  5
8  0
9  5
8  0
8  0
8  -4
7  1
9  9
9  6
6  2
8  -4
8  -3
8  -1
8  -4
7  0
7  -1
8  -3
9  5
9  5
8  -1
9  8
6  5
6  1
6  4
6  3
9  6
8  -2
6  1
10  -5
7  -1
9  6
7  0
6  2
6  2
8  0
9  9
8  -2
7  -2
9  6
7  0
8  -4
9  8
7  1
9  8
8  -3
7  -1
8  0
10  -7
6  3
7  0
7  0
9  5
4  -5
6  2
8  -2
9  6
6  4
8  -1
6  3
9  7
7  1
7  0
8  -1
7  2
6  1
7  2
6  3
7  -2
8  -4
6  4
7  0
7  -1
9  6
6  3
8  -2
9  8
8  -1
8  -4
9  5
7  -1
8  -3
7  -1
6  1
7  -2
8  -1
6  4
7  0
7  -1
6  1
7  1
9  9
7  0
7  -1
8  -3
7  -2
8  -3
9  6
8  -2
8  -3
7  -2
7  -2
7  -2
7  2
7  2
8  -3
8  0
8  -2
10  -7
7  1
5  -2
8  0
7  2
8  -1
6  5
7  -1
6  4
9  6
7  1
7  -1
8  0
8  -1
9  5
8  -1
7  -1
8  -4
8  -4
8  -2
7  -1
8  -4
7  0
8  -4
7  -1
8  -4
8  -4
6  1
7  -1
8  -2
9  7
9  9
10  -4
9  5
8  0
6  2
9  5
7  -1
9  8
7  1
7  1
8  -1
8  -2
10  -7
7  -2
9  8
7  0
8  -3
7  0
8  -2
9  5
8  -1
7  -2
6  5
10  -4
8  -3
8  -1
6  3
6  5
7  1
9  9
5  -1
6  4
8  -3
7  1
7  0
8  0
10  -3
7  0
8  -4
8  -4
8  -4
7  0
7  2
8  0
6  1
10  -7
9  9
7  -2
7  1
6  3
8  -3
7  -2
10  -5
7  2
7  1
9  5
7  -2
6  5
10  -6
7  0
7  1
9  5
7  -2
7  -2
7  0
7  -2
6  4
8  -1
7  1
7  0
7  -2
7  0
6  4
7  -1
7  -1
8  -2
8  -1
9  8
7  -1
7  1
7  -2
8  0
8  -3
7  2
7  2
8  -1
8  0
6  2
10  -6
7  -2
7  2
7  1
9  9
6  4
8  -2
9  6
7  1
7  -2
9  7
7  2
8  -2
7  -1
8  -2
9  9
8  -3
7  -1
9  9
6  4
7  -1
6  1
6  1
7  -2
7  0
8  0
7  -2
6  3
8  -4
8  -1
8  -3
8  -2
7  1
7  1
6  2
7  2
8  -2
5  -1
9  7
7  0
8  -4
7  -1
8  -3
9  9
8  0
10  -7
9  6
9  6
7  0
6  3
7  1
8  -4
9  9
7  2
8  -2
9  7
9  9
7  1
9  7
7  -1
8  -2
6  3
8  -3
8  -2
8  0
9  8
10  -7
6  4
7  1
8  -2
7  1
9  9
8  0
8  -1
8  -1
7  -1
8  0
5  -1
7  1
8  -3
8  -4
7  -2
10  -4
7  0
9  6
7  -1
7  0
9  5
7  -1
8  -3
7  0
7  2
7  0
7  0
7  -2
8  -1
6  2
7  0
6  1
8  -3
8  -3
7  0
7  2
7  1
8  -3
8  -4
7  2
8  -2
8  -4
7  2
8  -1
8  -4
6  1
8  -1
7  1
8  0
8  -2
8  0
8  -1
10  -6
8  -3
8  -3
7  -2
8  -3
9  7
7  -2
8  0
8  -1
8  -4
9  8
7  1
5  -1
8  -4
7  -2
7  2
7  2
7  1
6  5
9  7
8  -1
8  -4
8  -2
8  -1
9  6
8  -4
10  -7
8  -2
7  -1
7  0
8  -4
9  6
9  7
7  -2
8  -4
9  9
6  4
8  -3
8  -3
7  1
10  -6
8  -1
7  1
6  2
10  -3
5  0
7  -1
7  -2
8  -3
6  1
6  1
8  0
7  2
8  0
8  -3
8  -1
8  -4
7  2
7  1
8  -1
7  2
8  -4
8  -2
6  2
7  0
8  -4
5  -3
8  0
6  3
8  -1
7  2
8  0
9  9
9  6
10  -7
8  -2
8  -4
8  -2
7  1
7  2
5  -1
6  2
8  -3
8  -1
7  -2
7  2
8  -1
9  5
6  4
7  0
8  -2
6  4
10  -7
8  -2
7  2
8  -2
8  -4
8  0
9  6
6  2
8  -4
8  -4
7  1
7  -1
9  7
