13  -6
12  3
11  0
10  -7
10  -8
10  -7
10  -7
11  -4
10  -3
10  -7
11  2
11  -1
10  -7
9  2
11  -4
8  2
11  -5
12  -2
10  -9
8  3
11  -3
12  -1
10  -9
11  2
12  0
13  -6
9  0
11  -2
10  -5
9  3
9  4
12  -3
10  -8
9  -3
10  -4
13  -6
12  4
10  -10
10  -6
11  -4
11  -2
11  -6
9  -1
10  -6
10  -8
13  -11
11  1
9  2
13  -5
13  -11
10  -6
10  -11
10  -10
11  -3
9  -1
11  -5
12  1
12  -3
10  -7
10  -8
13  -3
11  0
13  -5
10  -11
11  0
11  -6
10  -11
10  -10
9  3
10  -6
9  2
11  -3
11  -5
10  -11
12  5
9  5
9  -1
13  -9
9  5
10  -4
11  -2
12  1
12  2
10  -4
10  -3
9  2
10  -3
8  1
12  -3
10  -6
10  -11
11  -4
11  1
11  -4
12  -2
12  -2
13  -9
11  2
11  -2
10  -3
10  -9
9  1
13  -10
9  1
8  5
11  -6
9  1
11  -2
11  -1
13  -7
9  1
11  -5
9  1
11  -2
8  -1
10  -3
12  0
10  -9
11  -4
12  0
9  -1
11  0
12  5
11  -3
10  -3
11  -3
10  -3
13  -7
9  -3
11  -5
11  2
10  -7
8  -2
11  -3
13  -6
11  -1
11  -6
12  -2
10  -9
12  1
13  -9
12  3
11  -1
10  -11
11  -3
9  -1
12  -3
11  -2
12  5
12  -1
9  -3
12  -3
12  -1
11  -3
13  -9
11  -5
10  -6
12  1
11  -3
11  -3
8  4
10  -11
10  -8
11  -5
9  -1
10  -7
13  -9
9  1
11  -1
13  -6
11  -5
9  4
10  -6
10  -7
8  -2
10  -11
10  -5
10  -11
13  -10
10  -7
10  -3
11  2
12  5
11  -1
12  1
11  1
10  -4
12  -2
8  3
8  -2
10  -10
10  -8
11  1
12  -3
12  -1
8  6
12  2
11  -5
14  0
10  -4
9  5
11  -2
12  0
11  0
10  -8
10  -11
12  -2
10  -4
10  -5
10  -7
11  0
9  -3
12  -2
13  -5
9  1
10  -10
9  4
12  -1
10  -3
9  0
11  -5
10  -7
12  3
11  -4
12  3
10  -5
11  -3
13  -5
11  -2
10  -6
11  0
12  2
10  -6
8  3
13  -8
10  -7
12  -2
11  -1
8  -2
11  2
14  0
10  -4
13  -9
11  2
11  2
11  -4
10  -11
12  4
11  1
13  -4
11  2
10  -8
9  -2
14  7
10  -6
12  1
11  -1
8  -2
12  -1
11  2
11  2
8  -2
10  -3
13  -11
11  1
12  -3
11  -2
9  2
10  -5
11  -3
9  -3
11  -4
9  2
11  -6
12  5
10  -5
11  -3
13  -3
10  -8
11  -3
11  -4
10  -5
9  -1
11  -3
10  -10
10  -4
10  -6
10  -7
10  -10
10  -5
13  -3
9  5
9  4
12  2
8  1
11  -5
10  -6
13  -10
12  1
8  4
11  -6
13  -8
13  -6
10  -11
12  2
10  -3
11  -5
9  3
11  -3
12  5
11  2
11  -5
10  -6
12  1
9  3
7  2
12  -3
12  -3
11  -6
11  1
11  2
9  0
7  3
11  -2
12  5
13  -9
10  -3
8  3
10  -5
11  -2
12  3
10  -8
10  -3
9  -1
11  -2
10  -7
12  1
12  0
9  2
10  -6
12  5
12  0
12  -1
8  4
13  -4
12  -2
14  0
13  -10
10  -11
13  -3
14  0
10  -6
10  -8
11  2
13  -6
12  1
13  -7
10  -11
12  -1
8  -1
11  -2
10  -3
14  2
10  -5
10  -10
10  -7
8  3
12  4
12  -2
11  -5
9  0
12  -2
12  -1
12  1
11  2
11  1
11  2
10  -4
13  -11
8  6
8  -1
12  4
10  -3
10  -7
10  -8
11  1
11  -4
11  0
13  -4
10  -3
10  -6
12  -3
10  -3
13  -6
12  -3
9  -1
10  -11
10  -10
8  -2
12  -1
10  -11
12  -2
12  2
10  -10
11  2
9  1
11  -5
10  -11
8  5
9  -3
10  -11
10  -10
11  -2
12  -1
13  -6
11  -3
11  -2
10  -10
11  -3
9  0
12  1
10  -6
10  -6
12  5
6  1
12  -2
14  1
13  -8
12  0
9  1
11  -4
11  -2
13  -3
10  -8
10  -4
11  -4
11  -5
11  -6
9  1
13  -3
10  -7
11  -2
12  2
11  -4
12  1
10  -5
12  1
11  1
11  -5
12  3
10  -9
11  1
11  -4
13  -8
13  -5
13  -9
10  -7
9  0
11  2
11  -6
11  0
10  -7
12  0
12  -1
9  -2
13  -6
12  0
9  2
11  -2
11  -1
11  -3
11  -6
11  2
9  5
10  -3
11  2
10  -7
11  2
14  5
9  2
10  -8
11  -5
8  3
8  6
10  -3
10  -10
12  1
10  -4
11  -4
13  -6
13  -10
12  3
11  -4
12  0
10  -4
10  -7
10  -7
9  0
10  -5
9  5
13  -11
10  -9
13  -6
12  3
9  4
9  -2
12  -2
13  -5
11  2
10  -9
10  -3
11  -5
8  2
13  -11
9  4
10  -5
9  4
11  -1
11  0
9  1
9  -1
10  -10
8  0
11  1
11  -3
10  -3
9  -1
10  -5
11  -5
10  -11
10  -11
11  1
13  -4
9  -3
10  -5
11  -3
10  -10
10  -5
12  -1
11  0
11  0
10  -8
9  2
10  -4
11  -2
12  5
10  -8
10  -5
11  -5
10  -11
12  2
10  -9
12  2
10  -7
11  -3
13  -7
13  -8
10  -5
12  0
9  1
11  1
10  -3
12  -2
11  -5
12  1
11  0
12  4
11  1
13  -4
13  -11
9  5
13  -3
8  4
11  -5
9  1
8  5
11  0
9  3
13  -8
14  1
10  -8
9  1
11  -3
12  -1
9  4
13  -10
12  -2
11  -1
7  3
11  -1
11  -4
11  -5
11  -2
10  -6
11  -4
12  -1
12  2
13  -3
11  -3
14  6
13  -8
11  2
9  -3
13  -5
13  -11
8  1
14  1
9  4
12  1
12  0
8  -2
11  -6
9  0
10  -7
9  -2
12  2
11  -4
11  -3
13  -9
9  5
13  -7
11  -3
10  -10
13  -10
11  -2
14  5
11  0
10  -3
11  -4
11  -6
10  -11
12  4
11  -5
8  5
11  -6
9  1
10  -11
12  3
14  -1
12  5
10  -9
10  -8
9  3
11  -1
13  -10
12  0
9  1
12  -3
11  -6
10  -9
10  -11
10  -8
10  -5
12  -3
9  0
13  -10
11  -6
11  -6
13  -9
11  -4
11  0
13  -9
10  -7
12  5
10  -6
11  2
10  -10
11  1
11  -4
10  -8
14  6
11  -4
9  5
10  -8
11  0
9  4
13  -8
9  -3
10  -10
12  0
11  0
11  2
12  -1
7  8
11  -3
10  -5
12  0
13  -6
8  0
11  0
11  -6
12  -3
12  -1
8  0
12  1
9  4
12  -2
11  -2
9  2
10  -4
10  -9
12  5
9  -2
12  -3
13  -7
9  -3
13  -7
11  -2
8  5
9  1
12  5
10  -9
9  -3
11  -5
12  1
13  -4
10  -3
13  -4
7  8
11  1
11  1
14  6
10  -11
12  -2
11  -3
11  -6
11  1
11  1
11  0
13  -11
11  -4
11  -6
10  -10
10  -4
8  2
10  -4
11  2
9  5
10  -11
10  -9
10  -3
13  -5
13  -7
12  1
11  -3
11  -1
11  -1
10  -6
11  -3
10  -9
12  0
12  -1
13  -11
8  0
10  -6
10  -3
15  5
10  -11
10  -7
9  5
13  -10
14  4
7  2
10  -8
13  -3
9  -2
11  -3
12  3
11  -4
9  -3
11  2
8  4
11  -6
9  0
12  2
9  2
8  0
12  1
14  3
11  2
12  3
12  -2
13  -9
11  -5
10  -7
10  -9
14  1
10  -5
11  -6
12  1
11  1
9  2
10  -5
13  -4
12  1
9  -3
12  0
12  5
11  -1
12  3
11  -2
12  2
13  -4
12  1
11  -6
14  5
12  4
13  -10
9  2
10  -11
12  2
12  -2
10  -10
10  -11
13  -4
13  -3
10  -10
8  -1
11  -6
12  -1
12  0
13  -10
10  -6
10  -9
11  2
12  2
13  -11
13  -5
11  -1
12  -3
12  4
10  -3
9  0
10  -7
9  4
12  3
13  -7
12  -3
13  -5
9  0
11  -4
10  -10
12  4
12  -1
12  -1
13  -10
11  -1
12  5
11  2
9  1
12  1
12  4
13  -10
13  -9
11  2
12  -2
11  2
10  -9
9  0
7  5
11  2
8  4
11  -2
10  -6
11  1
10  -4
12  5
11  -2
11  -2
11  -5
11  2
10  -11
9  1
10  -9
9  3
10  -6
9  4
11  0
13  -3
10  -6
14  7
8  -2
10  -3
11  -1
10  -7
11  2
14  -1
11  -2
9  -3
10  -4
14  6
13  -10
12  -2
11  1
10  -7
11  -2
12  0
9  -1
10  -8
9  -1
10  -7
12  -1
7  2
13  -10
9  5
9  -1
12  0
12  -2
11  -6
12  4
11  -2
10  -9
11  -1
8  3
11  -3
13  -3
10  -3
9  -2
12  5
13  -6
10  -3
9  2
13  -5
10  -8
11  -3
12  1
12  1
12  0
10  -9
12  5
10  -10
12  -3
9  -2
11  0
12  4
8  -2
8  4
10  -9
7  6
9  -2
13  -9
12  -2
11  -1
10  -5
14  6
10  -5
10  -6
9  -3
12  1
11  -5
10  -8
12  1
12  3
12  4
13  -6
10  -3
9  -3
9  5
8  2
9  4
12  2
12  2
12  -3
9  4
11  -2
13  -6
9  -3
13  -5
12  -2
9  1
12  -2
11  -4
11  -5
10  -7
12  0
12  2
12  -2
10  -8
14  1
10  -8
11  0
11  -4
10  -9
10  -3
11  -4
10  -8
10  -9
11  -3
10  -6
14  6
8  3
10  -3
9  0
10  -9
10  -4
8  0
12  -2
7  1
12  5
10  -11
