12  -6
11  -1
13  -7
11  4
12  -5
13  -5
14  7
11  2
13  5
12  -5
12  -8
12  -2
12  -2
14  6
11  4
11  2
12  -7
13  -7
10  -4
12  -9
12  -1
12  -7
11  6
14  8
14  2
11  4
13  0
13  -5
14  11
11  5
10  -1
11  6
13  -2
12  -2
11  6
14  8
12  -2
13  0
12  -9
12  -8
12  0
13  -3
13  2
12  -8
12  -9
13  2
11  0
13  4
12  -4
14  7
12  -5
14  6
12  -4
13  5
12  -9
13  -5
14  5
12  -9
13  -1
12  0
13  -3
14  8
11  1
13  -6
13  -1
12  -8
13  -6
13  5
12  -1
12  1
11  -4
14  9
13  -3
13  -5
13  2
11  3
13  -5
11  5
12  -6
11  -4
14  11
13  2
14  4
13  -2
12  0
12  -3
13  -6
12  -2
11  6
14  11
12  2
13  1
13  -1
13  4
11  3
12  -9
13  4
12  2
13  -1
14  4
12  0
12  1
13  3
12  -10
12  1
13  -2
12  0
13  3
12  0
13  3
11  -2
13  3
12  -5
12  -1
12  -7
13  -2
14  11
12  -9
13  1
11  -3
13  1
14  8
13  0
11  -3
14  0
10  -4
12  -4
13  1
12  -3
10  2
11  -6
13  -7
14  5
11  0
13  -3
12  -4
11  -3
13  -4
11  -4
13  -5
11  -1
14  11
12  -4
14  11
11  3
13  2
12  -3
14  10
10  -4
13  -4
13  4
11  5
14  3
10  -6
10  1
12  0
14  12
13  0
12  -9
12  -8
11  3
13  -3
12  1
12  -3
13  -1
13  1
12  2
12  1
13  4
14  3
12  -6
12  -4
9  2
11  -4
13  -4
12  -4
11  -2
14  10
12  -4
13  -5
11  6
12  2
12  0
13  0
11  6
11  0
12  1
14  3
12  -5
13  -3
11  0
13  2
13  3
11  3
13  1
12  2
14  8
14  11
11  -5
14  8
10  -7
13  -2
12  -2
13  1
10  0
13  0
13  -4
13  -7
11  -3
14  1
12  -9
12  -2
12  -10
14  7
11  1
11  -4
12  -10
12  -5
12  -2
11  6
12  -1
12  2
13  -2
12  0
13  1
13  -2
10  -1
13  3
12  -8
13  5
12  -7
11  5
11  4
11  1
11  -3
10  2
12  -3
13  2
13  4
13  -4
13  -4
12  -4
12  -9
13  -2
12  -10
14  3
13  1
12  -7
11  1
14  5
12  1
14  4
13  5
12  -10
13  -3
14  12
12  0
11  4
11  -3
13  5
14  7
13  -3
12  -10
13  2
11  -2
12  -4
13  -4
12  0
12  -6
14  0
10  -8
12  -2
12  -10
11  -5
11  3
12  0
11  5
12  1
13  2
11  4
13  -5
12  -1
12  -6
12  2
13  5
14  12
14  1
12  -3
12  -4
13  5
13  -6
12  2
11  6
13  -2
12  -3
12  -8
11  6
10  -1
11  -1
13  -2
13  -1
14  6
14  1
11  4
10  -1
14  8
12  -5
12  -2
12  -1
12  2
14  8
12  -6
11  3
13  0
13  3
14  8
11  -5
13  3
13  0
13  -4
13  3
14  6
12  -7
13  -7
13  -7
12  -1
13  -7
14  3
12  2
12  -4
13  5
11  -1
11  1
13  -4
12  -3
13  -4
13  5
12  -8
12  1
12  -4
11  0
12  -3
11  -2
12  -4
13  4
13  -3
12  0
14  8
14  11
11  -4
14  12
11  -2
13  -2
12  1
13  -7
12  -6
13  4
12  2
11  4
12  -4
14  12
12  1
12  -4
11  -1
13  -6
11  4
13  5
12  -1
12  0
11  -6
12  -2
13  -4
12  -2
14  7
12  -1
13  0
14  4
11  5
13  1
13  -2
11  5
12  -3
12  2
13  5
13  3
13  -6
12  -2
13  1
13  2
13  -3
12  -10
13  4
12  0
12  -9
12  0
13  -1
14  7
11  0
13  -7
11  5
12  -9
11  -5
12  -10
12  -2
14  1
14  8
12  -7
13  -5
12  -9
14  7
12  -3
13  3
10  2
13  -5
13  -6
11  4
12  -1
13  5
12  -4
11  0
13  -2
13  0
13  -5
12  -10
14  10
13  4
13  -1
11  0
14  2
12  -10
12  -3
12  -3
12  2
14  8
12  -7
11  -5
12  -4
13  5
12  -9
12  -8
14  11
12  -6
12  -6
14  1
14  1
11  6
14  9
13  -1
13  -3
14  9
12  -6
12  -6
14  12
13  0
14  1
12  2
13  1
13  -2
12  -5
12  -9
12  -8
13  -3
13  1
13  -3
11  4
11  -1
12  -5
12  0
11  -6
14  0
13  -6
12  -4
11  0
11  3
10  -3
12  -1
13  -5
13  -6
13  -1
13  0
12  -7
13  1
12  -2
13  2
13  -3
13  3
14  6
12  -1
13  2
13  -5
13  -3
14  0
13  -2
12  -9
12  -7
11  3
12  -4
13  -7
13  -5
11  -6
12  -7
13  -2
10  -8
13  0
12  2
13  -4
13  -2
12  0
13  -1
13  0
13  -2
14  7
13  -7
13  -5
13  -6
13  -2
12  2
13  4
14  9
11  -1
13  -4
13  -3
13  -6
13  -6
14  12
12  -10
11  -2
12  -6
13  5
11  4
14  4
14  7
12  -3
13  -3
11  2
14  5
10  -1
12  -7
12  -7
12  0
13  0
12  -4
14  10
12  -9
13  0
12  1
12  -5
14  0
12  -5
13  -4
13  0
12  -10
13  -1
12  -1
13  3
12  -5
12  -7
13  -3
13  -6
13  2
13  3
12  -2
13  -1
11  -5
13  3
11  1
13  3
12  2
12  -8
14  6
12  -6
11  -4
13  -7
13  5
14  11
11  0
12  1
13  2
13  1
13  -6
13  -2
11  5
11  3
13  -4
14  0
12  -3
13  -6
12  -7
12  -4
12  1
14  8
13  -4
11  -5
12  -4
11  -1
12  1
12  -5
11  -3
14  3
11  3
13  -2
13  4
12  -4
12  2
13  4
11  -2
11  0
12  -8
13  -5
13  2
13  3
13  -2
11  6
13  5
12  -5
13  -6
11  -6
12  2
13  -1
14  5
12  1
13  -5
12  1
11  -5
11  -4
13  -2
14  11
13  -5
13  0
13  -1
12  -3
12  -2
12  -9
14  2
12  -7
12  -6
13  -6
12  -9
11  -2
14  9
12  -4
12  -1
12  2
14  12
13  4
12  -5
12  -7
13  -2
13  3
14  0
14  2
14  10
11  3
13  5
12  1
12  0
12  1
14  6
12  -1
12  -10
14  1
13  4
10  2
13  -4
12  2
13  5
12  -6
12  -9
14  0
13  -5
13  5
9  6
13  -4
11  -4
12  0
12  -2
12  -4
13  5
13  -5
13  -6
12  -8
11  -5
11  6
11  -4
13  -3
11  1
12  -6
13  2
13  -7
14  10
13  -6
13  -2
12  2
13  -2
10  -3
11  6
12  0
13  0
12  -7
13  -2
12  0
14  3
12  0
13  2
12  -1
14  3
13  2
12  2
12  -6
11  -5
12  -1
11  -3
13  3
13  5
12  -9
13  3
13  -6
12  1
13  3
12  1
13  0
13  -2
12  -8
12  -6
13  2
11  -4
14  10
13  -6
11  6
12  -2
12  1
13  -1
11  3
11  -5
13  1
12  -7
11  0
11  3
13  -2
11  1
13  0
12  1
12  0
14  4
13  2
14  4
12  2
14  7
13  -7
14  11
14  9
11  0
14  11
13  -1
13  -3
13  3
12  2
12  -7
13  3
13  -3
13  -7
12  1
12  1
13  1
13  0
13  4
12  2
12  1
12  2
12  -6
12  -10
11  3
13  -1
14  6
12  -4
10  -8
12  -4
12  2
13  -2
12  -6
13  5
12  0
12  -9
13  -4
13  0
14  4
13  5
13  3
13  -1
10  1
14  9
13  -6
12  1
13  2
12  -8
13  5
12  2
12  -1
13  -5
11  0
12  -8
14  7
13  -2
12  -3
13  -7
12  -10
14  1
13  3
11  3
12  0
11  -5
13  2
14  7
14  11
12  -1
12  2
13  1
12  -5
13  3
13  4
13  0
12  -3
11  -3
12  -3
12  2
12  -1
11  -5
9  9
12  -3
12  -1
12  -1
12  2
12  -6
13  5
13  5
12  1
11  1
12  -8
12  -5
14  4
13  -4
12  -4
12  1
10  -8
13  4
12  1
13  2
12  -10
11  -4
11  2
13  -4
14  11
14  0
14  8
12  0
13  -1
13  -6
10  -6
12  -2
12  -6
12  1
13  0
13  0
13  -1
13  -7
12  -6
13  0
14  12
12  -2
11  -2
13  -2
13  -5
12  -7
11  1
13  -1
13  4
11  -5
12  -10
12  0
12  -5
12  -3
11  1
11  5
12  -2
14  1
13  -3
12  -5
12  -9
11  2
13  -3
12  -7
12  -7
13  -1
13  -5
12  -1
12  2
9  6
13  -6
14  3
12  -10
14  1
13  -6
13  -1
12  -6
13  -3
13  -2
13  1
12  -5
13  -4
13  -1
13  5
13  -5
13  5
12  -10
12  -6
13  0
13  -6
12  2
12  -1
11  -6
11  -4
12  -1
12  -2
14  12
12  -6
13  3
14  5
13  4
13  0
12  -7
12  -5
12  2
11  -2
12  -10
12  -4
12  -3
13  -4
11  -2
12  -6
14  0
11  2
11  -5
12  2
12  2
13  4
12  -2
14  11
14  7
13  -2
13  -2
14  3
11  2
13  1
11  4
14  11
12  -10
13  5
14  4
14  8
13  -5
13  -5
14  1
13  -6
12  -3
11  2
13  -2
13  4
12  -5
11  1
11  -3
11  1
12  -1
13  -2
12  -7
13  -4
13  -3
12  -3
14  9
12  -3
12  -1
13  1
12  -8
13  4
13  3
11  5
14  1
12  -6
13  -4
14  0
13  4
13  -5
12  -3
13  1
13  1
14  10
14  8
11  0
13  -2
13  -4
14  6
