8  4
7  -7
8  8
8  -4
7  -5
8  7
6  2
8  -1
8  6
8  -4
8  -2
8  -4
7  -1
7  -9
6  7
7  0
6  -3
6  -3
6  -2
8  3
7  -9
6  6
6  10
7  -9
7  -1
8  5
7  -10
5  2
6  10
8  -5
8  -5
8  -4
7  -3
7  -1
7  -10
8  6
7  -10
6  -3
6  0
6  8
6  7
7  -12
6  1
6  11
7  -1
8  3
6  -3
6  9
8  7
6  5
7  -4
8  3
6  -1
5  -3
7  -3
5  6
8  -3
7  -7
6  3
8  4
8  2
7  -9
8  6
7  -11
6  1
7  -9
7  -7
8  4
8  4
7  -9
7  -10
5  0
7  -13
8  6
5  6
8  1
8  -4
7  -8
7  -9
8  6
7  -10
7  -7
7  -4
7  1
7  0
7  -5
8  5
7  -7
6  7
7  -4
7  -1
7  -12
8  -6
7  0
7  -5
8  -2
7  0
7  -8
8  -3
7  -12
7  -6
8  -4
8  0
6  9
8  0
8  -1
6  6
7  -1
8  3
6  -2
8  8
7  -8
7  1
6  -3
7  -12
7  -1
7  -5
7  -6
6  6
6  7
8  7
8  -6
6  10
7  -6
6  2
6  1
5  3
7  -1
7  -7
8  -2
8  1
7  -10
7  0
7  -5
5  2
6  8
8  -6
7  1
7  -3
7  -13
7  -7
8  -6
7  -13
6  10
7  -7
7  -2
8  -5
7  -9
7  -6
6  -2
8  -4
7  -9
8  -3
8  -2
7  -6
6  6
7  -9
6  11
7  -13
5  -4
8  8
5  1
6  4
7  -1
8  -2
7  0
8  -3
7  -11
8  4
7  -11
7  0
5  6
6  7
8  3
7  -4
6  3
8  -3
7  -13
6  10
6  7
8  1
8  3
8  0
8  -6
7  -7
7  -5
7  -1
5  0
7  -12
6  -1
7  -7
6  -1
7  1
8  -2
7  1
8  6
8  -2
7  -11
7  -9
8  6
7  -9
6  3
7  -8
7  -8
8  -3
6  9
6  8
8  6
7  -13
6  -2
6  2
6  -2
7  -12
8  -5
7  0
7  -12
6  8
7  -4
7  -8
8  2
6  9
8  -1
7  0
8  8
6  5
8  5
8  6
7  0
7  -13
7  1
7  -3
7  0
7  -13
7  -13
7  -1
8  -5
8  1
6  4
8  -2
8  7
6  5
8  -1
8  2
7  -9
8  1
7  -5
8  -4
7  -2
7  -4
6  10
7  -8
6  3
6  8
7  -1
6  4
6  0
7  -3
7  -7
7  -4
8  -5
6  -3
8  0
8  5
8  -6
7  -11
4  -5
7  -9
6  3
6  7
7  -10
8  -4
6  5
8  8
6  3
7  -12
6  8
7  -1
8  -1
7  -7
7  -10
7  0
7  -8
8  1
8  -4
7  -2
8  8
7  -10
8  8
6  2
6  4
7  -6
6  6
7  -8
6  3
7  -8
8  8
7  -2
6  0
8  -3
8  -2
8  3
7  -5
6  5
8  3
7  -12
6  6
7  -8
8  0
8  1
6  2
8  4
7  -9
7  -5
7  -7
8  1
7  -4
6  2
7  -7
8  -1
8  4
6  5
8  -4
7  1
8  -4
7  -13
6  8
8  -4
7  -8
7  1
8  3
6  8
7  -7
5  6
7  -9
7  -12
6  2
7  0
8  5
7  -1
8  -6
8  5
7  1
7  -1
6  7
6  2
6  11
8  -5
7  -12
6  5
8  -2
7  -10
8  6
8  -6
7  -6
8  3
7  -13
6  4
8  2
8  7
8  -5
7  -6
7  -9
7  -13
6  6
8  4
8  -3
8  -6
6  3
7  0
7  -8
7  -7
7  -1
6  0
6  -2
8  8
8  -5
6  3
6  9
8  -6
8  8
6  -2
5  6
7  -12
7  -3
8  -4
7  -8
7  -12
7  -9
5  4
5  3
7  -5
8  -4
6  5
7  -13
7  -3
7  1
7  -5
8  -1
7  1
8  -2
7  1
7  -5
5  -2
8  -1
6  0
7  -13
6  3
7  -3
6  0
6  -2
8  -4
6  8
5  3
8  4
8  -6
7  -8
6  2
7  0
8  5
7  -6
7  -5
7  -4
7  -5
6  9
7  -8
7  -4
7  -7
8  1
7  1
7  -5
8  1
7  -10
8  -3
8  -4
7  -9
6  5
6  8
6  3
7  -5
6  5
6  5
5  -6
6  2
7  -2
6  0
8  -4
8  3
8  0
8  5
7  -10
8  8
8  0
7  1
8  3
8  4
7  -1
7  -7
7  -3
7  -3
8  -5
8  8
7  1
7  1
7  -13
6  6
7  -9
8  -1
8  5
8  -5
5  5
6  8
8  -6
6  2
7  -8
5  1
7  -8
8  -6
6  6
7  -6
7  -8
6  0
6  11
8  -5
8  1
7  -10
7  -11
7  -4
5  2
7  -7
8  8
7  -3
8  0
8  2
7  1
8  6
7  -8
7  -4
5  -7
7  -4
8  -1
7  0
7  -4
8  -6
7  -3
7  -5
7  -8
8  2
8  0
8  -4
8  0
5  2
8  8
5  -4
6  3
7  -5
7  -13
6  11
6  1
8  8
6  10
8  3
6  4
7  1
6  1
7  -4
6  5
8  -4
6  2
5  -3
8  8
7  -7
8  6
8  -1
6  5
7  -4
5  3
7  -11
8  3
5  -2
8  8
7  -5
6  6
7  -1
6  2
8  5
8  7
7  -7
8  -6
7  -8
7  -8
6  10
7  -12
7  0
6  7
7  -8
8  5
6  4
7  -6
7  -12
7  -12
8  5
7  -2
8  -5
8  -5
8  3
7  -6
7  -5
7  -4
7  1
7  -11
7  -12
8  3
8  5
8  -6
7  -4
5  -1
8  -5
8  -5
7  -9
7  -12
8  8
8  -4
7  -10
6  4
8  -3
7  -8
7  -9
8  -5
6  -1
8  4
7  -12
8  3
7  -9
7  -8
7  -4
7  -2
6  4
6  6
8  -2
6  11
7  -10
8  -6
8  -6
7  -11
5  -4
7  -9
7  -5
6  7
6  1
7  -6
8  -3
8  -6
7  -5
6  7
8  -1
6  4
7  -13
7  -11
7  -13
7  -7
8  3
8  1
7  -13
7  -10
7  -10
7  -8
7  -6
7  -5
7  -10
8  5
8  4
7  -3
6  5
6  -1
5  -1
8  0
6  1
5  1
8  3
6  -1
6  3
8  5
7  -7
7  -4
6  9
5  6
8  0
7  -7
5  -6
7  -2
6  5
5  -7
7  -10
6  1
7  -5
7  -11
7  -4
8  -4
5  -1
5  -5
7  -8
8  -4
7  -9
6  11
8  1
6  9
7  -6
6  3
8  3
6  3
6  1
7  -1
8  0
7  -9
7  -12
8  4
7  -12
8  -4
6  7
6  1
8  6
6  8
6  1
7  -11
7  1
6  6
8  -1
6  9
6  4
8  7
7  -4
6  11
6  11
6  10
7  -8
7  -5
7  -8
6  -1
5  2
7  -12
7  -5
4  5
8  -6
6  8
7  -6
7  -3
6  8
7  -10
7  -11
7  -2
7  -13
6  1
7  -8
7  -12
7  -11
6  3
7  -1
6  -2
5  1
8  -4
6  0
7  -2
7  -5
6  6
8  1
6  11
7  1
7  -10
7  -3
7  -3
8  -2
8  8
6  -3
6  3
7  -2
7  -11
7  -6
7  -11
6  5
6  5
8  0
6  8
7  -1
7  -5
6  -2
8  2
8  8
7  -7
7  -11
8  0
8  -5
6  10
6  6
6  -1
7  -5
7  -3
7  -13
7  -11
6  2
8  2
7  -11
5  -4
6  11
5  6
7  -8
7  -2
7  -4
8  -2
7  0
7  -12
6  -3
8  0
6  6
8  -1
6  -1
7  0
8  3
7  -3
7  -8
7  -9
7  -9
8  7
6  8
6  6
8  2
6  1
8  3
6  -3
8  4
7  -7
8  -6
7  -5
6  7
7  -3
7  -4
7  -6
7  -3
5  5
6  3
7  -8
8  8
6  -3
7  -3
5  5
8  3
7  -10
7  -9
8  -5
8  -3
7  -11
8  0
7  -5
6  7
7  -10
6  7
7  0
7  -10
7  -5
6  -2
8  4
6  5
8  4
6  4
6  1
6  6
7  -6
7  -2
8  6
7  -10
6  10
7  -12
7  -7
8  -2
5  -5
5  3
6  11
7  -4
7  -2
7  1
6  -1
6  6
6  5
7  -4
7  0
8  -5
7  0
8  8
6  2
8  -6
7  -5
6  5
7  0
7  -2
7  -6
7  1
7  -2
6  5
7  -6
8  -3
8  8
8  -4
8  -3
8  1
8  -1
7  -2
7  -3
7  -12
7  -12
8  -4
8  0
8  7
8  7
6  10
8  -6
6  5
6  0
7  -10
6  -1
7  -5
7  -2
7  -4
8  -2
7  -4
7  -7
7  -6
7  -10
6  5
7  -4
7  -4
8  6
6  -3
7  -8
6  7
8  7
8  7
8  8
8  -2
8  7
7  0
7  -10
7  -2
5  2
7  -5
7  -5
7  0
7  -1
8  -2
7  -6
5  0
8  4
8  6
8  -3
8  2
7  -1
6  8
8  -3
7  -8
7  -7
7  -6
6  2
8  -3
8  -2
6  8
6  9
8  6
7  -11
6  11
7  -9
7  -4
6  -2
7  0
8  8
7  -10
6  7
6  -2
7  -5
5  -4
6  4
7  -13
7  -7
6  10
7  -7
7  -3
8  -3
7  -11
7  -11
8  -3
8  4
7  -3
7  -3
7  -5
7  0
7  -2
6  -2
6  -2
8  0
7  -5
7  -12
7  -8
8  -3
6  4
6  1
7  -3
8  -6
8  6
7  -8
7  -3
6  -2
6  5
7  -13
7  -3
6  4
8  0
5  6
8  3
8  2
8  -1
7  -6
7  -11
7  -5
7  -8
6  -3
7  -9
7  0
8  3
7  -8
7  -2
7  -1
7  -2
8  -1
6  3
8  7
7  -11
7  -2
8  4
7  -10
8  8
7  -13
8  -2
7  1
