13  -6
12  -5
13  -10
11  -8
14  -7
10  -1
12  -1
11  -6
13  -2
13  -8
13  -2
15  -6
13  -4
10  2
13  -3
10  6
14  -12
14  -8
11  -9
9  -2
12  3
14  -7
13  0
13  -4
13  -5
10  -2
13  0
11  -4
10  8
11  0
13  -9
11  -8
12  4
10  2
9  -1
12  -2
15  -7
13  -10
14  -7
11  -3
10  -2
11  -1
12  2
12  5
13  -8
14  -4
13  0
13  -1
13  -3
11  -6
13  0
12  -2
14  -9
11  -9
11  -2
12  2
11  -4
14  -3
16  3
10  2
13  -10
14  -9
14  -8
11  -10
13  -10
11  -9
13  -9
11  -9
13  -7
11  -10
12  -5
13  -8
10  -1
14  -8
13  0
12  3
13  -3
13  -3
11  -8
14  -5
14  -7
13  -6
11  -7
13  -10
13  -3
12  0
12  5
15  -2
14  -5
13  -8
14  -4
12  1
13  -4
13  -7
11  -6
15  -1
15  -4
14  -2
13  -4
14  -10
12  4
12  -5
11  -7
11  -4
14  -8
12  -4
12  -1
15  -2
13  -9
11  -3
14  -5
11  -8
12  -2
15  -6
12  -4
13  -6
13  0
12  2
12  -5
11  -4
12  -5
12  -5
13  -2
13  -8
12  1
12  0
12  0
13  -10
13  -1
11  -6
10  1
14  -2
12  5
11  -10
9  7
12  -1
14  -9
12  -2
11  -7
12  -4
11  -10
13  -6
13  -6
13  -2
13  -8
11  -6
13  -4
11  -2
12  -5
13  -9
14  -8
11  -4
14  -10
10  -2
12  -4
13  -10
12  0
11  -10
12  1
12  -4
13  -2
12  2
10  8
13  -9
12  1
13  -5
11  0
10  8
11  -7
9  1
13  -5
13  -1
12  -3
10  -2
14  -4
11  -1
14  -6
14  -11
13  -9
12  3
13  -7
12  -4
12  -2
13  -4
12  2
11  -6
13  -7
12  -1
12  5
13  -10
13  -7
14  -10
13  -5
12  -5
13  -5
13  -1
12  2
13  -3
13  -5
12  -3
16  -1
14  -12
14  -8
11  -1
13  -7
13  -1
16  3
11  -9
14  -8
11  -8
11  -9
11  -5
11  -2
11  -9
11  -1
11  -6
13  0
11  -1
14  -11
10  0
12  3
8  1
12  3
12  0
13  -5
11  -6
13  -4
12  3
14  -5
14  -7
12  -1
13  -10
12  1
12  -1
13  -3
15  0
13  -8
13  0
13  -8
14  -10
14  -5
13  -10
12  -5
12  -3
14  -8
14  -6
13  -4
12  1
13  0
11  -9
11  -3
11  -3
13  -5
12  2
12  -3
12  5
14  -10
14  -11
12  -3
12  2
12  -1
16  5
12  4
13  -5
14  -5
13  -7
11  -2
12  3
14  -9
13  -1
13  -5
13  -10
11  -1
12  -2
11  -10
11  -1
12  0
16  0
13  -2
12  1
11  -10
12  1
13  -5
13  -4
14  -9
11  -4
15  -9
12  -1
11  -2
13  -4
14  -9
10  -2
13  0
10  7
12  2
13  -10
10  6
14  -12
13  -8
11  -3
14  -6
12  -3
13  -3
11  0
12  -3
12  1
14  -4
13  -7
11  -1
14  -3
14  -7
13  -2
16  6
12  0
15  -5
12  -2
9  0
14  -2
13  -3
13  -1
13  -9
15  -5
14  -6
13  -10
13  -9
13  -7
14  -6
10  6
15  -6
12  -3
12  -1
13  -1
12  4
12  -4
11  -1
9  2
14  -6
13  -4
12  -4
12  2
13  -6
13  -3
12  2
11  -5
13  0
12  4
13  -3
11  -10
14  -11
15  0
13  -1
11  0
13  -10
11  -1
12  3
13  -9
13  -2
12  2
12  1
10  6
11  -8
15  -6
12  1
12  4
11  -7
12  3
12  3
13  -5
12  1
13  -9
14  -10
13  -8
13  -5
13  -2
10  1
11  -9
13  -9
11  -1
12  -4
12  4
12  -1
13  -6
14  -3
11  0
12  -4
11  -8
11  0
13  -1
11  0
15  -9
14  -7
13  -8
12  2
11  -4
14  -3
11  -10
11  -7
14  -9
13  -9
13  -8
13  -9
13  0
11  -7
12  4
13  -7
11  -5
12  4
12  2
13  -5
12  -2
11  -7
12  4
15  -2
11  0
12  -1
14  -3
13  -8
12  -5
14  -11
14  -6
12  -1
13  0
14  -12
12  4
10  3
12  2
12  3
13  -7
14  -6
11  -5
12  3
11  -10
10  -2
13  -9
12  -5
15  -1
13  -6
13  -4
11  -10
13  -3
14  -7
13  -6
14  -6
13  -4
13  -3
13  -5
12  1
13  0
12  3
13  -7
15  -7
13  -5
12  1
7  1
13  -2
14  -10
11  -2
12  -5
8  5
14  -4
15  -9
14  -2
12  5
12  5
14  -2
15  -9
12  -3
11  -5
13  -8
11  -2
12  4
11  -7
14  -4
12  -1
13  -1
12  2
13  -1
12  0
13  0
13  -3
13  -1
13  -5
13  -10
14  -2
13  -4
15  -6
12  -3
13  -5
13  -6
11  -9
12  4
13  -3
12  2
12  -3
14  -6
11  -1
12  0
10  5
14  -2
13  -4
13  -2
12  -4
11  -9
14  -12
11  -10
13  -7
11  -2
14  -11
13  0
13  -1
14  -7
14  -4
12  2
13  -5
13  -2
13  -3
13  -2
14  -3
12  -5
14  -2
12  -2
13  -10
10  5
14  -12
12  -5
13  -9
10  -2
11  -6
12  4
13  -2
13  -4
14  -4
14  -10
13  -1
14  -7
13  -9
12  -2
14  -10
13  -9
12  -5
12  1
12  -5
12  -4
13  -3
12  4
13  -1
12  -3
12  -1
12  -4
11  -10
11  -2
11  -3
11  -4
12  -3
11  -3
12  4
14  -9
11  -2
12  5
14  -7
11  0
13  -3
13  -7
13  -6
12  5
12  -1
10  1
14  -4
11  -9
10  5
14  -8
15  -8
13  -3
15  -10
10  6
13  -9
13  -7
12  -4
13  -2
12  0
14  -12
12  -3
12  2
13  -1
11  -5
12  -3
12  -1
13  -10
12  2
11  -9
14  -9
12  2
12  0
12  1
10  5
10  3
13  -8
15  -8
12  5
11  -10
14  -8
13  -5
13  -7
11  -7
14  -5
12  2
14  -4
11  -9
13  -5
12  -5
10  -2
10  -2
13  -3
12  -5
14  -2
11  -6
13  -9
12  1
14  -5
13  0
14  -9
13  -3
11  -6
12  3
13  -4
12  3
13  -3
14  -10
12  4
11  -9
12  5
13  -4
12  5
13  -1
11  0
11  0
13  -1
10  5
13  0
12  -1
12  -2
14  -8
13  -10
14  -6
12  3
10  -1
15  -5
12  1
10  -1
10  7
13  -10
14  -11
12  -5
14  -4
13  -4
10  6
11  -10
14  -3
12  -2
13  -4
13  -7
11  0
13  -10
13  -9
13  -2
14  -9
14  -6
11  -2
13  0
14  -7
10  4
10  -2
13  -10
12  4
13  0
14  -7
11  -6
12  -2
13  -2
11  -8
12  4
12  4
12  -1
13  -8
12  0
11  -8
12  -3
13  -6
12  4
13  -9
12  3
14  -4
13  -4
13  -1
13  -3
10  0
11  -6
13  -7
11  -6
14  -6
12  5
15  -4
12  5
12  1
12  -2
13  -7
14  -9
10  0
10  5
13  -1
12  -2
14  -4
13  0
10  8
13  -8
12  3
12  0
14  -9
12  -3
15  0
13  -10
13  -9
13  -5
12  -3
13  -3
15  -9
15  -5
12  2
13  -9
10  1
13  -3
12  -3
11  -7
13  0
15  -6
12  3
11  -5
13  -8
14  -9
13  -3
12  2
12  2
14  -2
12  -2
14  -11
15  -7
10  -1
11  -4
14  -8
11  -3
12  2
11  -2
14  -5
12  -3
12  3
14  -12
14  -12
13  -3
11  -7
10  7
13  -6
15  -9
13  -5
13  -2
14  -7
13  -9
13  -7
15  -10
11  -3
11  0
13  -2
12  4
12  -4
11  -1
12  1
11  -2
13  -7
12  -3
12  4
14  -2
13  -9
11  -2
14  -7
13  -4
14  -10
11  -7
12  -1
14  -11
10  5
14  -11
12  -5
15  -3
12  4
12  -2
11  -1
14  -4
12  5
13  -1
13  -5
12  -5
15  -10
11  -10
14  -9
8  -2
11  -5
12  -5
13  -1
14  -7
13  -10
12  5
13  -2
11  -10
12  2
14  -11
12  -1
13  -2
15  -2
14  -12
11  -3
13  -9
13  -10
12  4
12  4
12  -1
15  -6
13  -4
14  -6
12  1
11  -4
13  0
15  -10
11  -4
11  -1
13  -8
13  -5
10  7
11  0
12  2
11  -6
15  -5
13  -4
11  0
12  0
15  -3
12  -5
14  -2
12  -2
12  0
12  5
13  -6
12  1
15  -3
12  -4
12  5
14  -4
14  -9
14  -2
12  5
10  0
13  -10
12  -5
11  -3
13  -1
13  -2
14  -5
12  -3
10  6
15  -2
14  -8
14  -2
12  4
11  -8
13  -7
13  -10
13  -6
15  -1
14  -9
12  -3
13  -2
14  -3
14  -10
13  -6
11  0
13  -7
15  -4
12  1
10  -2
14  -8
11  -8
14  -12
12  4
15  -4
15  -8
12  -3
13  -4
11  -8
13  -6
13  -8
10  3
13  -6
10  7
14  -11
13  0
14  -2
12  -3
12  -3
11  0
12  4
14  -5
11  -10
12  2
12  -3
13  -2
11  -9
11  -5
12  -1
14  -4
12  2
11  -5
11  -5
10  6
11  -1
10  4
12  -2
12  -3
12  -1
11  -9
11  -5
11  -10
13  -8
13  -3
11  -2
12  -1
11  -6
12  1
10  8
13  -1
11  -7
11  -6
12  -3
12  -2
13  -5
11  -8
11  -10
13  -5
12  4
12  -5
11  -5
14  -4
13  -1
11  -4
14  -10
15  0
15  -3
12  4
11  -9
15  -5
14  -10
10  7
12  2
10  4
13  -6
12  3
11  -8
12  3
10  -2
13  -1
14  -6
12  3
13  -2
13  -5
12  0
13  -8
12  3
12  3
12  -2
13  -8
10  0
11  -1
11  0
12  -5
13  -4
12  2
13  -5
12  -2
12  -4
11  -3
10  -2
14  -3
10  -2
13  -10
13  -10
12  2
14  -6
14  -4
12  -5
12  -2
13  -3
14  -9
14  -12
