13  -3
11  -1
12  -5
12  -7
12  -3
11  -3
11  0
12  -8
12  -5
12  -3
12  -8
12  -8
12  -3
12  -3
11  0
13  -7
13  -8
11  0
12  -7
12  -8
13  -4
11  -2
13  -9
11  -5
12  -8
12  -2
12  -6
12  -6
12  -7
11  -2
11  -4
13  -4
12  -3
12  -6
12  -6
12  -6
13  -6
12  -5
11  -2
12  -2
13  -8
13  -9
11  -3
11  -3
11  -5
11  -3
12  -6
13  -5
13  -4
12  -7
11  -2
12  -3
12  -8
12  -5
12  -7
12  -3
13  -7
11  -1
11  0
11  -1
11  -5
13  -7
12  -3
12  -4
12  -3
11  0
12  -6
11  -4
12  -3
13  -7
12  -2
12  -8
12  -6
13  -4
11  -1
12  -4
12  -5
12  -2
11  0
13  -7
12  -5
13  -5
12  -6
12  -7
11  -2
13  -6
11  -2
12  -7
11  -1
12  -7
12  -6
12  -2
12  -8
12  -7
11  -6
12  -7
13  -3
11  -4
12  -2
13  -4
12  -4
11  -5
12  -2
12  -4
12  -8
12  -3
12  -3
12  -7
11  0
12  -8
11  -5
11  -2
12  -5
12  -7
11  -4
12  -8
11  -4
12  -3
12  -3
12  -4
11  -2
12  -3
11  -4
12  -4
12  -2
12  -2
12  -4
11  -5
12  -5
12  -5
13  -5
12  -3
11  -3
12  -5
12  -2
12  -4
11  0
12  -2
12  -5
11  -3
11  -6
12  -4
11  -4
12  -3
11  -5
11  -4
11  -5
13  -6
12  -4
13  -4
11  -5
11  0
11  -4
11  -5
12  -2
12  -3
11  0
12  -7
11  -6
13  -8
11  -2
11  -5
12  -2
11  0
13  -4
12  -2
12  -8
13  -9
12  -7
11  -3
12  -8
12  -2
11  -3
11  -2
11  0
11  0
12  -6
11  -4
12  -7
11  -1
12  -2
11  -1
12  -5
12  -5
11  -2
12  -8
12  -6
11  0
11  -1
12  -7
11  0
12  -7
13  -4
12  -5
12  -3
12  -6
12  -2
12  -7
11  0
13  -9
13  -7
12  -7
11  -4
12  -2
12  -7
11  0
12  -4
12  -3
11  0
11  -2
11  -2
12  -7
12  -4
12  -8
12  -6
11  -1
11  0
12  -6
13  -8
11  0
11  -5
12  -3
13  -9
11  0
11  -6
12  -6
12  -7
13  -5
12  -6
12  -8
12  -6
12  -2
12  -4
12  -8
13  -8
12  -5
12  -4
13  -9
12  -3
12  -2
12  -2
12  -4
12  -8
12  -5
12  -8
11  0
11  0
12  -4
12  -8
12  -8
11  -5
12  -5
13  -6
11  -1
12  -4
12  -2
12  -7
11  -2
11  -3
13  -5
11  0
11  -1
12  -5
11  -2
11  -2
11  -1
12  -5
11  -6
12  -8
11  -2
11  -4
13  -5
12  -6
12  -4
11  -1
12  -5
12  -2
12  -5
12  -3
12  -7
11  -6
12  -5
11  -1
12  -4
12  -7
13  -7
13  -3
13  -3
12  -2
12  -6
11  -4
12  -6
11  -5
12  -4
11  -6
11  -6
12  -3
11  -2
12  -7
12  -6
13  -6
12  -5
11  -6
11  -4
11  -1
12  -2
13  -3
12  -8
12  -5
12  -6
12  -4
12  -6
12  -3
12  -4
12  -5
13  -4
12  -6
11  -2
11  -4
12  -5
12  -2
12  -5
13  -8
11  -1
11  -5
12  -2
11  -2
12  -8
12  -5
12  -7
11  -4
11  -2
11  -5
11  -5
12  -3
12  -8
13  -9
12  -6
11  -1
12  -3
11  -4
13  -7
11  -4
12  -3
12  -6
12  -6
12  -2
11  -3
11  -5
12  -2
13  -6
11  -4
12  -3
13  -3
12  -4
11  -6
11  -3
12  -8
12  -4
12  -5
11  -1
13  -4
12  -6
11  -3
11  -1
13  -9
12  -5
12  -3
11  -5
12  -4
11  -4
12  -4
12  -4
13  -6
11  -2
11  -4
11  -6
11  -6
12  -6
11  -1
12  -3
12  -4
11  -3
12  -5
12  -5
12  -4
12  -3
12  -2
11  0
12  -5
12  -4
12  -7
11  0
11  0
12  -4
12  -6
13  -7
12  -6
11  -3
11  -3
11  -6
11  -1
11  -5
13  -3
12  -8
13  -9
11  0
11  -3
11  -1
12  -3
11  -4
11  -2
11  0
11  -1
12  -6
12  -2
13  -8
12  -3
11  -5
11  -3
12  -5
11  -1
11  -6
13  -4
11  0
12  -2
12  -7
13  -3
12  -4
13  -9
12  -2
12  -7
11  -5
11  0
13  -7
11  -5
13  -5
13  -6
11  -4
11  -2
13  -8
11  -1
12  -4
12  -2
11  -5
12  -7
11  0
12  -2
12  -2
12  -3
11  -2
12  -5
11  -3
11  -6
12  -4
12  -4
13  -7
13  -8
12  -4
11  -6
13  -4
12  -5
11  -3
12  -7
11  -6
12  -2
12  -7
11  -1
12  -8
11  -5
11  -2
12  -3
13  -8
12  -5
11  -3
12  -2
12  -2
11  -2
11  -3
12  -3
12  -3
12  -3
13  -6
11  -3
12  -6
13  -8
11  -2
12  -6
12  -4
12  -4
12  -5
12  -3
11  -6
12  -5
12  -5
11  -4
11  -2
12  -2
12  -5
12  -7
12  -7
12  -7
11  -2
11  -6
12  -4
12  -5
13  -4
12  -7
12  -5
12  -5
12  -3
12  -6
12  -5
12  -2
12  -5
11  -1
11  0
13  -5
12  -2
12  -3
13  -3
11  -4
13  -7
12  -5
13  -4
11  -3
11  0
11  -5
12  -3
11  -4
11  -5
12  -8
12  -3
11  -6
11  -5
12  -6
12  -6
12  -4
12  -6
13  -7
12  -3
12  -6
11  -5
12  -2
12  -8
11  -2
13  -8
13  -9
11  0
12  -4
11  -3
12  -5
11  -6
12  -2
13  -3
13  -5
12  -4
12  -6
13  -4
11  -5
12  -5
12  -4
11  -3
12  -3
11  -5
12  -6
11  -1
12  -4
13  -8
12  -2
12  -5
11  -6
11  -5
12  -4
12  -7
11  -4
11  0
12  -8
12  -5
11  -2
11  -1
12  -6
12  -3
11  -5
11  -3
13  -5
12  -6
11  -3
11  -4
12  -2
12  -2
11  -4
12  -5
12  -2
12  -8
12  -6
11  -6
12  -3
12  -8
12  -7
12  -7
13  -8
11  -1
12  -4
12  -5
11  -3
12  -6
11  -6
12  -2
11  0
12  -6
13  -8
12  -4
13  -7
12  -5
13  -9
13  -5
11  -3
11  -3
12  -8
12  -3
12  -5
12  -6
13  -9
11  -6
11  0
12  -8
11  -4
11  -5
11  0
11  -3
11  -5
12  -4
11  -1
11  0
12  -4
11  0
11  -6
12  -3
11  -2
13  -7
11  -6
13  -5
12  -6
12  -7
13  -8
12  -6
13  -8
11  -3
12  -4
11  -4
11  -3
11  -4
12  -6
11  -4
12  -8
13  -6
12  -2
12  -2
12  -6
11  -6
12  -5
12  -5
12  -7
13  -6
12  -5
12  -3
11  -4
11  -2
12  -4
11  -6
12  -5
13  -7
12  -3
12  -6
11  -5
11  -6
11  -6
11  -6
12  -6
11  -2
11  -5
12  -7
12  -2
12  -3
12  -5
12  -4
13  -8
12  -3
11  -1
13  -7
12  -3
11  -3
11  0
12  -4
11  -6
11  -4
12  -4
12  -4
11  -5
12  -2
11  -1
11  -3
13  -3
11  0
13  -5
11  -5
11  -2
12  -4
12  -2
12  -3
12  -6
11  -5
12  -2
12  -6
12  -6
12  -4
12  -5
12  -5
12  -2
11  0
13  -9
12  -7
13  -5
12  -4
13  -7
11  -2
13  -5
11  -4
12  -3
11  -4
12  -5
13  -3
12  -5
13  -9
13  -6
12  -6
12  -7
12  -6
13  -8
12  -5
12  -3
11  -4
12  -8
11  -6
11  -1
13  -4
11  -5
13  -8
12  -5
11  0
12  -4
13  -9
13  -9
12  -5
11  -2
11  -5
12  -7
12  -4
12  -8
11  -2
11  -2
12  -6
12  -2
12  -6
12  -7
12  -8
13  -5
12  -8
11  -3
13  -9
11  -5
12  -2
12  -6
11  -1
12  -2
13  -4
13  -7
12  -5
11  -6
12  -5
11  -6
12  -5
11  -4
13  -6
11  -6
11  -5
12  -3
11  -3
12  -5
11  -4
11  -6
13  -3
12  -8
12  -4
11  -3
12  -7
12  -5
11  -1
12  -3
11  -2
11  -3
12  -4
11  -3
12  -7
12  -7
12  -3
11  -6
12  -8
12  -3
11  -1
11  -6
11  -6
12  -5
12  -2
12  -5
12  -6
11  -2
13  -5
12  -8
12  -4
12  -3
12  -5
12  -7
13  -7
12  -8
12  -4
11  -4
12  -2
12  -5
12  -4
13  -6
12  -5
12  -8
12  -2
12  -2
12  -3
12  -5
12  -7
12  -5
12  -8
12  -8
11  -3
11  -4
12  -2
13  -3
12  -5
13  -6
12  -6
12  -5
12  -3
12  -8
13  -6
12  -5
13  -5
12  -5
12  -7
12  -3
13  -3
13  -6
11  -3
12  -8
13  -4
11  -1
12  -2
12  -7
11  -3
11  -1
13  -4
12  -8
13  -4
12  -2
12  -3
13  -8
13  -9
11  -2
12  -8
13  -9
13  -3
11  -3
11  0
13  -5
11  -1
13  -8
11  -4
12  -5
12  -5
11  -6
12  -8
12  -7
11  0
12  -5
13  -9
12  -4
11  -5
12  -8
12  -2
12  -8
12  -8
12  -4
11  -5
11  -5
12  -2
12  -5
12  -7
12  -7
11  0
12  -7
13  -3
11  -6
11  0
11  -1
11  -1
11  0
12  -5
13  -4
13  -6
11  -4
13  -8
12  -8
11  -4
12  -4
12  -2
12  -3
11  -5
12  -5
12  -7
13  -8
11  -2
11  -1
11  -4
11  -3
11  0
12  -4
11  -4
12  -5
12  -6
11  -3
12  -5
11  0
11  -1
12  -8
12  -2
13  -7
11  -6
11  -2
12  -8
12  -7
12  -4
12  -6
11  -3
11  -3
11  -5
12  -7
11  -4
11  0
13  -3
12  -2
11  -5
13  -6
11  -5
12  -3
11  -1
11  -3
13  -9
13  -6
11  0
11  -1
12  -6
12  -8
12  -2
13  -3
11  -4
12  -5
12  -7
12  -3
12  -7
12  -8
11  -1
12  -2
11  -6
12  -8
11  -6
12  -7
12  -4
12  -2
13  -3
12  -4
11  0
11  -3
12  -5
13  -8
12  -2
11  -5
12  -3
12  -6
12  -6
11  -5
12  -2
13  -6
