18  7
14  -1
15  11
13  -6
17  4
14  -5
15  11
17  -5
15  3
14  -2
16  -1
17  -3
17  3
16  -4
13  -6
14  4
17  -7
17  0
16  -6
20  13
17  -7
17  4
18  11
16  -7
18  2
17  -6
16  -8
12  3
16  -7
17  -2
16  0
18  2
16  2
16  4
17  -7
15  8
14  3
16  -5
15  4
15  6
14  -5
16  -4
15  8
15  10
16  -5
16  -6
19  -1
15  3
14  3
18  8
18  -1
16  -3
16  -3
12  6
19  0
15  5
14  2
16  -8
18  11
16  2
18  0
14  3
18  5
18  2
17  0
17  -5
17  -6
15  10
16  4
16  1
17  -7
16  1
16  -4
17  -3
16  2
16  3
16  -6
16  4
16  3
15  4
13  -9
18  7
18  3
16  -6
19  -3
17  -8
17  -7
15  5
16  -2
15  5
16  -8
14  4
16  -8
18  0
18  1
14  1
15  12
15  3
16  1
16  -2
18  1
13  -2
14  -3
15  10
15  7
15  10
16  -2
17  4
19  -3
16  2
17  0
15  8
18  2
15  6
15  2
20  10
15  4
17  -6
18  4
18  5
18  4
15  2
16  3
16  -5
17  -1
15  0
18  9
17  -6
17  -8
17  -4
14  2
18  5
18  3
15  3
17  -8
17  1
19  -2
18  10
15  5
16  -8
16  -3
16  -8
16  -5
16  0
17  0
15  7
19  5
17  4
14  6
16  4
14  -1
13  0
17  1
19  -3
13  -6
16  -3
16  0
15  7
17  -5
15  8
17  -2
16  -6
16  -2
17  1
16  -1
14  6
16  -3
16  -7
14  6
15  10
16  4
17  -2
18  10
17  -6
15  12
17  -8
16  -3
17  -5
16  -8
16  -6
17  -4
15  7
17  1
15  10
16  -4
15  5
18  -1
15  5
15  1
15  7
16  4
15  3
15  6
16  4
17  -5
18  7
15  11
15  10
16  -4
15  1
16  -6
18  0
18  8
14  -3
15  10
15  0
17  -1
15  4
15  2
16  -2
15  6
16  0
18  11
15  0
16  -6
13  0
15  10
14  1
14  3
19  -1
14  7
17  -6
14  -2
17  -3
18  2
18  9
15  5
16  -4
15  11
16  2
16  -1
14  4
15  0
15  10
19  -4
17  2
15  12
16  2
16  -7
14  -1
18  2
18  7
16  4
16  -6
17  4
17  -5
18  2
19  0
19  -1
13  -6
16  4
16  3
18  5
15  4
18  7
17  -1
15  9
15  7
15  3
16  1
16  -8
16  -3
15  8
17  -8
15  0
17  -4
14  -4
15  6
15  9
18  2
18  9
16  1
17  -6
14  3
18  11
14  -5
18  9
15  10
16  -4
15  1
15  3
16  1
17  3
16  -8
16  -2
17  -5
18  1
16  -4
16  1
16  0
15  7
14  -4
16  -7
17  3
18  0
18  2
17  -1
18  0
17  -3
17  -3
17  -3
16  -1
17  -6
15  7
16  2
18  6
15  9
17  4
15  9
17  -4
15  10
18  10
18  6
16  -6
17  4
18  4
15  7
19  -1
17  -5
15  6
14  3
17  -4
13  0
15  3
14  4
17  1
16  -4
17  -5
14  -3
14  2
17  -6
15  1
16  -6
14  0
16  -3
11  -3
15  7
15  8
15  5
15  5
16  -7
17  -7
14  1
16  -3
21  -2
17  -2
16  -5
17  -1
17  0
15  9
17  -8
16  3
17  -4
13  -3
17  -3
15  4
16  4
15  5
15  4
15  9
15  3
16  -6
18  10
14  1
14  -4
16  -1
17  2
16  -5
18  5
14  6
16  3
14  2
17  -2
18  3
18  4
17  -5
19  -3
18  -1
14  4
15  11
17  -4
14  4
16  1
14  1
17  0
15  5
16  -4
18  7
16  -5
17  -3
16  -1
19  -3
17  -6
17  -7
14  4
13  -1
18  3
18  -1
16  -2
17  -3
17  -2
17  -8
13  0
17  2
13  1
15  1
15  6
15  7
17  -4
15  10
17  -1
19  3
15  8
14  5
15  3
19  5
15  4
19  -6
18  10
19  -1
17  -6
17  2
18  10
12  3
17  -3
15  7
15  11
17  -7
20  12
17  1
15  11
16  0
14  -4
15  8
14  -4
17  -1
15  3
15  10
16  -3
18  4
17  -2
18  6
16  0
14  5
16  0
16  2
14  -3
15  10
14  -2
15  11
19  -6
16  -5
15  1
17  1
16  2
14  0
17  -6
15  3
18  -1
15  9
18  9
16  -3
16  0
16  -5
17  -8
17  -7
16  2
15  8
16  4
18  2
15  3
15  12
17  0
17  -4
18  5
14  2
16  -2
16  -2
16  -1
17  1
19  -6
17  0
14  -4
18  0
15  5
16  -1
17  -6
15  12
18  1
17  -3
17  -7
15  7
16  -6
15  2
16  -1
18  1
16  4
15  2
16  -5
15  11
17  0
15  5
14  2
16  -2
15  6
17  4
19  6
16  1
19  -6
18  8
18  8
15  1
16  2
14  5
16  4
15  5
18  8
14  7
18  1
15  11
16  2
18  8
15  11
17  -2
17  -5
15  1
17  -3
18  5
17  -3
16  0
15  10
17  1
18  2
15  10
16  -2
15  12
19  5
15  1
16  -1
17  -8
14  6
15  7
18  10
18  0
15  3
17  0
17  3
15  2
15  9
14  2
17  3
14  5
16  4
17  0
19  -1
18  11
17  3
14  -3
18  4
16  1
17  -6
17  -6
15  4
14  1
15  3
18  10
15  0
15  9
16  -2
13  -7
16  -8
15  5
16  3
15  0
19  5
16  4
16  -3
17  -1
18  3
18  4
16  -2
19  -2
16  2
18  5
15  4
14  7
14  -3
14  6
14  -4
14  -5
17  3
17  -8
15  3
15  0
14  -2
13  -10
15  7
13  1
16  -2
16  3
16  -1
15  3
16  -6
19  -4
18  2
15  2
17  2
18  7
17  -4
15  4
14  -3
18  10
15  0
13  -10
15  7
16  -4
16  2
13  -10
16  1
16  1
17  -5
18  7
16  -4
17  -5
17  3
16  -4
16  -4
13  2
16  -8
15  8
16  3
17  -2
17  -4
15  8
13  2
17  -8
18  10
15  5
14  3
17  1
17  4
16  -6
17  -2
16  2
18  -1
18  11
14  5
16  -8
15  11
18  5
16  -7
14  2
13  -2
18  4
20  8
17  -1
14  -2
16  -6
13  -9
14  -4
16  -2
15  9
17  2
16  0
16  -1
18  11
18  6
16  4
16  0
16  -3
17  -3
17  -1
14  -5
18  1
16  -8
16  -5
15  4
18  4
18  2
15  1
15  12
18  3
18  2
14  5
17  -8
16  -3
17  -4
14  5
18  9
15  9
17  -6
15  6
16  -1
17  -5
13  -10
16  -6
14  7
18  -1
15  4
16  -5
17  -7
17  -3
16  -3
17  -7
18  7
16  -6
16  0
15  12
16  -8
18  2
17  -3
14  6
16  -7
16  -5
17  -1
17  3
14  -5
15  3
15  0
13  -3
15  9
16  1
17  -5
16  4
15  1
16  2
17  -1
16  1
19  -6
16  3
18  2
15  9
16  -1
16  -4
15  8
16  2
14  0
17  3
15  9
15  10
13  -4
16  -1
16  -2
16  -5
16  3
17  1
16  -8
15  11
14  -4
15  5
16  -3
17  -5
16  0
14  4
14  2
14  -5
15  8
14  1
16  -1
16  -3
19  -1
16  -6
17  -3
14  -3
18  1
13  0
14  6
17  -5
18  8
13  -2
17  3
16  -6
15  8
15  1
17  -6
17  2
18  1
17  -8
15  9
19  -2
19  4
17  1
17  0
15  5
15  5
15  4
16  -6
17  -2
14  -3
17  -5
17  4
14  6
17  3
16  -6
15  6
17  -8
16  3
15  12
17  -4
15  4
16  -4
15  3
16  4
15  11
18  3
16  -2
16  -5
14  6
15  9
13  -3
17  0
16  1
14  3
17  -5
17  -7
15  5
16  -3
15  10
17  -3
16  -8
15  7
15  10
17  3
16  -6
14  6
16  -2
17  -6
15  8
19  5
13  0
16  -4
18  5
14  7
15  12
13  -7
17  4
15  0
19  2
14  6
16  2
16  4
17  2
16  -1
16  -8
18  9
15  12
15  0
18  11
16  0
14  -2
14  4
16  3
15  6
16  -8
16  -7
17  -4
16  0
14  4
15  6
16  -7
14  7
17  -6
15  1
16  1
15  7
17  0
18  6
14  2
15  0
16  -4
15  8
16  4
19  5
18  8
17  -4
19  5
17  -2
16  1
13  -4
12  10
16  -2
18  3
14  0
17  0
17  -7
18  6
14  0
18  11
15  6
17  -7
14  6
19  2
16  1
20  13
15  6
15  1
18  7
15  12
17  -8
15  2
17  -2
18  2
16  -5
18  4
17  -7
15  8
15  4
16  -7
17  -4
15  3
15  0
14  5
15  8
14  -1
15  5
15  10
18  8
16  -7
18  8
16  4
15  1
16  -3
17  1
17  -3
19  -6
14  6
14  -4
18  4
16  4
16  -7
14  -4
13  -10
16  -5
17  3
17  4
15  12
16  2
18  3
16  -2
15  10
19  -4
19  3
15  11
17  -5
17  -5
15  11
16  4
17  -4
15  3
18  5
16  -3
14  4
16  -4
15  11
16  3
17  -8
17  -7
15  6
16  -2
17  -6
15  10
13  1
17  -3
16  -5
19  0
17  -8
15  0
18  9
14  -5
17  -3
14  5
14  1
17  -2
20  2
17  -2
14  -4
14  7
14  4
15  8
14  6
16  -6
16  -1
16  0
17  -8
15  2
14  2
12  5
16  -1
19  -2
16  -3
18  1
14  6
17  -6
15  11
17  -7
17  -1
15  12
16  4
15  8
14  -3
