16  0
15  2
17  -1
17  -5
17  -4
17  2
16  6
17  -6
15  -10
17  2
21  -11
17  -4
15  -5
20  3
20  9
18  -4
19  0
13  -1
18  -1
16  -5
16  1
18  -2
17  -2
16  6
16  2
16  1
19  1
19  -3
14  0
12  -11
17  -8
18  -10
15  -8
16  1
19  4
16  2
20  0
15  -3
15  -4
14  -3
17  -5
14  -8
19  -6
15  -5
16  0
17  -9
15  -4
19  -6
19  -6
18  -4
16  -5
16  7
19  0
14  1
16  1
16  -5
19  -1
17  -9
16  0
18  -2
13  0
16  -1
14  0
14  -4
18  -12
13  -1
17  3
18  -11
13  5
19  -2
17  -2
16  0
16  0
15  -3
17  3
15  -2
19  -6
13  3
12  -4
14  -3
16  6
13  -1
16  2
20  10
18  -3
16  2
18  -4
15  -1
20  9
15  -10
15  -2
16  3
17  -8
20  -2
17  -3
16  2
17  -5
17  -1
19  4
16  -3
15  -4
13  5
16  -3
17  1
16  -2
16  6
15  0
17  -9
18  -3
18  -1
16  -4
16  -1
17  -4
15  -6
15  -1
15  -4
17  -2
17  -7
17  -1
15  -7
17  -5
17  -8
14  -4
14  -7
18  -4
14  -9
18  -4
15  -3
18  -3
17  -6
18  -7
15  -8
18  -7
17  2
14  -4
15  -4
16  -5
15  1
18  -12
14  1
16  0
15  -1
15  -6
18  -13
16  7
16  0
16  1
15  -9
15  2
15  -10
16  3
17  0
16  -5
18  -9
16  -5
17  -2
17  -3
19  -2
14  -5
12  -2
16  7
16  4
16  1
13  4
15  0
15  -3
20  6
15  -1
19  -3
14  -11
15  -6
15  0
16  4
13  8
15  -8
18  -5
16  4
15  -10
17  1
18  -9
17  0
16  2
16  6
16  4
17  -1
18  -10
18  -6
16  2
18  -2
14  -8
16  0
14  0
18  -1
17  3
19  2
15  1
17  -4
17  -1
15  -10
16  -1
14  -7
17  3
18  -12
21  -1
17  -7
15  -6
18  -1
17  -9
19  -5
15  -2
17  1
18  -3
15  1
16  3
17  -8
14  -5
12  -6
17  -4
17  0
17  -7
16  -5
18  -4
18  -13
13  9
15  -6
15  -8
16  -3
18  -7
17  -7
13  10
12  -3
19  0
16  3
15  -2
18  -9
15  -4
14  -8
14  0
16  -3
18  -2
18  -13
20  9
18  -4
16  2
19  -3
15  -5
18  -8
14  -10
16  5
17  0
17  1
16  4
16  -5
17  -9
17  -3
17  -1
15  -7
13  5
18  -7
17  0
15  -3
17  -8
13  -2
16  5
20  10
17  3
17  -7
15  -9
15  -5
11  4
17  -9
16  -1
17  1
15  0
15  -9
16  -4
17  -1
18  -9
13  -1
16  5
15  -1
15  1
18  -1
18  -4
17  -9
17  -9
17  -3
17  -3
14  -4
18  -1
16  3
15  -3
14  -7
17  -7
16  2
17  -1
15  -1
19  -3
19  -8
18  -5
18  -5
16  -1
15  -9
19  3
20  5
16  -1
17  -2
19  2
15  2
15  -2
16  -5
15  2
15  -7
16  -2
16  -1
18  -9
16  -3
15  -5
14  -2
13  7
14  -5
14  -8
16  0
17  3
18  -4
17  -8
17  2
18  -4
12  0
13  4
17  -8
16  1
16  4
17  -2
16  2
13  2
14  -3
16  -4
18  -10
19  4
15  0
17  -4
18  -1
15  -3
15  -8
16  6
15  -4
16  0
18  -4
15  -6
16  1
17  -5
19  4
14  -1
20  -2
16  -2
19  2
14  -4
18  -10
12  -9
15  -6
19  0
15  -6
15  -3
17  1
19  -7
18  -6
15  -3
14  -7
17  -8
19  1
19  -7
15  -4
17  -7
16  -5
14  -4
13  2
15  -4
17  -9
17  2
17  -7
16  -3
18  -6
20  6
15  -2
16  2
17  1
17  -9
15  -10
17  -6
16  1
18  -3
18  -5
18  -1
20  7
18  -11
16  -3
17  -6
11  1
14  -9
13  2
18  -8
14  -7
18  -7
16  1
13  -2
17  -6
18  -13
17  -2
20  2
13  4
17  0
17  3
17  -3
19  -2
17  -4
15  -9
16  3
17  -6
15  2
13  1
18  -4
16  3
15  1
16  -2
16  4
18  -9
13  4
18  -8
18  -5
15  -2
16  -3
16  -1
17  0
15  -9
16  -4
15  2
17  -7
16  -5
16  -5
19  -2
16  0
17  -3
16  3
17  -1
16  4
16  -4
18  -12
17  3
14  -11
19  -4
18  -7
16  3
17  1
17  -8
17  -5
14  -10
13  0
20  1
15  -4
17  -9
17  0
16  7
18  -3
14  -4
15  -9
20  1
12  -9
15  -3
17  -4
18  -5
16  3
17  -3
12  -7
17  -6
17  -6
15  -7
19  1
15  -10
14  1
17  -4
18  -10
19  4
17  -1
17  1
16  5
18  -5
17  2
16  -1
14  -1
18  -7
12  0
15  2
19  1
12  -11
12  -7
16  5
16  -4
19  -3
20  6
13  -1
19  -3
17  -4
18  -2
18  -4
20  2
20  9
13  -1
17  -7
13  1
18  -5
14  -11
17  -9
16  1
13  0
17  -4
18  -9
15  -10
16  -2
18  -4
12  -4
18  -7
19  -1
22  6
16  4
19  -3
18  -11
15  -10
17  1
15  -6
15  1
19  -4
13  -1
15  -10
18  -13
15  -5
16  3
18  -3
16  -3
14  -2
15  -4
18  -5
19  -1
17  -5
17  3
17  -2
16  4
17  1
18  -1
18  -2
18  -5
15  2
18  -13
16  3
17  -1
16  2
14  1
17  -5
15  -1
18  -6
17  -3
15  -6
16  -1
16  2
15  -9
20  2
14  -1
14  -2
14  1
17  -4
16  7
14  -2
16  -4
17  -9
16  -2
17  2
15  -5
14  -6
14  -2
15  1
17  0
12  -8
10  6
16  1
19  -1
18  -11
17  1
16  4
17  2
17  -6
17  2
17  -5
18  -1
13  9
15  2
12  -1
19  -2
18  -6
17  -7
16  7
17  -9
18  -10
13  -2
15  -9
16  -3
17  -1
18  -4
15  -9
17  -1
14  -1
16  4
18  -3
16  4
16  -5
19  -6
17  -7
14  -11
15  -1
14  -6
17  -2
17  1
14  -10
16  0
16  3
16  5
15  -9
18  -2
14  1
17  -4
16  -2
16  -5
14  -11
16  0
15  -1
20  0
14  1
17  -7
16  -1
14  -11
17  -7
16  -2
16  5
13  4
15  -2
17  3
15  -2
16  -1
16  1
19  -6
17  -2
13  4
17  -3
19  4
16  5
17  -1
18  -10
13  5
14  -4
17  -3
15  -10
17  3
18  -11
16  -1
21  -6
16  5
14  -10
16  7
15  -7
17  -3
17  -7
17  -5
16  5
18  -3
18  -10
18  -7
16  4
17  -6
15  -4
12  -11
14  -11
17  -6
19  -1
15  -1
14  -3
16  -5
16  5
16  -1
16  -1
16  3
18  -6
17  -7
17  -1
16  3
18  -3
15  -5
19  -8
19  -4
19  -3
18  -11
17  -1
15  -10
15  -5
17  -1
18  -5
18  -10
16  -3
20  3
16  0
18  -9
16  6
16  -3
18  -6
15  -3
18  -3
15  -2
18  -9
15  -2
15  -1
18  -1
15  -5
17  -6
14  -6
18  -8
16  1
17  3
17  2
15  -9
17  -1
16  -3
17  1
19  4
20  -1
16  -3
16  -5
15  -2
17  -5
21  1
17  -5
13  5
16  2
16  6
15  1
16  2
15  -8
18  -13
20  -2
16  0
17  3
22  4
19  -5
15  -5
15  -10
15  -1
15  -8
14  -11
20  -1
15  -1
15  -5
18  -1
17  -1
17  -3
14  -5
18  -8
15  -10
12  -9
18  -12
17  -1
20  -2
20  -2
17  -3
11  4
19  -7
15  1
16  2
15  -10
14  -8
15  -3
15  -6
15  -4
18  -13
15  -10
12  -5
14  -4
15  -8
17  -4
17  -9
18  -1
19  -8
18  -6
18  -9
14  -8
17  3
15  -3
16  3
17  -5
17  -8
17  -4
15  -7
15  -6
14  -4
17  2
15  2
16  2
16  -1
18  -5
17  -3
15  0
19  4
19  -4
16  -1
17  -4
17  0
16  -2
16  -3
17  -6
15  -1
18  -1
13  8
16  6
15  0
18  -7
14  -3
15  0
12  -12
16  7
14  -10
18  -2
19  -5
16  -4
15  -5
12  0
19  3
17  0
17  -9
17  1
16  3
16  0
16  -5
13  6
17  -9
15  -9
18  -7
17  -8
16  -5
17  3
18  -7
13  -2
16  -5
18  -3
19  -3
17  -7
17  1
18  -10
16  0
16  7
17  -7
17  -3
16  -2
18  -12
14  -6
17  1
16  1
14  1
17  3
15  0
15  -1
14  1
21  -1
19  2
15  -8
18  -10
16  -3
17  1
17  2
17  -7
15  -1
15  -1
16  4
16  -1
18  -5
16  7
18  -2
14  -10
15  -9
18  -8
16  0
19  -6
19  -7
15  -7
17  -1
15  2
18  -7
18  -7
18  -6
15  -6
17  -4
20  -2
18  -9
15  -7
17  -1
18  -3
18  -7
16  -4
16  6
15  0
17  -2
16  -3
20  6
14  -2
17  0
17  -6
19  -3
18  -6
14  -1
15  -9
13  7
17  1
17  -6
15  2
15  -1
14  1
17  -5
14  -1
15  -6
17  2
13  -2
15  -6
14  -1
20  2
16  2
15  0
14  0
19  -6
16  -2
15  -8
15  -2
19  -5
18  -5
13  4
15  -5
19  -3
16  0
18  -4
17  -7
14  0
16  3
15  -9
17  -1
16  -5
16  2
20  4
17  -2
17  -6
16  5
16  4
17  -5
19  -7
13  -2
16  -3
13  3
16  7
14  -1
19  -3
17  -1
16  5
18  -12
18  -13
16  -1
14  -2
16  -4
16  -5
17  -3
16  7
16  7
18  -8
15  -9
15  -9
17  -6
13  -2
17  2
14  -6
18  -4
13  7
17  -9
12  0
16  -5
17  -5
15  1
22  0
15  -9
14  -2
16  1
16  -1
20  8
12  -4
18  -11
17  -3
13  3
15  -9
17  -5
