18  5
19  8
19  -1
20  -13
19  12
17  -8
19  4
19  8
20  -12
19  10
18  -3
19  11
19  5
17  -3
20  -1
20  -6
20  0
18  -2
17  -6
18  -5
19  0
18  -5
18  -2
18  1
18  -4
19  10
18  7
18  1
19  -2
18  3
19  12
19  9
20  -11
20  -1
19  7
20  -13
20  -12
20  -1
19  3
18  1
19  -2
19  1
18  7
21  -5
18  0
19  3
18  0
18  -5
20  -5
20  -2
19  12
17  -5
19  5
19  4
21  2
18  -4
19  -1
19  -1
18  4
18  8
19  0
19  1
19  9
17  4
19  3
21  8
18  8
19  0
19  -1
17  -3
18  -4
19  7
19  2
18  7
18  -4
18  2
20  -10
20  -7
18  -6
18  2
17  -10
19  12
19  5
18  7
19  11
20  -1
19  11
21  7
17  4
18  -3
19  1
17  4
19  0
19  -1
19  2
20  0
17  -2
18  1
17  -4
17  -5
20  -14
20  -9
18  -2
18  1
20  0
19  4
19  7
17  -2
18  5
19  8
19  1
18  1
19  3
19  5
19  5
20  -7
19  3
21  0
18  0
19  6
17  -3
19  2
19  1
19  12
19  9
18  7
18  -6
20  -4
19  7
18  -4
20  -5
19  5
18  3
19  7
18  -5
17  -8
18  7
20  -7
18  -1
19  6
20  -6
19  1
19  11
18  -2
18  -1
18  6
20  -4
18  -4
20  -10
17  -10
18  0
18  5
19  6
19  8
18  6
18  7
18  -3
19  5
20  -14
18  4
18  3
20  -14
19  8
19  2
20  -5
19  -1
19  6
17  -10
19  8
19  1
17  -5
18  6
19  9
18  5
18  0
19  2
18  -3
19  4
18  7
19  11
19  4
20  -9
21  3
19  7
18  -6
19  7
19  8
19  -2
19  -1
20  -9
18  0
18  -3
19  11
19  10
18  3
18  0
19  12
18  6
18  7
19  5
18  7
18  -6
20  -1
19  1
19  12
20  -14
19  -2
20  -2
19  -2
19  0
18  -4
19  6
20  -12
18  0
19  5
19  0
19  11
17  -3
19  9
20  -8
18  2
17  -4
18  5
18  -4
19  3
20  -9
20  -9
20  -3
19  8
18  -6
18  -3
19  5
18  -4
20  -3
20  -1
18  -2
18  -2
18  5
19  4
18  -6
18  0
19  -2
19  7
19  7
18  5
17  -8
17  -1
20  0
17  -9
18  1
19  10
18  6
19  1
19  5
18  -1
18  8
20  -11
18  1
20  -9
18  6
20  -14
18  6
18  2
19  11
18  4
18  4
18  -2
19  0
19  6
19  5
20  -7
18  -3
20  -2
17  -4
19  1
19  -1
20  -5
20  -12
17  -3
18  4
19  -1
18  4
19  6
18  0
19  6
20  -10
19  0
20  -8
18  -2
17  0
20  0
19  5
18  1
19  1
19  8
18  -1
20  -5
19  12
19  5
20  -5
19  5
18  1
21  -6
19  5
19  -2
20  0
18  1
19  11
18  -1
18  0
18  1
19  -2
20  -5
19  10
19  10
19  0
19  4
19  7
20  -4
17  -6
18  8
20  -5
18  2
20  -12
19  11
19  8
19  7
18  6
19  6
18  -4
19  4
18  -3
19  4
18  7
19  11
20  -9
20  -4
19  8
18  -6
19  10
19  9
19  12
19  4
20  -10
18  5
19  0
19  6
19  3
19  -1
17  -3
18  1
20  -4
18  1
20  -5
18  -2
17  -9
18  -3
18  3
19  12
19  0
19  1
19  6
20  -12
21  4
19  10
20  -5
17  -4
17  2
18  2
18  -3
18  -6
19  8
18  -5
20  -14
20  -13
19  -1
17  -10
19  1
18  6
20  -14
19  4
18  4
18  4
19  0
19  3
19  11
19  -1
20  -5
21  -6
19  4
19  5
19  10
19  10
20  -1
20  -11
18  -1
19  2
19  3
18  -5
18  0
19  1
19  7
18  -6
17  2
19  11
18  -2
18  -2
19  12
18  4
21  7
19  9
18  -2
18  6
18  -1
19  9
19  5
19  9
19  8
18  0
17  -10
19  0
18  3
19  8
18  -4
19  8
19  4
17  -1
20  0
19  3
18  2
20  -8
21  -6
21  5
17  0
19  6
20  -13
20  -5
20  -12
20  -4
20  -8
18  -2
18  3
17  4
18  5
20  -3
19  -2
17  -10
18  -4
20  -14
20  -6
20  -4
19  7
20  -12
19  4
18  5
17  -4
19  2
18  -1
19  8
18  2
19  -1
19  7
19  3
19  6
20  -6
17  -4
19  8
20  -4
19  2
19  1
19  2
19  0
18  0
18  6
19  4
18  1
20  -6
20  -9
20  -7
19  9
20  -3
19  1
20  -8
19  1
19  5
18  -2
19  4
19  3
20  -14
20  -4
19  2
18  -5
17  -6
19  -2
17  2
20  -10
18  1
19  3
19  3
19  10
19  11
19  10
18  7
19  1
19  8
18  -6
20  -3
19  11
20  0
18  4
18  5
19  -2
18  2
19  8
18  -1
18  -2
21  -1
20  -1
19  2
18  -2
19  9
19  1
19  12
19  11
19  10
18  2
18  8
20  -12
18  2
20  -9
19  5
18  2
19  0
18  -1
19  9
19  10
18  8
19  -2
19  11
20  -11
19  7
20  -1
19  9
19  1
19  1
18  7
18  -2
20  -1
20  -9
19  9
20  -6
20  -5
19  7
18  3
17  2
17  4
19  6
19  2
19  1
19  8
18  5
18  2
17  4
19  9
19  6
18  -5
19  9
20  -11
20  -8
18  -4
21  -1
20  -8
18  5
19  5
19  3
19  6
18  -4
20  -5
18  -1
20  -7
19  3
18  4
20  -14
20  -4
20  -5
17  0
20  -14
19  7
19  -1
19  0
20  -9
19  0
19  9
18  2
19  1
19  4
21  7
18  -1
18  7
19  9
18  3
18  -1
21  3
17  -8
18  -3
20  -10
20  -10
20  -13
19  12
18  5
19  10
19  7
19  4
18  3
19  11
20  -10
18  4
19  4
19  0
17  0
19  0
18  8
19  -2
18  5
18  -4
20  -1
18  -6
19  2
18  5
19  7
18  6
18  5
18  -6
19  12
19  0
18  7
19  -1
18  -5
20  -1
19  7
18  8
17  3
18  6
19  2
19  2
20  -5
19  12
18  -1
19  3
20  -7
20  -5
19  4
20  -9
18  4
19  -1
20  -5
19  5
19  -2
18  5
20  -11
19  7
20  -11
19  9
20  -4
20  -4
18  0
18  5
19  9
19  4
17  4
20  -6
18  1
17  -1
17  -5
19  8
19  5
19  1
18  0
17  0
18  6
18  8
19  10
19  10
19  11
18  4
20  -6
20  -13
18  0
21  -3
18  -4
18  -4
19  10
17  -9
19  8
17  -5
19  2
18  -3
18  2
18  -3
19  7
17  2
18  -3
20  -5
18  7
19  3
18  -5
19  1
19  3
19  4
17  -9
19  6
20  -11
18  2
18  -1
17  -7
19  8
19  10
18  6
19  12
20  -6
19  3
18  -6
18  4
20  -13
20  -2
18  1
19  12
19  -2
19  6
18  -2
19  2
17  4
17  -8
18  -3
18  2
18  -1
20  -8
17  2
19  1
19  5
19  9
18  -4
20  -7
18  -6
20  -12
18  4
19  3
19  0
19  10
18  -2
19  8
20  -7
18  8
18  0
19  12
20  -5
19  10
19  3
20  -7
18  1
20  -6
18  -3
18  -6
17  0
18  1
18  0
18  2
18  -2
21  0
18  -4
18  -4
20  -6
19  -2
19  4
20  -2
18  -5
18  2
19  0
17  0
19  1
19  11
20  -4
19  7
19  8
19  12
20  -11
20  -4
18  -5
19  1
19  -2
20  -4
18  5
21  -2
19  11
20  -10
18  -5
19  0
20  -1
18  0
19  9
18  -4
18  4
19  -1
18  -4
18  -1
18  -2
19  11
18  3
17  -10
19  1
18  -5
18  3
20  -14
20  -7
18  -2
18  3
18  6
19  0
19  11
19  8
18  2
17  -4
19  1
19  4
18  0
19  0
18  -4
21  2
18  6
18  0
18  -6
17  1
18  4
17  -9
21  -5
18  1
18  -4
18  -2
18  3
19  0
19  12
20  -12
18  -2
19  1
18  0
19  -1
19  5
19  8
18  8
19  2
21  -2
19  3
19  3
18  2
19  7
18  -4
18  6
18  4
19  9
19  6
20  -11
19  1
17  -1
19  -2
20  -10
19  5
17  -4
20  -9
17  1
20  -10
19  -1
18  7
18  1
17  -2
18  -4
19  8
18  -4
18  0
19  11
19  1
18  3
18  -5
17  3
18  0
18  2
18  8
19  8
18  -2
19  8
20  -1
19  6
19  11
21  1
17  2
18  -1
17  -9
19  4
20  -9
18  -6
19  4
20  0
19  6
20  -9
18  6
20  -14
20  -11
21  -6
18  5
18  -5
19  2
18  -1
17  -1
20  0
18  -4
20  -10
18  0
20  -1
18  -1
18  -1
19  8
18  3
18  5
18  -5
18  -5
19  10
19  8
18  1
19  12
19  1
19  -1
19  5
20  -7
20  -2
20  -13
19  -1
18  0
20  -1
19  1
18  -1
21  6
19  -2
19  12
18  -4
19  3
19  10
18  -2
19  12
19  11
19  3
18  -1
18  -3
17  -10
20  -6
20  -14
20  -3
18  4
19  7
20  -8
18  7
19  6
20  -4
19  1
21  -5
19  0
17  -9
19  7
17  -6
19  10
20  -11
19  0
19  0
18  6
19  2
18  3
19  3
20  0
19  -1
18  0
19  6
19  -1
18  -2
19  1
18  -4
20  -12
19  3
18  -2
18  3
18  3
20  -12
19  10
18  1
20  -14
20  -5
20  -9
20  -4
18  7
19  4
17  2
19  3
18  6
