14  5
17  -4
16  1
21  2
17  -8
17  -7
16  -2
19  6
18  5
19  8
18  5
15  7
19  3
16  -2
16  -4
18  3
18  6
19  4
18  1
19  4
19  3
15  8
15  5
16  -5
15  8
17  -5
18  4
12  5
18  5
19  2
19  6
21  1
19  7
18  4
17  -5
20  9
17  -10
18  6
17  -7
19  5
17  -5
16  -3
17  -9
19  8
16  -1
20  4
18  6
17  -5
18  3
19  8
17  -9
17  -7
17  -6
18  5
17  -5
19  5
17  -9
19  7
17  -9
16  -5
15  8
17  -5
17  -4
16  -4
20  5
17  -8
18  5
16  0
16  0
16  -2
19  7
20  4
20  6
17  -8
13  -4
15  8
20  6
17  -5
18  6
20  8
11  2
20  4
19  3
17  -8
18  1
19  4
18  6
19  3
17  -8
16  -4
16  -4
18  7
20  8
20  3
20  6
16  -2
19  2
17  -6
20  6
18  1
19  3
17  -4
18  6
16  -3
17  -6
17  -8
17  -5
16  1
16  -5
18  6
18  1
19  8
16  -2
20  6
18  2
16  -4
18  4
19  5
16  -5
15  3
18  3
19  2
20  9
16  1
18  4
15  4
16  1
17  -6
17  -6
19  3
16  -3
23  4
18  1
15  8
15  9
18  3
19  5
18  4
18  2
13  -9
16  -5
17  -9
17  -9
18  6
19  5
19  6
15  3
18  6
15  3
21  4
14  4
16  -4
16  1
16  -2
16  -4
19  7
16  -1
16  -3
19  6
14  4
17  -8
18  3
18  2
15  3
18  3
20  7
15  5
21  2
18  1
15  9
15  9
17  -5
17  -5
20  3
18  5
18  7
19  3
17  -10
17  -4
18  1
17  -5
15  8
18  2
18  5
18  3
19  3
14  4
17  -10
19  8
18  7
13  -9
21  2
18  3
15  3
15  8
18  2
17  -5
21  2
18  3
15  9
18  5
19  7
18  1
18  5
17  -4
19  3
15  7
16  -5
17  -7
19  3
18  6
18  6
16  0
17  -5
20  9
18  5
16  -2
16  -3
15  5
19  8
19  5
20  3
16  -2
18  5
16  -1
19  7
19  7
18  4
18  3
14  4
18  7
19  5
21  7
22  -10
20  4
17  -10
20  9
16  -5
16  -4
22  -5
15  5
18  3
18  1
20  6
17  -7
15  6
17  -5
21  1
18  6
18  6
16  -5
19  2
17  -6
19  2
19  2
18  6
18  6
17  -7
16  -3
16  -1
16  -5
19  3
18  2
19  6
17  -8
17  -4
19  4
15  7
20  7
17  -4
19  3
18  7
19  2
19  4
18  5
18  5
19  3
18  1
18  2
18  1
15  7
20  6
15  6
20  9
18  4
18  6
18  7
19  4
16  1
19  7
16  -2
22  -8
18  4
17  -5
19  2
16  -5
19  3
16  1
18  7
15  7
16  -1
15  9
17  -10
21  5
15  6
16  0
16  -2
16  -2
18  3
21  4
18  3
16  -4
17  -8
18  4
16  -3
16  0
18  4
19  3
18  2
18  2
18  5
16  -4
18  4
16  -4
17  -6
16  -1
16  -2
17  -10
18  1
19  7
17  -6
20  7
17  -10
16  -5
14  4
16  -1
18  3
18  2
17  -7
17  -9
15  3
16  -2
13  -5
16  -4
19  7
18  4
18  6
17  -5
17  -5
18  6
15  4
17  -8
18  2
17  -4
19  7
20  7
18  3
18  4
18  5
17  -5
18  5
16  -5
20  7
15  8
17  -4
19  2
17  -7
15  8
16  -2
16  1
18  1
19  4
17  -4
17  -10
16  -4
18  5
18  3
16  1
18  1
19  6
17  -8
19  2
18  6
18  4
19  4
17  -6
16  -1
16  -4
18  1
18  3
17  -6
17  -7
17  -10
18  3
17  -7
19  2
17  -7
21  4
19  2
17  -4
18  3
14  0
18  6
18  3
16  -5
15  4
23  0
18  5
21  5
18  4
18  5
18  2
17  -9
16  0
19  7
16  -3
16  -1
15  7
16  -2
19  8
19  3
19  2
19  3
22  -10
17  -4
16  -1
18  7
19  7
19  3
13  -6
17  -5
16  0
16  -4
18  5
18  1
20  5
17  -10
18  3
16  -5
17  -9
18  3
20  4
18  6
18  1
17  -6
17  -8
17  -4
14  3
19  4
14  5
16  -2
18  2
22  -4
18  6
18  6
17  -6
16  0
18  3
16  0
20  9
18  4
16  1
15  9
16  0
17  -5
17  -10
19  5
18  2
16  0
18  3
16  0
16  -3
15  7
19  2
17  -5
18  6
17  -9
19  7
19  3
14  -1
16  -3
18  7
14  1
19  2
17  -8
16  -1
19  6
18  1
17  -6
17  -5
16  -3
19  5
14  2
16  -5
18  1
18  4
17  -10
18  4
16  -5
17  -7
19  3
18  5
15  3
17  -5
17  -10
16  1
20  4
16  -1
19  8
19  4
18  1
21  6
19  7
19  4
17  -6
16  -1
20  7
15  8
18  3
22  -4
17  -8
21  6
16  1
18  6
15  4
20  4
18  2
18  6
16  -2
18  6
23  0
13  -9
15  9
15  6
21  2
19  7
14  5
18  3
16  -1
15  7
15  5
16  -1
16  -2
18  6
16  1
18  1
17  -9
18  7
15  9
17  -10
18  6
17  -8
17  -7
19  5
18  6
20  5
16  -4
17  -5
15  6
20  4
17  -5
16  -3
16  1
18  2
17  -6
18  7
14  3
18  2
19  8
20  9
17  -7
18  6
17  -10
17  -8
15  5
19  5
19  7
18  3
15  4
16  -3
16  -1
18  1
18  1
14  5
17  -7
17  -5
16  -3
14  3
20  6
16  -5
18  6
18  5
18  5
16  -1
15  7
18  1
17  -6
19  4
17  -10
21  7
17  -4
15  9
18  1
17  -9
18  3
18  5
17  -4
16  -2
17  -7
18  5
18  7
17  -4
18  6
18  6
18  7
17  -5
18  5
17  -5
18  7
15  6
14  -1
14  4
12  -1
20  4
18  3
16  -3
18  1
16  -1
15  9
19  5
18  7
19  6
18  1
19  6
16  -3
16  -2
16  -1
21  5
16  -3
17  -7
20  3
16  -4
18  5
17  -10
18  5
17  -5
16  0
17  -9
18  6
20  7
17  -9
18  3
16  0
21  1
15  4
17  -7
20  6
18  4
17  -5
17  -9
21  3
18  5
18  3
14  0
18  7
18  1
19  8
17  -6
15  6
19  2
17  -6
16  -3
16  0
17  -9
17  -10
16  -3
17  -6
18  6
16  0
18  4
18  2
17  -9
20  5
17  -7
19  8
19  7
18  5
18  3
18  3
18  1
19  2
19  7
15  5
15  4
18  5
15  3
18  6
19  4
18  1
18  1
20  4
22  -6
17  -6
15  4
17  -10
15  6
20  4
14  -1
18  3
17  -9
18  3
20  5
19  6
19  7
15  5
18  1
16  -3
16  -1
18  1
20  8
19  6
19  8
16  1
18  5
19  6
18  4
16  0
17  -9
19  8
20  3
15  8
15  9
21  6
16  0
16  1
17  -7
18  1
16  1
18  4
16  -1
16  -1
18  1
16  1
17  -6
19  6
17  -7
18  2
19  4
20  8
19  7
19  2
19  3
17  -9
20  3
18  5
16  -1
15  9
20  9
21  7
17  -10
16  0
18  6
19  3
15  9
16  -1
18  7
19  2
18  7
16  -3
18  1
18  2
15  7
16  1
18  6
15  5
15  5
18  4
18  6
18  4
21  6
16  -2
18  7
17  -4
16  -2
18  4
16  -4
16  0
19  3
16  -1
17  -4
16  -1
19  8
16  -2
17  -4
15  4
21  7
17  -9
18  1
16  -1
16  -5
18  1
19  3
17  -8
20  9
19  3
18  5
21  7
17  -5
19  5
17  -10
15  8
17  -6
14  2
19  8
17  -4
17  -9
16  -4
17  -7
18  1
19  2
20  8
17  -10
18  4
16  1
21  7
18  2
18  7
17  -6
17  -8
16  -1
18  1
15  6
16  -1
18  6
19  5
17  -4
17  -8
18  7
18  6
20  5
19  3
19  4
18  2
18  2
19  8
15  9
19  2
15  7
17  -6
21  1
17  -5
17  -10
14  5
17  -10
17  -5
18  5
18  6
17  -7
18  3
14  -1
17  -8
18  4
19  3
18  2
19  2
16  -5
16  -4
17  -5
18  2
19  7
16  -3
17  -6
16  1
18  6
17  -6
20  9
17  -5
17  -5
21  6
19  8
16  1
18  6
20  5
17  -5
18  2
17  -5
17  -5
18  2
15  6
17  -8
20  9
16  -1
17  -10
14  -1
16  0
17  -8
18  3
15  5
19  5
19  7
18  6
18  1
19  2
17  -4
17  -7
17  -5
17  -5
14  1
17  -4
16  -5
18  7
19  6
20  6
19  2
14  1
18  6
21  4
17  -8
16  -3
18  2
18  7
18  7
17  -5
16  -3
15  4
20  4
19  6
22  -10
13  -8
18  5
16  -5
17  -6
14  3
20  8
16  -3
15  7
18  4
20  9
19  5
20  9
18  2
19  5
17  -10
20  7
18  4
16  1
17  -6
17  -8
19  7
18  7
17  -10
19  7
17  -6
16  -1
16  -3
18  7
16  -3
18  6
17  -8
19  3
18  2
18  5
16  1
18  4
17  -8
18  2
18  1
16  0
14  5
18  6
16  0
20  7
17  -10
18  1
16  -5
16  -5
19  5
15  5
16  1
17  -10
17  -8
19  7
16  -5
17  -5
19  4
16  1
20  4
15  4
16  -1
14  4
14  5
17  -6
19  4
18  5
20  3
19  2
17  -6
18  6
16  -2
18  2
