12  -2
12  6
10  0
15  -5
15  -3
15  -4
10  2
14  2
18  -2
12  6
14  0
12  -1
15  -5
16  7
20  -6
13  0
19  -7
15  -6
19  -6
13  4
15  -6
16  -1
18  -10
16  1
12  6
13  8
12  7
18  -10
17  -7
16  -3
17  -10
13  1
14  -1
11  3
12  0
15  -12
16  6
14  6
16  4
13  3
16  5
19  -4
13  4
15  -7
13  5
14  7
13  -2
14  1
18  -1
13  3
14  4
13  6
13  -1
14  8
12  -2
14  5
12  -3
14  -1
15  -4
16  6
17  -6
14  5
19  -7
17  -9
17  -4
15  -10
15  -2
14  -2
16  2
11  -5
17  -9
16  6
15  -5
15  -4
12  5
17  -1
15  -7
14  3
14  0
13  6
19  0
19  -1
15  -4
16  0
13  -2
17  -6
18  -8
10  4
14  0
15  -6
16  5
15  -11
13  1
14  1
12  -2
15  -8
16  3
16  5
15  -8
14  0
15  -4
11  -6
15  -8
16  6
14  1
16  4
14  -1
14  5
13  2
12  3
17  -1
17  -6
11  4
14  4
16  -1
18  -11
14  3
16  7
13  -1
14  2
14  0
17  -1
13  -1
14  4
16  6
17  -5
16  3
12  3
14  5
13  6
17  -1
16  5
12  3
16  -2
13  7
16  3
17  -3
13  -1
14  7
11  -6
14  6
14  7
12  -2
12  7
16  4
15  -5
14  8
16  5
15  -6
14  6
13  7
16  -2
17  -7
13  7
15  -9
16  0
15  -7
16  -2
10  0
11  3
12  -1
13  -2
15  -9
13  5
17  -8
14  8
16  -2
15  -7
15  -12
9  -8
14  3
15  -3
14  -2
16  0
18  -4
12  6
17  -7
16  -2
13  8
16  6
15  -10
15  -11
13  2
14  -1
17  -4
14  2
11  -2
15  -6
19  3
16  -3
14  5
12  2
14  -2
12  -2
13  4
17  -1
16  4
16  -1
14  1
12  7
17  -6
13  2
18  -1
15  -11
18  -11
11  2
11  2
14  0
15  -3
13  0
16  4
14  1
11  0
16  0
15  -6
15  -5
13  2
16  -1
15  -2
19  -2
14  1
16  4
13  -2
10  0
10  7
13  8
17  -7
18  -7
12  3
14  7
15  -11
12  5
18  -4
17  -3
15  -12
16  7
14  0
15  -12
16  4
13  3
15  -8
13  5
14  6
16  -1
12  5
14  2
11  1
18  -7
10  4
9  -2
17  -1
13  -1
13  -1
19  0
13  -1
13  3
13  3
16  2
16  7
18  -7
17  -9
15  -6
14  1
13  -2
15  -7
15  -9
9  -8
16  -3
16  0
13  4
14  4
14  0
11  -2
15  -9
15  -12
15  -11
15  -6
13  5
15  -4
20  -4
13  5
14  3
15  -4
13  3
14  1
16  7
15  -9
12  7
14  0
11  4
15  -8
13  2
16  -2
18  -10
16  6
13  -1
14  -2
13  7
13  6
17  -6
16  -3
16  3
15  -3
12  1
18  -3
15  -12
13  0
12  1
14  4
19  1
13  -1
14  6
12  5
14  5
14  -2
13  -1
17  -1
17  -6
15  -12
16  1
15  -9
13  5
15  -12
16  0
13  1
13  -1
16  4
14  6
14  4
16  -3
15  -12
14  8
14  3
13  0
17  -8
16  0
14  2
14  0
14  7
13  -1
12  -1
17  -2
14  -2
14  7
15  -9
17  -7
10  9
16  0
15  -4
15  -5
14  0
12  4
12  3
14  -1
14  6
18  -10
16  1
13  3
15  -6
13  5
15  -2
16  3
17  -7
11  0
17  -10
14  -2
18  -9
16  1
16  -2
12  4
17  -8
14  2
15  -2
13  5
13  -2
16  4
13  -1
15  -7
13  1
16  1
14  -2
12  -3
15  -5
18  -11
17  0
15  -3
18  -11
10  6
16  3
13  8
17  -2
15  -6
15  -11
15  -4
14  6
16  1
14  -2
13  5
20  -5
13  4
16  1
13  4
13  -2
11  -1
16  -3
13  -1
13  -1
11  3
13  5
18  -2
14  0
12  -3
15  -10
13  0
14  2
17  -4
13  -1
15  -5
13  -1
15  -5
14  5
12  -3
16  3
13  6
13  8
12  -3
13  1
15  -10
13  -2
15  -5
18  -1
16  6
15  -5
14  4
12  -3
16  4
15  -12
14  5
16  0
14  -2
13  1
13  0
16  7
15  -5
13  -2
14  3
13  -1
16  -2
13  2
16  0
15  -5
15  -12
16  1
16  4
15  -3
18  -8
14  -1
9  -2
16  3
12  -1
15  -11
14  6
8  4
16  -3
17  -8
12  3
17  -1
14  -1
18  -9
14  -2
13  -2
14  3
10  0
13  6
15  -5
17  -4
14  -2
17  -6
13  1
14  2
18  -3
12  -2
14  -2
18  -8
9  -8
15  -7
13  -2
11  -2
14  7
11  -5
15  -7
18  -6
12  0
16  6
13  5
16  0
16  1
16  6
14  8
16  7
12  4
17  0
15  -2
17  -2
13  1
12  5
12  4
14  4
20  -10
18  -1
18  -2
18  -4
15  -8
13  -2
14  0
17  -2
14  8
17  0
16  -2
14  8
13  -2
14  5
13  7
13  5
14  0
18  -11
13  -2
15  -11
14  4
13  3
17  -10
13  1
13  4
12  2
14  8
15  -4
15  -12
15  -6
12  4
15  -8
17  -2
13  3
17  -9
17  -5
16  5
10  2
18  -11
16  3
11  0
16  6
13  -1
13  3
11  3
15  -3
15  -12
12  1
15  -7
16  7
14  4
16  4
14  2
13  7
14  1
11  1
16  2
14  0
17  -7
17  -1
16  2
14  5
14  1
14  -1
14  3
14  6
13  0
11  -4
13  0
14  3
18  -6
13  2
16  5
14  3
17  -1
12  7
14  -1
14  -2
16  3
14  4
17  -2
15  -10
14  5
15  -9
14  3
12  3
14  -1
15  -3
13  6
16  -3
14  1
15  -4
16  -3
11  2
15  -11
19  2
13  2
17  -10
10  -1
15  -7
12  5
16  4
12  2
16  1
14  5
15  -5
14  3
17  -2
16  4
17  -5
17  -2
17  -10
14  -1
12  2
17  -1
14  -2
13  0
16  -3
16  0
19  -1
14  7
13  1
17  -4
17  -1
9  -9
14  -2
13  4
13  6
15  -8
13  6
15  -12
18  -11
17  0
19  2
16  -3
13  4
12  6
14  8
10  4
15  -11
15  -5
18  -7
12  0
14  -1
11  0
15  -7
10  0
16  -1
14  3
12  -3
15  -7
15  -8
16  6
12  2
14  1
16  5
16  6
16  -2
14  8
13  8
18  -3
16  0
14  8
16  2
12  0
14  -1
12  3
16  0
14  3
14  8
13  4
17  -2
16  -1
14  8
17  0
13  8
15  -10
12  4
16  -3
13  -1
11  1
12  -3
16  1
13  -2
12  3
13  3
15  -4
16  -2
15  -9
14  3
13  1
15  -7
15  -3
8  2
13  -2
13  1
16  -3
11  0
18  -6
14  2
17  -7
12  7
17  -10
14  3
19  -1
14  7
16  2
11  0
14  2
12  -3
9  -6
15  -11
17  -9
14  1
13  3
12  1
14  1
16  1
15  -8
16  0
17  -2
16  1
12  -1
15  -12
13  -1
12  2
16  -1
9  -5
18  -6
15  -12
19  -4
15  -4
15  -7
17  -2
13  5
13  -2
13  -1
17  -3
12  6
11  -5
17  -2
13  4
16  5
14  -2
11  -1
14  -2
16  6
16  -1
13  2
14  6
15  -10
13  4
15  -3
13  -2
17  -3
17  -7
13  4
12  4
12  -2
15  -9
12  -1
12  4
13  6
13  3
18  -2
17  -6
12  2
16  3
14  4
13  -1
16  6
15  -11
15  -11
16  -1
15  -8
13  7
15  -6
14  6
10  6
12  7
15  -10
16  -1
14  2
14  -2
12  1
20  -4
17  0
14  2
16  5
13  7
14  2
14  -1
15  -5
11  1
13  4
13  0
16  7
12  7
18  -6
10  1
13  1
16  1
18  -8
15  -10
12  -3
18  -4
12  -1
13  6
15  -6
13  1
19  1
13  4
14  4
12  -1
16  7
14  6
15  -8
18  -9
14  4
13  2
11  -5
14  6
14  3
16  -2
12  7
15  -2
15  -11
18  -3
16  3
13  4
15  -2
14  6
15  -6
17  -9
19  -4
16  -3
15  -6
14  8
15  -4
13  1
17  -7
14  4
13  0
11  -2
12  7
11  -3
15  -8
12  1
14  5
16  -3
17  -4
15  -4
15  -11
13  1
13  -1
12  -3
17  -3
14  0
12  2
16  0
12  0
15  -8
13  5
12  1
13  -1
14  7
18  -3
15  -2
13  2
14  1
11  -1
13  8
16  -2
13  1
16  -2
14  8
11  2
13  8
12  6
16  -2
15  -2
18  -6
15  -11
14  6
14  5
17  0
14  3
18  -9
14  -2
15  -12
11  0
14  0
14  8
16  3
16  -1
14  -1
16  0
17  -6
13  8
17  -1
15  -6
16  -1
11  -5
11  1
16  4
14  6
17  -7
14  1
12  -2
16  0
18  -2
12  0
9  -9
14  2
12  0
17  -6
12  2
16  7
17  -9
16  5
15  -5
13  1
16  -2
16  0
15  -2
16  2
15  -11
12  1
13  5
18  -4
17  -7
12  3
16  -3
15  -12
14  7
13  -2
15  -12
13  3
14  -2
18  -10
14  -1
12  -1
14  1
10  5
15  -2
16  -2
12  -2
16  0
17  -2
15  -6
15  -7
15  -10
13  6
15  -6
18  -3
17  -6
16  3
13  8
16  6
12  7
15  -12
10  1
19  -7
16  -2
16  0
15  -9
13  8
16  -1
12  5
19  -4
13  -1
15  -8
15  -3
18  -9
16  -3
16  -2
15  -12
17  -9
14  2
17  0
14  0
14  7
12  7
14  6
15  -4
12  6
13  3
9  -4
16  7
14  6
11  -5
16  4
