23  8
27  7
27  7
26  -1
28  2
29  -2
26  -2
26  -3
27  7
28  4
29  -2
27  7
25  0
27  6
25  -1
26  -1
27  7
28  2
26  -2
27  7
26  -1
27  7
27  5
23  8
26  -2
26  -1
28  4
27  5
25  -1
24  0
28  4
29  0
28  3
28  4
25  0
26  -3
27  7
27  6
27  6
25  -1
27  7
26  -1
25  -1
29  -1
25  -1
24  -2
27  6
26  -1
28  2
28  2
27  6
27  5
27  5
26  -1
27  5
26  -2
27  7
28  3
27  6
28  4
28  3
29  0
29  -1
27  7
25  0
28  4
26  -2
29  -2
27  7
27  5
26  -2
27  5
28  2
27  5
27  5
29  -1
27  7
26  -3
28  3
28  3
26  -2
29  -2
27  7
26  -3
27  6
24  -1
26  -1
28  2
26  -1
27  5
25  -1
29  -2
29  -2
29  -1
28  3
26  -1
27  7
26  -1
26  -3
26  -2
27  6
25  0
27  7
28  3
25  -1
26  -2
24  -2
27  7
25  -1
27  5
28  2
28  3
30  -3
27  5
29  -1
24  0
28  2
26  -1
25  0
28  2
26  -3
29  -2
27  6
27  6
29  -1
28  4
26  -1
27  7
28  4
28  3
28  4
26  -3
27  5
29  -2
27  5
27  7
27  5
29  -2
26  -2
28  3
25  0
27  7
27  5
27  7
25  -1
27  7
27  6
26  -3
25  -2
25  -2
25  0
27  6
29  -1
27  7
27  5
26  -1
26  -2
26  -2
27  7
28  2
28  3
27  7
24  -2
28  4
25  -1
27  6
29  -1
27  5
27  7
27  7
26  -3
26  -1
28  2
26  -1
25  -2
27  6
28  3
27  7
28  3
27  6
25  -1
25  -1
27  7
27  5
26  -2
26  -2
26  -2
25  0
28  3
26  -2
27  7
26  -2
25  0
26  -2
29  -2
26  -3
25  0
29  -2
27  5
28  4
26  -3
27  6
25  -1
26  -3
30  -2
29  0
27  5
27  5
28  3
26  -3
28  4
27  7
24  -1
28  3
27  5
28  4
27  7
26  -2
25  -2
26  -1
28  2
27  5
24  -2
26  -2
26  -1
29  0
26  -1
28  4
28  3
28  3
28  4
27  7
25  0
28  2
26  -2
25  -2
29  0
25  -1
27  5
27  7
27  6
25  -2
25  -1
25  -1
26  -1
25  0
24  -1
27  5
27  5
24  0
27  5
28  2
28  4
29  -1
26  -1
26  -2
28  4
27  5
28  4
30  -3
26  -1
25  -1
30  -3
27  5
27  6
30  -3
26  -3
25  -1
28  2
25  -2
26  -3
24  -2
27  7
26  -3
29  -2
28  4
30  -2
27  7
27  7
28  4
29  -2
26  -1
28  3
29  0
30  -2
29  -1
27  5
26  -2
27  7
24  0
26  -3
27  6
26  -1
24  -2
24  -2
26  -2
28  3
25  0
28  3
24  0
27  7
24  -2
27  7
25  0
29  -2
26  -3
27  6
26  -3
28  3
27  6
27  5
26  -1
27  5
26  -3
25  0
26  -2
25  -2
27  6
26  -3
26  -2
28  2
27  7
25  0
28  3
27  5
25  -2
28  3
29  -1
27  7
28  2
28  2
26  -3
26  -3
30  -2
29  0
26  -3
24  -2
29  -1
29  -2
27  7
28  2
27  7
28  4
24  -1
25  -2
26  -3
27  6
26  -1
27  6
27  6
26  -1
27  5
29  0
28  2
27  7
28  3
30  -3
29  -1
27  7
27  5
28  3
28  4
25  0
26  -1
26  -3
28  2
25  -1
26  -1
28  2
29  -2
28  4
27  5
27  5
26  -2
29  -1
23  8
25  -1
29  -2
27  7
27  5
29  -1
28  3
25  0
25  -1
26  -3
28  3
27  5
28  2
27  7
23  6
26  -2
27  5
28  4
26  -1
23  8
25  0
25  0
28  3
26  -1
26  -3
26  -2
25  -1
30  -1
27  7
27  7
29  -1
27  6
26  -2
29  -2
27  6
26  -2
26  -1
25  -2
26  -3
26  -2
26  -2
23  6
27  5
25  -2
25  -1
25  0
29  -1
28  4
24  -1
27  7
25  0
26  -2
28  3
27  5
26  -2
27  5
26  -1
27  6
26  -3
26  -2
26  -1
27  7
26  -3
25  0
26  -2
26  -1
27  5
28  2
29  -2
26  -2
26  -3
27  5
27  6
28  3
26  -3
31  4
27  7
26  -1
26  -3
28  3
27  6
28  2
31  3
25  -1
26  -2
27  6
27  7
26  -2
28  4
27  7
27  5
26  -1
28  4
28  2
26  -3
27  7
26  -1
28  2
26  -2
27  5
27  7
25  0
26  -2
25  -1
27  6
26  -3
29  -2
26  -1
25  -1
24  0
26  -2
30  -3
27  5
24  0
26  -2
28  4
27  6
25  0
28  3
27  5
27  7
26  -2
25  -2
27  5
27  5
24  -1
27  6
27  5
28  4
28  2
27  5
26  -2
27  5
29  -1
25  0
26  -1
26  -2
28  2
26  -2
25  0
27  6
26  -3
26  -1
28  4
26  -3
26  -1
28  3
27  6
27  7
29  0
26  -1
27  7
27  5
26  -3
27  5
28  4
26  -1
25  -2
26  -2
26  -2
26  -3
24  0
27  6
27  7
25  0
27  7
27  6
26  -2
28  4
25  -1
27  7
29  -1
27  6
27  5
26  -1
26  -2
24  -2
27  6
27  7
27  5
26  -1
25  0
28  3
24  -2
26  -3
29  -2
27  5
26  -2
27  7
28  2
27  6
27  6
24  0
26  -1
25  0
28  2
27  6
25  -1
26  -1
28  3
28  4
28  2
25  0
26  -1
28  3
25  -1
28  4
26  -3
26  -3
27  6
26  -2
28  3
26  -1
29  -1
25  0
25  -1
29  -1
27  5
26  -2
27  6
28  4
27  6
28  4
27  7
29  -2
27  7
26  -2
28  2
25  -1
25  0
29  -1
28  3
26  -3
28  3
25  -2
24  -2
25  -2
25  -1
26  -3
27  7
24  -2
24  0
27  7
27  6
28  3
25  -1
27  7
27  6
26  -1
28  3
24  0
26  -1
27  7
26  -2
26  -2
26  -3
27  7
25  0
29  0
27  6
26  -3
28  2
29  -2
27  7
25  -1
28  4
28  3
26  -3
26  -1
26  -3
27  5
29  -2
26  -3
28  4
27  5
27  6
28  4
29  -2
26  -3
26  -3
27  7
27  5
26  -2
28  3
28  2
24  -1
24  -2
26  -3
28  4
31  2
30  -3
27  6
27  5
26  -3
27  7
24  -2
28  2
25  -1
27  6
27  5
27  5
26  -3
28  4
27  6
28  4
25  -2
25  0
26  -2
30  -3
28  4
26  -3
27  7
28  3
27  6
25  -2
29  0
27  6
29  -2
27  5
27  6
28  4
27  5
26  -2
25  0
26  -1
28  3
25  0
27  5
24  -2
27  6
26  -2
25  -2
27  7
26  -2
26  -1
29  -1
28  4
28  2
30  -2
29  0
26  -1
28  4
28  4
27  5
27  6
27  6
28  3
26  -2
29  0
26  -1
26  -2
28  4
27  5
24  -2
25  0
28  2
27  6
27  7
25  -2
27  7
26  -3
25  0
27  7
26  -1
26  -1
28  2
26  -3
27  6
26  -1
26  -2
29  -1
26  -1
26  -2
25  0
25  0
28  3
25  -1
27  7
27  7
28  3
26  -1
27  5
27  6
27  5
27  6
30  -1
25  -2
27  5
27  7
26  -2
28  3
27  5
26  -3
26  -1
25  -1
26  -3
27  6
27  5
28  3
25  0
28  4
25  0
25  -2
27  7
28  2
24  -1
26  -1
25  -2
30  -2
26  -1
26  -3
24  0
28  2
28  2
28  4
25  -1
25  -1
27  5
25  0
27  7
26  -3
27  5
27  6
27  5
26  -2
28  4
26  -1
27  7
28  3
30  -2
27  5
27  6
30  -2
23  7
25  -2
25  -1
27  7
27  7
26  -2
26  -1
27  5
25  0
27  6
27  6
25  -2
27  6
27  6
24  -1
29  0
28  2
25  0
28  2
30  -3
27  7
27  7
28  2
28  2
26  -2
26  -3
28  4
29  -1
27  5
28  2
26  -3
28  4
28  4
28  3
27  6
27  5
26  -2
26  -1
26  -1
26  -1
26  -3
27  6
28  2
27  5
27  5
27  5
26  -3
26  -2
25  0
26  -1
25  -2
24  0
27  5
27  6
27  5
26  -2
27  7
25  -1
29  0
25  -2
25  0
27  5
25  0
26  -2
28  3
27  5
28  4
26  -2
26  -3
25  -1
26  -3
27  6
27  7
27  5
24  -2
27  7
28  2
28  3
26  -3
28  2
27  6
29  -2
26  -3
27  7
27  7
25  -1
25  -2
28  2
26  -3
29  0
27  6
26  -1
26  -3
24  -2
27  5
24  -2
26  -3
25  -2
28  3
27  6
27  5
25  -1
26  -2
25  0
27  6
27  6
28  3
25  -2
30  -3
25  0
25  -1
26  -2
26  -2
26  -1
28  3
26  -2
24  0
25  -2
27  6
27  6
26  -1
26  -1
25  -1
27  5
29  -1
28  2
25  0
27  5
26  -1
25  -1
28  3
28  4
28  3
27  6
26  -1
28  2
24  -1
27  5
26  -1
28  2
27  6
26  -1
25  -2
27  5
27  7
24  -1
27  6
26  -2
26  -1
28  2
26  -1
26  -2
27  5
27  5
27  6
27  7
29  0
27  6
27  5
24  -2
28  4
27  5
29  -2
27  7
28  4
27  7
26  -2
27  7
26  -2
26  -2
26  -3
27  5
27  7
28  3
28  3
29  -2
28  2
26  -3
26  -3
25  -2
27  5
27  5
26  -1
27  6
27  5
25  -1
25  0
28  4
28  4
25  0
26  -1
24  0
