23  4
26  -5
23  4
26  -7
22  6
25  3
24  2
22  6
24  8
24  2
22  2
22  6
24  6
24  8
22  5
25  4
26  -6
27  0
26  -1
26  -4
22  5
23  -2
22  2
22  7
23  1
23  -2
27  1
21  1
26  -3
20  0
26  -5
22  6
23  4
23  -2
26  -6
24  7
23  1
25  3
26  -7
23  3
22  6
24  3
21  1
21  1
22  4
23  4
25  6
23  3
24  6
25  0
26  -5
27  2
26  -6
24  4
23  1
22  7
25  3
21  5
25  6
24  3
27  -2
24  4
25  4
22  6
25  1
23  -2
27  1
27  -1
24  7
23  3
27  -2
23  -2
22  6
22  2
24  2
21  3
23  -1
25  0
23  -1
21  0
24  5
27  1
23  0
23  -1
22  6
22  8
22  3
21  5
25  4
26  -6
26  -2
24  3
22  5
21  4
24  4
24  7
24  5
25  6
24  2
25  1
22  4
21  0
24  5
26  -2
21  1
25  2
23  3
21  0
20  0
21  -1
24  4
25  1
24  5
22  8
28  -8
21  5
21  2
24  2
25  5
25  5
25  6
26  -7
23  4
22  8
24  7
27  -2
22  5
23  -1
29  7
26  -7
23  -1
23  0
23  0
24  8
22  8
25  3
26  -2
24  5
23  0
22  3
23  0
22  8
27  1
24  8
22  7
23  1
24  5
25  0
27  2
25  0
24  3
24  2
24  4
23  0
22  5
25  6
24  7
25  5
23  -1
25  6
21  2
24  4
24  7
25  1
25  6
21  -1
25  5
25  2
24  8
23  1
23  -1
22  6
24  8
23  3
26  -4
23  3
24  7
26  -6
26  -4
27  2
23  2
24  8
23  2
26  -1
25  3
24  2
26  -2
25  1
23  4
21  5
24  6
24  8
21  1
22  7
26  -3
22  4
23  4
23  1
23  4
22  3
22  3
25  5
26  -2
22  4
23  1
25  3
21  3
22  5
23  1
26  -2
23  0
26  -3
24  4
21  4
22  3
24  8
23  4
27  1
23  0
23  1
24  8
22  7
24  5
23  4
23  -1
24  2
24  6
25  6
24  3
25  5
23  4
28  -8
26  -3
22  7
24  3
23  2
25  6
23  3
25  0
23  4
25  6
25  3
22  4
24  8
24  8
23  2
24  2
25  1
24  5
23  0
21  1
25  5
25  3
21  -1
26  -7
23  3
23  0
26  -4
23  2
23  3
24  7
24  6
25  2
21  5
25  2
24  6
26  -1
25  0
25  6
24  8
25  5
23  1
23  4
23  1
27  2
21  0
26  -7
22  3
25  4
26  -7
27  3
23  -2
24  3
25  3
23  -2
26  -5
22  5
23  -1
22  2
24  4
23  3
23  2
27  -2
27  -3
26  -3
25  1
25  3
26  -4
25  0
24  4
24  5
23  1
21  0
25  2
25  4
25  1
24  8
23  -2
24  6
26  -1
25  2
25  6
25  2
25  0
20  4
28  -5
25  1
24  8
22  8
24  5
21  4
23  1
25  4
23  1
21  4
23  4
23  3
25  1
25  6
25  4
23  -1
25  5
23  3
22  2
24  8
22  3
23  0
25  5
24  7
24  8
23  3
26  -3
21  2
21  0
23  -2
23  4
29  5
22  8
23  4
26  -2
25  4
26  -5
24  4
20  0
24  3
23  -2
24  4
22  8
26  -4
25  6
25  5
25  2
25  5
25  3
26  -6
26  -6
27  -1
24  6
23  4
25  6
21  2
25  5
25  1
22  6
25  6
26  -3
22  7
25  6
23  -2
27  -3
24  3
22  3
23  1
23  -1
22  8
22  2
20  0
23  0
23  -2
22  2
24  7
22  6
24  5
25  4
26  -6
24  6
24  5
24  6
25  1
24  4
25  0
27  -2
25  3
27  -1
25  2
25  6
24  7
24  4
22  2
22  3
23  -2
22  6
23  -1
24  7
25  5
25  1
24  7
23  -1
22  7
24  6
24  2
23  0
22  4
25  1
23  3
25  3
26  -6
24  2
24  5
23  -2
22  5
23  1
24  8
19  -6
22  3
25  1
26  -1
24  7
24  4
23  -2
25  2
27  1
22  4
24  3
23  0
24  3
23  4
21  3
23  3
25  6
22  5
26  -5
22  2
23  0
25  3
26  -5
22  2
28  -6
23  2
22  7
25  4
24  4
24  5
22  8
26  -1
23  -1
23  0
24  3
26  -4
25  5
24  2
21  3
22  8
22  2
24  8
27  0
23  2
24  4
23  -1
25  2
23  -2
23  -1
25  1
24  4
21  1
25  3
25  3
23  1
23  -1
23  -1
24  8
23  -1
24  7
23  4
24  8
25  6
22  4
26  -4
22  5
22  4
21  4
26  -5
21  4
23  4
26  -4
23  -1
24  8
24  6
24  2
26  -5
25  1
22  5
24  5
21  3
22  2
23  0
23  -1
24  7
23  2
26  -2
23  3
23  -1
26  -3
23  3
23  3
23  4
26  -4
24  6
21  4
21  -1
21  5
21  3
22  8
23  3
23  -1
25  4
25  1
26  -3
28  -8
26  -7
23  3
25  6
24  6
24  3
26  -1
22  3
23  4
19  -9
22  4
25  6
21  2
22  4
26  -7
25  2
24  8
22  4
24  6
24  6
28  -9
23  2
25  0
24  4
25  1
24  5
24  6
23  1
23  2
23  -1
23  2
26  -6
25  3
25  6
24  4
23  0
24  8
22  6
23  2
22  5
24  7
24  7
22  5
23  1
25  5
20  5
27  -1
24  7
23  1
24  6
22  4
25  5
24  7
22  6
24  3
24  8
21  0
22  6
25  3
27  -2
25  1
24  7
25  3
26  -5
25  4
24  5
24  4
22  2
27  -1
24  5
24  2
24  6
23  3
26  -1
26  -5
24  3
24  7
22  8
25  2
22  2
23  4
26  -6
25  5
24  6
27  -2
20  -1
21  2
22  7
25  3
26  -7
24  2
24  4
25  0
23  1
25  3
21  5
25  3
24  8
27  1
25  3
21  1
23  4
23  0
26  -1
22  7
26  -5
25  5
23  0
23  3
25  0
22  4
25  5
26  -7
25  1
25  0
25  4
26  -5
22  7
23  3
25  0
20  5
22  2
24  3
26  -4
23  -1
23  0
21  4
21  3
25  0
24  4
28  -5
24  6
25  5
23  3
24  5
25  1
20  0
21  2
25  0
25  6
21  4
23  -2
23  1
22  5
23  1
24  2
27  3
27  2
27  -3
25  6
23  -1
24  6
24  4
23  2
22  8
23  1
26  -1
25  2
24  5
22  7
23  2
26  -4
23  4
23  -2
26  -6
25  6
22  2
26  -6
23  -1
23  2
23  -2
21  1
21  4
24  4
24  5
23  -2
22  8
27  2
23  2
24  5
24  8
25  1
20  0
24  8
26  -3
20  1
22  6
25  3
22  5
25  4
23  0
24  2
26  -2
26  -7
26  -6
25  6
23  1
26  -1
19  -4
24  6
25  6
24  5
22  5
25  3
20  5
23  2
26  -6
26  -1
20  4
24  7
25  2
27  -3
23  -2
24  6
23  4
24  4
23  2
23  1
26  -2
25  5
25  0
22  6
25  4
25  4
25  6
25  1
19  -6
25  6
26  -7
23  -2
27  0
24  6
26  -7
21  0
26  -4
23  -2
24  4
24  5
25  3
25  1
25  1
25  0
22  2
24  8
23  0
22  4
25  1
24  4
22  8
25  6
26  -3
25  5
25  6
21  -1
24  2
25  1
24  4
25  6
21  2
27  0
21  4
25  1
25  1
25  3
21  4
24  2
25  6
23  1
21  2
26  -5
24  2
22  6
24  7
23  -2
22  5
26  -7
25  3
25  6
23  1
22  2
23  4
23  4
23  -2
25  5
22  2
24  2
22  7
22  6
25  0
23  3
24  3
26  -3
24  8
24  7
25  3
24  6
25  3
27  -1
25  5
23  -2
22  2
22  5
24  4
24  6
24  8
23  -1
24  8
25  4
24  3
24  6
22  8
23  0
23  1
25  2
22  3
24  3
24  7
27  1
22  5
24  7
28  -5
25  5
25  0
23  3
25  4
27  -1
25  1
25  4
27  3
22  3
25  2
26  -1
22  7
24  5
23  3
24  2
22  2
24  4
22  2
23  4
23  0
24  7
23  -2
24  6
24  6
23  3
23  -2
25  2
24  8
26  -1
23  3
25  4
22  7
25  6
26  -1
21  0
23  0
25  3
24  2
24  4
24  8
22  8
24  3
26  -4
19  -7
22  7
22  5
25  3
24  2
24  6
24  2
22  4
25  1
21  5
23  -1
23  2
25  1
21  0
22  5
22  4
26  -6
26  -4
25  6
23  3
23  -2
22  2
27  2
27  1
24  8
22  4
25  1
25  6
23  4
26  -4
25  1
19  -8
24  2
24  8
23  -1
24  8
26  -6
24  5
25  0
23  -1
24  5
27  1
23  -1
22  3
25  0
24  3
24  8
23  4
23  4
23  4
24  8
25  0
22  5
23  -1
22  7
23  2
24  6
22  6
24  8
24  4
22  3
25  0
24  8
26  -2
25  6
24  2
23  2
19  -8
24  5
22  3
25  1
22  7
25  6
25  1
21  4
25  1
26  -6
24  6
21  3
21  2
19  -4
27  1
26  -4
25  2
24  8
22  2
24  4
25  4
22  6
25  0
24  4
23  4
23  2
26  -6
24  7
24  4
26  -1
23  2
