11  4
12  -3
11  1
11  7
11  5
12  -5
10  -7
14  -10
15  -2
13  -1
15  -7
17  -7
13  -4
13  1
14  -5
10  -9
11  4
12  -2
9  1
9  1
11  1
16  2
15  -2
15  -8
9  -2
11  6
11  7
14  -4
13  -1
14  -7
11  6
13  -2
13  -3
16  -1
14  -9
14  -5
10  -9
8  -3
16  2
20  -6
9  0
14  -9
16  5
10  -6
12  -5
13  -4
11  5
11  3
15  -2
14  -7
15  -2
13  2
16  -1
16  0
14  -4
13  -3
16  0
13  0
15  -6
13  -4
12  -4
15  -5
12  -6
15  -8
12  -6
14  -5
13  -1
15  -4
14  -10
14  -10
16  2
15  -7
13  -1
14  -8
13  -2
11  6
13  -2
10  -8
15  -2
14  -4
9  1
14  -10
11  4
13  2
14  -6
15  -2
16  0
11  7
14  -7
14  -10
8  -3
13  1
15  -6
13  0
14  -9
11  3
12  -6
14  -4
14  -9
12  -4
10  -7
14  -10
13  -4
12  -2
13  -4
11  7
13  -2
13  -4
10  -9
14  -6
7  -4
15  -3
10  -4
10  -5
12  -6
13  -2
17  -4
14  -6
15  -8
14  -4
12  -6
13  -2
13  1
13  -4
12  0
13  -4
14  -8
12  -6
11  5
12  0
17  -3
12  -2
15  -5
13  1
12  -1
16  1
11  7
9  2
15  -8
11  1
10  -9
12  -3
13  -3
12  -4
14  -6
14  -7
12  -3
10  -5
14  -9
13  -1
11  4
14  -4
13  2
10  -4
10  -5
9  -2
8  0
11  5
13  1
12  0
14  -4
13  -2
9  2
13  2
13  -1
11  1
12  -1
11  4
15  -7
10  -8
11  6
13  -3
16  -1
15  -7
16  4
10  -7
13  0
9  -1
12  -2
13  -2
12  0
13  -3
13  -2
11  1
12  -6
13  2
10  -3
14  -4
10  -9
8  -1
13  0
12  -3
8  0
12  -2
14  -4
13  0
13  -3
8  -2
15  -2
15  -5
9  2
14  -10
9  0
10  -6
16  -1
14  -7
11  7
16  0
13  1
13  -3
13  0
13  -1
13  -2
13  -3
13  2
9  3
8  -3
14  -5
13  -3
13  2
10  -3
11  6
11  4
14  -10
11  3
10  -5
13  -4
10  -7
11  7
11  1
12  0
11  5
10  -4
11  6
12  -4
16  1
12  -3
10  -8
12  -1
14  -4
15  -8
13  -3
15  -5
7  -4
12  -6
11  2
15  -2
11  1
13  -1
11  1
14  -6
16  5
12  -2
11  6
11  4
10  -6
10  -7
11  1
13  1
9  -1
13  -1
15  -3
14  -10
15  -3
13  -1
15  -3
12  -2
13  1
12  -4
12  -3
14  -9
13  -2
15  -2
11  5
13  2
15  -5
14  -7
9  0
12  -1
14  -7
10  -6
15  -8
10  -4
12  -5
12  -2
11  4
15  -6
12  -2
11  2
13  0
16  4
13  -4
16  3
12  -5
14  -4
12  -4
11  6
10  -5
13  2
12  -4
13  2
15  -6
14  -8
12  0
11  1
14  -4
10  -4
10  -6
12  -4
16  2
9  4
14  -10
17  -4
16  0
12  -1
12  -2
15  -6
13  -3
12  -5
13  -3
12  -1
13  2
10  -4
14  -7
10  -3
15  -6
13  -1
11  7
14  -9
12  -5
15  -7
10  -3
14  -8
15  -5
11  7
15  -3
14  -6
11  6
13  -4
16  5
12  -2
15  -5
14  -9
15  -6
13  -4
15  -7
14  -6
11  7
11  3
12  -4
14  -4
13  -1
12  -3
13  2
13  -2
16  5
14  -8
10  -6
16  -1
13  -1
13  1
13  -4
13  1
12  -2
10  -4
15  -2
14  -4
17  -6
13  -1
14  -7
10  -8
12  0
15  -5
11  5
9  -2
14  -4
14  -9
13  -2
14  -5
15  -2
15  -2
14  -7
13  -3
12  -5
10  -3
16  5
13  -1
13  2
15  -3
13  -2
14  -5
12  0
13  2
12  0
16  4
13  -1
13  -1
12  -5
11  3
13  1
14  -10
11  4
10  -8
14  -10
13  0
12  -4
11  4
8  -4
12  -5
14  -4
10  -9
13  -1
15  -6
12  -4
14  -6
14  -5
11  1
11  7
14  -7
14  -8
12  -2
16  2
14  -10
15  -7
13  0
11  6
11  3
12  -6
14  -6
11  7
15  -3
12  -3
10  -4
15  -4
14  -9
13  1
10  -5
13  -1
12  0
13  0
11  1
10  -7
11  6
15  -6
13  -3
14  -10
9  3
11  6
11  7
12  -4
12  0
13  2
14  -10
15  -4
10  -7
12  -1
12  -3
9  1
12  -1
14  -8
14  -4
11  3
10  -9
17  -3
14  -8
15  -4
12  -5
11  7
16  2
12  -2
10  -3
11  6
13  0
12  -2
14  -7
15  -3
11  2
11  4
15  -7
15  -5
10  -3
12  -1
15  -7
13  -4
14  -10
13  0
11  6
14  -5
11  5
16  -1
13  -1
13  -4
10  -8
14  -8
15  -4
12  -5
12  -1
17  -4
13  -2
15  -2
11  5
13  2
11  5
13  1
15  -4
15  -5
13  -2
13  2
9  4
14  -10
11  4
13  -1
12  0
10  -6
14  -5
11  7
12  -5
8  -1
13  -2
15  -6
14  -8
11  4
15  -2
16  1
12  -4
15  -7
12  -5
13  1
9  2
15  -8
16  5
14  -8
14  -5
14  -6
13  -4
12  -4
12  -4
10  -4
14  -4
13  0
11  4
15  -5
12  -1
13  -2
12  -5
14  -5
11  1
10  -6
17  -8
14  -4
10  -6
14  -10
14  -4
8  -1
12  -3
14  -6
15  -2
14  -5
9  2
10  -8
11  1
13  1
14  -8
13  1
11  6
15  -5
13  1
13  -4
14  -9
15  -5
12  -3
9  -1
16  0
13  0
11  6
12  -4
13  -2
12  -1
13  -2
13  0
16  3
13  -2
13  1
15  -5
11  5
11  6
12  -3
9  3
13  0
15  -7
16  5
14  -9
13  1
14  -7
14  -9
13  -2
16  4
14  -6
11  4
16  5
12  -6
10  -6
12  -2
11  1
11  5
12  -5
14  -5
12  -3
13  1
10  -6
14  -4
14  -7
13  -4
11  2
8  -2
12  0
13  -4
16  0
8  -3
14  -8
9  2
12  -2
13  -1
13  1
10  -7
12  -2
15  -3
15  -2
12  -5
15  -5
12  -4
16  3
12  -1
11  7
10  -7
11  2
12  0
15  -4
10  -5
13  -1
14  -9
11  4
11  3
11  6
10  -4
10  -8
12  -3
15  -4
15  -7
16  3
10  -9
14  -9
12  -3
11  2
12  0
14  -5
10  -8
12  -5
14  -4
13  -2
13  -2
13  -3
13  0
12  -3
16  0
11  6
10  -9
12  -3
13  2
12  -3
9  3
13  -4
11  6
13  -3
12  -5
12  -1
11  6
11  6
9  -1
14  -5
10  -4
12  -5
14  -10
12  -4
12  -2
16  4
15  -3
13  -1
14  -6
11  4
18  -6
8  -3
13  1
13  -3
18  -8
13  0
14  -10
17  -7
11  2
13  1
10  -3
13  0
15  -4
9  0
12  -2
12  -6
12  -5
11  5
15  -7
9  1
12  -6
11  1
12  -6
11  4
10  -3
12  -4
15  -8
10  -8
15  -6
10  -4
17  -6
13  0
12  -5
14  -4
14  -8
15  -6
15  -8
13  2
14  -7
13  -3
10  -4
12  -4
13  -1
13  0
12  -2
13  1
11  5
14  -7
14  -9
11  2
11  3
17  -5
15  -5
13  -3
11  3
16  5
12  -1
12  -4
11  2
14  -10
11  1
13  -4
11  4
12  -5
12  -5
15  -5
14  -10
14  -8
12  -3
12  -5
10  -7
13  2
8  -2
13  -4
14  -5
12  -1
15  -5
11  1
10  -8
6  0
13  0
11  6
13  -1
13  -4
16  0
15  -4
8  -3
13  -3
15  -4
11  5
10  -6
12  -5
13  -2
9  -2
11  6
14  -4
12  -1
13  -3
13  -4
13  -3
17  -4
10  -8
10  -5
11  1
12  -6
14  -7
9  0
14  -7
13  -1
12  -2
11  4
13  -3
14  -5
17  -8
10  -9
11  2
14  -10
11  4
12  0
15  -3
16  1
13  2
11  6
13  0
12  -5
11  2
10  -9
14  -9
15  -4
11  2
13  1
13  2
10  -6
13  -1
14  -7
13  -4
12  -6
12  -4
13  2
11  5
11  1
13  -4
17  -5
12  -4
16  4
15  -3
10  -6
12  0
9  1
13  -4
12  -2
9  0
15  -5
11  4
13  1
12  -3
13  1
12  0
12  -3
14  -4
13  1
15  -8
12  -6
15  -6
16  0
17  -7
13  1
14  -9
14  -7
13  -3
12  -5
15  -4
12  -3
14  -8
14  -6
12  -2
12  -4
12  -6
11  4
16  2
12  -6
14  -4
9  4
13  -3
13  -3
11  6
11  3
14  -6
10  -5
17  -8
13  -2
13  -4
14  -10
15  -5
12  -2
14  -6
14  -10
12  0
12  -4
13  2
12  -4
9  -1
10  -9
14  -6
12  0
11  1
16  5
11  4
15  -5
11  4
13  2
15  -8
13  -2
13  -4
11  2
14  -9
13  -2
12  -1
12  0
15  -5
11  5
14  -10
12  -2
13  -3
12  -4
15  -2
11  5
15  -4
13  2
13  2
16  3
11  7
12  -2
8  0
13  1
14  -9
10  -5
13  -3
14  -5
12  0
11  5
15  -5
13  -1
13  2
13  -1
13  -2
17  -6
13  -4
8  -4
12  -3
14  -7
12  0
14  -8
13  0
11  5
11  2
8  -6
13  -2
15  -6
12  -4
13  2
9  -2
14  -7
10  -6
11  3
8  0
14  -5
14  -6
12  -3
14  -5
11  3
13  -2
9  0
16  5
12  -3
12  -3
10  -7
11  2
10  -4
9  1
13  -3
15  -4
14  -6
15  -8
14  -7
13  2
16  2
13  -4
12  -3
12  0
12  -1
13  -1
13  1
15  -8
12  0
16  3
18  -3
10  -4
13  1
13  -3
10  -4
12  -5
14  -10
12  0
15  -4
14  -7
13  0
10  -5
14  -9
15  -4
