37  4
38  1
38  2
37  6
37  2
37  -1
37  -1
37  4
37  -1
37  3
37  0
37  5
37  6
37  4
37  4
37  5
37  4
37  4
37  -1
38  -4
37  7
38  0
37  3
37  4
37  5
37  6
37  3
37  1
37  5
37  7
37  0
37  7
37  7
37  3
37  7
37  6
37  6
37  6
38  3
37  1
37  1
37  2
37  0
37  4
37  3
37  3
37  1
37  7
38  -2
37  2
38  -4
37  4
38  2
37  3
37  3
37  0
37  4
37  3
37  4
37  2
38  2
37  2
37  5
37  5
37  -1
38  -5
37  2
37  4
37  7
37  6
37  5
37  1
37  2
37  3
37  3
37  3
37  5
37  1
37  -1
37  0
37  5
37  6
37  1
38  1
37  3
37  0
37  4
37  5
38  2
37  2
37  0
37  -1
37  0
37  0
37  -1
37  1
38  -1
38  3
37  7
37  3
38  2
37  7
37  6
38  -2
37  3
37  -1
38  3
37  7
37  7
37  -1
37  6
37  5
37  7
37  5
37  -1
37  5
37  4
37  1
37  7
37  2
38  -4
37  3
37  2
38  1
37  0
37  -1
37  2
37  1
37  3
37  2
37  2
37  4
37  -1
38  -2
38  3
38  1
37  3
37  -1
37  2
37  0
37  3
38  -5
37  -1
38  -2
37  0
37  2
37  7
38  3
37  2
38  -5
37  4
37  5
38  0
37  4
37  6
38  -3
37  0
37  6
37  -1
37  7
38  -4
37  3
37  5
37  0
37  3
37  5
37  0
37  0
37  3
37  7
37  7
37  -1
37  0
37  1
37  3
37  4
37  3
38  2
38  2
37  4
37  1
37  7
37  2
37  1
37  3
38  3
37  6
37  6
37  3
37  6
38  -3
37  0
37  1
37  6
38  -5
37  5
37  -1
37  4
37  2
37  5
37  5
37  4
37  3
37  4
37  4
37  -1
37  3
38  0
37  6
37  1
37  3
37  0
37  4
37  5
37  0
37  3
38  2
37  5
37  7
37  3
37  6
38  2
37  0
38  -3
37  1
37  2
37  1
37  6
37  5
38  1
37  3
37  2
37  7
38  -4
37  -1
37  2
38  2
37  3
37  0
37  1
37  7
37  4
37  1
37  4
38  -1
37  6
37  4
37  0
38  0
37  7
37  0
37  1
37  -1
37  6
37  7
38  0
37  2
37  0
37  0
39  -1
37  6
37  3
38  -1
37  5
37  6
37  7
37  3
37  4
37  5
37  2
37  2
38  0
37  1
37  5
37  -1
37  5
38  -2
37  0
37  4
37  4
37  4
37  2
37  0
37  7
37  0
37  3
37  6
37  5
37  5
37  5
37  4
37  6
37  5
37  5
37  4
37  1
37  0
37  7
37  0
37  0
37  4
37  2
37  6
39  1
37  2
37  0
37  5
37  0
37  2
37  -1
37  4
37  -1
37  2
37  -1
37  1
37  6
37  1
37  0
37  2
38  -1
37  1
37  2
37  -1
37  0
37  -1
37  5
37  5
37  2
37  -1
37  2
37  4
37  0
37  -1
37  6
37  7
37  0
37  0
37  4
37  3
37  5
37  7
38  0
37  6
37  4
37  3
37  -1
37  1
37  -1
37  -1
37  -1
37  5
37  -1
37  4
38  -5
37  3
37  3
37  5
37  1
37  1
37  -1
38  -2
37  0
38  -1
37  0
37  3
37  -1
37  -1
37  5
37  0
38  2
37  1
37  0
37  4
37  6
37  1
38  -2
37  6
38  0
37  3
37  7
37  0
38  -3
37  1
37  1
37  6
37  3
37  5
37  7
37  7
37  3
38  -1
37  6
37  0
37  3
37  4
37  -1
37  4
37  0
37  3
37  5
37  2
37  -1
37  5
37  7
37  5
37  7
37  0
37  -1
37  5
39  -4
38  1
37  -1
37  3
37  4
38  2
37  0
37  6
37  2
37  -1
37  6
38  -3
37  2
38  1
37  5
38  -4
38  -4
37  5
37  -1
38  -3
37  1
37  4
37  2
37  6
37  1
37  6
37  0
37  3
37  1
37  6
37  6
37  5
37  6
37  2
37  4
37  4
38  2
37  3
37  2
37  0
37  1
37  0
37  3
37  -1
37  5
37  4
38  -3
37  1
37  5
37  2
37  -1
37  4
37  0
37  7
37  4
37  5
37  2
37  6
37  4
37  7
37  4
37  2
37  3
37  7
37  -1
37  5
37  4
38  3
38  -4
37  4
37  2
37  5
37  5
37  3
37  3
37  6
38  -4
37  1
38  3
37  -1
37  0
37  -1
37  0
37  0
37  -1
37  6
37  -1
37  5
37  0
37  7
37  4
37  2
37  4
37  3
37  -1
37  -1
37  5
37  7
38  1
37  6
37  4
37  6
37  3
37  2
37  7
37  3
37  7
37  6
37  0
37  0
37  4
37  -1
37  0
38  -2
37  6
38  -3
37  5
37  7
37  2
37  6
38  -2
37  -1
37  2
37  6
38  3
37  0
37  -1
37  7
37  -1
37  3
38  1
38  -5
37  3
37  2
37  2
37  3
37  2
37  7
37  -1
37  6
37  1
37  0
37  -1
38  -3
37  1
37  -1
38  3
38  -5
37  0
37  1
37  2
37  4
37  1
38  -4
37  4
37  6
37  5
37  6
37  4
37  2
37  -1
38  2
37  4
38  -3
37  6
37  6
37  7
38  -1
37  5
37  7
37  7
37  4
37  3
37  7
37  0
37  4
38  1
37  7
37  0
37  7
37  4
37  5
37  7
37  1
37  7
37  7
37  -1
37  1
37  2
37  4
37  7
37  5
38  -4
37  0
37  7
37  5
37  2
37  1
37  3
38  -3
38  -4
37  7
37  -1
37  5
37  0
37  2
37  4
37  7
37  1
37  2
37  3
37  7
37  2
38  -2
38  -1
37  3
37  7
37  0
37  4
38  0
37  5
37  2
37  3
38  -4
37  7
37  1
37  1
37  5
38  -2
37  4
37  3
37  6
37  0
37  3
37  4
37  4
37  3
37  1
38  0
37  2
37  1
37  6
37  3
37  1
37  3
37  0
37  6
37  5
37  3
37  6
37  1
37  3
37  0
37  2
37  6
37  0
37  5
37  2
38  3
37  5
37  7
37  3
37  3
37  4
37  5
37  0
37  -1
37  1
38  -4
37  0
38  3
37  2
37  5
37  -1
37  -1
37  0
37  2
37  4
37  7
37  6
37  0
37  5
37  0
37  2
37  0
37  6
37  4
37  5
37  5
38  -3
37  0
37  1
37  -1
37  4
38  3
37  7
37  1
37  2
37  3
37  -1
38  3
37  0
39  -4
37  2
37  3
38  0
37  1
38  1
37  1
37  7
37  0
37  4
37  2
37  1
37  2
37  3
37  3
37  6
38  2
37  2
37  3
37  4
37  3
37  2
37  3
37  1
37  2
37  3
37  1
37  3
37  1
37  4
37  7
37  0
37  3
37  4
37  2
38  -3
37  5
37  1
39  1
37  -1
37  2
37  -1
37  3
37  4
38  -2
37  0
37  7
37  2
37  4
37  5
37  7
38  3
37  3
37  2
37  3
37  1
37  5
37  3
37  7
37  0
37  2
37  6
37  4
38  1
37  3
37  6
38  0
37  7
38  0
37  3
37  0
37  7
37  2
37  4
37  4
37  4
37  7
37  0
37  3
38  3
37  4
37  6
38  -3
37  2
37  -1
37  0
37  4
37  0
37  6
38  -5
37  4
37  3
37  6
37  4
37  3
37  1
37  1
37  0
38  -2
37  3
37  4
37  6
37  5
37  7
37  0
37  0
37  3
37  1
37  3
37  6
37  7
37  7
37  6
38  0
38  -2
37  0
37  6
37  7
37  3
37  5
37  6
38  -1
38  2
37  5
38  -5
37  5
37  3
38  -2
37  6
37  2
37  3
38  -4
37  0
37  0
37  6
38  1
37  6
37  1
37  6
38  -3
37  0
37  5
37  -1
37  5
37  6
37  -1
38  0
37  5
37  4
37  2
38  0
37  -1
37  6
37  2
37  2
38  2
37  0
37  7
37  0
37  -1
37  4
37  7
37  -1
37  7
37  -1
37  3
37  4
37  0
37  7
37  2
37  0
37  4
37  6
37  2
37  4
37  4
37  4
37  6
37  5
38  1
37  -1
37  3
37  0
37  1
38  1
38  0
37  7
37  2
37  4
37  2
37  6
38  0
37  4
37  6
37  0
37  2
38  1
37  2
38  -3
37  4
37  -1
37  3
37  0
38  3
37  1
37  6
37  3
37  5
37  4
37  2
37  0
37  7
37  2
37  5
37  1
37  6
37  -1
37  7
37  6
38  2
37  5
37  4
37  3
37  1
37  4
37  3
37  7
37  4
38  -2
37  2
38  -2
37  4
37  2
37  2
37  -1
37  3
38  -2
37  2
37  3
37  0
38  3
38  -1
37  3
37  5
37  2
37  7
37  -1
37  0
37  7
37  4
38  3
37  7
37  4
37  1
37  1
37  4
37  1
37  3
37  2
37  5
37  6
37  0
37  -1
38  -3
38  1
37  6
37  6
37  3
37  1
38  3
37  -1
37  2
37  -1
37  5
37  0
37  0
37  7
37  3
37  7
37  3
37  5
37  -1
37  4
38  -4
37  4
37  0
37  1
37  7
37  2
