25  3
22  -7
24  0
24  0
22  -4
28  -2
25  -2
25  3
27  1
27  4
25  -2
25  -3
23  -9
24  0
26  -1
25  0
25  0
24  5
24  4
25  -1
24  4
25  2
24  0
27  6
27  1
23  -10
25  0
26  0
24  6
25  -2
23  -5
24  6
25  1
25  -3
24  6
23  -9
24  2
26  3
24  4
24  5
24  0
24  0
23  -8
25  -2
26  3
26  4
24  0
26  0
25  0
26  -2
26  4
25  3
25  -3
25  3
25  0
27  4
23  -10
25  2
26  1
25  2
25  0
26  2
27  0
25  -3
25  0
24  0
26  3
25  -3
25  -1
25  -1
25  3
24  1
24  2
24  6
26  4
24  3
24  0
24  2
24  1
24  3
26  -2
24  6
25  2
25  -1
24  0
24  6
24  3
26  3
25  -1
27  2
24  2
25  3
25  -2
24  3
26  -1
25  -2
26  3
27  6
26  2
25  -3
25  -1
23  -10
26  -2
27  1
23  -9
26  3
23  -4
24  4
25  -1
23  -7
24  2
27  4
23  -4
25  -2
25  2
25  2
25  0
23  -8
26  1
23  -10
26  0
23  -6
22  -5
25  -1
24  6
25  -1
23  -8
22  -7
24  1
24  2
23  -8
25  -1
22  -5
24  5
25  1
25  2
24  0
27  0
25  0
26  1
26  1
25  3
24  5
24  1
26  -1
25  -3
23  -8
24  5
24  2
25  3
27  6
24  1
24  2
27  3
26  4
25  0
25  0
25  2
23  -5
25  1
24  2
24  1
24  1
26  -1
24  1
22  -10
23  -5
24  4
23  -4
24  6
23  -6
26  -1
26  4
25  -2
23  -10
24  0
26  -1
25  -3
24  1
24  2
26  4
24  4
26  1
25  1
27  1
26  4
26  -2
25  2
26  -1
26  -1
23  -8
25  0
23  -4
24  4
24  3
24  1
24  2
23  -4
26  -1
23  -4
26  4
22  -9
24  4
25  1
26  2
25  1
25  1
26  2
26  1
25  0
24  3
24  5
25  -3
24  2
23  -10
24  0
25  -2
22  -10
27  2
25  0
26  1
25  -3
24  4
24  0
24  2
24  5
26  0
23  -4
24  0
25  1
24  6
26  -2
27  6
24  4
24  3
27  0
27  0
25  0
23  -9
23  -6
25  3
26  0
24  2
25  -3
26  3
25  -3
25  2
23  -4
23  -10
25  -3
26  3
24  0
25  -3
25  3
26  -2
24  5
25  2
25  0
25  -2
25  3
25  -3
26  0
23  -4
24  0
25  0
25  3
24  5
24  3
27  1
25  3
25  1
23  -7
26  2
24  2
25  3
25  -3
25  -2
24  1
22  -6
27  0
24  3
27  3
24  0
25  3
26  3
24  2
26  1
25  -2
26  -1
24  4
25  -3
26  -1
24  2
26  1
23  -9
24  0
24  1
26  -2
23  -9
25  1
23  -5
25  0
26  1
25  -2
26  -2
28  3
25  -3
24  2
25  2
25  -3
25  -3
23  -9
25  0
25  1
24  5
23  -10
24  5
24  5
24  1
25  2
22  -10
22  -9
23  -8
23  -9
25  0
25  2
26  1
24  6
25  2
24  6
25  -3
25  3
25  0
24  3
23  -8
24  2
26  0
25  0
24  3
26  4
24  1
25  -3
25  -3
25  -3
25  1
27  4
24  1
24  2
25  3
24  0
25  3
25  2
27  0
24  5
27  3
24  6
23  -7
25  -1
25  -3
24  3
23  -8
23  -5
24  2
25  0
25  -3
27  3
23  -6
23  -10
24  6
26  2
23  -6
25  0
25  1
25  -1
25  -2
26  0
24  2
23  -8
23  -8
24  3
25  0
25  -1
24  2
25  1
25  -1
25  -2
25  -2
26  -1
24  0
23  -6
27  3
22  -9
22  -4
24  1
24  5
24  4
24  2
25  2
25  1
25  -2
26  0
26  -1
26  -2
26  0
27  2
27  1
25  -3
25  -2
26  1
25  2
25  -2
22  -4
23  -4
25  -1
24  0
25  -1
23  -4
25  0
24  3
24  1
26  2
26  -1
25  0
25  3
25  -3
24  3
23  -4
25  -2
24  5
24  1
25  3
26  1
22  -4
25  -3
26  4
26  4
26  -1
24  3
25  -1
24  1
23  -9
25  -3
24  4
24  0
26  4
24  5
26  1
25  -2
23  -9
26  -2
26  0
24  2
22  -6
25  1
26  1
27  5
23  -9
24  6
25  0
24  5
23  -6
25  2
23  -8
24  0
25  0
25  3
26  0
26  3
24  6
25  -3
25  0
25  2
28  0
27  0
25  3
25  -1
25  1
24  5
26  0
24  2
25  -2
25  1
25  2
26  -2
23  -10
23  -8
24  5
24  6
24  2
23  -8
23  -9
25  -3
24  2
23  -8
25  -1
29  -2
24  6
25  0
24  4
27  5
26  -1
26  0
23  -4
23  -6
26  4
25  0
25  -3
23  -10
25  -2
26  -2
24  5
26  3
25  -3
26  0
25  -2
25  1
25  -1
25  2
26  4
26  2
24  0
25  -2
24  1
24  2
25  -1
28  2
25  -2
25  2
27  0
23  -6
24  3
25  2
27  3
24  5
24  1
23  -5
24  4
22  -4
24  5
25  -2
23  -8
24  0
24  0
25  -3
27  4
25  -2
25  2
24  0
23  -9
27  5
25  -2
24  4
26  -1
27  2
25  1
26  4
24  6
25  1
28  0
23  -10
26  3
24  0
24  6
27  2
24  0
26  3
27  4
25  0
26  2
24  6
23  -6
26  0
23  -10
27  1
23  -4
23  -4
25  -3
24  3
22  -8
26  -1
26  0
25  -2
22  -4
23  -4
24  1
24  1
25  -3
25  -2
24  4
26  3
24  4
24  1
25  -1
23  -7
23  -6
25  2
25  2
23  -8
25  -3
25  2
25  1
23  -6
24  0
27  4
24  1
27  1
24  6
24  1
24  2
23  -5
23  -8
22  -4
26  2
24  3
24  3
26  -1
25  -3
24  6
25  2
26  3
25  0
26  -2
25  3
22  -8
23  -4
24  0
25  -1
27  6
24  0
24  1
24  0
24  3
24  4
25  3
23  -4
24  4
24  0
24  4
25  -2
24  4
26  0
24  2
24  2
25  2
24  4
25  -1
24  4
24  5
24  1
25  1
25  -1
25  2
26  -2
23  -10
25  -3
24  2
25  0
25  3
26  1
25  0
26  4
25  3
24  4
25  1
26  2
24  5
25  -1
24  2
27  0
26  -2
22  -4
26  0
24  2
24  0
25  1
23  -7
25  -2
24  6
25  1
25  0
26  2
24  1
25  2
26  -1
28  -1
25  3
23  -5
27  5
23  -10
23  -9
25  -1
25  -3
25  0
23  -10
22  -5
24  2
24  6
27  4
27  4
25  -2
25  2
28  3
25  3
24  5
25  3
25  0
24  1
24  1
22  -9
23  -9
25  -1
25  -3
26  3
26  1
24  2
25  1
23  -5
24  1
24  3
25  -3
23  -6
24  6
24  4
23  -4
25  2
24  2
25  1
26  -1
25  2
23  -7
26  1
23  -9
24  6
26  2
25  0
25  3
25  -1
28  0
23  -5
25  -1
24  6
26  3
27  2
25  2
26  2
23  -5
26  -1
24  0
22  -10
22  -6
23  -10
27  6
25  -1
26  4
25  -2
26  1
23  -8
24  0
25  1
26  4
23  -6
24  5
23  -4
24  2
26  0
28  3
25  2
26  3
24  3
24  4
26  0
26  2
27  6
24  6
24  3
26  -1
25  -1
27  5
23  -4
24  3
27  1
26  -2
25  0
26  -2
26  1
23  -8
25  1
25  2
28  3
23  -5
23  -10
26  -2
24  4
24  4
24  3
24  5
25  -1
24  6
23  -6
25  -2
25  3
26  3
24  1
25  0
23  -5
24  0
25  3
23  -9
26  1
25  -1
23  -6
26  4
24  1
26  3
24  5
24  3
25  3
26  2
24  5
26  2
26  1
25  -2
25  2
26  4
22  -5
25  -3
24  0
22  -5
23  -10
25  -3
24  1
25  -1
26  3
25  3
25  1
24  5
25  -3
23  -4
23  -8
24  4
23  -4
25  -1
25  -3
25  3
25  3
28  1
25  3
24  1
24  0
24  1
27  6
28  1
25  -2
25  -3
25  2
26  4
24  2
24  4
23  -10
24  0
25  0
24  3
27  5
23  -9
24  4
25  -1
26  4
26  0
26  -2
24  5
25  3
24  5
25  1
24  3
25  2
24  6
24  0
26  4
25  -2
27  1
24  0
23  -6
24  3
24  1
26  3
24  6
24  3
27  5
22  -6
23  -7
25  2
24  3
24  2
25  2
24  6
25  -2
26  4
25  1
26  3
24  2
25  0
25  -2
25  1
24  2
23  -4
25  3
23  -6
27  2
26  -2
26  -1
23  -7
24  4
25  -2
26  -1
26  4
25  -3
24  4
24  5
24  3
24  2
27  1
24  5
25  1
25  3
25  3
26  3
25  1
24  0
28  -1
26  0
24  0
24  0
26  -2
24  6
22  -8
26  -2
23  -10
24  6
25  3
25  2
26  -1
25  0
25  3
25  2
26  4
25  -1
24  2
24  4
23  -5
24  1
26  4
25  0
24  2
24  2
25  -1
25  -2
26  2
28  4
22  -7
26  0
24  5
26  0
24  5
24  6
24  6
23  -5
24  6
24  6
24  2
25  -1
24  2
26  1
26  -2
25  -3
27  0
23  -8
25  -1
26  3
22  -6
26  4
24  3
25  -2
26  -2
25  -1
27  0
25  0
24  2
26  3
27  5
23  -4
26  -2
25  0
24  4
22  -9
24  0
27  1
26  4
25  1
26  0
23  -6
