8  2
6  5
5  -3
9  -7
8  -2
7  -3
6  6
4  0
8  2
8  2
6  5
6  6
5  -6
6  9
6  9
7  -5
8  -2
8  0
8  2
7  -2
8  0
9  -5
7  -4
10  8
7  -2
8  0
7  -4
5  -5
10  8
7  -2
5  -3
9  -6
10  9
4  3
5  -5
10  8
10  8
9  -5
4  3
9  -6
5  -4
7  -4
10  7
7  -3
6  8
8  -1
8  1
7  -3
6  8
7  -4
6  5
6  5
4  4
5  -7
7  -5
8  0
6  6
7  -4
7  -5
9  -9
6  9
6  6
7  -4
8  -2
7  -1
5  -6
6  6
8  1
7  -2
10  5
6  8
7  -5
11  8
6  5
4  4
9  -6
10  5
7  -5
9  -8
9  -9
9  -7
4  0
5  -4
8  -2
6  9
7  -5
7  -5
6  7
7  -4
9  -8
6  8
9  -6
8  2
7  -5
4  2
10  7
6  8
10  8
9  -5
5  -3
6  8
10  8
8  1
6  7
8  2
5  -3
6  7
8  2
6  6
6  7
8  2
6  5
8  -1
7  -1
5  -6
8  0
6  6
8  -2
6  7
8  1
4  2
5  -7
7  -5
9  -6
10  7
6  8
7  -4
8  -1
8  0
8  -2
7  -3
7  -1
8  0
8  0
8  -2
7  -1
9  -7
9  -5
8  -2
7  -3
9  -5
5  -7
8  1
5  -7
5  -3
7  -2
8  -2
10  5
10  7
6  7
7  -5
11  7
9  -5
9  -8
7  -3
8  1
7  -4
10  9
8  0
4  2
8  1
7  -5
7  -4
8  0
11  6
8  2
9  -6
9  -9
8  -1
9  -6
8  1
5  -3
6  8
6  9
4  1
6  7
4  0
8  -1
5  -4
6  6
5  -7
7  -3
8  -1
7  -4
9  -7
8  1
7  -1
7  -5
6  5
7  -5
7  -5
7  -4
8  -1
7  -4
7  -5
5  -3
7  -2
9  -5
6  5
9  -8
8  0
7  -4
6  5
5  -5
4  0
7  -4
8  2
8  0
5  -3
7  -4
7  -3
5  -3
11  9
6  5
8  2
6  5
9  -7
9  -8
8  1
7  -3
6  5
6  6
6  7
7  -1
6  7
5  -7
11  6
7  -4
5  -5
7  -2
6  5
7  -3
9  -8
8  0
4  0
9  -8
7  -5
8  0
10  9
8  0
6  5
7  -1
6  8
6  7
5  -7
6  9
9  -5
6  8
6  9
6  5
7  -2
6  9
7  -4
10  9
8  -1
5  -7
5  -4
10  6
5  -6
8  1
7  -3
6  7
5  -7
8  2
9  -8
6  7
7  -4
6  7
4  3
8  1
7  -1
13  -1
8  0
7  -5
7  -2
2  -9
7  -1
9  -5
8  -2
8  2
6  9
8  0
5  -4
9  -9
7  -5
7  -4
7  -2
6  8
5  -7
9  -7
5  -4
6  7
8  2
9  -7
6  8
6  9
9  -7
11  9
7  -2
8  2
5  -4
8  -2
7  -4
8  -1
8  2
4  2
7  -5
6  7
13  -2
7  -4
4  2
9  -6
4  4
8  0
8  -2
7  -5
8  0
7  -5
6  8
11  7
7  -3
10  7
8  1
6  9
8  0
9  -7
8  -1
9  -8
9  -6
7  -1
9  -9
4  3
6  8
9  -9
7  -2
10  5
8  0
6  8
8  1
6  5
6  9
4  3
6  9
7  -1
8  1
8  -1
4  2
7  -4
8  2
6  5
7  -4
10  5
8  -1
4  3
5  -4
7  -5
7  -2
7  -3
8  0
6  8
9  -5
10  9
6  9
7  -3
10  9
9  -5
8  -1
10  8
7  -3
9  -9
8  0
7  -1
7  -3
9  -7
7  -4
6  9
10  7
6  5
5  -6
9  -9
8  0
8  1
5  -3
6  9
7  -5
6  9
7  -1
5  -4
11  7
9  -8
7  -5
9  -7
5  -4
8  -1
8  1
9  -5
8  2
6  8
8  1
6  7
10  8
6  7
9  -7
6  6
5  -5
8  0
9  -8
9  -9
8  -2
5  -7
5  -3
11  5
8  1
4  0
9  -7
8  0
7  -5
10  6
7  -2
7  -4
10  8
9  -7
9  -8
7  -2
6  6
6  9
5  -3
10  6
9  -5
7  -5
7  -3
6  9
9  -7
7  -5
5  -3
8  2
7  -5
4  1
9  -5
9  -9
6  8
5  -7
9  -6
7  -2
12  4
7  -1
7  -5
9  -5
9  -5
10  6
9  -8
5  -5
6  6
7  -2
6  8
7  -4
10  8
4  2
7  -5
5  -3
7  -2
8  0
6  5
5  -4
7  -4
8  -1
8  -1
8  -1
12  0
6  7
5  -6
6  8
7  -3
7  -2
9  -6
5  -3
10  8
7  -4
7  -5
8  1
7  -3
7  -1
5  -6
6  7
3  -2
8  2
8  0
6  8
6  8
7  -4
8  -2
9  -7
9  -9
7  -5
7  -1
9  -5
6  7
10  8
9  -9
9  -8
4  2
5  -5
6  5
8  -1
7  -1
9  -5
8  0
10  6
6  9
7  -1
6  5
7  -3
5  -7
11  8
7  -5
7  -4
7  -5
6  5
7  -5
5  -4
6  9
4  2
8  -2
9  -5
8  1
7  -2
5  -6
7  -3
8  0
5  -3
6  5
6  5
4  4
9  -9
5  -4
7  -1
8  1
7  -2
10  9
6  8
7  -3
9  -9
5  -4
6  9
7  -1
8  2
9  -7
6  5
7  -5
6  7
4  3
9  -9
11  7
7  -3
5  -7
2  -6
8  0
4  1
5  -7
6  8
9  -8
5  -5
8  -1
7  -1
9  -7
5  -5
8  2
8  -2
7  -4
7  -1
9  -8
7  -5
5  -4
9  -6
6  6
7  -4
9  -9
10  9
7  -1
4  2
7  -3
10  8
5  -5
8  0
7  -2
6  5
6  6
8  -1
8  -2
7  -3
4  2
9  -5
8  0
8  0
7  -1
8  0
7  -4
5  -5
8  2
5  -5
6  9
7  -2
8  1
8  2
8  -2
9  -5
10  6
8  1
5  -6
10  6
6  5
9  -9
7  -2
10  9
7  -1
6  7
4  3
4  3
7  -5
9  -9
5  -6
9  -5
6  9
8  -1
9  -6
10  6
7  -4
7  -5
3  -4
6  9
7  -2
7  -4
10  6
8  0
8  1
11  7
6  9
7  -2
6  7
6  9
6  6
11  6
8  1
6  6
7  -2
7  -4
9  -6
8  0
6  7
5  -5
4  3
6  5
9  -7
9  -9
5  -3
8  -1
8  0
8  -1
7  -3
9  -6
9  -9
7  -1
8  1
3  -4
8  1
8  1
7  -1
9  -5
7  -3
6  8
6  6
9  -7
9  -8
13  -1
9  -9
9  -8
10  6
7  -1
6  7
8  2
5  -4
8  1
9  -9
8  1
7  -3
6  5
6  8
6  9
9  -7
6  7
9  -6
5  -4
6  8
6  8
9  -6
7  -3
8  1
7  -1
7  -1
7  -3
8  -2
12  2
6  8
8  1
6  8
8  -2
6  5
8  -1
6  5
6  7
7  -4
7  -3
7  -3
6  7
5  -6
5  -4
10  8
5  -5
4  4
9  -7
10  5
9  -6
8  -2
7  -1
8  2
6  8
5  -6
7  -5
7  -5
6  6
8  -2
6  6
8  2
5  -4
8  2
10  5
6  9
8  0
7  -3
8  1
7  -4
7  -1
10  6
7  -2
6  9
5  -7
5  -5
7  -2
4  4
5  -4
6  9
5  -7
9  -6
8  -2
8  2
6  7
7  -5
8  -1
11  9
4  4
7  -1
5  -7
7  -2
6  6
6  8
8  -1
6  6
6  7
6  6
7  -3
12  2
7  -5
7  -2
11  7
9  -9
8  1
7  -1
5  -7
4  1
3  -5
7  -5
9  -9
9  -7
8  -1
6  7
7  -3
5  -4
8  1
4  0
9  -5
6  5
9  -6
5  -4
6  6
6  9
8  0
7  -3
5  -6
8  -2
10  6
7  -1
8  1
7  -4
11  8
7  -4
8  0
9  -9
9  -9
6  5
6  9
8  -1
5  -3
9  -5
7  -1
6  8
8  1
7  -3
7  -3
10  9
8  -2
6  7
9  -8
8  -2
7  -2
8  0
8  2
9  -5
7  -1
9  -5
8  -2
7  -1
9  -5
8  1
7  -2
8  -2
7  -4
7  -2
10  6
10  5
7  -2
7  -1
10  6
6  9
8  0
6  5
8  -2
7  -4
8  2
9  -5
9  -7
8  2
10  6
7  -4
9  -5
3  -3
8  1
4  3
5  -3
6  7
7  -1
10  9
8  2
6  8
7  -2
7  -5
8  -1
7  -5
7  -4
11  7
9  -9
10  9
9  -5
9  -6
8  0
7  -2
8  -2
9  -8
9  -7
8  1
8  -1
9  -5
7  -1
4  2
8  0
7  -4
7  -2
8  -1
9  -8
8  -1
8  2
8  -1
8  0
10  8
7  -4
7  -2
9  -9
7  -4
7  -1
6  7
8  0
10  8
9  -5
9  -5
7  -3
7  -3
7  -5
8  2
9  -8
8  -1
8  2
6  7
5  -4
6  6
9  -5
6  5
8  0
5  -7
5  -3
6  8
9  -8
8  1
7  -4
9  -7
8  -2
7  -1
5  -5
9  -5
7  -1
6  7
6  7
7  -5
4  4
7  -4
7  -5
8  -2
8  1
5  -7
8  2
8  1
7  -5
6  7
7  -2
9  -6
7  -5
6  8
7  -5
7  -2
6  8
4  0
9  -9
7  -4
6  9
9  -5
7  -2
5  -6
8  0
5  -7
9  -7
7  -3
5  -4
8  1
5  -6
7  -4
7  -3
7  -4
5  -7
3  -4
6  7
10  7
7  -4
5  -4
7  -1
8  1
6  5
6  5
8  -2
9  -5
7  -5
4  1
8  -2
8  -1
8  2
6  8
7  -5
5  -5
7  -1
5  -5
6  5
5  -3
9  -5
8  -1
7  -3
7  -3
5  -6
6  5
5  -3
7  -3
8  0
5  -7
7  -1
