10  -2
8  2
10  0
9  -5
10  -2
9  -5
10  -2
10  0
11  6
12  8
8  2
11  5
9  -4
9  -4
9  -5
9  -4
8  0
11  7
8  1
7  5
8  2
13  1
11  6
9  -5
12  7
9  -6
9  -6
9  -4
10  -2
10  -1
9  -4
8  0
9  -4
12  7
9  -4
13  1
10  -1
9  -6
10  0
10  0
10  -2
9  -4
10  -2
8  2
9  -6
10  0
9  -4
14  -5
12  7
10  -2
8  0
11  6
9  -6
9  -4
10  -2
11  7
7  4
4  -2
9  -4
10  -1
8  1
7  5
10  0
9  -5
8  0
8  2
7  4
8  2
9  -6
10  0
14  -4
8  0
8  2
9  -4
8  0
10  -2
9  -6
8  0
9  -4
13  -1
11  6
11  6
9  -6
6  -7
8  2
10  -1
6  -8
9  -4
7  3
11  6
9  -4
10  -2
8  0
10  0
8  0
7  5
12  6
7  3
7  3
8  0
9  -6
11  7
10  -2
10  -1
10  0
8  0
12  8
6  -6
9  -5
9  -4
8  2
10  0
9  -4
9  -4
11  7
10  0
11  7
12  7
10  0
9  -4
9  -5
9  -4
8  0
9  -4
5  4
8  1
11  7
6  -6
10  0
10  -2
7  3
8  0
6  -7
8  1
12  8
5  4
9  -5
6  -8
7  4
9  -6
8  0
10  0
10  -1
8  1
11  5
8  0
7  5
10  -1
8  1
12  7
9  -6
10  -1
9  -5
9  -4
9  -6
8  0
6  -8
8  1
9  -4
9  -6
7  3
10  -1
8  2
10  -1
11  5
8  2
8  2
8  1
7  3
9  -6
10  0
12  7
10  -2
12  7
6  -8
9  -4
7  5
8  1
6  -8
8  2
8  2
9  -5
10  0
10  0
8  1
9  -5
9  -4
10  0
9  -6
10  -1
8  2
12  8
11  5
7  5
9  -6
10  -2
11  5
10  -2
11  5
12  6
10  -1
10  -1
8  2
11  7
8  2
10  -2
10  0
12  6
9  -4
10  -1
12  8
4  -3
8  0
11  7
10  -1
6  -7
8  0
9  -4
8  2
9  -5
10  -2
8  2
9  -5
4  -4
10  -1
6  -6
9  -5
10  0
10  0
7  4
8  1
6  -6
9  -4
12  6
10  0
10  -1
9  -6
11  5
11  6
13  -1
11  7
10  0
8  0
9  -4
11  6
11  6
7  4
7  4
10  -2
11  6
9  -4
6  -6
9  -5
6  -6
7  5
6  -8
8  1
8  0
10  -1
8  0
11  6
10  -2
8  1
11  5
7  3
12  6
13  0
8  0
10  -2
9  -6
10  0
9  -6
7  5
12  7
6  -7
9  -6
8  2
7  5
7  3
9  -4
12  7
8  2
6  -8
10  -2
9  -5
11  5
10  0
7  5
11  7
10  -1
12  7
8  0
9  -6
9  -6
11  5
7  3
9  -6
7  4
6  -8
8  1
11  5
9  -6
11  6
10  -1
10  0
7  3
11  7
9  -4
8  0
10  0
8  1
12  8
8  0
7  3
11  6
6  -8
11  5
11  6
10  -1
10  0
10  -2
9  -5
7  4
11  6
11  5
8  1
10  0
10  0
5  4
11  7
9  -6
13  0
9  -4
9  -4
8  0
7  5
12  7
9  -6
9  -4
10  0
10  0
12  6
8  0
8  2
10  -2
8  0
9  -4
7  5
9  -4
12  6
9  -4
8  1
10  -1
11  5
7  4
9  -5
11  7
10  0
7  3
11  5
9  -6
8  1
12  7
9  -4
7  5
11  7
12  6
8  1
7  4
7  5
9  -6
10  -1
12  6
8  1
9  -6
9  -5
9  -6
8  2
8  0
9  -6
7  5
11  6
7  3
9  -4
8  2
11  5
7  5
11  7
9  -4
9  -5
11  7
9  -6
6  -7
9  -5
10  -1
9  -4
7  3
13  0
7  4
11  5
8  2
9  -6
10  -1
9  -5
10  -1
9  -6
11  5
8  1
8  2
9  -4
10  -1
10  -1
8  2
7  3
9  -5
10  0
8  1
11  7
9  -4
13  0
10  0
9  -5
11  5
6  -6
11  6
11  7
9  -6
11  5
13  0
9  -5
8  1
6  -7
10  -2
8  2
12  8
8  2
6  -6
7  4
7  5
9  -6
9  -5
11  6
9  -6
11  7
11  7
9  -4
9  -4
8  0
8  2
6  -6
9  -5
11  5
11  7
9  -4
7  4
8  2
9  -6
12  8
8  1
8  0
9  -4
9  -4
7  5
7  3
11  6
9  -5
9  -5
10  -1
8  2
11  6
10  -2
8  2
10  -2
9  -4
9  -6
7  3
12  8
10  -1
11  7
10  -1
12  8
11  5
10  -1
7  5
11  5
10  -1
7  4
10  -1
12  6
10  -1
9  -6
10  -2
11  6
9  -6
10  -2
10  -2
9  -5
10  0
8  1
9  -6
8  2
9  -4
11  6
7  5
10  -1
12  7
9  -5
10  0
9  -6
8  2
6  -7
8  1
8  0
7  5
8  2
9  -6
8  0
9  -6
9  -4
11  6
12  8
7  3
8  2
9  -4
8  2
9  -4
9  -6
10  -2
9  -4
9  -6
9  -4
9  -6
6  -6
9  -5
8  1
5  5
8  1
13  0
8  0
10  -1
10  -1
7  3
7  3
7  3
11  6
8  1
7  4
8  2
7  4
7  3
9  -5
7  5
10  0
13  -1
7  4
6  -8
10  -2
9  -5
8  2
10  0
9  -5
10  0
8  1
10  -2
8  1
7  5
11  6
10  -1
8  1
8  2
11  5
7  5
11  6
7  3
10  0
9  -5
7  4
9  -5
8  0
8  2
12  8
10  0
9  -6
11  7
9  -4
8  1
9  -5
9  -5
8  1
9  -6
8  1
7  3
8  2
9  -6
10  -1
11  6
11  5
7  3
8  2
8  2
9  -4
9  -4
10  0
7  4
8  1
9  -5
9  -4
10  0
11  6
9  -5
11  7
9  -4
9  -4
11  6
8  1
8  0
9  -5
11  6
8  1
9  -6
10  -1
9  -4
10  -1
12  8
8  1
10  0
10  -1
9  -5
10  0
10  -1
7  5
9  -5
9  -5
12  7
11  6
10  0
8  0
13  1
9  -6
14  -5
10  0
9  -4
10  -1
8  0
10  -1
9  -6
9  -5
8  0
12  6
6  -8
9  -4
7  3
10  0
7  3
9  -4
6  -7
11  5
8  0
9  -5
10  -2
11  5
10  -2
9  -6
10  0
8  1
12  8
8  1
7  5
10  -1
8  1
8  0
10  -1
11  7
9  -5
9  -4
6  -7
11  7
11  5
11  7
8  1
6  -8
8  0
9  -6
11  5
8  2
7  3
9  -4
8  2
8  1
9  -4
8  1
12  8
9  -5
7  4
8  2
9  -4
11  7
11  5
9  -4
10  0
9  -6
11  6
7  4
10  -1
11  7
8  1
11  6
5  4
8  1
7  3
9  -6
9  -6
9  -5
9  -5
12  6
9  -6
8  2
11  7
10  -1
8  2
7  5
11  6
8  0
8  1
8  2
4  -3
9  -6
10  -1
10  -1
11  6
8  0
11  7
9  -5
11  5
8  0
9  -4
7  5
10  0
11  7
7  5
8  1
11  6
9  -5
8  0
10  0
11  5
9  -4
9  -5
11  6
10  0
11  6
7  4
12  8
10  0
9  -4
8  1
12  8
9  -5
7  5
10  0
6  -7
10  -1
8  0
10  -2
9  -4
9  -5
11  7
8  0
8  2
10  0
8  2
7  5
12  6
9  -4
10  -1
10  0
8  1
9  -6
10  0
11  5
10  -2
8  1
10  0
7  4
5  5
15  -7
7  3
9  -5
8  2
12  6
9  -4
10  -1
11  5
11  5
8  1
8  1
10  0
8  1
12  7
7  3
9  -6
13  1
8  2
9  -6
7  4
12  8
11  7
7  4
10  -2
11  6
6  -8
10  -1
11  6
7  4
10  0
9  -5
7  4
11  7
10  -2
10  0
8  2
7  5
9  -5
9  -4
13  -1
8  2
6  -8
10  -2
6  -6
11  5
7  3
9  -6
11  6
7  4
9  -6
9  -4
8  2
9  -5
7  3
12  7
12  6
9  -4
7  5
10  -2
6  -7
9  -4
6  -7
10  -1
8  1
11  5
9  -5
10  -1
8  0
10  -1
7  4
10  -2
11  5
9  -5
11  5
8  2
8  2
10  -2
10  0
9  -5
5  3
8  2
8  1
10  -2
10  -2
11  5
9  -5
10  -2
8  2
10  0
8  0
9  -5
12  7
11  7
8  1
7  5
7  4
9  -5
7  5
9  -4
10  0
9  -6
8  1
9  -6
9  -6
10  -2
10  -1
6  -7
9  -5
8  2
8  0
8  1
9  -6
6  -6
9  -5
10  -2
9  -5
8  1
8  1
8  2
8  2
12  7
7  5
9  -4
10  -1
9  -6
10  -1
10  -1
8  0
6  -8
7  3
7  3
9  -6
9  -6
8  0
10  -1
9  -6
7  4
8  1
10  -2
11  7
9  -5
10  -2
10  -2
8  2
10  -2
9  -4
8  1
7  4
5  3
13  -1
7  4
13  -1
10  -1
10  0
13  1
11  7
8  2
9  -5
10  -1
10  -1
8  0
10  0
7  4
8  2
9  -5
8  1
8  1
11  7
11  5
9  -4
13  1
9  -5
9  -4
9  -6
10  -1
9  -5
11  7
12  8
6  -6
9  -5
9  -6
9  -4
9  -5
7  3
12  6
10  -1
9  -5
9  -5
10  -1
8  1
6  -8
12  6
10  -1
6  -6
12  7
10  0
9  -4
8  1
12  7
10  0
12  7
7  4
10  -1
9  -5
10  -2
10  -2
11  5
9  -4
10  0
9  -5
7  3
7  3
9  -6
10  -2
9  -4
