9  0
8  -7
10  1
11  -5
9  -1
7  -6
10  4
10  3
9  -1
9  1
9  2
7  -8
9  3
10  3
9  2
8  -5
7  -5
10  3
8  -6
9  0
9  -1
8  -7
7  -9
9  0
9  1
10  3
8  -4
8  -5
11  -7
9  1
8  -8
8  -8
5  -2
5  -1
8  -7
7  -6
8  -4
9  2
8  -7
7  -5
7  -9
10  3
9  3
9  2
7  -6
9  1
12  -8
9  2
9  1
10  2
10  1
6  9
10  1
9  1
9  2
10  3
9  3
9  -1
11  -7
10  3
8  -7
9  1
8  -7
7  -6
7  -6
6  7
9  1
9  -1
7  -8
8  -6
5  1
8  -6
9  2
9  -1
9  3
6  6
9  -1
9  3
10  1
10  1
8  -6
8  -5
7  -6
9  0
6  8
6  6
11  -5
13  -5
8  -6
8  -4
11  -5
12  -7
10  1
7  -7
9  1
9  0
7  -7
11  -4
10  5
9  -1
8  -6
8  -4
9  0
8  -5
7  -9
9  3
11  -5
9  2
8  -7
9  -1
9  2
9  1
8  -4
13  -8
8  -5
10  3
10  5
10  2
7  -7
9  1
7  -5
7  -5
9  -1
10  2
10  5
10  2
10  1
9  2
9  -1
9  0
7  -6
10  1
10  4
8  -4
11  -4
10  4
10  2
8  -6
11  -5
7  -6
6  5
8  -4
10  4
9  -1
8  -6
10  1
9  3
7  -8
9  -1
10  1
8  -7
9  2
11  -4
9  -1
9  3
11  -4
9  0
7  -8
12  -5
9  2
10  3
8  -5
8  -8
11  -5
8  -4
9  1
10  4
8  -5
8  -5
8  -8
4  -3
10  2
8  -4
9  -1
9  2
9  0
6  7
9  0
8  -5
8  -4
9  3
7  -5
10  2
9  -1
10  2
9  3
7  -5
8  -8
8  -7
6  5
9  1
8  -8
9  2
11  -3
10  1
11  -7
7  -8
11  -4
9  2
9  2
9  3
7  -7
10  5
7  -6
8  -8
10  2
9  2
7  -6
10  4
8  -8
8  -7
10  5
6  8
9  3
8  -7
8  -6
10  3
7  -7
9  2
8  -6
11  -5
8  -7
7  -5
10  2
7  -6
7  -9
5  -2
7  -8
9  1
6  8
8  -5
7  -6
11  -3
10  1
7  -9
7  -8
12  -8
10  4
6  7
9  0
10  3
9  1
8  -5
9  1
7  -9
10  5
5  0
7  -7
9  3
9  1
7  -6
9  0
10  3
9  1
10  2
10  1
7  -5
9  2
11  -7
8  -5
8  -8
9  1
6  6
6  7
10  1
8  -8
7  -5
9  -1
7  -8
10  4
7  -8
8  -6
10  4
7  -5
7  -8
5  1
8  -7
8  -6
4  -1
8  -8
9  2
4  -1
9  2
9  -1
6  6
10  2
8  -4
8  -7
10  3
8  -7
9  1
8  -8
11  -3
7  -7
10  4
10  1
9  2
7  -8
9  0
7  -5
8  -8
6  6
10  3
8  -7
9  0
9  2
7  -8
9  2
11  -4
9  -1
7  -6
7  -7
9  0
9  2
9  1
8  -5
9  0
9  0
9  2
9  -1
11  -7
9  3
11  -4
8  -8
11  -4
6  7
10  2
8  -5
11  -5
10  5
8  -5
11  -6
10  1
9  3
9  -1
8  -4
6  7
10  2
6  5
8  -4
9  -1
7  -8
10  4
9  1
10  3
9  2
9  -1
8  -5
8  -6
11  -7
10  2
10  5
5  -1
7  -9
8  -8
8  -8
8  -4
9  3
10  4
8  -8
9  0
10  1
10  4
8  -6
7  -6
10  3
7  -6
9  3
9  3
8  -5
10  5
9  0
9  1
10  5
8  -6
11  -5
9  3
5  -1
8  -8
7  -7
8  -6
9  3
7  -7
8  -8
10  3
11  -4
8  -8
8  -8
7  -6
10  1
10  4
10  1
9  3
8  -8
8  -5
7  -9
8  -7
8  -4
6  9
11  -6
9  0
9  -1
10  2
6  5
10  4
9  2
11  -4
6  6
9  3
9  -1
8  -6
11  -6
9  0
8  -4
11  -7
8  -4
11  -4
9  0
10  5
10  1
10  4
10  2
11  -7
11  -6
10  3
8  -7
10  1
10  4
5  -1
9  2
8  -6
7  -5
11  -3
11  -3
9  0
9  1
9  0
7  -5
7  -7
9  1
11  -6
8  -7
6  8
10  4
10  3
10  5
10  3
8  -5
8  -7
10  5
9  3
6  7
9  0
7  -6
10  3
9  2
7  -8
11  -5
10  5
9  -1
8  -6
9  -1
9  2
7  -5
8  -7
7  -7
8  -7
9  -1
9  3
11  -7
8  -4
12  -6
7  -6
10  4
7  -9
10  5
4  -3
9  1
10  3
10  1
7  -8
9  3
10  1
10  2
8  -6
9  -1
5  1
7  -6
9  2
6  9
7  -7
7  -8
11  -4
8  -8
8  -4
9  -1
10  5
6  7
9  0
9  2
8  -7
9  2
8  -5
8  -4
8  -4
7  -7
8  -7
8  -8
11  -6
6  6
9  -1
4  1
7  -5
8  -4
8  -5
12  -8
7  -5
10  4
8  -5
8  -6
6  9
9  -1
9  0
9  3
11  -7
9  2
6  5
9  2
9  0
7  -8
10  4
7  -7
11  -5
7  -6
8  -8
6  9
10  5
6  5
7  -8
9  -1
10  4
12  -5
7  -6
9  3
9  3
7  -7
6  9
12  -4
9  0
8  -6
9  1
8  -5
7  -8
11  -3
8  -4
8  -4
10  3
10  4
8  -6
9  2
8  -8
8  -8
6  9
9  2
10  3
9  0
10  3
8  -8
8  -8
9  3
9  2
10  2
6  5
8  -4
9  -1
10  2
9  3
8  -6
11  -4
9  2
9  -1
8  -5
8  -8
9  -1
8  -5
8  -5
9  0
8  -4
8  -4
8  -5
11  -6
10  1
8  -6
11  -7
9  3
7  -5
10  1
8  -5
10  5
8  -8
11  -4
8  -5
8  -4
7  -8
9  1
9  1
9  0
10  5
6  9
7  -9
7  -8
10  2
6  8
7  -6
8  -5
9  0
5  1
6  6
8  -8
7  -8
8  -4
8  -4
9  1
8  -5
8  -6
9  1
8  -6
8  -5
5  -2
7  -6
8  -6
9  0
10  1
7  -7
5  0
10  1
11  -4
8  -5
9  1
9  3
9  2
9  1
8  -7
8  -4
10  3
8  -7
9  3
9  3
9  1
7  -9
8  -4
6  8
10  1
7  -8
10  3
8  -8
11  -6
8  -7
9  1
11  -7
7  -9
9  2
11  -3
12  -4
11  -6
10  4
8  -5
10  2
10  2
9  0
10  2
11  -3
11  -6
9  0
10  5
7  -9
10  1
6  5
8  -6
8  -5
6  8
11  -3
8  -7
9  0
7  -9
7  -7
10  1
6  7
9  -1
9  1
7  -6
9  3
8  -8
9  -1
8  -8
12  -5
7  -9
11  -6
9  -1
8  -6
11  -4
11  -7
11  -5
8  -8
9  1
6  9
9  2
7  -7
8  -6
8  -8
9  1
5  -3
7  -7
10  4
9  2
8  -6
6  6
10  1
5  0
8  -7
10  4
8  -8
7  -5
10  3
6  6
7  -8
10  3
9  -1
6  8
11  -6
7  -5
7  -7
7  -8
10  2
8  -8
8  -6
9  2
8  -5
10  4
8  -4
10  2
8  -8
10  2
10  1
10  4
8  -6
9  -1
8  -5
6  6
9  0
9  1
9  1
8  -7
9  1
10  1
5  1
6  8
10  2
9  -1
6  5
9  1
7  -6
8  -7
11  -5
9  2
8  -7
10  4
10  1
10  5
12  -8
8  -6
9  -1
11  -4
10  4
8  -8
9  1
6  8
9  0
7  -7
10  4
8  -8
8  -6
10  2
10  1
8  -5
8  -6
7  -6
9  1
8  -5
9  2
6  7
7  -5
10  3
6  7
9  -1
9  3
9  1
11  -7
9  -1
11  -3
8  -7
11  -4
8  -5
6  9
9  -1
10  1
10  4
9  -1
8  -6
9  3
6  5
9  0
9  0
8  -8
10  3
8  -5
12  -6
9  -1
9  3
6  5
7  -5
4  -1
10  2
9  0
6  9
8  -6
9  1
8  -6
7  -5
8  -8
12  -5
10  2
8  -7
11  -7
10  1
11  -7
11  -3
7  -8
9  2
10  3
7  -7
10  3
8  -6
8  -8
10  2
9  0
10  3
9  -1
9  0
7  -5
8  -4
8  -4
6  9
7  -6
9  2
5  0
10  3
6  9
8  -5
8  -5
8  -8
9  -1
9  1
7  -7
10  3
9  0
10  1
9  2
8  -6
9  0
5  0
9  1
9  0
9  -1
10  5
7  -9
9  3
8  -8
7  -7
8  -4
8  -5
8  -8
9  -1
8  -8
10  1
7  -6
10  1
8  -5
8  -4
7  -8
7  -7
10  1
11  -7
10  5
6  5
10  2
11  -7
10  5
9  2
9  -1
11  -7
8  -8
11  -5
9  2
9  0
11  -4
8  -4
8  -5
9  -1
8  -5
8  -4
8  -5
10  1
8  -6
9  -1
9  0
8  -6
8  -5
8  -5
8  -4
9  2
10  5
8  -8
10  5
9  0
7  -5
8  -5
10  1
8  -7
9  -1
9  2
7  -9
11  -6
9  -1
8  -6
7  -5
6  9
9  2
9  2
9  0
11  -6
11  -3
7  -7
7  -9
10  1
10  2
9  -1
6  7
9  3
9  3
7  -7
9  2
10  2
8  -6
9  1
8  -4
10  4
7  -7
7  -6
10  1
5  -1
8  -8
8  -6
9  -1
9  -1
8  -4
9  -1
9  0
9  2
10  2
11  -3
9  1
7  -9
9  1
9  3
9  0
10  1
9  3
8  -6
10  3
8  -8
10  2
9  3
8  -4
8  -4
10  3
6  7
7  -9
9  -1
8  -6
8  -7
10  5
6  6
7  -6
6  9
11  -4
11  -3
10  2
8  -5
7  -6
