16  -5
17  5
19  9
17  6
17  6
18  1
16  -8
18  7
18  1
18  2
17  3
17  12
18  9
18  -3
17  9
16  -9
18  4
17  4
16  -8
17  2
17  5
17  7
18  5
18  5
16  -2
17  5
17  12
18  -3
20  0
16  -5
18  9
17  12
20  -2
19  1
18  1
16  -3
17  3
17  3
17  3
16  -8
17  3
19  -1
19  6
16  -2
17  2
17  2
18  5
17  2
17  10
18  1
17  10
16  -11
17  4
18  1
18  -3
17  3
17  11
17  13
18  3
17  1
18  0
18  -2
17  3
18  -3
18  -3
18  7
18  -2
20  -5
17  8
18  -1
19  -2
17  4
18  1
16  -11
17  4
18  6
18  -3
18  1
18  6
17  6
19  1
19  -1
18  5
17  5
18  -2
17  9
16  -9
18  9
18  8
18  5
18  6
19  7
19  5
18  4
18  4
17  11
20  3
16  -8
16  -13
19  8
17  13
16  -1
18  9
18  -2
16  -8
16  -5
17  6
17  7
17  9
17  12
16  -1
18  0
16  -5
19  5
17  13
18  -3
17  9
17  3
16  -2
17  2
17  8
16  -2
18  3
18  3
17  6
17  9
17  8
17  1
18  6
16  -10
16  -5
18  -3
17  5
18  6
17  3
18  3
16  -3
17  6
18  5
17  3
17  10
17  6
18  6
18  2
19  10
17  4
17  12
18  6
18  -1
18  5
18  8
17  12
17  4
16  -2
19  1
19  -2
17  4
17  13
17  9
17  9
17  9
17  11
18  4
18  -1
18  5
18  0
16  -9
18  -3
18  -3
17  6
17  5
17  3
16  -12
18  3
17  3
19  10
16  -2
17  13
17  5
17  3
19  10
17  4
17  13
18  1
18  6
18  9
17  13
17  7
17  12
17  7
19  9
18  3
17  7
17  6
17  7
17  4
18  2
17  10
17  11
17  7
19  6
16  -2
18  -1
18  -1
16  -7
16  -4
18  4
18  6
18  -2
18  2
17  9
16  -6
17  5
18  3
19  6
16  -4
17  3
17  3
17  12
17  13
17  11
19  7
18  -1
17  13
18  6
16  -3
17  3
17  9
18  -2
17  6
17  6
19  6
19  5
17  1
16  -11
17  8
17  7
17  8
18  8
19  0
17  6
16  -9
19  0
18  0
18  -1
17  1
18  -1
16  -3
18  -3
18  -3
18  -2
17  10
17  5
18  0
19  -2
17  10
17  7
18  8
17  3
17  9
17  3
17  10
18  1
16  -12
16  -8
16  -12
16  -1
17  13
17  2
17  4
16  -10
18  -1
17  13
17  7
19  10
17  11
16  -7
18  -3
17  7
17  9
17  4
17  9
18  -2
16  -11
17  5
18  -2
18  9
17  3
19  -1
16  -1
17  7
17  3
17  11
18  1
17  10
17  11
17  8
17  4
17  6
17  1
17  5
18  1
18  9
18  1
17  1
19  3
18  3
17  3
17  4
19  5
19  3
17  12
17  8
17  9
17  12
16  -4
18  -2
16  -13
17  4
16  -13
17  3
17  7
18  3
17  10
16  -2
16  -4
18  7
17  13
17  7
18  6
16  -2
18  5
16  -13
18  4
17  10
18  -1
16  -7
17  13
16  -11
18  -1
18  -1
18  0
16  -1
17  2
18  -3
17  12
16  -7
17  1
18  4
18  9
17  5
18  0
17  8
17  2
18  -3
16  -2
18  0
17  12
16  -4
18  -1
16  -8
18  6
17  5
16  -3
16  -1
17  10
16  -10
17  6
17  5
17  2
17  5
17  3
17  9
16  -7
18  2
18  9
18  9
17  5
16  -11
18  -3
17  13
17  13
18  6
16  -3
16  -2
18  4
18  8
17  7
16  -10
16  -8
18  0
17  5
17  5
17  4
17  4
17  10
17  4
17  4
17  9
17  2
18  -1
17  13
19  7
17  1
18  -1
18  0
17  11
18  6
18  3
17  8
17  10
17  10
16  -4
16  -7
17  2
19  10
16  -3
17  2
17  5
18  -1
19  10
19  -2
18  1
16  -8
18  7
17  3
16  -12
18  6
17  8
18  1
17  4
17  1
17  2
17  7
17  1
17  9
17  12
17  8
18  6
18  0
16  -1
18  -1
17  4
17  7
16  -11
18  2
16  -12
16  -11
16  -5
18  9
17  5
18  6
17  1
16  -7
18  4
18  7
19  2
17  2
17  3
17  2
18  0
17  3
19  5
17  1
17  7
16  -7
18  -2
16  -13
18  0
16  -1
18  -3
16  -7
17  12
17  13
17  4
18  4
18  -3
19  9
17  3
17  13
16  -13
17  1
17  2
17  2
17  13
18  6
17  3
19  5
17  3
17  10
17  7
17  4
17  6
18  8
17  1
16  -12
17  2
19  9
17  8
19  0
17  11
17  12
19  0
16  -8
16  -4
16  -5
16  -8
17  11
17  9
17  11
17  1
16  -10
17  2
16  -7
17  1
16  -4
16  -6
17  9
17  8
17  10
17  2
18  3
16  -4
18  6
18  1
17  10
17  5
17  1
17  3
17  9
18  5
17  6
17  7
18  8
17  13
16  -7
18  4
17  5
18  6
17  11
17  12
17  10
18  6
17  5
17  4
17  12
16  -11
18  -3
17  13
17  6
16  -7
18  6
18  -3
17  7
17  11
17  10
18  3
16  -13
19  8
18  9
16  -12
17  3
19  8
17  11
16  -10
19  8
16  -10
17  9
17  4
17  8
17  11
18  8
17  5
18  0
17  12
17  6
17  11
17  8
16  -5
18  5
18  6
17  3
17  7
17  4
17  11
17  6
19  9
17  12
17  8
19  10
16  -7
18  2
17  8
17  11
17  8
19  3
17  6
17  13
17  10
16  -8
16  -7
17  9
18  -2
19  10
17  4
20  3
18  3
17  3
18  -1
17  7
17  13
17  7
18  -1
17  2
16  -8
17  12
17  6
18  7
16  -5
17  3
18  4
17  11
16  -13
18  3
17  5
17  5
17  10
17  11
18  9
18  3
18  5
17  3
18  -2
17  8
18  3
17  2
16  -3
17  12
18  8
18  3
17  4
17  11
17  1
17  7
17  9
18  -1
17  6
18  -2
17  8
18  9
19  1
16  -6
18  1
17  10
18  -3
18  -2
17  8
17  1
16  -12
16  -2
18  4
16  -8
18  7
18  3
17  3
17  1
18  6
17  11
19  2
17  4
17  9
16  -10
18  8
17  4
16  -11
19  1
18  4
18  0
17  5
18  6
17  13
16  -6
18  1
17  3
18  -2
19  1
16  -2
17  10
17  7
17  12
17  5
18  4
18  5
18  7
17  7
17  3
17  2
17  2
18  6
18  -1
18  7
19  8
18  2
17  5
18  -3
17  12
18  5
17  12
18  -3
18  8
16  -6
17  2
16  -11
18  7
18  9
17  10
18  1
18  -2
18  4
17  5
17  4
18  7
16  -13
18  1
17  6
18  0
18  2
18  5
19  0
16  -9
19  2
18  -3
17  2
16  -6
17  12
17  9
16  -6
18  4
16  -2
18  3
17  8
17  2
17  4
17  9
17  6
17  1
16  -1
17  13
16  -12
18  1
17  3
18  6
18  -3
17  2
17  8
18  0
17  8
16  -2
17  2
16  -4
16  -9
17  6
18  4
17  13
16  -9
18  -1
16  -13
19  7
18  -3
20  -2
18  6
18  0
17  7
17  11
17  7
18  1
19  4
18  3
19  6
18  9
19  5
16  -9
18  -3
19  10
18  7
18  -3
17  2
18  -1
18  2
16  -3
17  1
18  9
17  6
18  4
19  6
18  8
17  2
19  0
17  8
18  2
16  -2
19  6
17  9
16  -2
16  -4
17  4
17  4
17  1
18  8
17  3
18  7
17  1
18  5
17  11
17  5
18  7
17  2
17  3
17  4
18  3
17  8
18  -2
17  1
17  3
18  7
17  10
17  3
17  3
18  5
18  2
17  7
17  10
18  -3
17  6
18  2
19  8
18  -2
18  6
17  3
18  3
17  8
18  1
17  7
18  8
17  3
17  2
18  8
17  6
16  -11
16  -11
16  -2
18  5
17  7
17  4
17  1
17  10
19  -2
17  1
18  8
17  2
18  -3
18  1
18  -1
16  -9
18  2
17  11
16  -2
18  9
17  4
18  9
18  5
18  6
18  -2
18  6
17  7
19  -2
19  3
19  0
19  10
17  13
17  6
17  2
18  6
17  5
17  13
19  4
17  9
17  7
17  8
17  1
17  3
19  5
17  13
18  9
17  2
17  8
17  8
16  -1
17  13
17  12
17  5
19  -2
16  -7
17  13
17  11
18  0
17  7
16  -8
17  11
16  -10
17  1
17  9
16  -8
18  4
17  5
17  4
17  2
16  -9
17  1
18  -3
20  -3
18  9
19  1
16  -10
17  11
17  6
17  8
19  10
17  1
17  12
17  10
18  1
17  2
19  3
18  3
17  13
18  8
18  0
17  2
16  -6
17  3
17  3
17  4
17  4
16  -4
17  6
18  9
17  7
17  1
17  10
17  4
19  10
16  -6
19  4
17  13
17  9
17  13
18  5
18  5
18  1
16  -5
17  9
17  10
17  13
18  -3
17  11
18  5
17  6
17  6
17  9
18  1
17  9
17  6
18  5
16  -12
18  2
18  3
17  1
17  9
17  12
16  -9
16  -12
16  -4
18  9
16  -11
17  10
16  -3
20  2
17  1
18  0
17  12
17  2
17  2
17  10
16  -6
17  1
18  4
19  0
17  3
18  2
