9  2
9  6
10  -4
10  -3
8  4
11  -9
8  4
11  -5
11  -8
11  -9
7  -4
10  -5
11  -5
12  -5
8  0
10  -5
8  3
9  2
10  -4
12  -6
11  -7
11  -5
10  -5
10  -2
12  -6
9  3
9  4
8  1
13  -2
10  -2
9  3
10  -3
8  3
10  -4
13  -3
11  -9
10  -2
8  4
9  2
8  2
11  -6
10  -5
11  -6
9  2
11  -7
11  -8
8  0
10  -4
11  -6
10  -1
8  4
8  0
6  0
10  -4
8  1
11  -8
10  -1
12  -6
8  3
8  4
11  -8
6  2
6  1
6  2
8  4
9  6
9  5
8  3
9  2
6  4
11  -9
10  -4
10  -1
10  -5
9  3
10  -1
13  -2
13  0
13  -2
15  -6
12  -6
9  3
10  -2
9  4
10  -4
9  3
9  5
14  1
12  -7
12  -6
12  -4
9  3
6  1
7  -1
13  -2
11  -6
10  -3
6  4
8  0
10  -5
9  6
9  2
11  -6
7  -4
9  4
13  -1
10  -3
12  -7
12  -6
11  -7
11  -6
11  -5
10  -5
9  2
9  2
10  -3
10  -3
8  1
10  -5
10  -5
13  0
10  -3
14  1
11  -8
9  2
10  -5
10  -3
12  -5
8  0
7  -3
9  2
10  -3
6  1
8  3
10  -2
10  -1
10  -3
10  -3
9  2
11  -7
8  0
11  -9
11  -5
12  -4
7  -1
8  4
9  2
10  -4
10  -5
9  6
11  -8
9  4
4  4
12  -4
9  2
8  4
10  -3
10  -4
12  -4
12  -3
12  -5
12  -3
9  5
12  -3
9  4
11  -8
9  2
11  -7
9  6
11  -7
10  -5
8  1
9  5
9  3
12  -4
10  -3
8  1
8  0
9  5
11  -7
10  -3
13  -2
13  -3
12  -5
11  -7
9  3
10  -1
8  4
12  -7
8  4
11  -9
8  2
6  0
13  -3
8  2
11  -7
8  1
10  -3
5  -5
9  3
12  -4
12  -7
8  1
9  4
10  -1
8  3
11  -9
6  0
7  0
9  2
8  3
12  -7
9  5
5  -2
7  -1
11  -7
11  -8
7  -3
7  -2
11  -6
10  -5
9  4
10  -1
8  3
7  0
9  2
12  -6
9  6
9  5
10  -5
9  6
11  -5
9  4
8  0
7  -4
12  -4
10  -4
8  3
10  -2
11  -6
10  -4
10  -5
8  4
11  -6
9  6
10  -3
12  -4
7  -4
9  5
10  -3
12  -6
6  2
13  -4
8  3
10  -4
11  -5
10  -5
11  -5
11  -6
13  -1
8  3
8  0
13  -1
7  -2
8  2
7  -3
7  -3
9  2
8  1
10  -5
9  4
11  -5
10  -3
9  6
13  -3
9  3
10  -5
9  2
9  4
9  3
11  -6
7  0
10  -2
10  -3
9  3
9  4
12  -3
11  -6
7  0
7  -4
8  3
6  2
12  -4
9  6
8  1
12  -6
14  2
9  2
10  -3
9  6
8  4
9  6
11  -5
10  -1
10  -2
10  -4
9  2
12  -5
9  2
12  -3
12  -7
8  2
9  3
11  -5
6  3
11  -8
8  0
12  -5
11  -8
6  2
10  -4
8  4
9  6
12  -7
11  -7
11  -5
9  3
9  4
9  6
9  3
7  -1
13  -3
11  -8
11  -6
11  -8
9  6
10  -4
9  3
13  -2
10  -4
10  -1
9  6
13  -2
6  3
11  -5
10  -3
9  4
10  -5
12  -4
12  -5
12  -6
14  2
7  -1
9  2
10  -5
10  -5
12  -6
8  4
10  -4
12  -3
12  -7
7  -2
12  -4
8  4
11  -8
11  -8
8  2
9  6
13  -2
11  -7
6  1
8  1
9  5
12  -6
12  -3
9  3
10  -3
11  -7
7  -2
15  -4
10  -1
12  -5
7  -3
9  6
10  -4
10  -2
13  0
10  -5
10  -3
16  -5
7  0
13  -3
10  -3
10  -4
8  4
11  -7
7  -3
11  -9
8  3
10  -3
14  -2
13  0
11  -9
8  3
8  2
10  -1
12  -3
9  2
13  -1
14  1
11  -8
9  4
6  1
12  -5
10  -2
10  -3
11  -8
9  3
7  -3
15  -6
7  -4
10  -5
10  -3
12  -6
9  6
10  -1
9  2
8  0
12  -4
8  4
8  1
8  4
12  -6
8  3
12  -6
11  -7
13  -4
11  -5
7  0
9  2
11  -8
9  6
8  2
11  -6
14  -2
7  0
12  -3
12  -6
7  -1
9  4
10  -2
10  -4
10  -1
12  -7
11  -6
11  -5
12  -3
12  -5
15  -5
10  -1
10  -5
10  -4
7  -4
11  -9
11  -7
11  -6
11  -5
7  -3
12  -6
9  6
9  2
9  2
7  -3
9  3
10  -4
10  -5
11  -8
10  -4
9  5
11  -5
7  -2
9  3
7  -2
9  5
13  -4
9  2
11  -6
7  0
9  3
9  6
9  5
9  5
10  -2
10  -5
8  3
10  -5
6  0
9  5
10  -3
9  4
7  -1
12  -5
13  -4
7  -3
7  -2
11  -6
8  0
7  -1
9  4
9  3
13  -1
12  -6
12  -3
10  -3
12  -7
8  0
11  -6
14  2
9  6
10  -1
10  -5
11  -9
8  1
10  -2
9  5
10  -3
11  -6
9  4
9  4
7  -3
12  -4
9  6
12  -6
10  -2
10  -2
11  -9
7  -4
13  -1
9  2
10  -1
11  -8
9  2
6  3
10  -1
12  -6
10  -2
11  -8
13  -1
11  -8
7  -1
10  -5
10  -1
9  3
11  -9
11  -7
10  -2
13  -2
8  4
9  4
9  5
9  4
11  -7
9  2
12  -6
13  -2
10  -1
11  -8
10  -2
8  3
10  -3
10  -3
9  2
10  -1
8  2
9  5
11  -8
13  0
12  -3
11  -6
8  0
8  0
8  1
10  -1
14  2
9  5
12  -6
12  -6
8  1
9  5
8  3
11  -8
10  -1
5  -2
11  -8
11  -8
7  -1
14  0
11  -5
10  -2
9  4
12  -3
8  2
7  0
10  -3
8  3
10  -3
11  -5
9  2
10  -1
11  -8
10  -1
13  -2
8  1
11  -5
12  -6
10  -5
11  -5
8  3
12  -4
8  1
13  -2
10  -3
9  5
12  -4
10  -3
11  -9
12  -7
13  -4
8  1
9  6
11  -5
12  -6
12  -4
8  1
10  -5
9  6
13  -2
9  5
9  4
12  -3
10  -3
11  -6
11  -7
15  -5
9  5
9  3
10  -2
8  0
7  0
8  2
11  -7
7  -2
11  -5
9  4
10  -1
8  1
12  -6
11  -5
13  -3
9  4
14  0
11  -9
8  4
9  6
11  -7
8  2
10  -5
8  1
12  -6
9  5
11  -7
11  -9
8  0
10  -2
10  -2
10  -4
11  -7
9  5
11  -6
10  -4
9  6
7  -4
10  -2
12  -5
12  -3
8  4
11  -6
12  -7
11  -7
10  -5
8  4
10  -2
13  0
10  -2
10  -4
8  0
8  0
11  -7
10  -1
9  2
11  -9
12  -6
10  -4
11  -7
7  -2
12  -4
12  -3
11  -6
8  3
8  2
11  -6
14  1
10  -4
9  5
9  2
6  2
9  4
8  1
7  0
11  -5
11  -9
8  4
7  -3
9  2
9  3
10  -5
13  -4
11  -8
12  -5
8  3
11  -8
12  -6
10  -2
12  -5
8  1
9  6
7  -3
11  -5
9  4
9  5
9  3
13  -4
11  -6
10  -2
10  -3
10  -1
8  4
9  6
12  -3
10  -4
11  -5
8  0
11  -7
8  0
11  -6
12  -3
7  -2
13  -1
7  -3
10  -4
10  -4
8  1
10  -5
11  -6
9  5
11  -7
8  0
9  5
9  5
9  3
8  4
10  -5
9  2
9  3
8  4
11  -6
12  -4
9  5
8  3
12  -5
13  0
8  2
10  -3
8  4
10  -2
13  -4
12  -4
11  -7
12  -7
12  -3
9  3
12  -5
8  0
11  -6
8  4
10  -3
8  0
12  -7
12  -6
10  -4
10  -4
9  2
11  -9
6  3
13  -1
12  -6
12  -5
11  -5
10  -4
8  0
8  4
13  -2
7  0
7  -3
10  -4
8  2
6  2
9  6
10  -4
12  -5
10  -1
12  -7
15  -3
11  -7
10  -1
10  -5
10  -5
11  -8
11  -7
12  -3
11  -5
9  4
12  -6
8  2
10  -2
11  -9
10  -5
10  -5
10  -4
7  0
11  -9
11  -7
12  -6
10  -5
8  0
11  -6
13  -1
10  -1
9  6
14  0
11  -8
10  -5
10  -2
7  -3
6  3
12  -5
8  0
7  0
10  -3
9  6
9  2
9  5
9  2
11  -6
11  -8
12  -5
11  -6
11  -8
9  4
11  -5
9  3
8  2
12  -5
7  -4
11  -6
10  -4
10  -3
8  3
8  3
9  4
7  -1
9  5
7  0
10  -3
8  2
11  -7
13  -4
8  4
13  0
11  -8
8  1
10  -1
11  -6
11  -9
9  2
8  2
13  -2
10  -2
9  5
12  -4
11  -6
10  -3
11  -7
10  -4
10  -1
7  0
10  -2
9  5
10  -1
9  2
11  -8
11  -5
12  -7
10  -5
10  -2
10  -4
10  -5
8  0
9  3
10  -2
7  -4
8  2
11  -7
10  -5
8  4
9  4
9  5
9  3
10  -1
12  -5
9  3
10  -4
8  2
7  -4
8  4
8  0
9  4
14  1
8  4
10  -5
9  6
10  -4
10  -1
7  -1
12  -5
9  3
8  3
9  5
9  2
9  6
15  -5
8  1
11  -6
9  3
8  0
10  -4
13  0
13  -1
11  -6
6  1
10  -3
13  -1
4  8
7  -3
11  -7
9  4
6  0
8  0
14  -2
12  -7
11  -5
10  -2
11  -6
11  -7
5  -3
11  -5
11  -5
14  0
8  1
10  -2
8  1
9  2
8  2
12  -5
10  -5
8  0
9  4
7  -2
11  -8
9  3
11  -6
9  3
12  -5
12  -3
12  -7
9  4
9  6
10  -3
11  -7
8  2
