30  4
28  8
29  -1
30  5
28  7
29  1
30  3
29  0
29  2
29  1
30  6
30  2
30  3
29  2
30  1
28  10
29  4
29  -1
29  3
29  -1
30  3
28  10
29  4
28  4
30  6
29  4
28  7
30  6
29  -1
29  3
30  7
29  0
30  1
30  7
30  7
29  3
30  6
28  6
29  0
31  1
29  2
30  1
31  -1
30  4
30  5
30  7
29  4
29  4
29  0
29  5
29  1
30  3
29  0
28  10
30  2
31  0
29  5
29  1
28  10
28  7
30  7
29  5
30  2
30  7
28  8
30  5
30  4
29  1
28  5
28  7
29  1
32  -4
29  1
29  2
28  10
29  4
30  7
31  -5
30  7
30  1
30  6
29  0
31  -5
28  10
29  4
28  6
31  -2
29  -1
29  5
29  5
30  5
28  6
30  3
29  -1
31  -4
30  5
29  3
30  6
28  8
29  5
31  -5
29  -1
29  -1
29  1
28  8
30  5
28  8
29  -1
29  0
29  4
28  9
28  10
31  -5
30  6
30  3
29  5
28  6
31  -3
32  0
30  1
30  5
29  3
29  4
31  -2
31  1
30  5
30  7
30  2
29  2
28  9
30  7
31  -4
29  4
30  2
29  5
30  1
28  9
30  5
29  3
29  1
30  1
29  1
30  5
30  3
28  9
29  1
28  10
30  7
30  6
30  3
30  2
30  6
28  7
29  3
29  2
29  0
29  0
30  2
30  1
29  5
29  2
29  2
30  1
31  -3
29  1
29  -1
30  5
28  9
28  6
31  0
28  4
29  1
28  6
29  -1
30  4
28  10
29  2
29  2
30  2
29  2
29  3
29  1
29  3
31  -5
29  1
30  4
29  5
29  1
30  2
30  1
30  6
30  6
29  5
28  8
31  1
30  2
30  1
29  4
28  9
28  10
30  7
29  2
31  1
28  4
28  6
29  5
30  6
29  2
29  1
31  -5
30  2
29  1
30  2
31  -4
30  4
29  4
28  10
31  1
32  -4
28  5
31  -1
29  5
28  7
29  5
28  5
30  1
29  5
30  4
30  1
29  -1
31  -2
28  4
29  3
29  0
29  3
30  4
30  5
29  3
28  4
28  5
28  5
31  -2
29  3
29  4
29  4
29  0
31  1
30  6
28  6
29  5
30  7
30  5
30  4
28  8
29  -1
31  -5
29  1
30  5
29  1
30  1
29  1
29  3
29  4
28  10
29  1
30  1
30  5
29  1
29  3
29  4
29  0
30  1
29  4
30  2
29  4
30  5
29  1
29  4
29  4
31  -1
30  1
28  4
28  4
29  -1
29  1
30  1
33  -7
28  8
30  6
30  4
30  6
30  1
30  3
31  -1
29  1
30  1
29  2
30  1
28  10
30  5
29  4
28  9
28  7
30  7
29  4
30  5
30  6
29  -1
30  4
28  10
28  10
29  0
28  6
30  3
29  1
29  -1
28  10
28  7
28  4
31  -2
29  4
29  2
29  2
29  3
29  4
30  7
29  2
30  7
28  4
31  1
29  1
30  3
30  1
29  3
30  5
29  1
29  0
28  8
30  4
29  0
28  4
31  -1
29  5
30  2
30  5
31  -2
30  5
28  9
30  5
29  5
30  4
29  3
28  9
30  1
30  3
28  7
30  1
28  6
30  2
28  6
29  0
28  10
29  0
28  4
29  5
28  9
28  5
31  -3
29  -1
28  9
29  3
28  10
31  -3
29  5
29  1
28  10
30  4
29  3
29  2
30  3
30  4
30  1
31  -2
29  2
31  -3
29  -1
28  4
29  1
29  1
30  4
30  7
28  7
30  2
31  1
28  9
29  1
28  4
28  9
30  2
29  5
29  0
31  0
28  10
30  1
28  6
28  8
29  4
30  1
29  0
28  6
29  0
29  4
29  5
29  -1
30  5
30  2
28  4
30  6
31  1
28  7
30  4
30  6
28  7
29  2
29  5
30  6
28  10
30  7
29  3
29  0
31  -5
29  0
30  4
29  1
30  4
30  6
30  3
28  5
30  7
31  -5
29  5
31  -1
29  0
28  8
29  0
29  5
29  3
29  -1
28  7
29  5
30  3
30  5
31  -3
28  7
29  3
31  -5
29  1
30  4
30  2
30  3
31  -1
29  4
28  8
29  1
29  1
29  -1
28  6
31  -1
29  1
30  2
29  5
30  4
29  5
30  7
31  -3
30  5
29  0
29  2
29  5
28  9
30  1
29  0
29  5
29  1
32  -3
30  1
30  2
29  0
30  1
30  7
28  6
30  3
28  4
30  1
30  4
29  4
31  0
30  3
29  2
29  0
28  10
29  3
28  9
30  6
29  0
29  2
31  -3
31  0
28  7
30  7
29  3
29  3
29  4
29  2
31  -3
28  9
29  2
30  1
29  4
29  3
30  1
28  9
29  5
30  6
31  -2
29  2
30  4
29  0
29  1
31  -4
29  2
32  1
28  7
29  2
29  5
29  0
30  7
30  2
29  4
28  6
32  -2
29  2
29  0
31  -3
29  4
29  5
30  1
29  -1
28  6
29  4
30  3
29  4
29  2
28  7
29  -1
28  8
29  4
30  5
29  2
30  3
29  4
30  4
29  4
32  1
29  2
28  9
29  2
31  -5
32  1
30  3
29  3
30  5
28  8
28  7
30  1
29  3
30  4
29  3
28  10
29  2
29  1
28  9
32  2
28  9
30  3
30  1
29  3
28  7
29  -1
29  -1
30  6
29  1
28  4
29  -1
32  2
29  -1
28  5
30  5
29  0
30  7
29  3
30  5
29  1
31  -4
29  5
31  -3
28  4
31  -5
29  1
29  2
29  4
29  1
30  4
30  4
30  6
30  1
29  3
28  5
29  2
30  4
28  8
30  3
29  3
31  -4
29  1
30  6
29  0
29  2
29  1
30  6
29  5
31  1
29  2
29  2
30  1
29  -1
30  7
31  0
30  2
29  1
28  10
32  0
29  4
30  3
30  3
28  7
30  4
29  4
32  -3
29  5
29  4
28  10
30  5
29  -1
28  4
29  3
29  0
28  4
30  3
29  -1
28  7
30  7
28  7
29  2
28  7
29  5
29  1
28  10
30  6
29  -1
30  6
28  6
30  7
30  1
29  3
30  6
31  1
31  -4
30  3
29  1
30  6
32  0
30  4
28  6
30  7
28  10
30  6
30  4
29  -1
30  4
29  0
29  0
30  3
29  2
29  4
29  3
30  6
30  4
28  5
30  3
30  7
29  1
29  5
29  2
28  9
31  -5
28  5
29  0
29  3
29  4
30  2
30  7
31  1
28  5
31  -4
30  6
29  0
29  2
28  9
29  5
28  4
31  0
30  2
30  5
29  1
29  4
30  5
30  4
30  3
29  4
30  6
28  5
29  2
30  6
29  2
30  6
29  1
29  3
30  5
29  4
29  -1
29  2
29  0
30  5
29  3
29  5
31  -1
28  10
30  1
31  -2
29  2
31  -2
28  6
31  -4
31  1
30  6
31  -5
29  2
28  9
29  5
30  5
29  1
28  4
29  5
32  2
29  0
30  3
30  2
29  0
29  4
29  1
29  5
29  -1
29  0
29  5
30  6
28  7
29  3
31  -4
30  4
32  -2
29  2
30  3
29  0
29  4
30  4
28  6
28  4
29  2
28  4
29  3
30  2
30  3
28  10
28  7
28  9
28  6
28  6
30  3
29  0
28  10
28  6
29  -1
30  2
29  4
30  1
30  3
31  -1
29  3
28  9
29  4
30  1
30  7
29  0
29  3
30  4
32  2
29  1
28  5
30  6
30  4
30  3
29  0
28  8
29  3
29  2
28  7
29  2
30  3
29  1
29  4
29  1
29  5
28  4
30  6
28  10
28  10
30  4
30  5
29  -1
30  4
29  0
29  0
28  8
29  2
29  4
29  1
29  -1
31  0
29  3
30  3
29  4
29  1
30  5
28  5
29  3
30  2
28  10
29  1
29  2
29  0
30  3
32  -3
30  3
30  4
30  7
31  0
29  5
30  5
29  -1
29  4
32  -4
30  2
29  0
28  6
29  1
29  0
30  2
29  1
29  2
28  8
30  1
29  2
30  6
31  -2
29  3
31  -1
29  -1
28  7
29  2
30  4
31  -4
29  0
29  2
29  4
29  5
30  5
29  5
29  3
30  1
30  1
30  2
29  0
28  6
28  4
29  2
30  6
30  2
28  4
29  1
29  3
28  8
29  -1
31  -5
29  2
28  10
28  5
32  -3
29  3
28  9
31  -4
29  4
29  -1
29  5
30  4
30  3
30  2
29  1
28  4
28  7
28  5
29  2
28  8
30  1
29  0
29  -1
30  5
28  9
29  5
28  7
29  4
30  7
28  5
29  5
28  7
29  -1
30  5
29  5
29  2
30  7
29  4
29  0
28  5
28  4
29  1
31  -1
29  2
30  4
30  6
28  5
29  3
31  -4
31  -4
28  6
29  2
29  1
29  3
29  5
29  1
28  10
30  5
29  5
28  10
30  3
30  3
29  -1
30  5
29  0
30  3
29  1
31  -3
29  5
29  3
30  3
29  5
29  0
29  3
30  5
29  5
32  -3
30  3
29  5
32  -4
30  4
29  1
30  4
30  4
28  6
28  10
29  4
