7  3
6  -3
8  -2
8  2
7  5
7  1
8  -2
7  5
7  1
7  2
6  0
7  3
7  3
7  2
8  2
7  5
6  -1
6  1
7  1
7  5
8  -1
7  2
7  4
7  3
8  2
8  -2
7  2
6  -3
8  -1
6  -1
6  -3
7  2
6  -3
6  -2
7  5
7  3
7  1
8  -1
6  -1
7  5
6  1
6  0
5  4
7  2
6  1
7  3
5  5
8  -1
5  6
5  4
7  5
6  -1
7  2
8  1
8  0
7  1
7  4
7  2
7  4
7  2
7  5
7  4
7  4
7  4
7  3
8  -1
6  -3
7  3
8  1
6  -1
6  -2
8  2
5  7
8  -1
7  4
6  1
6  1
5  5
6  -1
7  2
6  1
6  -1
8  0
8  1
7  2
7  3
5  6
8  2
8  1
7  3
6  -1
8  0
7  4
6  -3
7  3
7  4
7  2
8  1
6  -1
7  1
6  -2
7  2
6  1
7  1
8  2
7  2
7  5
6  -2
7  3
8  -2
7  5
8  2
7  5
8  0
7  4
7  2
8  -2
8  -2
8  2
8  0
7  4
8  2
7  2
8  0
5  6
7  1
7  3
5  8
7  1
7  1
6  -2
7  2
7  5
7  5
7  3
8  -1
7  2
7  5
5  6
7  5
7  2
7  4
7  3
7  3
7  2
7  2
7  5
6  -3
6  0
5  7
8  2
6  -3
8  1
7  4
7  4
7  2
6  -2
8  -2
7  1
6  0
5  7
7  2
8  1
7  1
7  4
7  1
6  1
7  1
8  -2
5  6
7  2
6  0
7  1
8  1
7  2
8  -2
8  2
6  0
5  7
7  1
8  -1
6  1
7  3
8  -2
7  2
6  -2
7  1
7  5
7  3
5  8
8  0
7  5
8  1
7  1
6  -3
8  0
5  6
5  5
6  0
8  2
7  4
7  2
8  -1
6  -3
6  1
7  3
8  0
8  -1
7  3
7  3
8  -1
7  4
6  1
8  2
6  -3
8  -1
7  5
7  4
6  1
7  1
7  5
8  -2
6  0
7  5
6  -2
5  4
7  1
7  2
7  4
8  2
8  -2
8  0
8  2
8  2
6  0
6  0
8  0
6  -1
7  4
6  -3
8  0
6  1
7  2
7  2
8  -2
8  0
6  -2
6  -3
7  4
6  -2
7  2
6  -3
5  4
8  1
8  0
7  4
8  0
7  1
8  -1
8  2
7  3
8  0
7  5
8  2
7  4
7  4
7  1
6  0
8  0
6  -3
8  1
6  0
7  2
6  1
8  -2
7  4
8  0
7  1
6  -3
7  1
8  2
6  1
8  2
7  4
7  5
7  4
7  1
8  0
7  3
7  1
7  2
6  -1
7  2
7  1
8  -1
8  1
7  5
7  5
7  3
8  2
6  1
8  -2
8  -1
7  5
7  4
7  1
6  -3
7  4
6  -1
6  -2
8  -2
6  -3
7  5
8  -2
8  2
8  0
5  4
6  -1
6  1
8  2
7  1
8  -1
8  -2
8  -2
8  -2
6  -3
7  4
7  1
7  1
8  2
5  7
8  0
8  2
7  4
8  -2
7  5
5  7
7  2
6  0
7  4
7  2
7  2
8  0
8  -1
6  -1
7  2
5  7
8  -2
7  4
6  1
7  2
8  1
6  -1
7  1
5  7
7  4
7  4
8  0
7  4
7  2
7  4
8  -2
6  -2
7  2
7  4
7  5
5  8
6  0
8  0
7  2
7  1
7  3
8  0
8  2
6  -2
8  -2
7  3
7  5
7  4
6  -3
7  1
5  7
8  0
8  1
7  1
7  2
8  -2
8  0
6  -2
7  3
7  1
5  5
6  0
8  -2
7  5
8  -2
8  0
6  0
8  0
8  1
8  0
7  4
7  5
7  4
8  0
7  5
7  5
7  1
8  -2
6  -1
7  1
6  -3
8  2
7  3
6  -1
7  3
6  -2
8  2
8  1
8  2
8  1
6  1
8  0
7  1
7  1
7  3
7  1
6  -1
7  5
6  0
7  1
7  2
7  3
8  2
8  -1
7  4
5  4
8  1
6  -2
7  5
8  0
7  4
6  -1
6  -2
8  -2
8  -2
7  5
8  0
7  4
8  -1
6  1
7  4
7  1
4  6
7  4
8  -1
6  -3
6  -2
7  1
7  4
7  5
8  -1
8  0
8  -2
7  4
8  -2
7  4
7  3
6  0
7  1
7  2
8  -1
7  5
8  1
7  5
6  -2
7  1
7  4
7  2
8  -2
7  4
7  3
6  -1
8  -2
8  -2
6  0
8  -2
8  2
6  -3
6  0
6  -2
6  1
8  -2
8  -1
8  2
8  0
7  2
7  4
7  4
8  1
7  3
8  0
7  2
7  4
7  4
7  4
7  2
7  5
8  2
8  2
6  1
8  2
7  5
7  1
7  2
6  -2
7  5
7  3
8  2
6  -2
7  2
7  5
8  0
6  1
7  5
7  3
6  -1
7  4
8  2
7  1
5  7
7  4
7  1
8  1
6  -3
7  5
6  -1
6  -2
6  -3
5  5
7  5
7  1
7  2
7  5
6  -3
8  -1
6  -2
8  -1
7  1
6  -1
8  0
8  0
6  -3
7  5
7  3
7  2
4  6
7  3
7  5
5  8
8  -2
7  2
5  4
7  5
6  -1
7  2
8  -2
7  4
8  1
7  2
6  1
6  1
6  -3
7  5
7  2
8  -2
7  4
8  2
7  4
7  5
7  4
7  3
6  -2
7  3
6  1
6  -1
6  1
7  4
7  1
6  1
7  3
7  3
7  1
8  -1
6  -1
8  0
8  -1
7  2
7  3
6  1
6  -1
6  -2
8  2
7  3
7  2
5  6
8  -1
6  1
6  -2
6  -1
6  -1
7  4
6  -1
7  4
8  2
8  -1
7  4
7  1
7  3
7  4
6  1
6  -3
7  5
6  -2
6  -2
7  2
7  1
7  1
8  -1
5  5
7  1
8  -1
8  2
7  3
6  -2
6  -1
7  5
8  1
7  1
7  4
8  2
8  2
7  5
8  -1
7  4
6  -2
7  2
8  -2
7  4
6  -2
7  1
6  1
8  1
7  4
7  4
7  2
6  -3
6  -1
7  1
6  -3
5  7
7  4
7  5
8  0
7  5
6  0
7  4
7  3
7  1
7  4
5  7
8  0
8  -2
8  1
7  4
6  -1
7  3
7  2
6  -3
5  4
6  0
7  3
7  1
7  3
7  4
6  -2
7  4
7  2
6  -1
8  1
8  0
8  -1
7  2
8  0
6  1
6  -2
5  6
7  4
7  4
8  -2
7  1
8  -2
7  5
8  0
6  -2
6  0
6  -1
6  -2
7  2
7  2
7  5
7  5
8  -2
6  -3
6  1
7  1
8  2
7  1
5  8
8  0
8  -2
8  2
7  5
6  -3
6  1
8  -2
8  1
6  -2
7  5
8  0
7  5
6  1
8  -1
7  3
8  -2
7  5
6  -1
7  4
8  2
8  0
6  1
7  2
7  5
6  1
7  1
7  2
7  3
6  0
5  6
7  3
7  4
7  3
7  2
7  1
8  -1
6  0
7  5
6  -1
7  2
7  5
7  1
7  3
7  3
8  2
8  0
6  1
7  5
7  2
7  3
6  0
7  2
6  -1
6  -3
5  4
7  4
7  2
7  3
8  -1
8  -1
7  4
8  -1
8  2
6  -2
7  5
8  1
6  -2
8  0
7  4
7  2
7  4
8  -2
5  8
6  1
7  5
7  1
8  -1
7  4
8  0
7  1
7  3
8  0
7  4
7  2
7  2
8  -1
7  4
8  1
8  1
8  0
7  4
6  0
7  5
8  -2
7  2
6  1
6  1
8  2
8  -2
6  1
6  0
8  -2
6  -1
6  -3
7  2
8  2
6  1
7  4
7  4
6  -1
7  1
8  2
8  0
6  -3
5  4
8  -1
7  3
8  2
7  3
7  5
7  2
6  0
7  2
7  5
8  -2
5  7
8  1
6  -1
7  1
6  0
7  5
8  -2
7  1
6  1
8  1
8  2
7  2
7  3
7  1
6  1
8  -2
8  -2
8  0
7  4
7  3
7  5
6  0
7  5
7  4
8  2
7  5
6  -2
7  2
7  4
6  -1
7  4
7  1
7  1
7  2
7  4
7  5
6  -3
8  1
6  1
7  3
7  4
6  -1
8  -1
6  -2
7  5
5  7
8  -1
6  -1
7  4
6  -1
8  2
7  4
6  -1
6  1
8  1
7  4
6  -2
7  3
8  1
7  4
8  -1
8  1
6  -1
6  1
7  5
7  4
7  2
6  -2
7  4
7  5
6  -2
6  -1
8  1
5  5
8  1
6  1
5  7
5  6
6  -2
6  1
5  5
7  4
7  5
6  -3
5  4
7  4
7  4
6  -2
7  3
7  2
8  1
7  1
8  2
7  5
6  1
7  2
7  4
7  1
7  4
6  -2
8  -2
7  2
8  -2
8  -2
7  4
8  2
8  -2
7  2
7  4
5  4
8  0
8  1
6  1
7  5
8  0
8  -1
7  1
8  1
7  2
7  2
7  4
8  1
8  -2
7  5
7  3
8  -1
8  0
8  1
7  2
8  1
8  1
8  0
7  5
5  5
8  1
6  -3
6  0
8  -2
6  -3
7  2
6  -3
5  6
5  6
7  3
7  3
7  5
7  3
6  -2
7  4
8  2
6  -1
7  1
8  -2
8  2
8  1
7  2
