11  7
12  1
9  7
10  2
11  9
11  6
9  6
10  2
9  6
11  8
11  6
11  9
13  -4
11  5
12  4
8  3
10  1
10  0
9  5
12  5
9  5
12  5
9  5
11  9
11  8
12  4
9  6
9  6
11  6
11  5
10  1
8  6
12  3
10  1
12  4
12  2
12  2
11  6
8  3
9  6
11  8
12  4
10  3
10  0
9  8
11  6
13  -4
9  7
10  0
10  4
10  4
12  3
10  2
10  0
10  4
8  2
10  3
12  3
13  -2
12  3
9  5
9  7
12  2
11  7
12  4
13  -2
10  1
10  0
9  8
11  6
8  3
9  6
10  2
10  0
9  9
13  -4
11  5
9  6
11  6
11  6
11  5
10  1
11  8
11  6
11  8
8  4
9  5
11  6
11  7
11  9
9  7
10  2
9  6
10  2
11  8
11  5
13  -4
9  5
10  2
10  2
9  9
12  5
11  8
12  2
10  3
13  -3
10  0
11  5
10  4
11  9
12  3
13  -5
11  7
10  2
11  8
11  8
11  5
9  9
10  1
12  2
12  1
12  5
11  5
11  6
11  9
12  1
10  3
10  1
10  2
11  9
11  6
10  4
11  5
11  7
13  -3
7  -7
10  4
11  9
11  5
9  7
10  1
12  2
9  7
10  2
12  5
10  4
10  0
11  8
11  9
11  6
10  1
12  3
11  7
11  7
9  7
9  7
8  3
11  9
9  8
12  1
10  1
10  0
11  5
9  7
10  0
8  4
9  6
10  1
12  2
11  6
11  9
12  2
10  0
12  2
9  8
10  3
10  4
9  7
10  2
11  7
10  4
9  9
11  5
9  6
11  7
9  8
9  5
10  1
9  5
7  -9
13  -5
10  0
11  6
11  6
9  5
11  9
10  4
13  -1
8  5
11  7
11  5
9  5
12  4
12  3
9  9
12  5
12  4
11  8
11  5
10  0
9  7
12  4
11  5
11  7
10  2
9  7
12  5
9  5
10  4
12  3
11  8
10  3
10  4
11  6
9  9
11  6
11  6
10  2
7  -9
11  6
9  8
10  0
10  1
8  4
9  6
10  0
9  8
12  5
12  2
10  1
11  9
13  -2
8  2
12  3
11  9
10  2
11  8
12  2
12  2
11  9
9  8
11  9
10  0
10  3
10  0
10  1
7  -5
12  1
12  1
9  5
9  9
9  6
11  9
11  7
12  1
9  8
9  7
9  9
10  1
10  0
11  9
11  6
10  0
10  4
11  9
9  7
10  2
10  3
10  2
10  2
10  2
10  2
13  -3
10  3
11  9
11  5
10  1
10  0
11  6
10  1
10  4
10  0
10  1
12  2
9  5
10  1
8  2
9  5
11  6
8  3
10  4
13  -5
10  1
9  7
10  3
10  2
10  0
10  4
10  1
11  7
10  1
9  6
9  8
10  3
10  2
11  8
11  5
9  9
11  5
10  1
11  7
10  4
10  3
12  3
10  3
10  1
10  3
10  1
12  2
10  0
11  6
12  4
12  5
11  9
10  0
12  2
9  9
11  8
10  0
9  5
9  6
9  6
10  3
12  2
10  1
10  0
11  7
10  4
11  9
10  1
10  0
9  9
10  0
11  9
13  -5
9  5
11  9
10  2
9  6
10  2
11  6
10  3
10  0
9  7
11  6
11  7
10  3
10  1
11  6
12  5
12  3
10  4
9  9
11  7
10  0
12  5
10  4
9  5
12  2
12  3
10  4
10  3
9  6
10  0
9  5
12  3
11  5
10  1
11  5
12  4
8  4
11  6
10  4
12  4
11  8
9  7
9  9
12  2
7  -8
11  5
13  -3
13  -3
12  3
12  5
10  0
8  5
9  7
10  3
11  8
8  3
11  9
8  5
10  2
10  3
9  9
10  1
9  5
10  1
11  8
11  8
11  9
12  3
10  3
9  7
10  4
10  2
12  2
9  5
11  7
10  4
9  7
9  6
10  0
11  8
10  2
9  6
12  5
10  1
11  6
14  -2
10  3
10  1
9  9
11  7
9  9
12  5
9  5
11  5
10  0
9  9
8  2
10  4
12  1
11  9
11  6
9  8
11  7
12  1
11  7
11  5
11  6
9  7
10  0
10  4
12  5
8  4
10  3
9  7
11  7
13  -1
9  5
12  5
11  9
10  0
13  -2
12  5
11  8
10  3
12  4
12  4
12  5
10  3
8  5
10  1
10  3
11  7
10  2
11  7
11  5
10  1
10  0
11  8
9  5
12  3
12  1
11  9
11  6
10  0
9  6
12  1
11  5
10  3
10  4
10  2
10  3
8  5
10  1
12  5
9  8
12  2
11  5
10  2
10  4
11  6
11  5
9  5
10  3
8  3
10  1
12  3
10  3
10  0
10  2
9  9
9  7
10  4
9  6
11  6
12  4
9  8
9  9
11  7
12  4
8  5
10  0
11  5
11  8
11  8
8  4
12  3
8  3
11  8
11  7
10  1
12  1
9  5
10  2
11  6
11  5
9  7
11  7
11  5
10  0
11  9
11  6
11  8
12  1
12  4
8  6
10  1
9  7
12  1
12  3
11  8
8  2
10  1
11  8
12  2
11  8
11  7
11  7
11  6
11  7
10  4
8  4
9  9
8  2
11  6
10  4
9  6
11  5
10  1
12  5
11  5
8  2
10  4
9  7
7  -8
11  7
7  -7
9  5
14  0
11  6
12  4
10  3
11  8
9  9
13  -2
11  9
12  5
11  6
12  5
9  6
10  2
10  2
11  7
12  3
10  4
10  2
11  7
11  6
10  2
10  1
10  2
9  7
13  -5
9  5
11  7
9  9
12  5
11  6
10  0
10  3
12  5
10  4
12  2
10  0
10  2
10  3
8  5
9  7
12  5
11  9
10  4
8  2
10  3
11  8
12  4
11  8
10  1
10  2
8  5
9  6
13  -2
11  6
10  3
9  7
10  3
10  1
9  8
10  2
9  6
11  8
8  5
12  1
9  5
12  4
14  -3
9  9
14  0
8  2
10  4
11  9
11  6
10  0
13  -3
11  7
10  3
11  7
10  3
10  3
10  4
10  2
11  5
12  2
10  4
10  3
10  4
10  0
10  0
10  3
11  6
7  -8
10  1
8  4
10  4
10  4
9  5
8  3
10  3
10  2
7  -5
8  6
12  3
11  6
9  9
12  3
9  7
12  5
9  9
10  4
9  9
8  5
9  5
11  5
9  6
9  5
10  3
9  6
10  2
10  4
10  2
13  -1
11  8
11  8
12  3
12  5
9  7
10  4
9  8
11  6
10  3
10  1
11  6
11  8
8  3
11  9
10  3
10  4
8  3
9  7
9  7
11  7
11  7
10  3
12  3
9  8
10  3
10  4
11  6
7  -9
10  3
11  8
11  7
8  5
9  5
11  7
12  1
10  3
12  5
11  6
12  3
10  4
11  9
9  5
11  5
11  7
10  1
9  5
9  9
11  9
10  2
9  6
13  -4
11  9
7  -7
9  6
10  3
11  5
10  3
11  6
9  8
13  -1
13  -1
10  4
10  4
9  9
12  5
10  1
12  4
9  7
8  4
9  6
11  5
10  4
7  -8
11  6
10  4
13  -2
11  5
12  2
11  6
11  8
12  5
8  2
11  9
11  8
11  8
10  4
10  2
11  5
10  4
9  5
12  4
10  2
9  7
10  4
12  1
10  2
10  3
9  8
8  3
10  2
12  3
10  0
10  0
8  6
10  3
11  8
9  8
9  7
11  5
8  4
10  2
11  5
10  2
11  8
13  -5
11  5
12  2
10  4
14  1
10  4
10  1
10  4
10  3
12  5
10  3
9  8
12  3
10  3
9  9
14  -1
9  5
11  5
11  6
10  0
11  6
8  5
11  8
8  5
11  7
12  2
10  0
12  2
13  -1
11  5
11  9
12  1
12  5
9  6
12  2
10  4
11  9
11  5
12  1
10  1
9  8
11  5
10  3
9  8
11  6
9  7
13  -5
9  6
12  4
9  8
9  8
12  5
11  5
11  8
9  6
10  4
8  6
10  1
10  4
11  9
10  3
10  0
11  8
10  2
9  7
11  6
10  4
11  8
10  1
10  2
12  2
10  0
10  3
11  5
9  8
11  5
10  1
11  8
12  4
10  3
9  9
7  -9
10  4
11  9
11  8
10  2
12  1
10  4
10  1
12  5
11  7
10  2
9  7
11  8
8  2
11  8
9  5
9  5
11  7
11  9
11  9
9  5
10  4
12  5
11  9
11  7
12  3
10  2
12  5
11  9
10  4
10  4
11  7
11  8
12  1
10  4
11  8
11  6
12  4
10  0
9  5
7  -7
10  1
10  2
9  6
10  0
10  3
12  3
9  5
9  6
9  8
8  6
11  8
9  6
13  -4
11  7
9  7
11  6
10  3
10  4
9  7
9  6
11  6
11  7
11  7
13  -2
10  0
10  3
9  7
10  0
12  4
10  3
12  4
12  1
11  7
9  5
9  5
11  6
10  3
9  7
10  3
10  2
9  9
10  2
11  5
10  4
10  0
10  1
10  2
10  3
10  4
9  6
10  4
