26  -5
25  1
26  -5
25  7
25  1
25  10
25  1
25  4
25  2
25  10
25  2
25  10
25  5
25  8
25  1
25  8
25  1
25  9
25  9
25  9
25  3
25  11
26  4
25  8
25  4
25  2
25  8
25  2
25  2
25  3
25  11
25  3
25  7
25  6
25  1
25  6
27  0
25  5
26  0
25  9
25  10
25  8
25  5
25  11
25  3
26  1
25  1
25  8
26  3
25  10
26  -1
25  8
26  4
25  4
25  6
25  10
25  4
25  6
25  7
26  3
25  1
25  8
25  5
25  5
25  5
25  4
25  4
26  -4
25  5
25  11
25  6
25  5
25  6
25  2
25  9
26  -4
25  10
26  3
25  3
26  -5
25  2
25  9
26  -2
25  5
26  -4
26  -5
25  2
25  3
25  5
25  4
25  7
25  9
26  -3
25  5
25  5
26  4
25  8
25  11
26  -6
25  6
25  9
25  8
25  7
26  0
25  1
26  -1
25  9
25  11
25  9
25  11
26  0
25  5
26  2
25  3
25  11
25  6
25  5
25  9
25  8
25  11
25  11
25  4
25  9
25  9
25  3
25  7
26  -6
25  5
26  -5
25  4
25  9
25  3
25  5
25  9
25  8
25  1
25  3
25  4
25  8
25  3
25  8
25  2
25  5
25  11
26  -2
25  1
25  1
25  4
26  -4
26  -5
26  -2
25  5
26  4
25  5
26  -6
25  3
25  10
25  6
26  2
25  3
25  4
25  3
25  11
25  4
25  2
25  7
25  7
26  1
25  5
25  7
26  -1
25  10
25  4
25  2
25  10
25  5
26  3
25  5
26  -2
26  3
25  4
25  11
25  6
25  3
25  9
26  -6
25  7
25  11
25  3
25  7
26  -4
26  0
25  1
25  5
25  10
25  10
25  8
25  8
25  9
26  -6
25  1
25  4
26  -5
25  11
25  1
26  2
25  6
26  3
26  -1
25  6
26  -2
25  11
26  0
25  10
25  10
26  -2
25  2
25  7
25  6
25  1
25  3
25  7
26  1
25  11
25  11
25  5
25  10
25  3
26  -1
25  2
26  -5
25  1
26  -1
25  8
25  11
25  7
25  11
26  -6
25  3
25  10
25  6
25  11
25  4
25  9
25  9
25  10
25  10
25  10
25  1
25  11
25  5
25  7
25  10
25  11
25  9
25  11
26  -2
25  8
25  11
25  11
25  6
25  5
26  3
25  10
25  10
26  2
26  1
25  3
25  1
25  4
25  5
25  7
25  4
25  7
25  10
26  -6
25  11
25  4
25  8
25  8
25  10
26  4
25  7
25  9
25  3
26  3
26  -1
25  2
25  5
25  8
25  6
25  6
25  2
25  7
26  -4
25  8
25  1
25  6
25  6
25  4
26  4
25  5
25  5
25  11
25  7
26  -1
25  1
25  2
25  8
25  6
25  3
25  9
25  8
25  11
25  10
25  7
26  -3
25  7
25  11
25  11
25  5
25  10
25  6
25  11
25  3
26  3
26  -2
25  9
25  10
25  11
25  10
25  7
26  0
25  2
25  5
25  5
25  2
25  5
25  5
25  1
25  10
25  3
25  4
26  2
26  3
25  2
25  4
25  3
25  7
26  3
25  7
26  4
25  9
25  6
25  7
25  1
25  2
26  -3
26  0
25  10
25  11
26  4
25  10
25  11
25  4
25  6
25  7
25  11
25  11
26  1
25  11
25  9
25  8
26  1
25  4
26  -4
25  10
25  11
25  11
25  1
26  -3
26  1
25  7
25  11
25  9
25  8
25  1
25  8
25  2
25  8
26  1
25  5
25  1
25  4
25  2
25  9
26  -4
26  1
25  3
26  -4
25  8
25  4
26  1
25  10
25  1
26  0
26  -3
25  11
25  8
25  4
25  5
27  -1
25  2
25  4
25  4
25  2
26  -5
25  5
25  1
25  1
26  -6
25  5
25  9
25  11
25  5
25  3
25  11
26  1
25  7
25  10
25  4
25  8
25  2
25  3
25  8
25  1
25  10
25  5
25  5
25  4
25  8
26  3
25  4
26  -5
25  2
25  7
26  3
25  5
25  8
25  4
25  4
25  9
25  5
25  2
25  10
25  11
25  2
26  -5
25  8
25  10
25  8
25  11
25  11
25  9
25  7
25  5
25  2
25  11
25  9
26  2
25  7
25  11
25  2
25  2
25  7
25  3
25  10
25  11
26  4
26  0
25  3
25  1
25  3
25  2
25  10
25  3
25  4
25  6
25  1
25  1
25  6
25  9
25  10
25  2
25  3
25  1
25  9
25  11
25  8
25  3
25  11
25  5
25  6
25  11
25  2
25  9
25  7
25  2
25  6
25  5
25  9
25  10
25  3
25  11
25  10
25  5
25  2
25  10
25  5
25  4
25  3
25  5
26  -5
25  7
25  2
25  3
25  1
25  11
25  9
26  -1
26  4
26  -4
25  3
25  2
25  10
25  8
25  11
25  11
25  3
26  3
25  9
25  7
25  5
25  6
26  -1
25  6
25  8
26  4
27  -4
25  8
25  8
26  -1
25  6
25  9
25  9
25  10
25  9
25  7
25  4
26  2
26  -5
25  6
25  9
25  4
25  9
26  -6
26  4
26  -5
25  2
25  5
26  1
25  1
26  -4
25  4
25  6
25  3
25  1
26  -2
25  11
25  4
25  1
25  6
25  2
25  8
25  2
25  11
25  11
26  -4
25  10
25  5
25  1
25  8
25  4
25  10
25  3
25  5
25  10
25  3
25  5
25  1
25  1
25  9
25  6
25  2
25  7
26  2
25  11
26  -3
26  3
25  11
25  3
26  -3
25  5
25  8
25  3
26  0
25  8
25  7
25  4
26  2
26  -4
25  11
25  8
25  2
26  4
25  1
25  4
25  3
25  3
25  3
27  -6
25  5
25  8
25  5
26  -5
25  6
26  -3
25  11
25  10
25  2
25  6
25  10
25  9
26  -4
25  5
25  3
25  5
25  2
26  0
25  10
26  -4
25  2
25  2
26  1
25  8
25  8
25  3
25  2
26  2
25  2
25  10
25  3
25  2
25  4
25  6
25  2
26  -6
26  4
25  1
25  9
25  8
25  9
25  9
25  6
25  5
25  10
25  1
25  2
26  -5
25  11
25  3
25  8
25  2
25  3
25  6
25  1
25  4
26  -3
25  7
25  8
25  9
25  11
25  2
25  2
25  4
25  1
25  1
25  9
25  7
25  7
26  -4
25  8
25  8
25  11
25  2
25  6
25  2
25  6
25  1
26  -3
25  1
25  10
25  8
25  6
26  -3
25  3
25  4
25  9
25  6
25  2
26  3
26  -5
25  3
26  -3
25  8
25  6
26  -6
25  1
25  7
25  6
25  4
25  5
25  4
25  11
25  3
26  -1
25  2
25  1
25  9
25  7
25  8
25  1
25  10
25  3
25  7
25  3
25  1
25  11
26  0
25  5
25  8
25  8
25  11
25  6
25  10
25  3
26  -5
25  3
25  8
25  9
25  9
26  0
25  2
25  2
25  8
25  2
25  10
25  1
25  4
25  5
25  8
25  10
26  3
25  11
25  6
25  8
25  6
25  9
25  9
25  2
25  1
25  9
25  6
25  9
25  2
25  4
25  7
25  10
25  7
25  2
25  1
25  4
25  7
25  9
25  10
25  1
25  8
25  7
25  11
25  4
25  1
25  7
25  5
25  2
25  8
25  2
25  1
25  9
26  -2
25  5
25  8
25  9
26  4
25  2
25  7
25  1
25  7
25  3
25  9
25  4
26  -3
25  11
25  10
25  8
25  2
25  4
25  5
25  9
25  6
25  11
25  7
25  8
25  4
25  7
25  4
25  2
25  4
25  6
25  6
26  0
25  2
25  8
25  4
25  2
25  8
25  10
25  11
26  -6
25  1
26  1
25  4
25  11
25  7
26  0
25  10
25  7
26  -3
25  3
25  6
25  11
25  11
25  11
26  -3
25  8
26  -6
25  2
26  2
26  0
26  -2
26  0
25  5
25  3
25  4
26  -6
25  4
25  11
25  6
25  10
25  7
25  6
25  10
25  10
26  4
25  9
25  8
25  10
25  1
25  4
25  11
26  -5
25  5
25  3
26  -5
25  4
25  2
26  3
25  3
25  1
25  10
27  -8
25  6
25  8
25  2
25  5
26  -3
25  9
25  8
25  1
25  1
25  11
25  5
25  10
25  4
25  1
25  11
25  3
25  7
25  8
25  9
25  10
25  10
25  6
26  -2
25  4
26  1
25  2
25  1
25  2
25  11
25  8
25  11
25  4
25  9
25  5
25  8
26  4
25  4
26  3
26  3
26  -6
26  4
26  4
25  4
25  11
26  1
25  11
25  2
25  10
25  3
26  3
25  8
26  0
25  1
25  2
25  8
25  9
25  2
26  4
25  4
25  1
25  6
25  7
25  4
25  10
26  -3
25  5
25  4
25  3
25  5
25  1
25  6
25  10
25  5
25  7
25  2
25  3
25  5
25  2
25  8
26  3
25  6
25  9
25  5
26  -4
25  10
25  2
25  1
25  1
25  9
25  11
25  1
25  3
25  1
25  9
26  2
25  1
25  8
26  -1
25  1
25  5
