21  5
21  3
21  7
23  1
24  1
25  9
22  -1
24  9
22  3
24  1
22  -5
22  -5
23  -3
23  -4
22  -1
23  -7
24  3
21  0
22  4
24  0
22  -1
22  -3
23  -6
22  3
23  1
20  5
25  4
23  -6
22  -1
22  4
23  2
25  10
24  0
20  9
23  2
22  1
25  6
23  -1
24  9
23  -4
23  2
21  1
22  2
24  6
21  2
21  7
22  -5
22  1
22  2
20  10
21  7
23  -2
21  -2
21  3
22  -4
24  4
21  0
21  -3
21  -1
23  -4
22  3
21  -1
21  6
24  8
24  10
21  -1
20  4
21  0
23  0
21  5
23  1
24  0
23  0
22  3
21  3
22  -5
22  5
25  2
25  8
22  -4
22  -5
23  1
22  -2
22  5
24  6
21  -3
23  2
24  1
23  -6
24  7
22  -3
22  -2
23  -7
23  3
20  4
21  2
23  -3
21  0
25  4
22  -5
20  1
22  -5
21  -1
23  -6
22  3
23  1
24  3
24  7
22  -3
22  5
23  -6
22  -4
22  -3
23  2
24  0
24  7
22  5
25  4
22  4
23  2
22  -4
21  2
21  1
21  2
24  3
22  0
22  5
24  10
21  2
23  1
23  2
22  0
23  -5
21  0
21  -3
23  3
25  4
22  4
22  -4
23  2
23  -1
20  1
24  2
22  2
22  3
21  0
22  2
23  -5
20  1
23  -3
22  -4
22  -1
23  -4
22  -4
23  -6
23  1
23  -1
19  -2
23  2
23  -7
21  4
21  3
23  -4
23  -6
23  -5
21  1
21  3
23  -5
24  6
22  1
24  9
22  1
23  0
25  2
22  -5
21  1
23  -1
24  3
22  -5
25  8
21  -3
23  -2
25  3
21  7
23  -3
23  -7
22  2
24  10
22  -5
23  -2
22  -5
21  1
20  10
23  -4
22  -3
22  4
21  0
23  3
24  7
22  3
25  5
22  -1
22  -5
23  -2
22  0
23  -5
22  3
23  -4
23  -1
23  0
22  1
20  8
22  0
24  3
24  2
25  4
20  4
23  3
23  0
21  -3
20  3
24  1
24  3
23  3
22  2
22  4
23  -6
20  6
24  10
22  -1
21  6
23  -6
22  1
23  -7
23  2
22  -3
22  4
23  -4
21  -3
24  2
21  4
22  2
22  4
22  -4
25  10
21  -3
21  0
22  -2
20  4
24  0
22  -4
22  -3
22  -2
20  6
19  -5
21  4
22  5
23  -1
25  2
21  5
23  -1
21  0
26  0
22  3
22  -4
22  1
24  2
23  -7
23  -4
24  9
21  5
22  3
22  3
21  3
22  2
21  4
23  -4
21  5
23  -3
23  2
24  6
23  2
23  -5
23  -2
25  7
25  4
22  3
25  10
22  0
24  6
24  5
24  6
22  -1
23  2
21  5
22  -5
23  -5
21  -3
21  -1
23  -4
22  -2
22  -4
22  4
23  -6
23  -5
24  0
23  0
24  10
23  1
22  2
23  -2
23  -5
22  -5
22  -1
20  7
22  1
23  -5
24  10
20  11
21  4
23  0
25  10
22  -3
25  5
23  -7
22  -4
23  1
24  9
25  12
22  1
22  -1
21  6
22  -5
23  -4
22  1
27  -10
24  6
25  8
22  -5
21  -1
24  0
22  0
22  -1
22  -4
22  0
20  11
19  -8
22  4
22  2
22  1
22  -4
21  6
21  4
21  3
19  0
25  9
23  -7
22  -3
21  5
22  -5
23  -1
22  -3
23  2
23  -4
23  -6
23  -3
22  5
23  -5
21  -2
22  4
23  -3
22  -5
21  2
23  1
22  -5
23  2
24  10
21  -1
22  -3
21  -1
23  -6
22  5
21  -3
21  4
21  7
23  2
22  -4
23  -7
24  4
22  2
24  6
22  1
22  -5
23  -1
23  -4
21  3
24  10
24  6
21  6
23  -5
23  -2
21  -1
23  3
24  3
21  -2
19  -5
21  0
22  2
22  -2
22  4
23  -2
24  1
21  4
20  8
22  1
20  10
22  5
21  4
21  7
23  1
23  0
23  -2
23  1
22  -3
24  6
24  9
21  6
22  5
21  0
20  3
22  1
20  1
23  -7
26  6
23  1
21  3
22  -1
25  9
22  -2
20  3
23  1
23  2
21  3
24  10
21  -3
22  -2
21  -2
26  2
22  5
23  3
21  0
21  -2
22  -2
24  10
22  3
21  7
23  3
22  -5
21  0
21  6
22  -4
20  11
20  1
23  -6
24  9
24  1
24  9
23  1
21  5
22  -1
23  2
24  1
22  0
24  3
23  -7
22  0
22  -5
23  3
22  -4
22  1
24  0
22  -3
20  8
24  8
24  6
21  -1
20  10
22  4
23  -5
22  -3
22  3
23  3
22  -4
23  -1
23  -7
24  2
24  3
20  3
22  3
22  -2
22  -5
21  0
24  3
21  2
24  3
23  -1
22  -1
23  -6
26  6
20  1
23  -1
22  2
21  -2
19  -2
24  1
22  4
23  1
21  1
22  -5
21  6
22  2
23  3
23  2
23  1
25  10
20  7
20  8
22  2
22  -1
21  -2
23  0
23  -7
22  2
25  10
23  -1
23  -2
21  6
21  2
22  -5
21  -2
22  -2
20  6
24  6
22  0
23  1
22  1
22  -2
22  5
22  3
23  -3
22  3
23  -6
23  -1
22  -5
21  0
22  -4
20  8
24  9
23  3
22  -1
23  0
21  3
23  -5
21  2
22  -4
23  -4
22  5
21  0
21  4
22  -4
21  7
25  9
20  8
22  1
22  -3
23  -6
21  3
23  -3
22  3
24  2
23  -4
22  3
22  0
22  3
24  8
22  -2
21  4
24  1
23  -4
22  -5
20  9
22  1
21  2
24  4
22  -5
23  -3
23  -7
22  4
22  -2
23  -7
25  10
23  -6
22  0
22  1
20  7
23  -1
20  10
23  1
21  -3
23  -4
22  4
22  2
24  10
22  3
22  -3
22  -4
23  -4
23  -1
24  5
22  -2
26  5
22  1
19  -2
23  3
20  3
23  -2
23  -2
23  2
22  -5
23  1
22  -1
24  5
25  9
23  2
21  1
22  -1
21  3
19  -6
22  4
22  5
22  -1
25  3
24  8
22  5
21  1
24  5
22  -4
22  -5
22  3
22  -1
20  11
23  -7
21  0
25  7
23  0
22  4
23  3
21  1
21  5
24  5
24  9
25  9
22  -3
22  -3
21  3
21  -2
24  2
23  -4
24  4
24  2
22  -4
23  -4
23  -1
24  8
22  0
23  3
23  1
23  2
23  -5
21  -1
22  5
22  -4
24  2
22  -4
24  0
22  -2
22  4
23  1
23  -3
24  1
22  -2
23  -2
22  -4
22  -1
24  1
20  3
24  1
23  -5
21  -3
20  6
22  3
23  0
23  -1
22  -5
25  2
22  -2
21  0
23  -2
23  -4
22  -1
23  -1
24  6
23  -2
22  3
23  2
22  2
24  0
24  4
24  10
23  3
21  5
19  -3
24  6
23  -3
25  2
23  -3
22  -4
22  -3
23  0
23  2
21  0
21  2
24  2
20  4
21  3
21  5
24  8
21  5
22  3
21  -2
23  -2
24  5
24  8
22  3
23  2
23  1
22  -3
22  -3
22  3
25  11
21  -3
23  -5
23  0
21  1
24  7
19  -6
22  -3
25  3
24  6
21  -1
21  -1
23  -7
20  7
21  1
21  -1
22  5
23  -4
22  2
21  1
21  1
22  0
22  4
22  1
22  5
21  -2
22  -4
19  2
21  7
23  -7
21  1
21  7
24  2
20  4
22  -5
22  4
24  2
23  0
23  -3
22  -3
24  8
21  7
25  8
21  3
21  -2
21  0
22  2
22  3
21  7
23  0
23  -4
22  1
24  8
21  4
23  -4
22  5
21  -1
20  5
24  6
22  -5
20  11
21  -2
22  2
24  3
21  3
20  3
21  -3
21  5
21  1
23  0
23  -7
25  10
22  -2
24  5
22  -1
20  8
23  -4
25  12
23  -6
22  -2
22  -2
24  10
21  6
23  -4
23  0
20  5
23  2
23  -7
22  0
23  -2
21  6
22  -3
22  0
24  2
19  1
22  5
21  4
21  1
23  -4
23  -1
22  -5
23  0
24  0
25  9
25  4
22  0
23  0
22  4
22  3
24  6
22  -1
22  -1
22  3
23  3
23  2
23  -5
22  -2
24  6
23  -5
20  6
23  -6
24  10
19  1
21  -1
24  4
22  -5
21  -3
22  2
22  3
22  -5
24  1
22  5
24  2
21  -2
22  3
24  2
22  -4
22  -4
23  1
22  -3
21  0
24  0
22  4
20  2
22  3
22  4
24  7
21  1
23  -1
23  3
22  4
23  -3
22  -5
23  -6
23  0
21  3
24  0
21  -3
20  5
22  4
24  7
23  -4
22  -2
22  3
26  0
22  0
23  -4
21  1
21  -2
22  -5
21  -3
22  -5
23  -4
24  1
21  3
21  -1
23  -5
21  2
21  6
21  -3
19  2
23  -7
24  1
22  -3
23  3
24  5
24  5
23  2
22  4
20  5
22  4
22  2
23  -6
25  4
23  2
22  -2
21  -1
22  2
22  -4
21  -1
21  -1
21  5
22  -5
22  3
22  -3
24  2
24  2
23  -4
22  3
21  -3
23  1
22  1
23  -1
24  0
24  4
22  1
22  5
23  1
22  -2
19  -2
22  2
21  -3
21  -1
24  10
20  9
21  6
23  -2
22  5
24  8
25  7
19  -7
25  7
22  5
23  3
21  -1
23  -4
24  5
21  1
22  1
21  2
23  -3
22  5
21  1
22  -1
22  -2
22  5
24  7
21  3
22  -3
23  -1
22  5
