13  -1
18  -6
15  -6
16  1
15  -9
16  4
15  -7
12  2
15  -8
16  3
16  1
14  7
16  2
14  7
14  1
14  6
17  -6
16  3
15  -9
15  -2
13  0
15  -4
14  8
13  -1
15  -2
14  7
15  -6
15  -2
13  -1
15  -7
15  -5
15  -8
15  -6
16  5
17  -9
15  -3
14  8
16  1
16  0
15  -7
15  -8
14  4
16  3
17  -10
13  -5
16  7
18  -4
15  -5
14  1
16  6
14  8
14  3
14  6
15  -1
15  -4
16  3
17  -10
15  -7
16  6
14  0
16  6
16  1
15  -3
15  -4
16  6
18  -10
17  -4
16  3
16  5
14  6
13  -8
14  8
13  -1
16  4
16  5
15  -8
15  -6
14  1
13  0
13  -3
14  2
15  -9
15  -7
17  -2
14  1
14  4
16  3
15  -6
17  -6
19  5
14  1
14  2
16  6
14  6
16  4
15  -6
15  -7
16  8
17  -9
14  0
15  -9
15  -8
16  5
15  -1
15  -2
16  6
14  3
17  -2
13  -1
15  -7
14  4
13  -4
14  3
14  3
13  -2
14  1
16  6
13  -5
16  0
13  -6
16  1
15  -4
15  -2
15  -4
15  -5
17  -8
17  -3
16  7
15  -1
15  -4
16  6
15  -3
13  0
17  -3
15  -8
15  -6
16  4
16  5
19  5
16  3
13  -6
15  -4
17  -7
15  -2
15  -5
13  -5
14  3
14  2
15  -3
15  -1
18  -5
15  -2
15  -8
12  -2
16  3
14  5
15  -7
15  -3
14  4
15  -5
14  8
15  -4
14  3
15  -1
14  0
15  -2
13  -8
14  6
15  -2
17  -9
14  1
16  6
16  6
13  0
13  -4
15  -5
17  -7
13  -2
15  -3
14  8
15  -3
15  -8
15  -1
16  2
17  -6
17  -3
15  -3
14  3
16  1
15  -3
13  -4
16  2
13  -8
16  8
15  -9
16  5
16  3
14  2
15  -2
15  -2
18  -6
15  -2
15  -3
17  -7
16  4
13  0
16  4
15  -6
13  -5
15  -3
16  8
16  5
13  -3
15  -8
15  -8
13  -2
15  -9
15  -7
16  2
13  0
16  0
15  -6
14  8
14  3
15  -3
15  -5
14  4
15  -2
16  2
12  -3
15  -3
14  7
14  6
15  -1
15  -6
14  6
16  5
15  -3
14  7
16  0
13  -2
15  -9
17  -4
16  1
14  1
13  -8
16  2
13  -7
14  4
15  -4
15  -9
17  -10
16  3
15  -2
15  -1
13  -7
15  -6
18  -7
15  -7
13  -5
17  -3
13  -8
15  -3
15  -2
14  6
15  -3
16  3
16  8
17  -9
14  6
18  -4
13  -6
16  4
15  -5
15  -5
13  -6
15  -2
15  -9
16  3
16  2
12  -3
14  3
13  -7
14  4
16  6
17  -7
15  -8
13  -5
13  -5
16  1
13  -2
14  1
13  -3
14  4
15  -9
15  -3
15  -3
14  8
16  3
16  6
13  -1
13  -1
14  1
13  -8
14  0
18  -4
15  -5
15  -3
14  1
14  6
16  3
18  -5
15  -2
13  -2
15  -6
10  6
17  -10
14  4
14  5
15  -4
15  -9
14  4
15  -5
13  -4
15  -1
15  -7
14  7
18  -6
16  6
14  2
15  -6
18  -10
16  5
15  -3
14  3
14  0
16  6
13  -8
16  8
13  -3
15  -8
17  -7
14  4
18  -5
15  -6
16  0
14  1
14  4
13  0
16  0
17  -5
16  5
14  7
14  7
16  6
16  6
16  4
11  -1
14  0
15  -3
14  2
14  8
13  -3
15  -8
16  1
16  1
16  5
13  -2
14  2
17  -6
14  0
16  8
14  2
15  -4
11  -2
15  -4
15  -9
14  0
15  -4
13  -4
13  -4
15  -3
15  -9
16  3
12  -5
15  -5
15  -4
16  2
17  -7
12  -2
18  -7
16  5
15  -1
15  -6
14  7
11  -6
14  7
13  -7
12  -1
14  1
16  1
13  -4
15  -2
13  -5
15  -5
15  -7
16  4
13  -4
15  -7
15  -5
14  7
14  7
18  -6
14  0
15  -3
13  -2
16  1
19  6
14  6
16  2
13  -5
16  5
14  3
12  -4
14  4
16  5
15  -2
13  -4
14  5
15  -7
14  3
14  8
15  -8
15  -6
12  -6
15  -4
13  -1
15  -6
16  5
14  1
13  -4
13  -7
15  -2
15  -6
16  1
16  7
16  0
15  -9
17  -7
16  3
14  8
14  2
17  -10
14  1
12  1
14  7
17  -2
16  0
15  -1
16  2
16  5
16  6
15  -9
17  -10
14  7
14  6
14  3
15  -5
17  -8
14  6
13  0
16  4
16  5
17  -6
15  -3
14  8
15  -8
18  -7
17  -5
14  8
17  -6
14  8
15  -9
13  -1
12  -1
14  0
15  -7
14  8
15  -6
13  -4
15  -9
15  -9
14  3
16  0
16  3
17  -7
16  6
13  -7
13  -1
15  -6
16  0
13  -8
13  -4
15  -3
16  1
15  -7
15  -8
14  0
14  3
16  4
16  3
16  5
15  -7
15  -4
14  5
16  2
15  -2
17  -9
15  -9
12  -6
16  8
15  -5
16  3
14  1
14  0
15  -8
13  -3
16  1
14  5
14  4
15  -3
16  4
16  0
13  -8
14  1
14  4
15  -2
15  -7
14  5
14  4
16  7
16  6
15  -1
13  -7
15  -6
15  -8
16  4
15  -8
15  -5
16  2
14  2
13  -2
15  -7
16  8
14  7
16  0
16  8
16  1
15  -3
12  0
16  1
13  -2
16  8
16  0
15  -1
17  -5
17  -3
15  -3
16  8
17  -7
15  -6
17  -8
14  5
14  5
16  6
16  6
14  5
14  3
14  7
18  -11
17  -6
18  -3
14  3
17  -4
16  7
16  3
14  3
14  1
15  -4
15  -4
16  8
13  -8
13  -4
14  7
15  -5
13  -1
14  6
15  -9
13  -1
15  -3
15  -6
17  -9
15  -5
15  -7
14  3
15  -8
17  -8
16  0
14  5
16  8
15  -1
15  -9
16  5
16  7
16  2
16  0
14  7
15  -1
14  0
13  -1
15  -1
15  -7
17  -5
15  -2
15  -4
15  -2
15  -9
16  0
15  -9
16  8
13  -4
17  -5
17  -4
15  -5
14  5
14  0
14  7
13  -7
12  -4
15  -4
17  -2
13  -2
14  3
14  4
14  2
16  3
15  -8
15  -2
15  -4
17  -9
16  2
15  -9
17  -7
16  2
17  -4
15  -4
16  7
14  1
18  -5
15  -2
12  -6
13  -7
15  -6
15  -8
17  -10
15  -7
14  7
16  3
14  2
12  -5
15  -4
15  -8
13  0
14  4
15  -5
14  3
15  -8
13  -5
15  -7
18  -6
15  -3
15  -2
15  -7
14  4
15  -7
17  -8
13  -5
16  2
15  -3
15  -8
14  8
15  -4
15  -5
14  5
15  -5
14  1
12  -1
14  2
15  -7
14  4
14  4
15  -8
15  -1
15  -4
13  -6
14  3
14  7
14  3
16  4
14  2
15  -6
15  -5
15  -8
15  -6
16  3
15  -1
14  2
14  7
15  -2
15  -7
16  6
15  -2
13  -2
16  5
15  -1
14  3
14  7
14  3
17  -6
16  7
13  -6
16  4
13  -3
15  -1
16  1
14  1
15  -4
14  4
14  8
14  5
15  -4
14  8
16  7
16  3
12  -6
15  -4
16  0
13  0
12  -3
16  6
15  -7
14  2
14  5
17  -9
16  6
15  -4
14  0
17  -2
14  4
14  6
16  4
16  1
12  -3
16  2
15  -7
13  0
16  3
17  -5
15  -9
15  -1
15  -9
15  -2
16  3
16  4
12  -3
14  6
17  -6
16  4
15  -1
15  -9
14  5
13  -5
15  -9
16  7
16  6
17  -8
15  -2
15  -6
14  2
16  4
13  -8
14  5
12  -5
15  -5
14  4
14  8
15  -2
15  -9
13  -6
14  5
14  2
17  -9
17  -6
18  -10
15  -4
12  0
13  -1
18  -4
15  -9
15  -3
13  -8
15  -2
12  2
17  -2
17  -3
16  6
17  -5
15  -5
15  -1
12  2
16  1
13  0
13  -2
15  -3
15  -4
14  7
15  -7
15  -4
14  3
14  3
15  -9
15  -6
13  -6
15  -7
13  -2
16  4
14  7
14  2
16  7
16  2
13  -8
15  -7
17  -3
13  -6
14  1
13  -6
15  -1
14  6
15  -9
17  -4
12  1
16  8
16  6
16  3
17  -9
16  0
15  -4
18  -4
18  -8
15  -7
14  7
14  8
15  -7
12  -6
15  -5
14  4
17  -3
15  -2
15  -6
17  -6
14  7
14  8
14  6
15  -7
15  -2
15  -4
18  -5
12  -3
16  6
16  4
15  -1
17  -6
14  7
14  2
16  7
17  -9
13  -8
14  5
14  1
15  -7
15  -2
14  4
14  7
14  2
15  -3
15  -4
15  -1
13  -7
14  8
15  -7
14  6
16  0
15  -1
14  8
13  -4
13  -4
14  0
17  -3
14  2
15  -5
15  -5
15  -8
13  0
12  0
15  -7
13  -8
16  4
16  5
16  8
13  -7
15  -4
15  -5
15  -7
14  1
16  4
17  -4
13  -1
16  2
17  -10
18  -10
14  3
16  6
15  -2
16  8
15  -6
17  -2
13  -8
16  0
13  -4
14  5
12  -5
17  -8
13  -5
14  7
14  1
16  8
15  -6
17  -10
15  -4
15  -1
16  8
14  8
15  -1
15  -9
14  5
17  -4
16  7
14  3
16  5
15  -2
15  -2
13  -2
14  8
12  -6
14  5
15  -4
13  -2
16  5
16  7
16  6
18  -11
18  -11
15  -1
15  -1
14  7
16  2
16  6
15  -2
13  0
14  3
16  4
15  -7
15  -5
14  6
15  -5
16  8
13  -2
15  -7
15  -4
16  3
12  -4
14  1
15  -2
16  8
14  3
15  -5
14  0
14  1
14  4
15  -5
