13  8
8  0
11  5
11  5
11  6
14  6
9  -3
9  -3
8  1
13  7
9  -4
10  4
11  6
11  6
14  6
10  4
12  2
13  8
11  6
12  1
12  1
8  0
10  3
12  2
12  1
8  1
13  7
13  7
9  -2
8  1
9  -4
10  4
11  6
10  3
11  4
12  2
9  -3
13  8
14  5
9  -2
13  6
12  3
11  4
9  -3
9  -4
12  2
12  3
12  3
12  1
11  5
12  3
12  1
13  7
15  3
10  4
16  -6
12  2
13  7
11  6
14  7
12  2
13  8
10  4
10  5
11  6
14  7
11  6
13  8
12  2
12  1
9  -3
12  2
10  3
11  4
10  4
10  3
13  8
11  6
11  4
11  6
13  6
11  4
10  3
12  3
11  5
12  1
14  5
9  -2
15  3
9  -4
12  1
12  3
10  3
10  3
12  2
9  -2
13  6
9  -3
12  1
12  1
11  6
13  8
13  6
10  5
11  4
14  7
11  5
14  5
11  6
9  -3
13  6
12  2
10  4
13  8
13  7
10  4
10  5
10  5
12  2
10  5
9  -4
11  6
14  7
12  1
13  6
11  4
13  6
9  -2
13  7
9  -3
9  -4
13  7
13  7
15  2
9  -2
10  3
10  4
9  -4
11  6
13  6
9  -3
15  3
11  4
11  5
13  6
7  5
14  6
11  4
11  6
15  3
15  3
11  5
9  -3
11  6
10  3
11  4
11  5
14  5
12  1
14  7
10  5
12  3
9  -4
9  -4
12  2
13  7
10  3
11  6
15  4
10  3
10  4
13  6
12  1
13  7
12  3
15  2
12  3
9  -4
12  1
14  7
13  6
12  1
11  6
12  1
11  4
12  3
11  6
11  4
14  7
10  4
11  5
9  -3
12  1
13  7
8  -1
11  5
12  3
8  -1
13  8
10  3
12  3
9  -2
8  0
13  8
12  1
11  5
10  5
12  1
10  5
10  4
13  7
13  8
9  -3
11  5
15  4
12  1
12  3
10  3
10  4
11  5
15  3
12  1
16  -7
13  6
12  1
11  5
16  -8
11  6
11  6
9  -3
5  3
13  7
11  4
10  5
10  5
14  6
10  5
8  1
9  -3
12  2
12  1
11  5
11  6
13  6
15  2
10  4
12  2
14  7
15  3
13  6
12  3
9  -2
12  3
10  5
12  1
12  2
12  3
10  3
11  4
9  -2
13  8
12  1
9  -3
14  6
13  7
8  -1
13  7
11  6
8  1
12  2
12  1
11  4
11  4
8  1
15  3
12  2
10  3
9  -2
12  3
12  1
14  7
13  8
12  1
11  4
11  4
10  4
10  3
11  5
9  -3
13  7
12  2
11  5
8  0
10  3
11  6
11  6
12  3
11  6
9  -2
9  -3
15  2
13  6
13  6
10  5
9  -4
11  6
11  5
8  -1
11  6
10  4
11  4
12  1
14  6
11  6
11  6
13  8
12  3
12  2
12  1
9  -3
14  5
14  5
13  7
10  5
13  7
10  4
11  6
7  5
13  7
12  3
8  1
14  5
11  4
12  3
12  3
11  5
11  4
11  5
10  4
13  6
12  3
11  6
11  4
9  -3
13  7
12  2
15  2
12  1
12  1
12  2
10  3
12  1
12  1
10  5
11  6
12  3
13  7
13  8
11  6
11  6
11  4
12  3
11  6
10  3
11  6
11  6
13  8
10  5
10  3
10  5
10  5
10  5
10  3
14  6
13  6
13  7
10  4
13  7
9  -4
7  4
8  1
13  8
15  2
13  7
10  4
14  5
13  8
11  6
11  5
13  8
14  5
11  4
12  1
11  6
9  -3
12  2
9  -2
13  6
11  5
9  -4
10  3
11  5
11  4
11  6
14  5
10  5
8  0
13  7
12  1
12  1
10  3
15  2
13  6
13  6
10  5
13  7
15  4
12  1
13  8
12  1
9  -3
11  4
11  4
10  5
10  3
13  8
12  1
16  -7
12  1
14  7
13  8
9  -3
10  4
10  3
11  6
12  1
13  8
9  -4
10  3
10  4
12  3
5  2
13  6
13  8
11  4
13  8
10  3
11  4
10  5
14  5
13  7
11  5
9  -3
10  3
11  5
12  2
14  7
15  2
12  1
12  1
12  1
8  0
12  2
11  6
14  7
13  7
11  6
11  5
12  1
10  3
9  -4
11  6
11  5
12  2
12  1
14  5
12  3
9  -4
11  5
12  3
10  3
13  8
10  4
14  5
11  4
11  4
11  6
11  6
11  5
13  7
9  -4
13  6
13  7
12  1
12  3
13  6
13  7
12  3
10  3
12  1
11  6
12  2
15  2
15  4
11  4
14  6
12  3
9  -2
11  5
10  3
10  4
9  -2
13  7
11  6
9  -2
13  7
10  4
9  -3
11  6
11  4
13  7
13  8
14  5
11  6
12  2
11  5
11  6
13  7
12  1
12  1
10  3
8  -1
8  0
9  -4
13  8
13  8
10  3
10  5
10  5
10  4
11  6
13  8
12  3
14  7
11  5
13  6
10  4
8  -1
10  4
15  4
11  5
13  8
12  2
13  6
10  3
14  6
17  -6
9  -3
12  3
12  2
13  7
11  5
10  3
13  7
10  3
13  7
10  3
12  2
11  5
12  2
14  7
13  6
12  1
12  3
10  5
13  6
8  0
10  4
14  7
13  8
8  0
13  6
10  4
16  -8
11  5
11  6
11  6
11  4
9  -3
13  6
9  -4
9  -2
9  -4
11  5
13  8
11  5
8  0
14  7
8  0
10  5
13  7
8  0
12  1
14  5
14  5
10  4
10  4
9  -3
11  6
14  5
13  8
10  5
10  5
12  1
13  8
12  2
12  1
13  7
9  -3
12  3
11  6
13  6
12  2
12  2
12  1
12  3
12  3
13  7
14  5
13  8
11  6
14  6
10  4
14  6
11  5
13  6
12  2
9  -2
13  8
15  3
12  3
14  5
11  6
14  6
10  5
9  -4
10  5
11  6
13  7
14  6
10  3
14  7
12  2
10  3
11  4
11  6
12  1
12  2
13  6
12  1
13  7
11  5
13  8
10  4
14  7
11  4
12  3
12  2
12  2
12  1
10  5
10  5
12  1
11  5
11  6
11  5
11  4
13  8
14  7
10  4
12  3
12  3
12  2
11  4
13  6
9  -2
14  6
10  5
10  3
10  4
10  4
9  -4
12  2
13  8
11  4
10  5
12  2
11  4
14  5
13  6
13  8
12  2
13  8
7  4
9  -4
12  2
12  3
9  -3
12  1
8  -1
10  4
10  3
9  -2
11  6
10  5
12  2
7  4
11  4
10  4
11  4
9  -2
13  8
16  -6
10  4
12  2
10  3
12  2
11  6
8  0
10  4
8  1
10  4
13  6
11  5
10  4
12  2
9  -4
12  1
10  3
14  5
11  6
10  3
12  2
13  7
12  3
11  4
13  8
13  6
14  6
11  5
12  2
15  4
13  6
10  4
8  1
17  -7
11  6
8  0
13  8
10  5
11  6
8  1
10  4
10  3
12  1
11  4
11  5
8  0
10  4
10  4
11  4
14  5
9  -4
11  5
9  -4
11  6
11  6
12  1
13  7
13  8
13  6
12  1
9  -2
12  3
10  5
10  4
12  2
11  4
9  -2
13  8
14  6
11  5
13  6
14  6
13  7
8  -1
11  6
9  -3
14  7
8  1
14  6
11  4
12  1
13  6
12  3
12  3
8  -1
11  4
14  6
11  4
10  5
13  7
12  2
9  -3
8  1
13  7
11  5
10  3
13  8
10  4
10  5
10  5
13  6
13  8
11  5
10  4
16  -7
9  -3
11  5
9  -2
13  7
12  2
11  4
11  6
12  1
7  5
13  8
9  -4
14  7
10  5
13  6
11  5
11  5
11  4
15  2
14  7
12  3
8  -1
12  3
12  3
14  5
11  6
12  1
9  -4
12  2
11  4
11  5
9  -2
12  2
13  6
16  -8
15  4
11  5
11  5
9  -4
8  1
10  4
11  5
10  5
14  6
12  3
13  7
16  -7
15  4
10  3
12  2
13  8
13  7
8  1
10  5
16  -6
13  8
12  3
12  2
7  3
10  4
11  5
10  3
10  4
8  -1
13  8
13  7
11  5
10  5
11  6
14  5
11  6
10  5
13  6
12  1
9  -3
12  1
14  7
9  -4
13  8
9  -4
8  1
12  1
13  6
12  3
12  2
11  6
14  7
14  7
9  -2
12  3
10  3
10  3
10  5
9  -2
14  5
9  -4
9  -2
9  -2
9  -4
12  2
13  7
10  3
9  -4
10  5
12  1
13  7
8  1
9  -4
13  8
11  4
8  0
11  6
11  5
14  7
9  -2
12  2
12  1
12  1
13  7
12  1
13  8
11  6
9  -3
8  1
10  3
14  7
7  4
8  -1
11  5
9  -3
13  7
10  4
14  7
11  4
12  3
12  1
12  3
13  7
13  6
11  6
9  -2
16  -6
11  6
10  3
12  3
12  1
15  4
9  -4
11  5
13  8
13  6
11  4
11  5
9  -4
15  3
10  3
13  6
9  -4
10  4
14  5
11  6
13  8
9  -2
11  6
14  5
12  2
12  1
8  -1
11  6
10  5
14  5
13  8
12  2
11  4
