9  7
10  -5
9  4
10  -3
9  8
9  5
9  4
9  5
10  -7
11  -5
10  -5
9  4
10  -6
10  -4
10  -7
9  5
10  -9
10  -8
9  4
10  -6
10  -6
10  -8
11  -4
10  -4
10  -9
9  6
9  8
9  7
9  6
10  -3
9  9
10  -5
10  -7
11  -4
10  -4
11  -1
10  -3
10  -5
9  10
10  -8
10  -6
10  -9
9  4
11  -6
10  -6
11  -4
9  7
11  -3
9  6
12  -3
9  6
10  -5
10  -6
10  -3
9  6
10  -5
10  -9
10  -7
10  -9
9  4
11  -6
10  -4
9  4
10  -5
11  -3
12  -8
10  -7
10  -3
9  7
9  6
10  -7
11  -6
11  -5
9  9
11  -2
9  10
10  -6
11  -4
10  -6
10  -6
10  -9
11  -5
10  -9
10  -4
9  4
9  8
10  -9
9  4
9  6
11  -2
10  -4
10  -8
11  -7
10  -4
11  -7
10  -9
10  -4
10  -7
9  10
10  -5
9  4
10  -9
10  -3
10  -8
9  8
10  -6
11  -6
9  10
11  -3
11  -3
10  -7
10  -7
10  -6
11  -3
11  -6
10  -5
9  5
9  8
9  4
9  10
10  -5
10  -3
10  -7
11  -3
10  -7
9  9
10  -9
9  9
9  7
10  -7
9  4
10  -5
10  -3
11  -4
10  -4
10  -7
10  -9
11  -2
11  -6
11  -3
11  -6
11  -7
10  -5
10  -9
9  4
10  -3
11  -3
10  -6
10  -6
9  9
10  -7
10  -7
10  -8
10  -9
10  -8
9  5
9  8
11  -6
10  -3
10  -9
9  10
10  -9
10  -3
10  -5
11  -3
11  -1
9  7
11  -1
12  -2
9  5
11  -6
9  9
10  -3
10  -9
10  -9
10  -9
11  -1
9  4
10  -7
10  -7
9  10
9  9
10  -8
10  -4
10  -3
10  -8
10  -6
10  -6
11  -6
9  8
12  -3
10  -8
11  -4
10  -3
10  -6
10  -3
10  -6
9  5
10  -8
9  4
10  -6
9  6
9  7
9  6
9  9
10  -4
9  9
9  7
10  -7
11  -2
11  -1
10  -4
9  6
10  -9
10  -4
10  -7
9  10
10  -3
9  9
10  -5
10  -6
9  10
9  5
9  8
10  -6
11  -7
9  6
9  10
10  -5
10  -8
10  -8
11  -4
10  -7
11  -7
9  5
9  5
10  -5
11  -5
11  -7
9  6
11  -2
10  -5
9  8
9  5
9  7
10  -8
9  9
9  6
10  -3
10  -9
9  5
10  -5
11  -6
9  9
11  -1
10  -9
10  -7
9  9
11  -5
10  -5
9  4
9  8
9  4
10  -5
11  -6
12  -5
11  -7
10  -7
10  -3
9  10
10  -8
9  7
10  -3
11  -1
10  -9
10  -9
10  -9
9  9
9  6
11  -2
10  -9
9  8
10  -5
9  7
10  -8
9  7
11  -6
10  -4
10  -3
10  -5
9  10
10  -9
11  -5
9  7
10  -9
9  5
10  -9
11  -4
10  -6
10  -3
9  4
9  7
9  5
10  -4
10  -8
9  9
10  -9
9  5
11  -4
10  -8
10  -6
10  -8
11  -4
10  -7
10  -7
10  -4
10  -5
9  9
10  -6
9  7
9  7
10  -7
10  -3
10  -9
9  6
9  4
10  -5
10  -5
11  -4
9  4
9  9
11  -4
10  -3
10  -4
9  9
10  -8
11  -5
10  -4
9  4
9  6
11  -4
10  -5
9  10
10  -5
10  -9
10  -7
10  -5
12  -4
11  -7
9  4
10  -5
10  -8
10  -7
9  5
10  -3
9  8
10  -3
10  -7
9  4
11  -7
10  -7
11  -6
12  -5
11  -3
10  -7
10  -8
9  10
11  -7
10  -3
11  -3
10  -8
10  -8
9  5
9  6
9  7
10  -7
10  -7
9  10
10  -4
10  -7
10  -5
11  -2
10  -6
9  4
11  -6
10  -3
10  -4
11  -4
11  -1
10  -3
10  -7
10  -3
11  -2
10  -5
11  -5
9  5
9  8
11  -6
10  -8
11  -4
10  -3
10  -5
10  -8
10  -3
9  10
10  -7
11  -3
10  -3
9  4
10  -8
9  5
9  9
10  -9
10  -4
10  -8
11  -5
9  8
10  -3
9  8
10  -3
10  -5
12  -8
11  -5
10  -4
9  7
11  -6
10  -4
10  -3
10  -8
10  -6
11  -4
11  -7
11  -6
9  4
10  -6
9  5
10  -6
10  -3
10  -9
10  -7
9  10
11  -6
11  -7
10  -4
12  -6
10  -8
10  -4
10  -8
10  -7
10  -4
10  -4
9  4
9  10
9  9
10  -5
10  -9
9  9
10  -8
10  -4
9  8
12  -8
10  -5
11  -6
11  -1
9  9
10  -6
10  -4
10  -6
10  -9
11  -5
9  4
11  -3
9  10
10  -4
9  5
10  -3
10  -7
11  -5
10  -5
10  -3
10  -3
9  6
9  4
10  -8
9  10
11  -4
10  -6
10  -8
10  -3
11  -5
9  10
9  8
11  -5
10  -6
10  -8
10  -3
9  8
9  5
10  -6
10  -9
10  -9
11  -1
10  -6
10  -7
12  -3
10  -5
10  -9
10  -3
9  9
9  6
10  -7
10  -7
10  -6
10  -6
10  -7
10  -4
11  -2
10  -4
11  -1
9  7
10  -6
10  -3
10  -9
9  7
12  -3
9  7
10  -4
9  9
9  10
10  -3
10  -5
9  7
11  -5
10  -6
11  -1
10  -7
11  -5
10  -5
11  -1
10  -9
10  -9
9  5
11  -6
10  -4
10  -3
10  -6
10  -4
10  -7
11  -4
10  -4
10  -7
11  -7
10  -7
10  -3
9  8
9  9
9  7
11  -1
10  -9
10  -7
9  10
9  7
10  -3
9  9
10  -3
10  -9
11  -2
10  -7
9  6
10  -9
10  -9
9  5
11  -7
9  4
10  -9
11  -3
10  -8
10  -4
12  -8
10  -6
10  -9
10  -5
9  4
10  -8
9  9
9  6
10  -7
11  -7
9  5
10  -3
10  -8
10  -9
11  -4
9  5
11  -1
12  -4
10  -5
10  -7
10  -9
11  -1
10  -4
9  4
10  -9
10  -9
10  -4
9  5
10  -9
11  -5
10  -7
10  -6
9  8
10  -4
11  -7
9  10
9  7
10  -3
10  -7
9  8
9  4
9  6
10  -3
9  9
9  9
10  -3
9  10
10  -9
10  -4
10  -8
10  -7
10  -5
11  -7
10  -4
10  -7
10  -6
9  6
11  -7
9  6
9  6
10  -5
9  10
10  -8
9  4
11  -7
10  -6
11  -6
9  6
10  -9
10  -7
10  -4
9  4
9  10
9  6
9  10
10  -5
10  -9
10  -9
9  8
9  9
9  9
10  -8
9  7
10  -7
10  -8
11  -1
11  -6
11  -5
11  -6
12  -5
10  -7
10  -4
10  -3
9  4
10  -5
10  -6
9  9
9  7
11  -1
10  -3
11  -5
10  -6
10  -8
10  -3
9  8
10  -8
9  5
10  -8
10  -6
12  -6
9  5
10  -5
9  9
9  10
9  6
11  -2
9  8
9  9
9  6
10  -7
10  -5
11  -6
9  9
10  -5
11  -6
11  -4
10  -4
10  -9
10  -5
9  8
10  -4
10  -6
9  10
10  -5
10  -6
9  6
11  -2
10  -4
11  -4
10  -8
10  -5
10  -9
10  -5
9  5
10  -7
10  -4
9  8
9  7
9  7
11  -3
10  -6
10  -5
10  -8
11  -7
10  -9
11  -3
9  7
9  9
9  7
10  -5
10  -3
9  4
10  -5
10  -8
10  -6
11  -5
11  -1
10  -5
10  -5
11  -7
10  -7
10  -8
9  6
9  9
10  -3
9  4
10  -4
10  -5
10  -3
10  -4
9  6
9  9
11  -3
9  7
12  -7
10  -3
10  -8
9  4
10  -8
11  -7
10  -8
11  -1
10  -8
9  10
10  -8
10  -9
9  5
10  -4
10  -7
10  -8
9  5
10  -4
10  -9
10  -5
10  -6
11  -3
9  6
11  -4
10  -4
9  5
11  -7
11  -1
10  -6
10  -3
10  -4
9  4
10  -6
10  -5
9  10
9  6
10  -9
9  7
9  8
10  -6
9  6
10  -5
11  -5
12  -4
10  -7
11  -5
10  -7
10  -9
11  -4
11  -6
10  -9
10  -3
10  -3
11  -6
11  -4
12  -2
10  -7
10  -3
10  -9
10  -8
10  -3
10  -8
11  -6
11  -6
9  10
10  -9
9  9
10  -9
10  -9
9  7
10  -6
9  9
10  -4
10  -3
10  -8
10  -9
10  -7
9  8
10  -7
9  9
10  -9
10  -7
10  -3
9  9
10  -8
12  -3
11  -2
9  9
10  -7
10  -8
10  -8
10  -7
10  -5
10  -3
10  -9
10  -4
10  -9
9  4
10  -8
10  -8
9  8
11  -3
9  9
9  7
11  -7
9  9
9  10
9  6
10  -9
11  -5
9  9
10  -7
11  -2
9  6
9  4
11  -2
10  -4
10  -5
9  6
9  6
10  -3
9  4
11  -6
9  5
10  -6
10  -6
9  4
10  -6
9  6
11  -5
10  -3
9  4
11  -3
9  6
11  -5
9  7
10  -5
9  6
9  10
10  -8
9  5
10  -4
10  -4
10  -8
9  7
10  -7
10  -4
10  -9
9  9
9  10
9  5
9  9
10  -6
10  -5
12  -6
10  -3
9  7
11  -4
9  6
10  -5
10  -7
10  -9
12  -3
11  -6
9  8
10  -8
11  -3
11  -1
9  9
9  7
10  -7
10  -9
10  -5
9  5
9  4
9  4
10  -6
9  5
12  -4
10  -7
10  -9
10  -6
9  7
9  6
10  -4
9  4
9  8
9  6
10  -6
10  -3
11  -7
10  -6
10  -4
11  -4
10  -4
10  -6
10  -9
9  10
9  4
9  8
10  -6
10  -8
9  9
9  5
11  -3
10  -5
10  -8
10  -7
10  -8
11  -2
9  10
10  -9
11  -6
10  -3
10  -4
11  -7
10  -7
10  -3
12  -3
11  -3
10  -5
10  -9
12  -6
12  -7
10  -9
11  -1
10  -8
11  -3
11  -1
10  -7
11  -2
10  -5
10  -5
11  -1
11  -5
9  4
9  4
10  -3
