1  4
1  3
1  3
1  4
1  2
1  3
1  4
1  4
1  2
1  4
1  3
1  3
1  2
1  4
1  3
1  4
1  3
1  2
1  3
1  2
1  2
1  2
1  2
1  2
1  3
1  2
1  3
1  2
1  2
1  2
1  3
1  3
1  3
1  3
1  2
1  2
1  4
1  3
1  4
1  2
1  4
1  2
1  2
1  4
1  3
1  3
1  4
1  4
1  3
1  2
1  4
1  3
1  2
1  4
1  3
1  3
1  3
1  3
1  3
1  4
1  4
1  2
1  3
1  3
1  2
1  4
1  3
1  4
1  3
1  4
1  3
1  2
1  3
1  3
1  3
1  3
1  4
1  3
1  2
2  -7
2  -5
2  -7
2  -5
2  -6
2  -5
2  -6
2  -5
2  -6
2  -6
2  -7
2  -6
2  -5
2  -6
2  -7
2  -7
2  -6
2  -7
2  -7
2  -6
2  -6
2  -5
2  -6
2  -5
2  -7
2  -5
2  -6
2  -5
2  -7
2  -7
2  -6
2  -7
2  -6
2  -5
2  -5
2  -6
2  -6
2  -7
2  -7
2  -5
2  -5
2  -7
2  -7
2  -6
2  -6
2  -6
2  -7
2  -7
2  -5
2  -5
2  -5
2  -5
2  -7
2  -7
2  -7
2  -7
2  -7
2  -7
2  -7
2  -6
2  -7
2  -6
2  -7
2  -6
2  -5
2  -6
2  -6
2  -5
2  -6
2  -5
2  -7
2  -5
2  -6
2  -7
2  -5
2  -6
2  -7
2  -6
2  -6
2  -6
2  -6
2  -6
2  -7
2  -6
2  -7
2  -5
2  -5
2  -7
2  -7
2  -5
2  -6
2  -6
2  -7
2  -7
2  -6
2  -7
2  -5
3  -5
3  -5
3  -5
3  -6
3  -6
3  -7
3  -6
3  -5
3  -5
3  -6
3  -5
3  -5
3  -5
3  -7
3  -7
3  -7
3  -6
3  -5
3  -5
3  -7
3  -5
3  -7
3  -7
3  -6
3  -5
3  -7
3  -5
3  -5
3  -5
3  -6
3  -6
3  -6
3  -7
3  -6
3  -7
3  -5
3  -6
3  -7
3  -6
3  -6
3  -6
3  -7
3  -5
3  -7
3  -5
3  -6
3  -7
3  -6
3  -5
3  -5
3  -7
3  -6
3  -6
3  -5
3  -7
3  -5
3  -5
3  -6
3  -6
3  -7
3  -5
3  -7
3  -6
3  -6
3  -5
3  -5
3  -6
3  -7
3  -7
3  -6
3  -6
3  -5
3  -7
3  -6
3  -6
3  -5
3  -7
3  -7
3  -7
3  -6
3  -7
3  -6
3  -7
3  -7
3  -7
3  -6
3  -5
3  -6
3  -7
3  -5
3  -5
3  -5
3  -5
3  -7
3  -6
3  -6
3  -6
3  -5
3  -7
3  -5
3  -5
3  -7
3  -5
3  -6
3  -7
3  -6
3  -7
3  -6
3  -7
3  -5
3  -6
3  -6
3  -5
3  -7
3  -6
3  -5
3  -7
3  -7
3  -6
3  -6
3  -6
3  -6
3  -7
3  -6
3  -5
3  -6
4  -4
4  -4
4  -5
4  -6
4  -6
4  -5
4  -4
4  -6
4  -4
4  -4
4  -5
4  -6
4  -6
4  -6
4  -6
4  -5
4  -6
4  -6
4  -6
4  -4
4  -6
4  -5
4  -6
4  -4
4  -4
4  -6
4  -6
4  -6
4  -4
4  -5
4  -6
4  -5
4  -6
4  -6
4  -4
4  -6
4  -4
4  -6
4  -6
4  -4
4  -5
4  -6
4  -6
4  -6
4  -4
4  -4
4  -5
4  -5
4  -6
4  -5
4  -6
4  -5
4  -4
4  -5
4  -5
4  -4
4  -5
4  -4
4  -5
4  -5
4  -5
4  -4
4  -6
4  -5
4  -5
4  -4
5  -3
5  -2
5  -3
5  -2
5  -1
5  -2
5  -1
5  -1
5  -3
5  -2
5  -1
5  -1
5  -1
5  -2
5  -2
5  -1
5  -1
5  -3
5  -2
5  -3
5  -1
5  -1
5  -2
5  -3
5  -2
5  -1
5  -3
5  -3
5  -3
5  -2
5  -1
5  -3
5  -3
5  -3
5  -2
5  -2
5  -2
5  -1
5  -2
5  -3
5  -3
5  -1
5  -3
5  -3
5  -1
5  -3
5  -2
5  -1
5  -2
5  -2
5  -3
5  -2
5  -2
5  -2
5  -2
5  -2
5  -1
5  -1
5  -3
5  -1
5  -2
5  -1
5  -1
5  -3
5  -2
5  -3
5  -1
5  -1
5  -2
5  -3
5  -1
5  -1
5  -2
5  -3
5  -1
5  -1
5  -3
5  -2
5  -2
5  -2
5  -1
5  -1
5  -1
5  -3
5  -2
5  -2
5  -2
5  -3
5  -2
5  -3
5  -2
5  -2
5  -3
5  -1
5  -2
5  -2
5  -3
5  -2
5  -1
5  -1
5  -3
5  -1
5  -3
5  -3
5  -3
5  -3
5  -2
5  -1
5  -2
5  -1
5  -3
5  -2
5  -2
5  -2
5  -2
5  -3
5  -1
5  -2
5  -3
5  -2
5  -3
5  -3
5  -2
5  -2
5  -1
5  -2
5  -1
5  -2
5  -3
5  -3
5  -1
5  -1
5  -1
5  -3
5  -1
5  -2
5  -3
5  -2
5  -3
5  -2
5  -3
5  -1
5  -1
5  -1
5  -1
5  -2
5  -1
5  -1
5  -2
5  -2
5  -1
6  5
6  5
6  5
6  5
6  5
6  5
6  5
6  6
6  4
6  4
6  6
7  -3
7  -3
7  -5
7  -4
7  -3
7  -5
7  -3
7  -5
7  -4
7  -3
7  -5
7  -5
7  -5
7  -5
7  -4
7  -4
7  -3
7  -4
7  -4
7  -5
7  -5
7  -3
7  -4
7  -5
7  -4
7  -5
7  -3
7  -4
7  -3
7  -3
7  -3
7  -4
7  -5
7  -5
7  -3
7  -3
7  -3
7  -4
7  -3
7  -3
7  -3
7  -4
7  -5
7  -5
7  -3
7  -5
7  -5
7  -4
7  -5
7  -5
7  -5
7  -5
7  -3
7  -4
7  -5
7  -5
7  -5
7  -4
7  -4
7  -5
7  -4
7  -4
7  -4
7  -3
7  -3
7  -5
7  -3
7  -3
7  -5
7  -4
7  -3
7  -3
7  -4
7  -4
7  -3
7  -5
7  -3
7  -3
7  -3
7  -3
7  -3
7  -4
7  -3
7  -3
7  -5
7  -4
7  -5
7  -3
7  -5
7  -4
7  -3
7  -3
7  -5
7  -5
7  -5
7  -5
7  -3
7  -5
7  -3
7  -4
7  -4
7  -4
7  -3
7  -3
7  -4
7  -4
7  -5
7  -3
7  -3
7  -5
7  -3
7  -4
7  -3
7  -4
7  -4
7  -3
7  -5
7  -5
7  -4
7  -3
7  -4
7  -4
7  -3
8  3
8  3
8  5
8  4
8  3
8  4
8  5
8  4
8  4
8  4
8  3
8  3
8  3
8  4
8  3
8  5
8  5
8  3
8  3
8  3
8  5
8  3
8  5
8  5
8  4
8  4
8  3
8  3
8  5
8  3
8  4
8  4
8  4
8  4
8  3
8  3
8  5
8  4
8  5
8  4
8  4
8  4
8  5
8  4
8  4
8  4
8  3
8  5
8  4
8  3
8  3
8  5
8  5
8  5
8  4
8  4
8  4
8  4
8  3
8  4
8  5
8  4
8  3
8  5
8  4
8  5
8  5
8  3
8  5
8  5
8  3
8  3
8  3
8  5
8  4
8  3
8  3
8  4
8  4
8  5
8  5
8  4
8  5
8  5
8  5
8  3
8  4
8  4
8  4
8  4
8  4
8  5
8  3
8  4
8  4
8  4
8  4
8  3
8  4
8  5
8  3
8  4
8  5
8  3
8  4
8  3
8  5
8  5
8  4
8  5
8  4
8  5
8  5
8  3
8  4
8  5
8  4
8  4
8  5
8  3
8  5
8  4
8  3
8  4
8  3
8  5
8  3
8  4
8  5
8  3
9  1
9  2
9  3
9  3
9  1
9  1
9  1
9  3
9  3
9  1
9  3
9  2
9  3
9  2
9  2
9  2
9  2
9  3
9  3
9  1
9  1
9  2
9  2
9  3
9  1
9  1
9  1
9  3
9  2
9  1
9  1
9  1
9  3
9  3
9  1
9  1
9  2
9  3
9  1
9  3
9  3
9  1
9  3
9  2
9  3
9  1
9  2
9  2
9  1
9  1
9  3
9  3
9  1
9  2
9  3
9  3
9  1
9  2
9  2
9  2
9  3
10  -1
10  -1
10  -3
10  -2
10  -2
10  -1
10  -2
10  -1
10  -1
10  -2
10  -1
10  -1
10  -1
10  -2
10  -1
10  -2
10  -1
10  -1
10  -2
10  -2
10  -2
10  -1
10  -1
10  -3
10  -1
10  -1
10  -3
10  -1
10  -3
10  -3
10  -3
10  -3
10  -3
10  -3
10  -1
10  -1
10  -3
10  -3
10  -1
10  -1
10  -1
10  -1
10  -2
10  -3
10  -1
10  -3
10  -1
10  -1
10  -1
10  -3
10  -3
10  -3
10  -3
10  -1
10  -1
10  -1
10  -3
10  -1
10  -2
10  -3
10  -1
10  -2
10  -3
10  -1
10  -2
10  -3
10  -1
10  -1
10  -1
10  -1
10  -1
10  -3
10  -3
10  -3
10  -1
10  -2
10  -2
10  -2
10  -3
10  -3
10  -3
10  -1
10  -3
10  -3
10  -3
10  -3
10  -1
10  -2
10  -2
10  -3
11  -2
11  0
11  0
11  -1
11  -2
11  0
11  -1
11  -1
11  -2
11  -2
11  0
11  0
11  -2
11  -1
11  -1
11  -2
11  0
11  -1
11  -1
11  0
11  -2
11  -1
11  -1
11  -2
11  -2
11  0
11  -1
11  0
11  -2
11  -2
11  -2
11  0
11  0
11  0
11  -2
11  -1
11  -2
11  -2
11  -2
11  -2
11  -1
11  0
11  -1
11  0
11  -2
11  0
11  0
11  0
11  -1
11  0
11  0
11  -2
11  -2
11  -2
11  -2
11  -1
11  -1
11  -1
11  -2
11  0
11  -2
11  -2
11  -2
11  -1
11  -2
11  -1
