1  -6
1  -6
1  -7
1  -7
1  -6
1  -6
1  -8
1  -8
1  -6
1  -6
1  -8
1  -6
1  -6
1  -7
1  -6
1  -8
1  -6
1  -7
1  -7
1  -8
1  -6
1  -6
1  -8
1  -7
1  -8
1  -8
1  -6
1  -8
1  -6
1  -8
1  -7
1  -8
1  -7
2  -6
2  -6
2  -6
2  -5
2  -7
2  -6
2  -5
2  -6
2  -7
2  -5
2  -6
2  -6
2  -5
2  -5
2  -7
2  -5
2  -5
2  -6
2  -7
2  -5
2  -6
2  -6
2  -5
2  -5
2  -7
2  -6
2  -7
2  -5
2  -6
2  -6
2  -5
2  -6
2  -6
2  -5
2  -6
2  -5
2  -5
2  -5
2  -5
2  -7
2  -5
2  -6
2  -5
2  -6
2  -6
2  -5
2  -7
2  -5
2  -7
2  -6
2  -6
2  -5
2  -6
2  -7
2  -6
2  -7
2  -5
2  -6
2  -7
2  -5
2  -5
2  -5
2  -5
2  -7
2  -5
2  -7
2  -6
2  -7
2  -6
2  -6
2  -5
2  -7
2  -6
2  -6
2  -6
2  -6
2  -6
2  -6
2  -6
2  -6
2  -5
2  -5
2  -5
2  -6
3  3
3  4
3  3
3  2
3  4
3  4
3  2
3  2
3  2
3  3
3  3
3  4
3  3
3  2
3  4
3  4
3  3
3  2
3  3
3  3
3  3
3  2
3  3
3  3
3  2
3  3
3  3
3  4
3  4
3  4
3  2
3  3
3  2
3  3
3  3
3  4
3  3
3  2
3  4
3  3
3  2
3  2
3  4
3  2
3  3
3  3
3  4
3  4
3  3
3  3
3  3
3  3
3  3
3  2
3  2
3  4
3  4
3  3
3  3
3  3
3  4
3  2
3  4
3  2
3  2
3  2
3  4
3  4
3  3
3  4
3  2
3  3
3  4
3  2
3  3
3  3
3  4
3  4
3  3
3  3
3  2
3  2
3  3
3  4
3  4
3  4
3  3
3  4
3  2
3  3
3  3
3  4
3  3
3  4
3  2
3  4
3  2
3  4
3  2
3  4
3  2
3  3
3  2
3  3
3  2
3  2
3  4
3  4
3  4
3  2
3  3
3  4
3  4
3  3
3  3
3  4
3  2
3  2
3  2
3  4
3  3
3  4
3  4
3  3
3  2
3  3
3  3
3  4
3  3
3  3
3  4
3  2
3  4
3  4
3  3
3  3
3  2
3  2
3  3
3  2
3  4
3  4
3  3
3  4
3  4
3  3
3  3
3  4
3  3
3  2
3  3
3  2
3  2
3  2
3  4
3  3
3  4
3  3
3  4
3  2
3  4
3  4
3  2
3  2
3  3
3  3
3  3
3  4
3  2
3  2
3  4
3  3
3  3
3  3
3  2
3  4
3  2
3  2
3  4
3  3
3  3
3  4
3  2
3  4
3  3
3  3
3  3
3  2
3  3
3  2
3  3
3  2
3  4
3  4
3  3
3  2
3  2
3  4
3  4
3  4
3  3
3  2
3  4
3  3
3  2
3  2
3  4
3  4
3  2
3  4
3  2
3  3
3  3
3  3
3  3
3  3
3  4
3  2
3  2
3  3
3  4
3  3
3  3
3  3
3  2
3  4
3  4
4  -6
4  -7
4  -6
4  -7
4  -6
4  -7
4  -7
4  -8
4  -8
4  -7
4  -6
4  -6
4  -8
4  -6
4  -8
4  -7
4  -7
4  -8
4  -6
4  -6
4  -6
4  -7
4  -6
4  -7
4  -8
4  -7
4  -6
4  -6
4  -6
4  -7
4  -6
4  -8
4  -7
4  -7
4  -6
4  -6
4  -8
4  -6
4  -6
4  -6
4  -6
4  -6
4  -8
4  -6
4  -6
4  -7
4  -8
4  -6
4  -8
4  -7
4  -8
4  -8
4  -6
4  -7
4  -8
4  -8
4  -8
4  -6
4  -6
4  -8
4  -7
4  -7
4  -7
4  -7
4  -8
4  -8
4  -8
4  -6
4  -7
4  -8
4  -8
4  -7
4  -7
4  -6
4  -7
4  -6
4  -6
4  -6
4  -8
4  -6
4  -8
4  -7
4  -6
5  -5
5  -5
5  -6
5  -6
5  -5
5  -6
5  -6
5  -5
5  -6
5  -6
5  -4
5  -6
5  -6
5  -6
5  -6
5  -5
5  -6
5  -5
5  -6
5  -6
5  -4
5  -6
5  -6
5  -5
5  -6
5  -5
5  -4
5  -6
5  -6
5  -5
5  -4
5  -6
5  -4
5  -4
5  -6
5  -4
5  -4
5  -6
5  -4
5  -6
5  -5
5  -4
5  -4
5  -5
5  -4
5  -5
5  -5
5  -5
5  -6
5  -4
5  -6
5  -6
5  -6
5  -6
5  -4
5  -5
5  -4
5  -6
5  -5
5  -4
5  -6
5  -5
5  -4
5  -4
5  -6
5  -6
5  -5
5  -6
5  -6
5  -6
5  -6
5  -5
5  -6
5  -5
5  -6
5  -6
5  -5
5  -5
5  -5
5  -4
5  -4
5  -6
5  -6
5  -4
5  -5
5  -4
5  -4
5  -4
5  -4
5  -4
5  -6
5  -4
5  -5
5  -5
5  -4
5  -6
5  -4
5  -4
5  -5
5  -4
5  -5
5  -4
5  -5
5  -5
5  -4
5  -6
5  -5
5  -5
5  -4
5  -6
5  -4
5  -4
5  -4
5  -4
5  -6
5  -5
5  -6
5  -5
5  -6
5  -4
5  -5
5  -6
5  -4
5  -5
5  -6
5  -5
5  -4
5  -5
5  -6
5  -4
5  -5
5  -5
5  -4
5  -4
5  -6
5  -5
5  -5
5  -6
5  -6
5  -4
5  -4
5  -6
5  -5
5  -6
5  -6
5  -5
5  -6
5  -4
5  -5
5  -6
5  -5
5  -6
5  -5
5  -5
5  -6
5  -5
5  -6
5  -6
5  -5
5  -5
5  -6
5  -5
5  -6
5  -6
5  -4
5  -5
5  -5
5  -6
5  -4
5  -5
5  -5
5  -6
5  -6
5  -5
5  -4
5  -6
5  -5
5  -6
5  -5
5  -6
5  -4
5  -4
5  -6
5  -5
5  -4
5  -5
5  -5
5  -6
5  -5
5  -4
5  -6
5  -6
5  -4
6  -1
6  0
6  1
6  -1
6  -1
6  0
6  1
6  -1
6  1
6  1
6  0
6  1
6  1
6  -1
6  1
6  1
6  0
6  1
6  1
6  1
6  1
6  -1
6  1
6  0
6  -1
6  1
6  1
6  1
6  0
6  1
6  -1
6  -1
6  -1
6  -1
6  -1
6  1
6  1
6  -1
6  -1
6  -1
6  -1
6  -1
6  -1
6  0
6  -1
6  -1
6  1
6  1
6  -1
6  1
6  -1
6  1
6  1
6  1
6  1
6  0
6  1
6  1
6  -1
6  1
6  1
6  1
6  -1
6  1
6  0
6  1
6  -1
6  -1
6  0
6  -1
6  -1
6  1
6  0
6  1
6  -1
6  -1
6  1
6  0
6  0
6  0
6  0
6  -1
6  -1
6  0
6  -1
6  -1
6  1
6  1
6  -1
6  0
6  0
6  1
6  1
6  1
6  1
6  -1
6  1
6  0
6  0
6  0
6  0
6  -1
6  1
6  0
6  -1
6  -1
6  1
6  0
6  1
6  -1
6  0
6  1
6  -1
6  -1
6  0
6  -1
6  -1
6  1
6  -1
6  0
6  -1
6  1
6  1
6  0
6  1
6  0
6  0
6  0
6  0
6  0
6  0
6  0
6  1
6  -1
6  1
6  1
6  -1
6  0
6  1
6  -1
7  -3
7  -3
7  -3
7  -2
7  -1
7  -1
7  -3
7  -3
7  -2
7  -1
7  -1
7  -3
7  -1
7  -1
7  -1
7  -1
7  -1
7  -1
7  -1
7  -1
7  -3
7  -1
7  -3
7  -3
7  -3
7  -2
7  -2
7  -1
7  -2
7  -2
7  -3
7  -2
7  -1
7  -3
7  -2
7  -2
7  -2
7  -1
8  6
8  6
8  6
8  5
8  6
8  7
8  5
8  7
8  6
8  5
8  7
8  6
8  5
8  5
8  5
8  7
8  6
8  5
8  5
8  6
8  7
8  7
8  5
8  6
8  5
8  7
8  5
8  7
8  6
8  6
8  6
8  7
8  7
8  7
8  6
8  5
8  6
8  6
8  5
8  6
8  5
8  6
8  5
9  -4
9  -5
9  -5
9  -5
9  -3
9  -3
9  -3
9  -4
9  -4
9  -3
9  -3
9  -3
9  -5
9  -4
9  -5
9  -4
9  -3
9  -4
9  -4
9  -5
9  -5
9  -5
9  -4
9  -5
9  -3
9  -4
9  -4
9  -5
9  -5
9  -5
9  -5
9  -3
9  -3
9  -3
9  -3
9  -3
9  -5
9  -3
9  -3
9  -4
9  -3
9  -5
9  -5
9  -3
9  -4
9  -3
9  -5
9  -4
9  -5
9  -4
9  -5
9  -5
9  -4
9  -5
9  -4
9  -3
9  -4
9  -5
9  -5
9  -3
9  -5
9  -5
9  -3
9  -5
9  -4
9  -5
9  -4
9  -5
9  -4
9  -4
9  -5
9  -4
9  -4
9  -3
9  -5
9  -3
9  -3
9  -5
9  -3
9  -5
9  -4
9  -3
9  -4
9  -4
9  -5
9  -5
9  -3
9  -4
9  -4
9  -4
9  -5
9  -3
9  -4
9  -5
9  -4
9  -5
9  -3
9  -3
9  -5
9  -5
9  -3
9  -4
9  -3
9  -5
9  -5
9  -5
9  -4
9  -4
9  -5
9  -4
9  -3
9  -5
9  -5
9  -5
9  -5
9  -5
9  -4
9  -5
9  -5
9  -5
9  -4
9  -5
9  -5
9  -4
9  -5
9  -5
9  -5
9  -5
9  -4
9  -4
9  -5
9  -4
9  -3
9  -5
9  -5
9  -3
9  -5
9  -4
9  -3
9  -3
9  -3
9  -4
9  -4
9  -5
9  -4
9  -3
9  -3
9  -3
9  -4
9  -4
9  -3
9  -5
9  -4
9  -4
9  -4
9  -5
9  -4
9  -3
9  -3
