1  -4
1  -5
1  -3
1  -9
1  -6
1  -10
1  -11
1  -9
1  -10
1  -7
1  -10
1  -8
1  -4
1  -8
1  -10
1  -8
1  -9
1  -10
1  -3
1  -4
1  -7
1  -11
1  -11
1  -5
1  -9
1  -7
1  -7
1  -11
1  -5
1  -11
1  -3
1  -8
1  -9
1  -7
1  -5
1  -6
1  -3
1  -8
1  -11
1  -7
1  -6
1  -11
1  -9
1  -10
1  -8
1  -9
1  -9
1  -6
1  -5
1  -9
1  -5
1  -7
1  -7
1  -10
1  -11
1  -10
1  -3
1  -7
1  -8
1  -6
1  -6
1  -7
1  -10
1  -4
1  -6
1  -10
1  -7
1  -9
1  -5
1  -7
1  -6
1  -8
1  -5
1  -3
1  -11
1  -5
1  -7
1  -9
1  -5
1  -7
1  -7
1  -6
1  -7
1  -5
1  -7
1  -6
1  -9
1  -5
1  -9
1  -4
1  -4
1  -3
1  -9
1  -8
1  -9
1  -9
1  -8
1  -10
1  -11
1  -7
1  -6
1  -5
1  -10
1  -11
1  -5
1  -8
1  -5
1  -5
1  -9
1  -7
1  -3
1  -5
1  -5
1  -5
1  -3
1  -7
1  -9
1  -7
1  -4
1  -10
1  -9
1  -6
1  -6
1  -10
1  -9
1  -3
1  -11
1  -7
1  -6
1  -11
1  -4
1  -10
1  -8
1  -7
1  -11
1  -3
1  -11
1  -3
1  -9
1  -4
1  -4
1  -7
1  -3
1  -11
1  -4
1  -5
1  -7
1  -8
1  -3
1  -5
1  -5
1  -5
1  -4
1  -8
1  -9
1  -5
1  -6
1  -3
1  -10
1  -3
1  -6
1  -6
1  -5
1  -8
1  -6
1  -8
1  -10
1  -7
1  -9
1  -5
1  -9
1  -10
1  -7
1  -9
1  -3
1  -7
1  -9
1  -11
1  -5
1  -5
1  -6
1  -11
1  -7
1  -10
1  -10
1  -3
1  -6
1  -5
1  -9
1  -9
1  -6
1  -11
1  -8
1  -3
1  -10
1  -6
1  -11
1  -9
1  -7
1  -4
1  -5
1  -5
1  -10
1  -4
1  -4
1  -10
1  -11
1  -9
1  -9
1  -6
1  -8
1  -5
1  -5
1  -9
1  -7
1  -7
1  -10
1  -6
1  -10
1  -11
1  -6
1  -5
1  -4
1  -10
1  -7
1  -10
1  -7
1  -8
1  -6
1  -9
1  -7
1  -9
1  -11
1  -6
1  -7
1  -3
1  -6
1  -5
1  -10
1  -4
1  -11
1  -9
1  -5
1  -10
1  -5
1  -8
1  -3
1  -7
1  -3
1  -7
1  -9
1  -7
1  -4
1  -9
1  -9
1  -10
1  -10
1  -3
1  -11
1  -3
1  -8
1  -9
1  -7
1  -3
1  -5
1  -3
1  -11
1  -7
1  -10
1  -10
1  -7
1  -10
1  -6
1  -3
1  -5
1  -8
1  -6
1  -7
1  -9
1  -10
1  -8
1  -3
1  -6
1  -9
1  -11
1  -7
1  -8
1  -5
1  -11
1  -3
1  -9
1  -8
1  -3
1  -11
1  -9
1  -3
1  -7
1  -5
1  -11
1  -7
1  -10
1  -11
1  -7
1  -9
1  -4
1  -9
1  -5
1  -5
1  -6
1  -9
1  -6
1  -9
1  -10
1  -8
1  -11
1  -6
1  -8
1  -4
1  -8
1  -8
1  -10
1  -8
1  -6
1  -7
1  -8
1  -8
1  -8
1  -9
1  -4
1  -3
1  -7
1  -11
1  -3
1  -7
1  -4
1  -11
1  -10
1  -3
1  -8
1  -7
1  -9
1  -11
1  -8
1  -11
1  -10
1  -6
1  -5
1  -3
1  -4
1  -5
1  -6
1  -7
1  -7
1  -6
1  -7
1  -9
1  -5
1  -8
1  -5
1  -7
1  -9
1  -5
1  -6
1  -5
1  -4
1  -9
1  -5
1  -9
1  -6
1  -8
1  -3
1  -11
1  -7
1  -7
1  -8
1  -6
1  -9
1  -9
1  -7
1  -5
1  -9
1  -4
1  -8
1  -11
1  -7
1  -8
1  -11
1  -3
1  -6
1  -5
1  -6
1  -4
1  -8
1  -4
1  -5
1  -7
1  -7
1  -6
1  -6
1  -11
1  -10
1  -8
1  -9
1  -8
1  -11
1  -9
1  -6
1  -11
1  -6
1  -5
1  -7
1  -7
1  -9
1  -8
1  -11
1  -8
1  -5
1  -8
1  -6
1  -11
1  -10
1  -6
1  -10
1  -11
1  -6
1  -5
1  -8
1  -10
1  -6
1  -3
1  -4
1  -5
1  -3
1  -4
1  -11
1  -5
1  -9
1  -7
1  -6
1  -3
1  -3
1  -9
1  -11
1  -6
1  -8
1  -9
1  -9
1  -9
1  -4
1  -5
1  -8
1  -10
1  -11
1  -6
1  -7
1  -4
1  -9
1  -10
1  -7
1  -6
1  -7
1  -4
1  -11
1  -6
1  -4
1  -5
1  -5
1  -5
1  -11
1  -3
1  -11
1  -8
1  -7
1  -4
1  -4
1  -3
1  -7
1  -5
1  -6
1  -11
1  -8
1  -3
1  -4
1  -4
1  -6
1  -7
1  -11
1  -7
1  -9
1  -3
1  -9
1  -6
1  -6
1  -4
1  -4
1  -4
1  -5
1  -4
1  -10
1  -4
1  -4
1  -4
1  -10
1  -8
1  -4
1  -10
1  -5
1  -5
1  -9
1  -8
1  -11
1  -9
1  -7
1  -9
1  -10
1  -5
1  -7
1  -7
1  -3
1  -4
1  -6
1  -8
1  -3
1  -10
1  -6
1  -11
1  -11
1  -4
1  -7
1  -6
1  -9
1  -4
1  -11
1  -6
1  -11
1  -6
1  -7
1  -3
1  -9
1  -7
1  -8
1  -11
1  -5
1  -9
1  -11
1  -7
1  -6
1  -11
1  -9
1  -9
1  -6
1  -9
1  -6
1  -10
1  -7
1  -3
1  -4
1  -4
1  -5
1  -5
1  -7
1  -8
1  -6
1  -8
1  -10
1  -3
1  -8
1  -8
1  -5
1  -11
1  -11
1  -7
1  -5
1  -3
1  -4
1  -4
1  -10
1  -4
1  -7
1  -11
1  -5
1  -5
1  -4
1  -10
1  -11
1  -3
1  -10
1  -7
1  -9
1  -10
1  -7
1  -10
1  -6
1  -11
1  -3
1  -5
1  -3
1  -3
1  -9
1  -8
1  -7
1  -11
1  -10
1  -6
1  -10
1  -10
1  -5
1  -5
1  -11
1  -7
1  -11
1  -7
1  -5
1  -8
1  -9
1  -10
1  -3
1  -10
1  -10
1  -10
1  -3
1  -10
1  -8
1  -7
1  -9
1  -3
1  -5
1  -10
1  -8
1  -6
1  -9
1  -4
1  -4
1  -10
1  -3
1  -8
1  -7
1  -7
1  -9
1  -10
1  -6
1  -8
1  -3
1  -7
1  -6
1  -6
1  -6
1  -10
1  -7
1  -6
1  -7
1  -10
1  -9
1  -6
1  -6
1  -7
1  -9
1  -3
1  -11
1  -9
1  -10
1  -8
1  -9
1  -9
1  -5
1  -11
1  -7
1  -6
1  -4
1  -7
1  -3
1  -6
1  -3
1  -4
1  -10
1  -5
1  -8
1  -8
1  -7
1  -3
1  -7
1  -11
1  -11
1  -5
1  -6
1  -10
1  -11
1  -4
1  -11
1  -10
1  -10
1  -10
1  -8
1  -10
2  -5
2  -5
2  -5
2  -9
2  -10
2  -3
2  -6
2  -10
2  -11
2  -5
2  -4
2  -6
2  -11
2  -6
2  -6
2  -9
2  -4
2  -8
2  -5
2  -4
2  -7
2  -5
2  -9
2  -11
2  -11
2  -3
2  -10
2  -9
2  -11
2  -5
2  -6
2  -5
2  -4
2  -4
2  -5
2  -10
2  -8
2  -4
2  -9
2  -11
2  -11
2  -7
2  -6
2  -5
2  -8
2  -7
2  -10
2  -6
2  -8
2  -6
2  -11
2  -3
2  -11
2  -5
2  -9
2  -3
2  -5
2  -5
2  -4
2  -4
2  -7
2  -8
2  -3
2  -3
2  -3
2  -9
2  -3
2  -4
2  -5
2  -6
2  -11
2  -10
2  -9
2  -9
2  -7
2  -8
2  -4
2  -6
2  -8
2  -5
2  -4
2  -5
2  -7
2  -10
2  -3
2  -10
2  -3
2  -3
2  -4
2  -6
2  -6
2  -3
2  -7
2  -4
2  -3
2  -5
2  -6
2  -11
2  -5
2  -8
3  5
3  8
3  6
3  2
3  4
3  3
3  2
3  4
3  4
3  7
3  2
3  1
3  8
3  2
3  8
3  7
3  2
3  5
3  8
3  5
3  5
3  7
3  3
3  3
3  7
3  1
3  7
3  0
3  0
3  4
3  3
3  5
3  2
3  6
3  0
3  2
3  1
3  7
3  8
3  7
3  6
3  5
3  0
3  1
3  8
3  4
3  0
3  7
3  7
3  3
3  4
3  0
3  0
3  7
3  2
3  5
3  1
3  3
3  0
3  3
3  7
3  8
3  2
3  8
3  8
3  5
3  3
3  5
3  3
3  7
3  2
3  1
3  0
3  7
3  1
3  6
3  8
3  6
3  7
3  7
3  2
3  2
3  3
3  2
3  7
3  2
3  2
3  2
3  7
3  5
3  6
3  7
3  2
3  6
3  4
3  1
3  1
3  2
3  0
3  3
3  4
3  5
3  4
3  5
3  6
3  4
3  1
3  2
3  5
3  1
3  1
3  4
3  4
3  6
3  6
3  3
3  2
3  7
3  1
3  5
3  4
3  4
3  1
3  4
3  6
3  4
3  5
3  3
3  3
3  8
3  0
3  1
3  5
3  3
3  1
3  8
3  0
3  5
3  3
3  3
3  1
3  8
3  3
3  7
3  8
3  8
3  8
3  3
3  6
3  4
3  4
3  5
3  6
3  0
3  8
3  2
3  1
3  7
3  5
3  8
3  0
3  2
3  6
3  5
3  2
3  5
3  4
3  7
3  4
3  4
3  7
3  3
3  2
3  6
3  5
3  5
3  2
3  6
3  3
3  6
3  6
3  1
3  4
3  7
3  0
3  5
3  0
3  7
3  0
3  1
3  5
3  0
3  1
3  8
3  3
3  8
3  3
3  2
3  0
3  8
3  1
3  7
3  0
3  6
3  4
3  0
