1  -1
1  -1
1  -3
1  -3
1  -2
1  -3
1  -2
1  -2
1  -1
1  -3
1  -2
1  -1
1  -1
1  -2
1  -3
1  -3
1  -2
1  -1
1  -1
1  -3
1  -2
1  -1
1  -3
1  -3
1  -3
1  -1
1  -3
1  -3
1  -1
1  -3
1  -1
1  -2
1  -3
1  -2
1  -1
1  -3
1  -2
1  -3
1  -2
1  -3
1  -1
1  -2
1  -3
1  -1
1  -1
1  -1
1  -1
1  -2
1  -1
1  -1
1  -1
1  -3
1  -2
1  -2
1  -1
1  -2
1  -3
1  -3
1  -1
1  -1
1  -1
1  -1
1  -1
1  -2
1  -3
1  -3
1  -3
1  -2
1  -3
1  -3
1  -3
1  -2
1  -1
1  -2
1  -1
1  -2
1  -2
1  -3
1  -1
1  -1
1  -1
1  -1
1  -3
1  -2
1  -3
1  -1
1  -1
1  -3
1  -3
1  -3
1  -2
1  -1
1  -1
1  -3
1  -1
1  -3
1  -3
1  -3
1  -1
1  -2
1  -3
1  -1
1  -2
1  -1
1  -3
1  -3
1  -1
1  -1
1  -3
1  -2
1  -3
1  -2
1  -3
1  -3
1  -2
1  -2
1  -1
1  -1
1  -3
1  -1
1  -1
1  -3
1  -2
1  -2
1  -2
1  -2
1  -2
1  -2
1  -3
1  -1
1  -1
1  -2
1  -3
1  -3
1  -2
1  -2
1  -2
1  -1
1  -1
1  -1
1  -1
1  -2
1  -3
1  -3
1  -2
1  -3
1  -3
1  -1
1  -2
1  -1
1  -2
1  -2
1  -2
1  -2
1  -1
1  -3
1  -2
1  -1
1  -3
1  -3
1  -2
1  -2
1  -2
1  -3
1  -2
2  -2
2  -2
2  -1
2  -2
2  -3
2  -2
2  -1
2  -3
2  -1
2  -2
2  -2
2  -2
2  -2
2  -3
2  -2
2  -3
2  -1
2  -2
2  -2
3  -7
3  -7
3  -7
3  -6
3  -5
3  -7
3  -7
3  -7
3  -6
3  -5
3  -7
3  -5
3  -7
3  -7
3  -5
3  -7
3  -5
3  -6
3  -5
3  -7
3  -7
3  -7
3  -5
3  -7
3  -7
3  -7
3  -7
3  -7
3  -7
3  -7
3  -7
3  -5
3  -7
3  -6
3  -6
3  -6
3  -6
3  -7
3  -6
3  -5
3  -7
3  -7
3  -5
3  -7
3  -5
3  -7
3  -5
3  -5
3  -7
3  -7
3  -7
3  -6
3  -6
3  -7
3  -5
3  -6
3  -6
3  -6
3  -5
3  -6
3  -7
3  -5
3  -7
3  -6
3  -7
3  -7
3  -7
3  -6
3  -6
3  -7
3  -7
3  -7
3  -5
3  -7
3  -7
3  -5
3  -7
3  -5
3  -5
3  -6
3  -7
3  -6
3  -7
3  -6
3  -6
3  -6
3  -7
3  -5
3  -7
3  -7
3  -6
3  -7
3  -7
3  -7
3  -6
3  -6
3  -7
3  -5
3  -5
3  -5
3  -7
3  -5
3  -6
3  -6
3  -6
3  -7
3  -7
3  -6
3  -5
3  -7
3  -6
3  -6
3  -5
3  -5
3  -6
3  -6
3  -5
3  -6
3  -6
3  -7
3  -6
3  -6
3  -6
3  -7
3  -7
3  -5
3  -5
4  1
4  -1
4  1
4  1
4  0
4  0
4  -1
4  1
4  -1
4  0
4  -1
4  1
4  0
4  -1
4  1
4  1
4  1
4  1
4  1
4  0
4  1
4  0
4  -1
4  0
4  -1
4  1
4  0
4  1
4  1
4  -1
4  1
4  1
4  -1
4  1
4  0
4  1
4  0
4  -1
4  -1
4  -1
4  -1
4  -1
4  -1
4  1
4  1
4  1
4  0
4  1
4  -1
4  1
4  1
4  1
4  1
4  -1
4  1
4  -1
4  -1
4  1
4  0
4  0
4  0
4  0
4  -1
4  0
4  0
4  0
4  -1
4  0
4  -1
4  1
4  -1
4  -1
4  -1
4  -1
4  -1
4  -1
4  1
4  0
4  -1
4  1
4  0
4  -1
4  0
4  0
4  -1
4  -1
4  1
4  1
4  0
4  -1
4  -1
4  1
4  0
4  1
4  1
4  0
4  0
4  1
4  0
4  0
4  0
4  1
4  -1
4  0
4  1
4  -1
4  -1
4  0
4  0
4  1
4  0
4  -1
4  1
4  0
4  -1
4  0
4  -1
4  -1
4  0
4  -1
4  0
4  1
4  0
4  1
4  0
4  1
4  0
4  1
4  -1
4  0
4  1
4  -1
4  -1
4  0
4  1
4  -1
4  0
4  1
4  0
4  -1
4  1
4  -1
4  0
4  -1
4  1
4  0
4  1
4  -1
4  1
4  0
4  0
4  -1
4  0
4  1
4  1
4  -1
4  -1
4  0
4  -1
4  0
4  1
4  0
4  0
4  1
4  1
4  0
4  1
4  0
4  1
4  -1
4  1
4  -1
4  -1
4  -1
4  -1
4  0
4  1
4  1
4  0
4  1
4  -1
4  0
4  -1
4  0
4  -1
4  0
4  -1
4  1
4  0
4  0
4  -1
4  -1
4  1
4  1
4  1
4  -1
4  1
4  1
4  0
4  0
4  0
4  1
4  1
4  -1
4  -1
4  -1
4  0
4  0
4  -1
4  0
4  -1
4  1
4  1
4  1
4  0
4  1
4  -1
4  -1
4  0
4  0
4  0
4  -1
4  0
4  0
4  1
4  0
4  1
4  -1
4  -1
4  -1
4  -1
4  -1
4  0
4  0
4  1
4  1
4  1
4  0
4  1
4  -1
4  -1
4  -1
4  -1
4  -1
4  -1
4  1
4  0
4  -1
4  0
4  -1
5  4
5  5
5  4
5  5
5  5
5  6
5  6
5  5
5  4
5  6
5  6
5  5
5  5
5  5
5  4
5  6
5  6
5  4
5  6
5  4
5  6
5  5
5  5
5  6
5  5
5  4
5  4
5  4
5  6
5  5
5  6
5  5
5  4
5  6
5  5
5  6
5  6
5  4
5  4
5  4
5  4
5  6
5  4
5  5
5  6
5  4
5  4
5  4
5  5
5  4
5  5
5  5
5  4
5  5
5  4
5  5
5  4
5  4
5  6
5  4
5  6
5  4
5  4
5  6
5  4
5  4
5  6
5  5
5  6
5  4
5  4
5  4
5  4
5  6
5  4
5  4
5  5
5  4
5  4
5  5
5  6
5  6
5  6
5  6
5  6
5  5
5  4
5  5
5  6
5  4
5  5
5  6
5  5
5  4
5  6
5  5
5  4
5  6
5  4
5  5
5  6
5  6
5  5
5  6
5  4
5  5
5  5
5  5
6  4
6  5
6  5
6  5
6  5
6  5
6  6
6  4
6  4
6  6
6  5
6  5
6  6
6  6
6  5
6  6
6  5
6  5
6  5
6  4
6  5
6  6
6  6
6  4
6  6
6  6
6  6
6  5
6  5
6  6
6  4
6  4
6  5
6  4
6  4
6  6
6  4
6  4
6  4
6  5
6  4
6  4
6  6
6  6
6  5
6  5
6  5
6  4
6  4
6  4
6  5
6  6
6  5
6  4
6  4
6  4
6  6
6  4
6  6
6  6
6  5
6  5
6  4
6  4
6  6
6  5
6  5
6  4
6  5
6  5
6  5
6  4
6  4
6  5
6  4
6  5
6  6
6  5
6  4
6  4
6  4
6  6
6  6
6  5
6  6
6  5
6  4
6  6
6  4
6  6
6  6
6  5
6  4
6  5
6  4
6  5
6  4
7  6
7  6
7  7
7  7
7  6
7  6
7  6
7  6
7  6
7  7
7  7
7  7
7  7
7  6
7  5
7  7
7  6
7  6
7  6
7  5
7  5
7  5
7  6
7  5
7  5
7  7
7  5
7  6
7  7
7  5
7  7
7  5
7  5
7  5
7  6
7  6
7  6
7  7
7  6
7  7
7  5
7  5
7  6
7  5
7  6
7  5
7  7
7  5
7  5
7  7
7  7
7  7
7  6
7  5
7  7
7  7
7  6
7  6
7  5
7  7
7  5
7  6
7  6
7  5
7  6
7  6
7  6
7  7
7  7
7  6
7  7
7  7
7  5
7  7
7  5
7  5
7  5
7  7
7  6
7  5
7  5
7  6
7  7
7  7
7  7
7  7
7  7
7  7
7  7
7  5
7  5
7  5
7  6
7  5
7  6
7  7
7  6
7  6
7  7
7  7
7  6
7  5
7  6
7  7
7  7
7  5
7  7
7  6
7  5
7  7
7  5
7  7
7  7
7  6
7  5
7  7
7  6
7  5
7  7
7  7
7  7
7  7
7  7
7  7
7  6
7  5
7  7
7  7
7  5
7  6
7  5
7  6
7  5
7  7
7  6
7  5
7  5
7  5
7  5
7  7
7  7
7  6
7  6
7  5
7  5
7  5
7  6
7  7
7  5
7  6
7  7
7  7
7  7
7  5
7  6
7  7
7  7
7  6
7  6
7  5
7  6
7  7
7  5
7  7
7  6
7  7
7  7
7  6
7  5
7  5
7  6
7  7
7  6
7  5
7  7
7  7
7  6
7  5
7  7
7  5
7  5
7  5
7  5
7  7
7  5
7  7
7  5
7  5
7  5
7  7
7  5
7  6
7  5
7  5
7  6
7  5
7  5
7  7
7  5
7  7
7  7
7  6
7  5
7  5
7  7
7  6
7  6
7  6
7  5
7  5
7  7
7  5
7  6
7  5
7  7
7  5
7  5
7  7
7  6
7  5
7  6
7  6
7  7
7  7
7  6
7  5
7  5
7  7
7  6
7  6
7  7
7  7
7  6
7  5
