1  -1
1  -1
1  0
1  -1
1  0
1  -2
1  0
1  -1
1  -2
1  0
1  0
1  0
1  -2
1  -1
1  -1
1  -2
1  -1
1  -1
1  0
1  -1
1  -1
1  0
1  0
1  0
1  0
1  -2
1  0
1  -2
1  -2
1  0
1  -1
1  0
1  -1
1  -2
1  -2
1  -2
1  -2
1  0
1  0
1  -2
1  -2
1  -2
1  -2
1  -1
1  -2
1  -2
1  -1
1  -2
1  0
1  -2
1  -2
1  0
1  0
1  -1
1  -2
1  0
1  0
1  -1
1  0
1  -2
1  -2
1  -2
1  -1
1  0
1  -1
1  -2
1  -1
1  -2
1  -2
1  -1
1  -1
1  -1
1  0
1  -1
1  0
1  0
1  -2
1  -1
1  -1
1  0
1  0
1  -2
1  0
1  0
1  -2
1  0
1  -2
1  -1
1  -2
1  0
1  -1
1  -2
1  -1
1  -2
1  -1
1  0
1  -2
1  -1
1  -1
1  -1
1  -1
1  0
1  -1
1  -2
1  -2
1  0
1  -1
1  0
1  -2
1  -2
1  -2
1  -1
1  0
1  -1
1  -1
1  -1
1  -2
1  -1
1  -2
1  -1
1  -2
1  -1
1  -2
1  -2
1  0
1  0
1  -2
1  -1
1  -1
1  0
1  0
1  -2
1  0
1  -2
1  0
1  -2
1  -1
1  0
1  -1
1  -2
1  -2
1  0
2  6
2  7
2  6
2  6
2  7
2  5
2  7
2  6
2  5
2  5
2  7
2  6
2  5
2  6
2  7
2  5
2  7
2  5
2  6
2  5
2  5
2  5
2  6
2  6
2  5
2  5
2  6
2  5
2  5
2  7
2  7
2  6
2  5
2  6
2  6
2  7
2  5
2  5
2  7
2  6
2  7
2  6
2  6
2  5
2  7
2  6
2  7
2  7
2  7
2  6
2  6
2  5
2  5
2  6
2  6
2  5
2  7
2  6
2  7
2  6
2  5
2  5
2  6
2  6
2  5
2  7
2  5
2  6
2  6
2  7
2  5
2  5
2  6
2  6
3  -3
3  -1
3  -1
3  -1
3  -2
3  -2
3  -3
3  -1
3  -3
3  -3
3  -3
3  -2
3  -2
3  -3
3  -2
3  -1
3  -3
3  -3
3  -1
3  -1
3  -3
3  -3
3  -1
3  -1
3  -2
3  -2
3  -1
3  -1
3  -1
3  -2
3  -1
3  -3
3  -1
3  -2
3  -2
3  -1
3  -1
3  -1
3  -2
3  -2
4  5
4  6
4  6
4  7
4  6
4  7
4  7
4  6
4  6
4  7
4  6
4  5
4  5
4  6
4  7
4  6
4  7
4  6
4  5
4  6
4  7
4  6
4  5
4  7
4  6
4  6
4  6
4  5
4  7
4  7
4  5
4  6
4  5
4  7
4  5
4  7
4  5
4  6
4  7
4  7
4  7
4  5
4  6
4  7
4  7
4  7
4  5
4  7
4  5
4  6
4  7
4  5
4  7
4  5
4  5
4  7
4  5
4  5
4  6
4  6
4  5
4  6
4  5
4  7
4  7
4  6
4  5
4  7
4  6
4  6
4  6
4  6
4  7
4  6
4  5
4  7
4  7
4  7
4  5
4  7
4  5
4  6
4  6
4  5
4  7
4  6
4  7
4  7
4  7
4  7
4  5
4  7
4  6
4  7
4  5
4  5
4  5
4  7
4  7
4  5
4  5
4  6
4  5
4  6
4  5
4  5
4  6
4  6
4  6
4  6
4  6
4  7
4  5
4  7
4  6
4  7
4  6
4  7
4  5
4  7
4  5
4  6
4  6
4  7
4  7
4  7
4  7
4  6
4  7
4  6
5  5
5  6
5  5
5  6
5  6
5  6
5  5
5  5
5  6
5  4
5  6
5  5
5  6
5  4
5  5
5  4
5  4
5  6
5  4
5  6
5  5
5  6
5  4
5  6
5  5
5  6
5  4
5  5
5  6
5  6
5  4
5  4
5  4
5  4
5  5
5  4
5  5
5  4
5  6
5  5
5  6
5  5
5  5
5  6
5  4
5  4
5  4
5  5
5  4
5  6
5  4
5  4
5  5
5  4
5  6
5  6
5  4
5  5
5  5
5  6
5  4
5  4
5  4
5  4
5  5
5  5
5  4
5  6
5  5
5  4
5  4
5  5
5  4
5  5
5  5
5  4
5  6
5  4
5  5
5  6
5  6
5  4
5  4
6  4
6  4
6  5
6  4
6  4
6  4
6  6
6  4
6  4
6  6
6  4
6  6
6  5
6  6
6  5
6  6
6  6
6  5
6  4
6  4
6  5
6  6
6  5
6  4
6  4
6  4
6  6
6  5
6  6
6  6
6  6
6  5
6  4
6  6
6  5
6  5
6  4
6  5
6  5
6  5
6  4
6  5
6  5
6  4
6  5
6  4
6  5
6  4
6  4
6  5
6  6
6  4
6  6
6  4
6  4
6  4
6  5
6  5
6  5
6  5
6  5
6  6
6  5
6  4
6  5
6  4
6  4
6  5
6  4
6  6
6  5
6  5
6  4
6  6
6  5
6  4
6  5
6  5
6  5
6  6
6  4
6  6
6  4
6  6
6  5
6  5
6  4
6  4
6  5
6  4
6  5
6  4
6  5
6  4
6  5
6  6
6  6
6  6
6  6
6  6
6  6
6  4
6  5
6  4
6  4
6  5
6  4
6  4
6  5
6  4
6  6
6  5
6  5
6  5
6  4
6  6
6  5
6  4
6  4
6  6
6  6
6  6
6  6
6  4
6  4
6  4
6  6
6  5
6  6
6  5
6  5
6  6
6  5
6  6
6  5
6  4
6  4
6  6
6  6
6  5
6  6
6  6
7  -8
7  -8
7  -6
7  -6
7  -8
7  -8
7  -7
7  -7
7  -7
7  -6
7  -6
7  -8
7  -6
7  -8
7  -8
7  -8
7  -7
7  -7
7  -6
7  -8
7  -7
7  -7
7  -6
7  -7
7  -6
7  -8
7  -8
7  -8
7  -6
7  -8
7  -8
7  -7
7  -6
7  -6
7  -8
7  -6
7  -6
7  -8
7  -8
7  -8
7  -8
7  -8
7  -7
7  -6
7  -6
7  -7
7  -7
7  -6
7  -8
7  -8
7  -7
7  -8
7  -8
7  -7
7  -6
7  -7
7  -8
7  -8
7  -8
7  -8
7  -8
7  -7
7  -8
7  -7
7  -8
7  -8
7  -6
7  -7
7  -7
7  -8
7  -7
7  -6
7  -6
7  -8
7  -8
7  -6
7  -6
7  -8
7  -8
7  -6
7  -6
7  -6
7  -7
7  -8
7  -8
7  -8
7  -7
7  -6
7  -8
7  -7
7  -7
7  -6
7  -8
7  -8
7  -6
7  -8
7  -8
7  -6
7  -8
7  -7
7  -7
7  -8
7  -7
7  -7
7  -7
7  -8
7  -6
7  -7
7  -7
7  -8
7  -6
7  -7
7  -8
7  -7
7  -7
7  -8
7  -8
7  -6
7  -8
7  -7
7  -6
7  -7
7  -8
7  -8
7  -6
7  -8
7  -7
7  -8
7  -7
7  -6
7  -8
7  -8
7  -6
7  -8
7  -6
7  -8
8  -1
8  1
8  -1
8  1
8  0
8  0
8  0
8  1
8  0
8  0
8  0
8  -1
8  -1
8  0
8  1
8  0
8  -1
8  0
8  0
8  0
8  0
8  -1
8  1
8  0
8  0
8  0
8  1
8  -1
8  -1
8  1
8  0
8  1
8  -1
8  -1
8  0
8  -1
8  0
8  0
8  0
8  0
8  -1
8  1
8  -1
8  0
8  0
8  -1
8  1
8  -1
8  1
8  1
8  1
8  -1
8  -1
8  -1
8  1
8  -1
8  1
8  0
8  1
8  -1
8  0
8  1
8  1
8  1
8  1
8  1
8  1
8  1
8  1
8  0
8  0
8  0
8  1
8  1
8  0
8  0
8  1
8  -1
8  1
8  -1
8  0
8  1
8  0
8  1
8  0
8  1
8  0
8  0
8  0
8  0
8  1
8  -1
8  1
8  -1
8  1
8  0
8  1
8  0
8  0
8  0
8  1
8  0
8  1
8  -1
8  0
8  1
8  1
8  1
8  0
8  0
8  1
8  -1
8  1
8  -1
8  -1
8  0
8  -1
8  -1
8  -1
8  0
8  0
8  1
8  -1
8  1
8  -1
8  -1
8  -1
8  1
8  -1
8  -1
8  -1
8  0
8  0
8  0
8  -1
8  0
8  0
9  -8
9  -7
9  -8
9  -7
9  -7
9  -8
9  -7
9  -7
9  -8
9  -6
9  -8
9  -8
9  -6
10  -3
10  -3
10  -4
10  -2
10  -2
10  -2
10  -4
10  -2
10  -2
10  -2
10  -4
10  -2
10  -4
10  -3
10  -4
10  -2
10  -4
10  -2
10  -2
10  -2
10  -2
10  -3
10  -2
10  -3
10  -4
10  -4
10  -2
10  -2
10  -3
10  -3
10  -4
10  -3
10  -4
10  -3
10  -2
10  -4
10  -4
10  -4
10  -3
10  -2
10  -4
10  -3
10  -2
10  -4
10  -4
10  -2
10  -3
10  -2
10  -4
10  -2
10  -2
10  -2
11  -5
11  -5
11  -6
11  -7
11  -5
11  -5
11  -5
11  -7
11  -7
11  -7
11  -6
11  -7
11  -6
11  -7
11  -7
11  -5
11  -7
11  -5
11  -6
11  -5
11  -7
11  -7
11  -5
11  -6
11  -5
11  -6
11  -7
11  -7
11  -5
11  -6
11  -7
11  -7
11  -5
11  -7
11  -5
11  -6
11  -5
11  -6
11  -7
11  -5
11  -6
11  -7
11  -7
11  -6
11  -7
11  -7
11  -7
11  -5
11  -5
11  -6
11  -7
