1  -11
1  -3
1  -6
1  -10
1  -1
1  -8
1  -9
1  -4
1  -3
1  -7
1  -4
1  -8
1  -8
1  -2
1  -8
1  -2
1  -1
1  -13
1  -8
1  -3
1  1
1  -11
1  -1
1  0
1  0
1  -12
1  -13
1  -5
1  -2
1  1
1  -5
1  -4
1  -1
1  -12
1  -10
1  -3
1  -7
1  -3
1  -11
1  -8
1  -9
1  -6
1  -4
1  -1
1  -6
1  -5
1  -2
1  -11
2  -1
2  3
2  -7
2  0
2  -7
2  0
2  -1
2  -5
2  3
2  -10
2  -8
2  0
2  -2
2  2
2  1
2  2
2  -2
2  -9
2  -3
2  -3
2  0
2  -5
2  -11
2  2
2  -5
2  -3
2  -6
2  2
2  -10
2  -5
2  -7
2  -11
2  2
2  -2
2  -3
2  -7
2  2
2  -4
2  -4
2  -10
2  -11
2  2
2  -4
2  -1
2  0
2  -11
2  -10
2  2
2  -9
2  -4
2  -5
2  -2
2  -10
2  3
2  -3
2  3
2  1
2  -2
2  -7
2  -4
2  1
2  -4
2  -10
2  -7
2  -1
2  -2
2  -9
2  3
2  -7
2  -5
2  -2
2  -9
2  -2
2  3
2  -9
2  3
2  -2
2  -8
2  -11
2  -6
2  -7
2  -6
2  3
2  -2
2  -1
2  -3
2  3
2  -11
2  -5
2  -4
2  -5
2  -11
2  -6
2  -10
2  -9
2  2
2  3
2  -5
2  -11
2  1
2  -11
2  -3
2  -9
2  -5
2  -1
2  -6
2  -1
2  -9
2  -11
2  -8
2  3
2  -7
2  -10
2  0
2  -5
2  -9
2  1
2  -8
2  -4
2  -2
2  1
2  1
2  -7
2  -5
2  -11
2  -1
2  2
2  -1
2  -11
2  -1
2  2
2  1
2  3
2  0
2  2
2  -6
2  -10
2  -2
2  -9
2  -5
2  -10
2  1
2  -2
2  -8
2  -8
2  2
2  -4
2  0
2  -6
2  0
2  -6
2  -4
2  -3
2  -9
2  0
2  -4
2  2
2  3
2  -5
2  -6
2  -11
2  3
2  -5
2  2
2  -11
2  -9
2  0
2  -4
2  -9
2  -7
2  1
2  -9
2  3
2  -3
2  -4
2  -4
2  -1
2  -7
2  -10
2  2
2  -9
2  2
2  -5
2  -6
2  3
2  3
2  -5
2  -9
2  1
2  2
2  -2
2  -7
2  1
2  3
2  -8
2  -9
2  -10
2  0
2  1
2  -4
2  -3
2  -1
2  -9
2  1
2  1
2  -9
2  1
2  -11
2  -5
2  -4
3  -5
3  -6
3  2
3  -11
3  -1
3  -5
3  3
3  -6
3  3
3  0
3  -9
3  0
3  -10
3  -10
3  2
3  0
3  -11
3  -10
3  -3
3  -11
3  -6
3  -5
3  -9
3  1
3  -8
3  -5
4  3
4  -6
4  -5
4  1
4  -6
4  -7
4  -6
4  -4
4  7
4  3
4  -4
4  5
4  0
4  1
4  -5
4  -5
4  -4
4  -2
4  7
4  3
4  3
4  -7
4  5
4  -3
4  2
4  1
4  1
4  -4
4  1
4  7
4  3
4  -5
4  0
4  -2
4  -2
4  -3
4  5
4  -1
4  -7
4  1
4  0
4  -1
4  -2
4  -2
4  4
4  -4
4  6
4  7
4  -3
4  0
4  5
4  7
4  -4
4  7
4  1
4  -1
4  -6
4  6
4  3
4  -1
4  -1
4  7
4  6
4  6
4  -6
4  -2
4  6
4  3
4  4
4  -5
4  4
4  2
4  4
4  0
4  7
4  1
4  1
4  -5
4  4
4  1
4  -3
4  -5
4  7
4  5
4  -3
4  2
4  -7
4  1
4  -7
4  -6
4  -5
4  -5
4  0
4  4
4  -5
4  6
4  -6
4  -2
4  6
4  7
4  0
4  -5
4  -2
4  1
4  -4
4  2
4  4
4  -5
4  7
4  0
4  1
4  -4
4  -4
4  -7
4  -5
4  2
4  -3
4  4
4  5
4  0
4  -3
4  -5
4  -3
4  -7
4  -3
4  -7
4  -3
4  4
4  -7
5  3
5  4
5  4
5  -3
5  -7
5  5
5  -1
5  4
5  -2
5  -7
5  0
5  -7
5  -9
5  -5
5  5
5  -2
5  -4
5  -3
5  -1
5  -2
5  3
5  -1
5  -1
5  5
5  1
5  -5
5  -9
5  3
5  -5
5  2
5  -6
5  -8
5  3
5  -9
5  -6
5  -7
5  -5
5  2
5  0
5  -6
5  -5
5  2
5  -9
5  5
5  -4
5  1
5  4
5  -8
5  -6
5  -7
5  -4
5  -4
5  3
5  3
5  -3
5  -3
6  1
6  -2
6  -5
6  0
6  -11
6  -1
6  0
6  -3
6  0
6  2
6  -3
6  -8
6  -2
6  -1
6  -10
6  -1
6  -5
6  1
6  -10
6  -4
6  1
6  0
6  -8
6  -12
6  -10
6  -3
6  2
6  -5
6  -1
6  -6
6  -8
6  -10
6  -11
6  -5
6  -4
6  0
6  -1
6  -1
6  -8
6  0
6  2
6  -3
6  -4
6  -2
6  -9
6  0
6  -10
6  1
6  -6
6  -2
6  -8
6  -6
6  -5
6  -2
6  -12
6  -10
6  -7
6  -1
6  1
6  -4
6  1
6  -2
6  -7
6  -4
6  -7
6  -8
6  -12
6  -1
6  -8
6  -8
6  -12
6  -8
6  -9
6  -1
6  2
6  -12
6  -5
6  -5
6  -2
6  -3
6  -1
6  1
6  -3
6  -8
6  -12
6  -1
6  -9
6  -6
6  1
6  -4
6  -12
6  1
6  -11
6  -11
6  1
6  -8
6  -1
6  -5
6  -6
6  -3
6  -3
6  -6
6  -8
6  1
6  0
6  2
6  -7
6  -8
6  -2
6  -6
6  0
6  -8
6  -8
6  -7
6  -7
6  1
6  -3
6  -2
6  -2
6  -8
6  -9
6  -9
6  -11
6  -12
6  -11
6  -4
6  1
6  0
6  -5
6  -12
6  -9
6  -1
6  -2
6  -9
6  -10
6  -8
6  -5
6  2
6  -4
6  -12
6  -3
6  -3
6  -5
6  -1
6  1
6  -9
6  -8
6  2
6  -9
6  -10
6  2
6  -5
6  -7
6  -12
6  -7
6  -5
6  -10
6  -1
6  -4
6  0
6  -11
6  -2
6  -6
6  -3
6  1
6  -1
6  2
6  -12
6  0
6  -12
6  -3
6  -4
6  -8
6  -8
6  -9
6  -8
6  1
6  -6
6  0
6  -3
6  -1
6  -10
6  2
6  -7
6  -2
6  -8
6  -3
6  -7
6  -6
6  2
6  0
6  -3
6  -3
6  -9
6  -1
6  -4
7  7
7  2
7  10
7  12
7  3
7  13
7  2
7  2
7  0
7  9
7  0
7  14
7  14
7  11
7  5
7  5
7  6
7  11
7  13
7  6
7  0
7  7
7  14
7  8
7  11
7  1
7  2
7  14
7  2
7  0
7  4
7  5
7  10
7  13
7  8
7  11
7  12
7  3
7  10
7  6
7  2
7  10
7  14
7  10
7  0
7  4
7  8
7  1
7  3
7  6
7  6
7  2
7  10
8  -1
8  -1
8  -2
8  -2
8  -6
8  -4
8  2
8  -9
8  0
8  1
8  -4
8  -10
8  -9
8  -2
8  -1
8  1
8  -6
8  1
8  2
8  -5
8  -4
8  -10
8  -1
8  -12
8  2
8  0
8  -8
8  0
8  -11
8  -5
8  -5
8  -9
8  -1
8  -6
8  -7
8  -4
8  -10
8  -7
8  2
8  -8
8  -2
8  -6
8  -3
8  -6
8  -11
8  -8
8  -7
8  -8
8  -6
8  -3
8  -5
8  -10
8  -12
8  1
8  0
8  -12
8  -1
8  -7
8  -11
8  -10
8  -4
8  2
8  -7
8  1
8  1
8  -2
8  -8
8  0
8  -4
8  2
8  -3
8  -2
8  -5
8  -8
8  -10
8  -7
8  -1
8  -3
8  -6
8  -3
8  -1
8  -5
8  -12
8  -3
8  -7
8  -8
8  -7
8  -7
8  0
8  -11
8  -10
8  -4
8  -6
8  -6
8  -3
8  -5
8  -8
8  -1
8  -1
8  -8
8  -9
8  -1
8  -5
8  -10
8  -7
8  -3
8  -11
8  1
8  -6
8  -1
8  -7
8  -5
8  -8
8  -5
8  -8
8  -5
8  -4
8  0
8  2
8  -7
8  -4
8  1
8  1
8  -6
8  1
8  1
8  -1
8  -10
8  1
8  -6
8  -6
8  -2
8  -2
8  -10
8  -10
8  -5
8  -5
8  -6
8  -6
8  -5
8  1
8  -3
8  -9
8  -4
8  -4
8  -10
8  -10
8  2
8  2
8  2
8  -3
8  -12
8  1
8  -7
8  0
8  0
8  -3
8  -5
8  1
8  -4
8  -7
8  -12
8  -12
8  -5
8  -11
8  -3
8  -10
8  -5
8  -3
8  -12
8  1
8  0
8  -7
8  -5
8  -7
8  -1
8  -9
8  -11
8  -3
8  -7
8  -11
8  -10
8  -7
8  -3
8  0
8  -4
8  -10
8  -12
8  1
8  -3
8  -12
8  -4
8  -7
8  -1
8  -4
8  -8
8  -9
8  2
8  -11
8  -9
8  -4
8  -7
8  -11
8  -12
8  -9
8  -8
8  -7
8  2
8  -1
8  -8
8  -10
8  -12
8  -3
8  2
8  -5
8  1
8  1
8  -1
8  -10
8  -1
8  -4
8  -9
8  -7
8  -8
8  -12
8  -1
8  -2
8  -5
8  -6
8  2
8  -6
8  -7
8  -12
8  -6
8  -1
8  -1
8  -3
8  -9
8  -5
8  -12
8  -11
8  -9
8  -1
8  -4
8  -12
8  -8
8  -1
8  -2
8  2
8  -12
8  -2
8  -4
8  -3
8  -9
8  -8
8  -8
8  -10
8  -5
8  -4
8  1
8  1
8  -1
8  -4
8  -4
8  -1
8  -5
8  -2
8  -10
8  -10
8  -4
8  -10
8  -7
8  -8
8  -1
8  -1
8  -8
8  -10
8  -11
8  -4
8  -8
8  -9
8  -8
