1  -5
1  -5
1  -7
1  -7
1  -6
1  -5
1  -7
1  -6
1  -7
1  -6
1  -6
1  -5
1  -6
1  -7
1  -5
1  -5
1  -7
1  -6
1  -5
1  -6
1  -6
1  -7
1  -5
1  -5
1  -7
1  -5
1  -5
1  -6
1  -6
1  -6
1  -5
1  -6
1  -5
1  -6
1  -5
1  -6
1  -5
1  -6
1  -7
1  -5
1  -7
1  -6
1  -7
1  -5
1  -5
1  -7
1  -5
1  -6
1  -7
1  -6
1  -5
1  -7
1  -7
1  -7
1  -5
1  -5
1  -7
1  -6
1  -7
1  -5
1  -5
1  -5
1  -6
1  -7
1  -6
1  -6
1  -5
1  -7
1  -7
1  -6
1  -7
1  -7
1  -7
1  -6
1  -7
1  -5
1  -5
1  -6
1  -5
1  -5
1  -7
1  -6
1  -6
1  -5
1  -7
1  -6
1  -7
1  -5
1  -6
1  -5
1  -5
1  -7
1  -6
1  -5
1  -7
1  -5
1  -5
1  -6
1  -7
1  -7
1  -7
1  -5
1  -5
1  -7
1  -6
1  -6
1  -7
1  -6
1  -6
1  -5
1  -6
1  -6
1  -7
1  -7
1  -5
1  -5
1  -5
1  -7
1  -7
1  -6
1  -5
1  -6
1  -7
1  -7
1  -5
1  -5
1  -5
1  -5
1  -5
1  -5
1  -7
1  -7
1  -7
1  -6
1  -6
1  -6
1  -6
1  -5
1  -5
1  -7
1  -6
1  -7
1  -6
1  -5
1  -5
1  -5
1  -6
1  -7
1  -6
1  -5
1  -6
1  -7
1  -5
1  -5
1  -7
1  -6
1  -5
1  -6
1  -6
1  -6
1  -7
1  -7
1  -6
1  -7
1  -7
1  -5
1  -6
1  -6
1  -7
1  -5
1  -5
1  -5
1  -7
1  -5
1  -7
1  -7
1  -5
1  -6
1  -5
1  -7
1  -6
1  -7
1  -7
1  -7
1  -7
1  -6
1  -7
1  -5
1  -7
1  -5
1  -5
1  -6
1  -5
1  -7
1  -5
1  -5
1  -6
1  -6
1  -5
1  -6
1  -5
1  -7
1  -6
1  -6
1  -7
1  -7
1  -6
1  -6
1  -7
1  -7
1  -5
1  -5
1  -7
1  -6
1  -6
1  -7
1  -5
1  -6
1  -7
1  -5
2  1
2  -1
2  1
2  1
2  -1
2  0
2  -1
2  -1
2  0
2  0
2  -1
2  0
2  0
2  -1
2  1
2  0
2  1
2  0
2  0
2  0
2  0
2  0
2  -1
2  1
2  -1
2  -1
2  -1
2  -1
2  1
2  1
2  1
2  -1
2  -1
2  1
2  1
2  -1
2  -1
2  0
2  0
2  -1
2  1
2  1
2  1
2  -1
2  -1
2  1
2  -1
2  1
2  -1
2  0
2  -1
2  0
2  -1
2  -1
2  -1
2  -1
2  1
2  1
2  1
2  1
2  0
2  0
2  1
2  -1
2  1
2  0
2  1
2  1
2  0
2  1
2  1
2  -1
3  0
3  2
3  0
3  2
3  0
3  1
3  1
3  1
3  0
3  2
3  1
3  0
3  2
3  1
3  2
3  0
3  1
3  1
3  1
3  0
3  2
3  2
3  1
3  2
3  0
3  1
3  2
3  0
3  2
3  2
3  1
3  1
3  1
3  2
3  0
3  2
3  1
3  1
3  0
3  2
3  0
3  1
3  0
3  2
3  0
3  2
3  2
3  2
3  2
3  0
3  0
3  1
3  0
3  2
3  0
3  0
3  2
3  2
3  2
3  1
3  2
3  2
3  2
3  2
3  1
3  0
3  1
3  1
3  1
3  0
3  2
3  2
3  2
3  0
3  1
3  1
3  2
3  0
3  1
3  0
3  1
3  0
3  2
3  1
3  2
3  0
3  0
3  0
3  1
3  0
3  2
3  2
3  2
3  1
3  2
3  0
3  2
3  2
3  1
3  0
3  0
3  2
3  2
3  0
3  0
3  2
3  1
3  0
3  1
3  2
3  1
3  2
3  0
3  0
3  2
3  2
3  0
3  2
3  1
3  1
3  2
3  1
3  1
3  1
3  0
3  0
3  1
3  2
3  1
3  0
3  0
3  1
3  2
3  1
3  1
3  1
3  0
3  2
3  0
3  2
3  0
3  2
3  1
3  2
3  1
4  -1
4  -1
4  -1
4  -1
4  1
4  0
4  0
4  -1
4  -1
4  1
4  0
4  -1
4  -1
4  -1
4  0
4  1
4  -1
4  -1
4  0
4  1
4  1
4  1
4  0
4  0
4  1
4  1
4  1
4  0
4  1
4  1
4  1
4  -1
4  -1
4  0
4  0
4  0
4  1
4  1
4  1
4  1
4  -1
4  0
4  -1
4  -1
4  -1
4  -1
4  0
4  0
4  0
4  0
4  0
4  -1
4  1
4  -1
4  0
4  1
4  0
4  1
4  0
4  0
4  1
4  0
4  1
4  1
4  1
4  -1
4  -1
4  1
4  1
4  1
4  0
4  -1
4  1
4  1
4  -1
4  -1
4  -1
4  -1
4  0
4  1
4  0
4  -1
4  0
4  1
4  1
4  -1
4  1
4  -1
4  -1
4  0
4  0
4  -1
4  1
4  -1
4  0
4  -1
4  -1
4  0
4  0
4  -1
5  -7
5  -6
5  -7
5  -6
5  -5
5  -7
5  -5
5  -7
5  -7
5  -7
5  -7
5  -7
5  -6
5  -6
5  -6
5  -6
5  -7
5  -6
5  -5
5  -7
5  -7
5  -5
5  -7
5  -5
5  -6
5  -5
5  -5
5  -7
5  -5
5  -5
5  -7
5  -7
5  -7
5  -6
5  -6
5  -5
5  -5
5  -6
5  -5
5  -5
5  -5
5  -7
5  -7
5  -6
5  -6
5  -6
5  -6
5  -6
5  -6
5  -6
5  -7
5  -7
5  -6
5  -5
5  -5
5  -5
5  -6
5  -5
5  -5
5  -5
5  -7
5  -6
5  -5
5  -7
5  -5
5  -6
5  -6
5  -6
5  -7
5  -6
5  -5
5  -5
5  -5
5  -6
5  -7
5  -6
5  -5
5  -6
5  -7
5  -7
5  -6
5  -7
5  -5
5  -6
5  -7
5  -5
5  -6
5  -7
5  -7
5  -5
5  -5
5  -7
5  -5
5  -6
5  -5
5  -6
5  -7
5  -6
5  -7
5  -7
5  -7
5  -6
5  -6
5  -5
5  -6
5  -5
5  -5
5  -5
5  -7
5  -7
5  -6
5  -5
5  -5
5  -6
5  -5
5  -7
5  -5
5  -7
5  -6
5  -5
5  -6
5  -6
5  -7
5  -6
5  -5
5  -5
5  -7
5  -5
5  -6
5  -6
5  -5
5  -7
5  -7
5  -5
5  -5
5  -6
5  -6
5  -5
5  -7
5  -7
5  -5
5  -6
5  -6
5  -6
5  -5
5  -7
5  -5
5  -5
5  -5
5  -6
5  -7
5  -7
5  -5
5  -5
5  -7
5  -7
5  -6
5  -5
5  -5
5  -6
5  -7
5  -6
5  -7
5  -7
5  -7
5  -5
5  -5
5  -6
5  -5
5  -6
5  -5
5  -7
5  -5
5  -6
5  -7
5  -5
5  -7
5  -5
5  -5
5  -5
5  -7
5  -5
5  -6
5  -5
5  -6
5  -7
5  -6
5  -6
5  -7
5  -5
5  -5
5  -7
5  -6
5  -5
5  -5
5  -7
5  -6
5  -5
5  -5
5  -6
5  -5
5  -7
5  -7
5  -6
5  -7
5  -6
5  -6
5  -5
5  -7
5  -7
5  -5
5  -7
5  -7
5  -7
5  -6
6  -6
6  -4
6  -6
6  -4
6  -4
6  -6
6  -6
6  -6
6  -5
6  -4
6  -6
6  -4
6  -6
6  -5
6  -6
6  -4
6  -6
6  -4
6  -4
6  -6
6  -4
6  -6
6  -4
6  -4
6  -6
6  -4
6  -6
6  -6
6  -6
6  -4
6  -4
6  -4
6  -4
6  -4
6  -6
6  -6
6  -6
6  -5
6  -5
6  -5
6  -4
6  -6
6  -5
6  -6
6  -6
6  -5
6  -5
6  -4
6  -6
6  -6
6  -6
6  -5
6  -6
6  -6
6  -4
6  -4
6  -5
6  -4
6  -5
6  -4
6  -5
6  -6
6  -4
6  -4
6  -5
6  -5
6  -5
6  -6
6  -6
6  -6
6  -6
6  -5
6  -4
6  -6
6  -5
6  -6
6  -5
6  -5
6  -4
6  -6
6  -4
6  -4
6  -5
6  -4
6  -4
6  -6
6  -6
6  -6
6  -5
6  -4
6  -5
7  1
7  2
7  1
7  0
7  1
7  1
7  0
7  2
7  0
7  1
7  0
7  1
7  0
7  1
7  2
7  0
7  1
7  1
7  0
7  2
7  2
7  0
7  2
7  2
7  2
7  0
7  0
7  0
7  2
8  2
8  2
8  3
8  3
8  3
8  2
8  1
8  1
8  3
8  3
8  2
8  1
8  1
8  3
8  3
8  1
8  1
8  1
8  2
8  1
8  1
8  1
8  1
8  3
8  2
8  3
8  2
8  3
8  3
8  3
8  1
8  1
8  3
8  2
8  1
8  2
8  1
8  2
8  2
8  2
8  2
8  3
8  3
8  1
8  2
8  2
8  1
8  3
8  2
8  3
8  2
8  1
8  1
8  1
8  1
8  2
8  1
8  3
8  1
8  3
8  1
8  3
8  1
8  3
8  2
8  1
8  3
8  2
8  3
8  1
8  2
8  2
8  2
8  2
8  2
8  2
8  3
8  3
8  2
8  3
8  2
8  2
8  3
8  1
8  2
8  2
8  2
8  3
8  2
8  1
8  3
8  2
8  2
8  1
8  3
8  1
8  2
8  3
8  3
8  2
8  3
8  1
8  2
8  1
8  2
8  2
8  3
8  3
8  1
8  2
8  1
8  3
8  1
8  1
8  1
8  3
8  3
8  1
8  3
8  2
8  1
8  2
8  3
8  1
8  2
8  2
8  1
8  3
