1  1
1  0
1  0
1  1
1  0
1  2
1  0
1  0
1  0
1  2
1  0
1  2
1  2
1  2
1  0
1  2
1  0
1  2
1  2
1  1
1  0
1  1
1  0
1  1
1  1
1  0
1  0
1  1
1  1
1  1
1  0
1  0
1  2
1  2
1  0
1  1
1  0
1  0
1  0
1  2
1  0
1  2
1  1
1  0
1  1
1  1
1  0
1  2
1  1
1  1
1  1
1  0
1  2
1  1
1  2
1  2
1  0
1  2
1  0
1  1
1  0
1  0
1  0
1  1
1  1
1  0
1  2
1  0
1  0
1  2
1  2
1  1
1  1
1  2
1  2
1  1
1  1
1  2
1  1
1  2
1  0
1  0
1  1
1  1
1  2
1  0
1  2
1  2
1  1
1  2
1  1
1  0
1  1
1  1
1  1
1  2
1  1
1  1
1  1
1  2
1  1
1  1
1  1
1  0
1  2
1  2
1  0
1  2
1  1
1  0
1  1
1  0
1  2
1  1
1  1
1  0
1  2
1  1
1  1
1  2
1  1
1  0
1  0
1  2
1  2
1  0
1  1
1  1
1  0
1  2
1  2
1  2
1  0
1  0
1  0
1  2
1  2
1  2
1  0
1  1
1  2
1  0
1  2
1  2
1  2
1  1
1  0
1  0
1  0
1  2
1  1
1  2
1  0
1  1
1  2
1  2
1  1
1  2
1  2
1  2
1  2
1  2
1  2
1  2
1  1
1  1
1  1
1  1
1  2
1  1
1  1
1  2
1  1
1  0
1  0
1  0
1  2
1  2
1  1
1  2
1  2
1  2
1  2
1  1
1  2
1  1
1  0
1  2
1  1
1  1
1  1
1  1
1  0
1  1
1  0
1  2
1  0
1  0
1  1
1  0
1  0
1  0
1  2
1  1
1  2
1  1
1  0
1  1
1  1
1  1
1  2
1  0
1  1
1  0
1  2
1  1
1  1
1  2
1  1
1  1
1  2
1  0
2  1
2  0
2  -1
2  1
2  -1
2  0
2  0
2  0
2  -1
2  -1
2  0
2  -1
2  -1
2  -1
2  0
2  0
2  -1
2  0
2  1
2  0
2  1
2  0
2  -1
2  0
2  0
2  0
2  -1
2  1
2  0
2  -1
2  1
2  1
2  -1
2  -1
2  -1
2  -1
2  -1
2  0
2  -1
2  1
2  0
2  0
2  1
2  0
2  0
2  -1
2  1
2  -1
2  0
2  -1
2  -1
2  -1
2  0
2  -1
2  1
2  -1
2  -1
2  0
2  1
2  -1
2  0
2  -1
2  1
2  0
2  1
2  -1
2  0
2  -1
2  0
3  4
3  5
3  5
3  4
3  4
3  3
3  5
3  5
3  5
3  4
3  5
3  3
3  4
3  3
3  3
3  3
3  4
3  3
3  3
3  4
3  4
3  3
3  4
3  4
3  4
3  4
3  3
3  5
3  5
3  5
3  5
3  4
3  4
3  4
3  3
3  5
3  4
3  5
3  5
3  5
3  4
3  4
3  3
3  4
3  3
3  5
3  5
3  5
3  4
3  5
3  5
3  3
3  5
3  5
3  4
3  4
3  4
3  5
3  5
3  3
3  4
3  3
3  5
3  3
3  5
3  3
3  3
3  3
3  4
3  3
3  3
3  5
3  4
3  4
3  4
3  5
3  3
3  5
3  5
3  3
3  3
3  3
3  3
3  4
3  4
3  5
3  4
3  3
3  4
3  3
3  4
3  3
3  5
3  3
3  3
3  3
3  3
3  3
3  3
3  3
3  5
3  4
3  5
3  4
3  5
3  4
3  3
3  5
3  4
3  4
3  3
3  3
3  3
3  5
3  4
3  5
3  3
3  5
3  3
3  3
3  4
3  4
3  5
3  5
3  5
3  3
3  3
3  4
3  3
3  5
3  3
3  4
3  5
3  3
3  3
3  3
3  4
3  5
3  3
3  3
3  4
3  3
3  3
3  3
3  4
3  4
3  3
3  3
3  4
3  3
3  4
3  5
3  4
3  3
3  5
3  4
3  3
3  5
3  5
4  -1
4  0
4  1
4  -1
4  1
4  0
4  -1
4  -1
4  1
4  1
4  0
4  -1
4  1
4  -1
4  0
4  -1
4  -1
4  0
4  -1
4  0
4  1
4  -1
4  1
4  0
4  -1
4  1
4  0
4  0
4  0
4  -1
4  1
4  -1
4  0
4  -1
4  0
4  1
4  0
4  0
4  -1
4  -1
4  -1
4  -1
4  -1
4  1
4  -1
4  -1
4  0
4  1
4  1
4  -1
4  0
4  1
4  -1
4  -1
4  -1
4  -1
4  0
4  -1
4  1
4  1
4  -1
4  1
4  1
4  0
4  0
4  -1
4  -1
4  0
4  -1
4  0
4  1
4  -1
4  0
4  1
4  1
4  -1
4  -1
4  0
4  1
4  0
4  -1
4  0
4  -1
4  1
4  0
4  1
4  0
4  0
4  0
4  0
4  1
4  1
4  0
4  -1
4  1
4  -1
4  0
4  1
4  0
4  -1
4  1
4  0
4  1
4  1
4  0
4  1
4  0
4  1
4  0
4  -1
4  1
4  1
4  0
4  -1
4  1
4  1
4  -1
4  0
4  1
4  0
4  1
4  -1
4  1
4  -1
4  0
4  0
4  0
4  -1
4  -1
4  -1
4  0
4  1
4  -1
4  1
4  0
4  0
4  0
4  0
4  1
4  1
4  0
4  -1
4  -1
4  0
4  0
4  0
4  -1
4  1
4  -1
4  0
4  1
4  1
4  0
4  1
5  1
5  2
5  3
5  2
5  3
5  1
5  2
5  2
5  2
5  3
5  1
5  2
5  2
5  1
5  1
5  1
5  1
5  3
5  3
5  1
5  1
5  1
5  2
5  3
5  2
5  3
5  3
5  3
5  2
5  1
5  3
5  2
5  3
5  1
5  1
5  1
5  1
5  3
5  1
5  1
5  2
5  1
5  2
5  1
5  2
5  2
5  2
5  2
5  2
5  2
5  3
5  3
5  2
5  1
5  3
5  1
5  3
5  2
5  1
5  2
5  3
5  3
5  1
5  3
5  2
5  3
5  1
5  3
5  1
5  2
5  2
5  1
5  2
5  3
5  2
5  1
5  3
5  3
5  3
5  3
5  2
5  1
5  2
5  1
5  3
5  1
5  1
5  2
5  2
5  3
5  1
5  2
5  2
5  1
5  3
5  3
5  2
5  2
5  1
5  3
5  1
5  3
5  3
5  3
5  1
5  2
5  3
5  3
5  3
5  1
5  1
5  2
5  1
5  1
5  3
5  3
5  2
5  3
5  1
5  3
5  2
5  3
5  1
5  2
5  2
5  1
5  1
5  1
5  1
5  2
5  3
5  3
5  2
5  2
5  3
5  2
5  1
5  3
5  2
5  3
5  3
5  3
5  3
5  3
5  2
5  2
5  3
5  2
5  2
5  2
5  3
5  3
5  3
5  1
5  3
5  3
5  3
5  1
5  2
5  3
5  1
5  2
5  2
5  1
5  2
5  1
5  2
5  2
5  1
5  2
5  2
5  2
5  2
5  2
5  3
5  2
5  3
5  3
5  3
6  -1
6  -3
6  -1
6  -3
6  -3
6  -1
6  -2
6  -1
6  -3
6  -3
6  -3
6  -2
6  -1
6  -2
6  -3
6  -2
6  -3
6  -1
6  -1
6  -2
6  -2
6  -1
6  -2
6  -1
6  -1
6  -2
6  -2
6  -3
6  -2
6  -3
6  -3
6  -3
6  -1
6  -3
6  -3
6  -1
6  -3
6  -1
6  -2
6  -3
6  -2
6  -1
6  -2
6  -3
6  -3
6  -1
7  -4
7  -6
7  -6
7  -6
7  -5
7  -5
7  -5
7  -4
7  -6
7  -5
7  -5
7  -4
7  -4
7  -5
7  -6
7  -4
7  -5
7  -6
7  -4
7  -5
7  -5
7  -5
7  -6
7  -5
7  -5
7  -6
7  -5
7  -4
7  -5
7  -6
7  -4
7  -5
7  -4
7  -5
7  -4
7  -4
7  -6
7  -4
7  -6
7  -6
7  -4
7  -5
7  -5
7  -4
7  -5
7  -5
7  -4
7  -4
7  -4
7  -6
7  -6
7  -6
7  -5
7  -4
7  -6
7  -4
7  -6
7  -5
7  -6
7  -6
7  -5
7  -4
7  -5
7  -6
7  -6
7  -5
7  -5
7  -6
7  -5
7  -4
7  -4
7  -4
7  -6
7  -6
7  -6
7  -5
7  -5
7  -6
7  -4
7  -5
7  -6
7  -5
7  -5
7  -4
7  -5
7  -4
7  -6
7  -4
7  -4
7  -6
7  -5
7  -4
7  -4
7  -5
7  -6
7  -4
7  -5
7  -5
7  -5
7  -5
7  -6
7  -4
7  -5
7  -6
7  -6
7  -5
7  -4
7  -5
7  -6
7  -6
7  -4
7  -6
7  -6
7  -5
7  -5
7  -5
7  -5
7  -5
7  -5
7  -5
7  -6
7  -4
7  -6
7  -5
7  -5
7  -6
7  -6
7  -5
7  -4
7  -4
7  -6
7  -6
7  -5
7  -5
7  -4
7  -5
7  -5
7  -6
7  -5
7  -6
7  -5
7  -4
7  -5
7  -5
7  -5
7  -5
7  -5
7  -4
7  -4
7  -4
7  -4
7  -5
7  -4
7  -5
7  -5
7  -4
7  -5
7  -5
7  -5
7  -4
7  -5
7  -4
7  -5
7  -5
7  -6
7  -6
7  -5
7  -4
7  -6
7  -6
7  -5
