1  1
1  6
1  -4
1  0
1  -6
1  4
1  -1
1  -2
1  5
1  -5
1  6
1  5
1  2
1  -4
1  0
1  -1
1  -3
1  4
1  8
1  -4
1  3
1  -4
1  -6
1  -5
1  5
1  5
1  7
1  2
1  2
1  0
1  1
1  5
1  -5
1  -1
1  -3
1  -4
1  -3
1  -1
1  -1
1  -4
1  8
1  0
1  8
1  5
1  8
1  1
1  -2
1  -1
1  -2
1  4
1  -2
1  -5
1  2
1  -4
1  1
1  6
1  3
1  8
1  4
1  4
1  -4
1  2
1  3
1  -3
1  -6
1  8
1  -2
1  5
1  0
1  7
1  8
1  4
1  -5
1  0
1  8
1  -4
1  7
1  0
1  3
1  -3
1  -6
1  4
1  7
1  0
1  0
1  7
1  7
1  0
1  -4
1  -3
1  7
1  -6
1  -6
1  -6
1  0
1  0
1  -4
1  -4
1  -3
1  4
1  1
1  3
1  2
1  -2
1  -5
1  -6
1  2
1  5
1  4
1  -3
1  -6
1  1
1  7
1  -2
1  -2
1  4
1  -3
1  2
1  3
1  2
1  -6
1  8
1  0
1  1
1  -2
1  5
1  7
1  0
1  0
1  -5
1  0
1  -5
1  8
1  2
1  -2
1  2
1  8
1  2
1  8
1  -3
1  7
1  7
1  0
1  -4
1  8
1  5
1  -2
1  6
1  2
1  -5
1  -4
1  8
1  -4
1  1
1  -5
1  3
1  6
1  -2
1  7
1  8
1  -1
1  3
1  3
1  -3
1  6
1  6
1  3
1  -4
1  -6
1  0
1  3
1  8
1  0
1  -5
1  4
1  6
1  -6
1  7
1  6
1  8
1  4
1  0
1  -1
1  7
1  6
1  1
1  8
1  1
1  4
1  4
1  2
1  5
1  -3
1  -6
1  6
1  6
1  -3
1  -5
1  -2
1  1
1  7
1  -2
1  6
1  0
1  -1
1  -6
1  2
1  -1
1  3
1  1
1  -1
1  -1
1  -4
1  6
1  4
1  -1
1  -3
1  -6
1  -1
1  -4
1  -6
1  -5
1  1
1  3
1  2
1  5
1  5
1  3
1  -2
1  -3
1  -2
1  5
1  0
1  -6
1  -3
1  -2
1  -4
1  3
1  3
1  7
1  7
1  8
1  7
1  -1
1  7
1  -6
1  2
1  0
1  0
1  5
1  7
1  -3
1  2
1  -2
1  -2
1  -1
1  -5
1  7
1  5
1  4
1  -1
1  5
1  3
1  -4
1  6
1  -3
1  -6
1  3
1  7
1  -5
1  2
1  1
1  0
1  7
1  -2
1  1
1  -6
1  5
1  -3
1  7
1  3
1  7
1  -4
1  1
1  3
1  4
1  2
1  6
1  4
1  -4
1  8
1  -1
1  -4
1  3
1  4
1  8
1  1
1  -4
2  4
2  9
2  0
2  7
2  12
2  11
2  6
2  -1
2  -1
2  9
2  -2
2  5
2  11
2  3
2  4
2  6
2  12
2  -1
2  11
2  3
2  11
2  9
2  3
2  1
2  6
2  12
2  3
2  2
2  5
2  -2
2  3
2  8
2  4
2  -1
2  9
2  1
2  8
2  10
2  -1
2  -2
2  8
2  7
2  -2
2  4
2  0
2  7
2  4
2  4
2  11
2  11
2  10
2  -1
2  6
2  5
2  4
2  -1
2  3
2  12
2  12
2  10
2  9
2  9
2  12
2  0
2  0
2  7
2  11
2  4
2  0
2  2
2  11
2  3
2  10
2  -2
2  7
2  10
2  3
2  12
2  4
2  7
2  7
2  12
2  -1
2  -1
2  -1
2  -1
2  5
2  10
2  1
2  2
2  4
2  2
2  10
2  0
2  9
2  4
2  10
2  1
2  1
2  5
2  1
2  7
2  7
2  4
2  9
2  3
2  -2
2  -1
2  11
2  11
2  3
2  11
2  2
2  3
2  -2
2  12
2  6
2  5
2  11
2  3
2  12
2  9
2  2
2  5
2  2
2  -2
2  5
2  12
2  1
2  -2
2  0
2  2
2  6
2  3
2  12
2  5
2  2
2  -1
2  -1
2  1
2  5
2  -1
2  4
2  4
2  5
2  12
2  2
2  6
2  9
2  11
2  4
2  6
2  10
2  7
2  -1
2  5
2  2
2  11
2  11
2  5
2  9
2  9
2  0
2  -2
2  11
2  11
2  6
2  11
2  -2
2  8
3  1
3  -4
3  -10
3  -9
3  -8
3  -3
3  0
3  1
3  -9
3  -7
3  -4
3  -8
3  -11
3  -12
3  -10
3  1
3  -8
3  -9
3  -8
3  -5
3  1
3  -4
3  -3
3  -12
3  -12
3  -9
3  -5
3  1
3  -8
3  1
3  -13
3  -5
3  -11
3  -11
3  -1
3  -3
3  -5
3  -2
3  0
3  -1
3  -4
3  -7
3  -2
3  -10
3  -11
3  -6
3  -5
3  -1
3  -12
3  -6
3  -5
3  -13
3  -2
3  -2
3  -5
3  -11
3  -12
3  -7
3  -8
3  -1
3  -8
3  0
3  -12
3  -1
3  -6
3  -12
3  -1
3  -3
3  -8
3  -2
3  0
3  -7
3  -9
3  -8
3  -12
3  1
3  -2
3  0
3  -11
3  -5
3  0
3  -5
3  -6
3  -8
3  -1
3  -11
3  0
3  -5
3  -8
3  -10
3  -8
3  -9
3  -6
3  -2
3  -9
3  -13
3  -5
3  -13
3  0
3  -1
3  -8
3  -8
3  -9
3  -6
3  -11
3  -12
3  -4
3  -11
3  -6
3  -11
3  -3
3  -8
3  0
3  -1
3  -8
3  -4
3  -10
3  -9
3  -13
3  -4
3  -8
3  -12
3  -6
3  -10
3  -1
3  -5
3  -4
3  -8
3  -12
3  1
3  -6
3  -3
3  -8
3  -13
3  -2
3  1
3  -12
3  -1
3  -13
3  -5
3  -2
3  -10
3  -6
3  -2
3  0
3  -2
3  -3
3  -12
3  -11
3  -13
3  -3
3  -2
3  -4
3  -7
3  -6
3  0
3  0
3  -8
3  -7
3  -2
3  -4
3  -12
3  -2
3  0
3  -1
3  -4
3  -2
3  -9
3  -9
3  -6
3  -2
3  -5
3  -5
3  -2
3  -5
3  -11
3  -8
3  -10
3  -2
3  -12
3  0
3  -13
3  -12
3  -12
3  -10
3  -10
3  -12
3  1
3  -2
3  -5
3  -3
3  -13
3  -13
3  -9
3  -2
3  -8
3  -6
3  -10
3  -4
3  -5
3  -8
3  -3
3  -3
3  -11
3  1
3  -6
3  -5
3  -9
3  -1
3  0
3  -2
3  -10
3  -13
3  -8
4  -13
4  0
4  -6
4  -10
4  -14
4  -12
4  -9
4  -2
4  -5
4  -8
4  -9
4  -5
4  -1
4  -4
4  -11
4  -14
4  -7
4  -12
4  -6
4  -4
4  -6
4  -3
4  -11
4  -3
4  -10
4  -7
4  -12
4  0
4  -11
4  -7
4  -4
4  -6
4  -8
4  -7
4  -11
4  -1
4  -6
4  0
4  -6
4  -7
4  -10
4  -4
4  -13
4  -8
4  0
4  -14
4  -2
4  -6
4  -14
4  -10
4  -8
4  -11
4  -6
4  -1
4  -9
4  -11
4  -8
4  -10
4  -10
4  -2
4  -14
4  -13
4  -8
4  -2
4  -9
4  -9
4  -2
4  -14
4  -8
4  -12
4  -10
4  0
4  -5
4  -8
4  -3
4  -14
4  -2
4  -6
4  -2
4  -1
4  -10
4  -2
4  -6
4  -10
4  -5
4  0
4  0
4  -3
4  -4
4  -1
4  -5
4  -8
4  -9
4  -5
4  -1
4  -14
4  0
4  -8
4  -3
4  -1
4  -8
4  -9
4  -4
4  -12
4  -9
4  0
4  -6
4  -1
4  -5
4  -13
4  -2
4  -11
4  -5
4  -12
4  -4
4  -9
4  -4
4  -2
4  -13
4  -5
4  -12
4  -13
4  -12
4  -5
4  -5
4  -6
4  -13
4  -10
4  -14
4  -7
4  -1
4  -1
4  -9
4  -14
4  0
4  -7
4  -11
4  -7
4  -6
4  -11
4  -13
4  -13
4  -6
4  -5
4  -11
4  -10
4  -2
4  -7
4  -4
4  -11
4  -13
4  -2
4  -11
4  0
4  -7
4  -8
4  -7
4  -6
4  -1
4  -7
4  -1
4  -12
4  -5
4  -12
4  -1
4  -13
4  -6
4  -3
4  -7
4  -11
4  -5
4  -3
4  -5
4  -11
4  -8
4  -6
4  -8
4  -5
4  -10
4  -7
4  -10
4  -14
4  -2
4  -10
4  -8
4  -1
4  -12
4  -6
4  -12
4  -2
4  -12
4  -6
4  0
4  -10
4  -11
4  -11
4  -3
4  -3
4  -3
4  -13
4  -6
4  -9
4  -6
4  -5
4  -4
4  -13
4  -7
4  -7
4  -7
4  -10
4  -12
4  -6
4  -10
4  -4
4  -8
4  -7
4  -4
4  -9
4  -7
4  -6
4  -7
4  -14
4  -13
4  -9
4  -7
4  -7
4  -13
4  -7
4  -3
4  -2
4  -7
4  -9
4  -9
4  -9
4  -7
4  -2
4  -3
4  -14
4  -7
4  -3
4  -4
4  -10
4  -1
4  -10
4  -3
4  -5
4  -7
4  -6
4  -13
4  -4
4  -5
4  -13
4  -7
4  -10
4  -2
4  -10
4  -9
4  -11
4  -6
4  -3
4  -11
4  0
4  -2
4  -10
4  -6
4  -4
4  -10
4  -10
4  -9
4  -10
4  -8
4  0
4  -5
4  -11
4  -12
4  -1
4  -2
4  -14
4  -12
4  -5
4  -9
4  -4
4  -8
4  -10
4  -1
4  -8
4  -1
4  -10
4  -6
4  -2
4  -3
4  -9
4  -5
4  -3
4  -10
4  0
4  -10
4  -14
4  -4
4  -5
4  -4
4  -2
4  -14
4  -2
4  -5
4  -3
4  -6
4  -13
4  -9
4  -12
4  -13
4  -7
4  -12
4  -5
4  -10
4  -5
4  -6
4  -3
