1  -3
1  -2
1  -3
1  -3
1  -2
1  0
1  0
1  -1
1  -1
1  -4
1  -3
1  -1
1  -2
1  -4
1  -3
1  0
1  -4
1  -4
1  0
1  -1
1  -1
1  -3
1  -1
1  -4
1  -2
1  -3
1  -1
1  -1
1  -2
1  -4
1  -2
1  -3
1  -2
2  6
2  8
2  9
2  8
2  5
2  7
2  9
2  7
2  6
2  9
2  7
2  9
2  5
2  8
2  8
2  8
2  6
2  6
2  9
2  8
2  6
2  8
2  8
2  6
2  5
2  5
2  7
2  8
2  7
2  9
2  5
2  5
2  7
2  5
2  6
2  6
2  7
2  7
2  9
2  7
2  5
2  7
2  5
2  7
2  9
2  7
2  8
2  6
2  7
2  5
2  8
2  8
2  9
2  9
2  9
2  9
2  5
2  8
2  9
2  9
2  9
2  6
2  9
2  5
2  6
2  7
2  6
2  7
2  9
2  9
2  6
2  6
2  9
2  6
2  9
2  8
2  7
2  6
2  8
2  7
2  7
2  5
2  6
2  7
2  5
2  8
2  7
2  8
2  5
2  9
2  8
2  6
2  7
2  8
2  8
2  9
2  7
2  6
2  6
2  6
2  7
2  6
2  8
2  5
2  5
2  5
2  6
2  8
2  9
2  5
2  9
2  9
2  5
2  6
2  6
3  6
3  8
3  7
3  9
3  9
3  9
3  9
3  6
3  8
3  6
3  7
3  8
3  5
3  6
3  5
3  6
3  6
3  5
3  9
3  8
3  7
3  6
3  6
3  5
3  9
3  8
3  5
3  8
3  6
3  7
3  8
3  9
3  7
3  7
3  9
3  7
3  8
3  7
3  6
3  6
3  9
3  9
3  7
3  9
3  6
3  5
3  7
3  9
3  9
3  9
3  8
3  8
3  7
3  9
3  5
3  5
3  8
3  9
3  7
3  5
3  7
3  5
3  7
3  6
3  6
3  6
3  6
3  6
3  8
3  8
3  8
3  7
3  8
3  8
3  7
3  9
3  6
3  7
3  8
4  -7
4  -8
4  -6
4  -7
4  -5
4  -7
4  -4
4  -5
4  -7
4  -6
4  -4
4  -4
4  -4
4  -7
4  -5
4  -7
4  -6
4  -5
4  -7
4  -8
4  -6
4  -6
4  -6
4  -7
4  -8
4  -5
4  -5
4  -6
4  -7
4  -6
4  -7
4  -4
4  -6
4  -4
4  -4
4  -7
4  -6
4  -8
4  -8
4  -8
4  -4
4  -6
4  -4
4  -8
4  -8
4  -5
4  -4
4  -4
4  -6
4  -6
4  -4
4  -6
4  -6
4  -8
4  -6
4  -6
4  -5
4  -7
4  -7
4  -5
4  -4
4  -4
4  -6
4  -7
4  -8
4  -7
4  -4
4  -4
4  -8
4  -4
4  -8
4  -4
4  -4
4  -6
4  -7
4  -6
4  -4
4  -5
4  -6
4  -5
4  -7
4  -8
4  -5
4  -6
4  -6
4  -6
4  -6
4  -5
4  -4
4  -5
4  -5
4  -7
4  -4
4  -8
4  -7
4  -4
4  -6
4  -8
4  -7
4  -5
4  -5
4  -8
4  -4
4  -6
4  -4
4  -5
4  -7
4  -5
4  -6
4  -7
4  -4
4  -4
4  -5
4  -7
4  -7
4  -5
4  -5
4  -7
5  6
5  4
5  5
5  7
5  8
5  4
5  8
5  7
5  4
5  6
5  5
5  8
5  6
5  4
5  5
5  8
5  6
5  7
5  7
5  4
5  5
5  8
5  8
5  8
5  7
5  5
5  5
5  5
5  6
5  5
5  4
5  8
5  7
5  5
5  6
5  8
5  4
5  5
5  5
5  7
5  5
5  5
5  5
5  5
5  8
5  5
5  8
5  8
5  7
5  7
5  4
5  7
5  4
6  1
6  -2
6  1
6  0
6  0
6  -1
6  -3
6  -3
6  -1
6  -3
6  0
6  -3
6  1
6  0
6  1
6  1
6  -1
6  -1
6  0
6  1
6  0
6  -1
6  -1
6  -2
6  -3
6  -1
6  -3
6  1
6  -2
6  0
6  -1
6  -2
6  1
6  1
6  -1
6  1
6  1
6  -3
6  1
6  -3
6  1
6  -2
6  0
6  -3
6  -3
6  -1
6  -1
6  -2
6  -3
6  1
6  1
6  -1
6  -3
6  1
6  -3
6  0
6  0
6  -2
6  0
6  -2
6  -2
6  -1
6  1
6  -2
6  -1
6  -1
6  0
6  0
6  -2
6  -2
6  -1
6  0
6  0
6  0
6  -3
6  -1
6  1
6  -3
6  0
6  -1
6  1
6  -1
6  1
6  -2
6  1
6  -2
6  -1
6  0
6  1
6  -2
6  -3
6  -1
6  1
6  -2
6  -1
6  -2
6  -2
6  0
6  0
6  0
6  -1
6  -1
6  0
6  -3
6  -1
6  -2
6  0
6  0
6  -3
6  -1
6  0
6  -2
6  -1
6  -3
6  0
6  0
6  -2
6  1
6  -1
6  -2
6  1
6  -2
6  -3
6  -3
6  0
6  -1
6  -3
6  1
6  -3
6  0
7  -4
7  -2
7  -2
7  0
7  -1
7  -2
7  -4
7  -4
7  -1
7  -3
7  0
7  -4
7  -3
7  -4
7  0
7  -2
7  -3
7  -1
7  0
7  -1
7  -4
7  -4
7  -1
7  -4
7  -2
7  -4
7  -4
7  -4
7  0
7  -4
7  -2
7  -4
7  0
7  0
7  -2
7  0
7  -2
7  -3
7  -4
7  0
7  -1
7  0
7  -2
7  0
7  -2
7  -3
7  0
7  -4
7  -4
7  -4
7  -4
7  -1
7  -1
7  -4
7  -3
7  0
7  -4
7  0
7  0
7  0
7  -1
7  -2
7  -4
7  -1
7  -4
7  -2
7  -1
7  -2
7  -2
7  0
7  -3
7  0
7  -3
7  0
7  -2
7  -2
7  -4
7  -4
7  -3
7  0
7  -4
7  -2
7  -2
7  -3
7  -2
7  -4
7  -4
7  -3
7  -2
8  1
8  2
8  2
8  -1
8  -1
8  1
8  2
8  1
8  0
8  1
8  -1
8  -1
8  -2
8  0
8  1
8  -1
8  2
8  0
8  2
8  2
8  0
8  2
8  -1
8  -2
8  -1
8  1
8  1
8  0
8  1
8  -1
8  1
8  1
8  -1
8  0
8  -2
8  -1
8  -1
8  2
8  1
8  -2
8  -1
8  1
8  -2
8  2
8  -1
8  -2
8  2
8  2
8  1
8  0
8  0
8  -1
8  1
8  -2
8  -1
8  -1
8  1
8  -2
8  1
8  -1
8  -1
8  1
8  2
8  2
8  2
8  -1
8  -2
8  -2
8  -2
8  -2
8  2
8  -2
8  1
8  1
8  -1
8  0
8  -2
8  -1
8  2
8  0
8  2
8  0
8  2
8  1
8  0
8  -1
8  2
8  -1
8  2
8  0
8  -2
8  1
8  0
8  2
8  1
8  -1
8  -1
8  2
8  -1
8  1
8  -1
8  2
8  1
8  -2
8  0
8  2
8  1
8  2
8  -2
8  -1
8  -1
8  0
8  -2
8  1
8  -1
8  1
8  -1
8  0
8  -2
8  -1
8  2
8  0
8  0
8  2
8  2
8  1
8  -2
8  0
8  0
8  0
8  0
8  2
8  2
8  1
8  1
8  1
8  2
8  1
8  0
8  -1
8  -1
8  1
8  0
8  1
8  2
8  2
8  1
8  1
8  0
8  -2
8  2
8  0
8  1
8  2
8  0
8  2
8  -1
8  -1
8  1
8  0
8  1
8  0
8  0
8  2
8  2
8  -2
8  0
8  -1
8  0
8  2
9  -8
9  -5
9  -8
9  -7
9  -5
9  -8
9  -5
9  -8
9  -7
9  -8
9  -8
9  -6
9  -9
9  -6
9  -8
9  -7
9  -9
9  -7
9  -5
9  -9
9  -9
9  -6
9  -7
9  -8
9  -7
9  -8
9  -6
9  -7
9  -9
9  -8
9  -7
9  -8
9  -5
9  -5
9  -7
9  -7
9  -6
9  -5
9  -6
9  -6
9  -5
9  -9
9  -6
9  -8
9  -5
9  -5
9  -9
9  -5
9  -6
9  -5
9  -9
9  -8
9  -5
9  -9
9  -8
9  -7
9  -7
9  -6
9  -5
9  -6
9  -9
9  -8
9  -6
9  -7
9  -6
9  -6
9  -6
9  -8
9  -9
9  -8
9  -5
9  -5
9  -7
9  -6
9  -8
9  -8
9  -9
9  -9
9  -9
9  -8
9  -6
9  -8
9  -5
9  -6
9  -9
9  -7
9  -6
9  -7
9  -8
9  -8
9  -5
9  -7
9  -8
9  -7
9  -5
9  -9
9  -9
9  -7
9  -5
9  -8
9  -9
9  -5
9  -6
9  -5
9  -5
9  -5
9  -8
9  -8
9  -5
9  -8
9  -5
9  -9
9  -7
9  -8
9  -5
9  -6
9  -6
9  -7
9  -5
9  -6
9  -8
9  -7
9  -8
9  -8
9  -9
9  -6
10  3
10  4
10  3
10  5
10  5
10  4
10  5
10  4
10  7
10  6
10  5
10  5
10  5
10  7
10  7
10  6
10  6
10  5
10  5
10  7
10  5
10  7
10  4
10  3
10  5
10  3
10  6
10  5
10  6
10  7
10  7
10  6
10  6
10  3
10  6
10  5
10  3
10  6
10  6
10  4
10  5
10  7
10  5
10  3
10  3
10  7
10  7
10  3
10  7
10  3
10  5
10  4
10  3
10  4
10  5
10  3
10  3
10  6
10  7
10  5
10  5
10  4
10  5
10  3
10  4
10  7
10  4
10  5
10  3
10  6
10  6
10  4
10  7
10  4
10  4
10  7
10  3
10  6
10  7
10  4
10  5
10  5
10  4
10  4
10  5
10  3
10  5
