1  7
1  7
1  4
1  5
1  -2
1  -6
1  5
1  -4
1  -3
1  -7
1  7
1  4
1  -5
1  -5
1  7
1  7
1  -7
1  -4
1  -3
1  -4
1  4
1  -6
1  -7
1  -2
1  -4
1  -2
1  -2
1  4
1  -6
1  -4
1  -7
1  0
1  1
1  0
1  -4
1  -1
1  -4
1  0
1  7
1  -5
1  -6
1  0
1  6
1  -4
1  2
1  5
1  7
1  4
1  3
1  6
1  4
1  7
1  -1
1  -3
1  6
1  0
1  6
1  1
1  5
1  1
1  -2
1  -3
1  -4
1  -4
1  -6
1  2
1  -7
1  -1
1  4
1  -5
1  -4
1  -7
1  5
1  5
1  -7
1  4
1  -6
1  -5
1  -2
1  1
1  -4
1  6
1  3
1  -5
1  6
1  -6
1  -1
1  -6
1  -5
1  -1
1  6
1  -3
1  -7
1  5
1  3
1  -6
1  -1
1  -4
1  4
1  7
1  4
1  7
1  3
1  2
1  -6
1  6
1  -6
1  5
1  3
1  -3
1  -5
1  -3
1  0
1  -5
1  -5
1  6
1  3
1  0
1  -5
1  -5
1  6
1  -5
1  2
1  6
1  -4
1  -7
1  1
1  7
1  3
1  -4
1  -7
1  5
1  -5
1  -7
1  -5
1  6
1  -7
1  -3
1  2
1  5
1  3
1  6
1  0
1  5
1  -5
1  5
1  -7
1  -4
1  5
1  6
1  1
1  1
1  5
1  3
1  1
1  -5
1  -5
1  -7
1  -4
1  -4
1  -3
1  3
1  -3
1  -5
1  0
1  2
1  4
1  -1
1  -5
1  -1
1  -4
1  6
1  7
1  0
1  -7
1  4
1  6
1  -3
1  0
1  2
1  1
1  4
1  -1
1  -2
1  -1
1  -6
1  4
1  7
1  -4
1  -2
1  0
1  2
1  2
1  6
1  2
1  3
1  -1
1  6
1  1
1  -6
1  -6
1  7
1  5
1  4
1  5
1  1
1  0
1  4
1  2
1  -3
1  5
1  -3
1  6
1  4
1  7
1  5
1  7
1  7
1  -4
1  5
1  -3
1  -4
1  -3
1  -4
1  -2
1  0
1  5
1  -4
1  1
1  -5
1  -7
1  -2
1  2
1  -7
1  3
1  7
1  -2
1  -1
1  -1
1  6
1  5
1  0
1  7
1  7
1  4
1  3
1  3
1  -3
1  -1
1  -2
1  -5
1  5
1  -5
1  6
1  7
1  -1
1  6
1  -4
1  6
1  1
1  2
1  -6
1  5
1  -7
1  4
1  2
1  -2
1  5
1  -3
1  0
1  -3
1  7
1  0
1  -2
1  5
1  4
1  -3
1  -7
1  4
1  -3
1  -1
1  6
1  -7
1  -1
1  -6
1  2
1  0
1  4
1  2
1  4
1  -6
1  -4
1  -6
1  6
1  3
1  6
1  -7
1  -3
1  7
1  0
1  -2
1  7
1  -3
1  4
1  -2
1  -1
1  5
1  -7
1  -2
1  -4
1  -5
1  -2
1  6
1  -3
1  1
1  -5
1  4
1  -7
1  -3
1  -4
1  -1
2  -6
2  -9
2  -10
2  -1
2  -7
2  -3
2  -9
2  -1
2  -4
2  -2
2  -8
2  -12
2  -9
2  -8
2  -11
2  -13
2  -14
2  -2
2  -10
2  -2
2  -6
2  -13
2  -2
2  -4
2  -13
2  -5
2  -7
2  -9
2  -8
2  -1
2  -7
2  -6
2  -8
2  -12
2  -11
2  -11
2  -8
2  -5
2  -2
2  -14
2  -3
2  -2
2  -13
2  0
2  -1
2  -1
2  -8
2  -14
2  -2
2  -11
2  -7
2  -1
2  -12
2  0
2  -6
2  -5
2  -14
2  -13
2  -12
2  -7
2  -7
2  -2
2  -14
2  -11
2  -5
2  -4
2  -9
2  -11
2  -8
2  -8
2  -7
2  -11
2  -3
2  -8
2  -10
2  -4
2  -3
2  -7
2  -7
2  -1
2  -6
2  -5
2  0
2  -6
2  -6
2  -4
2  -10
2  -12
2  -11
2  -3
2  -9
2  -10
2  -12
2  0
2  -8
2  -5
2  -9
2  -14
2  -8
2  -6
2  -1
2  -6
2  -3
2  -14
2  -1
2  -1
2  -4
2  -2
2  -8
2  -6
2  -8
2  -10
2  -1
2  -1
2  -3
2  -4
2  -3
2  -8
2  -7
2  -7
2  -5
2  -3
2  -11
2  -2
2  -13
2  -13
2  -12
2  -14
2  -11
2  -6
2  -2
2  -7
2  -4
2  -9
2  -12
2  -10
2  -10
2  -11
2  0
2  -7
2  -4
2  -3
2  -8
2  -8
2  0
2  -13
2  -6
2  -5
2  -9
2  -2
2  -8
2  -13
2  -7
2  -6
2  -5
2  -6
2  -4
2  -4
2  -6
2  -13
2  -13
2  0
2  -7
2  -9
2  -8
2  -8
2  -1
2  -10
2  -2
2  -11
2  -8
2  -1
2  -4
2  -7
2  -10
2  -3
2  -6
2  -12
2  -10
2  -11
2  0
2  -3
2  -14
2  -14
2  -11
2  -3
2  -2
2  -8
2  -12
2  -14
2  -11
2  -13
2  -14
2  -4
2  -11
2  -2
2  -8
2  -5
2  -7
2  -1
2  -5
2  -8
2  -2
2  -7
2  -4
2  0
2  -13
2  -4
2  -7
2  -12
2  -3
2  -6
2  -14
2  -6
2  -13
2  -12
2  -4
2  -8
2  -6
2  -12
2  -6
2  -6
2  -14
2  -11
2  -5
2  -7
2  -4
2  -5
2  -5
2  -9
2  0
2  -10
2  -12
2  -4
2  -7
2  -1
2  -3
2  -13
2  -6
2  -6
2  0
2  -7
2  -3
2  -11
2  -8
2  -4
2  -7
2  -2
2  -13
2  -13
2  -3
2  -5
2  -11
2  -11
2  -2
2  -5
2  -7
2  0
2  -1
2  -1
2  -10
2  -14
2  -3
2  -7
2  0
2  -1
2  -11
2  -6
2  -6
2  -6
2  -2
2  -5
2  -9
2  -7
2  -12
2  -10
2  -12
2  0
2  -3
2  -1
2  -14
2  0
2  -11
2  -9
2  -14
2  -7
2  -11
2  -13
2  -9
2  -11
2  -4
2  -13
2  -11
2  -5
2  -10
2  -13
2  -13
2  -3
2  -3
2  -12
2  0
2  -8
2  -13
2  -5
2  -11
2  -3
2  -13
2  -10
2  -11
2  -1
2  -7
2  -8
2  -8
2  -11
2  -4
2  -6
2  -11
2  -14
2  -7
2  -4
2  -4
2  -14
2  0
2  -11
2  -4
2  -13
2  -7
2  -5
2  -13
2  -9
2  -6
2  -6
2  -2
2  -12
2  -3
2  -2
2  -5
2  -4
2  -14
2  -1
2  0
2  -7
2  -13
2  -9
2  -2
2  -12
2  -13
2  -12
2  -12
2  -3
2  -9
2  -6
2  0
2  -8
2  -2
2  -11
2  0
2  -7
2  -14
2  -12
2  -9
2  -12
2  -12
2  -3
2  -4
2  -5
2  -14
2  -2
2  -5
2  -14
2  -13
2  -5
2  -11
2  -8
2  -9
2  -6
2  -2
2  -11
2  -1
2  -14
2  -7
2  -7
2  -13
2  -13
2  -9
2  0
2  -7
2  -5
2  0
2  -1
2  -10
2  -5
2  -3
2  -1
2  0
2  -9
2  -7
2  -13
2  -13
2  0
2  -3
2  -10
2  -8
2  -8
2  -10
2  -9
2  -1
2  0
2  -13
2  0
2  -11
2  -2
2  -5
2  -2
2  -6
2  -1
2  -1
2  -10
2  -4
2  -4
2  -8
2  -11
2  -12
2  -8
2  -3
2  -6
2  -14
2  -5
2  -6
2  -11
2  -6
2  -2
2  -4
2  0
2  -12
2  -9
2  -5
2  -5
2  -1
2  -11
2  -14
2  -7
2  -7
2  -12
2  -9
2  -1
2  -1
2  -8
2  -11
2  -1
2  -13
2  0
2  -4
2  -6
2  -13
2  -4
2  -5
2  -7
2  -6
2  -10
2  -12
2  -4
2  -12
2  -7
2  -4
2  -9
2  -5
2  -7
2  -5
2  -8
2  -10
2  -3
2  -12
2  -14
2  -2
2  -7
2  -13
2  0
2  -4
2  -10
2  -14
2  -9
2  -10
2  -7
2  0
2  -6
2  -2
2  -1
2  -3
2  -12
2  -1
2  -11
2  -5
2  -9
2  -7
2  -4
2  0
2  -12
2  -14
2  -12
2  0
2  -3
2  -10
2  -1
2  -6
2  -14
2  -13
2  -3
2  -2
2  -5
2  -3
2  -4
2  -3
2  -1
2  -12
2  0
2  -11
2  -11
2  -2
2  -5
2  -13
2  -2
2  -13
2  -2
2  -13
2  -10
2  -1
2  -4
2  -13
2  -3
2  -3
2  -6
2  -8
2  -6
2  -13
2  -14
2  -9
2  -7
2  -13
2  -9
2  -5
2  -11
2  -1
2  0
2  -6
2  -5
2  -9
2  -8
2  -8
2  -4
2  -1
2  -13
2  -10
2  -1
2  -1
2  0
2  -8
2  -2
2  -3
2  -13
2  -1
2  0
2  -9
2  -14
2  -2
2  -14
2  -11
2  -3
2  -11
2  -14
2  -13
2  -10
2  -1
2  -3
2  -2
2  -3
2  -9
2  -5
2  -4
2  -7
2  -2
2  -7
2  -13
2  -7
2  -10
2  0
2  -12
2  -13
2  -2
2  -8
2  -12
2  -2
2  -5
2  -2
2  -3
2  -1
2  -2
2  -9
2  -13
2  -4
2  -13
2  -2
2  -14
2  0
2  -5
2  -8
3  -7
3  -7
3  5
3  -4
3  -2
3  2
3  7
3  -6
3  6
3  -1
3  6
3  -6
3  4
3  2
3  5
3  -4
3  -3
3  3
3  0
3  -3
3  1
3  -6
3  2
3  -1
3  -1
3  -1
3  -3
3  3
3  -7
3  -4
3  4
3  7
3  4
3  -6
3  1
3  -7
3  -7
3  -3
3  0
3  5
3  -2
3  -7
3  -3
3  -2
3  1
3  6
3  6
3  1
3  5
3  7
3  4
3  6
3  6
3  -7
3  3
3  4
3  -3
3  7
3  7
3  3
3  4
3  -1
3  -1
3  -2
3  7
3  -4
3  7
3  4
3  7
3  -3
3  -1
3  1
3  3
