1  -4
1  -5
1  4
1  1
1  -5
1  -3
1  1
1  -6
1  -5
1  2
1  3
1  -6
1  -2
1  -1
1  -3
1  -5
1  -3
1  3
1  -3
1  -4
1  -4
1  0
1  4
1  0
1  0
1  -1
1  1
1  1
1  2
1  3
1  4
1  0
1  2
1  -4
1  -6
1  2
1  -5
1  -3
1  -4
1  -1
1  -6
1  -2
1  -3
1  0
1  -5
1  0
1  -2
1  4
1  -5
1  2
1  -5
1  -4
1  -6
1  -5
1  4
1  -6
1  2
1  -2
1  -4
1  -3
1  2
1  4
1  -2
1  2
1  1
1  4
1  0
1  3
1  -3
1  3
1  -5
1  -1
1  -3
1  4
1  -3
1  4
1  2
1  -4
1  4
1  -5
1  1
1  -4
1  4
1  -5
1  2
1  2
1  2
1  1
1  -5
1  4
1  3
1  1
1  0
1  -1
1  -5
1  2
1  -2
1  -3
1  -1
1  4
1  -1
1  4
1  -6
1  2
1  -2
1  -6
1  -1
1  3
1  2
1  -4
1  0
1  3
1  -5
1  -2
1  4
1  -1
1  3
1  1
1  -2
1  3
1  2
1  -4
1  -4
1  0
2  -5
2  -9
2  -3
2  1
2  0
2  -4
2  -8
2  -4
2  0
2  -6
2  -5
2  -4
2  -6
2  1
2  -7
2  0
2  0
2  -2
2  -9
2  -5
2  -2
2  -3
2  -4
2  -3
2  -2
2  -5
2  -8
2  -1
2  -9
2  -5
2  -9
2  -7
2  -4
2  -3
2  -7
2  -9
2  -7
2  -6
2  -3
2  -6
2  -8
2  -8
2  -9
2  0
2  -1
2  -7
2  -7
2  -2
2  -8
2  -5
2  -2
2  -9
2  0
2  1
2  0
2  -5
2  -4
2  -2
2  -2
2  -1
2  -5
2  -9
2  0
2  -2
2  -4
2  -5
2  -7
2  0
2  -8
2  -8
2  -3
2  -2
2  1
2  -3
2  -5
2  1
2  -2
2  -6
2  -9
2  -1
2  -5
2  -3
2  -5
2  -6
2  -6
2  -9
2  -5
2  -1
2  1
2  -6
2  -6
3  2
3  4
3  11
3  2
3  1
3  1
3  2
3  11
3  10
3  10
3  10
3  2
3  8
3  6
3  3
3  1
3  1
3  4
3  6
3  8
3  9
3  3
3  8
3  1
3  3
3  1
3  7
3  5
3  6
3  4
3  8
3  7
3  3
3  10
3  5
3  4
3  1
3  9
3  2
3  9
3  7
3  3
3  8
3  2
3  11
3  4
3  11
3  10
3  8
3  1
3  9
3  5
3  3
3  7
3  2
3  2
3  7
3  11
3  10
3  5
3  11
3  11
3  11
3  5
3  4
3  9
3  9
4  6
4  2
4  1
4  9
4  6
4  2
4  9
4  9
4  8
4  6
4  5
4  10
4  10
4  10
4  5
4  1
4  2
4  7
4  9
4  10
4  8
4  10
4  4
4  4
4  1
4  9
4  7
4  9
4  4
4  0
4  9
4  3
4  4
4  8
4  7
4  5
4  2
4  0
4  8
4  9
4  8
4  7
4  6
4  8
4  7
4  7
4  2
4  4
4  7
4  6
4  10
4  1
4  0
4  4
4  1
4  2
4  0
4  10
4  1
4  4
4  7
4  9
4  2
4  0
4  7
4  1
4  1
4  6
4  10
4  0
4  0
4  1
4  7
4  5
4  10
4  8
4  9
4  10
4  6
4  4
4  10
4  6
4  6
4  10
4  5
4  0
4  8
4  2
4  3
4  1
4  7
4  1
4  1
4  1
4  0
4  6
4  2
4  2
4  0
4  1
4  7
4  2
4  1
4  7
4  9
4  6
4  6
4  0
4  7
4  3
4  7
4  3
4  1
4  9
4  7
4  2
4  4
4  8
4  4
4  9
4  7
4  9
4  8
4  2
4  7
4  2
4  6
4  6
4  7
4  4
4  0
5  2
5  4
5  2
5  1
5  9
5  4
5  4
5  10
5  1
5  6
5  6
5  4
5  9
5  2
5  2
5  3
5  5
5  9
5  9
5  7
5  7
5  2
5  11
5  5
5  11
5  5
5  10
5  2
5  9
5  8
5  9
5  9
5  5
5  8
5  10
5  6
5  11
5  1
5  8
5  9
5  10
5  11
5  2
5  5
6  4
6  6
6  1
6  5
6  5
6  5
6  6
6  8
6  6
6  1
6  7
6  9
6  9
6  9
6  1
6  10
6  4
6  7
6  5
6  8
6  5
6  8
6  2
6  4
6  1
6  2
6  9
6  10
6  0
6  2
6  2
6  5
6  10
6  5
6  5
6  7
6  5
6  7
6  0
6  9
6  3
6  7
6  10
6  6
6  8
6  10
6  7
6  3
6  7
6  6
6  10
6  7
6  1
6  6
6  0
6  6
6  6
6  9
6  5
6  7
6  7
6  7
6  7
6  5
6  0
6  1
6  3
6  5
6  6
6  2
6  1
6  7
6  9
6  10
6  6
6  3
6  5
6  9
6  0
6  9
6  5
6  1
6  2
6  4
6  10
6  9
6  7
6  6
6  1
6  7
6  8
6  7
6  9
6  8
6  5
6  10
6  0
6  9
6  9
6  7
6  2
6  10
6  3
6  8
6  5
7  2
7  4
7  2
7  4
7  4
7  3
7  6
7  3
7  9
7  0
7  1
7  6
7  0
7  10
7  1
7  3
7  9
7  4
7  3
7  1
7  5
7  4
7  2
7  3
7  5
7  5
7  9
7  6
7  7
7  9
7  0
7  9
7  6
7  4
7  0
7  9
7  0
7  5
7  10
7  8
7  0
7  4
7  8
7  3
7  7
7  6
7  2
7  3
7  9
7  0
7  9
7  3
7  4
7  9
7  3
7  1
7  8
7  10
7  3
7  10
7  2
7  1
7  7
7  4
7  6
7  0
7  2
7  5
7  7
7  3
7  10
7  10
7  8
7  7
7  8
7  10
7  1
7  4
7  8
7  7
7  10
7  1
7  8
7  2
7  0
7  3
7  4
7  3
7  3
7  6
7  7
7  0
7  6
7  0
7  3
7  9
7  4
7  7
7  0
7  10
7  5
7  3
7  1
7  2
7  1
7  6
7  5
7  4
7  5
7  4
7  4
7  4
7  0
7  1
7  1
7  9
7  3
7  5
7  1
7  9
7  4
7  6
7  2
7  1
7  7
7  2
7  2
8  4
8  12
8  7
8  12
8  2
8  4
8  8
8  12
8  12
8  2
8  5
8  2
8  2
8  4
8  11
8  9
8  4
8  12
8  10
8  8
8  4
8  10
8  8
8  10
8  7
8  10
8  3
8  11
8  12
8  4
8  12
8  9
8  12
8  2
8  4
8  8
8  8
8  10
8  4
8  6
8  10
8  10
8  9
8  5
8  2
8  3
8  6
8  8
8  11
8  7
8  7
8  10
8  3
8  2
8  2
8  2
8  7
8  6
8  3
8  4
8  10
8  7
8  3
8  4
8  6
8  3
8  8
8  4
8  9
8  5
8  10
8  4
8  3
8  5
8  10
8  6
8  11
8  6
8  10
8  9
8  9
8  9
8  10
8  6
8  7
8  4
8  8
8  6
8  3
8  7
8  5
8  3
8  4
8  2
8  4
8  2
8  9
8  12
8  10
8  12
8  9
8  6
8  8
8  5
8  12
8  12
8  4
8  3
8  12
8  3
8  5
8  9
8  9
8  11
8  10
8  12
8  8
8  9
8  9
9  -4
9  1
9  2
9  -6
9  1
9  -7
9  -3
9  -6
9  -7
9  -4
9  -5
9  1
9  -5
9  -1
9  -6
9  -5
9  -7
9  0
9  -7
9  -7
9  -3
9  1
9  -8
9  0
9  0
9  -7
9  -2
9  -1
9  -2
9  -7
9  -5
9  -7
9  1
9  -1
9  -8
9  -2
9  -6
9  -8
9  1
9  -2
9  -4
9  -4
9  -5
9  -4
9  -7
9  2
9  -5
9  -8
9  2
9  -5
9  1
9  -2
9  -1
9  1
9  -5
9  -4
9  -1
9  2
9  -7
9  -3
9  2
9  1
9  -4
9  -8
9  0
9  -2
9  -5
9  2
9  -2
9  1
9  2
9  -6
9  -2
9  -3
9  -5
9  -2
9  -2
9  0
9  -3
9  -3
9  -1
9  -2
9  0
9  1
9  1
9  -1
9  -1
9  -6
9  -1
9  -2
9  -7
9  -8
9  -8
9  -2
9  -6
9  -1
9  0
9  -1
9  -2
9  -2
9  -7
10  -2
10  -7
10  -6
10  1
10  -5
10  -6
10  -6
10  -2
10  0
11  5
11  9
11  5
11  11
11  5
11  4
11  6
11  8
11  10
11  11
11  9
11  7
11  12
11  7
11  6
11  7
11  3
11  10
11  3
11  9
11  12
11  12
11  8
11  5
11  7
11  8
11  12
11  3
11  6
11  9
11  2
11  11
11  12
11  6
11  3
11  12
11  2
11  2
11  8
11  7
11  6
11  6
11  6
11  8
11  8
11  5
11  5
11  7
11  10
11  10
11  8
11  9
11  12
11  3
11  10
11  11
11  12
11  9
11  5
11  10
11  9
11  6
11  3
11  9
11  2
11  9
11  2
11  8
11  7
11  2
11  12
11  12
11  10
11  5
11  8
11  7
11  9
11  12
11  12
11  5
11  4
11  4
