1  -9
1  -6
1  -6
1  -8
1  -5
1  -9
1  -5
1  -6
1  -7
1  -5
1  -7
1  -7
1  -6
1  -5
1  -7
1  -5
1  -6
1  -7
1  -7
1  -7
1  -9
1  -7
1  -5
1  -7
1  -9
1  -6
1  -8
1  -6
1  -8
1  -6
1  -6
1  -5
1  -6
1  -7
1  -7
1  -9
1  -8
1  -8
1  -7
1  -6
1  -8
1  -6
1  -5
1  -9
1  -9
1  -7
1  -7
1  -7
1  -7
1  -7
1  -8
1  -6
1  -7
1  -7
1  -9
1  -7
1  -6
1  -8
1  -5
1  -9
1  -9
1  -8
1  -5
1  -9
1  -5
1  -9
1  -9
1  -9
1  -7
1  -5
1  -7
1  -7
1  -6
1  -5
1  -7
1  -8
1  -5
1  -8
1  -7
1  -7
1  -8
1  -9
1  -7
1  -9
1  -5
1  -7
1  -9
1  -9
1  -8
1  -8
1  -7
1  -5
1  -6
1  -9
1  -7
1  -9
1  -7
1  -9
1  -9
1  -9
1  -9
1  -6
1  -7
1  -7
1  -8
1  -8
1  -8
1  -9
1  -7
1  -8
1  -5
1  -8
1  -5
1  -5
1  -9
1  -9
1  -5
1  -6
1  -6
1  -8
1  -9
1  -9
1  -9
1  -9
1  -5
1  -9
1  -6
1  -7
1  -8
1  -7
1  -7
1  -8
1  -7
1  -5
1  -9
1  -6
1  -9
1  -8
1  -9
1  -6
1  -7
1  -5
1  -8
1  -5
1  -5
1  -8
1  -5
1  -9
1  -7
1  -6
1  -8
1  -7
1  -5
1  -7
1  -9
1  -9
1  -7
1  -6
1  -5
1  -8
1  -5
1  -5
1  -7
1  -5
1  -8
1  -5
1  -7
1  -7
1  -9
1  -8
1  -6
1  -9
1  -6
1  -7
1  -8
1  -5
1  -8
1  -9
1  -7
1  -7
1  -7
1  -7
2  4
2  3
2  6
2  5
2  3
2  3
2  7
2  7
2  6
2  4
2  3
2  4
2  5
2  7
2  3
2  6
2  6
2  3
2  4
2  6
2  4
2  5
2  3
2  5
2  6
2  6
2  3
2  6
2  7
2  3
2  3
2  4
2  5
2  5
2  3
2  3
2  6
2  6
2  6
2  4
2  7
2  7
2  7
2  3
2  5
2  5
2  3
2  7
2  3
2  5
2  7
2  3
2  4
2  7
2  3
2  3
2  3
3  1
3  0
3  1
3  3
3  -1
3  -1
3  2
3  0
3  0
3  1
3  -1
3  1
3  0
3  -1
3  -1
3  2
3  1
3  3
3  2
3  -1
3  1
3  3
3  0
3  0
3  2
3  -1
3  2
3  2
3  -1
3  0
3  0
3  0
3  1
3  3
3  1
3  3
3  -1
3  0
3  1
3  0
3  1
3  -1
3  2
3  -1
3  3
3  3
3  2
3  -1
3  2
3  3
3  1
3  1
3  3
3  0
3  -1
3  -1
3  0
3  1
3  1
3  0
3  2
3  2
4  -5
4  -7
4  -5
4  -5
4  -7
4  -7
4  -7
4  -8
4  -6
4  -9
4  -5
4  -8
4  -8
4  -5
4  -7
4  -5
4  -9
4  -9
4  -7
4  -6
4  -9
4  -5
4  -5
4  -7
4  -7
4  -5
4  -9
4  -9
4  -9
4  -9
4  -9
4  -6
4  -6
4  -8
4  -9
4  -7
4  -7
4  -9
4  -8
4  -6
4  -9
4  -9
4  -9
4  -9
4  -9
4  -8
4  -5
4  -5
4  -9
4  -8
4  -9
4  -6
4  -9
4  -9
4  -7
4  -5
4  -7
4  -8
4  -7
4  -8
4  -6
4  -7
4  -8
4  -9
4  -9
4  -6
4  -8
4  -6
4  -8
4  -5
4  -5
4  -6
4  -5
4  -7
4  -6
4  -9
4  -6
4  -7
4  -8
4  -8
4  -8
5  -8
5  -8
5  -5
5  -7
5  -8
5  -6
5  -9
5  -7
5  -7
5  -5
5  -5
5  -6
5  -5
5  -7
5  -5
5  -9
5  -7
5  -9
5  -6
5  -6
5  -9
5  -6
5  -8
5  -7
5  -9
5  -6
5  -9
5  -7
5  -6
5  -7
5  -5
5  -6
5  -5
5  -7
5  -7
5  -5
5  -6
5  -9
5  -8
5  -7
5  -9
5  -7
5  -5
5  -9
5  -8
5  -5
5  -6
5  -6
5  -7
5  -9
5  -7
5  -6
5  -5
5  -7
5  -9
5  -5
5  -9
5  -6
6  3
6  4
6  3
6  3
6  4
6  5
6  6
6  3
6  2
6  2
6  5
6  6
6  4
6  5
6  2
6  3
6  2
6  2
6  4
6  3
6  3
7  2
7  5
7  2
7  2
7  3
7  3
7  3
7  5
7  4
7  6
7  6
7  2
7  2
7  5
7  5
7  2
7  2
7  5
7  2
7  4
7  3
7  2
7  2
7  3
7  3
7  4
7  6
7  3
7  4
7  3
7  3
7  6
7  2
7  6
7  5
7  2
7  4
7  6
7  3
7  3
7  3
7  5
7  3
7  3
7  6
7  2
7  4
7  3
7  2
7  5
7  6
7  2
7  5
7  3
7  3
7  4
7  2
7  4
7  2
7  3
7  6
7  3
7  5
7  5
7  6
7  4
7  3
7  2
7  6
7  2
7  2
7  5
7  4
8  -6
8  -9
8  -9
8  -5
8  -7
8  -8
8  -7
8  -8
8  -5
8  -6
8  -5
8  -7
8  -5
8  -8
8  -6
8  -8
8  -5
8  -8
8  -7
8  -9
8  -5
8  -6
8  -5
8  -8
8  -8
8  -9
8  -9
8  -7
8  -9
8  -8
8  -8
8  -7
8  -5
8  -7
8  -7
8  -6
8  -7
8  -8
8  -7
8  -6
8  -6
8  -5
8  -8
8  -9
8  -6
8  -6
8  -6
8  -6
8  -6
8  -6
8  -7
8  -7
8  -9
8  -8
8  -9
8  -9
8  -8
8  -7
8  -9
8  -9
8  -9
8  -8
8  -9
8  -7
8  -8
8  -7
8  -9
8  -9
8  -7
8  -7
8  -6
8  -7
8  -9
8  -9
8  -6
8  -8
8  -5
8  -7
8  -7
8  -8
8  -6
8  -5
8  -9
8  -9
8  -8
8  -5
8  -7
8  -5
8  -7
8  -6
8  -9
8  -9
8  -8
8  -8
8  -6
8  -6
8  -6
8  -5
8  -9
8  -6
8  -9
8  -7
8  -8
8  -7
8  -7
8  -8
8  -6
8  -8
8  -7
8  -6
8  -5
8  -9
8  -5
8  -5
8  -8
8  -7
8  -6
8  -7
8  -6
8  -8
8  -9
8  -8
8  -5
8  -7
8  -6
8  -6
8  -5
8  -9
8  -9
8  -9
8  -9
9  -5
9  -4
9  -5
9  -5
9  -5
9  -5
9  -5
9  -2
9  -5
9  -3
9  -4
9  -3
9  -3
9  -3
9  -6
9  -4
9  -3
9  -4
9  -2
9  -2
9  -4
9  -5
9  -4
9  -4
9  -2
9  -5
9  -3
9  -6
9  -2
9  -4
9  -2
9  -4
9  -3
9  -2
9  -6
9  -2
9  -3
9  -5
9  -2
9  -6
9  -2
9  -6
9  -5
9  -6
9  -3
9  -6
9  -2
9  -5
9  -5
9  -2
9  -2
9  -6
9  -6
9  -6
9  -6
9  -6
9  -4
9  -6
9  -5
9  -5
9  -4
9  -3
9  -6
9  -2
9  -3
9  -4
9  -3
9  -2
9  -3
9  -5
9  -2
9  -2
9  -5
9  -4
9  -3
9  -2
9  -4
9  -6
9  -5
9  -3
9  -4
9  -5
9  -2
9  -6
9  -2
9  -3
9  -5
9  -2
9  -2
9  -3
9  -6
9  -3
9  -4
9  -2
9  -4
9  -3
9  -2
9  -3
9  -5
9  -5
9  -3
9  -4
9  -3
9  -2
9  -3
9  -6
9  -4
9  -4
9  -6
9  -2
9  -4
9  -2
9  -5
9  -3
9  -4
9  -3
9  -6
9  -3
9  -2
9  -2
9  -4
9  -2
9  -4
9  -2
9  -4
9  -5
9  -4
9  -6
9  -2
9  -6
9  -3
9  -6
9  -5
9  -3
9  -6
9  -3
9  -3
9  -2
9  -2
9  -4
9  -4
9  -5
9  -5
9  -4
9  -5
9  -3
9  -5
9  -6
9  -3
9  -3
9  -2
9  -4
9  -5
9  -6
9  -4
9  -5
9  -6
10  -1
10  -2
10  -5
10  -1
10  -1
10  -5
10  -1
10  -4
10  -1
10  -4
10  -1
10  -4
10  -1
10  -4
10  -1
10  -3
10  -4
10  -5
10  -4
10  -4
10  -4
10  -5
10  -3
10  -1
10  -2
10  -4
10  -4
10  -5
10  -4
10  -3
10  -1
10  -3
10  -4
10  -1
10  -5
10  -2
10  -2
10  -1
10  -3
10  -4
10  -2
10  -2
10  -1
10  -1
10  -2
10  -2
10  -5
10  -2
10  -3
10  -3
10  -5
10  -5
10  -5
10  -5
10  -5
10  -4
10  -5
10  -5
10  -2
10  -5
10  -2
10  -5
10  -3
10  -2
10  -2
10  -4
10  -4
10  -3
10  -4
10  -3
10  -4
10  -5
10  -2
10  -4
10  -1
10  -1
10  -2
10  -2
10  -5
10  -4
10  -4
10  -2
10  -5
10  -5
10  -1
10  -1
10  -3
10  -2
10  -1
10  -3
10  -4
10  -3
10  -4
10  -4
10  -4
10  -5
10  -5
10  -1
10  -1
10  -4
10  -4
10  -3
10  -2
10  -5
10  -1
10  -5
10  -1
10  -1
10  -2
10  -1
10  -3
10  -5
10  -4
10  -4
10  -2
10  -3
10  -2
10  -4
10  -2
10  -4
10  -5
10  -5
10  -3
10  -3
10  -3
10  -4
10  -4
10  -4
10  -4
10  -1
10  -5
10  -1
10  -1
10  -2
10  -2
10  -2
10  -4
10  -4
10  -3
10  -3
10  -5
10  -4
10  -2
10  -3
10  -3
10  -2
10  -5
10  -4
10  -5
10  -2
10  -2
10  -2
10  -2
10  -1
10  -1
10  -2
10  -1
10  -4
10  -5
10  -5
10  -5
10  -2
10  -1
10  -5
10  -2
10  -2
10  -5
10  -3
10  -5
10  -3
10  -1
10  -5
10  -3
10  -1
10  -3
10  -4
10  -3
10  -5
