1  -2
1  1
1  -2
1  -3
1  -9
1  3
1  -3
1  -8
1  -5
1  -8
1  -11
1  -4
1  3
1  -1
1  -11
1  -3
1  -5
1  1
1  -2
1  -11
1  2
1  -11
1  -3
1  3
1  -4
1  0
1  -9
1  -8
1  -3
1  -11
1  1
1  -9
1  -8
1  -7
1  -5
1  -9
1  -6
1  -7
1  -10
1  -5
1  -1
1  -5
1  -7
1  -1
1  -5
1  -9
1  -4
1  0
1  0
1  -3
1  -3
1  1
1  -10
1  -11
1  -7
1  -6
1  -3
1  2
1  -3
1  -6
1  -11
1  -10
1  -1
1  -9
1  -2
1  0
1  -10
1  2
1  -8
1  -10
1  -6
1  -4
1  -5
1  -4
1  -1
1  -1
1  0
1  -2
1  -9
1  -9
1  3
1  -5
1  -3
1  -5
1  1
1  -3
1  -3
1  1
1  -5
2  11
2  12
2  2
2  7
2  3
2  7
2  4
2  10
2  9
2  10
2  4
2  4
2  3
2  2
2  14
2  10
2  6
2  0
2  1
2  2
2  14
2  2
2  13
2  9
2  4
2  11
2  0
2  2
2  7
2  2
2  10
2  4
2  6
2  10
2  4
2  1
2  1
2  6
2  4
2  12
2  1
2  9
2  12
2  9
2  0
2  13
2  11
2  8
2  2
2  4
2  2
2  14
2  13
2  3
2  13
2  10
2  0
2  0
2  10
2  1
2  4
2  7
2  11
2  9
2  5
2  2
2  9
2  7
2  4
2  13
2  6
2  6
2  5
2  3
2  3
2  5
2  4
2  8
2  9
2  10
2  9
2  3
2  13
2  7
2  12
2  8
2  14
2  1
2  12
2  6
2  13
2  7
2  10
2  11
2  4
2  14
2  7
2  12
2  2
2  2
2  11
2  6
2  0
2  8
2  1
2  6
2  9
2  11
2  7
2  0
2  13
2  14
2  2
2  2
2  12
2  2
2  11
2  4
2  14
2  12
2  13
2  2
2  5
2  9
2  7
2  5
2  10
2  10
2  6
2  0
2  8
2  7
2  8
2  2
2  4
2  2
2  14
2  5
2  10
2  2
2  2
2  1
2  11
2  5
2  3
2  14
2  1
2  13
2  1
2  14
2  5
2  1
2  4
2  6
2  7
2  0
2  9
2  3
2  9
2  10
2  8
2  10
2  12
2  11
2  10
2  1
2  9
2  3
2  4
2  6
2  5
2  11
2  4
2  13
2  6
2  12
2  9
2  8
2  14
2  6
2  9
2  11
2  3
2  0
2  10
2  5
2  4
2  0
2  8
2  12
2  12
2  10
2  1
2  3
2  6
2  12
2  9
2  3
2  14
2  9
2  3
2  0
2  0
2  6
2  1
2  11
2  8
2  5
2  7
2  9
2  10
2  8
2  12
2  7
2  3
2  9
2  13
2  3
2  12
2  2
2  11
2  12
2  5
2  2
2  4
2  1
2  13
2  13
2  12
2  11
2  7
2  8
2  7
2  0
2  7
2  7
2  10
2  11
2  11
2  2
2  9
2  12
2  13
2  5
2  1
2  12
2  0
2  14
2  1
2  0
2  6
2  6
2  11
2  13
2  1
2  4
2  5
2  9
2  10
2  13
2  11
2  8
2  6
2  13
2  3
2  3
2  10
2  7
2  8
2  3
2  2
2  13
2  11
2  3
2  1
2  14
2  12
2  8
2  1
2  9
2  0
2  0
2  8
2  14
2  6
2  12
2  12
2  14
2  8
2  1
2  12
2  10
2  5
2  5
2  13
2  8
2  13
2  1
2  11
2  7
2  9
2  4
2  14
2  0
2  8
2  9
2  6
2  10
2  6
2  11
2  9
2  2
2  3
2  9
3  -3
3  10
3  -3
3  -1
3  6
3  4
3  5
3  8
3  4
3  2
3  6
3  3
3  -1
3  -3
3  -4
3  2
3  5
3  4
3  5
3  -3
3  1
3  2
3  7
3  0
3  -2
3  6
3  6
3  7
4  4
4  10
4  8
4  13
4  10
4  8
4  10
4  12
4  4
4  1
4  4
4  11
4  2
4  4
4  10
4  8
4  6
4  8
4  11
4  9
4  1
4  5
4  2
4  10
4  11
4  4
4  9
4  1
4  11
4  0
4  0
4  10
4  9
4  3
4  13
4  12
4  2
4  11
4  2
4  0
4  4
4  11
4  10
4  4
4  11
4  12
4  1
4  12
4  11
4  3
4  0
4  3
4  8
4  10
4  2
4  14
4  12
4  12
4  14
4  5
4  7
4  0
4  14
4  7
4  4
4  2
4  0
4  1
4  2
4  7
4  10
4  7
4  12
4  8
4  1
4  2
4  8
4  12
4  0
4  12
4  7
4  9
4  5
4  1
4  3
4  2
4  9
4  13
4  14
4  11
4  6
4  7
4  9
4  11
4  5
4  5
4  5
4  8
4  11
4  5
4  7
4  5
4  3
4  4
4  11
4  0
4  13
4  7
4  5
4  10
4  5
5  -12
5  -7
5  -11
5  -11
5  -3
5  -1
5  -5
5  -1
5  2
5  0
5  2
5  -4
5  -6
5  2
5  -9
5  -5
5  -5
5  0
5  -1
5  -10
5  -6
5  0
5  -5
5  -7
5  1
5  -2
5  0
5  -12
5  -4
5  -3
5  -7
5  -9
5  1
5  -2
5  -1
5  -12
5  -9
5  -2
5  -12
5  0
5  -5
5  1
5  -5
5  -3
5  -6
5  -4
5  -12
5  -2
5  -7
5  1
5  1
5  -7
5  -8
5  -7
5  -5
5  1
5  -7
5  -7
5  -1
5  -6
5  -11
5  2
5  0
5  -8
5  -3
5  -9
5  -10
5  -1
5  2
5  -4
5  1
5  2
5  -9
5  -11
5  -1
5  -7
5  -10
5  -9
5  -8
5  -12
5  -9
5  -11
5  0
5  -3
5  -1
5  -6
5  0
5  1
5  -4
5  -6
5  1
5  1
5  -4
5  -5
5  0
5  2
5  -4
5  -6
5  -1
5  1
5  -5
5  -6
5  -4
5  -12
5  -3
5  -5
5  1
5  -2
5  -3
5  -7
5  -2
5  -12
5  -4
5  -12
5  -7
5  -11
5  -8
5  -9
5  -6
5  -9
5  -2
5  -2
5  -9
5  -8
5  -9
5  -1
5  -6
5  -1
5  -2
5  -4
5  1
5  -6
5  -12
5  2
6  7
6  7
6  5
6  2
6  5
6  3
6  7
6  12
6  1
6  7
6  -2
6  9
6  -1
6  1
6  7
6  2
6  4
6  3
6  11
6  6
6  5
6  5
6  5
6  4
6  4
6  4
6  9
6  -1
6  -1
6  11
6  4
6  -1
6  12
6  -1
6  7
6  6
6  -2
6  -1
6  6
6  2
6  8
6  5
6  -1
6  8
6  0
6  12
6  11
6  4
6  5
6  7
6  10
6  0
6  10
6  1
6  8
6  10
6  1
6  5
6  6
6  6
6  12
6  2
6  2
6  11
6  -1
6  4
6  3
6  3
6  9
6  8
6  4
6  -1
6  12
6  10
6  -1
6  -1
6  5
6  8
6  -2
6  12
6  11
6  3
6  -2
6  12
6  0
6  7
6  4
6  5
6  -1
6  2
6  5
6  4
6  2
6  7
6  -1
6  11
6  1
6  8
6  8
6  7
6  1
6  6
6  4
6  7
6  2
6  4
6  2
6  4
6  8
6  12
6  6
6  11
6  -2
6  10
6  7
6  5
6  0
6  6
6  11
6  11
6  -2
6  -2
6  5
6  -1
6  9
6  11
6  -2
6  2
6  0
6  -2
6  0
6  2
6  10
6  6
6  3
6  7
6  2
6  -2
6  10
6  2
6  1
6  8
6  11
6  9
6  -2
6  0
6  4
6  8
6  0
6  10
6  1
6  5
6  0
6  -1
6  4
6  1
6  2
6  1
6  7
6  12
6  7
6  -1
6  8
6  -1
6  8
6  7
6  -2
6  4
6  0
6  -1
6  11
6  11
6  0
6  6
6  5
6  7
6  4
6  1
6  8
6  11
6  3
6  -1
6  11
6  -1
6  3
6  -2
6  7
6  2
6  8
6  1
6  4
6  4
6  -2
6  -1
6  3
6  4
6  3
6  1
6  10
6  11
6  11
6  2
6  12
6  0
6  -2
6  4
6  9
6  8
6  -2
6  2
6  1
6  10
6  1
6  5
6  8
6  6
6  7
6  -1
6  9
6  2
6  -1
6  4
6  7
6  7
6  1
6  4
6  8
6  10
6  8
6  10
6  2
6  -2
6  3
6  10
6  7
6  11
6  -1
6  8
6  2
6  11
6  0
6  4
6  0
6  2
6  9
6  11
6  9
6  -1
6  7
6  4
6  7
6  8
6  10
6  3
6  10
6  7
6  0
6  0
6  5
6  8
6  3
6  3
6  2
6  3
6  -1
6  7
6  1
6  5
6  12
6  4
6  -1
6  8
6  9
6  11
6  -2
6  6
6  -1
6  4
6  2
6  10
6  -1
6  4
6  2
6  12
6  12
6  9
6  2
6  0
6  5
6  1
6  8
6  5
6  7
6  5
6  3
6  0
6  10
6  6
6  9
6  2
6  6
6  5
6  5
6  6
6  1
6  2
6  -1
6  6
6  9
6  10
6  4
6  -2
6  7
6  4
6  7
6  6
6  10
6  1
6  5
6  1
6  7
6  4
6  11
6  -2
