1  4
1  2
1  2
1  7
1  1
1  6
1  3
1  3
1  7
1  1
1  5
1  7
1  4
1  3
1  3
1  3
1  2
1  4
1  7
1  7
1  1
1  4
1  5
1  5
1  5
1  7
1  1
1  5
1  2
1  3
1  6
1  7
1  5
1  6
1  7
1  1
1  7
1  1
1  4
1  3
1  7
1  7
1  2
1  5
1  6
1  7
1  6
1  3
1  4
1  2
1  6
1  7
1  7
1  4
1  3
1  3
1  4
1  5
1  6
1  6
1  2
1  7
1  7
1  6
1  7
1  6
1  2
1  3
1  1
1  1
1  4
1  7
1  6
1  3
1  3
1  6
1  6
1  1
1  5
1  5
1  2
1  3
1  5
1  3
1  3
1  7
1  2
1  6
1  2
1  6
1  4
1  1
1  2
1  3
1  3
1  4
1  4
1  7
1  2
1  5
1  7
1  7
1  1
1  3
1  1
1  2
1  4
1  2
1  4
1  7
1  3
1  6
1  4
1  2
1  4
1  5
1  6
1  6
1  1
1  3
1  7
1  5
1  1
1  7
1  4
1  7
1  1
1  6
1  6
1  3
1  4
1  1
1  1
1  3
1  3
1  7
1  3
1  1
1  2
1  4
1  4
1  7
1  7
1  1
1  3
1  6
1  2
1  7
1  6
1  7
1  7
1  1
1  6
1  6
1  3
1  6
1  4
1  1
1  4
1  1
1  3
1  1
1  1
1  6
1  1
1  3
1  5
1  1
1  2
1  2
1  6
1  2
1  3
1  6
1  6
1  6
1  2
1  6
1  2
1  7
1  5
1  2
1  4
1  2
1  2
1  6
1  5
1  7
1  5
1  3
1  2
1  1
1  4
1  4
1  5
1  1
1  4
1  4
1  6
1  6
1  3
1  5
1  5
1  3
1  1
2  5
2  6
2  6
2  5
2  0
2  6
2  1
2  1
2  1
2  2
2  3
2  6
2  4
2  2
2  0
2  0
2  1
2  0
2  4
2  6
2  0
2  4
2  4
2  2
2  1
2  4
2  4
2  6
2  0
2  3
2  2
2  3
2  3
2  3
2  2
2  3
2  2
2  4
2  3
2  0
2  4
2  3
2  2
2  0
2  3
2  5
2  4
2  5
2  3
2  3
2  3
2  3
2  2
2  4
2  6
2  0
2  5
2  2
2  3
2  6
2  6
2  0
2  0
2  4
2  0
2  5
2  0
2  2
2  1
2  3
2  4
2  1
2  4
2  1
2  4
2  2
2  3
2  6
2  6
2  6
2  1
2  5
2  0
2  2
2  4
2  6
2  5
2  6
2  1
2  6
2  2
2  4
2  1
2  0
2  0
2  1
2  0
2  6
2  2
2  6
2  1
2  4
2  6
2  1
2  3
2  1
2  3
2  6
2  1
2  1
2  0
2  5
2  5
2  0
2  3
2  0
2  4
2  5
2  0
2  5
2  1
2  0
2  1
2  5
2  6
2  4
2  5
2  1
2  5
2  1
2  4
2  1
2  2
2  2
2  6
2  6
2  1
2  2
2  3
2  4
2  5
2  5
2  1
2  3
2  6
2  3
2  3
2  2
2  2
2  4
2  6
2  3
2  1
2  6
2  5
2  1
2  6
2  6
2  3
2  2
2  2
2  6
2  1
2  0
2  4
2  1
2  5
2  2
2  5
2  1
2  2
2  0
2  3
2  4
2  1
2  5
2  3
2  4
2  6
2  0
2  4
2  5
2  0
2  5
2  3
2  6
2  2
2  3
2  0
2  0
2  3
2  2
2  3
2  3
2  0
2  0
2  4
2  3
2  4
2  0
2  3
2  3
2  3
2  5
2  4
2  4
2  0
2  0
2  3
2  3
2  5
2  2
2  3
2  0
2  1
2  4
2  1
2  2
2  6
2  3
2  1
2  5
2  3
2  4
2  4
2  2
2  3
2  2
2  4
2  3
2  6
2  2
2  6
2  4
2  0
2  3
2  4
2  3
2  0
2  2
2  3
2  3
2  2
2  0
2  0
2  2
2  4
2  5
2  2
2  3
2  2
2  5
2  3
2  1
2  3
2  5
2  5
2  3
2  2
2  1
2  6
2  2
2  5
2  5
2  6
2  5
2  5
2  0
2  4
2  5
2  1
2  4
2  5
2  0
2  1
2  0
2  5
2  2
2  2
2  0
2  5
2  2
2  3
2  6
2  5
2  1
2  5
2  2
2  2
2  6
2  4
2  4
2  1
2  4
2  4
2  0
2  6
2  5
2  1
2  1
2  1
2  2
2  1
2  3
2  4
2  0
2  1
2  5
2  1
2  6
2  3
2  6
2  3
2  4
2  2
2  6
2  1
2  0
2  3
2  5
2  1
2  4
2  6
2  0
2  1
2  1
2  3
2  3
2  0
2  5
2  5
2  3
2  5
2  3
2  5
2  3
2  6
2  0
2  0
2  6
2  5
2  3
2  1
2  4
2  0
2  0
2  6
2  1
2  4
2  3
2  1
2  3
2  3
2  6
3  -3
3  -6
3  -7
3  -3
3  -4
3  -5
3  -2
3  -7
3  -6
3  -8
3  -5
3  -6
3  -8
3  -6
3  -7
3  -3
3  -6
3  -7
3  -8
3  -7
3  -3
3  -7
3  -4
3  -5
3  -8
3  -8
3  -4
3  -4
3  -2
3  -8
3  -4
3  -8
3  -4
3  -2
3  -7
3  -6
3  -8
3  -6
3  -6
3  -6
3  -2
3  -3
3  -4
3  -3
3  -7
3  -2
3  -6
3  -5
3  -2
3  -8
3  -3
3  -7
3  -5
3  -2
3  -5
3  -7
3  -6
3  -2
3  -3
3  -4
3  -5
3  -8
3  -5
3  -7
3  -3
3  -2
3  -3
3  -7
3  -3
3  -3
3  -8
3  -7
3  -8
3  -8
3  -3
3  -3
3  -5
3  -8
3  -8
3  -5
3  -3
3  -3
3  -4
3  -8
3  -3
3  -4
3  -3
3  -2
3  -4
3  -8
3  -5
3  -2
3  -2
3  -2
3  -6
3  -7
3  -7
3  -4
3  -5
3  -2
3  -8
3  -7
3  -5
3  -7
3  -8
3  -5
3  -5
3  -6
3  -6
3  -5
3  -6
3  -8
3  -2
3  -5
3  -3
4  4
4  1
4  1
4  0
4  2
4  3
4  1
4  2
4  0
4  0
4  -2
4  -2
4  3
4  1
4  2
4  0
4  1
4  1
4  4
4  4
4  4
4  1
4  3
4  -1
4  2
4  4
4  3
4  1
4  4
4  1
4  -1
4  1
4  1
4  1
5  3
5  -1
5  3
5  -1
5  -2
5  1
5  -1
5  3
5  -1
5  -1
5  4
5  3
5  -2
5  0
5  1
5  -2
5  -2
5  0
5  4
5  1
5  4
5  1
5  4
5  3
5  4
5  0
5  -2
5  -1
5  4
5  2
5  3
5  2
5  -1
5  0
5  2
5  2
5  -1
5  1
5  1
5  -1
5  3
5  3
5  0
5  -1
5  2
5  -2
5  0
5  -1
5  4
5  1
5  2
5  3
5  3
5  3
5  3
5  2
5  -1
5  0
5  -1
5  4
5  4
5  2
5  -2
5  0
5  4
5  3
5  2
5  -1
5  3
5  -1
5  0
5  0
5  -2
5  3
5  1
5  -2
5  2
5  -1
5  -1
5  3
5  0
5  -1
5  0
5  0
5  4
5  2
5  1
5  -2
5  2
5  -2
5  -1
5  2
5  0
5  4
5  -2
5  4
5  1
5  3
5  -2
5  3
5  4
5  -1
5  3
5  4
5  0
5  -2
5  4
5  -1
5  4
5  -2
5  0
5  0
5  2
5  3
5  3
5  3
5  0
5  3
5  0
5  2
5  -2
5  2
5  2
5  4
5  0
5  4
5  0
5  0
5  3
5  1
5  2
5  -1
5  -1
5  3
5  4
5  0
5  3
5  3
5  3
5  -2
5  4
5  -1
5  -1
5  1
5  -2
5  4
5  2
5  -2
5  0
5  0
5  3
5  -1
5  -1
5  1
5  0
5  3
5  0
5  -1
5  -2
5  3
5  3
5  1
5  4
5  4
5  3
5  2
5  4
5  -1
5  2
5  3
5  0
5  2
5  -2
5  0
5  0
5  -1
5  3
5  2
5  -1
5  1
5  3
5  -1
5  1
5  3
5  1
5  4
5  1
5  4
5  0
5  1
5  2
5  3
5  3
5  3
5  1
5  4
5  3
5  -2
5  4
5  3
5  1
5  3
5  3
5  1
5  4
5  -2
5  2
5  2
5  -2
5  4
5  0
5  1
5  -1
5  3
5  1
5  2
5  -1
5  1
5  2
5  0
5  1
5  0
5  4
5  2
5  1
5  1
5  3
5  0
5  -1
5  4
5  -2
5  -1
5  -1
5  3
5  -1
5  4
5  2
5  0
5  0
5  1
5  2
5  0
5  2
5  1
5  0
5  3
5  0
5  -2
5  -2
5  0
5  2
5  -2
5  0
5  2
5  -2
5  -1
5  2
5  2
5  2
5  4
5  2
5  0
5  3
5  3
5  2
5  -2
5  2
5  2
5  3
5  0
5  1
5  4
5  -1
5  0
5  -2
5  -1
5  4
5  2
5  1
5  -2
5  4
5  1
5  -2
5  0
5  -2
5  -1
5  1
5  -2
5  -1
5  -1
5  1
5  2
