1  0
1  4
1  5
1  5
1  4
1  4
1  2
1  4
1  3
1  3
1  2
1  5
1  3
1  2
1  2
1  2
1  1
1  5
1  -1
1  3
1  -1
1  -1
1  -1
1  3
1  1
1  2
1  1
1  -1
1  4
1  3
1  5
1  1
1  0
1  -1
1  2
1  5
1  1
1  1
1  4
1  5
1  1
1  5
1  -1
1  1
1  0
1  4
1  0
1  1
1  5
1  2
1  0
1  1
1  3
1  4
1  0
1  -1
1  -1
1  -1
1  1
1  4
1  4
1  1
1  5
1  5
1  3
1  0
1  4
1  3
1  4
1  5
1  4
2  1
2  -3
2  1
2  -1
2  -2
2  -3
2  0
2  0
2  -1
2  -1
2  2
2  2
2  1
2  1
2  -2
2  -3
2  -2
2  -1
2  3
2  3
2  0
2  3
2  -2
2  3
2  -3
2  -3
2  0
2  -2
2  3
2  -2
2  0
2  -2
2  1
2  2
2  1
2  -1
2  -1
2  3
2  1
2  2
2  3
2  2
2  -1
2  2
2  1
2  2
2  -2
2  0
2  1
2  0
2  1
2  -3
2  2
2  -1
2  1
2  1
2  0
2  2
2  0
2  0
2  0
2  3
2  -1
2  0
2  -2
2  -3
2  -1
2  1
2  1
2  -2
2  0
2  2
2  3
2  3
2  -2
2  -3
2  -3
2  -2
2  -2
2  2
2  -3
2  2
2  2
2  2
2  2
2  -2
2  1
2  2
2  -1
2  -1
2  3
2  -3
2  -2
2  2
2  -1
2  2
2  0
2  -3
2  -3
2  -1
2  -1
2  2
3  5
3  2
3  4
3  6
3  7
3  8
3  5
3  8
3  7
3  8
3  6
3  2
3  5
3  6
3  5
3  2
3  2
3  2
3  5
3  3
3  5
3  4
3  5
3  4
3  2
3  5
3  4
3  2
3  5
3  4
3  5
3  4
3  2
3  8
3  5
3  5
3  5
3  6
3  3
3  3
3  5
3  7
3  6
3  5
3  2
3  2
3  4
3  7
3  5
3  8
3  6
3  7
3  8
4  -5
4  0
4  0
4  -5
4  -1
4  -1
4  -3
4  -3
4  0
4  -2
4  -1
4  0
4  -1
4  -2
4  -5
4  -5
4  1
4  -4
4  -1
4  -5
4  -4
4  -4
4  1
4  -5
4  -4
4  -3
4  -1
4  -2
4  -1
4  0
4  -1
4  -3
4  -3
4  -5
4  -1
4  -4
4  1
4  1
4  -4
4  -3
4  -1
4  -3
4  -1
4  -2
4  -3
4  -5
4  0
4  0
4  -4
4  -5
4  -4
4  0
4  -3
4  1
4  1
4  -1
4  1
4  -4
4  -5
4  -2
4  0
4  -4
4  1
4  -3
4  -5
4  -4
4  -5
4  0
4  -1
4  -4
4  -4
4  -5
4  -2
4  -1
4  -1
4  -5
4  -4
4  -2
4  1
4  -3
4  -1
4  0
4  -5
4  0
4  -1
4  -1
4  -3
4  -2
4  1
4  -3
4  -2
4  1
4  -2
4  -1
4  -1
4  0
4  -4
4  1
4  0
4  -3
4  -1
4  1
4  -1
4  -4
4  -4
4  -5
4  1
5  -3
5  -2
5  2
5  -1
5  -1
5  -3
5  0
5  -3
5  1
5  -2
5  -3
5  1
5  1
5  3
5  2
5  -1
5  0
5  1
5  -1
5  3
5  1
5  -3
5  3
5  1
5  3
5  -1
5  3
5  1
5  -2
5  -1
5  3
5  1
5  -2
5  0
5  3
5  3
5  -3
5  1
5  -3
5  1
5  0
5  2
5  0
5  3
5  -3
5  2
5  1
5  1
5  1
5  -3
5  -3
5  -3
5  -2
5  -3
5  2
5  1
5  -2
5  3
5  -3
5  -3
5  2
5  -1
5  2
5  -3
5  3
5  3
5  1
5  1
5  3
5  -2
5  3
5  -3
5  3
5  1
5  1
5  -3
5  3
5  2
5  0
5  -2
5  -2
5  -2
5  -3
5  2
5  3
6  4
6  1
6  7
6  7
6  4
6  1
6  7
6  6
6  5
6  1
6  6
6  6
6  6
6  5
6  1
6  7
6  4
6  7
6  7
6  4
6  1
6  6
6  1
6  3
6  3
6  2
6  1
6  5
6  1
6  5
6  3
6  6
6  6
6  2
6  4
6  7
6  1
6  4
6  2
6  2
6  2
6  3
6  1
6  2
6  2
6  7
6  7
6  7
6  7
6  1
6  1
6  1
6  5
6  4
6  3
6  3
6  5
6  4
6  1
6  6
6  5
6  3
6  7
6  3
6  2
6  3
6  3
6  4
6  3
6  4
6  7
6  3
6  6
6  2
6  2
6  5
6  7
6  1
7  -5
7  -4
7  -4
7  -6
7  -4
7  -1
7  -7
7  -3
7  -6
7  -6
7  -6
7  -1
7  -5
7  -4
7  -5
7  -6
7  -1
7  -7
7  -3
7  -6
7  -5
7  -5
7  -4
7  -2
7  -2
7  -3
7  -3
7  -5
7  -5
7  -1
7  -6
7  -6
7  -4
7  -6
7  -4
7  -6
7  -3
7  -2
7  -5
7  -1
7  -1
7  -5
7  -2
7  -7
7  -1
7  -4
7  -2
7  -7
7  -1
7  -1
7  -1
7  -6
7  -2
7  -5
7  -4
7  -3
7  -7
7  -6
7  -7
7  -3
7  -3
7  -4
7  -2
7  -1
7  -5
7  -6
7  -5
7  -1
7  -1
7  -4
7  -1
7  -1
7  -2
7  -7
7  -6
7  -1
8  -6
8  -3
8  -6
8  -3
8  -5
8  -3
8  -7
8  -7
8  -3
8  -5
8  -6
8  -8
8  -6
8  -8
8  -8
8  -7
8  -6
8  -8
8  -8
8  -7
8  -3
8  -5
8  -8
8  -5
8  -9
8  -7
8  -8
8  -6
8  -7
8  -8
8  -6
8  -5
8  -6
8  -3
8  -6
8  -4
8  -9
8  -4
8  -6
8  -6
8  -6
8  -5
8  -9
8  -7
8  -6
8  -7
8  -3
8  -9
8  -4
8  -9
8  -5
8  -5
8  -8
8  -7
8  -6
8  -9
8  -9
8  -4
8  -9
8  -5
8  -3
8  -8
8  -5
8  -9
8  -9
8  -8
8  -6
8  -7
8  -9
8  -9
8  -5
8  -8
8  -9
8  -3
8  -8
8  -9
8  -8
8  -9
8  -3
8  -7
8  -5
8  -9
8  -7
8  -5
8  -4
8  -5
8  -7
8  -7
8  -7
8  -7
8  -6
8  -3
8  -7
8  -5
8  -3
8  -7
8  -4
8  -9
8  -8
8  -5
8  -8
8  -5
8  -6
8  -7
8  -9
8  -8
8  -5
8  -3
8  -5
8  -4
8  -8
8  -9
8  -7
8  -5
8  -5
8  -9
8  -7
8  -9
8  -9
8  -4
8  -3
8  -9
8  -4
8  -8
8  -4
8  -6
8  -5
8  -7
8  -7
8  -4
8  -9
8  -3
8  -7
8  -7
8  -6
8  -7
8  -9
8  -4
8  -5
8  -8
8  -8
8  -4
8  -9
8  -7
8  -5
8  -7
8  -4
9  1
9  4
9  -2
9  -1
9  1
9  -1
9  1
9  0
9  2
9  -1
9  2
9  -1
9  4
9  1
9  2
9  4
9  4
9  -2
9  -2
9  -2
9  -2
9  1
9  4
9  3
9  0
9  3
9  4
9  4
9  -1
9  2
9  3
9  -2
9  -1
9  4
9  -1
9  0
9  -2
9  1
9  0
9  -1
9  3
9  0
9  2
9  2
9  4
9  1
9  -2
9  -1
9  1
9  0
9  0
9  4
9  1
9  1
9  0
9  -1
9  -2
9  4
9  -1
9  0
9  -2
9  3
9  1
9  0
9  1
9  2
9  0
9  -2
9  1
9  3
9  -1
9  3
9  -1
9  3
9  -2
9  3
9  3
9  4
9  -2
9  0
9  0
9  3
9  4
9  -2
9  2
9  -1
9  -1
10  2
10  5
10  2
10  5
10  1
10  0
10  -1
10  5
10  4
10  1
10  -1
10  5
10  0
10  5
10  -1
10  3
10  4
10  2
10  1
10  0
10  4
10  5
10  4
10  5
10  4
10  1
10  0
10  -1
10  5
10  5
10  2
10  1
10  2
10  4
10  3
10  5
10  5
10  4
10  3
10  0
10  1
10  4
10  3
10  5
10  2
10  3
10  1
10  4
10  5
10  1
10  1
10  2
10  4
10  0
10  2
10  5
10  4
10  5
10  0
10  -1
10  3
10  4
10  5
10  4
10  -1
10  0
10  4
10  5
10  0
10  2
10  3
10  4
10  5
10  1
10  1
10  -1
10  5
10  -1
10  5
10  4
10  2
10  1
10  5
10  4
10  2
10  -1
10  0
10  4
10  0
10  1
10  -1
10  1
10  0
10  2
10  1
10  3
10  5
10  -1
10  5
10  0
10  5
10  4
10  -1
10  -1
10  5
10  5
10  3
10  5
10  -1
10  4
10  1
10  0
10  5
10  4
10  1
10  -1
10  1
10  2
10  0
10  -1
10  4
10  5
10  -1
10  4
10  5
10  0
11  -2
11  -3
11  0
11  -1
11  -3
11  1
11  -2
11  0
11  -4
11  -2
11  -3
11  -4
11  -4
11  -3
11  -2
11  -4
11  0
11  1
11  -2
11  -2
11  0
11  -3
11  -1
11  -2
11  -3
11  -1
11  0
11  -3
11  -2
11  -3
11  -1
11  -4
11  -2
11  0
11  -3
11  -3
11  1
11  -4
11  -4
11  -2
11  -4
11  -2
11  -3
11  -5
11  -5
11  -1
11  -1
11  -4
11  -3
11  -3
11  -2
11  1
11  0
11  0
11  -5
11  -4
11  -2
11  -4
11  0
11  -2
11  -2
11  1
11  0
11  -4
11  -1
11  -2
11  -3
11  -4
