1  2
1  1
1  -2
1  7
1  10
1  11
1  5
1  8
1  -1
1  8
1  9
1  1
1  1
1  9
1  -1
1  2
1  5
1  9
1  -1
1  2
1  3
1  2
1  1
1  6
1  9
1  11
1  3
1  7
1  6
1  -2
1  0
1  5
1  3
1  11
1  5
1  6
1  8
1  8
1  5
1  3
1  1
1  12
1  5
1  12
1  3
1  10
1  11
1  12
1  4
1  11
1  7
1  8
1  10
1  2
1  3
1  9
1  -2
1  -1
1  8
1  8
1  6
1  6
1  10
1  3
1  3
1  5
1  10
1  0
1  8
1  2
1  -2
1  -2
1  5
1  12
1  6
1  9
1  0
1  6
1  -1
1  8
1  5
1  3
1  5
1  3
1  7
1  11
1  6
2  -7
2  2
2  0
2  3
2  0
2  -4
2  3
2  -4
2  -4
2  -6
2  -7
2  -2
2  -8
2  6
2  1
2  -4
2  0
2  4
2  -7
2  6
2  -3
2  -1
2  6
2  4
2  -1
2  4
2  6
2  -6
2  -3
2  6
2  -8
2  -6
2  -5
2  -8
2  2
2  5
2  4
2  -3
2  4
2  2
2  -2
2  0
2  2
2  -3
2  -2
2  -5
2  -8
2  -5
2  6
2  -7
2  5
2  -7
2  0
2  -2
2  3
2  -8
2  -4
2  2
3  -7
3  0
3  -3
3  -11
3  -9
3  -5
3  -11
3  -7
3  -7
3  -2
3  -7
3  -9
3  -10
3  -5
3  -2
3  -5
3  -12
3  -7
3  -7
3  -5
3  -7
3  -1
3  -3
3  -9
3  -9
3  1
3  -7
3  -4
3  -3
3  -3
3  -7
3  -3
3  -8
3  -8
3  -3
3  -7
3  -11
3  -9
3  -2
3  -1
3  -1
3  -3
3  -11
3  0
3  -10
3  -6
3  -5
3  -8
3  0
3  -3
3  -4
3  -13
3  0
3  -3
3  -8
3  -5
3  -6
3  0
3  -9
3  -4
3  -8
3  -6
3  -7
3  1
3  1
3  -11
3  -2
3  -10
3  -9
3  -8
3  -13
3  -4
3  -10
3  -4
3  -10
3  -12
3  -2
3  0
3  1
3  -5
3  0
3  1
3  -3
3  -6
3  -1
3  -2
3  -1
3  -12
3  -10
3  -7
3  -11
3  -13
3  -4
3  -6
3  -13
3  -8
3  -1
3  -2
3  -11
3  -5
3  0
3  -7
3  -8
3  -1
3  -9
3  -13
3  -6
3  -7
3  -8
3  -13
3  -11
3  -6
3  -3
3  -11
3  -3
3  -3
3  -1
3  -8
3  -9
3  -2
3  -1
3  -12
3  -1
3  1
3  -3
3  -7
3  -7
3  -13
3  -7
3  -6
3  -5
3  -1
3  -8
3  -10
3  -13
3  -4
3  -2
3  0
3  1
3  -6
3  0
3  -7
3  -5
3  -12
3  -11
3  -8
3  1
3  -3
3  -1
3  0
3  -12
3  -2
3  -1
3  -11
3  -1
3  -10
4  0
4  -6
4  -9
4  -3
4  -14
4  -10
4  -3
4  -1
4  -3
4  -5
4  -4
4  -2
4  -6
4  -10
4  -12
4  0
4  -5
4  -13
4  0
4  -12
4  -5
4  -5
4  -9
4  -13
4  -8
4  0
4  -8
4  -1
4  -10
4  -5
4  -8
4  -14
4  0
4  -6
4  -5
4  -7
4  -8
4  -9
4  0
4  -7
4  0
4  -3
4  -2
4  -6
4  -7
4  -2
4  -9
4  -8
4  -4
4  -14
4  -14
4  -9
4  -1
4  0
4  -1
4  0
4  -8
4  -14
4  -2
4  -3
4  -4
4  -13
4  -1
4  -2
4  -7
4  -14
4  -14
4  -13
4  -10
4  -10
4  -8
4  -7
4  -7
4  -8
4  -7
4  -10
4  -1
4  -1
4  -7
4  -8
4  -2
4  -6
4  -5
4  -11
4  -9
4  -2
4  0
4  -2
4  -3
4  -4
4  -5
4  -11
4  -9
4  -11
4  -11
4  -10
4  -3
4  -8
4  -1
4  -6
4  -6
4  -1
4  -12
4  -2
4  -3
4  -4
4  -5
4  -8
4  -13
4  -13
4  -14
4  -10
4  -13
4  -5
4  -5
4  -5
4  -11
4  -7
4  -4
4  -2
4  -8
4  -5
4  -7
4  -12
4  0
4  -7
4  -14
4  -7
4  -7
4  -11
4  -2
4  -11
4  -9
4  -1
4  -14
4  -4
4  -10
4  -14
4  -8
4  -13
4  -6
4  0
4  -9
4  -5
4  -9
4  -9
4  -2
4  -8
4  -6
4  -10
4  -8
4  -5
4  0
4  -13
4  -13
4  -10
4  0
4  -14
4  -12
4  -7
4  -12
4  -4
4  -6
4  -2
4  -9
4  -4
4  -13
4  -7
4  -1
4  -11
4  -14
4  -2
4  -4
4  -4
4  -8
4  -13
4  -12
4  -7
4  -2
4  -1
4  -7
4  -10
4  -10
4  -6
4  -6
4  -13
4  -8
4  0
4  -9
4  -6
4  -12
4  -1
4  -5
4  -14
4  -12
4  -11
4  -3
4  -1
4  -13
4  -1
4  -13
4  -11
4  -13
4  -9
4  -11
4  -6
5  5
5  1
5  5
5  14
5  3
5  4
5  7
5  9
5  2
5  9
5  12
5  3
5  12
5  12
5  12
5  3
5  7
5  10
5  4
5  1
5  6
5  8
5  1
5  2
5  9
5  14
5  13
5  11
5  5
5  14
5  5
5  14
5  1
5  1
5  1
5  0
5  7
5  0
5  3
5  13
5  11
5  13
5  10
5  10
5  10
5  14
5  7
5  13
5  11
5  5
5  12
5  12
5  7
5  13
5  7
5  6
5  8
5  12
5  9
5  11
5  13
5  2
5  11
5  14
5  1
5  0
5  8
5  11
5  13
5  13
5  7
5  14
5  8
5  8
5  7
5  12
5  7
5  2
5  4
5  5
5  6
5  7
5  8
5  0
5  5
5  4
5  0
5  13
5  8
5  1
5  4
5  14
5  13
5  4
5  3
5  6
5  12
5  8
5  3
5  11
5  1
5  7
5  1
5  3
5  4
5  10
5  4
5  4
5  13
5  2
5  10
5  10
5  8
5  3
5  4
5  5
5  13
5  13
5  2
5  8
5  9
5  5
5  14
5  11
5  9
5  10
5  2
5  7
5  3
5  2
5  6
5  6
5  4
5  12
5  4
5  11
5  5
5  13
5  9
5  11
5  6
5  12
5  0
5  13
5  1
5  14
5  4
5  6
5  3
5  14
5  10
5  13
5  8
5  0
5  7
5  1
5  11
5  12
5  9
5  7
5  0
5  0
5  7
5  7
5  10
5  1
5  14
5  7
5  8
5  4
5  4
5  5
5  13
5  14
5  11
5  5
5  4
5  9
5  11
5  12
5  3
5  7
5  13
5  6
5  9
5  3
5  2
5  9
5  12
5  4
5  1
6  0
6  0
6  0
6  0
6  -4
6  2
6  -8
6  -3
6  2
6  4
6  0
6  6
6  -5
6  1
6  -1
6  -8
6  3
6  4
6  0
6  -6
6  1
6  -6
6  6
6  3
6  4
6  -8
6  -7
6  5
6  1
6  -5
6  5
6  5
6  -2
6  -3
6  -4
6  3
6  -7
6  6
6  -3
6  4
6  6
6  6
6  -5
6  -4
6  -4
6  4
6  -1
6  3
6  4
6  -1
6  -7
6  -5
6  -7
6  -2
6  1
6  -3
6  5
6  -7
6  -8
6  0
6  -1
6  -1
6  -4
6  -4
6  -2
6  4
6  1
6  -2
6  3
6  -2
6  4
6  -6
6  -5
6  -5
6  -3
6  1
6  1
6  2
6  5
6  0
6  3
6  2
6  -8
6  1
6  4
6  2
6  4
6  3
6  -3
6  1
6  -5
6  2
6  6
6  3
6  6
6  -7
6  -1
6  -2
6  6
6  -8
6  5
6  0
6  -2
6  -8
6  -3
6  5
6  -1
6  -1
6  -1
6  3
6  -6
6  -7
6  -7
6  0
6  2
6  -7
6  5
6  4
6  -1
6  -6
6  -6
6  -4
6  5
6  3
6  5
7  -4
7  -2
7  1
7  6
7  8
7  2
7  0
7  4
7  -4
7  8
7  5
7  6
7  7
7  7
7  -2
7  -2
7  3
7  2
7  2
7  8
8  -6
8  -7
8  -8
8  -5
8  -10
8  -5
8  0
8  -3
8  -5
8  -13
8  0
8  -8
8  -1
8  -8
8  0
8  -10
8  -5
8  -14
8  -10
8  -6
8  -3
8  -10
8  0
8  -11
8  -13
8  -5
8  -5
8  -4
8  -10
8  -3
8  -14
8  0
8  -1
8  -4
8  -6
8  -1
8  -8
8  -2
8  -6
8  -7
8  -12
8  -2
8  0
8  -11
8  -9
8  -10
8  0
8  -7
8  -5
8  -4
8  -2
8  -1
8  -14
8  -1
8  -6
8  0
8  -14
8  -3
8  -8
8  -9
8  -13
8  -14
8  -11
8  -4
8  -9
8  -2
8  -3
8  -11
8  -14
8  -2
8  -6
8  -11
8  -14
8  -12
8  -12
8  -1
8  -14
8  -3
8  -11
8  -13
8  -8
8  -8
8  -14
8  0
8  -4
8  -9
8  0
8  -9
8  -11
8  -13
8  -4
8  -5
8  -9
8  -14
8  -1
8  -4
8  -14
8  -10
8  -5
8  -3
8  -1
8  -10
8  -6
8  -8
8  -7
8  -9
8  -7
8  -12
8  -12
8  -4
8  -7
8  -8
8  -11
8  -4
8  -2
8  -6
8  -12
8  -2
8  -6
8  0
8  -12
8  -3
8  -12
8  0
8  -1
8  -4
8  -5
8  0
8  -2
8  -3
8  -4
8  -6
8  -9
8  -4
8  -6
8  -4
8  -5
8  0
8  -9
8  -7
8  -1
8  -6
8  -12
8  0
8  -8
8  -14
8  0
8  -10
8  -11
8  0
8  -13
8  -4
8  -3
8  -7
8  -8
8  -7
8  -11
