1  -1
1  0
1  1
1  0
1  0
1  -1
1  -1
1  -1
1  0
1  1
1  0
1  0
1  1
1  1
1  0
1  0
1  1
1  -1
1  -1
1  1
1  0
1  1
1  1
1  -1
1  -1
1  0
1  1
1  1
1  1
1  -1
1  1
1  -1
1  1
1  1
1  0
1  -1
1  0
1  -1
1  -1
1  1
1  0
1  0
1  -1
1  -1
1  1
1  -1
1  1
1  1
1  1
1  0
1  -1
1  -1
1  0
1  -1
1  1
1  1
1  0
1  1
1  1
1  -1
1  1
1  -1
1  -1
1  -1
1  0
1  1
1  1
1  -1
1  -1
1  -1
1  -1
1  1
1  -1
1  1
1  1
1  -1
1  0
1  0
1  0
1  0
1  1
1  0
1  -1
1  1
1  -1
1  0
1  -1
1  1
1  0
1  1
1  0
1  1
1  1
1  0
1  -1
1  1
1  -1
1  -1
1  0
1  1
1  1
1  1
1  1
1  1
1  -1
1  0
1  -1
1  0
1  1
1  0
1  -1
1  -1
1  0
1  1
1  1
1  0
1  1
1  0
1  0
1  1
1  0
1  0
1  -1
1  -1
1  1
1  0
1  1
1  -1
1  1
1  -1
1  0
2  3
2  3
2  4
2  3
2  2
2  2
2  2
2  3
2  4
2  3
2  2
2  3
2  2
2  2
2  3
2  2
2  4
2  4
2  2
2  3
2  4
2  4
2  2
2  3
2  4
2  2
2  3
2  4
2  4
2  4
2  3
2  3
2  3
2  4
2  4
2  3
2  4
2  2
2  4
2  3
2  2
2  4
2  4
2  2
2  4
2  4
2  3
2  2
2  3
2  3
2  4
2  2
2  3
2  3
2  2
2  3
2  2
2  4
2  3
2  2
2  3
2  2
2  3
2  2
2  2
2  4
2  2
2  3
2  3
2  4
2  4
2  4
2  4
2  4
2  4
2  2
2  3
2  2
2  3
2  4
2  2
2  4
2  3
2  2
2  4
2  3
2  3
2  2
2  3
2  3
2  4
2  4
2  4
2  3
2  4
2  2
2  4
2  2
2  3
2  3
2  3
2  2
2  2
2  3
2  2
2  2
2  3
2  3
2  4
2  3
2  4
2  4
2  2
2  2
2  2
2  3
2  2
2  4
2  4
2  2
2  4
2  2
2  2
2  4
2  4
2  3
2  3
2  4
2  2
2  2
2  2
2  3
2  4
2  3
2  4
2  2
2  2
2  3
2  2
2  4
2  3
2  2
2  3
2  2
2  3
2  3
2  2
2  4
2  3
2  4
2  4
2  2
2  2
2  2
2  4
2  2
2  4
2  3
2  2
2  4
2  2
2  4
2  2
2  3
2  3
2  2
2  2
2  2
2  2
2  3
2  2
2  3
2  4
2  3
2  2
2  3
2  4
2  2
2  4
2  4
2  4
2  3
2  4
2  3
2  3
2  2
2  4
2  2
2  2
2  2
2  4
2  2
2  4
2  2
2  3
2  4
2  4
2  4
2  3
2  2
2  4
2  4
2  4
2  3
2  4
2  2
2  4
2  2
2  4
2  4
2  4
2  4
2  3
2  2
2  4
2  4
2  3
2  4
2  4
2  4
2  2
2  4
2  4
2  3
2  4
2  2
2  4
2  3
2  2
2  4
2  3
2  4
2  4
2  4
2  2
2  2
2  2
2  4
2  2
2  3
3  1
3  1
3  0
3  1
3  0
3  0
3  1
3  2
3  1
3  1
3  2
3  1
3  1
3  0
3  2
3  1
3  1
3  0
3  2
3  2
3  1
3  2
3  0
3  2
3  0
3  0
3  0
3  1
3  1
3  2
3  1
3  0
3  2
3  0
3  2
3  1
3  2
3  0
3  0
3  0
3  0
3  2
3  1
3  2
3  2
3  2
3  0
3  0
3  2
3  0
3  2
3  1
3  0
3  0
3  0
3  0
3  1
3  2
3  2
3  1
3  1
3  2
3  1
3  1
3  0
3  0
3  0
3  1
3  0
3  0
3  2
3  2
3  0
3  2
3  2
3  2
3  0
3  0
3  1
3  1
3  1
3  1
3  1
3  1
3  1
3  2
3  2
3  0
3  1
3  0
3  1
3  0
3  2
3  1
3  2
3  2
3  1
3  2
3  2
3  0
3  1
3  1
3  0
3  0
3  0
3  1
3  1
3  0
3  2
3  2
3  1
3  2
3  1
3  0
3  1
3  0
3  0
3  1
3  1
3  0
3  1
3  1
3  2
3  1
3  0
3  0
3  2
3  2
3  0
3  0
3  0
3  0
3  0
3  0
3  1
3  2
3  2
3  2
3  0
3  2
3  0
3  0
3  1
3  2
3  1
3  0
3  1
3  0
3  1
3  1
3  2
3  2
3  1
3  0
3  1
3  2
3  0
3  1
3  2
3  1
3  0
3  2
4  -1
4  -1
4  -1
4  -1
4  -2
4  -2
4  -1
4  -1
4  -1
4  0
4  -1
4  -1
4  -2
4  -2
4  -1
4  -1
4  -1
4  -1
4  0
4  -2
4  -1
4  0
4  -1
4  -2
4  0
4  0
4  -2
4  -1
4  -2
4  -1
4  -1
4  0
4  -2
4  0
4  0
4  -2
4  0
4  -1
4  -2
4  0
4  0
4  -1
4  -1
4  -1
4  -2
4  -1
4  -1
4  0
4  -1
4  0
4  -1
4  -2
4  -2
4  0
4  -2
4  0
4  0
4  -1
4  -1
4  -1
4  -1
4  -2
4  -2
4  -2
4  -2
4  0
4  -1
4  -2
4  -1
4  -2
4  0
4  0
4  0
4  0
4  0
4  -2
4  -1
4  -1
4  -1
4  -1
4  0
4  -2
4  0
4  -2
4  -1
4  -1
4  0
4  0
4  -1
4  -1
4  -1
4  0
4  -1
4  -1
4  -2
4  -1
4  -2
4  0
4  0
4  0
4  0
4  -1
4  -1
4  -1
4  0
4  0
4  0
4  -1
4  0
4  -2
4  0
4  -2
4  0
4  -1
4  0
4  -1
4  -2
4  -1
4  -2
4  -1
4  -2
4  0
4  -2
4  -1
4  0
4  -2
4  0
4  -2
5  -3
5  -4
5  -3
5  -3
5  -3
5  -4
5  -4
5  -5
5  -5
5  -5
5  -4
5  -3
5  -5
5  -5
5  -3
5  -5
5  -4
5  -3
5  -4
5  -3
5  -4
5  -4
5  -5
5  -5
5  -3
5  -3
5  -4
5  -4
5  -4
5  -3
5  -4
5  -3
5  -3
5  -3
5  -5
5  -5
5  -4
5  -5
5  -5
5  -4
5  -3
5  -5
5  -3
5  -5
5  -5
5  -5
5  -3
5  -3
5  -3
5  -3
5  -4
5  -3
5  -4
5  -3
5  -3
5  -5
5  -5
5  -4
5  -3
5  -3
5  -5
5  -5
5  -5
5  -4
5  -5
5  -3
5  -5
5  -3
5  -4
5  -4
5  -4
5  -4
5  -5
5  -3
5  -4
5  -5
5  -5
5  -5
5  -4
5  -5
5  -5
5  -3
5  -5
5  -4
5  -4
5  -3
5  -5
5  -4
5  -3
5  -5
5  -4
5  -5
5  -4
5  -5
5  -3
5  -5
5  -3
5  -5
5  -5
5  -5
5  -5
5  -3
5  -4
5  -3
5  -3
5  -3
5  -5
5  -5
5  -5
5  -5
5  -3
5  -5
5  -3
5  -4
5  -3
5  -4
5  -5
5  -3
5  -5
5  -4
5  -3
5  -4
5  -5
5  -3
5  -4
5  -5
5  -3
5  -4
6  -4
6  -4
6  -3
6  -3
6  -2
6  -4
6  -4
6  -2
6  -2
6  -2
6  -2
6  -4
6  -3
6  -2
6  -2
6  -4
6  -2
6  -3
6  -3
6  -3
6  -3
6  -2
6  -2
6  -3
6  -4
6  -3
6  -3
6  -3
6  -4
6  -2
6  -4
6  -2
6  -2
6  -3
6  -3
6  -2
6  -4
6  -2
6  -4
6  -2
6  -4
6  -2
6  -2
6  -4
6  -3
6  -4
6  -2
6  -3
7  -6
7  -6
7  -7
7  -6
7  -6
7  -5
7  -5
7  -7
7  -5
7  -7
7  -5
7  -6
7  -6
7  -6
7  -5
7  -5
7  -5
7  -5
7  -7
7  -7
7  -7
7  -7
7  -5
7  -7
7  -5
7  -7
7  -7
7  -7
7  -5
7  -6
7  -5
7  -7
7  -7
7  -7
7  -5
7  -6
7  -6
7  -6
7  -7
7  -5
7  -5
7  -6
7  -7
7  -6
7  -5
7  -7
7  -7
7  -7
7  -6
7  -6
7  -7
7  -6
7  -6
7  -6
7  -7
7  -6
7  -6
7  -5
7  -6
7  -6
7  -5
7  -6
7  -5
7  -7
7  -6
7  -5
7  -5
7  -7
7  -6
7  -7
7  -5
7  -6
7  -5
7  -7
7  -6
7  -5
7  -5
7  -5
7  -7
7  -7
7  -7
7  -7
7  -7
7  -5
7  -6
7  -5
7  -6
7  -5
7  -5
7  -5
7  -7
7  -5
7  -7
7  -6
7  -6
7  -6
7  -6
7  -7
7  -7
7  -6
7  -7
7  -5
7  -6
7  -5
7  -7
7  -5
7  -5
7  -5
7  -6
7  -5
7  -5
7  -5
7  -5
7  -7
7  -6
7  -6
7  -7
7  -7
7  -6
7  -5
7  -7
7  -7
7  -5
7  -5
7  -5
7  -7
7  -6
7  -5
7  -5
7  -7
7  -7
7  -7
7  -7
7  -5
7  -5
7  -6
7  -5
7  -5
8  -4
8  -3
8  -4
8  -4
8  -2
8  -4
8  -4
8  -3
8  -3
8  -3
8  -2
8  -3
8  -4
8  -2
8  -2
8  -2
8  -3
8  -2
8  -3
8  -3
8  -4
8  -4
8  -4
8  -3
8  -3
