1  7
1  7
1  6
1  6
1  8
1  6
1  7
1  8
1  8
1  8
1  7
1  6
1  6
1  7
1  6
1  8
1  8
1  7
1  6
1  7
1  6
1  7
1  8
1  8
1  7
1  6
1  7
1  7
1  8
1  6
1  7
1  8
1  6
1  6
1  6
1  6
1  6
1  7
1  8
1  6
1  7
1  8
1  7
1  6
1  6
1  7
1  7
1  8
1  8
1  8
1  6
1  6
1  8
1  6
1  6
1  6
1  6
1  8
1  8
1  8
1  6
1  7
1  8
1  6
1  7
1  6
1  6
1  6
1  8
1  6
1  7
1  7
1  6
1  7
1  6
1  7
1  6
1  6
1  7
1  8
1  8
1  8
1  7
1  6
1  7
1  7
1  6
1  7
1  6
1  6
1  8
1  8
1  8
1  6
1  6
1  8
1  8
1  8
1  8
1  6
1  6
1  7
1  6
1  6
1  7
1  8
2  -6
2  -4
2  -4
2  -4
2  -4
2  -6
2  -6
2  -4
2  -6
2  -6
2  -4
2  -6
2  -6
2  -6
2  -4
2  -4
2  -6
2  -6
2  -4
2  -4
2  -4
2  -6
2  -4
2  -4
2  -6
2  -4
2  -5
2  -4
2  -6
2  -5
2  -6
2  -5
2  -6
2  -6
2  -6
2  -4
2  -5
2  -4
2  -6
2  -5
2  -4
2  -6
2  -4
2  -5
2  -6
2  -5
2  -4
2  -6
2  -6
2  -5
2  -4
2  -6
2  -6
2  -6
2  -5
2  -6
2  -4
2  -5
2  -5
2  -6
2  -4
2  -4
2  -6
2  -4
2  -6
2  -5
2  -5
2  -5
2  -5
2  -4
2  -6
2  -5
2  -4
2  -4
2  -5
2  -5
2  -5
2  -4
2  -6
2  -5
2  -4
2  -5
2  -5
2  -5
2  -5
2  -4
2  -6
2  -5
2  -4
2  -4
2  -5
2  -5
2  -6
2  -6
2  -6
2  -6
2  -6
2  -4
2  -4
2  -5
2  -5
2  -6
2  -6
2  -4
2  -5
2  -5
2  -6
2  -6
2  -5
2  -4
2  -5
2  -4
2  -4
2  -5
2  -6
2  -6
2  -4
2  -4
2  -4
2  -5
2  -4
2  -5
2  -6
2  -5
2  -5
2  -6
2  -4
2  -5
2  -5
2  -6
2  -6
2  -4
2  -4
2  -5
2  -5
2  -5
2  -6
2  -5
2  -4
2  -4
2  -4
2  -4
2  -4
3  -5
3  -5
3  -5
3  -5
3  -5
3  -5
3  -4
3  -5
3  -4
3  -5
3  -3
3  -4
3  -4
3  -4
3  -4
3  -4
3  -3
3  -4
3  -3
3  -3
3  -4
3  -3
3  -5
3  -4
3  -3
3  -3
3  -4
3  -5
3  -4
3  -5
3  -4
3  -5
3  -4
3  -5
3  -4
3  -5
3  -3
3  -3
3  -5
3  -5
3  -3
3  -4
3  -5
3  -3
3  -5
3  -3
3  -4
3  -4
3  -3
3  -3
3  -4
3  -5
3  -3
3  -4
3  -4
3  -4
3  -5
3  -5
3  -4
3  -5
3  -3
3  -5
3  -3
3  -3
3  -3
3  -4
3  -3
3  -4
3  -3
3  -3
3  -3
3  -5
3  -3
3  -4
3  -4
3  -4
3  -4
3  -5
3  -4
3  -4
3  -3
3  -3
3  -5
3  -3
3  -4
3  -5
3  -3
3  -5
3  -4
3  -3
3  -4
3  -5
3  -3
3  -3
3  -4
3  -3
3  -5
3  -3
3  -3
3  -5
3  -4
3  -5
3  -4
3  -4
3  -5
3  -3
3  -3
3  -3
3  -4
3  -5
3  -4
3  -3
4  1
4  2
4  2
4  0
4  1
4  1
4  0
4  1
4  1
4  1
4  2
4  2
4  1
4  2
4  1
4  0
4  0
4  1
4  0
4  0
4  2
4  1
4  2
4  0
4  2
4  0
4  2
4  1
4  2
4  1
4  0
4  2
4  2
4  1
4  0
4  1
4  1
4  1
4  2
4  2
4  0
4  0
4  0
4  2
4  1
4  1
4  1
4  0
4  1
4  1
4  0
4  2
4  2
4  0
4  0
4  0
4  1
4  2
4  2
4  1
4  0
4  0
4  1
4  2
4  0
4  2
4  0
4  2
4  0
4  0
4  0
4  2
4  2
4  2
5  5
5  7
5  6
5  5
5  7
5  5
5  7
5  7
5  5
5  6
5  7
5  6
5  6
5  6
5  7
5  6
5  7
5  7
5  5
5  6
5  7
5  5
5  7
5  6
5  5
5  7
5  5
5  5
5  6
5  5
5  7
5  7
5  6
5  5
5  6
5  6
5  6
5  7
5  6
5  5
5  7
5  7
5  7
5  6
5  6
5  6
5  5
5  7
5  5
5  5
5  7
5  7
5  7
5  6
5  7
5  5
5  6
5  6
5  5
5  5
5  5
5  5
5  7
5  5
5  6
5  7
5  7
5  5
5  6
5  5
5  7
5  7
5  7
5  5
5  5
5  5
5  5
5  6
5  7
5  7
5  7
5  6
5  5
5  6
5  7
5  5
5  7
5  7
5  7
5  5
5  7
5  5
5  5
5  5
5  6
5  6
5  5
5  5
5  6
5  5
5  5
5  6
5  6
5  6
5  5
5  6
5  7
5  5
5  7
5  6
5  6
5  7
5  7
5  7
5  6
5  6
5  7
5  5
5  7
6  -3
6  -2
6  -2
6  -3
6  -4
6  -2
6  -3
6  -2
6  -3
6  -4
6  -3
6  -4
6  -4
6  -4
6  -2
6  -3
6  -2
6  -2
6  -4
6  -2
6  -3
6  -2
6  -3
6  -4
6  -2
6  -3
6  -4
6  -3
6  -2
6  -2
6  -3
6  -4
6  -3
6  -2
6  -4
6  -4
6  -3
6  -3
6  -2
6  -3
6  -2
6  -3
6  -4
6  -2
6  -3
6  -4
6  -4
6  -2
6  -3
6  -4
6  -4
6  -3
6  -3
6  -4
6  -4
6  -4
6  -4
6  -3
6  -3
6  -4
6  -3
6  -2
6  -2
6  -4
6  -3
6  -3
6  -2
6  -4
6  -2
6  -3
6  -3
6  -4
6  -3
6  -3
6  -2
6  -3
6  -3
6  -2
6  -3
6  -4
6  -4
6  -3
6  -3
6  -3
6  -3
6  -4
6  -4
6  -2
6  -4
6  -4
6  -3
6  -3
6  -3
6  -4
6  -2
6  -3
7  4
7  3
7  4
7  4
7  3
7  5
7  5
7  4
7  5
7  4
7  5
7  4
7  3
7  3
7  4
7  4
7  5
7  3
7  4
7  4
7  5
7  4
7  3
7  4
7  3
7  3
7  4
7  5
7  3
7  3
7  3
7  4
7  3
7  4
7  4
7  3
7  3
7  3
7  4
7  3
7  5
7  5
7  5
7  4
7  5
7  4
7  5
7  5
7  4
7  3
7  5
8  -8
8  -7
8  -8
8  -8
8  -8
8  -8
8  -7
8  -8
8  -6
8  -7
8  -6
8  -8
8  -6
8  -7
8  -8
8  -7
8  -6
8  -6
8  -8
8  -6
8  -6
8  -7
8  -8
8  -7
8  -8
8  -7
8  -8
8  -6
8  -7
8  -8
8  -8
8  -6
8  -6
8  -7
8  -7
8  -7
8  -6
8  -7
8  -6
8  -8
8  -8
9  1
9  2
9  0
9  0
9  2
9  2
9  2
9  2
9  0
9  0
9  1
9  0
9  1
9  2
9  2
9  1
9  0
9  1
9  0
9  0
9  2
9  1
9  1
9  1
9  1
9  2
9  1
9  0
9  1
9  1
9  1
9  2
9  1
9  0
9  0
9  1
9  2
9  2
9  2
9  2
9  1
9  0
9  0
9  1
9  0
9  1
9  0
9  1
9  1
9  0
9  2
9  0
9  0
9  1
9  2
9  0
9  1
9  2
9  1
9  2
9  0
9  1
9  2
9  1
9  0
9  1
9  1
9  1
9  2
9  1
9  1
9  2
9  0
9  1
9  2
9  1
9  2
9  2
9  0
9  0
9  0
9  2
9  1
9  2
10  -1
10  1
10  -1
10  -1
10  1
10  0
10  1
10  1
10  0
10  0
10  -1
10  0
10  -1
10  0
10  -1
10  1
10  1
10  0
10  0
10  0
10  0
10  0
10  1
10  0
10  -1
10  1
10  1
10  0
10  0
10  1
10  -1
10  -1
10  1
10  -1
10  0
10  1
10  0
10  -1
10  0
10  1
10  1
10  1
10  -1
10  1
10  -1
10  0
10  1
10  -1
10  1
10  -1
10  -1
10  0
10  1
10  1
10  1
10  1
10  0
10  0
10  -1
10  1
10  0
10  -1
10  -1
10  0
10  -1
10  1
10  -1
10  1
10  0
10  0
10  0
10  1
10  -1
10  0
10  -1
10  -1
10  -1
10  1
10  1
10  0
10  1
10  -1
10  0
10  1
10  1
10  -1
10  -1
10  0
10  0
10  -1
10  -1
10  -1
10  -1
10  1
10  -1
10  1
10  0
10  -1
10  0
10  1
10  0
10  0
10  1
10  1
10  -1
11  -5
11  -3
11  -5
11  -5
11  -3
11  -5
11  -3
11  -3
11  -4
11  -4
11  -3
11  -3
11  -3
11  -5
11  -3
11  -4
11  -5
11  -4
11  -4
11  -5
11  -4
11  -3
11  -5
11  -5
11  -3
11  -5
11  -4
11  -5
11  -5
11  -5
11  -5
11  -3
11  -3
11  -4
11  -5
11  -5
11  -5
11  -4
11  -5
11  -3
11  -5
11  -4
11  -4
11  -4
11  -5
11  -4
11  -5
11  -3
11  -4
11  -3
11  -5
11  -5
11  -4
11  -4
11  -3
11  -3
11  -4
11  -3
11  -3
11  -3
11  -5
11  -5
11  -3
11  -4
11  -5
11  -3
11  -4
11  -4
11  -3
