1  4
1  3
1  0
1  8
1  3
1  2
1  12
1  12
1  7
1  3
1  9
1  10
1  8
1  10
1  6
1  3
1  7
1  2
1  2
1  0
1  0
1  7
1  0
1  2
1  9
2  7
2  13
2  2
2  12
2  12
2  7
2  5
2  1
2  3
2  2
2  12
2  6
2  5
2  13
2  6
2  5
2  4
2  12
2  5
2  6
2  7
2  8
2  3
2  12
2  7
2  12
2  10
2  8
2  13
2  5
2  2
2  12
2  1
2  6
2  2
2  1
2  5
2  11
2  10
2  9
2  6
2  9
2  6
2  10
2  13
2  13
2  8
2  7
2  6
2  13
2  1
2  2
2  9
2  4
2  1
2  10
2  4
2  2
2  6
2  9
2  6
2  9
2  1
2  13
2  8
2  5
2  3
2  4
2  13
2  8
2  2
2  3
2  1
2  2
2  3
2  11
2  1
2  11
2  2
2  2
2  8
2  10
2  3
2  10
2  12
2  4
2  6
2  12
2  4
2  13
2  7
2  4
2  2
2  1
2  7
2  13
2  1
2  10
2  10
2  12
2  13
2  1
2  1
2  13
2  3
2  13
2  10
3  -1
3  -6
3  -4
3  1
3  -2
3  -4
3  -6
3  -1
3  -1
3  3
3  -2
3  -2
3  2
3  3
3  -1
3  -2
3  -8
3  -8
3  -5
3  -9
3  -1
3  -4
3  3
3  -1
3  -7
3  0
3  -9
3  -9
3  -3
3  -1
3  -7
4  2
4  1
4  1
4  12
4  12
4  1
4  1
4  0
4  10
4  7
4  8
4  2
4  6
4  5
4  0
4  2
4  0
4  5
4  11
4  7
4  5
4  0
5  -5
5  0
5  1
5  0
5  2
5  -2
5  4
5  -4
5  -5
5  -4
5  1
5  -7
5  5
5  -2
5  3
5  -1
5  5
5  -7
5  4
5  5
5  -2
5  -5
5  -4
5  1
5  1
5  -1
5  -7
5  3
5  -5
5  5
5  5
5  -3
5  2
5  3
5  -1
5  3
5  -1
5  -6
5  5
5  1
5  5
5  -3
5  4
5  4
5  -3
5  -4
5  -7
5  -7
5  1
5  -4
5  -2
5  0
5  1
5  -5
5  1
5  -4
5  -6
5  -3
5  2
5  4
5  4
5  4
5  -7
5  1
5  0
5  -7
5  4
5  2
5  -5
5  -5
5  -2
5  -4
5  -4
5  2
5  -5
5  5
5  -1
5  5
5  -7
5  4
5  -6
5  -1
5  -4
5  1
5  -3
5  -7
5  -7
5  4
5  -4
5  5
5  3
5  -2
5  -3
5  1
5  5
5  -6
5  -3
5  -5
5  -4
5  -2
5  -2
5  3
5  3
5  5
5  4
5  1
5  0
5  -1
5  -5
5  5
5  1
5  -1
5  -6
5  2
5  -1
5  4
5  5
5  0
5  4
5  2
5  -4
5  0
5  3
5  5
5  -3
5  -2
5  -1
5  1
5  4
5  -3
5  -6
5  -5
5  1
5  -3
5  -6
5  -1
5  -6
5  1
5  5
5  -1
5  -6
5  2
5  5
5  -7
5  -5
5  3
5  -3
5  1
5  0
5  4
5  -1
5  -3
5  -5
5  1
5  1
5  3
5  5
5  3
5  5
5  -3
5  0
5  0
5  0
5  -5
5  -5
5  -5
5  4
5  -1
5  -3
5  3
5  3
5  -5
5  -3
5  -5
5  -4
5  4
6  -6
6  -1
6  -4
6  -4
6  -2
6  -2
6  -6
6  -4
6  -5
6  -10
6  -13
6  -6
6  -13
6  -1
6  -2
6  -9
6  -2
6  -3
6  -7
6  -6
6  -2
6  -2
6  -11
6  -4
6  -2
7  -3
7  -1
7  -6
7  -7
7  -7
7  -9
7  1
7  -2
7  -4
7  -7
7  -2
7  1
7  0
7  -9
7  -7
7  1
7  0
7  0
7  1
7  2
7  -8
7  -4
7  -9
7  -3
7  -9
7  -1
7  -9
7  -9
7  -4
7  1
7  -10
7  2
7  -6
7  -5
7  -2
7  -8
7  -9
7  1
7  -8
7  -9
7  2
7  1
7  -7
7  0
7  -1
7  -6
7  -7
7  -5
7  -10
7  2
7  -10
7  0
7  2
7  1
7  -4
7  -7
7  -4
7  -7
7  1
7  -1
7  -7
7  -8
7  -2
7  -6
7  -5
7  -10
7  -6
7  -8
7  1
7  0
7  -1
7  -9
7  -4
7  -6
7  0
7  -5
7  -7
7  1
7  -6
7  2
7  -9
7  -1
7  -5
7  1
7  1
7  -6
7  -7
7  -9
7  -7
7  -4
7  -6
7  -10
7  -2
7  1
7  1
7  -1
7  -7
7  -9
7  -2
7  -8
7  -9
7  1
7  -5
7  -2
7  -4
7  -7
7  -7
7  -1
7  2
7  1
7  -1
7  -6
7  -9
7  -8
7  -10
7  -1
7  -8
7  -7
7  -8
7  1
7  -5
7  1
7  -8
7  -2
7  2
7  -5
7  -1
7  -9
7  -10
7  1
7  1
7  -4
7  2
7  -1
7  -2
7  -6
7  -1
7  2
7  -8
7  0
7  -3
7  2
7  -7
7  0
7  -2
7  -9
7  -4
7  2
7  0
7  -6
7  -5
7  -9
7  0
7  -6
7  -2
7  -1
7  -6
7  -4
7  -2
7  -3
7  -9
7  1
7  -5
7  2
7  2
7  -6
7  2
7  -3
7  -9
7  -4
7  -1
7  -4
7  -8
7  1
7  -3
7  2
7  -5
7  -4
7  -8
7  -4
7  -2
7  -9
7  -3
7  1
7  2
7  -8
7  -8
7  2
7  -3
7  -2
7  -7
7  -2
7  1
7  -8
7  -2
7  -7
7  -3
7  -5
7  -5
7  -2
7  -5
7  0
7  -7
7  0
7  -5
7  -1
7  -7
7  -6
7  -5
7  -9
7  1
7  -3
7  -9
7  -2
7  -6
7  -1
7  1
7  -10
7  -7
7  0
7  -2
7  -1
7  -5
7  -5
7  -10
7  -2
7  -10
7  -1
7  -10
7  -1
7  -6
8  7
8  8
8  7
8  0
8  7
8  2
8  3
8  11
8  11
8  7
8  5
8  2
8  4
8  5
8  2
8  11
8  1
8  1
8  3
8  3
8  6
8  1
8  0
8  0
8  6
8  -1
8  1
8  5
8  10
8  -1
8  11
8  10
8  0
8  1
8  0
8  11
8  9
8  3
8  7
8  1
8  4
8  0
8  4
8  6
8  3
8  2
8  2
8  4
8  6
8  7
8  5
8  6
8  4
8  5
8  11
8  5
8  6
8  1
8  4
8  1
8  11
8  8
8  11
8  1
8  4
8  1
8  7
8  5
8  3
8  2
8  11
8  0
8  0
8  2
8  2
8  3
8  -1
8  1
8  10
8  4
8  -1
8  1
8  3
8  8
8  10
8  1
8  5
8  -1
8  4
8  4
8  1
8  5
8  10
8  9
8  2
8  0
8  11
8  1
8  5
8  5
8  10
8  10
8  11
8  6
8  7
8  9
8  6
8  8
8  4
8  5
8  5
8  -1
8  3
8  1
8  3
8  11
8  11
8  5
8  -1
8  10
8  6
8  1
8  9
8  10
8  11
8  11
8  10
8  8
8  10
8  11
8  11
8  3
8  5
8  11
8  5
8  8
8  8
8  3
8  -1
8  6
8  8
8  5
8  8
8  5
8  -1
8  6
8  9
8  8
8  0
8  10
8  6
8  2
8  1
8  10
8  -1
8  0
8  4
8  -1
8  0
8  1
8  -1
8  3
8  8
8  9
8  0
9  0
9  1
9  10
9  7
9  2
9  5
9  4
9  7
9  9
9  9
9  3
9  7
9  6
9  0
9  5
9  1
9  8
9  7
9  4
9  2
9  9
9  1
9  -2
10  3
10  9
10  3
10  6
10  -2
10  9
10  -3
10  1
10  -3
10  -1
10  2
10  -2
10  8
10  2
10  -3
10  -1
10  6
10  -1
10  6
10  2
10  9
10  2
10  1
10  2
10  4
10  9
10  2
10  9
10  1
10  -2
10  9
10  -3
10  7
10  9
10  5
10  3
10  3
10  -3
10  1
10  3
10  -1
10  -2
10  1
10  2
10  5
10  5
10  -3
10  8
10  5
10  0
10  -3
10  -3
10  6
10  6
10  -3
10  3
10  4
10  1
10  7
10  3
10  2
10  0
10  6
10  -2
10  4
10  4
10  8
10  5
10  8
10  4
10  4
10  3
10  6
10  -3
10  2
10  -1
10  1
10  0
10  3
10  -2
10  6
10  2
10  4
10  1
10  0
10  -1
10  3
10  -1
10  2
10  3
10  -3
10  0
10  7
10  6
10  8
10  6
10  2
10  6
10  9
10  7
10  6
10  0
10  0
10  -2
10  2
10  1
10  5
10  -2
10  9
10  8
10  1
10  -2
10  7
10  -3
10  -2
10  -3
10  6
10  -1
10  7
10  -3
10  -2
10  6
10  5
10  6
10  0
10  3
10  -3
10  6
10  -3
10  3
10  7
10  1
10  3
10  1
10  -2
10  8
10  2
10  6
10  -3
10  -3
10  -2
10  3
10  1
10  -3
10  -1
10  -3
10  9
10  1
10  0
10  8
10  -2
10  5
10  7
10  7
10  0
10  0
10  9
10  6
10  0
10  9
10  1
10  5
10  3
10  -1
10  9
10  5
10  2
10  8
10  8
10  0
10  -2
10  0
10  5
10  0
10  -1
10  3
10  5
10  1
10  4
10  8
10  0
10  -2
10  5
10  9
10  3
10  8
10  8
10  3
10  0
10  5
10  4
10  5
10  8
10  3
10  0
