1  0
1  0
1  -2
1  -1
1  0
1  -1
1  -1
1  1
1  -3
1  1
1  -1
1  1
1  1
1  1
1  0
1  0
1  -3
1  -1
1  1
1  -3
1  0
1  -3
1  -2
1  -2
1  -3
1  -3
1  1
1  -3
1  -1
1  -1
1  -1
1  -2
1  0
1  0
1  -2
1  -1
1  -1
1  -1
1  -2
1  1
1  1
1  -2
1  0
1  1
1  0
1  -2
1  -1
1  -2
1  1
1  -1
1  -1
1  -1
1  -2
1  0
1  -1
1  -1
1  1
1  0
1  0
1  -1
1  -1
1  -2
1  -3
1  1
1  0
1  -2
1  0
1  -1
1  -1
1  -1
1  -2
1  1
1  0
1  0
1  -1
1  -3
1  -2
1  -3
1  0
1  0
1  -3
1  -2
1  1
1  0
1  -3
1  0
1  0
1  -3
1  -2
1  -1
1  -3
1  -1
1  0
1  -1
1  -1
1  -2
1  0
1  0
1  1
1  1
1  -3
1  1
1  1
1  -1
1  -2
1  0
1  1
1  -2
1  -2
1  0
1  -2
1  1
1  -1
1  -2
1  -2
1  -2
1  -2
1  -2
1  -1
1  0
1  -3
1  -1
1  -3
1  1
1  -3
1  0
1  1
1  -2
1  -1
1  -3
1  -1
1  -1
1  0
1  -1
1  1
1  -2
1  -2
1  -3
1  -1
1  -3
1  -2
1  1
1  -1
1  -3
1  -3
1  -1
1  -2
1  1
1  0
1  1
1  1
1  -1
1  -1
1  0
1  -2
1  -3
1  1
1  -1
1  -1
1  -1
1  1
1  0
1  1
1  -3
1  -1
1  1
1  -3
1  1
1  0
1  -1
1  -3
1  -1
1  -2
1  -3
1  -3
1  -2
1  1
1  -3
1  -1
1  -3
1  1
1  -2
1  -3
1  -3
1  1
1  0
1  -2
1  -1
1  1
1  -3
1  -3
1  -2
1  0
1  -1
1  -3
1  -3
1  1
1  -1
1  -3
1  -1
1  0
2  -6
2  -5
2  -5
2  -7
2  -6
2  -5
2  -6
2  -5
2  -8
2  -6
2  -7
2  -6
2  -7
2  -6
2  -8
2  -4
2  -4
2  -7
2  -8
2  -5
2  -4
2  -6
2  -8
2  -8
2  -8
2  -4
2  -7
2  -6
2  -6
2  -4
2  -8
2  -7
2  -5
2  -7
2  -7
2  -4
2  -4
2  -4
2  -7
2  -4
2  -7
2  -4
2  -8
2  -7
2  -8
2  -4
2  -7
2  -8
2  -7
2  -7
2  -5
2  -7
2  -6
2  -6
2  -8
2  -8
2  -5
2  -4
2  -4
2  -4
2  -4
2  -4
2  -7
2  -7
2  -8
2  -5
2  -6
2  -6
2  -7
2  -4
2  -7
2  -6
2  -6
2  -7
2  -8
2  -4
2  -7
2  -5
2  -4
2  -8
2  -8
2  -8
2  -4
2  -6
2  -5
2  -4
2  -7
2  -8
2  -7
2  -6
2  -7
2  -5
2  -6
2  -4
2  -4
2  -6
2  -5
2  -4
2  -7
2  -6
2  -7
2  -5
2  -8
2  -6
2  -6
2  -6
2  -4
2  -6
2  -7
2  -6
2  -8
2  -8
2  -8
2  -6
2  -5
2  -8
2  -5
2  -5
2  -6
3  -7
3  -7
3  -7
3  -8
3  -8
3  -9
3  -8
3  -7
3  -5
3  -7
3  -6
3  -6
3  -9
3  -5
3  -6
3  -5
3  -5
3  -6
3  -8
3  -8
3  -6
3  -9
3  -7
3  -9
3  -8
3  -8
3  -8
3  -6
3  -7
4  9
4  8
4  9
4  8
4  8
4  9
4  9
4  9
4  8
4  8
4  7
4  6
4  6
4  5
4  9
4  6
4  7
4  6
4  8
4  6
4  5
4  7
4  5
4  8
4  6
4  8
4  6
4  5
4  5
4  8
4  5
4  8
4  8
4  9
4  5
4  8
4  7
4  8
4  5
4  5
4  9
4  6
4  9
4  6
4  9
4  9
4  7
4  8
4  5
4  8
4  5
4  5
4  6
4  9
4  8
4  7
4  8
4  5
4  9
4  8
4  6
4  5
4  5
4  6
4  9
4  6
4  6
4  9
4  6
4  5
4  6
4  6
4  8
4  6
5  4
5  7
5  6
5  4
5  7
5  5
5  5
5  4
5  7
5  8
5  4
5  5
5  8
5  6
5  6
5  6
5  8
5  4
5  8
5  6
5  7
5  5
5  5
5  5
5  5
5  4
5  5
5  5
5  8
5  8
5  4
5  5
5  6
5  4
5  8
5  7
5  6
5  4
5  5
5  7
5  5
5  4
5  6
5  6
5  4
5  7
5  8
5  7
5  5
5  5
5  4
5  5
5  6
5  6
5  8
5  8
5  8
5  6
5  4
5  7
5  4
5  8
5  6
5  6
5  7
5  5
5  8
5  8
5  4
5  6
5  4
5  5
5  8
5  6
5  5
5  7
5  5
5  5
5  7
5  7
5  8
5  7
5  6
5  4
5  6
5  5
5  8
5  5
5  6
5  7
5  7
5  5
5  5
5  6
5  4
5  7
5  6
5  4
5  4
5  5
5  5
5  5
5  7
5  6
5  6
5  6
5  8
5  8
5  8
5  6
5  7
5  4
5  4
5  5
5  6
5  6
5  7
5  6
5  5
5  6
5  7
5  7
5  5
5  4
5  4
5  7
5  7
5  4
5  8
5  5
5  5
5  5
5  5
5  8
5  8
5  6
5  6
5  5
5  7
5  8
5  8
5  8
5  6
5  5
5  7
5  8
5  4
5  8
5  4
5  5
5  6
6  4
6  3
6  2
6  5
6  5
6  4
6  1
6  3
6  5
6  5
6  2
6  2
6  3
6  2
6  4
6  4
6  1
6  3
6  3
6  2
6  3
6  5
6  4
6  2
6  2
6  4
6  3
6  5
6  5
6  2
6  2
6  4
6  3
6  2
6  3
6  2
6  2
6  1
6  2
6  1
6  3
6  4
6  1
6  4
6  2
6  1
6  2
6  4
6  2
6  2
6  4
6  2
6  2
6  1
6  4
6  4
6  5
6  2
6  5
6  5
6  4
6  4
6  4
6  2
6  4
6  3
6  3
6  1
6  3
6  5
6  1
6  4
6  4
6  1
6  5
6  2
6  1
6  4
6  2
6  2
6  3
6  1
6  5
6  4
6  4
6  2
6  1
6  3
6  1
6  5
6  3
6  3
6  3
6  4
6  3
6  4
6  2
6  3
6  2
6  4
6  3
6  3
6  4
6  2
6  1
6  3
6  2
6  3
6  4
6  5
6  4
6  4
6  3
6  2
6  2
6  2
6  3
6  5
6  2
6  5
6  2
6  2
6  1
6  3
6  3
6  5
6  3
6  2
6  4
6  3
6  4
6  2
6  5
6  2
6  4
6  3
6  5
6  3
6  2
6  2
6  1
6  4
6  3
6  2
6  4
6  3
6  3
6  2
6  4
6  5
6  1
6  3
6  3
6  5
6  2
6  2
6  5
6  4
6  2
6  5
6  5
6  4
6  5
6  5
6  4
6  4
6  4
6  5
6  5
6  1
6  1
6  2
6  2
6  3
6  5
6  2
6  2
6  5
6  2
6  5
6  5
6  1
6  5
6  4
6  3
6  1
6  3
6  4
6  3
6  3
6  2
6  2
6  1
6  3
6  4
6  1
6  5
7  7
7  8
7  8
7  7
7  6
7  5
7  9
7  7
7  5
7  8
7  5
7  7
7  5
7  7
7  8
7  7
7  7
7  8
7  9
7  5
7  6
7  8
7  8
7  7
7  5
7  5
7  5
7  7
7  8
7  5
7  8
7  8
7  6
7  6
7  9
7  8
7  5
7  7
7  6
7  7
7  9
8  6
8  2
8  2
8  3
8  2
8  4
8  3
8  6
8  2
8  2
8  6
8  5
8  6
8  6
8  3
8  3
8  6
8  3
8  2
8  2
8  2
8  4
8  2
8  4
8  2
8  2
8  2
8  6
8  3
8  2
8  6
8  4
8  2
8  4
8  6
8  2
8  6
8  3
8  6
8  6
8  2
8  6
8  6
8  4
8  3
8  2
8  6
8  6
8  3
8  3
8  6
8  2
8  6
8  5
8  5
8  4
8  3
8  4
8  3
8  5
8  5
8  3
8  2
8  4
8  6
8  2
8  5
8  3
8  6
8  6
8  5
8  3
8  5
8  5
8  6
8  2
8  2
8  3
8  6
8  3
8  4
8  3
8  3
8  4
8  5
8  2
8  6
8  2
8  6
8  6
8  4
8  6
8  4
8  2
8  6
8  5
8  3
8  2
8  5
8  4
8  3
8  6
8  6
8  4
8  2
8  5
8  5
8  2
8  3
8  4
8  5
8  6
8  4
8  5
8  4
8  6
8  4
8  2
8  5
8  4
8  2
8  6
8  5
8  5
8  5
8  3
8  6
8  2
8  2
8  5
8  4
8  2
8  4
8  3
8  3
8  3
8  2
8  6
8  6
8  3
8  2
8  3
8  3
8  3
8  5
8  2
8  4
8  6
8  2
8  5
8  6
8  3
8  3
8  4
8  3
8  5
8  2
8  6
8  2
8  2
8  4
8  4
8  4
8  5
8  5
8  4
8  6
8  5
8  4
8  3
8  3
8  5
8  2
8  4
8  6
8  6
8  4
8  3
8  2
8  2
8  3
8  5
8  6
8  6
8  5
8  2
8  3
8  5
