1  4
1  1
1  3
1  2
1  1
1  3
1  1
1  4
1  3
1  4
1  3
1  4
1  5
1  2
1  2
1  2
1  1
1  4
1  2
1  2
1  1
1  2
1  5
1  4
1  2
1  1
1  5
2  5
2  2
2  3
2  6
2  6
2  3
2  2
2  4
2  4
2  5
2  4
2  3
2  5
2  2
2  2
2  6
2  4
2  5
2  3
2  3
2  4
2  3
2  5
2  3
2  6
2  4
2  2
2  2
3  -7
3  -9
3  -5
3  -6
3  -5
3  -7
3  -7
3  -5
3  -9
3  -9
3  -5
3  -8
3  -9
3  -7
3  -7
3  -8
3  -6
3  -8
3  -7
3  -9
3  -9
3  -6
3  -7
3  -8
3  -7
3  -6
3  -8
3  -6
3  -6
3  -6
3  -9
3  -8
3  -9
3  -8
3  -9
3  -7
3  -7
3  -6
3  -5
3  -6
3  -9
3  -7
3  -9
3  -9
3  -6
3  -7
3  -5
3  -8
3  -9
3  -9
3  -7
3  -5
3  -8
3  -9
3  -8
3  -5
3  -6
3  -6
3  -6
3  -7
3  -8
3  -6
3  -5
3  -6
3  -9
3  -6
3  -6
3  -7
3  -9
3  -5
3  -5
3  -8
3  -6
3  -6
3  -6
3  -9
3  -6
3  -5
3  -7
3  -9
3  -5
3  -8
3  -9
3  -9
3  -9
3  -8
3  -8
3  -9
3  -9
3  -6
3  -6
3  -5
3  -5
3  -9
3  -9
3  -9
3  -6
3  -8
3  -6
3  -7
3  -7
3  -9
3  -6
3  -5
3  -5
3  -8
3  -9
3  -9
3  -7
3  -6
3  -7
3  -9
3  -5
3  -6
3  -5
3  -6
3  -5
3  -9
3  -5
3  -6
3  -9
3  -9
3  -8
3  -7
3  -5
3  -7
3  -7
3  -6
3  -7
3  -7
3  -5
3  -5
3  -9
3  -8
3  -8
3  -7
3  -6
3  -8
3  -5
3  -5
3  -6
3  -9
3  -7
3  -9
3  -9
3  -7
3  -7
3  -8
3  -6
3  -5
3  -8
3  -5
3  -6
3  -8
3  -9
3  -7
3  -8
3  -6
3  -7
3  -8
3  -9
3  -8
3  -6
3  -9
3  -6
3  -5
3  -7
3  -5
3  -7
3  -5
3  -6
3  -9
3  -9
3  -8
3  -8
3  -8
3  -9
3  -9
3  -7
3  -6
3  -8
3  -5
3  -8
3  -9
3  -9
3  -6
3  -8
3  -8
3  -6
3  -7
3  -7
3  -9
3  -5
3  -8
3  -5
4  -7
4  -5
4  -7
4  -5
4  -7
4  -6
4  -4
4  -5
4  -4
4  -3
4  -4
4  -6
4  -7
4  -4
4  -5
4  -3
4  -6
4  -4
4  -6
4  -4
4  -7
4  -5
4  -3
4  -4
4  -5
4  -3
4  -4
4  -5
4  -5
4  -7
4  -4
4  -6
4  -5
4  -6
4  -5
4  -7
4  -7
4  -6
4  -4
4  -6
4  -5
4  -7
4  -3
4  -7
4  -3
4  -7
4  -4
4  -6
4  -7
4  -7
4  -7
4  -4
4  -5
4  -5
4  -7
4  -7
4  -7
4  -4
4  -6
4  -5
4  -7
4  -6
4  -4
4  -6
4  -5
4  -4
4  -6
4  -4
4  -6
4  -3
4  -7
4  -5
4  -6
4  -3
4  -3
4  -4
4  -5
4  -7
4  -7
4  -7
4  -4
4  -3
4  -7
4  -4
4  -7
4  -6
4  -6
4  -6
4  -7
4  -6
4  -7
4  -7
4  -7
4  -6
4  -6
4  -5
4  -3
4  -4
4  -7
4  -7
4  -5
4  -3
4  -3
4  -5
4  -5
4  -6
4  -3
4  -3
4  -3
4  -4
4  -6
4  -3
4  -3
4  -7
4  -6
4  -6
4  -7
4  -4
4  -3
4  -3
4  -6
4  -4
4  -7
4  -6
4  -5
4  -7
4  -5
5  0
5  2
5  2
5  -1
5  3
5  -1
5  0
5  3
5  3
5  1
5  2
5  2
5  2
5  2
5  0
5  2
5  -1
5  0
5  2
5  0
5  3
5  -1
5  2
5  2
5  0
5  1
5  3
5  2
5  3
5  -1
5  0
5  0
5  0
5  1
5  2
5  0
5  3
5  3
5  3
5  0
5  3
5  0
5  0
5  1
5  3
5  2
5  0
5  2
5  2
5  -1
5  -1
5  0
5  3
5  0
5  2
5  2
5  1
5  3
5  0
5  3
5  -1
5  3
5  -1
5  3
5  0
5  0
5  -1
5  1
5  2
5  3
5  1
5  0
5  -1
5  2
5  0
5  2
5  1
5  -1
5  1
5  2
5  -1
5  2
5  3
5  3
5  3
5  -1
5  0
5  0
5  1
5  -1
5  1
5  3
5  3
5  -1
5  3
5  -1
5  -1
5  0
5  -1
5  3
5  2
5  0
5  1
5  -1
5  3
5  0
5  0
5  3
5  1
5  3
5  2
5  2
5  3
5  0
5  3
5  2
5  3
5  3
5  -1
5  1
5  1
5  2
5  3
5  1
5  2
5  0
5  2
5  3
5  2
5  2
5  3
5  0
5  0
5  0
5  1
5  -1
5  1
5  3
5  3
5  1
5  2
5  0
5  3
5  -1
5  -1
5  1
5  0
5  1
5  1
6  0
6  -1
6  -3
6  1
6  0
6  -3
6  0
6  1
6  -1
6  0
6  -2
6  -3
6  1
6  -3
6  -3
6  1
6  -3
6  -2
6  -1
6  -2
6  0
6  -1
6  -2
6  -1
6  0
6  -3
6  -2
6  1
6  -1
6  -3
6  -3
6  1
6  0
6  0
6  1
6  -1
6  0
6  0
6  -2
6  -2
6  -3
6  0
6  -3
6  1
6  -1
6  1
6  -3
6  -1
6  -2
6  1
6  -2
6  0
6  -2
6  0
6  -1
6  1
6  1
6  -2
6  1
6  1
6  -2
6  -1
6  1
6  -1
6  1
6  0
6  0
6  0
6  -3
6  0
6  0
6  -2
6  -1
6  -3
6  -1
6  -3
6  -1
6  -1
6  -3
6  1
6  1
6  -3
6  -1
6  -1
6  0
6  1
6  0
6  1
6  0
6  0
6  -1
6  -3
6  -2
6  0
6  -3
6  -2
6  -3
6  -3
6  1
6  1
6  -2
6  -2
6  1
6  -2
6  -2
6  -1
6  -1
6  1
6  -2
6  -1
6  -2
6  0
6  0
6  -1
6  1
6  -1
6  -2
6  -2
6  0
6  -1
6  0
6  -1
6  1
6  -1
6  -2
6  -2
6  -3
6  -1
6  -1
6  0
6  -1
6  0
6  -2
6  -3
6  -2
6  1
6  1
7  -6
7  -5
7  -5
7  -7
7  -6
7  -4
7  -8
7  -8
7  -5
7  -7
7  -4
7  -5
7  -4
7  -8
7  -6
7  -6
7  -4
7  -5
7  -4
7  -5
7  -6
7  -8
7  -7
7  -5
7  -5
7  -4
7  -7
7  -8
7  -7
7  -8
7  -4
7  -5
7  -5
7  -6
7  -7
7  -8
7  -6
7  -4
7  -7
7  -6
7  -8
7  -5
7  -6
7  -5
7  -7
7  -7
7  -5
7  -7
7  -6
7  -4
7  -7
7  -5
8  -1
8  -3
8  -2
8  -1
8  -3
8  -1
8  -3
8  -1
8  -2
8  -4
8  -4
8  -1
8  0
8  -3
8  -2
8  -4
8  -1
8  0
8  -4
8  -1
9  0
9  -4
9  -3
9  0
9  -3
9  -2
9  -3
9  -2
9  -1
9  -1
9  -2
9  0
9  -3
9  -3
9  -4
9  0
9  -2
9  -3
9  -1
9  -1
9  -1
9  0
9  -1
9  -2
9  -1
9  -2
9  -2
9  0
9  -2
9  -4
9  -3
9  -4
9  -4
9  -2
9  -2
9  -1
9  -2
9  -1
9  0
10  3
10  3
10  2
10  5
10  2
10  5
10  2
10  5
10  1
10  5
10  1
10  4
10  5
10  1
10  4
10  1
10  1
10  2
10  1
10  2
10  2
10  1
10  5
10  1
10  5
10  1
10  4
10  2
10  4
10  2
10  1
10  2
10  1
10  1
10  2
10  4
11  0
11  0
11  0
11  0
11  0
11  0
11  2
11  2
11  3
11  1
11  1
11  0
11  0
11  0
11  0
11  3
11  0
11  1
11  3
11  2
11  -1
11  0
11  3
11  1
11  2
11  2
11  3
11  -1
11  0
11  0
11  3
11  -1
11  2
11  2
11  -1
11  2
11  1
11  3
11  1
11  2
11  1
11  2
11  1
11  -1
11  -1
11  1
11  0
11  1
11  3
11  0
11  3
11  0
11  0
11  2
11  3
11  -1
11  2
11  -1
11  1
11  2
11  -1
11  1
11  0
11  1
11  0
11  3
11  2
11  0
11  -1
11  0
11  0
11  0
11  2
11  1
11  1
11  3
11  0
11  1
11  2
11  1
11  1
11  2
11  3
11  3
11  -1
11  2
11  3
11  1
11  0
11  0
11  3
11  1
11  1
11  2
11  3
11  2
11  1
11  0
11  3
11  3
11  2
11  3
11  1
11  2
11  1
11  2
11  0
11  0
11  3
11  -1
11  1
11  3
11  3
11  2
11  0
11  1
11  -1
11  1
11  3
11  0
11  1
11  -1
11  3
11  3
11  2
11  0
11  -1
11  2
11  1
11  1
11  0
11  1
11  2
11  2
11  0
11  3
11  3
11  1
11  3
11  -1
11  3
11  1
11  3
11  3
11  0
11  1
11  1
11  0
11  2
11  1
11  1
11  -1
11  1
11  0
11  0
11  1
11  -1
11  3
11  0
11  -1
11  2
11  1
11  3
11  3
11  0
11  2
11  3
11  1
11  -1
11  0
11  0
11  2
11  1
11  3
11  0
11  0
11  2
11  1
11  3
11  0
11  2
11  3
11  -1
11  3
11  1
11  1
11  3
11  2
11  3
11  0
