1  5
1  8
1  4
1  7
1  7
1  6
1  7
1  8
1  5
1  8
1  7
1  6
1  4
1  7
1  6
1  7
1  8
1  6
1  7
1  8
1  5
1  8
1  7
1  8
1  5
1  4
1  6
1  4
1  8
1  7
1  7
1  5
1  8
1  4
1  4
1  7
1  8
1  4
1  7
1  4
1  8
1  8
1  5
1  5
1  7
1  8
1  7
1  7
1  6
1  7
1  7
1  8
1  4
1  5
1  4
1  8
1  6
1  5
1  5
1  7
1  7
1  4
1  5
1  6
1  5
1  5
1  5
1  7
1  6
1  6
1  5
1  4
1  5
1  5
1  8
1  5
1  6
1  7
1  6
1  8
1  6
1  4
1  8
1  4
1  4
1  4
1  4
1  7
1  6
1  5
1  4
1  6
1  7
1  4
1  8
1  7
1  5
1  8
1  5
1  6
1  8
1  6
1  4
1  8
1  4
1  8
1  7
1  5
1  5
1  6
1  7
1  8
1  4
1  7
1  4
1  7
2  -5
2  -7
2  -6
2  -5
2  -7
2  -3
2  -5
2  -5
2  -7
2  -3
2  -7
2  -3
2  -4
2  -7
2  -6
2  -7
2  -4
2  -6
2  -6
2  -3
2  -7
2  -3
2  -7
2  -5
2  -3
2  -6
2  -6
2  -3
2  -7
2  -6
2  -7
2  -5
2  -5
2  -7
2  -4
2  -6
2  -3
2  -3
2  -6
2  -5
2  -3
2  -4
2  -3
2  -6
2  -5
2  -7
2  -7
2  -7
2  -6
2  -5
2  -5
2  -5
2  -3
2  -4
2  -7
2  -7
2  -3
2  -4
2  -3
2  -6
2  -7
2  -7
2  -7
2  -6
2  -5
2  -5
2  -6
2  -4
2  -7
2  -3
2  -6
2  -6
2  -6
2  -5
2  -7
2  -3
2  -6
2  -7
2  -6
2  -6
2  -4
2  -4
2  -3
2  -6
2  -5
2  -3
2  -3
2  -3
2  -7
2  -7
2  -7
2  -7
2  -4
2  -6
2  -5
2  -4
2  -6
2  -4
2  -4
2  -6
2  -6
2  -7
2  -5
2  -7
2  -7
2  -4
2  -5
2  -5
2  -4
2  -5
2  -3
2  -3
2  -4
2  -7
2  -7
2  -7
2  -6
2  -5
2  -3
2  -7
2  -6
2  -4
2  -6
2  -5
2  -3
2  -3
2  -7
2  -4
2  -7
2  -6
2  -7
2  -5
2  -3
2  -5
2  -7
2  -4
2  -4
2  -4
2  -5
2  -5
2  -5
2  -6
2  -6
2  -6
2  -4
2  -3
2  -7
2  -7
2  -6
2  -5
2  -7
2  -6
2  -4
2  -5
2  -5
2  -7
2  -6
2  -5
2  -7
2  -7
2  -4
2  -7
2  -4
2  -6
2  -6
2  -3
2  -6
2  -4
2  -3
2  -4
2  -4
2  -6
2  -7
2  -5
2  -6
2  -4
2  -6
2  -3
2  -6
2  -3
2  -5
2  -6
2  -6
2  -6
2  -5
2  -3
2  -6
2  -3
2  -6
2  -6
2  -4
2  -5
2  -5
2  -6
2  -4
2  -5
2  -7
2  -4
2  -4
2  -4
2  -4
2  -6
2  -4
2  -6
2  -3
2  -6
2  -6
2  -3
2  -5
2  -3
2  -6
2  -4
2  -6
2  -5
2  -3
2  -3
2  -6
2  -4
2  -7
2  -7
2  -4
2  -6
2  -3
2  -6
2  -4
2  -3
2  -4
2  -7
2  -3
2  -6
2  -3
2  -6
2  -6
2  -4
2  -4
2  -7
2  -4
2  -4
2  -6
2  -3
2  -5
2  -7
2  -5
2  -7
2  -7
2  -6
2  -7
2  -5
2  -3
2  -7
2  -5
2  -7
2  -3
2  -4
2  -5
2  -5
2  -4
2  -5
2  -3
2  -4
2  -3
2  -5
2  -5
2  -7
2  -5
2  -5
2  -5
2  -7
2  -6
2  -3
2  -5
2  -5
2  -6
2  -4
2  -5
2  -4
2  -7
2  -5
2  -3
2  -4
2  -6
2  -5
2  -6
2  -6
2  -7
2  -7
2  -3
2  -6
2  -3
2  -4
2  -6
2  -6
2  -5
2  -5
2  -5
2  -3
2  -4
2  -4
2  -5
2  -7
2  -3
2  -7
2  -4
2  -3
2  -7
2  -6
2  -4
2  -6
2  -6
2  -7
2  -6
2  -7
2  -4
2  -4
2  -4
2  -4
2  -6
2  -7
2  -7
3  5
3  6
3  7
3  6
3  4
3  6
3  4
3  6
3  7
3  3
3  5
3  5
3  3
3  4
3  5
3  4
3  6
3  7
3  6
3  7
3  4
3  5
3  7
3  6
3  7
3  5
3  3
3  3
3  5
3  4
3  5
3  5
3  5
3  3
3  4
3  3
3  7
3  3
3  6
3  5
3  4
3  3
3  3
3  5
3  7
3  6
3  3
3  5
3  7
3  6
3  7
3  4
3  5
3  6
3  6
3  3
3  5
3  5
3  3
3  4
3  4
3  7
3  4
3  4
3  3
3  6
3  6
3  4
3  5
3  7
3  3
3  7
3  4
3  5
3  4
3  3
3  3
3  6
3  6
3  5
3  5
3  7
3  3
3  3
3  4
3  3
3  6
3  3
3  6
3  3
3  5
3  5
3  5
3  7
3  6
3  4
3  4
3  3
3  3
3  7
3  4
3  7
3  7
3  6
3  5
3  3
3  4
3  7
3  6
3  6
3  6
3  7
3  6
3  4
3  5
3  4
3  5
3  4
3  6
3  3
3  6
3  3
3  6
3  6
3  5
3  3
3  3
3  4
3  7
3  6
3  5
3  3
3  5
3  5
3  7
3  7
3  3
3  5
3  7
3  4
3  4
3  4
3  5
4  -9
4  -8
4  -6
4  -8
4  -8
4  -8
4  -5
4  -6
4  -7
4  -6
4  -8
4  -7
4  -6
4  -8
4  -8
4  -8
4  -8
4  -9
4  -8
4  -6
4  -5
4  -6
4  -7
4  -8
4  -9
4  -5
4  -7
4  -7
4  -9
4  -5
4  -7
4  -8
4  -9
4  -5
4  -8
4  -7
4  -5
4  -9
4  -8
4  -8
4  -9
4  -6
4  -6
4  -8
4  -7
4  -9
4  -5
4  -8
4  -6
4  -8
4  -6
4  -7
4  -7
4  -6
4  -7
4  -7
4  -9
4  -7
4  -8
4  -5
4  -7
4  -8
4  -7
4  -8
4  -6
4  -5
4  -7
4  -9
4  -8
4  -8
4  -9
4  -6
4  -8
4  -7
4  -6
4  -9
4  -7
4  -7
4  -6
4  -6
4  -7
4  -6
4  -9
4  -7
4  -6
4  -8
4  -5
4  -5
4  -6
4  -7
4  -9
4  -9
4  -7
4  -8
4  -5
4  -6
4  -5
4  -5
4  -5
4  -7
4  -8
4  -5
4  -8
4  -7
4  -7
4  -7
4  -6
4  -7
4  -8
4  -6
4  -9
4  -5
4  -7
4  -5
4  -7
4  -7
4  -7
4  -5
4  -9
4  -8
4  -9
4  -5
4  -7
4  -5
4  -8
4  -5
4  -8
4  -5
4  -6
4  -7
4  -5
4  -6
4  -5
4  -5
4  -5
4  -6
4  -7
4  -6
4  -5
4  -8
4  -7
4  -5
4  -6
4  -9
4  -9
4  -7
4  -5
4  -6
4  -5
4  -6
4  -9
4  -7
4  -8
4  -5
4  -6
4  -6
4  -5
4  -9
4  -9
4  -8
4  -5
4  -6
4  -7
4  -6
4  -8
4  -6
4  -5
4  -5
4  -5
4  -7
4  -6
4  -8
4  -9
4  -5
4  -5
4  -5
4  -9
4  -7
4  -5
4  -5
4  -7
4  -5
4  -9
4  -6
4  -5
4  -6
4  -6
4  -7
4  -7
4  -5
4  -6
4  -7
4  -8
4  -9
4  -6
4  -8
4  -6
4  -9
4  -8
4  -8
4  -8
4  -7
4  -5
4  -7
4  -6
4  -8
4  -9
4  -8
4  -5
4  -9
4  -5
4  -7
4  -9
4  -8
4  -5
4  -5
4  -7
4  -7
4  -8
4  -5
4  -9
4  -9
4  -7
4  -9
4  -8
4  -6
4  -9
4  -9
4  -6
4  -5
4  -7
4  -8
4  -7
4  -5
4  -7
4  -5
4  -8
4  -8
4  -6
4  -8
4  -8
4  -6
4  -9
4  -8
4  -7
4  -8
4  -5
4  -7
4  -5
4  -8
4  -7
4  -6
4  -9
4  -8
4  -8
4  -9
4  -6
4  -9
4  -5
4  -9
4  -6
4  -5
4  -7
4  -5
4  -5
4  -5
4  -5
4  -7
4  -8
4  -8
4  -9
4  -9
4  -9
4  -8
4  -8
4  -9
4  -6
4  -7
4  -9
4  -9
4  -8
4  -5
4  -5
4  -7
4  -7
4  -6
4  -8
4  -5
4  -5
4  -9
4  -9
4  -7
4  -6
4  -9
4  -6
4  -8
4  -6
4  -5
4  -5
4  -5
4  -8
4  -5
4  -9
4  -8
4  -9
4  -6
4  -9
4  -8
4  -6
4  -6
4  -5
4  -9
4  -9
4  -7
4  -6
4  -5
4  -8
4  -6
4  -8
4  -9
4  -7
4  -8
4  -8
4  -8
4  -9
4  -7
4  -9
4  -5
4  -9
4  -6
4  -7
4  -7
4  -6
4  -6
4  -8
4  -9
4  -8
4  -6
4  -7
4  -7
4  -8
4  -6
4  -7
4  -6
4  -5
4  -8
4  -8
4  -9
4  -6
4  -5
4  -5
4  -8
4  -8
4  -5
4  -5
4  -7
4  -9
4  -8
4  -7
4  -9
4  -9
4  -7
4  -7
4  -7
4  -6
4  -7
4  -7
4  -8
4  -8
4  -6
4  -7
4  -6
4  -8
4  -6
4  -5
4  -5
4  -7
4  -7
4  -7
4  -7
4  -8
4  -6
4  -5
5  -1
5  -5
5  -5
5  -3
5  -2
5  -3
5  -3
5  -1
5  -1
5  -5
5  -4
5  -1
5  -2
5  -1
5  -2
5  -3
5  -5
5  -5
5  -2
5  -3
5  -2
5  -2
5  -3
5  -1
5  -4
5  -5
5  -5
5  -1
5  -2
5  -4
5  -3
5  -1
5  -4
5  -2
5  -5
5  -3
5  -2
5  -3
5  -3
