1  7
1  9
1  8
1  10
1  10
1  2
1  9
1  2
1  2
1  5
1  8
1  8
1  4
1  2
1  4
1  10
1  5
1  5
1  5
1  7
1  6
1  4
1  3
1  7
1  3
1  8
1  2
1  7
1  3
1  7
1  2
1  7
1  7
1  8
1  5
1  9
1  9
1  3
1  10
1  4
1  5
1  2
1  10
1  7
2  0
2  2
2  1
2  5
2  7
2  3
2  0
2  2
2  0
2  0
2  1
2  4
2  4
2  5
2  4
2  4
2  3
2  5
2  0
2  3
2  7
2  6
2  3
2  3
2  3
2  2
2  5
2  5
2  3
2  7
2  6
2  6
2  2
2  -1
2  -1
2  0
2  5
2  -1
2  2
2  2
2  7
2  6
2  3
2  3
2  1
2  1
2  7
2  0
2  6
2  4
2  6
2  -1
2  6
2  4
2  6
2  7
2  5
2  6
2  3
2  -1
2  -1
2  5
2  1
2  2
2  4
2  4
2  7
2  4
2  0
2  1
2  3
2  1
2  4
2  1
2  0
2  2
2  2
2  4
2  5
2  4
2  -1
2  -1
2  4
2  6
2  7
2  1
2  0
2  1
2  4
2  2
2  4
2  -1
2  0
2  7
2  -1
2  0
2  7
2  7
2  2
2  1
2  3
2  4
2  5
2  7
2  2
2  2
2  4
2  4
2  0
2  0
2  1
2  -1
2  0
2  1
2  4
2  5
2  2
2  4
2  0
2  2
2  6
2  0
2  -1
2  2
2  5
2  2
2  -1
2  3
2  1
2  2
2  4
2  6
2  5
2  -1
2  0
2  5
2  3
2  5
2  1
2  3
2  2
2  0
2  6
2  2
2  -1
2  0
2  1
2  5
2  6
2  2
2  1
2  1
2  -1
2  7
2  0
2  3
2  3
2  -1
2  6
2  -1
2  1
2  5
2  0
2  -1
2  1
2  3
2  7
2  -1
2  7
2  2
2  2
2  3
2  5
2  4
2  2
2  0
2  6
2  0
2  2
2  5
2  -1
2  0
2  0
2  4
2  7
2  1
2  2
2  5
2  -1
2  1
2  7
2  5
2  3
2  0
2  5
2  1
2  3
2  1
2  1
2  5
2  2
2  6
2  1
2  -1
2  3
2  -1
2  1
2  -1
2  5
2  -1
2  2
2  7
2  3
2  1
2  -1
2  4
2  4
2  3
2  -1
2  5
2  5
2  3
2  2
2  6
2  4
2  5
2  4
2  4
2  1
2  2
2  5
2  6
2  5
2  1
2  1
2  6
2  3
2  -1
2  6
2  1
2  4
2  4
2  6
2  5
2  3
2  -1
2  1
2  5
2  7
2  7
2  4
2  1
2  -1
2  3
2  5
2  6
2  3
2  4
2  4
2  5
2  0
2  2
2  1
2  3
2  -1
2  4
2  5
2  6
2  0
2  6
2  0
2  6
2  2
2  5
2  0
2  5
2  7
2  -1
2  3
2  4
2  6
2  6
2  6
2  3
2  3
2  6
2  4
2  6
2  0
2  -1
2  -1
2  2
2  -1
2  3
2  4
2  -1
2  4
2  7
2  7
2  6
2  3
2  5
2  3
2  1
2  4
2  6
2  5
2  0
2  0
2  6
2  6
2  7
2  6
2  3
2  -1
2  6
2  7
2  3
2  6
2  0
2  3
2  -1
2  -1
2  1
2  7
2  2
2  1
2  1
2  4
2  6
2  7
2  6
2  5
2  1
2  2
2  5
2  5
2  5
2  5
2  3
2  0
2  5
2  6
2  7
2  5
2  2
2  4
2  3
2  2
2  5
2  2
2  3
2  7
2  1
2  6
2  0
2  4
2  2
2  0
2  1
2  -1
2  4
2  1
2  2
2  6
2  3
2  2
2  6
2  6
2  3
2  0
2  0
2  1
2  4
2  4
2  4
2  4
2  -1
2  -1
2  7
2  1
2  4
2  5
2  2
2  6
2  7
2  2
2  2
2  0
2  5
2  3
2  1
2  1
2  0
2  0
2  1
2  7
2  5
2  7
2  7
2  1
2  2
2  5
2  6
2  0
2  6
2  2
2  2
2  2
2  -1
2  0
2  7
2  7
2  1
2  1
2  6
2  5
2  3
2  5
2  6
2  3
2  1
2  1
2  0
2  7
2  1
2  7
2  4
2  3
2  2
2  -1
2  0
2  2
2  1
2  0
2  7
2  6
2  0
2  -1
2  6
2  3
2  4
2  2
2  0
2  1
2  4
2  4
2  1
2  4
2  4
2  5
2  1
2  6
2  0
2  2
2  6
2  0
2  7
2  4
2  -1
2  7
2  3
2  7
2  5
2  -1
2  -1
2  3
2  6
2  3
2  7
2  2
2  4
2  3
2  6
2  3
2  4
2  0
2  1
2  7
2  2
2  1
2  7
2  -1
2  5
2  0
2  5
2  -1
2  -1
2  3
2  1
2  5
2  -1
2  3
2  2
2  4
3  5
3  1
3  5
3  5
3  6
3  3
3  6
3  -2
3  3
3  3
3  -1
3  0
3  3
3  1
3  -1
3  0
3  2
3  2
3  4
3  2
3  2
3  1
3  6
3  -1
3  3
3  6
3  1
3  2
3  -1
3  6
3  0
3  -1
3  0
3  5
3  5
3  4
3  -2
3  3
3  0
3  4
3  0
3  0
3  -2
3  5
3  3
3  2
3  3
3  4
3  -1
3  6
3  4
3  -1
3  -2
3  1
3  3
3  1
3  -1
3  3
3  4
3  6
3  -1
3  6
3  6
3  -2
3  -1
3  -1
3  4
3  -1
3  3
3  5
3  5
3  4
3  4
3  4
3  -1
3  6
3  2
3  6
3  6
3  5
3  -2
3  2
3  -1
3  3
3  0
3  6
3  6
3  3
3  2
3  3
3  -2
3  -2
3  6
3  0
3  -1
3  0
3  -1
3  2
3  6
3  6
3  1
3  -1
3  -2
3  4
3  -1
3  5
3  -1
3  0
3  6
3  2
3  2
3  2
3  3
3  -2
3  3
3  3
3  1
3  1
3  -2
3  4
3  2
3  -2
3  6
3  1
3  -2
3  -2
3  4
3  4
3  2
3  2
3  0
3  0
3  6
3  1
3  3
3  3
3  0
3  1
3  2
3  -2
3  -2
3  -1
3  0
3  2
3  -2
3  6
3  6
3  -2
3  5
3  5
3  0
3  2
3  1
3  3
3  -1
3  0
3  1
3  4
3  0
3  4
3  1
3  0
3  -2
3  6
3  3
3  4
3  6
3  -1
3  3
3  -1
3  5
3  3
3  3
3  0
3  4
3  5
3  -2
3  -2
3  -1
3  3
3  4
3  5
3  4
3  -1
3  -2
3  -2
3  1
3  6
3  -2
3  -1
3  -2
3  2
3  1
3  6
3  0
3  -1
3  5
3  6
3  3
3  4
3  6
3  2
3  5
3  3
3  2
3  5
3  -1
3  3
3  2
3  6
3  -2
3  3
3  4
3  -1
3  4
3  2
3  6
3  -2
3  0
3  5
3  3
3  0
3  -2
3  6
3  -1
3  2
3  2
3  2
3  0
3  2
3  6
3  3
3  5
3  0
3  5
3  4
3  -2
3  5
3  4
3  2
3  -2
3  3
3  -1
3  5
3  -1
3  1
3  2
3  2
3  0
3  6
3  -1
3  3
3  2
3  3
3  5
3  1
3  -1
3  5
3  2
3  3
3  5
3  1
3  -2
3  3
3  -1
3  3
3  3
3  -2
3  4
3  1
3  -1
3  -2
3  6
3  6
3  6
3  4
3  5
3  6
3  -1
3  1
3  3
3  0
3  4
3  2
3  2
3  0
3  -1
3  3
3  1
3  5
3  1
3  3
3  1
3  3
3  5
3  1
3  5
3  5
3  4
3  1
3  4
3  5
3  -2
3  -2
3  6
3  4
3  -2
3  3
3  3
3  5
3  -2
3  -2
3  6
3  0
3  0
3  0
3  6
3  5
3  -2
3  4
3  2
3  2
3  6
3  -1
3  6
3  6
3  -2
3  1
3  -2
3  5
3  0
3  1
3  6
3  5
3  -1
3  6
3  0
3  3
3  2
3  5
3  1
3  -1
3  4
3  -1
3  5
3  3
3  1
3  0
3  4
3  0
3  3
3  4
3  6
3  -1
3  3
3  0
3  3
3  5
3  -1
3  2
3  1
3  3
3  0
3  4
3  0
3  -1
3  4
3  2
3  1
3  -2
3  3
3  5
3  6
3  4
3  5
3  1
3  3
3  -2
3  -2
3  5
3  1
3  2
3  -1
3  6
3  0
3  4
3  4
3  -1
3  4
3  4
3  0
3  3
3  5
3  -1
3  0
3  6
3  5
3  -2
3  3
3  2
3  3
3  2
3  1
3  5
3  2
3  -2
3  -2
3  -1
3  -1
3  4
3  6
3  -2
3  5
3  0
3  5
3  4
3  4
3  -1
3  6
3  0
3  3
3  -2
3  6
3  -2
3  2
3  6
3  5
3  5
3  5
3  6
3  5
3  5
3  3
3  0
3  4
3  -1
3  0
3  5
3  4
3  3
3  4
3  1
3  0
3  2
3  -2
3  -1
3  2
3  -1
3  2
3  1
3  3
3  3
3  2
3  -2
3  2
3  6
3  0
3  3
3  5
3  4
3  0
