1  3
1  2
1  1
1  1
1  0
1  0
1  0
1  3
1  1
1  0
1  2
1  0
1  3
1  1
1  1
1  3
1  3
1  4
1  3
1  0
1  4
1  3
1  3
1  1
2  -4
2  -6
2  -3
2  -5
2  -7
2  -3
2  -7
2  -6
2  -3
2  -3
2  -4
2  -4
2  -5
2  -5
2  -3
2  -7
2  -7
2  -4
2  -5
2  -6
2  -5
2  -4
2  -7
2  -6
2  -3
2  -3
2  -5
2  -5
2  -4
2  -3
2  -6
2  -4
2  -4
2  -5
2  -5
2  -7
2  -6
2  -4
2  -3
2  -5
2  -7
2  -7
2  -6
2  -6
2  -4
2  -7
2  -6
2  -4
2  -7
2  -3
2  -6
2  -6
2  -7
2  -5
2  -5
2  -6
2  -5
2  -4
2  -7
2  -4
2  -7
2  -4
2  -6
2  -4
2  -5
2  -4
2  -3
2  -7
2  -3
2  -5
2  -7
2  -5
2  -7
2  -3
2  -7
2  -3
2  -5
2  -4
2  -6
2  -6
2  -4
2  -4
2  -7
2  -4
2  -7
2  -4
2  -3
2  -4
2  -3
2  -3
2  -3
2  -4
2  -3
2  -4
2  -6
2  -3
2  -5
2  -4
2  -7
2  -4
2  -5
2  -7
2  -4
2  -6
2  -4
2  -5
2  -5
2  -3
2  -3
2  -6
2  -7
2  -6
2  -4
2  -6
2  -3
2  -7
2  -4
2  -4
2  -7
2  -3
2  -5
2  -5
2  -7
2  -3
2  -7
2  -6
2  -7
2  -6
2  -5
2  -5
2  -3
2  -7
2  -3
2  -6
2  -6
2  -5
2  -4
2  -7
2  -3
2  -6
2  -5
2  -4
2  -4
2  -4
2  -3
2  -5
2  -6
2  -5
2  -5
2  -6
2  -3
2  -4
2  -3
2  -4
2  -5
2  -7
2  -6
2  -5
2  -7
2  -7
2  -6
2  -7
2  -4
2  -4
2  -7
2  -3
2  -5
2  -5
2  -5
2  -6
2  -4
2  -6
2  -4
2  -6
2  -5
2  -3
3  2
3  2
3  0
3  0
3  -1
3  -1
3  1
3  -2
3  2
3  2
3  -2
3  1
3  0
3  0
3  -1
3  2
3  0
3  -1
3  0
3  0
3  -2
3  -1
3  1
3  1
3  -1
3  -1
3  2
3  -2
3  -1
3  1
3  -1
3  1
3  -1
3  -1
3  2
3  -1
3  -2
3  1
3  -1
3  -2
3  0
3  -2
3  0
3  0
3  1
3  0
3  1
3  1
3  0
3  -1
3  -2
3  -1
3  -2
3  -1
3  0
3  -1
3  1
3  2
3  0
3  -2
3  0
3  -1
3  -2
3  2
3  -2
3  0
3  -2
3  -1
3  -1
3  2
3  -2
3  1
3  1
3  2
3  -1
3  -1
3  -2
3  0
3  2
3  -2
3  1
3  0
3  -2
3  -1
3  1
3  -1
3  -2
3  0
3  -2
3  2
3  -2
3  0
3  2
3  -2
3  -1
3  1
3  2
3  1
3  -2
3  -1
3  2
3  1
3  -2
3  -2
3  -1
3  2
3  -2
3  2
3  1
3  -2
3  0
3  -1
3  -2
3  2
3  1
3  0
3  -1
3  -2
3  1
3  -1
3  1
3  -1
3  1
3  -2
3  -1
3  -2
3  1
3  1
3  -2
3  2
3  1
3  0
3  -2
3  -2
3  -1
3  1
3  1
3  0
3  2
3  -1
3  1
3  1
3  -2
3  0
3  -1
3  -1
3  -1
3  -2
3  -1
3  0
3  -2
3  2
3  2
3  -2
3  0
3  -2
3  2
3  -2
3  -2
3  2
3  -2
3  -2
3  1
3  -2
3  1
3  -1
3  -1
3  2
3  0
3  -2
3  -2
3  1
3  -2
4  2
4  4
4  2
4  3
4  4
4  6
4  3
4  6
4  5
4  3
4  3
4  5
4  5
4  6
4  3
4  6
4  4
4  6
4  4
4  5
4  3
4  4
4  2
4  2
4  3
4  6
4  4
4  2
4  2
4  6
4  5
4  2
4  4
4  3
4  2
4  5
4  4
4  4
4  2
4  3
4  6
4  3
4  3
4  6
4  6
4  6
4  6
4  4
4  2
4  6
4  4
4  4
4  6
4  4
4  2
4  6
4  4
4  6
4  3
4  6
4  4
4  3
4  3
4  5
4  4
4  3
4  2
4  4
4  5
4  2
4  3
4  4
4  6
4  6
4  2
5  0
5  3
5  3
5  0
5  3
5  2
5  -1
5  3
5  -1
5  2
5  1
5  3
5  2
5  3
5  -1
5  1
5  0
5  1
5  1
5  1
5  -1
5  1
5  0
5  2
5  2
5  1
5  1
5  2
5  1
5  -1
5  3
5  -1
5  -1
5  -1
5  3
5  2
5  1
5  -1
5  -1
5  1
5  1
5  1
5  1
5  3
5  2
5  1
5  0
5  3
5  1
5  1
5  0
5  0
5  1
5  2
5  -1
5  1
5  3
5  3
5  2
5  0
5  1
5  -1
5  -1
5  0
5  0
5  2
5  0
5  1
5  2
5  3
5  -1
5  0
5  -1
5  -1
5  2
5  1
5  3
5  3
5  -1
5  2
5  0
5  3
5  0
5  1
5  -1
5  3
5  1
5  2
5  -1
5  0
5  2
5  -1
5  0
5  3
5  -1
5  3
5  -1
5  -1
5  3
5  1
5  3
5  0
5  -1
5  1
5  2
5  3
5  3
5  0
5  2
5  -1
5  -1
5  -1
5  -1
5  1
5  -1
5  0
5  3
5  0
5  0
5  1
5  -1
5  3
5  -1
5  2
5  1
5  2
5  2
5  3
5  0
5  2
5  2
5  0
5  0
5  -1
5  -1
5  2
5  3
5  1
5  -1
5  3
5  3
5  2
5  0
5  2
5  -1
5  3
5  3
5  -1
5  -1
5  2
5  1
5  3
5  1
5  1
5  -1
5  3
5  2
5  2
5  1
5  0
5  3
5  -1
5  3
5  2
5  2
5  -1
5  3
5  0
5  -1
5  1
5  2
5  3
5  2
5  2
5  0
5  3
5  2
5  0
5  3
5  3
5  0
5  -1
5  1
5  1
5  1
5  2
5  3
5  1
5  0
5  3
5  0
5  -1
5  2
5  1
5  0
5  3
5  2
5  2
5  0
5  1
5  3
5  2
5  3
5  1
5  1
5  3
5  0
5  3
5  1
5  0
5  1
5  2
5  2
5  0
5  0
5  1
5  2
5  -1
5  3
5  3
5  -1
5  1
5  1
5  0
5  3
5  3
5  0
5  0
5  3
5  1
5  3
5  2
5  3
5  -1
5  -1
5  0
5  2
5  0
5  3
5  0
5  0
5  3
5  3
5  0
5  2
5  3
5  2
5  3
5  1
5  -1
5  2
5  -1
5  -1
5  0
5  -1
5  -1
5  2
5  -1
5  1
5  0
5  3
5  3
5  2
5  1
5  1
5  2
5  -1
5  3
5  -1
5  1
5  2
5  0
5  3
5  1
5  2
5  -1
5  1
5  3
5  1
5  3
5  2
5  0
5  0
5  1
5  2
5  0
5  0
5  1
5  0
5  0
5  -1
5  0
5  2
5  3
5  3
5  2
5  1
5  0
5  1
5  0
5  1
5  1
5  0
5  1
5  0
5  0
5  1
5  1
5  -1
5  1
5  0
5  1
5  -1
5  1
5  -1
5  -1
5  2
5  1
5  3
5  -1
6  6
6  4
6  7
6  6
6  8
6  4
6  8
6  7
6  6
6  4
6  4
6  5
6  5
6  4
6  6
6  5
6  4
6  5
6  4
6  6
6  6
6  5
6  6
6  4
6  8
6  6
6  5
6  4
6  7
6  5
6  7
6  6
6  7
6  4
6  6
6  5
6  6
6  5
6  8
6  8
6  7
6  5
6  8
6  6
6  5
6  5
6  5
6  4
6  8
6  6
6  5
6  6
6  8
6  6
6  4
6  8
6  7
6  5
6  5
6  4
6  6
6  7
6  8
6  4
6  5
6  6
6  8
6  6
6  8
6  6
6  7
6  6
6  5
6  7
6  8
6  6
6  8
6  6
6  6
6  7
6  7
6  8
6  7
6  8
6  6
6  8
6  4
6  8
6  8
6  8
6  7
6  7
6  7
6  5
6  6
6  6
6  5
6  8
6  8
6  6
6  8
6  7
6  7
6  6
6  6
6  4
6  4
6  6
6  8
6  6
6  8
6  5
6  6
6  6
6  5
6  4
6  6
6  7
6  8
6  8
6  4
6  6
6  6
6  7
6  4
6  6
6  5
6  6
6  7
6  7
6  5
6  5
6  8
6  5
6  7
6  6
6  5
6  6
6  7
6  6
6  6
6  8
6  7
6  7
6  4
6  6
6  4
6  8
6  8
6  6
6  8
6  4
6  6
6  4
6  8
6  5
6  4
6  5
6  5
6  7
6  4
6  6
6  4
6  8
6  8
6  7
6  4
6  6
6  8
6  5
6  8
6  6
6  5
6  7
6  6
6  4
6  4
6  7
6  5
6  6
6  4
6  7
6  4
6  5
6  7
6  6
6  6
6  4
6  4
6  4
6  5
6  8
6  6
6  5
6  5
6  8
7  -1
7  -1
7  0
7  -4
7  0
7  0
7  0
7  -3
7  0
7  -4
7  -2
7  -4
7  -4
7  -4
7  -3
7  0
7  -4
7  -3
7  -4
7  -4
7  -3
7  -3
7  -1
7  -3
7  -3
7  -4
7  -1
7  -1
7  -4
7  0
7  0
7  -2
7  -2
7  -2
7  -1
7  -4
