1  8
1  7
1  6
1  2
1  7
1  10
1  2
1  2
1  8
1  7
1  8
1  2
1  3
1  4
1  3
1  5
1  2
1  3
1  9
1  7
1  4
1  3
1  7
1  3
1  10
1  10
1  2
1  4
1  6
1  2
1  4
1  10
1  9
1  5
1  10
1  3
1  4
1  3
1  7
1  3
1  8
1  8
1  5
1  3
1  10
1  10
1  3
1  9
1  9
1  10
1  7
1  10
1  2
1  5
1  3
1  5
1  2
1  2
1  7
1  8
1  6
1  10
1  10
1  2
1  4
1  3
1  3
1  10
1  10
1  10
1  8
1  8
1  5
1  3
1  2
1  7
1  3
1  5
1  7
1  2
1  6
1  8
1  4
1  2
1  2
1  7
1  6
1  5
1  9
1  3
1  9
1  3
1  7
1  5
1  5
1  7
1  9
1  2
1  6
1  5
1  4
1  5
1  8
1  3
1  7
1  10
1  4
1  8
1  7
1  4
1  2
1  4
1  9
1  10
1  7
1  2
1  10
1  4
1  2
2  -1
2  0
2  -2
2  -1
2  1
2  5
2  1
2  -3
2  1
2  -2
2  0
2  4
2  -2
2  4
2  -1
2  2
2  -3
2  -3
2  -2
2  -3
2  3
2  3
2  4
2  -3
2  5
2  0
2  -1
2  -3
2  -2
2  1
2  4
2  4
2  -2
2  4
2  0
2  2
2  1
2  0
2  -1
2  1
2  2
2  -3
2  -2
2  -2
2  1
2  0
2  1
2  5
2  5
2  3
2  -3
2  -2
2  -1
2  4
2  4
2  4
2  4
2  -2
2  0
2  -3
2  1
2  -2
2  4
2  -1
2  4
2  -1
2  -3
2  0
2  4
2  -2
2  4
2  0
2  -3
2  -2
2  -1
2  -1
2  2
2  2
2  -3
2  3
2  5
2  3
2  0
2  -2
2  -2
2  -1
2  4
2  -2
2  -3
2  -3
2  3
2  -2
2  0
2  2
2  3
2  -1
2  3
2  -1
2  -2
2  5
2  4
2  2
2  1
2  -3
2  0
2  3
2  -2
2  -3
2  3
2  -3
2  0
2  -3
2  1
2  -1
2  4
2  1
2  -3
2  3
2  1
2  2
2  0
2  -3
2  2
2  2
2  0
2  2
2  5
2  5
2  5
2  -2
2  -3
2  3
2  4
2  -1
2  2
2  2
2  -1
2  1
2  4
2  -3
2  0
2  5
2  3
2  2
2  -2
2  -2
2  5
2  -1
2  -2
2  5
2  3
2  3
2  -2
2  5
2  3
2  0
2  3
2  3
2  4
2  -3
2  4
2  2
2  3
2  -1
3  6
3  2
3  3
3  0
3  -1
3  2
3  3
3  7
3  2
3  5
3  5
3  5
3  5
3  4
3  2
3  2
3  6
3  3
3  3
3  1
3  -1
3  0
3  6
3  -1
3  2
3  4
3  1
3  7
3  -1
3  -1
3  -1
3  4
3  2
3  6
3  1
3  -1
3  -1
3  0
3  1
3  6
3  1
3  6
3  2
3  6
3  7
3  6
3  4
3  -1
3  6
3  1
3  1
3  1
3  1
3  1
3  5
3  2
3  7
3  5
3  1
3  0
3  2
3  3
3  3
3  1
3  7
3  2
3  0
3  1
3  1
3  2
3  2
3  -1
3  2
3  3
3  6
3  4
3  2
3  7
3  4
3  6
3  1
3  5
3  7
3  7
3  1
3  3
3  0
3  0
3  3
3  6
3  4
3  3
3  -1
3  -1
3  7
3  7
3  2
3  0
3  -1
3  6
3  6
3  1
3  -1
3  4
3  5
3  1
3  3
3  6
3  1
3  2
3  6
3  -1
3  6
3  0
3  0
3  0
3  0
3  2
3  7
3  7
3  5
3  2
3  0
3  6
3  6
3  0
3  6
3  1
3  1
3  4
3  3
3  -1
3  7
4  -3
4  3
4  -4
4  -4
4  2
4  4
4  -3
4  0
4  -1
4  -2
4  2
4  2
4  1
4  2
4  -2
4  2
4  2
4  -1
4  -2
4  0
4  4
4  -2
4  -1
4  0
4  2
4  -2
4  4
4  -3
4  4
4  3
4  -3
4  -1
4  -3
4  0
4  3
4  3
4  -2
4  2
4  4
4  4
4  -3
4  -1
4  -2
4  0
4  0
4  4
4  2
4  -3
4  -3
4  -2
4  -3
4  1
4  1
4  -1
4  4
4  0
4  -3
4  -2
5  2
5  1
5  -2
5  4
5  1
5  -1
5  -2
5  -1
5  -3
5  4
5  -3
5  5
5  -3
5  1
5  0
5  4
5  5
5  4
5  4
5  5
5  -2
5  0
5  -1
5  3
5  -3
5  -2
5  1
5  1
5  -1
5  -1
5  -1
5  -3
5  4
5  -3
5  3
5  3
5  2
5  5
5  5
5  5
5  -1
5  -3
5  2
5  -3
5  4
5  5
5  1
5  1
5  -2
5  -3
5  3
5  2
5  5
5  0
5  1
5  -1
5  0
5  -1
5  -1
5  -2
5  1
5  -1
5  -1
5  4
5  -2
5  4
5  5
5  -3
5  0
5  4
5  -3
5  5
5  -1
5  5
5  -1
5  2
5  4
5  2
5  4
5  -3
5  3
5  5
5  3
5  -1
5  -1
5  3
5  5
5  0
5  1
5  -2
5  -2
5  0
5  5
5  0
5  5
5  3
5  3
5  1
5  -2
5  1
5  -2
5  1
5  5
5  -1
5  2
5  -1
5  1
5  2
5  4
5  -2
5  -2
5  2
5  -3
5  5
5  0
5  1
5  1
5  1
6  -8
6  -7
6  -3
6  -11
6  -10
6  -9
6  -9
6  -11
6  -10
6  -7
6  -3
6  -4
6  -5
6  -7
6  -9
6  -4
6  -5
6  -9
6  -4
6  -8
6  -5
6  -9
6  -7
6  -5
6  -4
6  -3
6  -5
6  -6
6  -6
6  -5
6  -7
6  -6
6  -5
6  -11
6  -3
6  -9
6  -5
6  -11
6  -10
6  -3
6  -4
6  -7
6  -6
6  -3
6  -6
6  -7
6  -6
6  -3
6  -6
6  -7
6  -8
6  -3
6  -7
6  -9
6  -7
6  -3
6  -11
6  -6
6  -7
6  -8
6  -11
6  -3
6  -8
6  -8
6  -3
6  -11
6  -8
6  -7
6  -8
6  -7
6  -3
6  -6
6  -11
6  -11
6  -6
6  -10
6  -4
6  -8
6  -5
6  -5
6  -7
6  -4
6  -8
6  -9
6  -10
6  -9
6  -11
6  -10
6  -11
6  -7
6  -7
6  -4
6  -4
6  -10
6  -10
6  -6
6  -5
6  -7
6  -9
6  -8
6  -3
7  -7
7  -8
7  -4
7  -6
7  -8
7  -2
7  -3
7  -3
7  -8
7  -7
7  -6
7  -5
7  -4
7  -1
7  -9
7  -2
7  -6
7  -3
7  -9
7  -1
8  9
8  6
8  7
8  9
8  8
8  9
8  4
8  9
8  9
8  4
8  7
8  7
8  8
8  5
8  2
8  4
8  5
8  5
8  4
8  7
8  5
8  4
8  3
8  5
8  7
8  3
8  7
8  2
8  5
8  4
8  4
8  3
8  9
8  6
8  2
8  2
8  5
8  5
8  5
8  7
8  2
8  8
8  6
8  3
8  8
8  2
8  7
8  3
9  3
9  -3
9  -2
9  -3
9  4
9  -3
9  1
9  2
9  2
9  2
9  -3
9  0
9  -2
9  -1
9  2
9  -3
9  3
9  -3
9  -3
9  1
9  2
9  -1
9  -2
10  -2
10  0
10  -5
10  -5
10  -6
10  -8
10  -6
10  -5
10  -7
10  -2
10  -4
10  -1
10  -8
10  -3
10  -6
10  -8
10  -8
10  -1
10  -3
10  -3
10  -1
10  -5
10  -1
10  -1
10  -5
10  -7
10  0
10  -5
10  -3
10  -2
10  -6
10  -1
10  -1
10  -5
10  -4
10  -4
10  -8
10  -5
10  0
10  -3
10  -8
10  0
10  -1
10  -4
10  0
10  0
10  -5
10  -2
10  -4
10  -3
10  -7
10  -3
10  0
10  -2
10  -1
10  -7
10  -7
10  -4
10  -6
10  -5
10  -4
10  0
10  -5
10  -3
10  -8
10  0
10  -3
10  -4
10  -2
10  -8
10  -6
10  -4
10  -5
10  0
10  -8
10  -3
10  0
10  -1
10  -4
10  -1
10  -2
10  -2
10  -6
10  -6
10  0
10  -8
10  -2
10  -8
10  -3
10  -4
10  -1
10  -7
10  -2
10  -2
10  0
10  -3
10  -1
10  -7
10  -3
10  -4
10  -8
10  -5
10  -4
10  -7
10  -6
10  -1
10  -5
10  0
10  -6
10  -6
10  -5
10  0
10  -5
10  -6
10  -6
10  -7
10  -2
10  -4
10  -7
10  -4
10  0
10  -6
10  -1
10  -1
10  0
10  -6
10  -5
10  -1
10  -6
10  -4
10  -1
10  -1
10  -6
10  -5
10  -5
10  -4
10  0
10  -3
10  -1
10  -2
10  -7
10  -7
10  -1
10  -5
10  -3
10  -6
10  -4
10  -7
10  0
10  -1
10  -3
10  0
10  -1
10  -7
10  -7
10  -8
10  -4
10  -4
10  -2
10  -7
10  -2
10  -4
10  -6
10  -3
10  -6
10  -5
10  -1
10  -5
10  -4
10  -7
10  -8
10  -5
10  0
10  -5
10  -3
10  0
10  -3
10  0
10  -3
10  -3
10  -4
11  5
11  5
11  7
11  5
11  7
11  4
11  5
11  2
11  0
11  5
11  4
11  7
11  4
11  5
11  8
11  1
11  0
11  6
11  6
11  3
11  6
11  7
11  2
11  8
11  8
11  8
11  5
11  1
11  2
11  8
11  3
11  8
11  2
11  1
11  1
