1  -3
1  -2
1  -3
1  -1
1  -2
1  -2
1  -2
1  -1
1  -1
1  -2
1  -2
1  -3
1  -2
1  -3
1  -1
1  -2
1  -1
1  -3
1  -1
1  -3
1  -1
1  -1
1  -2
1  -1
1  -2
1  -1
1  -3
1  -1
1  -2
1  -3
1  -1
1  -3
1  -1
1  -3
1  -2
1  -2
1  -3
1  -1
1  -1
1  -3
1  -2
1  -3
1  -2
1  -3
1  -2
1  -1
1  -3
1  -1
1  -2
1  -3
1  -3
1  -3
1  -2
1  -1
1  -3
1  -2
1  -1
1  -3
1  -3
1  -3
1  -2
1  -1
1  -2
1  -3
1  -1
1  -2
1  -2
1  -1
1  -2
1  -3
1  -2
1  -3
1  -2
1  -3
1  -1
1  -3
1  -1
1  -3
1  -1
1  -2
1  -3
1  -3
1  -3
1  -2
1  -3
1  -3
1  -2
1  -1
1  -3
1  -1
1  -2
1  -2
1  -2
1  -3
1  -3
1  -1
1  -3
1  -2
1  -2
1  -1
1  -2
1  -1
1  -2
2  4
2  5
2  3
2  5
2  4
2  4
2  3
2  3
2  3
2  4
2  5
2  5
2  3
2  5
2  5
2  4
2  3
2  5
2  5
2  5
2  4
2  4
2  5
2  3
2  3
2  5
2  4
2  4
2  3
2  3
2  3
2  4
2  3
2  4
2  3
2  5
2  3
2  4
2  5
2  5
2  5
2  5
2  4
2  3
2  5
2  3
2  4
2  4
2  5
2  3
2  4
2  4
2  3
2  3
2  3
2  3
2  3
2  3
2  3
2  5
2  4
2  3
2  4
2  5
2  5
2  3
2  3
2  5
2  3
2  3
2  3
2  5
2  4
2  3
2  3
2  3
2  3
2  4
2  3
2  3
2  5
2  5
2  5
2  3
2  4
2  5
2  3
2  4
2  3
2  3
2  3
2  3
2  3
2  4
2  5
2  4
2  5
2  3
2  3
2  3
2  3
2  5
2  3
2  4
2  4
2  5
2  4
2  4
2  5
2  5
2  4
2  3
2  3
2  5
2  4
2  4
2  3
2  5
2  4
2  3
2  5
2  5
2  5
2  3
2  5
2  5
2  4
2  3
2  3
2  5
2  5
2  4
3  5
3  5
3  5
3  5
3  3
3  5
3  4
3  5
3  3
3  4
3  3
3  5
3  3
3  3
3  3
3  5
3  3
3  4
3  3
3  3
3  4
3  3
3  3
3  5
3  3
3  4
3  4
3  5
3  4
3  4
3  5
3  5
3  5
3  5
3  3
3  4
3  3
3  4
3  5
3  5
3  3
3  5
3  5
3  4
3  4
3  4
3  5
3  4
3  4
3  4
3  3
3  3
3  5
3  4
3  4
3  4
3  4
3  5
3  4
3  3
3  4
3  3
3  5
3  5
3  3
3  3
3  5
3  5
3  3
3  4
3  3
3  4
3  4
3  4
3  3
3  3
3  4
3  3
3  4
3  3
3  4
3  5
3  5
3  5
3  4
3  3
3  5
3  3
3  5
3  3
3  3
3  5
3  3
3  3
3  4
3  3
3  4
3  5
3  3
3  5
3  5
3  4
3  5
3  5
3  3
3  3
3  5
3  5
3  4
3  4
3  4
3  3
3  4
3  3
3  4
3  3
3  3
3  5
3  5
3  4
3  4
3  3
3  4
3  5
3  5
3  5
3  5
3  5
3  3
3  3
3  5
3  3
3  3
3  3
3  5
3  3
3  5
3  3
3  5
3  4
3  4
3  5
3  4
3  5
3  3
3  4
3  3
3  5
3  3
3  5
3  5
3  5
3  3
4  -4
4  -4
4  -2
4  -4
4  -4
4  -2
4  -2
4  -2
4  -4
4  -2
4  -3
4  -4
4  -3
4  -4
4  -2
4  -4
4  -2
4  -4
4  -3
4  -3
4  -3
4  -3
4  -3
4  -3
4  -3
4  -3
4  -2
4  -3
4  -3
4  -2
4  -4
4  -2
4  -3
4  -4
4  -2
4  -4
4  -2
4  -4
4  -4
4  -3
4  -4
4  -2
4  -4
4  -2
4  -2
4  -3
4  -4
4  -2
4  -3
4  -3
4  -3
4  -4
4  -3
4  -3
4  -2
4  -4
4  -2
4  -2
4  -4
4  -2
4  -3
4  -2
4  -3
4  -4
4  -4
4  -2
4  -4
4  -2
4  -3
4  -2
4  -4
4  -4
4  -2
4  -3
4  -3
4  -4
4  -2
4  -4
4  -3
4  -4
4  -4
4  -4
4  -3
4  -3
4  -2
4  -2
4  -4
4  -3
4  -2
4  -3
4  -4
4  -2
4  -4
4  -4
4  -3
4  -2
4  -3
4  -4
4  -3
4  -3
4  -4
4  -2
4  -4
4  -4
4  -2
4  -4
4  -3
4  -3
4  -2
4  -4
4  -3
4  -4
4  -2
4  -2
4  -3
4  -3
4  -3
4  -4
4  -4
4  -3
4  -2
4  -2
4  -4
4  -2
4  -3
4  -2
4  -2
4  -3
4  -2
4  -4
4  -2
4  -2
4  -3
4  -4
4  -3
4  -3
4  -2
4  -3
4  -2
4  -3
4  -3
4  -4
4  -4
4  -2
4  -3
4  -2
4  -2
4  -2
4  -2
4  -2
4  -4
4  -4
4  -4
4  -3
4  -2
4  -2
5  7
5  7
5  6
5  8
5  7
5  8
5  7
5  6
5  8
5  6
5  6
5  7
5  7
5  7
5  8
5  7
5  8
5  7
5  7
5  6
5  6
5  6
5  7
5  8
5  8
5  8
5  8
5  7
5  6
5  7
5  8
5  8
5  8
5  7
5  6
5  6
5  8
5  8
5  6
5  6
5  8
5  7
5  6
5  6
5  6
5  6
5  8
5  8
5  7
5  8
5  6
5  6
5  7
5  7
5  6
5  8
5  8
5  8
5  7
5  8
5  8
5  6
5  6
5  8
5  8
5  6
5  6
5  7
5  7
5  6
5  7
5  6
5  8
5  8
5  7
5  7
5  7
5  8
5  7
5  8
5  8
5  8
5  8
5  6
5  7
5  6
5  8
5  7
5  7
5  7
5  8
5  8
5  7
5  6
5  6
5  8
5  8
5  8
5  7
5  8
5  6
5  7
5  8
5  8
5  6
5  8
5  7
5  6
5  7
5  6
5  6
5  7
5  6
5  8
5  7
5  7
5  8
5  6
5  6
5  7
5  7
5  8
5  6
5  6
5  7
5  8
5  7
5  6
5  6
5  6
5  7
5  8
5  6
5  8
5  6
5  8
5  8
5  8
5  6
5  8
5  8
5  8
5  7
5  7
5  8
5  8
5  7
5  6
5  7
5  8
5  6
5  7
5  7
5  6
5  7
5  6
5  6
5  7
5  8
5  8
5  7
5  7
5  8
5  8
5  6
5  6
5  7
5  7
5  6
5  6
5  7
5  7
5  8
5  7
5  7
5  8
5  8
5  7
5  7
5  8
5  7
5  8
5  7
5  7
5  8
5  8
5  7
5  7
5  7
5  8
5  6
5  8
5  6
5  6
6  2
6  2
6  2
6  3
6  2
6  1
6  2
6  2
6  1
6  2
6  2
6  2
6  1
6  1
6  1
6  2
6  1
6  2
6  1
6  2
6  3
6  1
6  1
6  3
6  2
6  1
6  3
6  2
6  1
6  2
6  2
6  3
6  1
6  3
6  3
6  2
6  1
6  3
6  1
6  2
6  2
6  2
6  2
6  3
6  2
6  3
6  2
6  3
6  3
6  1
6  1
6  3
6  1
6  2
6  1
6  3
6  3
6  2
6  1
6  1
6  1
6  3
6  2
6  2
6  2
6  2
6  1
6  3
6  1
6  1
6  1
6  1
6  2
6  2
6  3
6  1
6  2
6  2
6  1
6  2
6  1
6  1
6  2
6  1
6  1
6  3
6  2
6  1
6  2
6  1
6  3
6  2
6  1
6  2
6  3
6  3
6  1
6  1
6  2
6  3
7  2
7  3
7  3
7  3
7  2
7  2
7  1
7  2
7  1
7  1
7  3
7  2
7  1
7  3
7  2
7  3
7  2
7  1
7  2
7  1
7  1
7  3
7  1
7  3
7  2
7  1
7  1
7  1
7  2
7  3
7  2
7  1
7  1
7  2
7  1
7  3
7  1
7  2
7  1
7  2
7  2
7  2
7  1
7  2
7  1
7  3
7  3
7  3
7  1
7  3
7  3
7  2
7  1
7  3
7  3
7  1
7  1
7  1
7  3
7  3
7  1
7  3
7  3
7  3
7  3
7  3
7  1
7  1
7  2
7  2
7  3
7  3
7  1
7  2
7  2
7  1
7  3
7  2
7  3
7  1
7  2
7  1
7  1
7  1
7  2
7  2
7  2
7  3
7  1
7  1
7  1
7  2
7  2
7  1
7  3
7  2
7  3
7  2
7  2
7  3
7  3
7  2
7  1
7  3
7  3
7  1
7  3
7  2
7  1
7  1
7  1
7  1
7  2
7  1
7  2
7  3
7  1
7  2
7  1
7  1
7  3
7  2
7  1
7  1
7  3
7  3
7  1
7  2
7  2
7  2
7  3
7  1
7  2
7  2
7  1
7  2
7  1
7  3
7  3
7  2
7  2
7  2
7  3
7  1
7  2
7  2
7  3
7  2
7  3
7  3
7  3
7  3
7  2
7  3
7  1
7  3
7  2
7  2
7  1
7  3
7  2
7  3
