1  8
1  5
1  5
1  5
1  4
1  7
1  8
1  8
1  4
1  8
1  6
1  8
1  8
1  5
1  7
1  4
1  6
1  7
1  7
1  7
1  6
1  7
1  6
1  7
1  7
1  7
1  7
1  8
1  5
1  5
1  8
1  7
1  7
1  8
1  4
1  7
1  4
1  4
1  7
1  5
1  7
1  8
1  6
1  6
1  4
1  6
1  7
1  8
1  8
1  5
1  7
1  7
1  6
1  4
1  8
1  7
2  -4
2  -6
2  -5
2  -4
2  -7
2  -4
2  -6
2  -5
2  -7
2  -5
2  -6
2  -5
2  -4
2  -7
2  -5
2  -7
2  -8
2  -7
2  -5
2  -8
2  -8
2  -7
2  -4
2  -7
2  -7
2  -4
2  -5
2  -8
2  -8
2  -7
2  -6
2  -8
2  -6
2  -6
2  -8
2  -5
2  -5
2  -7
2  -4
2  -8
2  -6
2  -4
2  -5
2  -4
2  -5
2  -7
2  -8
2  -5
2  -7
2  -5
2  -5
2  -6
3  4
3  2
3  4
3  1
3  4
3  1
3  5
3  3
3  3
3  3
3  1
3  5
3  5
3  2
3  1
3  4
3  4
3  2
3  4
3  1
3  2
3  3
3  5
3  4
3  3
3  1
3  3
3  4
3  3
3  3
3  4
3  3
3  3
3  5
3  4
3  1
3  1
3  1
3  2
3  5
3  1
3  2
3  4
3  1
3  1
3  4
3  1
3  1
3  2
3  3
3  4
3  2
3  5
3  5
3  1
3  5
3  3
3  5
3  3
3  3
3  1
3  5
3  2
3  1
3  4
3  2
3  4
3  5
3  1
3  2
3  5
3  2
3  3
3  4
3  4
3  3
3  2
3  4
3  1
3  4
3  3
3  4
3  4
3  1
3  5
3  5
3  5
3  3
3  2
3  4
3  2
3  4
3  2
3  2
3  3
3  2
3  4
3  2
3  3
3  4
3  3
3  5
3  4
3  4
3  1
3  1
3  3
3  4
3  4
3  3
3  4
3  3
3  4
3  2
3  5
3  2
3  2
3  1
3  1
3  2
3  5
3  5
3  3
3  1
3  3
3  2
3  1
3  1
3  3
3  3
3  5
3  3
3  1
3  4
3  2
3  2
3  4
3  1
3  2
3  4
3  1
3  3
3  2
3  3
3  5
3  3
3  2
3  1
3  4
3  4
3  2
3  2
3  4
3  3
3  5
3  1
3  3
3  2
3  3
3  2
3  4
3  1
3  5
3  1
3  2
3  5
3  5
3  5
3  1
3  2
3  2
3  1
3  3
3  1
3  3
3  4
3  2
3  1
3  5
3  1
3  3
3  5
3  3
3  3
3  5
3  4
3  3
3  1
3  1
3  2
3  4
3  2
3  3
3  2
3  2
3  2
3  2
3  4
3  1
3  5
3  1
3  4
3  2
3  4
3  1
3  4
3  5
3  5
3  1
3  5
3  2
3  3
3  2
3  3
3  1
3  5
3  3
3  2
3  3
3  1
3  1
3  3
3  2
3  5
4  1
4  -1
4  -2
4  -3
4  -3
4  -1
4  -3
4  0
4  -1
4  1
4  -2
4  -3
4  0
4  -1
4  -1
4  -1
4  -3
4  -3
4  -2
4  -1
4  0
4  -1
5  0
5  -1
5  2
5  -1
5  0
5  2
5  -1
5  -1
5  -1
5  -1
5  -2
5  1
5  0
5  1
5  1
5  -1
5  2
5  1
5  -1
5  1
5  0
5  2
5  -2
5  -2
5  1
5  -1
5  0
5  -1
5  -2
5  2
5  -2
5  1
5  2
5  0
5  0
5  -2
5  2
5  1
5  0
5  1
5  2
5  -1
5  -2
5  -1
5  0
5  0
5  2
5  -2
5  2
5  -2
5  1
5  -1
5  -2
5  0
5  0
5  0
5  -1
5  1
5  -1
5  0
5  2
5  2
5  2
5  2
5  0
5  -2
5  2
5  -1
5  -2
5  0
5  1
5  -1
5  1
5  -1
5  0
5  -2
5  -2
5  1
5  -2
5  0
5  0
5  1
5  2
5  0
5  -1
5  -1
5  -1
5  1
5  -2
5  1
5  1
5  -2
5  -1
5  -1
5  -1
5  -2
5  -1
5  0
5  -1
5  -1
5  0
5  0
5  1
5  1
5  1
5  -1
5  -2
5  0
5  0
5  1
5  -2
5  -2
5  0
5  -1
5  2
5  -1
5  2
5  1
5  -2
5  2
5  1
5  1
5  2
5  1
5  -2
5  0
5  2
5  -1
5  0
5  -1
5  -2
5  0
5  2
5  1
5  1
5  1
5  0
5  0
5  0
5  -2
5  0
5  2
5  1
5  1
5  -1
5  0
5  -2
5  0
5  0
5  1
5  0
5  2
5  2
5  -2
5  1
5  -2
5  1
5  -1
5  2
5  -2
5  -2
5  -2
5  1
5  -1
5  0
5  -2
5  2
5  2
5  0
5  0
5  -1
5  1
5  1
5  2
5  -2
5  0
5  0
5  2
5  2
5  1
5  0
5  -1
5  -2
6  -1
6  -2
6  -4
6  -1
6  0
6  -2
6  0
6  -4
6  -1
6  -1
6  -1
6  0
6  -2
6  -1
6  -2
6  0
6  -4
6  -1
6  -1
6  -3
6  -3
6  -4
6  -2
6  -3
6  -3
6  -3
6  -3
6  -4
6  -1
6  -1
6  -3
6  -2
6  0
6  -2
6  -3
6  -4
6  -2
6  -2
6  -3
6  -2
6  -1
6  -1
6  -1
6  -2
6  0
6  -2
6  -2
6  -4
6  -4
6  -2
6  -1
6  -3
6  -2
6  -2
6  -4
6  -3
6  -2
6  -1
6  -4
6  0
6  -3
6  0
6  -1
6  0
6  -2
6  0
6  -3
6  -3
6  -2
6  -4
6  -3
6  -1
6  0
6  -1
6  -4
6  -4
6  -2
6  0
6  -2
6  -4
6  0
6  -4
6  -4
7  4
7  5
7  4
7  4
7  4
7  4
7  4
7  2
7  5
7  2
7  4
7  6
7  6
7  5
7  3
7  6
7  6
7  4
7  6
7  6
7  3
7  6
7  4
7  2
7  5
7  5
7  2
7  3
7  4
7  3
7  3
7  4
7  6
7  2
7  6
7  2
7  4
7  5
7  6
7  3
7  5
7  4
7  3
7  5
7  5
7  6
7  3
7  3
7  5
7  6
7  2
7  6
7  4
7  4
7  2
7  3
7  4
7  3
7  3
7  4
7  5
7  3
7  5
7  3
7  4
7  6
7  5
7  2
7  5
7  5
7  3
7  3
7  5
7  2
7  4
7  2
7  2
7  4
7  5
7  5
7  5
7  2
7  6
7  6
7  3
7  3
7  5
7  3
7  6
7  2
7  2
7  4
7  2
7  4
7  6
7  2
7  4
7  4
7  6
7  2
7  3
7  4
7  5
7  6
7  4
7  3
7  6
7  3
7  2
7  5
7  3
7  4
7  6
7  2
7  4
7  6
7  2
7  4
7  2
7  4
7  3
7  6
7  2
7  3
7  2
7  5
7  6
7  2
7  2
7  3
7  2
7  5
7  2
7  2
7  5
7  4
7  5
7  2
7  6
7  6
7  6
7  4
7  5
7  2
7  4
7  3
7  4
7  6
7  3
7  5
7  2
7  4
7  6
7  6
7  5
7  3
7  6
7  5
7  5
7  2
7  3
7  2
7  4
7  4
7  5
7  3
7  2
7  6
7  5
7  2
7  4
7  4
7  5
7  2
7  5
7  2
7  6
7  6
7  5
7  2
7  2
7  3
7  6
7  2
7  6
7  5
7  2
7  5
7  5
7  6
7  6
8  -2
8  0
8  -3
8  -1
8  -3
8  -2
8  -1
8  0
8  -2
8  -2
8  -3
8  -1
8  -1
8  -4
8  -4
8  -1
8  -4
8  -2
8  -4
8  -4
8  -2
8  -1
8  -1
8  -2
8  0
8  -1
8  -2
8  -4
8  -4
8  0
8  -2
8  -2
8  -3
8  -3
8  -2
9  6
9  2
9  4
9  3
9  2
9  5
9  2
9  4
9  3
9  4
9  3
9  5
9  4
9  5
9  2
9  6
9  3
9  4
9  2
9  5
9  6
9  2
9  5
9  2
9  3
9  5
9  4
9  2
9  3
9  5
9  4
9  2
9  3
9  6
9  5
9  3
9  2
9  4
9  4
9  5
9  5
9  4
9  3
9  2
9  5
9  2
10  5
10  8
10  7
10  6
10  9
10  6
10  5
10  5
10  6
10  8
10  6
10  5
10  6
10  8
10  7
10  7
10  6
10  8
10  6
10  9
10  6
10  7
10  8
10  8
10  5
10  9
10  5
10  8
10  8
10  5
10  8
10  5
10  6
10  8
10  8
10  6
10  7
10  5
10  9
10  8
10  5
10  7
10  7
10  5
10  8
10  8
10  6
10  6
10  6
10  5
10  5
10  7
10  5
10  9
10  9
10  7
10  8
10  5
10  5
10  5
10  5
10  5
10  9
10  8
10  7
10  6
10  5
10  6
10  9
10  5
10  5
10  9
10  6
10  5
10  5
10  5
10  6
10  5
10  5
10  6
10  5
10  6
10  5
10  9
10  6
10  6
10  8
10  6
10  6
10  5
10  8
10  6
10  8
10  8
10  6
10  6
10  9
10  9
10  6
10  6
10  6
10  7
10  7
10  5
10  6
10  8
10  9
10  7
