1  -1
1  2
1  3
1  3
1  -1
1  2
1  0
1  -1
1  1
1  3
1  0
1  2
1  0
1  2
1  3
1  3
1  3
1  3
1  0
1  1
1  2
1  -1
1  2
1  1
1  -1
1  1
1  1
1  0
1  -1
1  2
1  3
1  -1
1  0
1  -1
1  2
1  1
1  0
1  2
1  1
1  3
1  -1
1  3
1  -1
1  1
1  -1
1  -1
1  1
1  2
1  -1
1  3
1  1
1  -1
1  3
1  0
1  0
1  2
1  0
1  -1
1  2
1  -1
1  -1
1  1
1  1
1  2
1  2
1  -1
1  1
1  3
1  1
1  -1
1  -1
1  1
1  3
1  0
1  0
1  3
1  1
1  2
1  0
1  0
1  0
1  1
1  1
1  1
1  1
1  3
1  1
1  2
1  2
1  0
1  3
1  1
1  1
1  -1
1  2
1  1
1  1
1  2
1  3
1  2
1  1
1  1
1  2
1  -1
1  1
1  -1
1  3
2  2
2  4
2  5
2  4
2  2
2  2
2  1
2  1
2  4
2  5
2  3
2  4
2  2
2  5
2  2
2  4
2  3
2  4
2  3
2  4
2  1
2  2
2  1
2  5
2  5
2  5
2  1
2  3
2  3
2  5
2  4
2  2
2  3
2  1
2  3
2  2
2  5
2  2
2  1
2  3
2  4
2  5
2  3
2  3
2  1
2  4
2  2
2  5
2  3
2  2
2  5
2  5
2  3
3  7
3  4
3  5
3  5
3  4
3  7
3  6
3  3
3  3
3  6
3  7
3  5
3  6
3  5
3  6
3  3
3  6
3  4
3  3
3  3
3  7
3  4
3  4
3  3
3  7
3  4
3  7
3  7
3  3
3  6
3  5
3  7
3  5
3  3
3  6
3  7
3  4
3  3
3  3
3  6
3  7
3  4
3  7
3  5
3  6
3  7
3  7
3  7
3  6
3  5
3  3
3  6
3  4
3  3
3  3
3  3
3  3
3  4
3  5
3  3
3  5
3  4
3  6
3  4
3  7
3  4
3  3
3  5
3  7
3  3
3  4
3  3
3  5
3  3
3  7
3  5
3  7
3  3
3  7
3  7
3  5
3  3
3  5
3  6
3  6
3  6
3  4
3  6
3  3
3  4
3  3
3  6
3  3
4  2
4  2
4  2
4  4
4  2
4  5
4  3
4  3
4  1
4  5
4  3
4  4
4  4
4  5
4  3
4  3
4  2
4  4
4  4
4  1
4  5
4  2
4  3
4  3
4  3
4  1
4  5
4  5
4  3
4  1
4  5
4  1
4  3
4  2
4  5
4  4
4  2
4  2
4  2
4  2
4  3
4  2
4  5
4  2
4  4
4  2
4  5
4  2
4  1
4  1
4  2
4  2
4  2
4  3
4  3
4  2
4  1
4  2
4  3
4  4
4  3
4  5
4  2
4  4
4  4
4  2
4  5
4  3
4  5
4  5
4  2
4  2
4  2
5  0
5  1
5  -2
5  2
5  2
5  2
5  2
5  -1
5  -2
5  0
5  0
5  0
5  0
5  1
5  1
5  0
5  0
5  0
5  1
5  0
5  0
5  2
5  -2
5  2
5  -1
5  0
5  2
5  2
5  -2
5  -1
5  0
6  -5
6  -1
6  -5
6  -3
6  -3
6  -3
6  -4
6  -3
6  -1
6  -1
6  -4
6  -4
6  -3
6  -4
6  -3
6  -2
6  -5
6  -1
6  -5
6  -1
6  -4
6  -2
6  -1
6  -5
6  -1
6  -5
6  -4
6  -2
6  -5
6  -4
6  -1
6  -3
6  -3
6  -4
6  -5
6  -5
6  -2
6  -3
6  -3
6  -5
6  -3
6  -2
6  -5
6  -4
6  -2
6  -4
6  -3
6  -3
6  -4
6  -2
6  -4
6  -2
6  -4
6  -3
6  -1
6  -4
6  -5
6  -5
6  -1
6  -2
6  -3
6  -4
6  -5
6  -1
6  -4
6  -3
6  -3
6  -2
6  -1
6  -2
6  -2
6  -2
6  -3
6  -1
6  -5
6  -2
6  -1
6  -3
6  -2
6  -5
6  -1
6  -5
6  -3
6  -5
6  -4
6  -1
6  -1
6  -1
6  -2
6  -5
6  -3
6  -4
6  -4
6  -2
6  -1
6  -5
6  -5
6  -5
6  -1
6  -1
6  -3
6  -3
6  -5
6  -4
6  -4
6  -1
6  -3
6  -4
6  -1
6  -1
6  -3
6  -1
6  -1
6  -1
6  -2
6  -3
6  -5
6  -1
6  -1
6  -1
6  -1
6  -1
6  -1
6  -3
6  -4
6  -1
6  -5
6  -1
6  -1
6  -1
6  -5
6  -2
6  -4
6  -3
6  -1
6  -5
6  -2
6  -2
6  -4
6  -4
6  -3
6  -2
6  -5
6  -3
6  -3
6  -4
6  -1
6  -3
6  -5
6  -3
6  -2
6  -1
6  -4
6  -3
6  -2
6  -5
6  -5
6  -1
6  -4
6  -4
6  -1
6  -4
6  -1
6  -3
6  -2
6  -4
6  -2
6  -3
6  -3
6  -2
6  -2
6  -4
6  -4
6  -2
6  -1
6  -1
6  -2
6  -4
6  -4
6  -5
6  -4
6  -4
6  -3
6  -4
6  -1
6  -4
6  -3
6  -2
6  -3
6  -1
6  -1
6  -4
6  -3
6  -3
6  -2
6  -1
6  -5
6  -1
6  -5
6  -4
6  -1
6  -3
6  -4
6  -2
6  -4
6  -2
6  -2
6  -3
6  -2
6  -3
6  -2
6  -4
6  -4
6  -2
6  -2
6  -5
6  -3
6  -3
6  -3
6  -2
6  -3
6  -1
6  -4
6  -4
6  -2
6  -4
6  -4
6  -5
6  -1
6  -5
6  -2
6  -1
6  -4
6  -4
6  -3
6  -1
6  -4
6  -2
6  -5
6  -3
6  -4
6  -2
6  -5
6  -2
6  -1
6  -4
6  -1
6  -5
6  -3
6  -4
6  -1
6  -3
6  -3
6  -2
6  -1
6  -1
6  -1
6  -2
6  -5
6  -1
6  -1
6  -3
7  4
7  5
7  5
7  2
7  5
7  5
7  1
7  1
7  2
7  4
7  3
7  1
7  4
7  1
7  1
7  5
7  2
7  5
7  3
7  1
7  4
7  5
7  2
7  5
7  3
7  1
7  5
7  3
7  4
7  1
7  2
7  3
7  1
7  5
7  4
7  3
7  2
7  2
7  1
7  2
7  5
7  1
7  2
7  4
7  1
7  4
7  1
7  3
7  4
7  2
7  3
7  3
7  3
7  5
7  1
7  1
7  1
7  3
7  5
7  1
7  5
7  4
7  2
7  5
7  5
7  4
7  5
7  1
7  4
7  1
7  3
7  2
7  2
7  2
7  3
7  5
7  1
7  3
8  8
8  6
8  5
8  4
8  6
8  4
8  8
8  5
8  6
8  6
8  5
8  5
8  6
8  5
8  8
8  8
8  6
8  4
8  8
8  6
8  6
8  4
8  6
8  4
8  6
8  8
9  3
9  6
9  6
9  6
9  4
9  2
9  6
9  3
9  6
9  4
9  6
9  3
9  4
9  4
9  5
9  2
9  2
9  5
9  4
9  3
9  2
9  4
9  3
9  5
9  4
9  6
9  5
9  6
9  5
9  2
9  3
9  6
9  2
9  3
9  3
9  4
9  2
9  2
9  5
9  4
9  5
9  6
9  3
9  3
9  5
9  4
9  4
9  4
9  4
9  3
9  5
9  2
9  6
9  2
9  4
9  4
9  3
9  2
9  3
9  4
9  2
9  6
9  4
9  2
9  5
9  6
9  3
9  5
9  2
9  4
9  2
9  3
9  2
9  3
9  6
9  6
9  6
9  5
9  6
9  6
9  5
9  4
9  5
9  6
9  3
9  2
9  3
9  4
9  4
9  2
9  2
9  3
9  6
9  3
9  4
9  4
9  6
9  5
9  2
9  2
9  3
9  2
9  5
9  6
9  2
9  2
9  5
9  3
9  6
9  6
9  2
9  5
9  4
9  3
9  2
9  5
9  2
9  4
9  3
9  4
9  4
9  6
9  4
9  6
9  6
9  5
9  4
9  6
9  5
9  3
9  5
9  5
9  5
9  4
9  6
9  3
9  4
9  5
9  4
9  4
9  5
9  5
9  5
9  5
10  -1
10  3
10  2
10  0
10  1
10  0
10  -1
10  0
10  -1
10  -1
10  -1
10  -1
10  3
10  0
10  1
10  0
10  0
10  1
10  2
10  3
10  2
10  0
10  1
10  0
10  1
10  1
10  -1
10  0
10  -1
10  -1
10  3
10  0
10  0
10  2
10  3
10  0
10  2
10  2
10  2
10  0
10  0
10  3
10  -1
10  3
10  2
10  3
10  1
10  1
10  3
10  0
10  1
10  2
10  -1
10  -1
10  -1
10  3
10  2
10  -1
10  3
10  2
10  0
10  1
10  1
10  1
10  1
10  2
10  0
10  0
10  -1
10  0
10  1
10  -1
10  2
10  -1
10  2
10  1
10  1
10  1
10  2
10  -1
10  1
10  -1
10  1
10  2
10  -1
10  0
10  1
10  1
10  1
10  3
10  0
10  2
10  -1
10  0
10  1
10  0
10  -1
10  1
10  2
10  2
10  -1
10  2
10  2
10  0
10  0
10  0
10  1
11  4
11  5
11  8
11  7
11  7
11  4
11  8
11  8
11  4
11  6
11  6
11  5
11  6
11  7
11  5
11  7
11  4
11  4
11  6
11  8
11  6
11  4
11  4
11  4
11  8
11  4
