1  2
1  1
1  1
1  3
1  1
1  3
1  2
1  1
1  1
1  3
1  2
1  3
1  3
1  3
1  2
1  1
1  3
1  2
1  2
1  2
1  3
1  1
1  3
1  2
1  3
2  1
2  -1
2  -1
2  -1
2  -1
2  -1
2  -1
2  0
2  -1
2  1
2  0
2  1
2  -1
2  0
2  0
2  1
2  1
2  1
2  -1
2  -1
2  0
2  0
2  -1
2  0
2  1
2  0
2  0
2  0
2  1
2  0
2  -1
2  0
2  1
2  0
2  1
2  0
2  0
2  0
2  1
2  0
2  0
2  0
2  0
2  -1
2  1
2  1
2  1
2  0
2  0
2  -1
2  1
2  -1
2  -1
2  -1
2  1
2  1
2  0
2  -1
2  1
2  0
2  1
2  1
2  1
2  1
2  0
2  1
2  0
2  0
2  -1
2  -1
2  1
2  0
2  0
2  -1
2  0
2  -1
2  0
2  1
2  1
2  -1
2  -1
2  -1
2  1
2  1
2  0
2  1
2  0
2  -1
2  1
2  0
2  -1
2  0
2  -1
2  -1
2  1
2  1
2  0
2  -1
2  1
2  1
2  0
2  1
2  1
2  0
2  1
2  -1
2  1
2  0
2  -1
2  0
2  1
2  -1
2  0
2  1
2  -1
2  1
2  -1
2  1
2  -1
2  -1
2  0
2  1
2  0
2  1
2  -1
2  -1
2  1
2  0
2  0
2  0
2  0
2  0
2  0
2  -1
2  -1
2  1
2  0
2  -1
2  0
2  1
2  0
2  0
2  -1
2  0
2  0
2  1
2  1
2  0
2  0
2  -1
2  0
2  -1
2  0
2  -1
2  1
2  0
2  0
2  -1
2  1
2  -1
2  -1
2  1
2  -1
2  -1
2  0
2  0
3  7
3  5
3  5
3  7
3  6
3  6
3  7
3  5
3  5
3  6
3  6
3  6
3  6
3  5
3  6
3  7
3  6
3  5
3  5
3  7
3  5
3  5
3  5
3  5
3  6
3  6
3  6
3  6
3  6
3  6
3  7
3  5
3  5
3  6
3  5
3  5
3  5
3  6
3  6
3  5
3  7
3  5
3  7
3  5
3  6
3  7
3  6
3  6
3  7
3  7
3  5
3  5
3  6
3  6
3  7
3  7
3  7
3  5
3  7
3  6
3  7
3  6
3  5
3  6
3  5
3  6
3  6
3  6
3  7
3  7
3  7
3  7
3  5
3  7
3  7
3  5
3  7
3  6
3  6
3  7
3  6
3  7
3  7
3  6
3  7
3  6
3  5
3  6
3  7
3  5
3  6
3  6
4  5
4  6
4  5
4  6
4  4
4  6
4  6
4  6
4  5
4  6
4  5
4  5
4  6
4  6
4  5
4  5
4  4
4  4
4  6
4  6
4  4
4  6
4  4
4  5
4  4
4  6
4  6
4  5
4  6
4  6
4  4
4  4
4  5
4  5
4  5
4  4
4  5
4  5
4  5
4  5
4  5
4  6
4  6
4  4
4  5
4  5
4  5
4  6
4  4
4  5
4  4
4  4
4  6
4  4
4  4
4  6
4  6
4  4
4  5
4  6
4  5
4  4
4  4
4  4
4  6
4  6
4  5
4  4
4  4
4  4
4  4
4  5
4  5
4  6
4  5
4  6
4  6
4  6
4  5
4  4
4  4
4  4
4  4
4  6
4  4
4  5
4  6
4  5
4  4
4  4
4  5
4  6
4  5
4  5
4  6
4  6
4  6
4  6
4  5
4  4
4  5
4  6
4  5
4  4
4  5
4  6
4  6
4  5
4  5
4  5
4  4
4  5
5  3
5  2
5  4
5  4
5  3
5  4
5  3
5  4
5  2
5  2
5  3
5  3
5  2
5  4
5  3
5  4
5  3
5  2
5  3
5  2
5  3
5  4
5  3
5  3
5  4
5  3
5  2
5  2
5  2
5  2
5  4
5  3
5  3
5  3
5  2
5  4
5  4
5  2
5  4
5  2
5  4
5  3
5  3
5  2
5  3
5  4
5  2
5  3
5  4
5  4
5  2
5  2
5  2
5  2
5  4
5  3
5  4
5  3
5  2
5  4
5  2
5  3
5  3
5  4
5  4
5  2
5  2
5  3
5  2
5  2
5  3
5  4
5  4
5  2
5  2
5  2
5  2
5  4
5  4
5  3
5  3
5  4
5  3
5  4
5  3
5  3
5  2
5  2
5  3
5  4
5  3
5  2
5  2
5  2
5  3
5  4
5  3
5  4
5  3
5  4
5  3
5  2
5  3
5  3
5  4
5  4
5  2
5  3
5  2
5  4
5  2
5  3
5  2
5  2
5  4
5  2
5  3
5  4
5  2
5  3
5  4
5  2
5  4
5  2
5  3
5  4
5  2
5  2
5  3
5  3
5  4
5  2
5  2
5  3
5  2
5  4
5  4
5  3
5  3
5  3
5  4
5  3
5  4
5  3
5  2
5  2
6  -3
6  -3
6  -5
6  -3
6  -3
6  -4
6  -5
6  -3
6  -5
6  -3
6  -3
6  -5
6  -5
6  -4
6  -3
6  -5
6  -4
6  -4
6  -5
6  -4
6  -5
6  -5
6  -4
6  -4
6  -5
6  -5
6  -3
6  -5
6  -3
6  -4
6  -5
6  -4
6  -5
6  -3
6  -4
6  -3
6  -4
6  -4
6  -5
6  -4
6  -3
6  -3
6  -5
6  -5
6  -3
6  -3
6  -5
6  -5
6  -3
6  -3
6  -3
6  -5
6  -4
6  -5
6  -3
6  -3
6  -4
6  -3
6  -5
6  -3
6  -4
6  -3
6  -4
6  -3
6  -4
6  -4
6  -3
6  -5
6  -4
6  -4
6  -3
7  2
7  1
7  2
7  2
7  1
7  0
7  2
7  2
7  1
7  0
7  1
7  2
7  1
7  2
7  0
7  1
7  0
7  0
7  1
7  0
7  0
7  1
7  0
7  0
7  0
7  0
7  2
7  1
7  0
7  2
7  2
7  2
7  1
7  1
7  1
7  1
7  1
7  1
7  0
7  2
7  0
7  0
7  2
7  1
7  1
7  2
7  2
7  2
7  2
7  2
7  0
7  1
7  2
7  0
7  2
7  1
7  1
7  0
7  1
7  0
7  1
7  1
7  1
7  2
7  0
7  0
7  0
7  2
7  0
7  2
7  2
7  0
7  2
7  0
7  1
7  0
7  2
7  1
7  1
7  1
7  2
7  1
7  0
7  2
7  1
7  1
7  1
7  1
7  1
7  0
7  0
8  -2
8  0
8  -1
8  -1
8  -2
8  -1
8  0
8  -1
8  0
8  0
8  -2
8  -1
8  -2
8  -2
8  0
8  -2
8  -1
8  -2
8  0
8  -1
8  0
8  -1
8  0
8  -2
8  -1
8  -2
8  -1
8  0
8  -1
8  0
8  -2
8  0
8  0
8  0
8  -2
8  -1
8  0
8  -1
8  -1
8  0
8  0
8  -2
8  -2
8  -1
8  0
8  0
8  -1
8  -1
8  -2
8  -2
8  0
8  0
8  -1
8  -1
8  0
8  -1
8  -2
8  0
8  -1
8  -1
8  0
8  -1
8  0
8  0
8  0
8  -2
8  -1
8  -1
8  -1
8  0
8  -1
8  -2
8  0
8  -1
8  -1
8  -1
8  -1
8  0
8  -2
8  -1
8  0
8  0
8  0
8  -1
8  -1
8  -1
8  -1
8  -1
8  0
8  -2
8  -1
8  -2
8  -1
8  -1
8  -1
8  -1
8  -2
8  -1
8  0
8  -2
8  -2
8  -1
8  0
8  -1
8  -2
8  -2
8  0
8  -1
8  -1
8  -2
8  0
8  0
8  -1
8  -1
8  0
8  0
8  -2
8  -1
8  -1
8  -2
8  0
8  0
8  -2
8  0
8  -2
9  -2
9  -1
9  -2
9  -3
9  -1
9  -2
9  -2
9  -2
9  -2
9  -1
9  -3
9  -2
9  -1
9  -3
9  -2
9  -2
9  -1
9  -3
9  -1
9  -2
9  -1
9  -3
9  -2
9  -2
9  -1
9  -3
9  -3
9  -2
9  -1
9  -3
9  -2
9  -3
9  -1
9  -2
9  -3
9  -3
9  -3
9  -2
9  -3
9  -3
9  -1
9  -2
9  -3
9  -1
9  -1
9  -2
9  -2
9  -1
9  -2
9  -1
9  -1
9  -2
9  -1
9  -3
9  -1
9  -2
9  -1
9  -1
9  -2
9  -3
9  -1
9  -1
9  -1
9  -2
9  -1
9  -3
9  -3
9  -2
9  -2
9  -1
9  -1
9  -1
9  -1
9  -2
9  -3
9  -2
9  -1
9  -3
9  -3
9  -3
9  -3
9  -3
9  -2
9  -2
9  -2
9  -1
9  -1
9  -1
9  -2
9  -3
9  -2
9  -3
9  -2
9  -1
10  -4
10  -5
10  -4
10  -6
10  -4
10  -4
10  -4
10  -5
10  -6
10  -6
10  -4
10  -5
10  -5
10  -4
10  -4
10  -4
10  -5
10  -5
10  -6
10  -6
10  -6
10  -6
10  -5
10  -6
10  -5
10  -4
10  -5
10  -4
10  -5
10  -4
10  -5
10  -4
10  -5
10  -4
10  -6
10  -6
10  -5
10  -5
10  -6
10  -4
10  -5
10  -4
10  -5
10  -5
10  -4
10  -4
10  -6
10  -4
10  -4
10  -5
10  -5
10  -5
10  -4
10  -4
10  -6
10  -4
10  -4
10  -5
10  -6
10  -4
10  -5
10  -5
10  -6
10  -4
10  -4
10  -5
10  -6
10  -6
10  -5
10  -6
10  -4
10  -5
10  -4
10  -4
10  -4
10  -6
10  -4
10  -6
