1  -4
1  -5
1  -3
1  -5
1  -6
1  -5
1  -7
1  -6
1  -5
1  -3
1  -3
1  -6
1  -4
1  -3
1  -3
1  -7
1  -6
1  -6
1  -6
1  -7
1  -6
1  -5
1  -6
1  -7
1  -6
1  -4
1  -4
1  -5
1  -3
1  -4
1  -6
1  -5
1  -3
1  -6
1  -5
1  -6
1  -7
1  -4
1  -3
1  -3
1  -5
1  -7
1  -5
1  -6
1  -3
1  -7
1  -5
1  -4
1  -6
1  -5
1  -5
1  -5
1  -5
1  -5
1  -5
1  -3
1  -3
1  -7
1  -3
1  -5
1  -4
1  -5
1  -3
1  -3
1  -5
1  -4
1  -3
1  -4
1  -3
1  -4
1  -4
1  -7
1  -3
1  -4
1  -3
1  -5
1  -4
1  -6
1  -6
1  -7
1  -4
1  -5
1  -5
1  -7
1  -5
1  -3
1  -5
1  -7
1  -3
1  -3
1  -6
1  -6
1  -4
1  -4
1  -5
1  -3
1  -3
1  -5
1  -6
1  -6
1  -6
1  -4
1  -4
1  -7
1  -5
1  -4
1  -7
1  -3
1  -3
1  -5
1  -4
1  -4
1  -5
1  -7
1  -5
1  -3
1  -5
1  -4
1  -6
1  -3
1  -7
1  -7
1  -7
1  -4
1  -4
1  -5
1  -6
1  -7
1  -7
1  -7
1  -3
1  -4
1  -3
1  -6
1  -5
1  -7
1  -3
1  -4
1  -5
1  -4
1  -5
1  -3
1  -6
1  -5
1  -5
1  -4
1  -4
1  -7
1  -6
1  -5
1  -6
1  -7
1  -3
1  -5
1  -6
1  -4
1  -4
1  -3
1  -7
1  -4
1  -4
1  -4
1  -5
1  -6
1  -5
1  -7
1  -7
1  -7
1  -3
1  -6
1  -7
1  -7
1  -5
1  -5
1  -5
1  -6
1  -6
1  -4
1  -7
1  -5
1  -7
1  -5
1  -4
1  -6
1  -4
1  -5
1  -6
1  -3
1  -7
1  -3
1  -4
1  -7
1  -7
1  -3
1  -4
1  -7
1  -3
1  -3
1  -5
1  -6
1  -5
1  -3
1  -3
1  -5
1  -4
1  -3
1  -7
1  -7
1  -3
1  -3
1  -7
1  -4
1  -3
1  -5
1  -7
1  -5
1  -6
1  -6
1  -5
1  -7
1  -4
1  -4
1  -5
1  -3
1  -5
1  -7
1  -3
1  -4
1  -6
1  -6
1  -7
1  -4
1  -4
1  -7
1  -5
1  -6
1  -4
1  -6
1  -3
1  -4
1  -3
1  -7
1  -3
1  -4
1  -6
1  -6
1  -6
2  9
2  7
2  7
2  9
2  6
2  6
2  8
2  6
2  7
2  9
2  6
2  7
2  9
2  8
2  7
2  5
2  6
2  9
2  6
2  7
2  8
2  9
2  8
2  7
2  7
2  7
2  9
2  6
2  9
2  9
2  8
2  8
2  5
2  8
2  9
2  5
2  9
2  5
2  8
2  5
2  6
2  7
2  8
2  7
2  7
2  5
2  7
2  7
2  9
2  9
2  9
2  9
2  7
2  6
2  9
2  7
2  7
2  5
2  9
2  7
2  5
2  6
2  5
2  7
2  9
2  8
2  8
2  5
2  6
2  7
2  7
2  6
2  6
2  6
2  8
2  5
2  7
2  8
2  7
2  5
2  8
2  9
2  9
2  8
2  5
2  5
2  9
2  5
2  5
2  7
2  5
2  5
2  5
2  6
2  6
2  6
2  8
2  8
2  8
2  5
2  5
2  5
2  9
2  7
2  6
2  6
2  7
2  6
2  7
2  6
2  7
2  7
2  9
2  7
2  9
2  7
2  8
2  5
2  5
2  6
2  8
2  6
2  5
2  9
2  7
2  6
2  7
2  7
2  6
2  5
2  6
2  9
2  6
2  7
2  8
2  9
2  9
2  9
2  7
2  8
2  9
2  6
2  9
2  5
2  8
2  8
2  5
2  6
2  5
2  5
2  9
2  8
2  5
2  5
2  9
2  9
2  5
2  7
2  7
2  7
2  6
2  9
2  6
2  7
2  7
2  8
2  5
2  6
2  7
2  5
2  6
2  8
2  5
2  7
2  6
2  5
2  5
2  5
2  8
2  8
2  5
2  8
2  9
2  5
2  9
2  5
2  7
2  7
2  8
2  8
2  8
2  8
2  8
2  9
2  9
2  7
2  7
2  6
3  -5
3  -1
3  -4
3  -1
3  -5
3  -1
3  -2
3  -1
3  -5
3  -3
3  -5
3  -1
3  -2
3  -3
3  -1
3  -1
3  -3
3  -5
3  -2
3  -2
3  -2
3  -2
3  -5
3  -4
3  -1
3  -5
3  -3
4  -2
4  -1
4  1
4  0
4  -2
4  -3
4  0
4  -3
4  1
4  -2
4  0
4  1
4  1
4  1
4  -3
4  -1
4  1
4  -2
4  -3
4  -2
4  0
4  0
4  -1
4  1
4  -2
4  -1
4  -2
4  0
4  0
4  1
4  0
4  -1
4  -1
4  -2
4  0
4  1
4  -3
4  -3
4  -2
4  1
4  -2
4  1
4  1
4  1
4  1
4  1
4  0
4  0
4  -2
4  0
4  1
4  0
4  -3
4  1
4  1
4  -1
4  -1
4  -2
4  1
4  0
4  -3
4  0
4  -1
4  -3
4  1
4  0
4  0
4  -1
4  -3
4  -2
4  1
4  -1
4  0
4  -1
4  -3
4  -2
4  -1
4  1
4  -2
4  1
4  -1
4  -1
4  -1
4  -3
4  -1
4  -3
4  0
4  -1
4  -2
4  -2
4  -1
4  1
4  -3
4  0
4  -2
4  1
4  -1
4  1
4  0
4  1
4  -1
4  1
4  -2
4  -3
4  -3
4  -1
4  1
4  0
4  -3
4  -2
4  -3
4  -3
4  -2
4  -2
4  1
4  -2
4  0
4  1
4  -2
4  -3
4  1
4  0
4  -3
4  0
4  -3
4  1
4  -1
4  -1
4  1
4  0
4  -1
4  -1
4  -3
4  -1
4  -1
4  1
4  -2
4  -1
4  0
4  0
4  1
4  1
4  -2
4  0
4  1
4  -1
4  0
4  1
4  0
4  0
4  -2
4  1
4  -2
4  -1
4  -3
4  1
4  -1
4  -1
4  -2
4  -3
4  -1
4  1
4  -3
4  -1
4  0
4  -1
4  0
4  0
4  -1
4  1
4  -1
4  -1
4  -3
4  -2
4  -1
4  -3
4  -3
4  1
4  -2
4  -2
4  -2
4  1
4  -2
4  -1
4  -1
4  1
4  -2
4  -2
4  1
4  0
4  -1
4  0
4  -1
4  1
4  -3
4  1
4  -1
4  1
4  -3
4  -1
4  1
4  -1
4  -1
4  0
4  1
5  3
5  1
5  2
5  0
5  -1
5  3
5  2
5  2
5  2
5  0
5  1
5  2
5  2
5  0
5  2
5  2
5  2
5  0
5  2
5  -1
5  3
5  3
5  3
5  2
5  3
5  1
5  -1
5  0
5  2
5  3
5  3
5  0
5  2
5  1
5  2
5  2
5  3
5  2
5  -1
5  1
5  2
5  -1
5  0
5  2
5  -1
5  -1
5  0
5  0
5  2
5  -1
5  2
5  0
5  2
5  1
5  0
5  3
5  -1
5  2
5  2
5  2
5  3
5  3
5  0
5  -1
6  6
6  8
6  8
6  6
6  6
6  6
6  7
6  8
6  8
6  5
6  7
6  6
6  4
6  8
6  5
6  7
6  4
6  4
6  4
6  4
6  8
6  6
6  6
6  7
6  4
6  4
6  6
6  4
6  6
6  7
6  5
6  5
6  7
6  7
6  8
6  8
6  7
6  5
6  8
6  6
6  5
6  4
6  8
6  5
6  4
6  4
6  4
6  6
6  5
6  5
6  4
6  8
6  4
6  4
6  5
6  5
6  6
6  8
6  6
6  4
6  4
6  6
6  7
6  4
6  5
6  7
6  4
6  8
6  4
6  5
6  6
6  4
6  7
6  4
6  7
6  7
6  7
6  7
6  5
6  7
6  6
6  5
6  7
6  8
6  7
6  6
6  6
6  8
6  5
6  4
6  6
6  4
6  5
6  5
6  8
6  7
6  7
6  4
6  8
6  4
6  8
6  4
7  -2
7  -1
7  -4
7  -3
7  -1
7  -5
7  -5
7  -5
7  -4
7  -4
7  -4
7  -3
7  -2
7  -1
7  -4
7  -5
7  -3
7  -5
7  -3
7  -2
7  -4
7  -4
7  -1
7  -2
7  -3
7  -5
7  -1
7  -3
7  -1
7  -4
7  -5
7  -5
7  -4
7  -5
7  -4
7  -1
7  -5
7  -2
7  -2
7  -4
7  -5
7  -5
7  -3
7  -1
7  -2
7  -2
7  -4
7  -3
7  -2
7  -5
7  -3
7  -2
7  -4
7  -3
7  -5
7  -4
7  -2
7  -3
7  -3
7  -4
7  -1
7  -3
7  -2
7  -4
7  -3
7  -3
7  -4
7  -5
7  -1
7  -4
7  -2
7  -2
7  -1
7  -3
7  -4
7  -2
7  -3
7  -4
7  -2
7  -5
7  -2
7  -3
7  -1
7  -1
7  -1
7  -3
7  -1
7  -3
7  -1
7  -4
7  -1
7  -3
7  -2
7  -4
7  -1
7  -5
7  -4
7  -5
7  -4
7  -3
7  -3
7  -5
7  -5
7  -4
7  -4
7  -2
7  -5
7  -4
7  -4
7  -2
7  -1
7  -2
7  -5
7  -2
7  -1
7  -2
7  -2
7  -2
7  -3
7  -3
7  -5
7  -3
7  -2
7  -2
7  -1
7  -2
7  -5
7  -1
7  -3
7  -4
7  -3
7  -2
7  -2
7  -1
7  -5
7  -5
7  -2
7  -3
7  -4
7  -4
7  -1
7  -3
7  -2
7  -3
7  -4
7  -2
7  -5
7  -4
7  -3
7  -3
7  -5
7  -5
7  -5
7  -5
7  -5
7  -1
7  -1
