1  3
1  2
1  3
1  2
1  4
1  2
1  2
1  3
1  4
1  3
1  2
1  2
1  2
1  2
1  4
1  2
1  2
1  4
1  4
1  2
1  4
1  4
1  2
1  3
1  3
1  3
1  4
1  3
1  4
1  4
1  3
1  2
1  2
1  3
1  2
1  3
1  2
1  2
1  3
1  4
1  4
1  3
1  2
1  4
1  3
1  4
1  4
1  4
1  3
1  4
1  2
1  3
1  4
1  2
1  4
1  2
1  2
1  3
1  4
1  3
1  2
1  2
1  3
1  3
1  4
1  3
1  4
1  3
1  2
1  4
1  4
1  3
1  2
1  4
1  4
1  2
1  3
1  3
1  3
1  4
1  2
1  4
1  4
1  4
1  2
1  4
1  3
1  4
1  4
1  4
1  4
1  3
1  4
2  2
2  0
2  1
2  2
2  2
2  1
2  2
2  2
2  2
2  2
2  2
2  2
2  1
2  2
2  0
2  1
2  2
2  2
2  1
2  2
2  0
2  2
2  2
2  2
2  0
2  1
2  2
2  2
2  1
2  0
2  2
2  0
2  1
2  1
2  2
2  2
2  2
2  2
2  0
2  2
2  0
2  0
2  0
2  2
2  0
2  0
2  1
2  0
2  1
2  1
2  2
2  1
2  0
2  2
2  2
2  0
2  1
2  1
2  0
2  1
2  0
2  2
2  0
2  2
2  1
2  2
2  2
2  2
2  2
2  2
2  1
2  2
2  0
2  2
2  1
2  0
2  2
2  1
2  0
2  2
2  0
2  2
2  2
2  1
2  2
2  1
2  1
2  0
2  1
2  0
2  1
2  2
2  2
2  0
2  0
2  0
2  1
2  0
2  0
2  0
2  2
2  1
2  1
2  0
2  2
2  1
2  1
2  0
2  0
2  2
2  0
2  0
2  0
2  1
2  0
2  1
2  0
2  2
2  0
2  2
2  1
2  0
2  2
2  0
2  0
2  2
2  1
2  1
2  2
2  1
2  0
2  0
2  0
2  0
2  1
2  1
2  0
2  1
2  2
2  0
2  2
2  0
2  2
2  0
2  0
2  0
2  2
2  1
2  2
2  2
2  2
2  0
2  1
2  1
3  -2
3  0
3  -1
3  0
3  0
3  -1
3  0
3  -2
3  -1
3  -2
3  -1
3  -1
3  0
3  -1
3  -2
3  -1
3  -2
3  -1
3  0
3  -2
3  0
3  -1
3  -2
3  -2
3  -1
3  -2
3  0
3  -1
3  -2
3  -2
3  0
3  -2
3  0
3  0
3  -2
3  0
3  0
3  -1
3  -1
3  -1
3  0
3  0
3  -2
3  -2
3  0
3  0
3  0
3  -1
3  0
3  -2
3  0
3  -2
3  0
3  0
3  0
3  -1
3  0
3  0
3  0
3  0
3  -2
3  0
3  -1
3  -1
3  -2
3  0
3  0
3  -1
3  -1
3  -2
3  0
3  -1
3  -2
3  -1
3  0
3  -1
3  -1
3  0
3  -1
3  -1
3  0
3  0
3  0
3  0
3  -1
3  -1
3  -2
3  0
3  -1
3  -2
3  0
3  -2
3  -2
3  0
3  0
3  -1
3  -1
3  0
3  -1
3  -2
3  -2
3  0
3  0
3  -2
3  -1
3  -1
3  0
3  -1
3  -2
3  -2
3  -1
4  -1
4  -1
4  0
4  1
4  -1
4  0
4  1
4  0
4  -1
4  0
4  0
4  1
4  -1
4  1
4  1
4  1
4  0
4  1
4  -1
5  3
5  4
5  5
5  5
5  3
5  4
5  5
5  4
5  3
5  4
5  4
5  3
5  4
5  3
5  5
5  5
5  5
5  5
5  4
5  3
5  4
5  3
5  5
5  4
5  5
5  4
5  5
5  5
5  5
5  4
5  5
5  5
5  4
5  4
5  5
5  4
5  4
5  5
5  5
5  3
5  5
5  3
5  5
5  3
5  3
5  5
5  3
5  4
5  3
5  3
5  3
5  4
5  3
5  3
5  3
5  5
5  4
5  4
5  4
5  5
5  5
5  4
5  3
5  3
5  3
5  5
5  4
5  4
5  5
5  3
5  4
5  4
5  5
5  5
5  4
5  3
5  3
5  3
5  4
5  3
5  4
5  4
5  3
5  5
5  3
5  5
5  5
5  3
5  4
5  3
5  4
5  5
5  5
5  3
5  3
5  4
5  4
5  3
5  4
5  5
5  4
5  5
5  5
5  5
5  4
5  3
5  3
5  3
5  4
5  3
5  5
5  5
5  3
5  5
5  4
5  4
5  5
5  4
5  5
5  4
5  4
5  5
5  5
5  4
5  5
5  5
5  3
5  5
5  4
5  5
5  3
5  4
5  3
5  3
5  3
5  5
5  3
5  3
5  3
5  5
5  3
5  3
5  5
5  3
5  3
5  5
5  5
5  5
5  4
5  5
5  4
5  4
5  5
5  4
5  3
5  4
6  -2
6  -3
6  -4
6  -4
6  -3
6  -4
6  -2
6  -4
6  -4
6  -2
6  -3
6  -4
6  -2
6  -4
6  -3
6  -2
6  -4
6  -4
6  -4
6  -3
6  -2
6  -3
6  -3
6  -4
6  -4
6  -2
6  -3
6  -2
6  -2
6  -4
6  -2
6  -4
6  -4
6  -4
6  -3
6  -4
6  -3
6  -4
6  -2
6  -4
6  -3
6  -4
6  -2
6  -2
6  -3
6  -2
6  -4
6  -2
6  -2
6  -2
6  -2
6  -4
6  -3
7  -2
7  -4
7  -2
7  -2
7  -4
7  -2
7  -3
7  -4
7  -2
7  -2
7  -2
7  -2
7  -3
7  -4
7  -2
7  -2
7  -3
7  -3
7  -3
7  -3
7  -2
7  -3
7  -2
7  -3
7  -2
7  -4
7  -3
7  -4
7  -4
7  -3
7  -3
7  -4
7  -2
7  -4
7  -2
7  -3
7  -4
7  -3
7  -2
7  -4
7  -3
7  -3
7  -4
7  -4
7  -3
7  -3
7  -3
7  -2
7  -2
7  -3
7  -4
7  -3
7  -2
7  -4
7  -4
7  -2
7  -4
7  -4
7  -3
7  -4
7  -4
7  -4
7  -2
7  -2
7  -3
7  -3
7  -4
7  -4
7  -2
7  -3
7  -3
7  -2
7  -3
7  -3
8  -7
8  -6
8  -8
8  -6
8  -7
8  -7
8  -6
8  -7
8  -8
8  -6
8  -6
8  -6
8  -7
8  -7
8  -6
8  -8
8  -7
8  -7
8  -6
8  -6
8  -8
8  -8
8  -7
8  -6
8  -6
8  -8
8  -7
8  -7
8  -8
8  -6
8  -7
8  -6
8  -6
8  -8
8  -7
8  -7
8  -8
8  -6
8  -8
8  -6
8  -7
8  -8
8  -7
8  -8
8  -7
8  -7
8  -7
8  -6
8  -7
8  -6
8  -8
8  -7
8  -8
8  -8
8  -7
8  -8
8  -8
8  -7
8  -6
8  -6
8  -6
8  -8
8  -7
8  -7
8  -6
8  -8
8  -7
8  -6
8  -6
8  -7
8  -6
8  -8
8  -6
8  -7
8  -7
8  -7
8  -8
8  -7
8  -8
8  -7
8  -6
8  -8
8  -6
8  -6
8  -8
8  -7
8  -6
8  -7
8  -8
8  -7
8  -6
8  -7
8  -8
8  -6
8  -7
8  -8
8  -8
8  -8
8  -6
8  -7
8  -8
8  -6
8  -6
8  -6
8  -7
8  -8
8  -8
8  -7
8  -6
8  -6
8  -7
8  -6
8  -7
8  -7
8  -6
8  -6
8  -7
8  -8
8  -8
8  -6
8  -7
8  -7
8  -7
8  -6
8  -8
8  -7
8  -6
8  -7
8  -8
8  -6
8  -7
8  -6
8  -6
8  -7
8  -6
8  -8
8  -8
8  -7
8  -7
8  -6
8  -8
8  -6
8  -6
8  -8
8  -8
8  -8
8  -8
8  -7
8  -7
8  -6
8  -7
8  -8
8  -7
8  -8
8  -8
8  -7
8  -7
8  -8
8  -6
8  -8
8  -6
8  -8
8  -8
8  -8
8  -8
8  -7
8  -6
8  -6
8  -6
8  -8
8  -6
8  -6
8  -8
8  -8
8  -7
8  -8
8  -8
8  -7
8  -6
8  -7
8  -8
8  -8
8  -6
8  -6
8  -8
8  -6
8  -6
8  -8
8  -6
8  -8
8  -6
8  -6
8  -7
8  -7
8  -8
8  -8
8  -7
8  -7
8  -8
8  -6
8  -6
8  -7
8  -7
8  -6
8  -8
8  -6
8  -6
8  -7
8  -7
8  -8
8  -7
8  -8
8  -6
8  -6
8  -6
8  -7
8  -7
8  -7
8  -8
8  -6
8  -6
8  -7
8  -8
8  -6
8  -7
8  -6
9  -4
9  -5
9  -5
9  -4
9  -3
9  -5
9  -3
9  -4
9  -3
9  -3
9  -4
9  -3
9  -5
9  -4
9  -3
9  -5
9  -3
9  -4
9  -5
9  -4
9  -4
9  -4
9  -3
9  -5
9  -5
9  -4
9  -5
9  -3
9  -5
9  -4
9  -4
9  -4
9  -5
9  -5
9  -4
9  -4
9  -3
9  -5
9  -3
9  -4
9  -3
9  -4
9  -3
9  -3
9  -5
9  -4
9  -3
9  -4
9  -4
9  -5
9  -5
9  -3
9  -5
9  -5
9  -3
9  -5
9  -5
9  -5
9  -4
9  -5
9  -3
9  -3
9  -3
9  -4
9  -4
9  -3
9  -4
9  -3
9  -4
9  -5
9  -3
9  -4
9  -5
9  -5
9  -4
9  -5
9  -3
9  -4
9  -3
9  -5
9  -3
9  -3
9  -3
9  -5
9  -4
9  -4
9  -4
9  -4
9  -3
9  -3
9  -4
9  -5
9  -4
9  -3
9  -5
9  -5
9  -3
9  -3
9  -5
9  -3
9  -5
9  -5
9  -3
9  -5
9  -4
9  -5
9  -3
9  -3
9  -4
9  -4
9  -5
9  -5
9  -5
9  -5
