1  11
1  6
1  0
1  3
1  9
1  -1
1  -2
1  -2
1  6
1  10
1  8
1  3
1  11
1  4
1  3
1  0
1  5
1  6
1  -1
1  1
1  -2
1  6
1  10
1  6
1  -2
1  7
1  2
1  1
1  -1
1  9
1  -2
1  0
1  8
1  -1
1  12
1  8
1  4
1  10
1  12
1  8
1  5
1  9
1  11
1  12
1  -2
1  1
1  -2
1  2
1  6
1  2
1  9
1  10
1  -1
1  9
1  12
1  9
1  -2
1  12
1  8
1  8
1  3
1  9
1  5
1  12
1  0
1  2
1  8
1  9
1  5
1  6
1  7
1  7
1  8
1  0
1  4
1  9
1  12
1  8
1  10
1  12
1  4
1  10
1  8
1  11
1  8
1  2
1  8
1  7
1  -1
1  11
1  5
1  -2
1  5
1  4
1  3
1  6
1  9
1  -1
1  6
1  5
1  4
1  -1
1  11
1  0
1  -2
1  1
1  6
1  -1
1  6
1  -2
1  11
1  2
1  7
1  5
1  3
1  8
1  3
1  3
1  9
1  12
1  10
1  0
1  11
1  5
1  10
1  6
1  3
1  11
1  8
1  -1
1  9
1  11
1  10
1  4
1  1
1  3
1  8
1  5
1  -2
1  9
1  6
1  12
1  5
1  7
1  9
1  -2
1  7
1  8
1  -2
1  10
1  -2
1  3
1  12
1  5
1  3
1  9
1  1
1  0
1  8
1  6
1  10
1  9
1  1
1  3
1  12
1  12
1  -2
1  2
1  6
1  6
1  6
1  7
1  -2
1  11
1  3
1  3
1  8
1  10
1  6
1  6
1  1
1  1
1  0
1  -2
1  5
1  -2
1  1
1  8
1  6
1  10
1  5
1  8
1  0
1  12
1  -1
1  9
1  0
1  1
1  6
1  9
1  3
1  -1
1  9
1  6
1  3
1  6
1  12
1  8
1  6
1  10
1  2
1  2
1  -1
1  7
1  -1
1  11
1  -2
1  10
1  8
1  6
1  5
1  5
1  9
1  7
1  8
1  1
1  10
1  0
1  3
1  0
1  10
1  11
1  -1
1  11
1  4
1  8
1  0
1  -1
1  9
1  7
1  2
1  5
1  3
1  10
1  1
1  3
1  4
1  3
1  10
1  1
2  9
2  1
2  4
2  5
2  2
2  6
2  8
2  5
2  6
2  13
2  7
2  2
2  9
2  2
2  8
2  13
2  3
2  13
2  5
2  1
2  2
2  2
2  8
2  7
2  9
2  1
2  9
2  7
2  5
2  5
2  7
2  2
3  -9
3  -8
3  -1
3  -2
3  -5
3  -2
3  -3
3  -5
3  4
3  -2
3  4
3  4
3  3
3  0
3  -9
3  -4
3  -6
3  -1
3  -7
3  -3
3  -3
3  -7
3  -3
3  -4
3  -4
3  -3
3  -3
3  -4
3  0
3  1
3  -1
3  2
3  3
3  -3
3  -9
3  2
3  -8
3  -3
3  -6
3  5
3  -8
3  -9
3  0
3  -7
3  5
3  -7
3  1
3  2
3  -6
3  -2
3  -9
3  -1
3  0
3  5
4  7
4  -1
4  3
4  8
4  2
4  11
4  -1
4  4
4  3
4  6
4  2
4  4
4  8
4  10
4  5
4  1
4  12
4  4
4  -1
4  4
4  12
4  -1
4  5
4  12
4  6
4  9
4  7
4  -2
4  10
4  -1
4  5
4  8
4  9
4  9
4  9
4  -2
4  7
4  10
4  4
4  12
4  8
4  5
4  1
4  9
4  4
4  8
4  3
4  -2
4  6
4  4
4  8
4  5
4  5
4  8
4  8
4  1
4  10
4  -1
4  12
4  0
4  7
4  11
4  3
4  1
4  6
4  12
4  11
4  11
4  12
4  12
4  5
4  9
4  8
4  2
4  1
4  12
4  7
4  7
4  4
4  -2
4  4
4  7
4  10
4  11
4  10
4  -1
4  7
4  1
4  3
4  4
4  3
4  12
4  -2
4  5
4  1
4  -1
4  2
4  -1
4  12
4  -2
4  9
4  10
4  7
4  -1
4  11
4  -1
4  5
4  11
4  2
4  12
4  12
4  10
4  7
4  12
4  9
4  7
4  0
4  -1
4  10
4  -1
4  1
4  -2
4  3
4  -2
4  8
4  0
4  -2
4  6
4  10
4  -2
4  5
4  3
4  12
4  3
4  3
4  0
4  -1
4  2
4  -2
4  9
4  5
4  6
4  2
4  12
4  10
4  12
4  12
4  4
4  6
4  12
4  1
4  7
4  2
4  -1
4  2
4  8
4  8
4  9
4  5
4  -2
4  2
4  2
4  8
4  -1
4  0
4  -1
4  5
4  5
4  8
4  11
4  5
4  5
4  3
4  7
4  12
4  3
4  11
4  10
4  -1
4  9
4  5
4  1
4  6
4  8
4  12
4  -1
4  -1
4  11
4  11
4  12
4  2
4  10
4  -2
4  4
4  8
4  4
4  0
4  9
4  4
4  2
4  10
4  -1
4  2
4  11
4  -2
4  12
4  -2
4  10
4  0
4  -2
4  -1
4  3
4  9
4  10
4  6
4  9
4  10
4  1
4  2
4  7
4  1
4  6
4  12
4  -1
4  10
4  6
4  7
4  7
4  -2
4  -2
4  9
4  3
4  7
4  9
4  6
4  5
4  7
4  -1
4  9
4  5
4  3
4  11
4  0
4  9
4  9
4  9
4  1
4  5
4  8
4  -2
4  8
4  1
4  6
4  1
4  -1
4  5
4  -1
4  9
4  8
4  10
4  9
4  -2
4  1
4  2
4  4
4  1
4  5
4  12
4  3
4  -1
4  3
4  4
4  9
5  -6
5  -8
5  -10
5  -3
5  -11
5  -13
5  -14
5  -14
5  0
5  -11
5  -6
5  -8
5  -4
5  -2
5  -8
5  -2
5  0
5  -5
5  -2
5  -4
5  -4
5  -3
5  -1
5  -11
5  -11
5  -2
5  -11
5  -13
5  -9
5  0
5  -9
5  -14
5  -6
5  -11
5  -9
5  -14
5  -10
5  -3
5  0
5  -10
5  0
5  -2
5  -4
5  -5
5  -8
5  -5
5  -2
5  -4
5  -12
5  -6
5  -8
5  -14
5  -9
5  -11
5  -3
5  -1
5  -11
5  -9
5  -14
5  -6
5  -4
5  -5
5  -13
5  -5
5  -2
5  -6
5  -6
5  0
5  -11
5  -11
5  -10
5  -4
5  -4
6  -1
6  12
6  11
6  4
6  13
6  7
6  -1
6  13
6  1
6  2
6  -1
6  1
6  5
6  3
6  1
6  5
6  5
6  4
6  8
6  1
6  1
6  1
6  7
6  2
6  5
6  0
6  7
6  5
6  7
6  11
6  11
6  8
6  0
6  9
6  9
6  6
6  11
6  6
6  0
6  2
6  5
6  5
6  2
6  -1
6  12
6  4
6  0
6  7
6  11
6  7
6  10
6  11
6  -1
6  0
6  1
6  5
6  8
6  12
6  13
6  4
6  8
6  13
6  2
6  11
6  3
6  13
6  0
6  7
6  13
6  8
6  0
6  8
6  2
6  3
6  1
6  0
6  10
6  4
6  8
6  5
6  6
6  4
6  12
6  3
6  11
6  6
6  0
6  3
6  11
6  8
6  3
6  12
6  7
6  12
6  1
6  5
6  3
6  -1
6  5
6  7
6  8
6  7
6  13
6  10
6  4
6  -1
6  1
6  7
6  0
6  11
6  -1
6  1
6  6
6  0
6  2
6  8
6  12
6  4
6  6
6  -1
6  12
6  4
6  10
6  7
6  4
6  11
6  12
6  3
6  11
6  12
6  7
6  10
6  12
6  7
6  4
6  3
6  9
6  6
6  3
6  2
6  0
6  11
6  11
6  11
6  12
6  0
6  6
6  6
6  7
6  4
6  12
6  -1
6  6
6  8
6  1
6  -1
6  0
6  9
6  5
6  11
6  4
6  11
6  -1
6  8
6  2
6  4
6  0
6  4
6  11
6  -1
6  4
6  3
6  9
6  9
6  7
6  7
6  13
6  5
6  12
6  13
6  3
6  2
6  1
6  5
6  12
6  10
6  8
6  8
6  12
6  11
6  9
6  0
6  -1
6  0
6  6
6  6
6  0
6  13
6  3
6  4
6  12
6  7
6  -1
6  3
6  5
6  8
6  10
6  13
6  9
6  3
6  0
6  3
6  7
6  6
6  10
6  1
6  13
6  12
6  2
6  6
6  9
6  7
6  11
6  1
6  3
6  2
6  10
6  12
6  11
6  9
6  12
6  8
6  11
6  10
6  11
6  11
6  11
6  2
6  12
6  0
6  11
6  5
6  5
6  -1
6  2
6  10
6  4
6  6
6  10
6  9
6  10
6  7
6  -1
6  7
6  6
6  4
6  11
6  8
6  2
6  6
6  3
6  11
6  6
6  10
6  5
6  -1
6  4
6  10
6  7
6  12
6  4
6  0
7  -2
7  0
7  -11
7  -11
7  0
7  -4
7  -2
7  -1
7  -2
7  -11
7  -6
7  -10
7  -11
7  -12
7  -9
7  0
7  1
7  -2
7  -4
7  -5
7  0
7  -8
7  0
7  -1
7  -6
7  -6
7  -10
7  -7
7  -13
7  -6
7  -4
7  -5
7  -10
7  -9
7  -4
7  0
7  -3
7  -9
7  -7
7  -8
7  -13
7  -5
7  -12
7  -2
7  -6
7  -7
