1  8
1  3
1  5
1  2
1  7
1  2
1  7
1  5
1  2
1  5
1  6
1  8
1  4
1  4
1  3
1  3
1  7
1  6
1  5
1  8
1  4
1  5
1  7
1  6
1  3
1  6
1  8
1  3
1  8
1  5
1  7
1  4
1  6
1  2
1  4
1  8
1  7
1  2
1  3
1  8
1  8
1  3
1  3
1  4
1  6
1  8
1  7
1  2
1  3
1  8
1  4
1  8
1  7
1  6
1  5
1  7
1  7
1  6
1  7
1  2
1  7
1  4
1  5
1  8
1  2
1  5
1  3
1  2
1  4
1  6
1  3
1  2
1  8
1  5
1  7
1  6
1  3
1  3
1  2
1  7
1  6
1  8
1  2
1  8
1  8
1  8
1  6
1  7
1  8
1  8
1  8
1  6
1  5
1  3
1  2
1  6
1  3
1  3
1  7
1  3
1  4
1  8
1  3
1  5
1  7
1  5
1  7
1  4
1  4
1  3
1  8
1  2
1  7
1  8
1  5
1  3
1  7
1  6
1  8
1  6
1  3
1  4
1  3
1  5
1  2
1  5
1  3
1  3
1  2
1  5
1  6
1  6
1  5
1  5
2  -5
2  -6
2  -4
2  -8
2  -9
2  -5
2  -10
2  -7
2  -8
2  -9
2  -5
2  -10
2  -7
2  -5
2  -8
2  -5
2  -10
2  -6
2  -8
2  -10
2  -10
2  -4
2  -8
2  -6
2  -5
2  -10
2  -7
2  -7
2  -10
2  -10
2  -4
2  -8
2  -9
2  -6
2  -8
2  -7
2  -6
2  -8
2  -9
2  -8
2  -8
2  -4
2  -7
2  -8
2  -9
2  -10
2  -4
2  -4
2  -6
2  -6
2  -4
2  -7
2  -6
2  -7
2  -4
2  -9
2  -6
2  -10
2  -9
2  -4
2  -6
2  -9
2  -5
2  -7
2  -8
2  -7
2  -9
2  -8
2  -4
2  -10
3  3
3  5
3  4
3  2
3  2
3  2
3  4
3  6
3  2
3  2
3  7
3  6
3  6
3  2
3  6
3  4
3  5
3  6
3  6
3  2
3  4
3  2
3  6
3  3
3  1
3  6
3  7
3  5
3  3
3  7
3  5
3  3
3  7
3  1
3  2
3  2
3  1
3  2
3  3
3  2
3  3
3  4
3  3
3  5
3  1
3  2
3  5
3  2
3  2
3  7
3  3
3  4
3  5
3  5
3  2
3  4
3  6
3  7
3  3
3  4
3  4
3  6
3  7
3  4
3  1
3  5
3  2
3  2
3  4
3  6
3  7
3  5
3  6
3  3
3  3
3  1
3  5
3  4
3  1
3  1
3  3
3  6
3  1
3  6
3  7
3  1
3  6
3  5
3  6
3  7
3  6
3  6
3  1
3  2
3  1
3  3
3  4
3  6
3  7
3  2
3  7
3  5
3  4
3  1
3  6
3  2
3  3
3  4
3  2
3  6
3  3
3  2
3  6
3  3
3  1
3  3
3  6
3  3
3  3
3  5
3  4
3  2
3  5
3  7
3  4
3  2
3  1
3  5
3  2
3  2
3  4
3  1
3  4
3  3
3  2
3  2
3  3
3  7
3  4
3  4
3  7
3  1
3  1
3  2
3  3
3  2
4  1
4  -3
4  -4
4  0
4  -2
4  -4
4  1
4  -5
4  -5
4  -5
4  -5
4  -4
4  -2
4  -3
4  -4
4  -2
4  -5
4  1
4  -4
4  1
4  -1
4  -3
4  -4
4  -5
4  1
4  1
4  -1
4  -1
4  -4
4  -3
4  0
4  -4
4  1
4  -1
4  -3
4  1
4  0
4  -5
4  -1
4  1
4  -3
4  1
4  -3
4  0
4  -3
4  -1
4  1
4  -4
4  -2
4  -1
4  -3
4  1
4  -5
4  1
4  1
4  -1
4  -5
4  -3
4  -5
4  -5
4  -1
4  -5
4  -2
5  2
5  3
5  0
5  2
5  4
5  0
5  2
5  -2
5  1
5  1
5  1
5  -2
5  3
5  2
5  3
5  2
5  -2
5  -1
5  4
5  -2
5  0
5  -2
5  -1
5  2
5  1
5  1
5  2
5  1
5  2
5  0
5  1
5  2
5  1
5  1
5  -2
5  3
5  1
5  3
5  -2
5  -1
5  -2
5  3
5  0
5  0
5  2
5  -1
5  4
5  -2
5  3
5  2
5  0
5  -2
5  3
5  2
5  4
5  4
5  -1
5  3
5  2
5  1
5  0
5  0
5  1
5  4
5  -2
5  -2
5  4
5  -1
5  1
5  -2
5  2
5  -1
5  4
5  1
5  4
5  1
5  4
5  0
5  -1
5  -1
5  -2
5  2
5  -2
5  0
5  0
5  2
5  0
5  3
5  -2
5  4
5  2
5  1
5  -2
5  1
5  3
5  -1
5  3
5  0
5  0
5  4
5  -2
5  0
5  2
5  3
5  2
5  0
5  3
5  0
5  -1
5  3
5  0
5  -1
5  4
5  3
5  2
5  4
5  1
5  -2
5  3
5  -2
5  3
5  1
5  2
5  1
5  3
5  1
5  2
5  4
5  3
5  -1
5  2
5  0
5  4
5  2
5  -1
5  4
5  3
5  3
5  -2
5  -1
5  4
5  2
5  1
5  -1
5  1
5  3
5  4
5  0
5  2
5  -2
5  -1
5  -1
5  2
5  4
5  2
5  4
5  1
5  2
5  1
5  4
5  0
5  4
5  -1
5  0
5  -1
5  4
5  -1
5  1
5  2
5  -1
5  1
5  -2
5  0
5  0
5  2
5  4
5  1
5  -2
5  -2
5  0
5  0
5  -1
5  3
5  -2
5  -1
5  -1
5  0
5  -1
5  3
5  0
5  3
5  0
5  4
5  4
5  -2
6  -6
6  -5
6  -10
6  -5
6  -4
6  -9
6  -5
6  -4
6  -9
6  -5
6  -10
6  -7
6  -7
6  -7
6  -6
6  -10
6  -5
6  -10
7  5
7  2
7  3
7  6
7  1
7  1
7  4
7  0
7  5
7  5
7  3
7  6
7  0
7  0
7  5
7  4
7  5
7  1
7  4
8  7
8  8
8  9
8  4
8  6
8  5
8  6
8  4
8  7
8  8
8  8
8  6
8  10
8  6
8  9
8  7
8  9
8  10
8  7
8  10
8  4
8  6
8  6
8  5
8  6
8  4
8  4
8  6
8  6
8  9
8  6
8  8
8  10
8  8
8  6
8  10
8  5
8  5
8  8
8  6
8  6
8  6
8  8
8  4
8  8
8  10
8  10
8  4
8  8
8  9
8  10
8  6
8  5
8  5
8  10
8  8
8  5
8  9
8  7
8  7
8  5
8  6
8  9
8  10
8  7
8  9
8  8
8  8
8  7
8  10
8  6
8  4
8  8
8  5
8  7
8  6
8  6
8  7
8  9
8  7
8  5
8  7
8  6
8  9
8  10
8  8
8  7
8  8
8  9
8  9
8  8
8  8
8  6
8  6
8  6
8  6
8  5
8  8
8  10
8  10
8  7
8  8
8  6
8  8
8  9
8  5
8  8
8  6
8  7
8  8
8  7
8  8
8  4
8  4
8  4
8  7
8  9
8  10
8  5
8  9
8  5
8  7
8  6
9  -1
9  -3
9  -7
9  -7
9  -2
9  -1
9  -7
9  -6
9  -3
9  -5
9  -5
9  -7
9  -3
9  -7
9  -7
9  -3
9  -5
9  -2
9  -7
9  -6
9  -2
9  -7
9  -4
9  -7
9  -2
9  -6
9  -6
9  -4
9  -5
9  -5
9  -5
9  -4
9  -5
9  -5
9  -7
9  -7
9  -2
9  -3
9  -3
9  -2
9  -5
9  -3
9  -3
9  -5
9  -6
9  -1
10  1
10  5
10  -1
10  1
10  4
10  4
10  -1
10  0
10  -1
10  5
10  4
10  1
10  0
10  -1
10  2
10  -1
10  0
10  -1
10  2
10  -1
10  0
10  1
10  5
10  2
10  4
10  3
10  0
10  5
10  3
10  5
10  3
10  2
10  4
10  0
10  0
10  3
10  3
10  0
10  5
10  2
10  2
10  3
10  1
10  4
10  1
10  1
10  3
10  5
10  4
10  5
10  5
10  -1
10  5
10  -1
10  -1
10  5
10  4
10  0
10  4
10  0
10  4
10  1
10  2
10  4
10  0
10  -1
10  2
10  0
10  5
10  1
10  3
10  5
10  1
10  3
10  4
10  0
10  0
10  1
10  3
10  0
10  5
10  2
10  5
10  5
10  -1
10  -1
10  0
10  5
10  -1
10  5
10  -1
10  3
10  3
10  -1
10  0
10  2
10  4
10  2
10  5
10  5
10  -1
10  2
10  3
10  0
10  3
10  1
10  0
10  5
10  5
10  2
10  4
10  0
10  0
10  0
10  0
10  -1
10  1
10  0
10  2
10  1
10  -1
10  -1
10  3
10  5
10  5
10  2
10  1
10  5
10  5
10  3
10  0
10  5
10  -1
10  0
10  -1
10  1
10  1
10  2
10  -1
10  0
10  3
10  1
10  4
10  1
10  -1
10  2
10  1
10  0
10  -1
10  3
10  -1
10  4
10  5
10  0
10  5
10  -1
10  0
10  0
10  -1
10  1
10  1
10  2
10  5
10  0
10  -1
10  5
10  -1
10  -1
10  1
10  0
10  4
10  0
10  3
10  2
10  5
10  0
10  1
10  2
10  1
10  1
10  0
10  4
10  4
10  4
10  3
10  -1
