1  4
1  5
1  3
1  5
1  5
1  4
1  4
1  5
1  5
1  5
1  5
1  4
1  3
1  5
1  5
1  5
1  5
1  3
1  3
1  5
1  3
1  4
1  3
1  3
1  5
1  4
1  5
1  5
1  3
1  5
1  5
1  4
1  4
1  4
1  4
1  5
1  5
1  5
1  3
1  4
1  4
1  3
1  4
1  3
1  3
1  4
1  5
1  4
1  3
1  5
2  7
2  6
2  7
2  7
2  7
2  5
2  5
2  7
2  5
2  7
2  6
2  6
2  6
2  6
2  5
2  7
2  7
2  6
2  5
2  5
2  7
2  7
2  6
2  6
2  7
2  6
2  5
2  6
2  7
2  6
2  5
2  7
2  5
2  5
2  5
2  6
2  7
2  6
2  7
2  5
2  5
2  5
2  7
2  7
2  6
2  5
2  5
2  5
2  5
2  6
2  6
2  6
2  5
2  5
2  5
2  6
2  5
2  7
2  6
2  5
2  5
2  5
2  6
2  6
2  5
2  6
2  5
2  6
2  5
2  5
2  6
2  7
2  6
2  5
2  7
2  7
2  5
2  7
2  6
2  6
2  5
2  5
2  6
3  -1
3  1
3  1
3  -1
3  -1
3  0
3  0
3  0
3  -1
3  1
3  1
3  0
3  0
3  0
3  0
3  1
3  0
3  -1
3  0
3  0
3  -1
3  0
3  -1
3  0
3  0
3  0
3  0
3  -1
3  -1
3  -1
3  0
3  0
3  0
3  -1
3  1
3  1
3  0
3  0
3  -1
3  1
3  1
3  0
3  1
3  1
3  0
3  -1
3  0
3  -1
3  0
3  0
3  0
3  -1
3  1
3  0
3  1
3  1
3  0
3  1
3  0
3  0
3  1
3  0
3  1
3  -1
3  0
3  1
3  0
3  1
3  1
3  -1
3  1
3  1
3  1
3  1
3  -1
3  1
3  1
3  0
3  0
3  1
3  1
3  0
3  -1
3  -1
3  -1
3  -1
3  -1
3  -1
3  1
3  1
4  4
4  4
4  3
4  3
4  3
4  3
4  5
4  3
4  3
4  5
4  3
4  3
4  4
4  4
4  3
4  5
4  3
4  5
4  4
4  4
4  4
4  3
4  4
4  4
4  3
4  5
4  5
4  3
4  3
4  4
4  5
4  3
4  3
4  3
5  0
5  -2
5  0
5  -2
5  -1
5  0
5  -2
5  0
5  -2
5  0
5  -1
5  -1
5  -1
5  0
5  -2
5  0
5  0
5  -1
5  -1
5  -2
5  -1
5  -1
5  -1
5  -1
5  0
5  0
5  -1
5  -2
5  0
5  -1
5  0
5  0
5  -2
5  -2
5  -1
5  -1
5  -2
5  -2
5  0
5  0
5  -2
5  -1
5  -2
5  0
5  0
5  -2
5  0
5  -2
5  -1
5  -1
5  -2
5  -1
5  0
5  -1
5  -2
5  -2
5  -2
5  0
5  -1
5  -1
5  -2
5  -2
5  0
5  -2
5  -1
5  -1
5  -2
5  -1
5  -1
5  -1
5  -2
5  0
5  -2
5  -1
5  -1
5  -2
5  -2
5  0
5  -2
5  -2
5  -1
5  0
5  -1
5  -1
5  -1
5  0
5  0
5  -1
5  0
5  -1
5  -2
5  0
5  0
5  -2
5  0
5  -2
5  -2
5  -2
5  -1
5  0
5  -1
5  0
5  -2
5  -1
5  -2
5  -1
5  -2
5  -1
5  -1
5  -1
5  -2
5  -1
5  0
5  -2
5  0
5  -1
5  -2
5  -2
5  -2
5  -2
5  -1
5  -2
5  0
5  0
5  0
5  -1
5  0
5  -1
5  0
5  -2
5  -2
5  -1
5  0
5  -1
5  0
5  -1
5  0
5  -2
5  -2
5  -1
5  -2
5  -2
6  -3
6  -5
6  -5
6  -4
6  -3
6  -3
6  -3
6  -4
6  -4
6  -5
6  -5
6  -4
6  -5
6  -5
6  -5
6  -3
6  -4
6  -3
6  -3
6  -4
6  -4
6  -5
6  -5
6  -3
6  -4
6  -4
6  -3
6  -5
6  -5
6  -4
6  -3
6  -3
6  -3
6  -5
6  -4
6  -4
6  -5
6  -5
6  -3
6  -5
6  -3
6  -5
6  -3
6  -5
6  -4
6  -3
6  -4
6  -4
6  -5
6  -4
6  -4
6  -5
6  -5
6  -3
6  -5
6  -3
6  -4
6  -5
6  -5
6  -5
6  -3
6  -5
6  -5
6  -5
6  -4
6  -3
6  -4
6  -5
6  -3
6  -5
6  -4
6  -3
6  -4
6  -3
6  -3
6  -5
6  -4
6  -5
6  -3
6  -5
6  -3
6  -5
6  -4
6  -5
6  -5
6  -5
6  -3
6  -5
6  -4
6  -4
6  -5
6  -3
6  -5
6  -3
6  -3
6  -5
6  -5
6  -4
6  -5
6  -5
6  -4
6  -4
6  -5
6  -5
6  -3
6  -5
6  -5
6  -3
6  -3
6  -4
6  -4
6  -4
6  -4
6  -3
6  -5
6  -4
6  -5
6  -4
6  -3
6  -5
6  -3
6  -4
6  -3
6  -5
6  -4
6  -5
6  -3
6  -4
6  -5
6  -5
6  -3
6  -5
6  -3
6  -3
6  -4
6  -3
6  -5
6  -3
6  -4
6  -5
6  -3
6  -4
6  -3
6  -5
6  -3
6  -3
6  -4
6  -5
6  -3
6  -5
6  -5
6  -3
6  -5
6  -4
6  -3
6  -5
6  -5
6  -5
6  -5
6  -4
6  -4
6  -4
6  -4
6  -5
6  -4
7  -4
7  -5
7  -6
7  -5
7  -5
7  -5
7  -4
7  -6
7  -5
7  -5
7  -5
7  -4
7  -5
7  -4
7  -5
7  -6
7  -4
7  -4
7  -5
7  -6
7  -5
7  -5
7  -6
7  -5
7  -6
7  -6
7  -6
7  -4
8  -3
8  -3
8  -1
8  -2
8  -2
8  -2
8  -1
8  -3
8  -1
8  -2
8  -3
8  -3
8  -3
8  -1
8  -3
8  -1
8  -3
8  -1
8  -3
8  -3
8  -3
8  -3
8  -2
8  -1
8  -2
8  -3
8  -2
8  -3
8  -1
8  -3
8  -1
8  -3
8  -2
8  -3
8  -1
8  -3
8  -3
8  -1
8  -2
8  -2
8  -3
8  -1
8  -1
8  -1
8  -3
8  -2
8  -2
8  -3
8  -3
8  -2
8  -2
8  -2
8  -1
8  -3
8  -1
8  -3
8  -3
8  -3
8  -2
8  -2
8  -1
8  -3
8  -2
8  -1
8  -2
8  -1
8  -2
8  -1
8  -3
8  -3
8  -3
8  -3
8  -3
8  -1
8  -1
8  -3
8  -2
8  -1
8  -1
8  -2
8  -2
8  -3
8  -3
8  -3
8  -3
8  -3
8  -1
8  -2
8  -3
8  -2
8  -3
8  -1
8  -3
8  -1
8  -1
8  -2
8  -2
8  -2
8  -1
8  -2
8  -3
8  -2
8  -3
8  -3
8  -2
8  -1
8  -3
8  -3
8  -1
8  -1
8  -2
8  -2
8  -3
8  -3
8  -1
8  -1
8  -2
8  -3
8  -3
8  -2
8  -2
8  -1
8  -3
8  -3
8  -2
8  -1
8  -1
8  -1
8  -1
8  -3
8  -1
8  -2
8  -2
8  -2
8  -1
8  -2
8  -3
8  -1
8  -2
8  -1
8  -2
8  -3
8  -3
8  -3
8  -2
8  -3
8  -1
8  -3
8  -3
8  -1
8  -1
8  -1
8  -3
8  -1
8  -2
8  -1
8  -2
8  -3
8  -3
8  -3
8  -1
8  -1
8  -2
8  -3
8  -2
8  -3
8  -2
8  -1
8  -2
8  -3
8  -3
8  -1
8  -1
8  -1
8  -2
9  -8
9  -7
9  -6
9  -6
9  -6
9  -7
9  -8
9  -7
9  -6
9  -6
9  -8
9  -7
9  -8
9  -8
9  -7
9  -7
9  -7
9  -6
9  -6
9  -6
9  -8
9  -7
9  -8
9  -7
9  -8
9  -6
9  -7
9  -7
9  -8
9  -7
9  -7
9  -7
9  -7
9  -8
9  -7
9  -7
9  -8
9  -6
9  -7
9  -6
9  -7
9  -6
9  -6
9  -7
9  -7
9  -6
9  -7
9  -7
9  -8
9  -6
9  -6
9  -6
9  -8
9  -6
9  -8
9  -7
9  -7
9  -6
9  -8
9  -7
9  -8
9  -6
9  -7
9  -6
9  -8
9  -8
9  -7
9  -8
9  -8
9  -7
9  -7
9  -7
9  -7
9  -8
9  -8
9  -6
9  -6
9  -6
9  -6
9  -6
9  -6
9  -7
9  -8
9  -6
9  -7
9  -8
9  -8
9  -6
9  -8
9  -7
9  -7
9  -6
9  -8
9  -7
9  -7
9  -8
9  -7
9  -8
9  -7
9  -6
9  -7
9  -7
9  -6
9  -6
9  -6
9  -6
9  -7
9  -6
9  -6
9  -7
9  -7
9  -7
9  -8
9  -6
9  -7
9  -6
9  -8
9  -7
9  -7
9  -6
9  -6
9  -6
9  -6
9  -8
9  -7
9  -7
9  -6
9  -6
9  -6
9  -6
9  -6
9  -7
9  -7
9  -8
9  -6
9  -8
10  -4
10  -4
10  -5
10  -5
10  -3
10  -3
10  -3
10  -5
10  -5
10  -4
10  -3
10  -3
10  -3
10  -4
10  -3
10  -3
10  -3
10  -5
10  -3
10  -4
10  -3
10  -5
10  -4
10  -5
10  -4
10  -4
10  -3
10  -5
10  -4
10  -3
10  -3
10  -3
10  -3
10  -4
10  -5
10  -5
10  -3
10  -3
10  -3
10  -5
10  -4
10  -4
10  -4
10  -4
10  -5
10  -3
10  -5
10  -3
10  -3
10  -3
10  -5
10  -3
10  -3
10  -3
10  -5
10  -4
10  -4
10  -5
10  -4
10  -5
10  -4
10  -4
10  -3
10  -3
10  -4
10  -3
10  -5
10  -5
10  -5
10  -4
10  -3
10  -5
10  -5
10  -3
10  -5
10  -3
10  -3
10  -4
10  -5
10  -3
10  -5
10  -5
10  -4
10  -4
10  -5
10  -4
10  -4
10  -4
10  -3
10  -3
10  -3
10  -3
10  -3
10  -4
10  -3
10  -5
10  -3
