1  2
1  0
1  3
1  3
1  -7
1  5
1  -2
1  -4
1  3
1  7
1  -3
1  -1
1  -2
1  -7
1  2
1  -4
1  1
1  7
1  -5
1  -7
1  -7
1  5
1  0
1  7
1  7
1  -4
1  6
1  4
1  4
1  -3
1  -7
1  -7
1  -6
1  -6
1  -3
1  2
1  -1
1  -7
1  -6
1  6
1  -2
1  3
1  0
1  -6
1  -7
1  3
1  -3
1  4
1  -6
1  -6
1  -5
1  7
1  0
1  2
1  -7
1  -3
1  0
1  7
1  2
1  3
1  6
1  2
1  1
1  -5
1  3
1  -3
1  -7
1  5
1  7
1  4
1  2
1  3
1  2
1  -7
1  7
1  2
1  5
1  5
1  -1
1  -4
1  0
1  6
1  7
1  4
1  -3
1  7
1  -1
1  -5
1  5
1  3
1  4
1  -2
1  1
1  -6
1  -7
1  0
1  6
1  -7
1  6
1  7
1  3
1  7
1  -3
1  -6
1  -1
1  0
1  -1
1  5
1  -4
1  2
1  3
1  -5
1  -3
1  -3
1  -5
1  -2
1  7
1  0
1  -5
1  -2
1  5
1  6
1  -4
1  -4
1  6
1  6
1  7
1  -6
1  -5
1  -5
1  -2
1  1
1  -1
1  -4
1  -1
1  -6
1  -6
1  -1
1  -3
1  -1
1  -1
1  1
1  2
1  6
1  1
1  -1
1  5
1  2
1  7
1  -1
1  -7
1  5
1  6
1  2
1  -3
1  1
1  7
1  -5
1  -6
1  -6
1  -2
1  1
1  0
1  6
1  7
1  2
1  0
1  0
1  -1
1  -7
1  2
1  -7
1  -4
1  -4
1  4
1  4
1  0
1  -3
1  1
1  4
1  -2
1  -4
2  -8
2  -6
2  -10
2  -4
2  -5
2  -9
2  -9
2  -2
2  0
2  -10
2  0
2  -6
2  -13
2  -3
2  -4
2  -7
2  -10
2  -7
2  -10
2  -3
2  -13
2  -10
2  0
2  -12
2  -4
2  -8
2  -7
2  -1
2  -2
2  -5
2  -2
2  0
2  -12
2  -2
2  -5
2  -5
2  -9
2  -4
2  0
2  -9
2  -9
2  -13
2  0
2  -4
2  -13
2  -11
2  -4
2  0
2  -3
2  -9
2  -5
2  -9
2  -2
2  -13
2  -12
2  -3
2  -11
2  -11
2  -7
2  -2
2  -14
2  -6
2  -4
2  -8
2  -3
2  -10
2  -3
2  -1
2  -13
2  -1
2  -8
2  -8
2  -1
2  -6
2  -1
2  -14
2  -11
2  -6
2  -14
2  -12
2  -7
2  0
2  -4
2  -1
2  -14
2  -4
2  -10
2  -5
2  -13
2  -4
2  -6
2  -2
2  -11
2  -3
2  -10
2  0
2  -13
2  -5
2  -7
2  -5
2  -10
2  0
2  -13
2  -2
2  -9
2  -5
2  -13
2  -1
2  -14
2  -10
2  -10
2  -8
2  -10
2  0
2  0
2  -13
2  -1
2  -8
2  -7
2  -12
2  -6
2  -13
2  -8
2  -14
2  -12
2  -5
2  -6
2  -1
2  -11
2  0
2  -7
2  -9
2  -14
2  -9
2  -14
2  -13
2  -7
2  -10
2  -4
2  -3
2  -4
2  -2
2  -9
2  -5
2  -3
2  0
2  -3
2  0
2  -13
2  -6
2  -10
2  -7
2  -8
2  -12
2  -13
2  -14
2  -3
2  -8
2  -13
2  -12
2  -7
2  -9
2  -5
2  -7
2  -11
2  -11
2  -1
2  -2
2  -2
2  -8
2  -2
2  -10
2  -11
2  -4
2  -10
2  -9
2  -3
2  -6
2  -11
2  0
2  -11
2  -13
2  -13
2  -12
2  -6
2  -12
2  -4
2  -9
2  -12
2  -3
2  -1
2  -13
2  -12
2  -4
2  -12
2  -13
2  -2
2  -7
2  -2
2  -4
2  -4
2  -6
2  -4
2  -7
2  -3
2  -12
2  -9
2  -2
2  -5
2  -7
2  -4
2  0
2  -11
2  -3
2  -12
2  0
2  -3
2  -13
2  -5
2  -2
2  -4
2  -3
2  -4
2  -1
2  -3
2  -2
2  -10
2  -2
2  -4
2  -12
2  -8
2  -13
2  -13
2  -13
2  -2
2  -13
2  -12
2  -2
2  -4
2  -10
2  -6
2  -1
2  -3
2  -11
2  -2
2  -10
2  0
2  -6
2  -9
2  -10
2  -12
2  -5
2  -7
2  -12
2  0
2  -4
2  -3
2  -7
2  0
2  -12
2  -9
2  -2
2  -11
2  -7
2  -1
2  -10
2  -13
2  -14
2  -2
2  -14
2  -13
2  -13
2  -14
2  -12
2  -2
2  -3
2  -3
2  -3
2  -5
2  -14
2  -4
2  -9
2  -11
2  -11
2  -2
2  -9
2  -5
2  -4
2  -7
2  -9
2  -9
2  -2
2  -5
2  -2
2  -10
2  -6
2  0
2  -13
2  -14
2  -14
2  -9
2  -9
2  -12
2  -5
2  -2
2  -5
2  -13
2  -2
2  -7
2  -6
2  -8
2  -4
2  -6
2  -9
2  -1
2  -14
2  -13
2  -4
2  -7
2  -7
2  0
2  -8
2  -4
2  -5
2  -1
2  -9
2  -4
2  -7
2  -3
2  -10
2  -1
2  -9
2  -6
2  0
2  -14
2  -3
2  0
2  -7
2  -14
2  -10
2  -1
2  0
2  -6
3  10
3  4
3  13
3  12
3  10
3  11
3  0
3  3
3  11
3  1
3  7
3  9
3  1
3  3
3  3
3  -1
3  8
3  6
3  2
3  5
3  0
3  5
3  1
3  13
3  0
3  10
3  9
3  4
3  11
3  10
3  6
3  5
3  9
3  7
3  13
3  1
3  0
3  2
3  11
3  3
3  -1
3  13
3  4
3  7
3  8
3  -1
3  3
3  -1
3  7
3  9
3  8
3  10
3  2
3  12
3  7
3  9
3  -1
3  8
3  2
3  1
3  2
3  9
3  5
3  12
3  12
3  7
3  -1
3  -1
3  12
3  5
3  3
3  9
3  9
3  11
3  5
3  12
3  5
3  -1
3  13
3  9
3  12
3  12
3  -1
3  0
3  1
3  2
3  11
3  5
3  7
3  5
3  0
3  13
3  9
3  13
3  3
3  4
3  12
3  8
3  9
3  2
3  -1
3  8
3  1
3  2
3  13
3  13
3  3
3  3
3  10
3  13
3  1
3  -1
3  1
3  -1
3  5
3  1
3  1
3  13
3  9
3  11
3  8
3  5
3  12
3  0
3  1
3  8
3  3
3  7
3  4
3  3
3  -1
3  12
3  -1
3  12
3  7
3  13
3  6
3  4
3  1
3  1
3  13
4  2
4  11
4  11
4  10
4  8
4  4
4  11
4  -2
4  0
4  0
4  11
4  -3
4  9
4  4
4  3
4  -3
4  1
4  0
4  5
4  -2
4  -1
4  -2
4  -1
4  8
4  -2
4  -3
4  -2
4  9
4  -1
4  9
4  0
4  -3
4  0
4  0
4  -1
4  3
4  7
4  5
4  8
4  8
4  8
4  6
4  1
4  4
4  1
4  -3
4  0
4  4
4  11
4  -2
4  -2
4  -1
4  1
4  8
4  11
5  -8
5  -11
5  0
5  -1
5  -9
5  2
5  -2
5  -12
5  0
5  -12
5  -2
5  -8
5  -2
5  -3
5  -8
5  -7
5  2
5  -5
5  -3
5  -5
5  -1
5  -1
5  -3
5  -10
5  -6
5  -2
5  -8
5  -5
5  2
5  -2
5  -12
5  -3
5  -1
5  -3
5  -4
5  -7
5  -10
5  -8
5  -3
5  -4
5  -10
5  -4
5  -2
5  -3
5  -9
5  -2
5  -8
5  -12
5  -8
5  0
5  1
5  -8
5  1
5  0
5  0
5  -8
5  -7
5  -2
5  2
5  1
5  -5
5  -10
5  -6
5  -9
5  -1
5  -1
5  -12
5  -9
5  1
5  -5
5  -3
5  -1
5  -10
5  -12
5  1
5  -1
5  0
5  -12
5  -6
5  -2
5  -3
5  -8
5  -12
5  -10
5  -7
5  -4
5  -10
5  -7
5  -9
5  -1
5  -6
5  0
5  -7
5  0
5  -1
5  -2
5  -3
5  -2
5  0
5  -3
5  -1
5  -11
5  -12
5  -4
5  -2
5  0
5  -6
5  -2
5  2
5  -8
5  -4
5  -5
5  -10
5  -11
5  -4
5  -2
5  -10
5  -7
5  -9
5  0
5  -1
5  -12
5  -8
5  -2
5  -1
5  -2
5  -5
5  -1
5  -4
5  -8
5  0
5  -8
5  -8
5  -9
5  2
5  -3
5  -12
5  -8
5  -9
5  -9
5  -2
5  2
5  -12
5  -10
5  -2
5  -2
5  -6
5  -9
5  -9
5  -5
5  -12
5  2
5  -8
5  -11
5  -3
5  -12
5  -9
5  -2
5  0
5  -5
5  -12
5  2
5  -1
5  1
5  -10
5  2
5  -3
5  -2
5  -5
5  -12
5  -10
5  -4
5  -8
5  -8
5  -6
5  1
5  -7
5  -7
5  -7
5  -8
5  -10
5  0
5  -2
5  2
5  -1
5  -5
5  -8
5  -9
5  -8
5  -8
5  0
5  -12
5  -5
5  -9
5  0
5  -3
5  -6
5  -3
5  -8
5  2
5  -5
5  -5
5  -2
5  -10
5  -5
5  -6
5  -9
5  -10
5  -6
5  -4
5  -1
5  -3
5  -9
5  -4
5  2
5  -5
6  -6
6  -6
6  1
6  -10
6  -5
6  -3
6  -1
6  -9
6  -4
6  3
6  -6
6  -4
6  -1
6  3
6  0
6  -9
6  -2
6  -5
6  -6
6  3
6  2
6  -11
6  -6
6  2
6  -8
6  3
6  3
6  -8
6  -1
6  -8
6  3
6  3
6  2
6  1
6  2
6  -5
6  -10
6  -7
6  2
6  -4
6  -10
6  -3
6  -4
6  1
6  0
6  2
6  1
6  -8
6  -6
6  2
6  -3
6  -6
6  -8
6  -1
6  -5
6  3
6  -4
6  -7
6  -2
6  -5
6  -3
6  -5
6  0
