1  -5
1  -10
1  -8
1  -10
1  -7
1  -4
1  -5
1  -5
1  -7
1  -4
1  -10
1  -5
1  -9
1  -8
1  -9
1  -6
1  -8
1  -7
1  -7
1  -10
1  -8
1  -10
1  -6
1  -4
1  -10
1  -5
1  -6
1  -6
1  -9
1  -5
1  -8
1  -5
1  -6
1  -7
1  -10
1  -9
1  -9
1  -7
1  -4
1  -6
1  -5
1  -9
1  -4
1  -7
1  -4
1  -9
1  -8
1  -8
1  -7
1  -8
1  -10
1  -5
1  -9
1  -5
1  -4
1  -5
1  -8
1  -6
1  -8
1  -10
1  -7
1  -8
1  -4
1  -4
1  -6
1  -7
1  -5
1  -6
1  -6
1  -10
1  -9
1  -4
1  -5
1  -4
1  -10
1  -8
1  -4
1  -4
1  -7
1  -8
1  -9
1  -8
1  -8
1  -9
1  -8
1  -4
1  -8
1  -10
1  -10
1  -10
1  -6
1  -5
1  -5
1  -9
1  -10
1  -10
1  -9
1  -10
1  -9
1  -5
1  -5
1  -4
1  -8
1  -8
1  -6
1  -5
1  -5
1  -5
1  -6
1  -9
1  -8
1  -9
1  -5
1  -9
1  -4
1  -10
1  -6
1  -10
1  -5
1  -7
1  -9
1  -4
1  -4
1  -6
1  -7
1  -7
1  -10
1  -9
1  -5
1  -9
1  -7
1  -9
1  -8
1  -5
1  -9
1  -7
1  -8
1  -7
1  -9
1  -5
1  -6
1  -7
1  -7
1  -10
1  -6
1  -8
1  -5
1  -4
1  -9
1  -5
1  -8
1  -4
1  -5
1  -8
1  -7
1  -4
1  -9
1  -7
1  -4
1  -9
1  -6
1  -4
1  -7
1  -5
1  -4
1  -7
1  -9
1  -8
1  -9
1  -5
1  -6
1  -5
1  -4
1  -9
1  -9
1  -5
1  -10
1  -9
1  -4
1  -4
1  -7
1  -10
1  -6
1  -5
1  -9
2  2
2  -1
2  4
2  5
2  3
2  5
2  5
2  3
2  4
2  0
2  4
2  0
2  -1
2  1
2  5
2  1
2  4
2  2
2  0
2  2
2  4
2  5
2  -1
2  3
2  3
2  1
2  3
2  0
2  1
2  -1
2  1
2  2
2  1
2  3
2  4
2  3
2  3
2  4
2  2
2  4
2  1
2  3
2  2
2  -1
2  3
2  1
2  -1
2  3
2  1
2  3
2  5
2  4
2  3
2  5
2  3
2  1
2  3
2  2
2  0
2  3
2  0
2  0
2  3
2  5
2  4
2  0
2  5
2  2
2  4
2  5
2  2
2  1
2  0
2  0
2  2
2  1
2  -1
2  5
2  0
2  1
2  5
2  3
2  4
2  2
2  0
2  -1
2  0
2  0
2  -1
2  1
2  4
2  -1
2  5
2  3
2  3
2  3
2  1
2  1
2  -1
2  2
2  3
2  3
2  1
2  3
2  4
2  1
2  -1
2  3
2  4
3  -2
3  -3
3  -2
3  -2
3  -2
3  0
3  0
3  2
3  1
3  -1
3  -4
3  0
3  -1
3  -2
3  -2
3  -3
3  -1
3  -3
3  -3
3  1
3  -2
3  1
3  0
3  -3
3  -1
3  0
3  2
3  -1
3  1
3  -1
3  -2
3  -3
3  0
3  1
3  2
3  -4
3  -4
3  -2
3  1
3  -1
3  2
3  0
3  -3
3  -2
3  0
3  -4
3  2
3  -4
3  1
3  -3
3  -4
3  -2
3  -4
3  -3
3  2
3  0
3  -3
3  2
3  -2
3  -4
3  1
3  -2
3  2
3  -4
3  -4
3  -1
3  1
3  -2
3  -2
3  -3
3  1
3  -1
3  2
3  2
3  -3
3  1
3  2
3  1
3  -3
3  -1
3  0
3  1
3  -1
3  2
3  2
3  0
3  1
3  2
3  -3
3  2
3  1
3  2
3  1
3  0
3  1
3  0
3  0
3  1
3  -2
3  1
3  -2
3  1
3  0
3  -2
3  -1
3  -4
3  -4
3  -3
3  -2
3  -1
3  0
3  -3
3  -2
3  2
3  2
3  0
3  2
3  1
3  -3
3  -4
3  1
3  0
3  -1
3  0
3  -2
3  -2
3  -2
3  -4
3  -2
3  0
3  -1
3  2
3  1
3  -2
3  -2
3  -2
3  -4
3  -4
3  0
3  -3
3  -2
3  -1
3  2
3  -2
3  -2
3  -2
3  -2
3  2
3  -4
3  0
3  1
3  -3
3  -3
3  0
3  -1
3  -3
3  -2
3  -4
3  -3
3  0
3  2
3  -2
3  -3
3  -1
3  -2
3  -4
3  -3
3  2
3  -1
3  -1
3  -2
3  -3
3  -1
3  0
3  -4
3  -4
3  1
3  -1
3  0
3  -4
3  0
3  -1
3  -1
3  1
3  0
3  0
3  -4
3  1
3  0
3  -1
3  1
3  -1
3  0
3  -4
3  1
3  -4
3  -1
3  -1
3  -4
3  -2
3  2
3  -1
3  -3
3  1
3  -3
3  2
3  1
3  0
3  -4
3  1
3  1
3  -4
3  -4
3  -1
3  -1
3  -4
3  0
3  2
3  -2
3  -3
3  0
3  -2
3  0
3  2
3  -4
3  1
3  0
3  2
3  -2
3  -3
3  1
3  -1
3  -3
3  2
3  0
3  0
3  0
3  1
3  -1
3  -2
3  -1
3  -3
3  1
3  -4
3  1
3  -3
3  -1
3  1
3  -3
3  -3
3  -3
3  -1
3  -2
3  1
3  -2
3  -3
3  0
3  0
3  0
3  1
3  -3
3  -1
3  2
3  2
3  0
3  2
3  -4
3  -3
3  -2
3  0
3  1
3  -4
3  0
3  -2
3  2
3  -4
3  -2
3  -2
3  -4
3  2
3  -4
3  -1
3  2
3  -1
3  0
3  -2
3  -3
3  0
3  0
3  -4
3  0
3  -2
3  1
3  -4
3  0
3  -1
3  2
3  0
3  -1
3  -4
3  2
3  -3
3  -4
3  -1
3  -2
3  0
3  -2
3  -1
3  -1
3  -1
3  2
3  -3
3  0
3  -4
3  2
3  0
3  2
3  -4
3  -3
3  -2
3  -3
3  -2
3  -2
3  -1
3  2
3  -2
3  2
3  -4
3  0
3  0
3  -2
3  -2
3  -2
3  2
3  -4
3  -4
3  0
3  -3
3  2
3  -1
3  -2
3  1
3  -3
3  -3
3  0
3  1
3  2
3  0
3  -3
3  -1
3  2
3  -3
3  -4
3  1
3  0
3  -2
3  -4
3  1
3  0
3  -1
3  2
3  -4
3  0
3  1
3  -2
3  -1
3  2
3  1
3  -3
3  -1
3  -4
3  -3
3  -3
3  2
3  2
3  0
3  -3
3  -4
3  -2
3  0
3  -3
3  0
3  2
3  -2
3  -3
3  -4
3  -2
3  -2
3  2
3  -3
3  -1
3  -1
3  0
4  -10
4  -5
4  -8
4  -5
4  -10
4  -5
4  -7
4  -7
4  -6
4  -7
4  -9
4  -5
4  -7
4  -6
4  -6
4  -8
4  -7
4  -7
4  -6
4  -8
4  -9
4  -9
4  -10
4  -7
4  -7
4  -6
4  -5
4  -4
4  -6
4  -5
4  -6
4  -10
4  -10
4  -4
4  -5
4  -7
4  -7
4  -5
4  -10
4  -6
4  -7
4  -5
4  -6
4  -7
4  -9
4  -4
4  -5
4  -6
4  -4
4  -8
4  -4
4  -10
4  -6
4  -7
4  -4
4  -7
4  -8
4  -7
4  -4
4  -4
4  -10
4  -9
4  -8
4  -7
4  -5
4  -7
4  -8
4  -5
4  -10
4  -9
4  -8
4  -7
4  -6
4  -8
4  -8
4  -10
4  -8
4  -9
4  -10
4  -7
4  -10
4  -4
4  -10
4  -5
4  -10
4  -8
4  -10
4  -4
4  -5
4  -5
4  -6
4  -7
4  -8
4  -9
4  -8
4  -7
4  -8
4  -10
4  -6
4  -4
4  -9
4  -9
4  -7
4  -7
4  -10
4  -6
4  -5
4  -5
4  -10
4  -9
4  -10
4  -9
4  -4
4  -8
4  -8
4  -8
4  -7
4  -6
4  -4
4  -5
4  -5
4  -4
4  -8
4  -7
4  -9
4  -9
4  -6
4  -5
4  -8
4  -4
4  -8
4  -9
4  -9
4  -10
4  -9
4  -5
4  -7
4  -7
4  -6
4  -9
4  -5
4  -7
4  -7
4  -6
4  -6
4  -10
4  -9
4  -9
4  -6
4  -8
4  -9
4  -7
4  -7
4  -10
4  -9
4  -10
4  -8
4  -7
4  -9
4  -9
4  -9
4  -5
4  -9
4  -5
4  -8
4  -8
4  -4
4  -4
4  -8
4  -4
4  -7
4  -7
4  -10
4  -7
4  -6
4  -6
4  -10
4  -4
4  -4
4  -6
4  -4
4  -8
4  -7
4  -4
4  -4
4  -7
4  -10
4  -4
4  -5
4  -10
4  -4
4  -4
4  -6
4  -9
4  -9
4  -10
4  -5
4  -5
4  -8
4  -4
4  -10
4  -7
4  -9
4  -5
4  -9
4  -8
4  -6
4  -6
4  -10
4  -9
4  -10
4  -5
4  -6
4  -5
4  -4
4  -9
4  -8
4  -5
4  -7
4  -8
4  -9
4  -5
4  -8
4  -10
4  -4
4  -6
4  -10
4  -7
4  -9
4  -5
4  -8
4  -5
4  -7
4  -6
4  -4
4  -9
4  -9
4  -8
4  -6
4  -4
4  -7
4  -5
4  -9
4  -10
4  -4
4  -4
4  -9
4  -9
4  -4
4  -10
4  -8
4  -6
4  -10
4  -4
4  -7
4  -6
4  -9
4  -4
4  -7
4  -4
4  -4
4  -9
4  -7
4  -4
4  -8
4  -4
4  -4
4  -8
4  -9
4  -5
4  -9
4  -7
4  -7
4  -9
4  -5
4  -8
4  -10
4  -10
4  -7
4  -4
4  -4
4  -5
4  -8
4  -5
4  -5
4  -9
4  -7
4  -4
4  -7
4  -4
4  -8
4  -10
4  -5
4  -8
4  -8
4  -8
4  -10
4  -8
4  -6
4  -9
4  -8
4  -5
4  -8
4  -10
4  -5
4  -9
4  -9
4  -6
4  -7
4  -10
4  -6
4  -4
4  -8
