1  2
1  -1
1  2
1  3
1  1
1  0
1  0
1  -1
1  0
1  -1
1  1
1  0
1  0
1  1
1  -1
1  1
1  1
1  3
1  0
1  1
1  0
1  3
1  1
1  0
1  -1
1  3
1  3
1  -1
1  3
1  -1
1  -1
1  0
1  0
1  -1
1  2
1  -1
1  0
1  2
1  0
1  1
1  -1
1  -1
1  0
1  -1
1  0
1  2
1  -1
1  2
1  2
1  1
1  -1
1  2
1  0
1  2
1  2
1  1
1  2
1  2
1  0
1  3
1  2
1  3
1  2
1  1
1  -1
1  -1
1  3
1  3
1  3
1  2
1  3
1  3
1  -1
1  0
1  2
1  2
1  2
1  3
1  -1
1  0
1  3
1  1
1  1
1  1
1  -1
1  2
1  1
1  0
1  1
1  -1
1  3
1  2
1  1
1  -1
1  -1
1  -1
1  -1
1  1
1  -1
1  -1
1  1
1  3
1  1
1  1
1  2
1  -1
1  -1
1  3
1  -1
1  2
1  2
1  0
1  1
1  -1
1  -1
1  2
1  -1
1  -1
1  3
1  0
1  -1
1  3
1  1
1  1
1  0
1  1
1  2
1  1
1  3
1  -1
1  2
1  -1
1  0
1  -1
1  -1
1  1
1  1
1  2
1  2
1  1
1  1
1  1
1  -1
1  3
1  1
1  1
1  1
1  1
1  0
1  1
1  1
1  1
1  3
1  -1
1  1
1  1
1  -1
2  3
2  0
2  1
2  1
2  1
2  -1
2  -1
2  2
2  2
2  2
2  2
2  0
2  0
2  -1
2  0
2  1
2  2
2  1
2  1
2  1
2  -1
2  2
2  0
2  3
2  -1
2  -1
2  0
2  -1
2  0
2  2
2  3
2  2
2  3
2  3
2  2
2  1
2  0
2  1
2  -1
2  1
2  3
2  2
2  1
2  1
2  3
2  1
2  3
2  -1
2  0
2  1
2  3
2  1
2  0
2  1
2  0
2  3
2  1
2  2
2  3
2  1
2  1
2  -1
2  0
2  -1
2  -1
2  1
2  0
2  3
2  0
2  0
2  3
2  3
2  1
2  2
2  0
2  3
2  0
2  2
2  2
2  1
2  -1
2  -1
2  2
2  0
2  0
2  3
2  1
2  1
2  2
2  3
2  2
2  1
2  1
2  -1
2  -1
2  0
2  2
2  0
2  -1
2  -1
2  2
2  1
2  1
2  1
2  -1
2  3
2  3
2  2
2  1
2  1
2  1
2  0
2  0
2  -1
2  -1
2  -1
2  -1
2  2
2  2
2  1
2  2
2  0
2  1
2  2
2  0
2  -1
2  1
2  3
2  -1
2  3
2  1
2  3
2  0
2  2
2  1
2  -1
2  -1
2  2
2  -1
2  3
2  0
2  2
2  2
2  3
2  -1
2  2
2  0
2  1
2  -1
2  2
2  2
2  0
2  2
2  0
2  3
2  1
2  -1
2  2
2  0
2  3
2  2
2  -1
2  3
2  0
2  -1
2  3
2  0
2  3
2  0
2  2
2  1
2  0
2  3
2  -1
2  1
2  2
2  1
2  -1
2  0
2  1
2  0
2  -1
2  0
2  -1
2  3
2  3
2  -1
2  3
2  -1
2  0
2  3
3  -5
3  -4
3  -5
3  -5
3  -8
3  -7
3  -7
3  -7
3  -8
3  -4
3  -6
3  -5
3  -4
3  -6
3  -6
3  -8
3  -7
3  -5
3  -5
3  -5
3  -5
3  -8
3  -8
3  -5
3  -7
3  -8
3  -8
3  -5
3  -6
3  -4
3  -8
3  -4
3  -6
3  -6
3  -5
3  -7
3  -4
3  -5
3  -4
3  -7
3  -4
3  -4
3  -8
3  -4
3  -7
3  -5
3  -4
3  -8
3  -7
3  -5
3  -5
3  -4
3  -8
3  -7
3  -6
3  -4
3  -5
3  -8
3  -4
3  -8
3  -7
3  -6
3  -7
3  -5
3  -6
3  -8
3  -8
3  -4
3  -6
3  -6
3  -8
3  -6
3  -8
3  -8
3  -7
3  -5
3  -4
3  -5
3  -6
3  -7
3  -6
3  -5
3  -7
3  -6
3  -6
3  -8
3  -7
3  -6
3  -8
3  -6
3  -5
3  -7
3  -5
3  -4
3  -5
3  -7
3  -5
3  -6
3  -8
3  -7
3  -8
3  -4
3  -5
3  -5
3  -8
3  -8
3  -6
3  -5
3  -8
3  -6
3  -5
3  -6
3  -8
3  -4
3  -6
3  -6
3  -8
3  -6
3  -5
3  -5
3  -8
3  -6
3  -7
3  -6
3  -4
3  -6
3  -6
3  -5
3  -6
3  -4
3  -7
3  -7
3  -8
3  -8
3  -5
3  -8
3  -5
3  -5
3  -7
3  -7
3  -5
3  -7
3  -5
3  -8
3  -5
3  -6
3  -5
3  -5
3  -5
3  -5
3  -5
3  -6
3  -8
3  -6
3  -5
3  -8
3  -8
3  -5
3  -4
3  -5
3  -8
3  -4
3  -8
3  -4
3  -6
3  -8
3  -8
3  -6
3  -4
3  -5
3  -7
3  -5
3  -4
3  -8
3  -4
3  -6
3  -6
3  -6
3  -4
3  -8
3  -8
3  -5
3  -8
3  -5
3  -8
3  -6
3  -6
3  -7
3  -7
3  -5
3  -8
3  -8
3  -5
3  -5
3  -4
3  -5
3  -6
3  -6
3  -5
3  -5
3  -6
3  -5
3  -6
3  -4
3  -5
3  -4
3  -6
3  -4
3  -8
3  -6
3  -7
3  -7
3  -7
3  -7
3  -4
3  -8
3  -5
3  -7
3  -8
3  -7
3  -5
3  -8
3  -4
3  -5
3  -5
3  -6
3  -7
3  -5
3  -4
3  -8
3  -4
3  -6
3  -5
3  -8
3  -5
3  -7
3  -4
3  -8
3  -4
3  -5
3  -6
3  -8
3  -4
3  -5
3  -5
3  -8
3  -5
3  -7
3  -6
3  -7
3  -6
3  -7
3  -7
3  -6
3  -6
3  -8
3  -6
3  -4
3  -8
3  -6
3  -8
3  -7
3  -5
3  -8
3  -8
3  -8
3  -5
3  -8
3  -5
3  -4
3  -7
3  -8
3  -5
3  -6
3  -7
3  -4
3  -8
3  -5
3  -5
3  -6
3  -7
3  -7
4  -9
4  -5
4  -8
4  -7
4  -6
4  -7
4  -6
4  -9
4  -8
4  -8
4  -6
4  -7
4  -7
4  -6
4  -8
4  -5
4  -8
4  -8
4  -8
4  -6
4  -5
4  -8
4  -9
4  -8
4  -6
4  -9
4  -7
4  -8
4  -7
4  -7
4  -8
4  -8
4  -5
4  -7
4  -5
4  -6
4  -9
4  -5
4  -6
4  -8
4  -8
4  -6
4  -9
4  -7
4  -7
4  -5
4  -8
4  -6
4  -6
4  -7
4  -7
4  -7
4  -9
4  -7
4  -8
4  -6
4  -8
4  -5
4  -6
4  -5
4  -6
4  -7
4  -7
4  -8
4  -8
4  -9
4  -8
4  -7
4  -6
4  -9
4  -9
4  -7
4  -5
4  -5
4  -6
4  -6
4  -9
4  -8
4  -9
4  -6
4  -5
4  -9
4  -6
4  -5
4  -7
4  -7
4  -7
4  -8
4  -6
4  -6
4  -5
4  -7
4  -8
4  -7
4  -7
4  -5
4  -6
4  -7
4  -5
4  -9
4  -8
4  -9
4  -7
4  -5
4  -9
4  -7
4  -5
4  -9
4  -8
4  -9
4  -9
4  -6
4  -6
4  -7
4  -8
4  -6
4  -6
4  -8
4  -9
4  -6
4  -7
4  -8
4  -9
4  -8
4  -5
4  -5
4  -7
4  -9
4  -8
4  -7
4  -7
4  -9
4  -6
4  -5
4  -7
4  -9
4  -6
4  -5
4  -7
4  -8
4  -8
4  -7
4  -9
4  -9
4  -5
4  -8
4  -6
4  -8
4  -9
4  -7
4  -7
4  -9
4  -9
4  -6
4  -7
4  -8
4  -9
4  -7
4  -5
4  -6
4  -7
4  -5
4  -9
4  -5
4  -6
4  -5
4  -5
4  -5
4  -8
4  -7
4  -6
4  -5
4  -6
4  -5
4  -9
4  -7
4  -5
4  -9
4  -6
4  -5
4  -9
4  -9
4  -7
4  -5
4  -7
4  -7
4  -9
4  -7
4  -7
4  -9
4  -6
4  -7
4  -6
4  -9
4  -8
4  -7
4  -6
4  -9
4  -7
4  -8
4  -6
4  -5
4  -8
4  -6
4  -9
4  -9
4  -9
4  -8
4  -8
4  -9
4  -6
4  -6
4  -9
4  -5
4  -9
4  -5
4  -7
4  -6
4  -8
4  -7
4  -5
4  -5
4  -6
4  -8
4  -6
4  -7
4  -5
4  -9
4  -5
4  -7
4  -8
4  -7
4  -9
4  -7
4  -8
4  -5
4  -7
4  -5
4  -9
4  -6
4  -6
4  -7
4  -9
4  -9
4  -5
4  -8
4  -6
5  -5
5  -2
5  -6
5  -3
5  -5
5  -6
5  -2
5  -3
5  -3
5  -6
5  -6
5  -4
5  -2
5  -4
5  -2
5  -6
5  -5
5  -6
5  -5
5  -3
5  -3
5  -5
5  -4
5  -4
5  -2
5  -4
5  -6
5  -6
5  -3
5  -3
5  -2
5  -4
5  -4
5  -5
5  -6
5  -4
5  -5
5  -6
5  -3
5  -2
5  -5
5  -5
5  -2
5  -5
5  -2
5  -4
5  -3
5  -2
5  -4
5  -5
5  -4
5  -4
5  -4
5  -3
5  -3
5  -2
5  -5
5  -5
5  -3
5  -3
5  -5
5  -3
5  -2
5  -6
5  -3
5  -3
5  -2
5  -2
5  -2
5  -3
5  -6
5  -2
5  -4
5  -3
5  -6
5  -2
5  -2
5  -2
5  -2
5  -2
5  -4
5  -6
5  -3
5  -4
5  -6
5  -3
5  -3
5  -3
5  -4
5  -6
5  -4
5  -6
5  -4
5  -2
5  -3
5  -5
5  -6
5  -6
5  -3
5  -2
5  -5
5  -2
5  -5
5  -5
5  -4
5  -3
5  -3
5  -2
5  -2
5  -3
5  -2
5  -2
5  -3
5  -5
5  -4
5  -6
5  -3
5  -6
5  -6
5  -2
5  -5
5  -2
5  -2
