1  -1
1  1
1  1
1  1
1  -1
1  0
1  0
1  -1
1  0
1  1
1  1
1  0
1  1
1  1
1  0
1  0
1  -1
1  0
1  1
1  1
1  0
1  1
1  0
1  -1
1  0
1  0
1  -1
1  -1
1  1
1  0
1  -1
1  0
1  0
1  -1
1  0
1  1
1  0
1  -1
1  1
1  0
1  -1
1  0
1  1
1  1
1  0
1  0
1  -1
1  -1
1  0
1  -1
1  1
1  -1
1  0
1  0
1  -1
1  0
1  1
1  1
1  1
1  1
1  0
1  1
1  1
1  1
1  -1
1  -1
1  0
1  1
1  -1
1  -1
1  1
1  1
1  0
1  -1
1  0
1  -1
1  1
1  0
1  -1
1  0
1  -1
1  -1
1  0
1  -1
1  1
1  0
1  -1
1  1
1  1
1  1
1  1
1  -1
1  -1
1  -1
1  0
1  0
1  -1
1  0
1  -1
1  -1
1  1
1  -1
1  1
1  -1
1  1
1  -1
1  1
1  0
1  0
1  1
1  -1
1  1
1  -1
1  1
1  -1
1  1
1  0
1  0
1  -1
1  -1
1  1
1  1
1  -1
1  0
1  0
1  -1
1  1
1  -1
1  1
1  0
1  0
1  1
1  0
1  -1
1  0
1  1
1  -1
1  1
1  -1
1  -1
1  0
1  1
1  1
1  0
1  -1
1  -1
1  0
1  1
1  0
1  1
1  -1
1  -1
2  -5
2  -4
2  -5
2  -4
2  -4
2  -5
2  -6
2  -6
2  -4
2  -6
2  -5
2  -6
2  -5
2  -4
2  -6
2  -4
2  -4
2  -4
2  -6
2  -4
2  -6
2  -6
2  -6
2  -4
2  -5
2  -5
2  -4
2  -6
2  -4
2  -6
2  -4
2  -6
2  -6
2  -5
2  -4
2  -6
2  -5
2  -4
2  -4
2  -5
2  -6
2  -4
2  -5
2  -4
2  -4
2  -4
2  -5
2  -4
2  -4
2  -5
2  -6
2  -6
2  -4
2  -6
2  -5
2  -6
2  -6
2  -4
2  -6
2  -6
2  -5
2  -5
2  -5
2  -4
2  -4
2  -4
2  -6
2  -5
2  -6
2  -4
2  -5
2  -4
2  -6
2  -4
2  -4
2  -4
2  -5
2  -6
2  -4
2  -4
2  -6
2  -4
2  -4
2  -4
2  -5
2  -5
2  -4
2  -5
2  -5
2  -6
2  -4
2  -6
2  -6
2  -6
2  -4
2  -4
2  -4
2  -4
2  -6
2  -5
2  -4
2  -4
2  -5
2  -5
2  -6
2  -5
2  -6
2  -4
2  -5
2  -4
2  -4
2  -4
2  -4
2  -6
2  -5
2  -4
2  -5
2  -4
2  -5
2  -5
2  -4
2  -5
2  -5
2  -6
2  -5
2  -6
2  -5
2  -6
2  -6
2  -4
2  -4
2  -4
2  -6
2  -5
2  -5
2  -6
2  -4
2  -4
2  -4
2  -6
2  -4
2  -6
2  -5
2  -5
2  -6
3  -3
3  -2
3  -3
3  -3
3  -2
3  -2
3  -2
3  -2
3  -3
3  -3
3  -3
3  -4
3  -2
3  -2
3  -4
3  -2
3  -2
3  -4
3  -3
3  -4
3  -2
3  -3
3  -2
3  -3
3  -3
3  -4
3  -2
3  -3
3  -3
3  -2
3  -4
3  -2
3  -4
3  -2
3  -4
3  -2
3  -4
3  -3
3  -3
3  -3
3  -4
3  -4
3  -4
3  -2
3  -4
3  -3
3  -4
3  -3
3  -2
3  -3
3  -4
3  -2
3  -4
3  -2
3  -3
3  -4
3  -3
3  -3
3  -3
3  -3
3  -3
3  -4
3  -3
3  -2
3  -2
3  -2
3  -3
3  -2
3  -4
3  -3
3  -2
3  -3
3  -2
3  -4
3  -3
3  -4
3  -3
3  -4
3  -4
3  -3
3  -4
3  -2
3  -4
3  -3
3  -4
3  -3
3  -4
3  -4
3  -4
3  -2
3  -4
3  -2
3  -2
3  -2
3  -2
3  -4
3  -4
3  -3
3  -2
3  -2
3  -2
3  -4
3  -4
3  -3
3  -2
3  -4
3  -4
3  -2
3  -2
3  -3
3  -4
3  -2
3  -3
3  -2
3  -2
3  -4
3  -2
3  -4
3  -2
3  -4
3  -2
3  -4
3  -3
3  -3
3  -4
3  -4
3  -4
3  -4
3  -3
3  -2
3  -2
3  -3
3  -3
3  -4
3  -4
3  -3
3  -2
3  -3
3  -4
3  -3
3  -3
3  -2
3  -3
3  -2
3  -2
3  -4
3  -3
3  -3
3  -2
3  -2
3  -4
3  -3
3  -4
3  -4
3  -3
3  -3
4  -3
4  -1
4  -2
4  -1
4  -2
4  -3
4  -3
4  -2
4  -3
4  -2
4  -2
4  -1
4  -3
4  -3
4  -2
4  -3
4  -1
4  -2
4  -1
4  -3
4  -2
4  -3
4  -3
4  -1
4  -2
4  -1
4  -2
4  -2
4  -2
4  -3
4  -1
4  -1
4  -1
4  -1
4  -2
4  -3
4  -3
4  -1
4  -3
4  -3
4  -3
4  -2
4  -1
4  -1
4  -2
4  -2
4  -3
4  -3
4  -2
4  -1
4  -3
4  -3
4  -1
5  -2
5  -3
5  -2
5  -3
5  -4
5  -2
5  -2
5  -2
5  -2
5  -4
5  -2
5  -2
5  -4
5  -4
5  -3
5  -4
5  -4
5  -2
5  -3
5  -2
5  -4
5  -3
5  -3
5  -3
5  -4
5  -2
5  -4
5  -4
5  -3
5  -2
5  -3
5  -4
5  -2
5  -2
5  -2
5  -4
5  -3
5  -3
5  -2
5  -2
5  -2
5  -2
5  -4
5  -3
5  -2
5  -2
5  -4
5  -4
5  -3
5  -2
5  -2
5  -4
5  -4
5  -4
5  -2
5  -3
5  -2
5  -3
5  -2
5  -4
5  -4
5  -2
5  -4
5  -2
5  -2
5  -4
5  -3
5  -2
5  -4
5  -4
5  -4
5  -2
5  -2
5  -4
5  -3
5  -3
5  -4
5  -4
5  -2
5  -3
5  -3
5  -4
5  -2
5  -2
5  -4
5  -2
5  -3
5  -2
5  -2
5  -4
5  -4
5  -2
5  -3
5  -3
5  -4
5  -4
5  -4
5  -3
5  -2
5  -4
5  -4
5  -4
5  -4
5  -3
5  -2
5  -3
5  -4
5  -4
5  -4
5  -2
5  -3
5  -4
5  -2
5  -3
5  -2
5  -4
5  -3
5  -2
5  -3
5  -3
5  -2
5  -2
6  -1
6  -1
6  0
6  1
6  0
6  0
6  0
6  -1
6  1
6  -1
6  1
6  -1
6  -1
6  0
6  -1
6  -1
6  -1
6  -1
6  1
6  0
6  0
6  0
6  0
6  0
6  -1
6  0
6  1
6  -1
6  1
6  -1
6  0
6  -1
6  -1
6  -1
6  0
6  0
6  1
6  -1
6  1
6  -1
6  1
6  0
6  1
6  0
6  -1
6  1
6  0
6  0
6  -1
6  0
6  -1
6  0
6  -1
6  0
6  1
6  0
6  1
6  -1
6  -1
6  0
6  -1
6  0
6  -1
6  0
6  0
6  1
6  -1
6  -1
6  0
6  0
6  1
6  -1
6  -1
6  0
6  -1
6  0
6  1
6  -1
6  1
6  0
6  -1
6  1
7  -3
7  -4
7  -2
7  -3
7  -4
7  -4
7  -3
7  -2
7  -3
7  -2
7  -2
7  -2
7  -4
7  -2
7  -3
7  -4
7  -3
7  -2
7  -3
7  -3
7  -4
7  -2
7  -2
7  -2
7  -2
7  -4
7  -4
7  -3
7  -4
7  -3
7  -2
7  -3
7  -3
7  -3
7  -3
7  -4
7  -2
7  -2
7  -4
7  -3
7  -4
7  -3
7  -3
7  -4
7  -4
7  -3
7  -3
7  -3
7  -4
7  -4
7  -2
7  -4
7  -4
7  -4
7  -4
7  -4
7  -2
7  -2
7  -3
7  -3
7  -4
7  -4
7  -3
7  -4
7  -2
7  -2
7  -4
7  -2
7  -3
7  -2
7  -2
7  -4
8  -5
8  -5
8  -3
8  -3
8  -4
8  -5
8  -5
8  -4
8  -4
8  -3
8  -3
8  -3
8  -3
8  -4
8  -5
8  -3
8  -4
8  -4
8  -4
8  -3
8  -4
8  -4
8  -4
8  -5
8  -5
8  -3
8  -3
8  -5
8  -5
8  -5
8  -5
8  -5
8  -5
8  -4
8  -4
8  -3
8  -5
8  -4
8  -5
8  -4
8  -3
8  -4
8  -4
8  -5
8  -5
8  -5
8  -5
8  -3
8  -3
8  -3
8  -4
8  -5
8  -3
8  -3
8  -5
8  -4
8  -3
8  -3
8  -5
8  -3
8  -3
8  -5
8  -3
8  -4
8  -4
8  -5
8  -3
8  -4
8  -5
8  -5
8  -4
8  -5
8  -5
8  -3
8  -5
8  -3
8  -3
8  -4
8  -3
8  -3
8  -3
8  -5
8  -3
8  -4
8  -3
8  -3
8  -4
8  -5
8  -4
8  -3
8  -3
8  -4
8  -3
8  -3
8  -3
8  -3
8  -5
8  -4
8  -5
8  -5
8  -3
8  -5
8  -4
8  -5
8  -5
8  -4
8  -5
8  -4
8  -4
8  -3
9  7
9  7
9  6
9  7
9  6
9  8
9  7
9  8
9  8
9  6
9  7
9  6
9  8
9  8
9  6
9  7
9  7
9  8
9  6
9  7
9  7
9  8
9  8
9  6
9  8
9  6
9  7
9  8
9  8
9  6
9  7
9  6
9  7
9  7
9  8
9  7
9  7
9  8
9  8
9  6
9  8
10  -2
10  0
10  0
10  0
10  -1
10  0
10  -1
10  -1
10  0
10  -2
10  -2
10  0
10  0
10  -2
10  0
10  0
10  -1
10  -2
10  -2
10  -1
10  -1
10  -2
10  -1
10  0
10  0
10  -2
10  0
10  0
10  -2
10  0
10  -2
10  -2
10  0
10  0
10  -1
10  -1
10  0
10  0
10  -1
10  -1
10  -2
10  0
10  0
10  -2
10  0
10  -2
10  -2
10  -1
10  0
10  -1
10  -1
10  -1
10  0
10  -2
10  -2
10  0
10  0
10  0
10  -1
10  -2
10  0
10  0
10  -2
10  0
10  0
10  0
10  -1
