1  -6
1  -6
1  -7
1  -3
1  -5
1  -7
1  -6
1  -5
1  -6
1  -8
1  -2
1  -6
1  -6
1  -8
1  -2
1  -8
1  -5
1  -8
1  -3
1  -8
1  -3
1  -4
1  -3
1  -3
1  -3
1  -5
1  -6
1  -7
1  -3
1  -5
1  -5
1  -3
1  -4
1  -6
1  -5
1  -8
1  -2
1  -3
1  -5
1  -3
1  -7
1  -4
1  -7
2  3
2  3
2  -2
2  -2
2  -2
2  -2
2  3
2  0
2  2
2  0
2  -1
2  1
2  2
2  -2
2  -2
2  3
2  1
2  2
2  1
2  -2
2  4
2  4
2  -1
2  -1
2  -2
2  1
2  4
2  0
2  -1
2  -2
2  4
2  -2
2  3
2  2
2  -2
2  2
2  1
2  4
2  1
2  -2
2  1
2  4
2  4
2  2
2  2
2  -2
2  -2
2  2
2  0
2  -2
2  4
2  3
2  -1
2  0
2  -1
2  2
2  -1
2  -2
2  3
2  3
2  3
2  0
2  2
2  2
2  0
2  2
2  -1
2  -2
2  -2
2  1
2  4
2  -2
2  0
2  3
2  -1
2  -1
2  0
2  0
2  3
2  1
2  0
2  0
2  4
2  2
2  3
2  -1
2  1
2  2
2  -1
2  -1
2  4
2  2
2  -1
2  2
2  -1
2  1
2  3
2  2
2  2
2  -1
2  1
2  -2
2  1
2  -1
2  -2
2  0
2  -2
2  -2
2  -1
2  -1
2  0
2  2
2  2
2  3
2  2
2  3
2  2
2  -2
2  0
2  0
2  4
2  0
2  -2
2  -2
2  -1
2  2
2  0
2  0
2  3
2  3
2  0
2  3
2  -1
2  -2
2  3
2  3
2  0
2  -1
2  2
2  0
2  3
2  3
2  3
2  0
2  -2
2  -2
2  -1
2  3
2  4
2  0
2  -1
2  -2
2  -1
2  1
2  0
2  0
2  -1
2  2
2  -2
2  2
2  0
3  3
3  4
3  -2
3  2
3  2
3  2
3  3
3  3
3  2
3  4
3  1
3  0
3  -2
3  3
3  4
3  4
3  3
3  -2
3  -2
3  -1
3  0
3  -2
3  -2
3  -1
3  3
3  1
3  4
3  1
3  -2
3  -1
3  -1
3  1
3  3
3  -1
3  2
3  -1
3  0
3  0
3  -2
3  1
3  4
3  4
3  4
3  3
3  3
3  3
3  -2
3  4
3  1
3  2
3  1
3  -1
3  -1
3  4
3  0
3  2
3  1
3  2
3  -1
3  2
3  1
3  4
3  0
3  4
3  1
3  3
3  1
3  1
3  1
3  2
3  3
3  4
3  0
3  -1
3  3
3  -1
3  2
3  3
3  -1
3  4
3  0
3  -2
3  2
3  -2
3  0
3  -1
3  -1
3  -2
3  2
3  0
3  2
3  -1
3  0
3  -2
3  3
3  -1
3  1
4  1
4  -1
4  2
4  -1
4  -2
4  3
4  0
4  4
4  1
4  0
4  1
4  1
4  0
4  -1
4  -2
4  4
4  4
4  -2
4  4
4  1
4  1
4  1
4  -2
4  1
4  -2
4  2
4  0
4  0
4  -1
4  3
4  2
4  3
4  2
4  3
4  -2
4  1
4  -1
4  2
4  -1
4  4
4  -2
4  2
4  2
4  0
4  -2
4  1
4  4
4  -2
4  4
4  -1
4  -1
4  0
4  4
4  0
4  -2
4  -2
4  4
4  4
4  4
4  4
4  4
4  2
4  1
4  2
4  1
4  0
4  4
4  -2
4  2
4  3
4  2
4  -1
4  -2
4  -1
4  3
4  -1
4  0
4  2
4  4
4  0
4  -1
4  -1
4  1
4  -1
4  -1
4  1
4  2
4  2
4  2
4  -2
4  4
4  0
4  3
4  3
4  -1
4  2
4  1
4  -1
4  -1
4  1
4  4
4  1
4  -1
4  -2
4  2
4  4
4  0
4  4
4  2
4  3
4  -1
4  -1
4  -2
4  -1
4  1
4  4
4  1
4  0
4  1
4  0
4  3
4  4
4  3
4  4
4  1
4  0
4  2
4  2
4  -2
4  1
4  4
4  -2
4  1
4  3
4  2
4  -1
4  3
4  0
4  2
4  1
4  3
4  -1
4  4
4  3
4  0
4  1
4  3
4  1
4  0
4  2
4  3
4  0
4  3
4  2
4  3
4  0
4  1
4  1
4  2
4  -1
4  3
4  0
4  2
4  -2
4  -1
4  1
4  -2
4  4
4  0
4  0
4  4
4  1
4  2
4  1
4  3
4  4
4  3
4  1
4  3
4  -2
4  1
4  -2
4  4
4  4
5  0
5  -2
5  -2
5  -1
5  -3
5  -4
5  0
5  1
5  -3
5  -1
5  -1
5  -2
5  2
5  -1
5  -4
5  2
5  0
5  -2
5  -3
5  -1
5  0
5  -2
5  -3
5  -1
5  -1
5  2
5  2
5  -3
5  1
5  -3
5  -4
5  -3
5  -4
5  -3
5  2
5  1
5  0
5  -4
5  -2
5  1
5  2
5  -4
5  1
5  -3
5  2
5  -1
5  -1
5  -2
5  -1
5  2
5  1
5  -3
5  1
5  0
5  -1
5  -1
5  -3
5  -1
5  2
5  1
5  2
5  -1
5  -3
5  -2
5  1
5  -3
5  1
5  -1
5  -3
5  -1
5  -2
5  -1
5  0
5  -3
5  -1
5  -1
5  2
5  2
5  -2
5  1
5  0
5  1
5  0
5  -1
5  -2
5  -2
5  -4
5  -3
5  0
5  0
5  2
5  0
5  -4
5  -2
5  1
5  2
5  2
5  -3
5  2
5  -4
5  -4
5  -3
5  -2
5  1
5  1
5  -2
5  -1
5  0
5  -3
5  -3
5  2
5  -4
5  -2
5  2
5  -2
5  -4
5  -2
5  -4
5  -1
5  0
5  2
5  -2
5  -4
5  -4
5  2
5  1
5  -1
5  -4
5  0
5  -3
5  1
5  -1
5  -4
5  0
5  0
5  2
5  0
5  2
5  -2
5  2
6  0
6  1
6  4
6  0
6  0
6  3
6  2
6  5
6  2
6  2
6  6
6  1
6  0
6  2
6  6
6  2
6  0
6  4
6  3
6  4
6  0
6  2
6  0
6  6
6  3
6  6
6  0
6  5
6  0
6  5
6  6
6  3
6  4
6  4
6  3
6  0
6  2
6  6
6  3
6  6
6  1
6  5
6  5
6  0
6  1
6  3
6  0
6  4
6  1
6  0
6  3
6  3
6  5
6  0
6  1
6  5
6  3
6  4
6  2
6  3
6  6
6  3
6  5
6  0
6  0
6  0
6  0
6  2
6  4
6  2
6  1
6  6
6  5
6  1
6  1
6  0
6  2
6  5
6  1
6  6
6  3
6  6
6  6
6  0
6  5
6  5
6  1
6  4
6  0
6  1
6  2
6  0
6  5
6  5
6  1
6  4
6  0
6  1
6  6
6  6
6  1
6  6
6  2
6  4
6  0
6  2
6  6
6  6
6  1
6  6
6  4
6  6
6  6
6  1
6  4
6  2
6  2
6  5
6  4
6  5
6  6
6  6
6  4
6  4
6  6
6  2
6  3
6  3
6  3
6  5
6  1
6  3
6  4
6  1
6  0
6  0
6  5
6  5
6  2
6  1
6  3
6  0
6  5
6  4
7  5
7  5
7  7
7  7
7  1
7  4
7  4
7  6
7  6
7  4
7  2
7  3
7  5
7  7
7  4
7  6
7  5
7  7
7  7
7  5
7  6
7  2
7  1
7  1
7  4
7  2
7  5
7  6
7  7
7  6
7  7
8  4
8  2
8  5
8  6
8  6
8  5
8  6
8  7
8  3
8  6
8  6
8  2
8  5
8  2
8  7
8  2
8  5
8  5
8  1
8  3
8  2
8  3
8  3
8  4
8  2
8  4
8  1
8  6
8  6
8  1
8  7
8  1
8  1
8  2
8  3
8  3
8  2
8  3
8  4
8  2
8  5
8  5
8  4
8  2
8  2
8  5
8  1
8  7
8  6
8  5
8  4
8  2
8  4
8  4
8  1
8  1
8  1
8  3
8  1
8  5
8  3
8  4
8  1
8  3
8  3
8  3
8  5
8  1
8  2
8  3
8  7
8  3
8  2
8  5
8  4
8  4
8  5
8  3
8  5
8  6
8  2
8  7
8  5
8  4
8  2
8  5
8  6
8  7
8  6
8  5
8  2
8  2
8  4
8  4
8  1
8  3
8  1
8  1
8  7
8  5
8  7
8  6
8  7
8  4
8  6
8  4
8  7
8  3
8  3
8  4
8  3
8  4
8  4
8  6
8  1
8  1
9  -5
9  -1
9  -2
9  -2
9  -4
9  -5
9  -3
9  -1
9  -2
9  -1
9  -7
9  -1
9  -3
9  -5
9  -7
9  -7
9  -6
9  -5
9  -6
9  -3
9  -7
9  -5
9  -4
9  -5
9  -3
9  -7
9  -1
9  -5
9  -1
9  -5
9  -4
9  -5
9  -3
9  -3
9  -5
9  -1
9  -1
9  -4
9  -6
9  -1
9  -2
9  -3
9  -5
9  -1
9  -1
9  -5
9  -7
9  -6
9  -5
9  -2
9  -5
9  -2
9  -7
9  -5
9  -1
9  -2
9  -7
9  -7
9  -4
9  -3
9  -2
9  -2
9  -6
9  -6
9  -2
9  -6
9  -5
9  -4
9  -4
9  -2
9  -2
9  -7
9  -2
9  -1
9  -7
9  -2
9  -6
9  -4
9  -3
9  -3
9  -5
9  -3
9  -2
9  -5
