1  8
1  8
1  7
1  6
1  6
1  8
1  8
1  8
1  6
1  6
1  8
1  8
1  6
1  8
1  6
1  7
1  8
1  8
1  6
1  6
1  6
1  7
1  8
1  7
1  7
1  7
1  6
1  7
1  6
1  6
1  7
1  6
1  8
1  6
1  7
1  8
1  8
1  7
1  6
1  6
1  7
1  6
1  6
1  8
1  7
1  7
1  8
1  7
1  7
1  7
1  8
1  8
1  6
1  8
1  7
1  8
1  7
1  8
1  6
1  6
1  8
1  8
1  8
1  8
1  7
1  6
1  7
1  6
1  7
1  8
1  7
1  8
1  6
1  6
1  7
1  6
1  6
1  6
1  6
1  8
1  8
1  6
1  8
1  8
1  8
1  6
1  7
1  8
1  7
1  8
1  7
1  7
1  7
1  8
1  7
1  8
1  6
1  6
1  6
1  7
1  6
1  8
1  7
1  6
1  6
1  7
1  7
1  6
1  8
1  8
1  8
1  6
1  8
1  6
1  8
1  7
1  8
1  7
1  7
1  8
1  7
1  8
1  6
1  6
1  7
1  8
1  6
1  6
1  8
1  6
1  6
1  7
1  7
1  6
1  6
1  8
1  8
1  7
1  7
1  6
1  8
1  7
1  6
1  7
1  6
1  7
1  7
1  7
1  6
1  6
1  6
1  8
1  7
1  8
1  7
1  6
1  6
1  6
1  8
1  8
1  7
1  6
1  6
1  6
1  8
1  6
1  8
1  8
1  7
1  6
1  6
1  8
1  8
1  6
1  7
1  7
1  7
1  7
1  8
1  6
1  7
1  7
1  6
2  6
2  7
2  8
2  8
2  8
2  7
2  6
2  6
2  6
2  7
2  8
2  6
2  6
2  8
2  8
2  8
2  7
2  8
2  8
3  1
3  0
3  1
3  -1
3  -1
3  -1
3  -1
3  1
3  1
3  0
3  0
3  1
3  0
3  1
3  0
3  1
3  1
3  1
3  1
3  1
3  -1
3  0
3  0
3  1
3  -1
3  1
3  1
3  1
3  -1
3  -1
3  -1
3  -1
3  0
3  1
3  0
3  -1
3  1
3  -1
3  -1
3  0
3  0
3  0
3  -1
3  -1
3  0
3  0
3  0
3  1
3  -1
3  0
3  0
3  0
3  -1
3  1
3  1
3  -1
3  0
3  -1
3  0
3  -1
3  -1
3  -1
3  -1
3  1
3  0
3  0
3  0
3  0
3  -1
3  -1
3  0
3  1
3  1
3  -1
3  1
3  -1
3  -1
4  0
4  -1
4  0
4  0
4  1
4  -1
4  1
4  0
4  1
4  0
4  0
4  1
4  -1
4  -1
4  0
4  0
4  -1
4  -1
4  1
4  -1
4  -1
4  1
4  0
4  0
4  -1
4  -1
4  -1
4  0
4  1
4  1
4  1
4  0
4  -1
4  1
4  -1
4  0
4  0
4  -1
4  1
4  -1
4  -1
4  -1
4  -1
4  0
4  -1
4  -1
4  1
4  0
4  -1
4  1
4  0
4  0
4  -1
4  -1
4  1
4  1
4  -1
4  0
4  0
4  -1
4  -1
4  0
4  0
4  0
4  -1
4  0
4  -1
4  1
4  1
4  1
4  0
4  1
4  1
4  -1
4  1
4  1
4  -1
4  1
4  1
4  -1
4  -1
4  -1
4  0
4  0
4  -1
4  1
4  1
4  -1
4  -1
4  -1
4  1
4  0
4  0
4  0
4  -1
4  -1
4  -1
4  1
4  1
4  1
4  0
4  1
4  0
4  1
4  -1
4  1
4  1
5  -2
5  0
5  -2
5  -1
5  -2
5  -1
5  -1
5  -1
5  0
5  -1
5  -1
5  0
5  -2
5  -2
5  0
5  0
5  -2
5  0
5  -1
5  -2
5  0
5  0
5  0
5  -1
5  -1
5  -1
5  0
5  0
5  -2
5  -2
5  -1
5  0
5  0
5  -1
5  0
5  -2
5  -1
5  0
5  -2
5  -1
5  0
5  0
5  -1
5  0
5  0
5  0
5  -1
5  -2
5  0
5  0
5  -2
5  -2
5  -2
5  -1
5  -1
5  -1
5  0
5  0
5  -1
5  -1
5  0
5  0
5  -1
5  -2
5  -1
5  -2
5  -2
5  0
5  -1
5  0
5  0
5  -2
5  -1
5  -1
5  -2
5  -2
5  -1
5  -2
5  -2
5  -2
5  0
5  -2
5  -1
5  -2
5  -2
5  -1
5  -1
5  -1
5  -2
5  0
5  0
5  -2
5  -2
5  -1
5  -1
5  -1
5  0
5  -1
5  -1
5  -1
5  -2
5  -2
5  -1
5  0
5  -1
5  -2
5  0
5  -2
5  -2
5  -1
5  0
5  -1
5  -1
5  0
5  -1
5  -1
5  0
5  0
5  -1
5  -1
5  0
5  0
5  -1
5  -2
5  0
5  -2
5  -2
5  -2
5  0
5  -1
5  -2
5  -1
5  0
5  -1
5  0
5  0
5  0
5  -2
5  -2
5  -1
5  0
5  -2
5  -1
6  5
6  5
6  6
6  5
6  6
6  5
6  5
6  7
6  6
6  5
6  5
6  5
6  5
6  7
6  6
6  7
6  7
6  5
6  6
6  7
6  6
6  7
6  5
6  5
6  7
6  5
6  7
6  7
6  5
6  5
6  6
7  -6
7  -4
7  -5
7  -4
7  -5
7  -5
7  -4
7  -4
7  -6
7  -6
7  -4
7  -4
7  -5
7  -5
7  -5
7  -6
7  -5
7  -6
7  -4
7  -6
7  -5
7  -4
7  -5
7  -5
7  -6
7  -6
7  -6
7  -4
7  -4
7  -4
7  -6
7  -6
7  -4
7  -6
7  -4
7  -4
7  -5
7  -6
7  -5
7  -4
7  -6
7  -4
7  -5
7  -4
7  -6
7  -4
7  -5
7  -6
7  -6
7  -6
7  -4
7  -6
7  -5
7  -4
7  -4
7  -5
7  -5
7  -5
7  -5
7  -4
7  -4
7  -6
7  -6
7  -5
7  -5
7  -4
7  -5
7  -4
7  -4
7  -6
7  -4
7  -6
7  -4
7  -5
7  -5
8  1
8  0
8  1
8  0
8  -1
8  1
8  1
8  -1
8  0
8  0
8  1
8  -1
8  -1
8  0
8  0
8  -1
8  0
8  0
8  1
8  0
8  0
8  1
8  0
8  -1
8  1
8  -1
8  0
8  1
8  1
8  1
8  -1
8  -1
8  1
8  1
8  0
8  -1
8  0
8  1
8  1
8  1
8  -1
8  0
8  1
8  0
8  0
8  0
8  1
8  0
8  -1
8  1
8  -1
8  0
8  1
8  1
8  -1
8  1
8  0
8  0
8  1
8  0
8  0
8  -1
8  1
8  1
8  -1
8  1
9  6
9  5
9  6
9  7
9  6
9  7
9  5
9  7
9  7
9  6
9  5
9  7
9  5
9  7
9  5
9  6
9  6
9  6
9  6
9  6
9  6
9  7
9  5
9  5
9  5
9  6
9  7
9  5
9  5
9  7
9  5
9  5
9  6
9  5
9  6
9  7
9  7
9  5
9  6
9  7
9  5
9  7
9  7
9  7
9  7
9  7
9  5
9  5
9  7
9  7
9  5
9  7
9  5
9  5
9  5
9  6
9  7
9  6
9  5
9  6
9  6
9  5
9  6
9  6
9  7
9  5
9  6
9  6
9  5
9  7
9  7
9  5
9  5
9  7
9  6
9  7
9  7
9  7
9  5
9  5
9  6
9  6
9  5
9  6
9  6
9  7
9  6
9  7
9  6
9  6
9  6
9  7
9  6
9  6
9  7
9  6
9  5
9  5
9  6
9  6
9  6
9  6
9  7
9  7
9  6
9  5
9  6
9  6
9  7
9  7
9  6
9  6
9  7
9  6
9  6
9  7
9  7
9  7
9  5
9  6
9  6
9  7
9  7
9  5
9  7
9  7
9  7
9  7
9  7
9  7
9  5
9  7
9  6
9  5
9  5
9  7
9  6
9  5
9  5
9  6
9  5
9  7
9  5
9  5
9  7
9  6
9  5
9  6
10  0
10  0
10  0
10  0
10  0
10  -1
10  1
10  1
10  -1
10  1
10  -1
10  1
10  0
10  -1
10  1
10  -1
10  1
10  0
10  0
10  0
10  1
10  1
10  0
10  0
10  -1
10  -1
10  1
10  1
10  -1
10  1
10  0
10  0
10  0
10  0
10  -1
10  1
10  0
10  1
10  -1
10  -1
10  0
10  0
10  0
10  1
10  0
10  0
10  0
10  1
10  0
10  0
10  1
10  1
10  0
10  -1
10  1
10  -1
10  0
10  -1
10  1
10  0
10  0
10  1
10  -1
10  1
10  -1
10  1
10  0
10  1
10  1
10  0
10  0
10  1
10  -1
10  1
10  0
10  1
10  -1
10  0
10  -1
10  1
10  -1
10  -1
10  1
10  -1
10  1
10  -1
10  0
10  0
10  1
10  0
10  -1
10  1
10  -1
10  -1
10  0
10  -1
10  1
10  0
10  1
10  1
10  1
10  1
10  1
10  0
10  -1
10  1
10  -1
10  1
10  0
10  1
10  -1
10  0
10  -1
10  1
10  1
10  1
10  1
10  0
10  1
10  1
10  1
10  1
10  0
10  1
10  0
10  -1
10  0
10  0
10  -1
10  0
10  0
10  1
10  -1
10  0
10  -1
10  0
10  -1
10  1
10  -1
10  0
10  0
10  0
10  -1
10  -1
10  1
10  0
10  -1
10  0
10  -1
10  1
10  1
