1  -7
1  -2
1  -13
1  -3
1  -13
1  -5
1  -4
1  -9
1  -5
1  -13
1  -5
1  -8
1  -4
1  -10
1  -9
1  -13
1  -2
1  -9
1  -2
1  -2
1  -6
1  -9
1  -2
1  -3
1  -5
1  -4
1  -12
1  -5
1  -9
1  -12
1  0
1  0
1  -13
1  -9
1  -13
1  -6
1  -14
1  -9
1  -11
1  -3
1  -10
1  -10
1  -7
1  -7
1  -7
1  -13
1  0
1  -7
1  -7
1  -14
1  -9
1  -6
1  -11
1  -1
1  -12
1  -1
1  -12
1  -8
1  -4
1  -2
1  -5
1  -9
1  -2
1  -4
1  -5
1  -5
1  -8
1  -4
1  -8
1  -4
1  -3
1  -7
1  -14
1  -5
1  -4
1  -9
1  -4
1  -3
1  -9
1  -2
1  -7
1  -13
1  -9
1  -4
1  -12
1  -3
1  -11
1  -12
1  -14
1  -7
1  -13
1  -12
1  -4
1  -10
1  -4
1  -3
1  -10
1  0
1  -10
1  -6
1  -14
1  -6
1  -8
1  -13
1  -6
1  -12
1  -2
1  -10
1  0
1  -4
1  -7
1  -9
1  0
1  -10
1  -12
1  -7
1  -11
1  -13
1  -14
1  -5
1  -10
1  -14
1  -13
1  -3
1  -4
1  -1
1  -14
1  -3
1  -13
1  -14
1  0
1  -4
1  -10
1  -8
1  -5
1  -12
1  -9
1  0
2  4
2  9
2  11
2  4
2  7
2  7
2  8
2  7
2  1
2  11
2  12
2  5
2  -1
2  2
2  0
2  4
2  3
2  0
2  10
2  13
2  12
2  12
2  12
2  -1
2  13
2  1
2  1
2  4
2  12
2  8
2  1
2  7
2  10
2  1
2  10
2  10
2  5
2  11
2  8
2  12
2  11
2  11
2  11
2  2
2  5
2  12
2  3
2  13
2  4
2  12
2  2
2  10
2  2
2  13
2  10
2  4
2  1
2  10
2  6
2  8
2  4
2  9
2  11
2  6
2  10
2  3
2  -1
2  13
2  2
2  5
2  3
2  3
2  6
2  3
2  4
2  9
2  8
2  2
2  7
2  3
2  0
2  1
2  2
2  9
2  8
2  13
2  5
2  -1
2  6
2  8
2  0
2  3
2  3
2  -1
2  13
2  11
2  0
2  7
2  11
2  6
2  4
2  0
2  6
2  -1
2  8
2  7
2  7
2  0
2  -1
2  7
2  5
2  7
2  4
2  13
2  1
2  9
2  10
2  2
2  6
2  5
2  13
2  6
2  3
2  5
2  5
2  1
2  -1
2  10
2  13
2  7
2  9
2  11
2  12
2  2
2  8
2  12
2  10
2  3
2  4
2  11
2  2
2  5
2  2
2  2
2  2
2  2
2  2
2  8
2  8
2  0
2  4
2  11
2  2
2  3
2  6
2  1
2  0
2  1
2  5
2  4
2  7
2  2
2  4
2  3
2  6
2  -1
2  0
2  6
2  8
2  12
2  11
2  13
2  1
3  -1
3  -1
3  -7
3  -3
3  3
3  1
3  4
3  3
3  -3
3  -7
3  -3
3  -4
3  -9
3  2
3  0
3  -7
3  1
3  1
3  -9
3  2
3  -3
3  -9
3  1
3  -8
3  3
3  -1
3  -4
3  3
4  -1
4  2
4  5
4  5
4  2
4  7
4  4
4  4
4  4
4  -6
4  -3
4  4
4  -1
4  3
4  -5
4  6
4  -7
4  -1
4  -7
4  0
4  7
4  4
4  -2
4  -5
4  7
4  -1
4  7
4  7
4  7
4  -2
4  -1
4  4
4  7
4  -2
4  -2
4  -4
4  2
4  4
4  1
4  7
4  3
4  0
4  7
5  -3
5  -13
5  -7
5  -4
5  1
5  -2
5  -2
5  -12
5  -11
5  -11
5  -5
5  -6
5  -1
5  -12
5  -13
5  -2
5  -1
5  -3
5  -3
5  -3
5  -9
5  -13
5  0
5  1
5  1
5  -2
5  -3
5  -7
5  -2
5  0
5  -1
5  -9
5  -10
5  0
5  -12
5  -11
5  -4
5  -1
5  -12
5  -9
5  -12
5  -9
5  -5
5  -8
5  -3
5  1
5  -3
5  -8
5  -11
5  -9
5  -3
5  -1
5  -4
5  -8
5  -8
5  -8
5  -2
5  -4
5  -6
5  1
5  -12
5  0
5  -8
5  -12
5  -2
5  -6
5  1
5  -6
5  -3
5  -6
5  -11
5  0
5  -8
5  -1
5  -12
5  -1
5  0
5  -1
5  1
5  -11
5  0
5  -6
5  -10
5  -2
5  -8
5  -9
5  -7
5  -13
5  -1
5  -7
5  -5
5  -10
5  -2
5  -4
5  -5
5  -8
5  -5
5  -2
5  -13
5  -7
5  -5
5  -11
5  -10
5  1
5  -6
5  -3
5  -6
5  -7
5  -6
5  -12
5  1
5  -10
5  -13
5  -6
5  -11
5  -5
5  -5
5  -8
5  -6
5  -2
5  -1
5  -8
5  -5
5  -5
5  -9
5  -8
5  -4
5  -10
5  -11
5  -12
5  -4
5  -5
5  -8
5  -5
5  -2
5  -6
5  -7
5  0
5  -3
5  -13
5  -5
5  -4
5  -8
5  1
5  -1
5  -13
5  0
5  -5
5  1
5  -13
5  -9
5  -2
5  -4
5  -13
5  -3
5  -2
5  -10
6  -2
6  -3
6  1
6  -10
6  -3
6  -2
6  -8
6  0
6  1
6  0
6  -5
6  2
6  4
6  3
6  3
6  -1
6  -8
6  -10
6  -2
6  -1
6  -5
6  1
6  -1
6  -2
6  -9
6  3
6  4
6  -4
6  -2
6  1
6  -8
6  -1
6  -8
6  -9
6  1
6  1
6  -4
6  0
6  -2
6  -3
6  2
6  -3
6  -2
6  3
6  2
6  -8
6  2
6  4
6  -8
6  -8
6  -10
6  -1
6  -5
6  3
6  1
6  -2
6  -4
6  4
6  -4
6  2
6  -6
6  -3
6  0
6  1
6  4
6  1
6  -10
6  -8
6  2
6  4
6  -2
6  -5
6  0
6  -5
6  3
6  -7
6  4
6  0
6  -9
6  -2
6  -5
6  4
6  -8
6  4
6  2
6  -3
6  2
6  -3
6  -6
6  -10
6  -4
6  0
6  1
6  4
6  -7
6  3
6  1
6  3
6  -3
6  4
6  -8
6  -9
6  -7
6  -2
6  3
6  -7
6  2
6  -2
6  -3
6  -9
6  -7
6  -9
6  -7
6  4
6  -6
6  -3
6  -2
6  -10
6  -6
6  4
6  -4
6  -8
6  -6
6  4
6  -4
6  -2
6  -5
6  3
6  -1
6  -10
6  -7
6  -4
6  -2
6  4
6  3
6  -4
6  -6
6  -7
6  -3
6  3
6  0
6  -4
6  -6
6  -2
6  0
6  -8
6  3
6  -10
6  0
6  -8
6  -2
6  -5
6  -4
6  4
6  -7
6  -6
6  -10
6  2
6  -6
6  -9
6  0
6  4
6  -5
6  -4
6  -4
6  -5
6  4
6  -2
6  3
6  3
6  3
6  1
6  -4
6  1
6  -9
6  2
6  -3
6  -10
6  -2
6  -4
6  4
6  1
6  1
7  2
7  -3
7  11
7  -2
7  4
7  1
7  0
7  6
7  11
7  8
7  -3
7  8
7  7
7  7
7  5
7  -2
7  4
7  2
7  -2
7  -2
7  1
7  -1
7  4
7  8
7  -1
7  2
7  -1
7  11
7  7
7  5
7  6
7  11
8  -4
8  -4
8  -2
8  -4
8  -1
8  -10
8  -3
8  2
8  -7
8  1
8  -4
8  0
8  1
8  -8
8  0
8  -6
8  -7
8  -8
8  0
8  0
8  -1
8  -1
8  -5
8  -7
8  -11
8  1
8  -6
8  -2
8  1
8  -3
8  2
8  -6
8  -6
8  1
8  -7
8  -11
8  3
8  -4
8  1
8  3
8  -2
8  -1
8  -7
8  -10
8  -5
8  -2
8  -11
8  -6
8  -9
8  -6
8  0
8  -2
8  -9
8  -4
8  -2
8  -8
8  -11
8  -6
8  -3
8  -9
8  -8
8  -7
8  0
8  0
8  2
8  -8
8  -5
8  2
8  -3
8  -8
9  -2
9  -4
9  -1
9  3
9  -2
9  -8
9  0
9  -5
9  -8
9  1
9  -7
9  3
9  -4
9  -3
9  -5
9  -7
9  -7
9  -2
9  -5
9  4
9  -4
9  -2
9  -6
9  -1
9  -6
9  -8
9  -4
9  1
9  -6
9  3
9  3
9  -5
9  0
9  -5
9  1
9  -5
9  -6
9  3
9  -3
9  5
9  -7
9  0
9  -2
9  -8
9  -4
9  4
9  -6
9  -8
9  6
9  -6
9  -1
9  1
9  -3
9  3
9  -5
9  1
9  -2
9  -6
9  -5
9  -4
9  4
9  -8
9  2
9  1
9  -3
9  -7
9  -7
9  5
9  -6
9  0
9  -1
9  -8
9  0
9  -1
9  -1
9  -5
9  5
9  -6
9  -8
9  1
9  -2
9  -5
9  5
9  -4
9  -4
9  -3
9  -6
9  2
9  4
9  1
9  5
9  -2
9  -7
9  -4
9  1
9  6
9  6
9  3
9  4
9  -2
9  -6
9  0
9  -2
9  -8
9  -8
9  5
9  -4
9  0
9  3
9  -5
9  -2
9  2
9  -5
9  3
9  -1
9  -6
9  -7
9  1
9  -1
9  -1
9  -8
9  4
9  2
9  3
9  -5
9  -5
9  3
9  0
9  3
9  -4
9  5
9  -2
9  5
9  -4
9  -5
9  6
9  0
9  0
9  -7
9  -8
9  -4
9  3
9  -2
9  -5
9  5
9  6
9  3
9  6
9  1
9  3
9  4
9  4
9  -5
9  -4
9  -7
9  2
9  -1
10  7
10  5
10  3
10  0
10  0
10  8
10  7
10  2
10  2
10  11
10  10
10  4
10  6
10  5
10  10
10  2
10  7
10  0
10  1
