1  3
1  3
1  2
1  3
1  3
1  3
1  3
1  4
1  4
1  2
1  2
1  3
1  3
1  2
1  4
1  3
1  3
1  2
1  3
1  4
1  3
1  3
1  2
1  4
1  4
1  4
1  4
1  2
1  4
1  2
1  4
1  3
1  2
1  2
1  2
1  3
1  3
1  3
1  2
1  2
1  2
1  2
1  4
1  2
1  4
1  2
1  4
1  3
1  3
1  2
1  2
1  3
1  2
1  3
1  2
1  3
1  4
1  4
1  3
1  4
1  2
1  3
1  3
1  2
1  2
1  2
1  3
1  2
1  4
1  2
1  3
1  3
1  2
1  4
1  3
1  2
1  4
1  2
1  3
1  2
1  2
1  4
1  4
1  3
1  2
1  4
1  4
1  4
1  2
1  4
1  2
1  2
1  2
1  3
2  7
2  8
2  6
2  6
2  6
2  7
2  6
2  6
2  8
2  7
2  8
2  8
2  7
2  6
2  8
2  8
2  6
2  8
2  8
2  7
2  7
2  8
2  8
2  6
2  8
2  6
2  7
2  8
2  7
2  6
2  6
2  8
2  6
2  8
2  6
2  7
2  7
2  8
2  6
2  8
2  8
2  8
2  8
2  8
2  7
2  8
2  7
2  6
2  8
2  7
3  -8
3  -7
3  -7
3  -7
3  -7
3  -6
3  -6
3  -7
3  -8
3  -7
3  -8
3  -8
3  -8
3  -7
3  -6
3  -8
3  -6
3  -6
3  -8
3  -8
3  -6
3  -8
3  -8
3  -6
3  -7
3  -8
3  -8
3  -8
3  -8
3  -6
3  -7
3  -8
3  -6
3  -8
3  -6
3  -7
3  -6
3  -6
3  -6
3  -7
3  -7
3  -6
3  -8
3  -6
3  -6
3  -8
3  -7
3  -7
3  -8
3  -6
3  -6
3  -6
3  -8
3  -7
3  -7
3  -7
3  -6
3  -7
3  -7
3  -8
3  -8
3  -8
3  -6
3  -7
3  -8
3  -6
3  -7
3  -8
3  -8
3  -7
3  -6
3  -7
3  -7
3  -8
3  -7
3  -6
3  -7
3  -6
3  -8
3  -7
3  -8
3  -6
3  -8
3  -7
3  -8
3  -8
3  -6
3  -8
3  -6
3  -8
3  -8
3  -7
3  -7
3  -8
3  -7
3  -6
3  -7
3  -7
3  -8
3  -8
3  -7
3  -7
3  -8
3  -8
3  -6
3  -7
3  -7
3  -8
3  -6
3  -8
3  -8
3  -8
3  -7
3  -6
4  8
4  6
4  6
4  6
4  7
4  8
4  8
4  8
4  6
4  8
4  6
4  6
4  6
4  7
4  8
4  7
4  8
4  7
4  7
4  8
4  7
4  8
4  6
4  6
4  6
4  6
4  7
4  6
4  6
4  7
4  6
4  7
4  8
4  7
4  7
4  8
4  8
4  6
4  7
4  6
4  8
4  6
4  6
4  7
4  8
4  7
4  7
4  8
5  1
5  1
5  1
5  1
5  1
5  2
5  2
5  1
5  2
5  1
5  0
5  1
5  0
5  1
5  2
5  2
5  2
5  0
5  1
5  0
5  0
5  2
5  0
5  2
5  2
5  0
5  2
5  0
5  2
5  1
5  1
5  0
5  0
5  1
5  2
5  2
5  2
5  1
5  1
5  2
5  2
5  0
5  1
5  2
5  0
5  0
5  2
5  1
5  2
5  2
5  2
5  2
5  2
5  0
5  1
5  2
5  0
5  2
5  2
5  0
5  2
5  2
5  2
5  2
5  1
5  1
5  0
5  0
5  2
5  0
5  1
5  2
5  0
5  2
5  0
5  0
5  0
5  0
5  2
5  2
5  2
5  2
5  1
5  1
5  1
5  0
5  1
5  1
5  2
5  2
5  0
5  2
5  2
5  1
5  0
5  1
5  0
5  1
5  1
5  2
5  0
5  0
5  2
5  0
5  1
5  1
5  2
5  2
5  2
5  2
5  2
5  1
5  2
5  1
5  0
5  2
5  0
5  0
5  0
5  1
5  1
5  0
5  0
5  1
5  0
5  2
5  2
5  2
5  2
5  1
5  1
5  1
5  2
5  2
5  1
5  2
5  0
5  0
5  0
5  2
5  1
5  1
5  2
5  2
5  2
5  0
5  1
5  1
5  2
5  0
5  0
5  2
5  2
5  2
5  0
5  0
5  0
5  1
5  2
5  0
5  2
5  2
5  2
5  0
5  1
5  2
5  2
5  1
5  2
5  0
5  0
5  2
5  1
5  1
5  0
5  0
5  1
5  1
5  0
5  1
5  1
5  1
5  2
5  0
5  2
5  1
5  1
5  1
5  1
5  1
5  2
5  1
5  0
5  0
5  2
5  0
5  1
5  2
5  1
5  2
5  1
5  2
5  1
5  1
5  0
5  1
5  1
5  1
5  2
5  2
5  1
5  2
5  0
6  -7
6  -7
6  -6
6  -6
6  -7
6  -7
6  -7
6  -6
6  -8
6  -8
6  -7
6  -6
6  -8
6  -6
6  -8
6  -8
6  -7
6  -8
6  -6
6  -6
6  -8
6  -6
6  -6
7  3
7  4
7  4
7  4
7  3
7  3
7  4
7  4
7  3
7  3
7  3
7  4
7  2
7  2
7  4
7  2
7  3
7  4
7  4
7  4
7  2
7  4
7  4
7  4
7  3
7  2
7  3
7  3
7  3
7  3
7  2
7  4
7  4
7  4
7  2
7  4
7  3
7  3
7  2
7  3
7  4
7  4
7  4
7  3
7  2
7  4
7  4
7  4
7  4
7  3
7  2
7  3
7  4
7  2
7  2
7  2
7  3
7  3
7  2
7  3
7  3
7  4
7  4
7  2
7  3
7  4
7  3
7  4
7  2
7  4
7  2
7  4
7  4
7  2
7  3
7  2
7  2
7  3
7  3
7  4
7  2
7  4
7  3
7  2
7  2
7  3
7  2
7  3
7  3
7  2
7  2
7  2
7  3
7  4
7  3
7  3
7  4
7  2
7  2
7  3
7  4
7  2
7  4
7  4
7  2
7  3
7  4
7  2
7  2
8  6
8  7
8  6
8  6
8  7
8  8
8  8
8  8
8  6
8  7
8  7
8  8
8  8
8  6
8  7
8  8
8  7
8  7
8  7
8  7
8  6
8  7
8  6
8  6
8  8
8  8
8  8
8  6
8  6
8  8
8  7
8  7
8  8
8  8
8  8
8  7
8  7
8  6
8  7
8  6
8  7
8  6
8  6
8  8
8  7
8  6
8  8
8  6
8  7
8  7
8  7
8  7
8  7
8  7
8  7
8  6
8  6
8  6
8  8
8  8
8  7
8  7
8  8
8  7
8  6
8  6
8  8
8  8
8  7
8  8
8  6
8  8
8  7
8  7
8  7
8  8
8  8
8  6
8  8
8  8
8  8
8  6
8  6
8  6
8  7
8  6
8  6
8  7
8  7
8  7
8  6
8  6
8  7
8  8
8  6
8  8
8  7
8  6
8  7
8  7
8  8
8  6
8  7
8  7
8  8
8  7
8  6
8  8
8  6
8  6
8  7
8  6
8  6
8  8
8  8
8  6
8  8
8  6
8  8
8  8
8  6
8  7
8  6
8  7
8  8
8  8
8  7
8  8
8  6
8  7
8  8
8  6
8  6
8  8
8  8
8  8
8  6
8  8
8  6
8  8
8  8
8  8
8  8
8  6
8  7
8  6
8  7
8  7
9  -6
9  -6
9  -6
9  -5
9  -6
9  -6
9  -4
9  -6
9  -6
9  -4
9  -4
9  -6
9  -6
9  -6
9  -5
9  -5
9  -6
9  -5
9  -5
9  -5
9  -4
9  -4
9  -5
9  -5
9  -6
9  -6
9  -5
9  -5
9  -5
9  -6
9  -6
9  -6
9  -6
9  -5
9  -4
9  -4
9  -5
9  -4
9  -4
9  -6
9  -4
9  -4
9  -5
9  -5
9  -6
9  -6
9  -5
9  -5
9  -6
9  -4
9  -6
9  -6
9  -6
9  -4
9  -4
9  -4
9  -4
9  -5
9  -5
9  -4
9  -5
9  -5
9  -5
9  -4
9  -5
9  -5
9  -5
9  -5
9  -4
9  -5
9  -4
9  -6
9  -4
9  -5
9  -6
9  -4
9  -5
9  -4
9  -4
9  -5
9  -5
9  -6
9  -6
9  -6
9  -6
9  -4
9  -5
9  -5
9  -5
9  -6
9  -4
9  -5
9  -4
9  -4
9  -4
9  -5
9  -6
9  -6
9  -4
9  -5
9  -4
9  -5
9  -6
9  -6
9  -5
9  -4
9  -4
9  -4
9  -4
9  -5
9  -5
9  -5
9  -6
9  -6
9  -6
9  -4
9  -5
9  -4
9  -5
9  -5
9  -5
9  -6
9  -4
9  -6
9  -5
9  -4
9  -4
9  -4
9  -4
9  -5
9  -6
9  -6
9  -5
9  -5
9  -5
9  -6
9  -4
9  -6
9  -5
9  -5
9  -4
9  -5
9  -5
9  -6
9  -4
9  -5
9  -4
9  -6
9  -6
9  -5
9  -4
9  -6
9  -6
9  -4
9  -6
9  -6
9  -4
9  -4
9  -5
9  -5
9  -6
9  -5
9  -5
9  -4
9  -5
9  -5
9  -4
9  -4
9  -4
9  -4
9  -4
9  -6
9  -6
9  -6
9  -5
9  -6
9  -5
9  -6
9  -6
9  -6
9  -5
9  -5
9  -6
9  -6
9  -4
9  -6
9  -5
9  -5
9  -4
9  -6
9  -6
9  -4
9  -5
9  -4
9  -4
9  -6
9  -5
9  -6
9  -6
9  -6
9  -5
