1  -5
1  0
1  -4
1  3
1  4
1  1
1  -2
1  -1
1  0
1  1
1  -3
1  0
1  4
1  0
1  3
1  1
1  3
1  4
1  0
1  -1
1  0
1  5
1  1
1  3
1  -4
1  2
1  3
1  -2
1  -3
1  -5
1  5
1  -5
1  0
1  4
1  -3
1  -4
1  2
1  -5
1  -3
1  4
1  -4
1  3
1  -4
1  1
1  0
1  -5
1  2
1  4
1  3
1  -3
1  1
1  5
1  2
1  3
1  2
1  0
1  -5
1  5
1  -5
1  1
1  -4
1  -4
1  -4
1  -2
1  0
1  -2
1  -4
1  -4
1  4
1  -4
1  2
1  0
1  -3
1  -5
1  -4
1  -4
1  -5
1  5
1  3
1  -2
1  5
1  -3
1  2
1  -3
1  2
1  -2
1  -5
1  4
1  5
1  2
1  -1
1  0
1  0
1  1
1  5
1  2
1  2
1  4
1  2
1  4
1  -5
1  -4
1  -1
1  1
1  5
1  -1
1  1
1  4
1  -1
1  4
1  -2
1  -5
1  -4
1  2
1  2
1  -4
1  -5
1  3
1  -1
1  3
1  0
1  -3
1  -5
1  3
1  -3
1  -3
1  -2
1  -5
1  3
1  -1
1  4
1  -4
1  -2
1  1
1  2
1  -4
1  -1
1  -5
1  -4
1  -2
1  0
1  3
1  0
1  -2
1  5
1  3
1  2
1  2
1  -3
1  -2
1  3
1  -1
1  3
1  3
1  4
1  -2
1  -1
1  4
1  3
1  3
1  -2
1  0
1  -4
1  4
1  -1
1  -1
1  -2
1  0
1  2
1  -2
1  2
1  0
1  -2
1  -4
1  0
1  4
1  -2
1  -3
1  3
1  -2
1  -1
1  -2
1  3
1  -2
1  -5
1  4
1  4
1  3
1  -1
1  -5
1  4
1  -1
1  5
1  3
1  -5
1  4
2  4
2  3
2  4
2  2
2  0
2  3
2  5
2  1
2  1
2  0
2  1
2  -5
2  1
2  3
2  -3
2  -2
2  4
2  -1
2  4
2  3
2  -4
2  -4
2  -5
2  -3
2  3
2  -5
2  1
2  5
2  1
2  -5
2  -1
2  2
2  3
2  0
2  -5
2  2
2  5
2  -1
2  4
2  -3
2  -1
2  -5
2  -2
2  -5
2  -3
2  -2
2  2
2  2
2  -3
2  -3
2  3
2  -2
2  -3
2  -3
2  0
2  -2
2  0
2  5
2  3
2  -3
2  3
2  -2
2  -5
2  3
2  -1
2  -4
2  -4
2  1
2  1
2  -4
2  2
2  -1
2  1
2  -3
2  4
2  0
2  4
2  3
2  1
2  4
2  -4
2  3
2  3
2  2
2  -5
2  -1
3  -4
3  -6
3  -8
3  1
3  -2
3  -5
3  -6
3  -9
3  -4
3  -5
3  -9
3  -8
3  -3
3  -8
3  -4
3  -4
3  -1
3  1
3  -2
3  -7
3  -9
3  -9
3  -2
3  -5
3  -1
3  -1
3  -2
3  -2
3  -1
3  -1
3  -6
3  -5
3  -7
3  -4
3  -7
3  0
3  0
3  1
3  -1
3  -1
3  1
3  -4
3  1
3  -5
3  -2
3  -7
3  -3
3  -3
3  0
3  -9
3  -1
3  -4
3  -3
3  -2
3  -7
3  -8
3  1
3  -8
3  -3
3  -6
3  -4
3  -7
3  -4
3  -1
3  -4
3  -5
3  -6
3  -7
3  0
3  -8
3  -9
3  -8
3  -2
3  -1
3  -6
3  -7
3  -7
3  -8
3  -8
3  0
3  -5
3  -9
3  -1
3  1
3  -3
3  -2
3  0
3  -3
3  -3
3  -7
3  -8
3  -6
3  -3
3  -6
3  -4
3  -9
3  -1
3  0
3  -3
3  0
3  -9
3  -4
3  0
3  -9
3  -7
3  0
3  -9
3  1
3  -2
3  0
3  -1
3  1
3  -6
3  -9
3  -7
3  -2
3  -1
3  -8
3  -7
3  -6
3  -3
3  -6
3  -2
3  -5
3  -1
3  -2
3  -6
3  -9
3  1
3  -9
3  -8
3  -2
3  -1
3  -2
3  -9
3  -5
3  -2
3  -9
3  -3
3  -3
3  -5
3  -2
3  -3
3  -1
3  -5
3  -7
3  1
3  -3
3  -4
3  -4
3  -3
3  -8
3  -6
3  -5
3  0
3  0
3  0
3  -2
3  -6
3  -9
3  -1
3  -5
3  -4
3  -2
3  -2
3  1
3  -9
3  0
3  -1
3  -2
3  0
3  -8
3  -7
3  -2
3  -7
3  -9
3  -8
3  -9
3  -7
3  -1
3  -5
3  1
3  1
3  -5
3  -4
3  -8
3  -9
3  -1
3  -5
3  0
3  -3
4  -3
4  -4
4  -9
4  -2
4  -2
4  -4
4  -6
4  -6
4  -4
4  -10
4  -5
4  -10
4  -2
4  -12
4  -9
4  -6
4  -2
4  -9
4  -4
4  -12
4  -9
4  -7
4  -3
4  -3
4  -5
4  -11
4  -12
4  -6
4  -3
4  -11
4  -5
4  -4
4  -2
4  -2
4  -4
4  -6
4  -3
4  -6
4  -2
4  -2
4  -11
4  -7
4  -3
4  -6
4  -3
4  -6
4  -11
4  -2
4  -11
4  -9
4  -6
4  -4
4  -6
4  -2
4  -7
4  -11
4  -6
4  -5
4  -7
4  -3
4  -5
4  -4
4  -7
4  -9
4  -3
4  -4
4  -9
4  -7
4  -5
4  -10
4  -11
4  -8
4  -7
4  -8
4  -8
4  -4
4  -3
4  -12
4  -7
4  -12
4  -5
4  -7
4  -9
4  -8
4  -12
4  -12
4  -12
4  -2
4  -10
4  -8
4  -5
4  -4
4  -5
4  -6
4  -7
4  -6
4  -8
4  -10
4  -10
4  -3
4  -4
4  -11
4  -7
4  -4
4  -12
4  -8
4  -10
4  -2
4  -9
4  -2
4  -9
4  -11
4  -7
4  -11
4  -2
4  -2
4  -3
4  -4
4  -9
4  -8
4  -10
4  -8
4  -9
4  -12
4  -12
4  -7
4  -5
4  -2
4  -11
4  -10
4  -6
4  -8
4  -12
4  -5
4  -6
4  -10
4  -10
4  -3
4  -2
4  -8
4  -4
4  -8
4  -12
4  -12
4  -3
4  -11
4  -10
4  -11
4  -8
4  -8
4  -4
4  -9
4  -7
4  -10
4  -12
4  -7
4  -12
4  -5
4  -5
4  -3
4  -10
4  -12
4  -9
4  -11
4  -12
4  -3
4  -11
4  -10
4  -9
4  -4
4  -7
4  -2
4  -4
4  -6
4  -4
4  -6
4  -6
4  -6
4  -3
4  -9
4  -4
4  -9
4  -11
4  -9
4  -3
4  -10
4  -9
4  -6
4  -4
4  -12
4  -2
4  -7
4  -11
4  -2
4  -3
4  -4
4  -11
4  -9
4  -8
4  -11
4  -4
4  -4
4  -6
4  -2
5  -7
5  0
5  0
5  -6
5  -5
5  2
5  -7
5  0
5  -7
5  -1
5  -3
5  0
5  0
5  0
5  -5
5  1
5  -5
5  -7
5  -2
5  -1
5  1
5  -4
5  -5
5  -1
5  2
5  -5
5  -2
5  -2
5  -1
5  -3
5  -3
5  -3
5  -2
5  -2
5  -4
5  -2
5  2
5  -2
5  -8
5  0
5  -4
5  -2
5  -6
5  -3
5  -8
5  -8
5  -3
5  -3
5  -6
5  -4
5  -6
5  -5
5  -5
5  -8
5  -1
5  -6
5  0
5  -3
5  0
5  -7
5  -1
5  -5
5  -3
5  -8
5  1
5  2
5  -3
5  -5
5  -8
5  -7
5  1
5  -4
5  -1
5  -2
5  -7
5  -3
5  -3
5  -7
5  2
5  -7
5  -6
5  2
5  -1
5  -6
5  1
5  1
5  -2
5  -3
5  1
5  -1
5  -5
5  -8
5  -1
5  -4
5  -2
5  -5
5  2
5  0
5  -1
5  -4
5  -4
5  -2
5  1
5  -6
5  2
5  -5
5  -6
5  -6
5  1
5  -3
5  -4
5  -3
5  -4
5  -3
5  -4
5  1
5  -6
5  -3
5  -2
5  -8
5  1
5  -5
5  -5
5  -5
5  -4
5  2
5  0
5  -8
5  2
5  2
5  0
5  2
5  -5
5  0
5  -7
5  -2
5  0
5  -5
5  -2
5  2
5  1
5  2
5  -7
5  2
5  -5
5  0
5  2
5  2
5  -3
5  -3
5  -5
5  -1
5  -5
5  -6
5  1
5  -2
5  -2
5  -2
5  -6
5  -4
5  -8
5  -5
5  -4
5  -5
5  1
5  -5
5  -7
5  -2
5  -5
5  -3
5  -6
5  -1
5  0
5  -4
5  2
5  -6
5  -6
5  2
5  -2
5  -2
5  -2
5  0
5  -3
5  -7
5  1
5  -6
5  -1
5  -7
5  -4
5  -6
5  -6
5  -2
5  -5
5  -4
5  -2
5  0
5  -5
5  -5
5  -6
5  -3
5  2
5  -8
5  -8
5  -5
5  -7
5  -1
5  0
5  -2
5  1
5  -4
5  -4
5  -6
5  -7
5  0
5  -4
5  -1
5  -8
5  1
6  -1
6  -1
6  -1
6  -5
6  -2
6  0
6  -2
6  -8
6  -6
6  -6
6  -10
6  -5
6  -1
6  -2
6  -6
6  0
6  -10
6  -3
6  -1
6  -8
6  0
6  -2
6  -5
6  -7
6  -4
6  -2
6  -9
6  -10
6  -5
6  -2
6  -9
6  -6
6  -5
6  -8
6  -10
6  -2
6  -7
6  -10
6  -7
6  0
6  -6
6  -4
6  -3
6  -5
6  -1
6  0
6  -7
6  -4
6  -5
6  0
6  -5
6  -9
6  -3
6  -8
6  -4
6  -5
6  -2
6  -7
6  -10
6  -5
6  -5
6  -7
6  -5
6  0
6  -3
6  -9
6  -7
6  -6
6  -9
6  -3
6  -6
6  -5
6  -3
6  -6
6  -10
6  -7
6  -9
6  -7
6  0
6  -9
6  0
6  -9
6  0
6  0
6  -7
6  -5
6  -9
6  -4
6  0
6  -10
6  -4
6  -8
6  -10
6  -8
6  -10
6  -3
6  0
6  -1
6  -10
6  -3
6  -5
6  -1
6  -2
6  -7
6  -6
