1  -1
1  -6
1  4
1  2
1  3
1  1
1  -4
1  4
1  -5
1  2
1  -4
1  -7
1  -4
1  -8
1  -2
1  4
1  1
1  -5
1  2
1  -5
1  -3
1  2
1  -8
1  -2
1  -7
1  -3
1  -1
1  2
1  -1
1  -8
1  -6
1  -5
1  0
1  1
1  3
1  4
1  3
1  -3
1  3
1  -4
1  3
1  0
1  -6
1  4
1  -2
1  2
1  3
1  -9
1  0
1  1
1  -1
1  3
1  -4
1  -5
1  -6
1  -3
1  -1
1  -7
1  0
1  -3
1  0
1  0
1  2
1  3
1  4
1  -9
1  4
1  1
1  3
1  -4
1  -5
1  -1
1  -9
1  -5
1  -8
1  -1
1  5
1  -8
1  5
1  -2
1  -3
1  -1
1  -3
1  -5
1  -8
1  -1
1  5
1  -7
1  -7
1  -7
1  1
1  2
1  5
1  -1
1  -2
1  -5
1  -8
1  5
1  -3
1  -6
1  4
1  4
1  -4
1  1
1  -3
1  3
1  -8
1  -3
1  -4
1  3
1  3
1  -4
1  -3
1  -8
1  -9
1  5
1  -9
1  2
1  4
1  3
1  1
1  0
1  -2
1  -2
1  -7
1  5
1  -5
1  0
1  -4
1  -5
1  5
1  -5
1  -2
1  -2
1  -4
1  -1
1  4
1  -2
1  4
1  5
1  -9
1  -4
1  0
1  -3
1  -2
1  -9
1  -5
1  -7
1  -2
1  -8
1  4
1  1
1  5
1  4
1  -3
1  -9
1  5
1  -3
1  4
1  -8
1  0
1  2
1  4
1  -1
1  2
1  5
1  -9
1  -5
1  -2
1  -9
1  -9
1  -3
1  3
1  2
1  -1
1  0
1  2
1  -8
1  2
1  3
1  -5
1  -1
1  0
1  -7
1  -8
1  -6
1  0
1  -3
1  1
1  -8
1  1
1  0
1  -3
1  -7
1  -4
1  0
1  0
1  0
1  -4
1  -2
1  -6
1  0
1  -5
1  -9
1  3
1  1
1  5
1  -9
1  3
1  -1
1  -9
1  -6
1  0
1  -9
1  -4
1  -8
1  -1
1  4
1  2
1  -2
1  -5
1  0
1  5
1  0
1  -8
1  -6
1  -9
1  -3
1  1
1  3
1  5
1  -3
1  3
1  2
1  -6
1  -2
1  -4
1  -8
1  -1
1  4
1  -2
1  -4
1  1
1  1
1  -9
1  5
1  0
1  -7
1  3
1  -3
1  4
1  -8
1  -7
1  -3
1  -2
1  -8
1  -7
1  -5
1  0
1  -4
1  -2
1  -2
1  -6
1  -1
1  5
1  0
1  1
1  -4
1  4
1  -7
1  3
1  1
2  2
2  2
2  0
2  -1
2  6
2  -1
2  1
2  0
2  1
2  9
2  3
2  -1
2  -2
2  0
2  11
2  4
2  5
2  -1
2  8
2  11
2  3
2  11
2  6
2  9
2  7
2  0
2  10
2  12
2  0
2  5
2  -1
2  11
3  11
3  0
3  3
3  8
3  2
3  1
3  11
3  2
3  1
3  9
3  1
3  0
3  13
3  6
3  6
3  7
3  8
3  0
3  1
3  7
3  3
3  7
3  10
3  3
3  7
3  9
3  1
3  2
3  11
3  1
3  10
3  8
3  2
3  3
3  8
3  0
3  6
3  6
3  5
3  11
3  7
3  7
3  5
3  7
3  9
3  9
3  6
3  7
3  12
3  5
3  4
3  11
3  1
3  13
3  1
3  7
3  5
3  9
3  10
3  3
3  6
3  8
3  7
3  11
3  10
3  7
3  10
3  12
3  13
3  5
3  9
3  0
3  11
3  7
3  -1
3  1
3  0
3  12
3  12
3  7
3  10
3  4
3  3
3  1
3  13
3  9
3  6
3  8
3  13
3  5
3  9
3  2
3  10
3  5
3  1
3  6
3  1
3  10
3  5
3  10
3  12
3  -1
3  2
3  9
3  0
3  -1
3  -1
3  -1
3  6
3  0
3  8
3  12
3  7
3  7
3  1
3  -1
3  2
3  3
3  8
3  13
3  13
3  3
3  7
3  11
3  8
3  2
3  8
3  7
3  11
3  4
3  0
3  11
3  13
3  11
3  2
3  5
3  11
3  4
3  5
3  3
3  -1
3  12
3  7
3  5
3  13
3  7
3  0
3  12
3  9
3  3
3  1
3  11
3  3
3  6
3  3
3  2
3  11
3  13
3  5
3  5
3  5
3  10
3  10
3  12
3  -1
3  4
3  7
3  7
3  1
3  0
3  5
3  3
3  13
3  7
3  7
3  4
3  5
3  3
3  1
3  8
3  10
3  5
3  3
3  1
3  10
3  0
3  9
3  11
3  0
3  8
3  5
3  11
3  1
3  1
3  1
3  8
3  12
3  1
3  11
3  9
3  11
3  0
3  4
3  6
3  12
3  9
3  0
3  4
3  6
3  -1
3  10
3  -1
3  0
3  0
3  6
3  10
3  11
3  6
3  6
3  2
3  13
3  7
3  7
3  12
3  -1
3  4
3  13
3  0
3  12
3  7
3  13
3  6
3  9
3  8
3  6
3  7
3  9
3  3
3  3
3  1
3  -1
3  3
3  10
3  -1
3  6
3  10
3  7
3  3
3  13
4  -5
4  -4
4  -11
4  -11
4  -9
4  3
4  -9
4  -8
4  -10
4  -5
4  -11
4  0
4  -4
4  2
4  -8
4  -6
4  -1
4  1
4  -9
4  -2
4  -7
4  -11
4  -11
4  -9
4  3
4  2
4  -9
4  3
4  3
4  1
4  0
4  1
4  -1
4  -6
4  1
4  -8
4  -9
4  -7
4  -2
4  -8
4  1
4  -6
4  -9
4  -9
4  3
4  -11
4  -11
4  2
4  -5
4  -5
4  -1
4  -4
4  -4
4  -5
4  3
4  -4
4  -6
4  -2
4  -7
4  1
4  3
4  -11
4  -3
4  -4
4  -9
4  -7
4  1
4  2
4  -5
4  -1
4  -10
4  0
4  -11
4  -9
4  -2
4  -4
4  -10
4  0
4  -4
4  -10
4  2
4  -1
4  1
4  2
4  1
4  -9
4  3
4  -9
4  -3
4  -4
4  -6
4  -2
4  -10
4  3
4  -8
4  1
4  -4
4  1
4  -9
4  -5
4  -1
4  -5
4  -9
4  -3
4  -6
4  -11
4  -5
4  2
4  0
4  0
4  -10
4  -4
4  -8
4  -8
4  1
4  -7
4  -2
4  -11
4  -7
4  3
4  -4
4  2
4  -3
4  -11
4  1
4  1
4  -2
4  0
4  -7
4  -4
4  -3
4  -4
4  -11
4  -6
4  -4
4  -4
4  3
4  -10
4  3
4  -3
4  -2
4  -7
4  -10
4  -3
4  -2
4  -7
4  -7
4  -1
4  0
4  -4
4  -6
4  -11
4  2
4  -9
4  -1
4  -5
4  -11
4  -1
4  -8
4  -5
4  -7
4  -6
4  -11
4  -7
4  0
4  -11
4  -2
4  -10
4  -11
4  -7
4  1
4  2
4  0
4  -8
4  -3
4  -7
4  -1
4  -7
4  1
4  -5
4  -9
4  -3
4  -8
4  -9
4  -11
4  -10
4  -9
4  -1
4  -8
4  1
4  -3
4  -7
4  -8
4  -11
4  -11
4  -5
4  -11
4  -8
4  -3
4  -6
4  3
4  3
4  -9
4  -11
4  1
4  2
4  -6
4  2
4  3
4  -10
4  -2
4  -2
4  -11
4  -9
4  -3
4  -2
4  -2
4  -3
4  -5
4  -4
4  -8
4  2
4  -3
4  -11
4  -6
4  -6
4  -8
4  -7
4  -4
4  -2
4  -4
4  -3
4  -5
4  -1
4  -1
4  -6
4  -9
4  -11
4  -1
4  3
4  -11
4  -7
4  -7
4  -10
4  -2
4  -4
4  1
4  2
4  -7
4  -11
4  -5
4  3
4  1
4  -6
4  -4
4  -9
4  -3
4  -3
4  -2
4  -6
4  0
4  -10
4  -9
4  -8
4  -8
4  -4
4  -7
4  -10
4  -3
4  -3
4  -11
4  -3
4  3
4  -5
4  -11
4  -5
4  -7
4  -1
4  1
4  2
4  -4
4  -7
4  -1
4  3
4  -2
4  -8
4  -7
4  3
4  -9
4  -10
5  5
5  7
5  6
5  6
5  9
5  -1
5  4
5  0
5  -1
5  2
5  3
5  13
5  6
5  -1
5  9
5  12
5  5
5  3
5  -1
5  -1
5  2
5  10
5  8
5  11
5  12
5  7
5  6
5  11
5  11
5  0
5  5
5  7
5  8
5  6
5  1
5  2
5  2
5  10
5  4
5  1
5  11
5  10
5  5
5  13
5  3
5  8
5  8
5  5
5  5
5  7
5  -1
5  13
5  0
5  10
5  4
5  -1
5  8
5  1
5  4
5  5
5  4
5  7
5  12
5  8
5  9
5  8
5  13
5  11
5  1
5  9
5  11
5  0
5  8
5  5
5  4
5  6
5  -1
5  7
5  5
5  8
5  6
5  11
5  13
5  7
5  12
5  5
5  4
5  7
5  10
5  7
5  4
5  12
5  13
5  10
5  0
5  -1
5  -1
5  8
5  6
5  3
5  1
5  8
5  12
5  0
5  7
5  8
5  1
5  8
5  0
5  4
5  7
5  1
5  9
5  4
5  10
5  4
5  12
5  12
5  4
5  10
5  5
5  11
5  10
5  5
5  13
5  12
5  8
5  12
5  1
5  12
5  10
5  9
5  2
5  12
5  12
5  13
5  5
5  10
5  13
5  11
5  5
5  3
5  2
5  3
5  13
5  8
5  12
5  1
5  2
5  12
5  8
5  4
5  3
5  4
5  6
5  9
5  11
