1  -1
1  -2
1  -5
1  -4
1  -1
1  -5
1  0
1  0
1  -5
1  -5
1  -1
1  -2
1  -2
1  -2
1  -4
1  -1
1  -5
2  1
2  4
2  2
2  1
2  3
2  1
2  1
2  -1
2  4
2  2
2  -1
2  4
2  3
2  5
2  -1
2  0
2  5
2  4
2  0
2  5
2  4
2  2
2  2
2  0
2  5
2  -1
2  5
2  2
2  1
2  4
2  3
2  2
2  -1
2  5
2  5
2  0
2  4
2  4
2  5
2  4
2  1
2  -1
2  3
2  3
2  1
2  2
2  2
2  -1
2  1
2  1
2  4
2  -1
2  0
2  5
2  5
2  2
2  -1
2  -1
2  0
2  0
2  -1
2  4
2  3
2  1
2  2
2  -1
2  1
2  5
2  -1
2  5
2  0
2  5
2  2
2  1
2  4
2  5
2  -1
2  4
2  2
2  1
2  3
2  0
2  0
2  0
2  3
2  2
2  4
2  2
2  5
2  1
2  3
2  0
2  5
2  -1
2  1
2  1
2  2
2  0
2  1
2  2
2  3
2  -1
2  4
2  3
2  2
2  1
2  0
2  2
2  2
2  2
2  -1
2  0
2  3
2  4
2  1
2  5
2  2
2  4
2  5
2  1
2  1
2  4
2  0
2  3
2  -1
2  5
2  0
2  4
2  0
2  0
2  2
2  0
2  3
2  2
3  4
3  9
3  6
3  4
3  6
3  9
3  7
3  8
3  6
3  4
3  10
3  9
3  10
3  5
3  10
3  7
3  7
3  6
3  8
3  6
3  10
3  6
3  9
3  6
3  9
3  8
3  8
3  6
3  4
3  10
3  7
3  8
3  9
3  8
3  9
3  5
3  6
3  6
3  8
3  6
3  7
3  7
3  5
3  9
3  8
3  4
3  9
3  6
3  9
3  8
3  10
3  9
3  8
3  9
3  8
3  5
3  6
3  4
3  8
3  4
3  7
3  5
3  9
3  5
3  5
3  5
3  10
3  5
3  9
3  9
3  10
3  7
3  5
3  9
3  4
3  5
3  10
3  10
3  8
3  10
3  6
3  10
3  10
3  8
3  8
3  9
3  4
3  8
3  7
3  5
3  5
3  10
3  4
3  7
3  9
3  9
3  9
3  6
3  8
3  9
3  4
3  5
3  9
3  9
3  6
3  5
3  6
3  5
3  10
3  10
3  7
3  4
3  7
3  7
3  9
3  5
3  7
3  4
3  4
3  9
3  8
3  4
3  6
3  4
3  7
3  5
3  7
3  5
3  9
3  9
3  8
3  8
3  4
3  8
3  7
3  6
3  7
3  7
3  10
3  10
3  6
3  8
3  10
3  9
3  6
3  4
3  6
3  9
3  10
3  10
3  8
3  8
3  10
3  10
3  4
3  9
3  5
3  9
3  6
3  7
3  10
3  4
3  4
3  5
3  9
3  8
3  5
3  6
3  8
3  6
3  8
3  4
3  10
3  10
3  10
3  10
3  7
3  9
3  9
3  6
3  7
3  4
3  9
3  7
3  8
3  10
3  6
3  7
3  9
3  5
3  6
3  5
3  4
3  9
3  9
3  4
3  5
3  6
3  9
3  4
3  8
3  4
3  10
3  10
4  -2
4  1
4  1
4  -2
4  -2
4  -1
4  2
4  -1
4  3
4  -3
4  -3
4  3
4  1
4  -1
4  2
4  -2
4  3
4  1
4  -1
4  -2
4  -3
4  3
4  -1
4  2
4  -1
4  -1
4  -2
4  0
4  1
4  3
4  -1
4  3
4  -3
4  1
4  1
4  2
4  -3
4  3
4  -2
4  0
4  -1
4  -3
4  -3
4  1
5  7
5  10
5  5
5  9
5  5
5  10
5  8
5  7
5  4
5  10
5  7
5  4
5  8
5  7
5  10
5  7
5  5
5  7
5  9
5  10
5  9
5  6
5  4
5  7
5  8
5  6
5  4
5  5
5  6
5  6
5  10
5  10
5  6
5  10
5  7
5  4
5  10
5  9
5  9
5  10
5  8
5  4
5  5
5  8
5  5
5  9
5  5
5  6
5  4
5  9
5  10
5  5
5  6
5  5
5  5
5  6
5  7
5  7
5  4
5  6
5  9
5  4
5  6
5  9
5  8
5  6
5  10
5  8
5  6
5  9
5  5
5  6
5  7
5  8
5  5
5  10
5  4
5  7
5  4
5  4
5  10
5  9
5  7
5  4
5  9
5  8
5  7
5  6
5  10
5  6
5  6
5  8
5  4
5  6
5  6
5  10
5  6
5  5
5  6
5  6
5  10
5  5
5  9
5  7
5  10
5  4
5  10
5  10
5  9
5  10
5  8
5  6
5  7
5  4
5  4
5  8
5  8
5  9
5  6
5  7
5  10
5  4
5  8
5  5
5  5
5  4
5  10
5  4
5  10
5  6
5  6
5  7
5  4
5  9
5  9
5  4
5  7
5  7
5  4
5  6
5  10
5  6
5  7
5  8
5  9
5  5
5  9
5  10
5  4
5  7
5  7
5  9
5  9
5  5
5  4
5  10
5  5
5  5
5  8
5  6
5  10
5  9
5  5
5  5
5  8
5  7
5  4
5  8
5  4
5  6
5  8
5  8
5  4
5  9
5  9
5  5
5  10
5  4
5  6
5  4
5  9
5  7
5  6
5  7
5  5
5  8
5  6
5  6
5  4
5  8
5  7
5  4
5  4
5  5
5  7
5  5
5  7
5  4
5  5
5  8
5  7
5  4
5  9
5  4
5  5
5  5
5  9
5  10
5  7
5  9
5  5
5  9
5  6
6  -9
6  -4
6  -10
6  -8
6  -6
6  -10
6  -10
6  -9
6  -7
6  -8
6  -6
6  -7
6  -6
6  -8
6  -8
6  -8
6  -7
6  -7
6  -9
6  -5
6  -6
6  -5
6  -9
6  -8
6  -9
6  -6
6  -6
6  -6
6  -8
6  -10
6  -4
6  -7
6  -6
6  -10
6  -4
6  -6
6  -4
6  -10
6  -8
6  -9
6  -8
6  -10
6  -8
6  -7
6  -10
6  -4
6  -5
6  -6
6  -4
6  -4
6  -4
6  -7
6  -8
6  -10
6  -8
6  -5
6  -10
6  -4
6  -10
6  -9
6  -6
6  -8
6  -7
6  -10
6  -7
6  -7
6  -8
6  -4
6  -4
6  -5
6  -7
6  -10
6  -6
6  -8
6  -7
6  -8
6  -4
6  -9
6  -7
6  -5
6  -8
6  -5
6  -6
6  -6
6  -10
6  -4
6  -8
6  -6
6  -8
6  -10
6  -10
6  -9
6  -8
6  -6
6  -10
6  -7
6  -7
6  -8
6  -5
6  -5
6  -4
6  -4
6  -4
6  -5
6  -4
6  -8
6  -10
6  -9
6  -8
6  -7
6  -7
6  -4
6  -10
6  -8
6  -9
6  -6
6  -10
6  -6
6  -10
6  -5
6  -10
6  -7
6  -9
6  -6
6  -6
6  -9
6  -4
6  -10
6  -6
6  -7
6  -10
6  -5
6  -9
6  -7
6  -8
6  -6
6  -6
6  -10
6  -8
6  -4
6  -10
6  -10
6  -8
6  -9
6  -9
6  -4
6  -6
6  -8
7  4
7  0
7  2
7  -1
7  -1
7  1
7  4
7  3
7  0
7  2
7  1
7  4
7  -1
7  4
7  2
7  4
7  4
7  -1
7  -2
7  4
7  4
7  -1
7  2
7  1
7  0
7  -1
7  -1
7  1
7  -2
7  -2
7  -1
7  4
7  -2
7  4
7  2
7  -1
7  0
7  4
7  3
7  2
7  4
7  3
7  2
7  4
7  1
7  4
7  4
7  -1
7  0
7  3
7  4
7  2
7  -1
7  3
7  0
7  -1
7  2
7  1
7  -1
7  3
7  -1
7  4
7  1
7  4
7  0
7  1
7  -2
7  4
7  0
7  -1
7  2
7  3
7  4
7  3
7  -2
7  1
7  -2
7  -2
7  4
7  2
7  2
7  0
7  0
7  1
7  0
7  -2
7  1
7  -1
7  1
7  4
7  3
7  3
7  4
7  4
7  1
7  2
7  2
7  -2
7  0
7  4
7  -2
7  1
7  0
7  -1
7  0
7  4
7  -1
7  -1
7  0
7  3
7  -2
7  4
7  -2
7  4
7  3
7  -2
7  2
7  0
7  2
7  -1
7  0
7  3
7  1
7  -2
7  -2
7  3
7  -2
7  2
7  3
7  0
7  2
7  -1
7  2
7  -2
7  -1
7  4
7  -2
7  4
7  3
7  0
7  3
7  0
7  3
7  2
7  4
7  0
7  2
7  3
7  1
7  -2
7  3
7  0
7  1
7  0
7  1
7  1
7  0
7  -1
7  -1
7  -2
7  2
7  1
7  4
7  0
7  2
7  1
7  1
7  3
7  1
7  -2
7  -2
7  -1
7  1
7  1
7  1
7  3
7  -2
7  1
7  0
7  4
7  3
7  1
7  3
7  0
7  -2
7  3
7  3
7  -1
7  3
7  3
7  4
7  2
7  -1
7  0
7  2
7  3
7  -1
7  -1
7  3
7  -1
7  0
7  0
7  1
7  -2
7  -2
7  -1
7  0
7  -2
7  -1
7  0
7  0
7  -1
7  0
7  0
7  4
7  3
7  -2
7  -1
7  2
7  -1
7  -2
7  0
7  2
7  1
7  3
7  4
7  0
7  3
7  -2
7  3
7  1
7  -1
7  -1
7  0
7  1
7  0
7  -2
7  2
7  -1
7  1
