1  -2
1  1
1  0
1  -1
1  0
1  1
1  0
1  -1
1  -1
1  0
1  -2
1  -1
1  0
1  2
1  -2
1  0
1  1
1  1
1  0
1  1
1  1
1  -1
1  -1
1  -2
1  -2
1  -2
1  1
1  0
1  0
1  0
1  1
1  2
1  0
1  1
1  1
1  -2
1  -1
1  -2
1  1
1  -2
1  0
1  0
1  -2
1  2
1  0
1  1
1  2
1  2
1  -2
1  0
1  -1
1  2
1  0
1  0
1  2
1  0
1  1
1  -2
1  2
1  -1
1  -2
1  -2
1  2
1  -1
1  2
1  -2
1  -1
1  -2
1  -2
1  -1
1  1
1  0
1  2
1  -1
1  -1
1  -2
1  2
1  0
1  -2
1  1
1  1
1  -2
1  -2
1  2
1  -1
1  1
1  -2
1  2
1  -1
1  2
1  -1
1  -1
1  2
1  1
1  -2
1  -1
1  -2
1  1
1  -2
1  -2
1  1
1  -2
1  1
1  2
1  -1
1  -1
1  1
1  0
1  -2
1  2
1  -1
1  1
1  1
1  0
1  0
1  0
1  1
1  2
1  1
1  -1
1  0
1  2
1  0
1  1
1  2
1  -1
1  2
1  2
1  2
1  0
1  -1
1  0
1  2
1  0
1  -2
1  1
1  1
1  -2
1  -2
1  2
1  0
1  2
1  0
1  0
1  1
1  2
1  -2
1  -2
1  -1
1  -1
1  0
1  -2
1  0
1  1
1  1
1  -2
1  -2
1  2
1  -1
1  1
1  2
1  1
1  1
1  1
1  2
1  1
1  -1
1  1
1  1
1  -1
1  -2
1  2
1  -1
1  -2
1  -1
1  1
1  -2
1  -1
1  -2
1  2
1  0
1  -1
1  0
2  -3
2  -4
2  -4
2  -3
2  -3
2  -4
2  -5
2  -1
2  -3
2  -4
2  -4
2  -1
2  -1
2  -5
2  -2
2  -4
2  -3
2  -1
2  -2
2  -5
2  -4
2  -1
2  -5
2  -5
2  -2
2  -2
2  -5
2  -2
2  -2
2  -2
2  -1
2  -4
2  -5
2  -1
2  -1
2  -2
2  -5
2  -5
2  -1
2  -5
2  -3
2  -1
2  -3
2  -3
2  -3
2  -2
2  -2
2  -5
2  -1
2  -1
2  -2
2  -4
2  -5
2  -5
2  -4
2  -4
2  -3
2  -5
2  -3
2  -5
2  -5
2  -2
2  -2
2  -5
2  -5
2  -4
2  -3
2  -3
2  -1
2  -1
2  -1
2  -3
2  -4
2  -1
2  -3
2  -3
2  -1
2  -4
2  -2
2  -2
2  -4
2  -1
2  -2
2  -3
2  -5
2  -1
2  -2
2  -3
2  -2
2  -1
2  -5
2  -1
2  -2
2  -3
2  -3
2  -5
2  -1
2  -1
2  -2
2  -2
2  -5
2  -4
2  -4
2  -4
2  -5
2  -4
2  -5
2  -1
2  -2
2  -2
2  -2
2  -5
2  -5
2  -3
2  -3
2  -1
2  -2
2  -2
2  -5
2  -5
2  -3
2  -1
2  -1
2  -4
2  -4
2  -1
2  -4
2  -5
2  -4
2  -1
2  -3
2  -2
2  -4
2  -3
2  -1
2  -4
2  -2
2  -1
2  -3
2  -4
2  -2
2  -2
2  -3
2  -1
2  -3
2  -5
2  -5
2  -2
2  -2
2  -4
2  -3
2  -1
2  -4
2  -1
2  -4
2  -5
2  -5
2  -3
2  -2
2  -2
2  -1
3  -3
3  -3
3  0
3  -1
3  0
3  0
3  -3
3  -1
3  0
3  -3
3  -3
3  0
3  0
3  -1
3  -2
3  -4
3  -2
3  -3
3  -1
3  0
3  0
3  -3
3  -3
3  -3
3  -1
3  0
3  -2
3  -4
3  0
3  0
3  0
3  -1
3  -4
3  -1
3  -1
3  -2
3  -3
3  0
3  -3
3  -4
3  0
3  -3
3  -2
3  -3
3  -4
3  -3
3  -2
3  -2
3  -2
3  0
3  -3
3  -4
3  -2
3  -1
3  -4
3  0
3  -2
3  -3
3  -1
3  0
3  -4
3  -3
3  -3
3  -2
3  -1
3  -1
3  -4
3  -1
3  -1
3  -4
3  -4
3  -1
3  -4
3  -2
3  -2
3  -3
3  -2
3  -1
3  -4
3  -3
3  0
3  -3
3  -3
3  -1
3  -3
3  -1
3  -4
3  -2
3  -4
3  -2
3  -2
3  -1
3  -3
3  -3
3  -2
3  -4
3  -3
3  0
3  -1
3  -3
3  -2
3  -4
3  -2
3  -1
3  0
3  -3
3  -3
3  0
3  -3
3  -3
3  0
3  -2
3  -2
3  -1
3  -1
3  -2
3  0
3  -1
3  -2
4  1
4  -1
4  1
4  -1
4  0
4  0
4  0
4  1
4  2
4  1
4  3
4  1
4  -1
4  2
4  1
4  3
4  -1
4  1
4  2
4  0
4  2
4  0
4  -1
4  0
4  0
4  -1
4  2
4  -1
4  1
4  3
4  3
4  0
4  3
4  2
4  -1
4  1
4  -1
4  1
4  1
4  -1
4  3
4  0
4  2
4  1
4  -1
4  0
4  1
4  3
4  0
4  1
4  3
4  3
4  2
4  0
4  2
4  2
4  1
4  2
4  -1
4  0
4  3
4  2
4  2
4  2
4  -1
4  0
4  -1
4  0
4  0
4  2
4  0
4  0
4  1
4  3
4  3
4  3
4  1
4  -1
4  0
4  3
4  1
4  3
4  -1
4  1
4  -1
4  1
4  3
4  2
4  -1
4  3
4  1
4  0
4  3
4  0
4  -1
4  3
4  2
4  0
4  -1
4  -1
4  2
4  2
4  2
4  2
4  1
4  3
4  3
4  0
4  3
4  0
4  2
4  0
4  2
4  2
4  1
4  0
4  2
4  2
4  3
4  -1
4  0
4  0
4  -1
4  -1
4  1
4  0
4  1
4  2
4  1
4  0
4  3
4  2
4  1
4  0
4  3
4  3
4  2
5  2
5  0
5  2
5  2
5  0
5  0
5  2
5  -1
5  0
5  3
5  2
5  -1
5  2
5  3
5  0
5  -1
5  3
5  -1
5  3
5  3
5  1
5  1
5  1
5  0
5  3
5  2
5  -1
5  -1
5  -1
5  2
5  0
5  2
5  0
5  1
5  1
5  1
5  1
5  3
5  3
5  -1
5  0
5  1
5  -1
5  1
5  1
5  0
5  0
5  3
5  0
5  2
5  -1
5  0
5  0
5  1
5  -1
5  -1
5  0
5  -1
5  1
5  -1
5  2
5  1
5  0
5  0
5  -1
5  1
5  2
5  0
5  0
5  2
5  3
5  3
5  -1
5  -1
5  2
5  3
5  0
5  -1
5  1
5  1
5  -1
5  1
5  -1
5  -1
5  1
5  3
5  1
5  1
5  2
5  0
5  1
5  0
5  1
5  -1
5  1
5  -1
5  -1
5  3
5  -1
5  0
5  3
5  0
5  0
5  0
5  0
5  -1
5  2
5  -1
5  -1
5  -1
5  -1
5  -1
5  0
5  2
5  0
5  2
5  1
5  2
5  1
5  2
5  1
5  2
5  0
5  0
5  -1
5  0
5  2
5  0
5  1
5  2
5  0
5  -1
5  3
5  2
5  -1
5  1
5  0
5  0
5  2
5  0
5  -1
5  0
5  -1
5  -1
5  -1
5  1
5  2
5  3
5  2
5  1
5  2
5  0
5  -1
5  1
5  3
5  2
5  2
5  -1
5  3
5  1
5  1
5  1
5  1
5  -1
5  -1
5  -1
5  1
5  2
5  1
5  2
5  -1
5  2
5  -1
5  1
5  1
5  3
5  -1
5  3
5  0
5  0
5  2
5  -1
5  3
5  3
5  -1
5  -1
5  1
5  1
5  -1
5  1
5  1
5  -1
5  -1
5  -1
5  -1
5  0
5  1
5  2
5  2
5  1
5  1
5  3
5  0
5  1
5  0
5  -1
5  2
6  6
6  7
6  5
6  3
6  7
6  6
6  4
6  5
6  5
6  7
6  3
6  3
6  4
6  7
6  5
6  3
6  7
6  3
6  6
6  5
6  6
7  -6
7  -5
7  -5
7  -4
7  -8
7  -8
7  -4
7  -4
7  -8
7  -8
7  -6
7  -6
7  -5
7  -6
7  -5
7  -5
7  -6
7  -7
7  -4
7  -5
7  -6
7  -6
7  -8
7  -6
7  -4
7  -7
7  -5
7  -4
7  -8
7  -5
7  -6
7  -5
7  -5
7  -4
7  -6
7  -8
7  -4
7  -8
7  -5
7  -5
7  -7
7  -7
7  -5
8  2
8  1
8  -1
8  -2
8  1
8  -2
8  0
8  -1
8  1
8  0
8  1
8  1
8  2
8  -2
8  -1
8  1
8  0
8  0
8  0
8  1
8  2
8  -1
8  -1
8  -2
8  1
8  2
8  1
8  1
8  -1
8  0
8  -2
8  2
8  1
8  2
8  -2
8  -2
8  1
9  -1
9  0
9  1
9  -1
9  -2
9  -2
9  0
9  -3
9  -3
9  1
9  0
9  0
9  -2
9  1
9  1
9  1
9  0
9  0
9  -1
9  -2
9  -2
9  -1
9  -2
9  -1
9  -2
9  -1
9  -1
9  -2
9  -3
9  1
9  0
9  -2
9  0
9  -2
9  0
9  0
9  -2
9  1
9  -2
9  -2
9  -3
9  -1
9  -3
9  -1
9  1
9  -2
9  1
9  0
9  1
9  0
9  1
9  -1
9  -3
9  -2
9  -3
9  0
9  0
9  -2
9  -2
9  1
9  -1
9  1
9  1
9  1
9  -2
9  -3
9  -1
9  -2
9  -1
10  5
10  6
10  4
10  2
10  6
10  5
10  4
10  3
10  6
10  2
10  4
10  5
10  4
10  6
10  6
10  2
10  6
10  2
10  4
10  3
10  5
10  3
10  6
