1  -5
1  -4
1  -4
1  -4
1  -5
1  -5
1  -4
1  -3
1  -4
1  -5
1  -5
1  -3
1  -3
1  -5
1  -3
1  -3
1  -3
1  -3
1  -3
1  -4
1  -4
1  -5
1  -4
1  -4
1  -3
1  -4
1  -4
1  -3
1  -3
1  -4
1  -4
1  -5
1  -4
1  -5
1  -4
1  -4
1  -3
1  -4
1  -3
1  -4
1  -3
1  -3
1  -3
1  -5
1  -4
1  -3
1  -3
1  -3
1  -3
1  -3
1  -4
1  -5
1  -5
1  -4
1  -3
1  -5
1  -4
1  -4
1  -3
1  -5
1  -5
1  -5
1  -3
1  -5
1  -5
1  -5
1  -4
1  -4
1  -4
1  -4
1  -4
1  -5
1  -5
1  -4
1  -3
1  -4
1  -4
1  -5
1  -4
1  -4
1  -4
1  -3
1  -4
1  -4
1  -5
1  -4
1  -5
1  -3
1  -5
1  -3
1  -5
1  -5
1  -5
1  -4
1  -4
1  -5
1  -3
1  -5
1  -3
1  -5
1  -4
1  -5
1  -5
1  -5
1  -5
1  -4
1  -5
1  -4
1  -4
1  -4
1  -5
1  -5
1  -5
1  -5
1  -4
1  -3
1  -4
1  -5
1  -4
1  -3
1  -4
1  -4
1  -4
1  -5
1  -5
1  -4
1  -5
1  -3
1  -4
1  -3
1  -5
1  -5
1  -5
1  -3
1  -5
1  -3
1  -5
1  -5
1  -3
1  -5
1  -3
1  -3
1  -4
1  -3
1  -4
1  -4
1  -3
1  -5
1  -3
1  -3
1  -5
1  -4
1  -4
1  -5
1  -3
1  -5
1  -5
1  -5
1  -3
1  -5
1  -3
1  -3
1  -3
1  -4
1  -5
1  -4
1  -4
1  -4
1  -5
1  -4
1  -5
1  -3
1  -5
1  -5
1  -3
1  -4
1  -5
1  -3
1  -4
1  -5
1  -4
1  -4
1  -4
1  -3
1  -5
1  -3
1  -4
2  -1
2  0
2  -1
2  0
2  0
2  -1
2  1
2  0
2  0
2  -1
2  0
2  0
2  -1
2  0
2  1
2  1
2  -1
2  1
2  0
2  -1
2  0
2  0
2  0
2  -1
2  1
2  1
2  1
2  0
2  -1
2  -1
2  0
2  1
2  0
2  1
2  -1
2  -1
2  1
2  -1
2  1
2  -1
2  1
2  -1
2  0
2  -1
2  0
2  1
2  1
2  0
2  1
2  1
2  1
2  1
2  -1
2  1
2  1
2  0
2  1
2  1
2  -1
2  -1
2  1
2  1
2  1
2  1
2  -1
2  0
2  -1
2  1
2  1
2  -1
2  -1
2  -1
2  0
2  1
2  1
2  0
2  1
2  -1
2  1
2  1
2  0
2  -1
2  1
2  1
2  -1
2  -1
2  1
2  1
2  1
2  1
2  1
2  -1
2  1
2  0
2  -1
2  1
2  0
2  1
2  0
2  0
2  -1
2  0
2  0
2  1
2  0
2  0
2  1
2  -1
2  0
2  1
2  1
2  1
2  0
2  -1
2  1
2  1
2  0
2  -1
2  1
2  -1
2  0
2  0
2  1
2  0
2  0
2  1
2  1
2  -1
2  0
2  0
2  -1
2  0
2  0
2  -1
2  1
2  1
2  0
2  0
2  0
2  -1
2  1
2  0
2  -1
2  0
2  -1
2  -1
2  0
2  1
2  0
2  1
2  -1
2  1
2  -1
2  1
2  -1
2  0
2  -1
2  1
2  -1
2  -1
2  1
2  -1
2  0
2  0
2  1
2  1
2  -1
2  -1
2  1
2  1
2  0
2  -1
2  0
2  1
2  -1
2  -1
2  -1
2  1
2  -1
2  0
2  0
2  0
2  0
2  0
2  0
2  1
2  0
2  1
2  -1
2  0
2  -1
2  1
2  0
2  -1
2  1
2  0
2  0
2  -1
3  -7
3  -7
3  -6
3  -7
3  -6
3  -7
3  -5
3  -5
3  -6
3  -5
3  -7
3  -5
3  -7
3  -7
3  -5
3  -7
3  -6
3  -6
3  -5
3  -7
3  -5
3  -6
3  -6
3  -6
3  -6
3  -7
3  -7
3  -7
3  -7
3  -6
3  -5
3  -6
3  -7
3  -7
3  -6
3  -7
3  -7
3  -6
3  -5
3  -6
3  -6
3  -6
3  -7
3  -6
3  -6
3  -7
3  -5
3  -6
3  -7
3  -7
3  -5
3  -5
3  -7
3  -6
3  -7
3  -5
3  -7
3  -7
3  -7
3  -6
3  -7
3  -7
3  -6
3  -6
3  -6
3  -5
3  -5
3  -7
3  -7
3  -7
3  -5
3  -7
3  -6
3  -7
3  -7
3  -7
3  -7
3  -7
3  -6
3  -7
3  -6
3  -5
3  -6
3  -7
3  -5
3  -6
3  -5
3  -5
3  -7
3  -7
3  -7
3  -7
3  -7
3  -7
3  -5
3  -5
3  -7
3  -6
3  -6
3  -5
3  -6
3  -6
3  -7
3  -5
3  -7
3  -7
3  -7
3  -5
3  -5
3  -7
3  -5
3  -5
3  -5
3  -7
3  -6
3  -7
3  -6
3  -7
3  -5
3  -7
3  -6
3  -7
3  -5
4  -3
4  -5
4  -5
4  -5
4  -3
4  -3
4  -3
4  -5
4  -4
4  -5
4  -5
4  -5
4  -3
4  -3
4  -5
4  -4
4  -5
4  -4
4  -3
4  -5
4  -4
4  -3
4  -3
4  -3
4  -3
4  -3
4  -5
4  -4
4  -5
4  -3
4  -4
4  -4
4  -3
4  -3
4  -3
5  4
5  2
5  2
5  3
5  2
5  4
5  3
5  3
5  3
5  3
5  2
5  3
5  2
5  2
5  2
5  2
5  3
5  2
5  2
5  4
5  3
5  4
5  2
5  2
5  4
5  4
5  2
5  3
5  4
5  3
5  3
5  2
5  3
5  3
5  4
5  4
5  4
5  4
5  4
5  2
5  2
5  4
5  2
5  2
5  3
5  4
5  4
5  4
5  2
5  2
5  4
5  2
5  2
5  4
5  2
5  3
5  3
5  3
5  2
5  2
5  3
5  2
5  2
5  3
5  4
5  4
5  3
5  3
5  4
5  2
5  3
5  3
5  4
5  2
5  4
5  4
5  2
5  4
5  3
5  3
5  2
5  2
5  2
5  3
5  2
5  2
5  4
5  4
5  3
5  4
5  2
5  2
5  3
5  3
5  3
5  2
5  3
5  4
5  3
5  4
5  4
5  3
5  4
5  4
5  2
5  2
5  4
5  4
5  2
5  4
5  2
5  3
5  4
5  4
5  3
5  2
5  3
5  3
5  4
5  2
5  3
5  4
5  2
5  4
5  4
5  4
5  3
5  3
5  4
5  3
5  3
5  2
5  2
5  3
5  3
5  2
5  2
5  2
5  3
5  4
5  4
5  4
5  4
5  4
5  2
5  4
5  4
5  2
5  2
5  4
5  3
5  4
5  2
5  2
5  2
5  4
5  3
5  2
5  2
5  4
5  4
5  3
5  2
5  2
5  2
5  3
5  4
5  3
5  2
5  3
5  4
5  2
5  2
5  4
5  3
5  3
5  4
5  2
5  2
5  2
5  4
5  2
5  3
5  3
5  2
5  2
5  4
5  3
5  2
5  4
5  4
5  4
5  3
5  4
5  4
5  3
5  2
5  3
5  3
5  3
5  2
5  4
5  2
5  3
5  2
5  2
5  4
5  4
5  4
5  4
5  3
5  2
5  3
5  2
5  3
5  4
5  4
5  4
5  4
5  4
5  2
5  3
5  4
5  2
5  3
5  4
5  4
5  4
5  4
5  4
5  2
5  4
5  3
5  2
5  4
5  4
5  4
5  3
5  4
5  3
5  3
5  2
5  3
5  3
5  4
5  3
5  3
5  3
5  2
5  3
5  2
5  3
5  2
5  3
5  3
5  4
5  2
5  2
5  4
5  4
5  4
5  2
5  2
5  2
5  3
5  2
5  4
5  4
5  2
6  5
6  6
6  6
6  7
6  7
6  7
6  5
6  6
6  6
6  6
6  5
6  5
6  7
6  6
6  5
6  7
6  7
6  5
6  5
6  5
6  7
6  6
6  7
6  6
6  7
6  7
6  6
6  7
6  6
6  6
6  5
6  5
6  5
6  6
6  5
6  6
6  5
6  5
6  7
6  5
6  6
6  5
6  6
6  7
6  6
6  6
6  6
6  5
6  6
6  5
6  7
6  5
6  6
6  5
6  6
6  6
6  5
6  6
6  7
6  7
6  7
6  5
6  5
6  7
6  5
6  6
6  6
6  5
6  7
6  7
6  7
6  6
6  7
6  6
6  6
6  6
6  6
6  5
6  5
6  5
6  6
6  6
6  7
6  6
6  7
6  5
6  7
6  5
6  7
6  7
6  7
6  5
6  5
6  6
6  5
6  6
6  7
6  7
7  4
7  4
7  2
7  3
7  2
7  2
7  4
7  4
7  2
7  4
7  2
7  4
7  3
7  2
7  4
7  3
7  2
7  2
7  4
7  4
7  2
7  2
7  2
7  3
7  2
7  2
7  3
7  2
7  3
7  3
7  4
7  4
7  4
7  2
7  2
7  3
7  4
7  2
7  3
7  2
7  2
7  2
7  2
7  2
7  3
7  2
7  2
7  4
7  2
7  4
7  3
7  4
7  4
7  2
7  3
7  3
7  4
7  2
7  2
7  3
7  3
7  3
7  4
7  2
7  3
7  4
7  4
7  4
7  3
7  3
7  3
7  3
7  2
7  3
7  4
7  3
7  4
7  3
7  4
7  3
7  4
7  4
7  4
7  2
7  4
7  3
7  3
7  4
7  2
7  4
