1  8
1  9
1  2
1  14
1  1
1  9
1  13
1  0
1  6
1  10
1  6
1  12
1  12
1  14
1  9
1  12
1  9
1  10
1  3
1  3
1  12
1  3
1  2
1  0
1  12
1  11
1  7
1  11
1  8
1  0
1  1
1  11
1  2
1  12
1  10
1  14
1  6
1  7
1  13
1  2
1  12
1  10
1  13
1  11
1  4
1  6
1  13
1  10
1  13
1  1
1  5
1  4
1  14
1  12
1  2
1  5
1  8
1  12
1  11
1  14
1  14
1  4
1  2
1  2
1  14
1  3
1  0
1  8
1  14
1  14
1  1
1  12
1  3
1  4
1  1
1  5
1  12
1  13
1  7
1  2
1  7
1  11
1  5
1  1
1  10
1  0
1  8
1  12
1  3
1  4
1  12
1  3
1  11
1  5
1  14
1  0
1  3
1  14
1  11
1  8
1  11
1  10
1  12
1  9
1  13
1  11
1  8
1  4
1  5
1  12
1  8
1  7
1  14
1  5
1  2
1  14
1  12
1  13
1  13
1  14
1  5
1  12
1  0
1  13
1  9
1  11
1  8
1  2
1  12
1  5
1  5
1  13
1  2
1  4
1  3
1  12
1  14
1  13
1  8
1  11
1  7
1  7
1  14
1  0
1  7
1  8
1  4
1  12
1  13
1  2
1  7
1  14
1  4
1  13
1  2
1  12
1  0
1  8
1  12
1  6
1  4
1  7
1  1
1  6
1  4
1  0
1  1
1  4
1  5
1  8
1  7
1  4
1  9
1  2
1  6
1  1
1  11
1  11
1  2
1  11
1  10
1  6
1  11
1  4
1  1
1  1
1  7
1  0
1  13
1  10
1  8
1  11
1  5
1  10
1  1
1  10
1  11
1  4
1  6
1  7
1  11
1  8
1  8
1  11
1  14
1  10
1  12
1  4
1  7
1  5
2  -6
2  -5
2  -2
2  4
2  -5
2  -8
2  -9
2  -3
2  -2
2  -9
2  -7
2  -5
2  -7
2  2
2  -5
2  1
2  -4
2  -2
2  -1
2  -9
2  4
2  -2
2  -3
2  -1
2  -9
2  -5
2  -1
2  -8
2  -2
2  -5
2  3
2  -1
2  -6
2  -9
2  -6
2  4
2  2
2  2
2  4
2  -9
2  -6
2  1
2  -5
2  -3
2  3
2  -3
2  3
2  2
2  1
2  -8
2  5
2  -9
2  -9
2  -7
2  2
2  -1
2  2
2  -5
2  -7
2  -9
2  -4
2  -3
2  -3
2  -9
2  -1
2  4
2  4
2  1
2  -4
2  -5
2  -3
2  -7
2  -3
2  -3
2  -7
2  1
2  -9
2  4
2  -6
2  -1
2  -7
2  -4
2  -6
2  3
2  -4
2  -1
2  -9
2  2
2  -6
2  -6
2  -4
2  -1
2  0
2  -8
2  4
2  -8
2  4
2  3
2  -3
2  -3
2  0
2  4
2  5
2  -5
2  -6
2  4
2  -3
2  -4
2  -8
2  -6
2  -5
2  1
2  5
2  3
2  0
2  2
2  -9
2  0
2  -9
2  -7
2  3
2  -2
2  -8
2  5
2  -7
2  -9
2  -1
2  4
2  5
2  4
2  2
2  -2
2  -2
2  -8
2  3
2  4
2  4
2  -4
2  -5
2  -8
2  -9
2  2
2  3
2  -5
2  -8
2  2
3  6
3  10
3  13
3  11
3  4
3  1
3  3
3  2
3  5
3  4
3  9
3  4
3  5
3  2
3  2
3  3
3  2
3  5
3  2
3  13
3  5
3  4
3  7
3  0
3  5
3  3
3  3
3  0
3  10
3  3
3  14
3  12
3  7
3  12
3  7
3  4
3  2
3  8
3  1
3  3
3  3
3  12
3  0
3  12
3  10
3  4
3  8
3  3
3  10
3  2
3  8
3  0
3  4
3  11
3  6
3  14
3  14
3  6
3  14
3  12
3  4
3  8
3  6
3  1
3  13
3  10
3  1
3  13
3  8
3  10
3  14
3  5
3  9
3  2
3  6
3  9
3  1
3  14
3  4
3  11
3  14
3  3
3  3
3  3
3  9
3  0
3  14
3  9
3  2
3  11
3  6
3  6
3  13
3  6
3  8
3  2
3  13
3  4
3  9
3  9
3  7
3  12
3  6
3  13
3  12
3  2
3  10
3  12
4  3
4  0
4  8
4  -5
4  -4
4  0
4  4
4  -4
4  -5
4  8
4  -1
4  -5
4  5
4  5
4  -5
4  1
4  -2
4  -3
4  -1
4  9
4  -3
4  1
4  -3
4  1
4  5
4  -2
4  9
4  -2
4  -4
4  4
4  0
4  9
4  1
4  2
4  1
4  -2
4  8
4  -1
4  5
4  3
4  8
4  9
4  9
4  -3
4  5
4  1
4  -2
4  -3
4  3
4  0
4  5
4  1
4  2
4  5
4  -1
4  -1
4  4
4  -5
4  9
4  -5
4  -3
4  1
4  0
4  2
4  7
4  9
4  0
4  -1
4  0
4  6
4  0
4  -1
4  4
4  -1
4  -5
4  -3
4  2
4  8
4  -1
4  -3
4  -3
4  7
4  6
4  9
4  3
4  7
4  -2
4  -4
4  -5
4  1
4  -1
4  5
4  -1
4  -2
4  2
4  4
4  6
4  5
4  7
4  0
4  7
4  9
4  -2
4  4
4  1
4  -4
4  -2
4  5
4  -4
4  -2
4  3
4  1
4  6
4  8
4  -2
4  3
4  6
4  5
4  0
4  4
4  1
4  8
4  -3
4  -2
4  -2
4  -5
4  0
4  6
4  4
4  7
4  0
4  -5
4  -3
4  -4
4  1
4  -3
4  -3
4  -1
4  -1
4  1
4  6
4  7
4  1
4  7
4  7
4  -5
4  -5
4  7
4  -5
4  8
4  -4
4  -4
4  -1
4  -1
4  3
4  -3
4  -3
4  6
4  8
4  -5
4  -4
4  1
4  -5
4  -2
4  8
4  -5
5  -7
5  -4
5  -1
5  -4
5  -13
5  -3
5  0
5  -7
5  -9
5  -2
5  -10
5  -3
5  -1
5  -11
5  -11
5  -8
5  -7
5  0
5  -7
5  -4
5  0
5  -4
5  -2
5  -5
5  -14
5  -13
5  -7
5  0
5  -13
5  -4
5  0
5  -12
5  -2
5  -1
5  -12
5  -9
5  -8
5  -9
5  -12
5  -4
5  -1
5  -13
5  -13
5  -5
5  0
5  -6
5  -8
5  -7
5  -13
5  -6
5  0
5  -6
5  -11
5  -4
5  -1
5  -13
5  -10
5  -11
5  0
5  -1
5  -1
5  -5
5  -13
5  -14
5  -10
5  -13
5  -14
5  -14
5  -10
5  -10
5  -5
5  -11
5  -3
5  -9
5  -14
5  -14
5  0
5  0
5  -6
5  -5
5  -5
5  -1
5  -4
5  -9
5  -11
5  -9
5  -11
5  -6
5  -4
5  -3
5  -5
5  -13
5  -2
5  -12
5  -6
5  -6
5  -12
5  -12
5  -5
5  -13
5  -7
5  -1
5  -6
5  -5
5  -12
5  -7
5  -10
5  -2
5  -8
5  -4
5  -11
5  -9
5  -2
5  -1
5  -2
5  -3
5  -9
5  -11
5  -11
5  -6
5  -11
5  -14
5  -9
5  -5
5  -9
5  -7
5  -1
5  -7
5  -2
5  0
5  -1
5  -13
5  -10
5  -7
5  -14
5  -7
5  -2
5  -11
5  -9
5  -9
5  -1
5  -10
5  -9
5  -6
5  -7
5  -14
5  -9
5  -9
5  -2
5  -8
5  -5
5  -4
5  -12
5  -13
5  -13
5  -11
5  -13
5  -14
5  -13
5  -7
5  -14
5  -13
5  -7
5  -5
5  -7
5  -7
5  -5
5  -7
5  -4
5  -14
5  -1
5  -13
5  -8
5  -3
5  -1
5  -8
5  -1
5  -8
5  -12
5  -3
5  -9
5  -2
5  -4
5  -9
5  -14
5  -4
5  -10
5  -5
5  -10
5  -14
5  -2
5  -12
5  -11
5  -6
5  -3
5  -2
5  -12
5  -5
5  -12
5  -13
5  -7
5  -14
5  -7
5  -12
5  -13
5  -13
5  -13
5  -9
5  -2
5  -9
5  -6
5  -7
5  -12
5  -2
5  -9
5  -6
5  -1
5  -11
5  -8
5  -3
5  -11
5  -6
5  -7
5  0
5  -2
5  -4
5  -3
5  -13
5  -7
5  -1
5  -11
5  -12
5  -1
6  9
6  3
6  7
6  1
6  6
6  5
6  5
6  13
6  5
6  4
6  13
6  8
6  3
6  12
6  8
6  5
6  7
6  7
6  7
6  6
6  1
6  4
6  11
6  13
6  7
6  12
6  6
6  5
6  13
6  6
6  12
6  11
6  7
6  6
6  7
6  11
6  0
6  3
6  14
6  5
6  14
6  11
6  5
6  3
6  10
6  6
6  0
6  0
6  10
6  0
6  7
6  3
6  0
6  10
6  6
6  3
6  7
6  13
6  10
6  12
6  9
6  1
6  13
6  6
6  13
6  14
6  3
6  0
6  2
6  10
6  6
6  12
6  2
6  7
6  8
6  3
6  11
6  9
6  12
6  0
6  4
6  2
6  7
6  2
6  4
6  10
6  10
6  9
6  8
6  1
6  10
6  10
6  11
6  4
6  14
6  13
6  4
6  13
6  12
6  0
6  0
6  14
6  0
6  3
6  9
6  5
6  10
6  0
6  0
6  10
6  4
6  12
6  6
6  7
6  6
6  6
6  8
6  8
6  8
6  4
6  5
6  2
6  9
6  2
6  6
6  10
6  7
6  14
6  14
6  8
6  4
6  8
6  14
6  9
6  13
6  1
6  11
