1  -1
1  0
1  1
1  0
1  0
1  -1
1  1
1  1
1  1
1  0
1  0
1  0
1  0
1  0
1  1
1  -1
1  -1
1  -1
1  -1
1  0
1  1
1  0
1  1
1  0
1  -1
1  -1
1  0
1  0
1  -1
1  -1
1  0
1  0
1  0
1  1
1  -1
1  1
1  1
1  1
1  -1
1  0
1  0
1  -1
1  -1
1  -1
1  -1
1  0
1  1
1  -1
1  1
1  0
1  0
1  0
1  0
1  0
1  0
1  1
1  -1
1  -1
1  0
1  1
1  0
1  0
1  0
1  -1
1  -1
1  -1
1  -1
1  1
1  0
1  1
1  -1
1  -1
1  0
1  1
1  0
1  0
1  1
1  1
1  -1
1  -1
1  1
1  0
1  -1
1  1
1  1
1  -1
1  -1
1  0
1  -1
1  0
1  0
1  0
1  1
1  0
1  -1
1  1
1  -1
1  0
1  0
1  -1
1  1
1  -1
1  0
1  0
1  1
1  1
1  -1
1  1
1  -1
1  -1
1  0
1  0
1  1
1  0
1  -1
1  -1
1  1
1  -1
1  0
1  0
1  -1
1  0
2  2
2  2
2  4
2  2
2  4
2  3
2  4
2  4
2  4
2  4
2  3
2  2
2  2
2  2
2  2
2  4
2  3
2  3
2  4
2  2
2  2
2  3
2  4
2  3
2  4
2  3
2  3
2  2
2  3
2  4
2  3
2  4
2  3
2  2
2  3
2  3
2  2
2  3
2  3
2  2
2  3
2  3
2  2
2  2
2  2
2  3
2  3
2  3
2  2
2  4
2  3
2  3
2  4
2  3
2  2
2  2
2  4
2  4
2  3
2  4
2  4
2  2
2  3
2  3
2  3
2  2
2  2
2  3
2  2
2  2
2  3
2  3
2  4
2  2
2  4
2  3
2  3
2  2
2  3
2  4
2  4
2  3
2  2
2  4
2  4
2  4
2  3
2  2
2  3
2  2
2  4
2  3
2  2
2  4
2  2
2  4
2  3
2  4
2  3
2  2
2  3
2  2
2  3
2  3
2  3
2  2
2  3
2  4
2  3
2  4
2  4
2  2
2  3
2  3
2  4
2  2
2  2
2  2
2  3
2  4
2  3
2  4
2  3
2  3
2  2
2  3
2  3
2  2
2  3
2  2
2  4
2  2
2  2
2  2
2  2
2  3
2  3
2  2
2  2
2  2
2  2
2  4
2  4
2  2
2  4
2  4
2  3
2  3
2  4
2  2
2  3
2  2
2  4
2  2
3  3
3  3
3  2
3  4
3  4
3  4
3  2
3  2
3  3
3  3
3  3
3  4
3  4
3  3
3  4
3  3
3  4
3  4
3  3
3  2
3  3
3  2
3  2
3  4
3  3
3  3
3  3
3  2
3  4
3  2
3  3
3  4
3  2
3  2
3  4
3  4
3  3
3  2
3  2
3  3
3  2
3  4
3  2
3  4
3  4
3  3
3  4
3  2
3  4
3  4
3  4
3  2
3  3
3  2
3  3
3  2
3  3
3  2
3  2
3  2
3  4
3  4
3  3
3  4
3  2
3  2
3  2
3  4
3  3
3  4
3  3
3  2
3  4
3  2
3  4
3  2
3  3
3  4
3  3
3  4
3  4
3  2
3  2
3  3
3  3
3  3
3  4
3  2
3  2
3  3
3  2
3  3
3  2
3  4
3  2
3  2
3  2
3  2
3  3
3  3
3  4
3  3
3  4
3  2
3  2
3  2
3  2
3  3
3  4
3  3
3  2
3  4
3  2
3  4
3  3
3  4
3  3
3  3
3  4
3  3
3  4
3  3
3  2
3  2
3  3
3  3
3  3
3  2
3  4
3  2
3  3
3  3
3  2
3  3
3  2
3  2
3  2
3  4
3  2
3  4
3  4
3  2
3  2
3  4
3  4
3  3
3  4
3  3
3  3
3  4
3  3
3  4
3  4
3  3
3  2
3  3
3  2
3  3
3  2
3  3
3  2
3  2
3  4
3  2
3  2
3  3
3  3
3  3
3  2
3  2
3  2
3  4
3  3
3  4
3  3
3  3
3  2
3  3
3  3
3  2
3  4
3  4
3  2
3  4
3  4
3  3
3  3
3  2
3  2
3  2
3  2
3  4
3  4
3  2
3  2
4  2
4  1
4  1
4  0
4  1
4  2
4  0
4  1
4  0
4  1
4  0
4  0
4  2
4  2
4  0
4  2
4  1
4  1
4  1
4  0
4  1
4  0
4  1
4  0
4  1
4  0
4  0
4  2
4  0
4  2
4  2
4  0
4  2
4  1
4  2
4  1
4  0
4  1
4  1
4  0
4  1
4  1
4  0
4  0
4  2
4  0
4  0
4  2
4  1
4  2
4  1
4  0
4  1
4  1
4  0
4  2
4  0
4  1
4  0
4  1
4  2
4  1
4  0
4  0
4  0
4  1
4  2
4  0
4  0
4  0
4  2
4  1
4  2
4  0
4  2
4  2
4  1
4  0
4  0
4  2
4  1
4  0
4  2
4  2
4  2
4  1
4  2
4  1
4  0
4  2
4  0
4  2
4  2
4  2
4  2
4  2
4  2
4  1
4  0
4  2
4  1
4  1
4  1
4  1
4  1
4  0
4  2
4  0
4  2
4  2
4  1
4  2
4  0
4  2
4  0
4  2
4  0
4  2
4  0
4  0
4  0
4  0
4  0
4  0
4  0
4  2
4  2
4  0
4  0
4  0
4  2
4  1
4  2
4  2
4  0
4  0
4  2
4  0
4  1
4  1
4  0
4  1
4  2
4  0
4  0
4  1
4  2
4  2
4  2
4  1
4  0
4  0
4  0
4  2
4  1
4  2
4  2
4  2
4  1
4  1
4  1
4  1
4  0
4  2
4  0
4  0
4  2
4  0
4  0
4  2
4  1
4  0
4  1
4  0
5  0
5  1
5  2
5  1
5  2
5  2
5  1
5  0
5  0
5  0
5  2
5  0
5  1
5  2
5  1
5  0
5  2
5  0
5  1
5  1
5  1
5  1
5  1
5  2
5  0
5  0
5  2
5  2
5  0
5  2
5  2
5  1
5  2
5  0
5  0
5  1
5  2
5  2
5  1
5  2
5  1
5  2
5  1
5  1
5  1
5  1
5  0
5  1
5  2
5  2
5  0
5  2
5  0
5  0
5  1
6  0
6  2
6  2
6  1
6  1
6  1
6  2
6  1
6  1
6  2
6  0
6  2
6  0
6  2
6  2
6  2
6  1
6  0
6  2
6  1
6  2
6  0
6  2
6  2
6  0
6  0
6  1
6  0
6  0
6  0
6  2
6  1
6  0
6  2
6  2
6  0
6  2
6  1
6  0
6  2
6  0
6  0
6  0
6  1
6  1
6  2
6  1
6  0
6  2
6  1
6  0
6  0
6  0
6  1
6  1
6  0
6  0
6  2
6  2
6  2
6  2
6  0
6  0
6  2
6  0
6  0
6  1
6  0
6  1
6  2
6  0
6  2
6  0
6  0
6  0
6  2
6  0
6  1
6  0
6  2
6  0
6  0
6  1
6  2
6  1
6  0
6  0
6  2
6  2
6  0
6  2
6  0
6  1
6  2
6  0
6  2
6  1
6  2
6  2
6  1
6  0
6  2
6  0
6  0
6  2
6  2
6  2
6  0
6  1
6  2
6  0
6  2
6  2
6  0
6  1
6  0
6  0
6  0
6  0
6  1
6  0
6  0
6  2
6  0
6  2
6  2
6  0
6  0
6  2
6  0
6  1
6  1
6  2
6  1
6  2
6  0
6  2
6  2
6  0
6  0
6  0
6  0
6  2
6  1
6  1
6  2
6  2
6  0
6  1
6  1
6  0
6  0
6  2
6  2
6  2
7  2
7  3
7  3
7  3
7  3
7  3
7  1
7  3
7  3
7  2
7  3
7  3
7  1
7  2
7  2
7  3
7  1
7  1
7  3
7  1
7  2
7  2
7  3
7  1
7  2
7  2
7  2
7  3
7  2
7  3
7  3
7  3
7  2
7  1
7  1
7  1
7  2
7  1
7  2
7  1
7  1
7  1
7  1
7  1
7  1
7  3
7  3
7  3
7  3
7  1
7  2
7  2
7  3
7  2
7  2
7  3
7  3
7  2
7  3
7  3
7  3
7  2
7  1
7  2
7  2
7  3
7  1
7  1
7  3
7  1
7  1
7  1
7  1
7  1
7  2
7  1
7  2
7  2
7  1
7  2
7  1
7  3
7  2
7  2
7  2
7  2
7  2
7  3
7  1
7  1
7  3
7  1
7  1
7  1
7  3
7  2
7  1
7  2
7  2
7  2
7  1
7  3
7  3
7  3
7  2
7  3
7  3
7  1
7  3
7  3
7  2
7  2
7  1
7  2
7  2
7  2
7  3
7  1
7  1
7  2
7  1
7  3
7  3
7  3
7  2
7  1
7  3
7  3
7  2
7  2
7  2
7  3
7  3
7  3
7  3
7  3
7  1
7  2
7  1
7  2
7  1
7  1
7  1
7  2
7  2
