1  1
1  0
1  0
1  1
1  3
1  0
1  1
1  4
1  0
1  4
1  4
1  4
1  1
1  2
2  -2
2  -4
2  -3
2  -3
2  -1
2  -1
2  -4
2  -1
2  0
2  -3
2  -4
2  -3
2  0
2  -1
2  0
2  -1
2  -3
2  -4
2  -3
2  0
2  -4
2  -4
2  -3
2  -4
2  -4
2  -3
2  0
2  -1
2  -3
2  -4
2  -2
2  -2
2  -3
2  -2
2  -2
2  -3
2  -4
2  -1
2  -3
2  0
2  -3
2  -1
2  -1
2  -2
2  0
2  -4
2  -2
2  -4
2  -4
2  -1
2  -2
2  0
2  -1
2  -3
2  -1
2  -2
2  -1
2  0
2  0
2  0
2  -3
2  -4
2  -3
2  -2
2  -4
2  -1
2  -4
2  -4
2  -3
2  -1
2  -4
2  -4
2  -1
2  0
2  -4
2  -3
2  0
3  -8
3  -8
3  -6
3  -5
3  -6
3  -6
3  -8
3  -5
3  -9
3  -6
3  -6
3  -5
4  2
4  0
4  2
4  1
4  -1
4  0
4  1
4  0
4  -1
4  0
4  2
4  3
4  0
4  2
4  3
4  -1
4  1
4  2
4  3
4  -1
4  -1
4  3
4  0
4  0
4  -1
4  -1
4  1
4  2
4  3
4  1
4  2
4  0
4  3
4  -1
4  3
4  1
4  3
4  1
4  3
4  1
4  -1
4  2
4  0
4  -1
4  0
4  1
4  2
4  3
4  1
4  0
4  3
4  1
4  0
4  3
4  2
4  -1
4  2
4  2
4  -1
4  1
4  -1
4  -1
4  3
4  1
4  2
4  0
4  -1
4  3
4  -1
4  -1
4  1
4  -1
4  2
4  1
4  -1
4  2
4  -1
4  1
4  0
4  2
4  2
4  1
4  -1
4  3
4  2
4  -1
4  1
4  1
4  -1
4  3
4  1
4  2
4  0
4  2
4  -1
4  1
4  -1
4  1
4  2
4  1
4  3
4  2
4  3
4  -1
4  0
4  1
4  2
4  2
4  3
4  1
4  0
4  2
4  2
4  2
4  2
4  2
4  1
4  0
4  1
4  1
4  3
4  3
4  2
4  0
4  1
4  0
4  2
4  3
4  1
4  -1
4  1
4  0
4  2
4  3
4  -1
4  0
4  3
4  1
4  1
4  -1
4  2
4  -1
4  1
5  2
5  -1
5  2
5  2
5  0
5  -1
5  0
5  -2
5  -2
5  -1
5  -1
5  -2
5  -1
5  0
5  2
5  1
5  -1
5  2
5  0
5  -1
5  1
5  2
5  -2
5  -2
5  1
5  1
5  -1
5  1
5  -1
5  2
5  -1
5  0
5  -2
5  -2
5  2
5  1
5  1
5  -1
5  0
5  2
5  0
5  -1
5  -1
5  2
5  -1
5  2
5  2
5  -2
5  0
5  0
5  -1
5  -1
5  0
5  -2
5  -1
5  0
5  -2
5  1
5  -2
5  0
5  2
5  0
5  -2
5  -2
5  1
5  0
5  -1
5  0
5  1
5  -2
5  -1
5  -1
5  0
5  0
5  -2
5  0
5  1
5  -2
5  -1
5  0
5  -1
5  1
5  0
5  -1
5  -2
5  -2
5  -1
5  -1
5  -1
5  2
5  1
5  -2
5  0
5  -2
5  1
5  2
5  2
5  2
5  0
5  1
5  0
5  0
5  -2
5  2
5  2
5  -2
5  -1
5  0
5  0
5  2
5  0
5  1
5  0
5  2
5  1
5  -2
5  0
6  -1
6  3
6  1
6  0
6  3
6  2
6  2
6  0
6  3
6  -1
6  -1
6  2
6  3
6  3
6  2
6  3
6  1
6  0
6  2
6  0
6  1
6  0
6  1
6  2
6  3
6  2
6  3
6  -1
6  -1
6  -1
6  0
6  3
6  -1
6  3
6  2
6  3
6  2
6  1
6  1
6  3
6  2
6  -1
6  2
6  2
6  -1
6  0
6  3
6  1
6  1
6  -1
6  2
6  3
6  2
6  1
6  -1
6  1
6  -1
6  -1
6  1
6  2
6  0
6  -1
6  3
6  0
6  0
6  2
6  0
6  2
6  2
6  1
6  0
6  -1
6  0
6  3
6  2
6  0
6  2
6  2
6  2
6  1
6  3
6  2
6  2
6  0
6  2
6  -1
6  0
6  -1
6  2
6  3
6  -1
6  -1
6  1
6  3
6  0
6  2
6  3
6  -1
6  2
6  2
6  2
6  3
6  -1
6  2
6  1
6  0
6  -1
7  1
7  -2
7  2
7  2
7  2
7  2
7  0
7  2
7  0
7  2
7  2
7  1
7  -1
7  2
7  2
7  1
7  -1
7  -1
7  1
7  -2
7  1
7  2
7  1
7  2
7  -1
7  2
7  -2
7  -2
7  -2
7  1
7  -1
7  0
7  0
7  0
7  0
7  0
7  2
7  -2
7  0
7  0
7  1
7  2
7  1
7  0
7  0
7  2
7  -1
7  0
7  -2
7  -2
7  2
7  -1
7  1
7  0
7  2
7  -2
7  -1
7  -1
7  -1
7  -2
7  2
7  -2
7  -2
7  -1
7  1
7  -1
7  0
7  -1
7  -2
7  -2
7  1
7  1
7  2
7  1
7  1
7  -2
7  2
7  2
7  0
7  -1
7  2
7  -1
8  -5
8  -1
8  -3
8  -5
8  -3
8  -3
8  -2
8  -5
8  -1
8  -3
8  -2
8  -3
8  -2
8  -4
8  -5
8  -3
8  -4
8  -4
8  -2
8  -3
8  -2
8  -2
8  -3
8  -5
8  -2
8  -3
8  -1
8  -1
8  -1
8  -2
8  -2
8  -1
8  -3
8  -1
8  -3
8  -3
8  -4
8  -5
8  -4
8  -3
8  -1
8  -3
8  -5
8  -4
8  -2
8  -1
8  -2
8  -5
8  -4
8  -2
8  -4
8  -4
8  -4
8  -5
8  -4
8  -2
8  -5
8  -1
8  -3
8  -4
8  -1
8  -3
8  -5
8  -1
8  -1
8  -2
8  -4
8  -5
8  -1
8  -2
8  -3
8  -4
8  -2
8  -2
8  -3
8  -4
8  -3
8  -4
8  -5
8  -1
8  -2
8  -2
8  -2
8  -5
8  -3
8  -5
8  -2
8  -5
8  -3
8  -2
8  -1
8  -5
8  -3
8  -5
8  -4
8  -1
8  -5
8  -3
8  -5
8  -3
8  -3
8  -4
8  -1
8  -1
8  -2
8  -1
8  -1
8  -1
8  -3
8  -3
8  -4
8  -1
8  -4
8  -1
8  -3
8  -3
8  -3
8  -3
8  -3
8  -1
8  -2
8  -3
8  -1
8  -1
8  -3
8  -4
8  -2
8  -4
8  -4
8  -1
8  -5
8  -4
8  -4
8  -5
8  -2
8  -4
8  -5
8  -5
8  -1
8  -2
8  -1
8  -2
8  -2
9  -7
9  -7
9  -3
9  -4
9  -3
9  -5
9  -7
9  -4
9  -5
9  -6
9  -7
9  -3
9  -5
9  -5
9  -5
9  -5
9  -6
9  -3
9  -5
9  -4
9  -4
9  -5
9  -6
9  -6
9  -4
9  -5
9  -5
9  -4
9  -7
9  -7
9  -3
9  -7
9  -6
9  -7
9  -7
9  -7
9  -7
9  -5
9  -6
9  -6
9  -7
9  -3
9  -6
9  -4
9  -4
9  -3
9  -7
9  -5
9  -5
9  -7
9  -5
9  -3
9  -5
9  -4
9  -6
9  -6
9  -5
9  -5
9  -3
9  -7
9  -7
9  -3
9  -3
9  -4
9  -5
9  -4
9  -3
9  -5
9  -3
9  -6
9  -7
9  -3
9  -3
9  -7
9  -3
9  -3
9  -4
9  -6
9  -4
9  -7
9  -3
9  -4
9  -5
9  -5
9  -5
9  -6
9  -3
9  -7
9  -7
9  -5
9  -3
9  -5
9  -7
9  -7
9  -5
9  -7
9  -6
9  -7
9  -5
9  -5
9  -6
9  -6
9  -6
9  -3
9  -4
9  -4
9  -7
9  -5
9  -4
9  -5
9  -6
9  -4
9  -6
9  -7
9  -6
9  -7
9  -5
9  -3
9  -6
10  -4
10  -3
10  -4
10  -5
10  -4
10  -2
10  -4
10  -5
10  -2
10  -3
10  -2
10  -5
10  -4
10  -6
10  -6
10  -6
10  -2
10  -4
10  -5
10  -2
10  -4
10  -5
10  -3
10  -6
10  -5
10  -2
10  -3
10  -4
10  -3
10  -3
10  -2
10  -4
10  -6
10  -5
10  -6
10  -4
10  -6
10  -2
10  -2
10  -2
10  -6
10  -5
10  -2
10  -5
10  -4
10  -2
10  -4
10  -2
10  -3
10  -4
10  -5
10  -3
10  -3
10  -6
10  -5
10  -5
10  -2
10  -6
10  -4
10  -6
10  -3
10  -2
10  -3
10  -2
10  -2
10  -6
10  -2
10  -5
10  -4
10  -6
10  -2
10  -3
10  -4
10  -3
10  -3
10  -3
10  -5
10  -5
10  -3
10  -6
10  -4
10  -6
10  -5
10  -5
10  -5
10  -3
10  -6
10  -2
10  -4
10  -2
10  -4
10  -4
10  -4
10  -2
10  -6
10  -5
10  -2
10  -3
10  -6
10  -4
10  -3
10  -3
10  -3
10  -6
10  -2
10  -3
10  -2
10  -5
10  -4
10  -6
10  -5
10  -4
10  -4
10  -5
10  -4
10  -2
10  -5
10  -2
11  9
11  8
11  5
11  8
11  5
11  7
11  7
11  6
11  7
11  5
11  8
11  6
11  8
11  9
11  9
11  8
11  7
11  5
11  8
11  5
11  6
11  9
11  5
11  6
11  7
11  9
11  6
11  5
11  5
11  9
11  7
11  7
11  5
11  8
11  9
11  9
11  8
11  9
11  6
11  9
11  8
11  7
11  9
11  7
11  5
11  8
11  7
11  9
11  7
11  9
11  7
11  7
11  9
11  6
11  5
11  5
11  5
11  6
11  7
11  6
11  5
11  5
11  9
11  5
11  5
11  5
11  9
11  6
