59  1
72  -3
61  -7
81  -7
47  -4
63  6
39  0
88  -6
44  -7
57  10
84  4
57  8
45  5
71  2
56  -2
42  1
78  -10
66  -10
41  1
55  -5
74  -1
51  1
50  9
68  -2
44  -4
55  -7
55  -7
55  -8
70  -6
35  8
45  8
68  -1
47  1
46  2
85  2
64  -9
47  -4
102  -9
72  1
49  2
56  -5
72  -3
37  -1
96  -8
77  1
48  -5
61  -2
81  -5
42  3
67  10
56  1
75  -4
42  0
60  -3
64  -5
52  5
60  0
40  -2
34  3
80  -7
55  -3
77  -1
58  2
44  -4
24  9
33  -7
60  -6
60  -2
47  -3
52  3
62  6
76  8
56  0
90  -1
51  1
64  -4
63  1
69  -7
64  -5
45  7
83  -3
73  -4
77  -1
53  -9
30  -7
59  -1
78  -10
76  10
44  -7
45  6
69  -8
50  7
67  4
42  -2
64  -8
70  -2
61  -2
65  5
62  3
49  -3
61  -8
38  -6
83  -5
62  4
79  9
57  10
68  -2
100  -7
57  4
31  -1
73  -2
68  1
38  -3
79  8
36  -8
56  -2
76  9
57  9
52  7
44  -3
46  0
82  -1
56  -2
52  2
45  10
62  6
48  -4
57  4
67  6
54  4
38  -3
54  6
27  3
63  2
44  -8
40  -1
45  5
79  4
84  8
60  -3
44  -4
44  -5
55  -7
36  -2
54  8
68  -1
82  -4
66  -10
73  -3
59  0
99  3
52  8
76  10
65  9
57  10
84  5
55  -3
38  -3
45  8
52  8
77  -5
38  -2
103  3
67  5
55  -5
49  -2
62  2
76  10
66  -8
83  -6
48  -3
73  -8
45  6
65  8
51  3
75  -4
50  9
56  -3
56  -4
66  -8
70  -3
45  10
38  -2
58  -2
47  -4
57  4
97  0
69  -7
65  4
66  -6
68  1
37  0
55  -9
69  -6
61  -8
60  -3
79  6
26  -7
78  -6
31  -1
66  -10
34  2
68  1
57  8
52  4
68  -3
43  -3
52  8
77  -5
51  0
69  -7
48  -1
34  0
70  -8
56  0
55  -9
50  6
72  1
71  0
61  -4
47  0
45  7
57  5
43  -7
81  -1
45  5
60  -4
42  -2
55  -8
58  0
84  4
54  3
34  2
74  -3
67  10
62  2
71  5
84  4
68  1
55  -4
57  6
50  3
88  -5
53  -10
57  10
63  3
62  4
43  -5
50  5
44  -3
43  -2
84  9
61  -6
46  4
88  -6
49  -3
25  1
85  0
29  4
31  5
59  -1
64  -7
51  5
51  2
45  7
53  -6
72  -4
61  -6
53  -9
62  6
45  4
57  10
59  4
56  -5
61  -4
53  -5
47  2
72  -2
63  6
60  0
62  3
64  -5
46  1
83  -7
61  -3
85  0
42  -2
60  -4
47  1
76  4
71  0
80  -3
86  -5
72  -3
58  1
61  -7
35  7
68  -1
39  2
50  3
41  -1
70  -3
66  -9
72  2
56  -3
55  -6
52  3
56  -4
54  2
54  3
50  5
51  2
63  3
43  -4
57  4
62  8
51  3
65  9
48  -1
68  -4
79  5
49  -2
61  -4
50  4
68  -2
50  9
61  -4
48  -2
63  1
57  7
40  -7
52  3
60  -2
72  -1
53  -7
56  -5
59  4
83  -2
61  -5
41  1
49  2
65  10
65  8
56  -3
41  -1
43  -2
39  -4
41  2
46  -1
41  1
82  0
52  8
66  -9
61  -5
45  5
76  7
86  -8
93  -2
70  -7
34  4
69  -10
71  3
66  -7
39  -1
34  -1
42  3
45  7
62  5
45  9
38  -2
68  -3
39  2
44  -8
63  4
58  1
51  2
58  -1
46  5
51  1
56  0
61  -6
65  8
91  4
68  -4
60  -6
59  4
80  -4
42  4
59  -1
35  6
69  -9
64  -5
53  -10
37  -1
66  -7
52  3
105  3
61  -4
65  10
34  1
55  -5
96  -5
60  -1
72  2
84  4
68  -1
44  -4
70  -6
81  -3
78  -8
60  -5
90  -2
53  -9
66  -7
58  0
63  2
57  4
96  -6
68  -2
63  7
36  -4
67  9
50  9
50  7
67  10
25  -1
53  -9
55  -6
77  -2
78  -6
33  -5
59  4
55  -3
71  4
68  0
64  -7
77  -3
53  -4
91  5
52  4
42  2
55  -3
70  -6
84  9
51  4
55  -5
53  -7
81  -7
66  -8
73  -8
69  -8
26  -2
80  -4
59  4
50  8
58  -4
75  -5
32  -1
76  10
73  -7
60  -5
76  5
51  3
48  -3
75  0
50  4
70  -6
45  5
37  -4
45  7
51  3
59  2
51  4
47  1
45  5
59  1
82  -2
58  2
59  1
83  -8
56  0
75  -3
36  -6
34  2
69  -5
65  9
56  -2
65  8
81  -4
47  2
60  -4
61  -3
38  -8
53  -10
75  1
40  -3
105  7
48  -3
85  3
69  -9
54  2
81  -5
38  -3
65  8
62  4
72  -4
48  -5
49  -3
52  4
52  8
92  -9
64  -4
66  -8
48  -3
37  -2
77  0
65  4
93  -5
49  0
43  -5
64  -8
56  -1
81  -6
45  4
26  -4
80  -7
50  5
55  -3
61  -3
42  2
47  1
65  8
84  6
60  -5
70  -8
71  0
60  -6
48  -4
73  -3
63  7
31  1
51  1
57  8
61  -4
78  -6
36  -4
70  -5
55  -8
55  -7
88  -5
48  -5
68  -3
91  8
33  -7
52  4
62  2
55  -9
97  -1
55  -4
57  4
41  0
63  1
51  1
65  9
73  -2
64  -5
78  -4
74  -6
41  4
51  1
51  1
45  9
55  -6
51  3
52  4
51  4
65  7
59  4
32  2
40  -1
55  -8
42  0
66  -7
41  0
62  8
57  9
58  -3
42  2
58  2
68  -5
68  -3
61  -6
59  -1
47  -4
68  0
58  -4
73  -4
81  -1
84  6
57  8
47  -3
84  8
67  7
38  -8
108  -5
57  7
43  -3
57  10
69  -10
48  -1
63  6
44  -7
74  -6
66  -9
62  8
83  -5
67  10
47  -1
75  -5
49  2
72  -1
44  -3
45  6
67  5
55  -9
69  -9
52  6
63  2
55  -8
39  2
74  -4
51  2
50  4
34  2
38  -3
102  -3
60  -1
49  -3
40  -1
75  -3
73  -3
63  6
58  1
66  -5
44  -4
32  0
65  5
66  -10
55  -3
40  -2
77  0
49  -2
60  -1
84  8
63  6
56  -3
60  -3
100  -6
51  2
71  3
54  5
54  8
65  10
68  0
63  4
66  -8
94  1
59  3
38  -2
70  -6
78  -7
57  7
63  2
47  -4
65  7
58  -2
73  -8
60  -5
63  3
58  1
62  5
57  10
59  4
81  -4
33  -5
40  -1
59  0
42  3
63  1
49  -1
73  -8
64  -7
81  -1
53  -9
45  6
50  4
68  -5
69  -7
47  0
66  -10
81  -1
49  -1
36  -7
63  6
38  -7
35  8
43  -8
70  -6
64  -5
54  7
57  4
61  -7
48  0
69  -8
84  10
34  -2
50  4
73  -3
44  -6
48  -4
64  -8
60  -4
46  4
41  0
65  4
53  -6
53  -6
65  10
46  4
73  -3
48  -3
68  0
46  5
55  -9
85  2
59  5
65  7
66  -7
54  6
59  5
53  -5
75  -2
59  2
90  0
62  5
64  -4
57  9
59  4
52  5
73  -4
52  8
52  5
69  -7
52  5
80  -5
87  -5
51  1
49  -1
52  6
50  6
85  -1
43  -7
57  5
76  5
74  -1
49  -2
63  4
67  4
59  2
45  5
67  9
56  -2
81  -5
50  3
59  3
79  6
44  -4
66  -6
43  -7
51  1
26  -4
43  -2
60  -5
51  5
67  7
51  5
45  6
63  2
50  9
91  7
66  -7
68  1
74  -5
82  -4
32  -3
80  -6
62  8
54  2
57  4
49  -2
63  4
76  9
51  5
59  -1
92  -7
61  -7
52  8
46  -1
52  6
61  -2
44  -3
83  -4
48  -5
47  -3
70  -5
80  -4
51  5
58  -4
44  -3
65  5
77  0
44  -9
46  0
58  -4
58  -1
73  -4
63  1
65  5
97  -4
41  3
43  -5
57  8
57  6
45  4
79  5
62  8
100  -4
58  -2
70  -5
55  -3
49  -1
70  -4
68  -1
61  -4
48  -3
31  5
65  4
52  4
42  -2
80  -9
63  4
77  -5
82  -3
67  5
69  -4
62  4
52  5
63  3
99  -1
74  -7
50  9
75  -1
57  7
47  0
53  -4
75  0
32  -3
51  4
41  5
70  -4
65  4
34  2
35  2
40  -7
65  6
65  5
65  6
42  -2
63  1
82  -4
91  8
96  -8
51  4
47  0
60  -5
28  1
88  -7
50  7
68  -5
68  -4
30  -6
90  -2
90  1
69  -5
76  6
53  -7
66  -6
44  -6
74  -6
37  -6
53  -10
66  -5
69  -9
41  2
55  -7
68  0
38  -5
51  4
113  6
57  10
57  9
65  5
47  2
40  -1
61  -3
47  0
32  -2
62  5
70  -3
45  4
65  4
37  0
35  5
89  1
57  7
57  5
83  -3
55  -5
97  -2
52  8
62  6
59  0
54  4
53  -7
49  2
59  -1
72  1
49  -4
47  -4
55  -6
53  -8
71  4
56  -3
60  -5
47  -4
59  1
52  7
80  -9
80  -6
36  -4
30  -7
94  1
46  4
69  -7
40  -3
50  3
42  -2
82  -3
61  -4
45  8
49  -1
84  8
41  5
54  3
35  6
80  -8
77  -3
41  3
82  0
74  -1
62  6
52  8
54  8
59  0
54  4
77  -4
47  -4
42  2
52  6
61  -7
61  -2
41  2
58  2
57  6
46  3
50  6
51  5
63  5
60  -6
61  -5
56  -1
50  5
71  4
76  9
93  -4
73  -7
62  6
67  10
83  -5
53  -6
