15  8
11  -10
11  -5
10  -3
13  3
8  6
10  -2
13  5
9  2
11  -2
7  -1
12  1
9  -4
10  -2
13  8
23  4
14  -5
11  -7
14  -9
18  1
6  7
23  -1
12  -3
10  -5
5  8
13  9
9  1
5  7
14  -8
4  -1
10  -1
10  -5
11  -8
10  -1
8  1
12  3
16  -7
8  1
11  -2
18  1
13  9
3  -4
15  9
13  2
19  -3
7  -2
14  -4
11  -4
18  2
17  0
18  5
8  -2
11  -2
7  -3
24  3
16  -2
6  6
28  -1
5  2
9  -5
14  -9
16  0
14  -7
17  1
11  -3
13  1
13  2
9  3
12  2
24  -1
13  8
11  -5
15  5
20  -8
14  -8
14  -6
15  5
12  5
10  -2
16  1
5  8
13  5
7  0
12  5
8  5
14  -8
11  -5
10  -5
5  8
11  -6
5  6
29  3
13  2
13  9
17  -1
29  -1
5  2
13  8
14  -8
15  9
8  1
20  -11
13  7
16  -6
14  -4
10  0
12  1
6  3
12  3
19  -8
5  8
10  -5
8  1
7  0
15  6
16  -5
17  5
11  -6
8  1
10  1
18  5
16  -6
9  2
12  0
12  0
1  -3
27  0
13  3
15  10
13  4
19  -8
19  0
15  10
8  0
13  7
20  -8
12  5
27  -6
9  1
3  -7
9  -1
7  -4
20  -5
8  5
24  2
14  -6
5  4
8  2
7  -1
7  -2
12  1
13  2
14  -2
6  3
8  3
12  -1
16  -6
8  2
11  -5
9  -1
14  -5
8  5
7  3
14  -5
12  1
9  -3
4  1
13  9
10  -1
15  7
12  -3
13  7
4  7
10  -2
13  5
22  7
8  4
8  4
8  5
4  2
12  -2
14  -6
6  9
13  7
16  1
15  9
5  6
4  2
10  3
3  -7
11  -10
11  -5
16  -7
14  -6
18  2
18  1
7  -4
14  -2
20  -11
7  1
8  5
9  0
8  0
16  -2
8  6
18  1
12  2
18  4
11  -3
8  3
15  3
21  -11
3  -9
26  2
11  -3
2  -1
5  3
15  5
11  -2
22  9
9  0
12  -1
13  7
13  1
12  1
7  -2
12  -3
7  2
18  2
20  -11
25  -4
15  9
8  -1
10  -3
9  -4
3  -9
13  2
8  5
3  -7
6  6
7  0
16  -1
9  -3
8  -2
6  4
11  -3
6  6
10  0
8  5
21  -5
21  -4
22  10
11  -9
10  1
7  0
7  -4
15  5
8  6
7  3
16  -2
3  -7
18  6
23  4
16  -3
8  2
16  -6
4  -1
10  3
13  5
14  -10
10  -4
22  3
8  0
4  2
16  -7
6  5
8  5
24  -2
12  1
15  9
13  9
20  -6
6  5
23  -1
5  6
15  8
13  5
17  4
11  -6
7  0
12  -3
12  1
15  8
32  -10
11  -4
6  3
30  0
8  0
4  4
17  2
9  1
9  2
4  5
7  2
9  -5
10  -1
11  -5
16  -4
7  0
1  2
20  -8
12  3
15  7
10  2
18  1
14  -7
14  -4
23  0
21  -11
9  -2
12  1
8  4
4  7
15  3
13  5
15  10
12  5
11  -6
12  4
4  0
18  7
11  -9
13  6
10  1
12  1
8  1
12  0
4  4
10  1
14  -6
18  3
6  8
9  3
4  7
10  2
4  4
7  -4
7  2
14  -3
17  2
5  6
12  -2
6  6
15  10
18  5
13  9
13  4
11  -8
18  2
14  -4
26  5
12  2
11  -8
4  -1
22  3
5  8
14  -6
6  10
17  0
14  -9
14  -5
4  -1
22  8
15  7
10  0
22  4
20  -11
25  -7
16  -6
3  -2
6  7
13  2
17  3
12  -1
10  -4
6  6
6  7
12  4
16  0
8  5
6  10
5  5
7  -1
12  -2
14  -10
16  -2
13  4
16  -1
9  -4
8  0
19  0
16  -2
21  -11
5  8
26  6
13  1
12  -3
19  -2
14  -3
17  -1
16  1
18  8
20  -6
12  0
9  -2
12  2
12  2
13  3
11  -5
6  7
17  -2
10  -4
15  3
15  5
13  9
13  1
7  -5
9  0
13  5
15  6
6  10
12  5
9  -5
10  1
4  5
8  3
11  -3
5  3
15  6
14  -4
11  -9
6  4
6  7
8  5
9  -1
20  -9
10  -5
6  8
19  -8
11  -9
18  5
17  4
9  2
38  5
5  5
18  4
16  -2
17  0
11  -4
7  -1
16  1
9  -3
15  6
6  10
13  8
6  8
14  -4
20  -6
15  8
2  -5
14  -10
8  2
28  1
10  -1
18  0
22  10
16  1
16  -4
9  -5
5  5
17  2
21  -7
20  -10
6  7
30  -3
17  -1
10  -5
10  -4
13  7
8  -1
11  -4
13  8
15  8
11  -8
19  -4
14  -3
16  0
5  1
11  -7
11  -9
15  7
9  -5
25  1
4  4
9  -1
19  -6
16  -6
28  6
16  -6
7  -5
11  -9
19  -1
13  9
20  -7
9  -5
10  1
8  1
8  0
13  7
9  -2
13  5
5  6
6  2
13  5
6  9
16  -5
9  1
4  1
18  8
10  1
17  6
13  3
7  1
14  -4
18  4
20  -5
18  7
11  -7
30  2
17  5
5  7
8  4
2  -6
8  3
8  0
9  2
9  -3
12  -2
10  1
14  -9
14  -9
14  -5
4  3
4  5
5  1
15  3
9  1
13  9
8  5
11  -2
5  7
2  -3
9  -2
20  -9
6  5
8  0
17  -1
13  2
8  -2
18  8
15  6
17  5
7  -1
6  5
13  6
17  3
9  -2
6  3
9  2
0  2
7  -4
10  -2
5  5
9  -1
15  5
17  2
17  2
16  -2
17  4
11  -9
17  1
15  11
11  -3
7  -2
10  -2
5  4
4  2
9  -3
9  2
19  0
11  -5
13  1
12  2
3  -3
17  3
7  3
8  -1
8  5
17  -2
17  1
9  -1
13  2
17  -2
10  0
11  -8
23  -3
8  0
7  2
8  2
15  6
7  -5
21  -3
22  10
3  -5
20  -10
8  6
10  0
13  4
8  4
8  -1
16  0
11  -5
13  5
16  0
9  -5
9  -5
4  4
5  1
7  0
14  -2
10  -1
20  -4
9  0
9  3
12  5
4  2
13  2
7  2
8  4
18  4
8  4
7  2
5  5
7  -3
16  -1
10  1
7  -2
7  2
22  3
5  8
21  -9
16  -4
9  3
17  5
14  -3
14  -10
13  9
24  -4
10  -5
7  0
5  2
14  -10
13  6
27  -5
24  3
18  8
18  6
24  0
11  -4
7  1
9  0
13  7
30  1
7  -3
6  6
18  4
15  11
19  -8
17  0
12  -3
17  4
8  4
14  -4
9  0
7  -2
12  5
3  -6
25  -2
7  -3
13  4
6  9
23  3
12  4
8  2
13  4
14  -3
11  -5
15  6
8  3
11  -8
18  3
5  8
17  2
15  8
16  -4
14  -9
5  0
1  1
18  8
7  0
2  -2
12  -1
13  4
3  -2
6  2
10  2
20  -5
9  -5
9  0
15  9
5  2
10  -4
9  0
19  -3
9  -1
12  -2
3  -4
14  -5
9  3
14  -4
20  -6
24  4
18  8
2  -6
15  4
13  6
4  2
8  -1
7  -5
13  9
6  5
13  1
9  0
11  -8
8  -2
9  0
8  1
17  0
11  -8
20  -7
16  -1
19  0
10  -5
11  -10
18  8
11  -3
6  6
11  -10
5  3
14  -10
13  4
6  7
15  5
23  4
8  -2
3  -8
5  0
8  2
14  -10
16  -5
11  -7
16  1
10  -3
7  -4
12  5
20  -4
5  2
5  4
20  -5
17  -1
10  -5
13  7
5  6
9  2
7  3
14  -5
18  5
7  -4
9  -3
9  0
12  2
13  6
8  6
13  8
10  2
12  -1
8  5
20  -10
17  4
13  6
14  -7
19  -1
12  1
14  -2
10  -1
8  -2
26  7
6  3
10  3
14  -4
7  -5
10  -4
9  -5
9  -2
24  2
5  5
6  3
11  -5
3  -9
13  1
6  7
10  2
11  -9
14  -5
24  0
6  3
18  5
6  2
7  0
3  -2
9  -3
13  2
11  -2
11  -4
6  2
21  -7
12  0
5  5
11  -6
16  -2
12  -2
20  -3
7  -4
9  1
15  8
6  10
11  -3
7  -5
15  6
6  6
14  -8
13  6
9  0
10  2
18  6
10  -4
7  2
11  -2
5  1
6  3
21  -9
18  7
17  5
19  -5
14  -5
13  1
2  -5
7  1
17  4
14  -10
11  -7
7  -1
12  1
10  0
12  1
20  -10
18  2
14  -2
10  -4
7  -5
13  8
14  -7
12  2
17  3
8  0
16  -6
4  6
8  5
4  1
18  0
3  -5
17  3
6  9
2  0
12  1
9  0
11  -9
11  -8
19  -2
20  -9
5  4
14  -8
21  -3
16  -4
11  -9
14  -5
26  4
15  4
13  2
15  3
13  7
7  -4
13  3
11  -8
17  1
13  5
9  -1
23  2
6  10
19  -2
11  -10
9  2
13  2
7  2
12  -3
11  -10
10  -5
19  -5
4  4
19  -4
17  5
1  -5
8  5
5  5
10  1
10  2
14  -9
9  2
10  2
6  3
18  3
31  -5
7  0
17  4
18  4
8  5
7  -5
6  6
6  2
8  2
9  -2
19  -4
22  3
8  6
8  1
17  5
9  1
5  8
17  -1
13  2
7  -1
21  -5
18  0
25  -5
19  -1
12  -3
10  -2
13  4
9  0
19  -3
13  8
8  1
19  0
15  5
16  -3
14  -5
9  -5
17  -2
12  4
28  0
6  5
8  -1
9  -1
3  -8
6  8
16  -2
35  2
9  -4
9  1
26  5
