22  3
15  5
26  7
14  5
16  8
5  4
29  5
15  8
11  -3
23  -1
33  2
22  0
20  8
19  -5
36  -2
17  6
17  6
19  -3
15  7
20  7
22  -1
11  -3
22  2
10  7
18  7
15  4
16  6
10  7
16  5
11  -1
26  9
8  5
26  8
14  5
18  5
27  2
17  7
20  7
11  -4
11  -3
11  -1
22  1
27  2
17  6
22  3
16  6
17  6
19  -2
22  1
23  -5
13  8
16  5
12  -6
8  7
18  8
23  -2
18  4
17  8
16  4
24  3
12  -5
13  7
16  7
13  7
16  6
24  4
9  7
16  8
16  4
10  8
19  -2
17  6
18  7
18  4
16  8
27  1
18  4
12  -9
26  7
18  5
16  7
15  5
18  7
19  -2
29  6
13  8
18  8
20  5
21  5
18  8
28  -4
16  8
12  -6
20  5
22  3
11  -4
19  -2
23  -5
21  3
18  8
21  7
12  -6
21  5
18  8
24  7
16  8
13  4
25  1
15  5
15  8
16  8
14  7
17  7
24  3
14  5
12  -7
18  4
13  8
19  -4
15  4
33  -1
15  7
21  6
15  5
18  7
15  8
20  9
17  9
22  -1
23  -3
16  5
15  4
15  7
10  8
17  8
8  5
23  -3
23  -2
20  5
14  6
15  7
27  3
21  5
29  9
13  7
21  5
16  4
17  9
23  -5
23  -5
16  8
12  -8
23  -3
18  4
29  5
29  5
15  5
15  4
18  8
14  9
24  5
23  -4
18  7
15  8
19  -2
13  4
11  -5
10  6
21  6
13  6
16  6
19  -1
27  2
24  7
12  -6
15  6
27  4
23  -4
17  5
19  -2
14  6
14  5
25  2
24  5
16  8
16  6
15  7
20  9
23  -2
13  4
13  5
17  7
14  5
21  5
19  -2
20  6
22  3
22  -1
16  8
17  5
19  -1
21  7
10  4
16  7
28  0
22  1
31  -2
10  6
7  0
27  4
24  5
21  5
22  0
17  9
16  8
17  7
20  9
15  6
19  -1
16  7
17  6
20  9
12  -8
18  7
16  6
11  -4
9  5
8  3
9  7
21  6
20  6
20  6
25  3
7  3
13  4
17  8
18  8
31  -3
12  -6
17  9
20  5
15  6
10  8
19  -2
17  8
18  8
9  8
12  -7
21  6
11  -2
18  6
18  6
25  -1
34  2
27  3
20  8
8  3
5  6
23  -4
12  -6
15  8
20  5
20  5
16  4
14  9
13  7
22  1
15  6
14  9
17  9
17  5
28  -2
17  5
13  4
11  -3
24  6
11  -4
20  5
9  7
30  1
15  4
21  5
20  9
16  7
20  9
25  -1
15  7
16  7
19  -5
17  8
27  3
13  5
18  5
20  8
9  8
20  8
21  4
21  3
29  5
14  9
20  5
23  -2
11  -5
7  -1
13  7
20  6
15  8
21  7
15  5
20  8
28  -1
11  -4
18  8
18  6
30  0
20  6
12  -7
17  9
17  7
22  3
13  8
22  0
16  7
16  6
23  -4
25  1
24  4
6  -7
18  5
12  -5
31  -2
18  8
16  7
17  9
33  2
27  0
18  6
21  7
24  4
18  4
37  2
17  9
13  4
23  -2
16  4
15  6
26  5
23  -4
18  5
21  3
9  7
24  7
10  8
28  0
18  8
20  8
20  6
10  8
18  4
25  2
19  -2
13  8
11  -5
22  1
24  4
14  9
21  7
15  8
22  -1
15  6
24  6
14  8
15  7
17  5
11  -4
21  6
17  6
13  7
14  8
8  7
16  8
14  8
21  7
18  8
11  -3
15  5
21  5
15  5
23  -1
16  4
18  4
16  8
29  7
21  3
16  4
16  5
17  6
17  8
16  6
17  6
27  4
16  8
18  6
8  5
21  4
14  9
21  6
18  4
23  -5
26  7
15  6
20  5
14  9
24  6
18  6
24  4
15  4
18  4
24  6
15  7
19  -3
14  9
25  1
18  5
20  8
13  5
18  7
15  4
18  7
20  8
13  4
10  5
16  6
29  9
23  -2
22  2
18  4
11  -4
22  3
9  6
15  6
15  4
21  4
23  -4
28  -1
19  -5
18  7
23  -4
21  4
20  9
16  7
19  -1
6  -6
21  5
34  2
10  8
14  6
10  6
14  5
17  8
19  -1
14  8
17  5
17  8
13  7
21  6
18  5
10  6
14  8
23  -2
22  1
16  7
22  2
14  7
14  6
22  -1
23  -2
25  -1
19  -3
19  -1
18  5
23  -5
22  -1
28  -3
12  -6
14  9
22  3
23  -1
12  -8
22  3
20  7
9  6
13  6
14  5
23  -5
21  3
22  2
20  8
18  5
16  5
16  7
21  3
21  6
17  6
19  -5
15  4
22  3
22  1
17  5
32  -1
24  7
26  6
19  -5
17  5
11  -3
19  -1
32  1
25  0
17  9
19  -2
23  -5
23  -1
13  8
13  6
25  1
8  7
19  -4
20  7
16  7
18  5
14  7
18  8
18  8
15  7
20  8
23  -5
16  8
18  4
14  9
18  7
15  6
27  2
15  8
14  9
10  8
22  2
11  -4
25  3
30  -3
33  1
18  7
17  8
17  7
19  -4
18  7
20  7
10  6
20  9
25  -1
17  8
28  -2
25  1
27  3
14  7
27  2
16  8
12  -8
28  -4
10  8
22  0
9  5
9  5
25  -1
18  6
15  4
16  8
9  5
12  -8
9  5
21  5
15  7
19  -2
11  -5
16  5
12  -5
18  7
15  7
19  -5
9  8
23  -1
22  1
25  1
16  7
23  -3
15  7
23  -1
11  -4
11  -1
25  1
21  7
16  7
14  9
18  8
11  -2
16  5
15  6
12  -8
14  6
16  4
14  9
29  6
16  4
10  7
19  -1
29  5
20  5
12  -5
24  7
16  8
22  0
24  7
12  -5
15  6
15  5
14  9
14  6
13  5
31  -4
12  -9
23  -5
14  8
25  0
19  -5
11  -5
26  6
16  5
19  -2
20  5
15  7
14  9
21  4
21  3
20  5
9  8
20  9
17  5
21  4
19  -1
16  5
20  7
5  3
28  -1
19  -2
18  5
13  8
14  6
13  7
6  -9
24  7
11  -3
24  3
19  -1
26  5
17  9
14  9
20  6
17  8
23  -2
18  7
9  8
22  -1
16  5
16  7
15  7
15  8
15  5
14  8
21  6
19  -2
13  5
15  8
16  4
28  -3
10  6
21  3
22  2
17  9
14  5
15  7
30  0
16  6
12  -7
21  3
20  8
19  -3
16  4
12  -8
18  5
11  -5
20  5
21  5
17  8
18  8
26  6
13  7
15  8
12  -8
23  -5
16  4
18  8
25  2
18  7
17  7
17  6
16  6
20  5
21  7
22  2
13  5
8  4
18  5
11  -4
32  0
14  8
23  -4
24  6
16  7
18  4
10  6
17  5
19  -4
22  3
12  -9
12  -9
10  5
15  8
30  -2
12  -9
26  5
17  6
19  -5
23  -1
14  8
8  6
12  -6
14  5
8  5
17  5
16  8
26  9
27  4
17  7
15  8
28  -4
13  7
17  5
26  7
25  2
23  -5
14  9
14  6
18  7
19  -4
16  6
13  7
27  2
15  5
16  8
22  3
11  -5
15  7
12  -5
30  -2
20  9
12  -8
20  8
16  4
9  9
19  -5
17  8
18  5
12  -6
21  7
15  7
14  6
11  -4
21  5
21  6
24  3
19  -2
18  6
22  3
11  -3
13  5
31  -4
26  6
11  -3
26  7
18  4
12  -8
26  9
11  -5
21  5
16  8
26  8
17  9
30  -1
19  -4
18  7
15  5
15  5
22  1
12  -5
18  5
22  0
17  7
23  -4
16  8
11  -2
15  7
10  7
10  6
24  5
23  -1
22  1
19  -1
33  2
13  7
21  5
16  8
23  -4
20  6
13  8
21  6
21  7
19  -4
30  0
18  4
26  6
15  6
19  -4
17  6
11  -5
19  -2
24  3
25  1
16  7
17  8
13  8
9  7
13  7
10  7
16  5
15  4
19  -1
19  -3
15  4
15  7
11  -3
14  7
19  -4
14  9
15  4
8  4
9  9
29  5
13  4
16  4
22  -1
23  -4
26  8
18  8
11  -4
13  8
10  6
21  3
19  -1
14  5
25  3
22  -1
18  4
10  8
25  0
9  8
10  8
17  9
25  -1
23  -4
15  4
14  8
13  4
20  5
19  -2
10  4
22  3
17  9
15  6
13  7
20  6
19  -5
10  6
17  7
11  -2
14  6
17  6
10  7
13  8
17  8
10  6
10  4
14  6
11  -2
15  4
17  6
11  -3
22  3
18  7
13  8
17  7
13  4
15  7
12  -9
28  -1
16  5
29  8
17  6
14  9
17  7
23  -1
19  -4
11  -5
16  4
15  4
17  5
23  -5
23  -4
14  8
18  4
19  -3
23  -1
12  -6
17  7
19  -3
9  5
21  4
21  7
10  6
25  0
21  7
19  -1
10  7
16  4
17  5
26  5
11  -3
22  0
18  7
21  5
33  -1
13  5
23  -3
24  5
26  5
28  -4
20  7
25  3
10  4
5  2
26  6
20  7
28  -4
30  -3
19  -3
33  -1
24  3
14  6
18  7
20  7
15  8
14  6
26  7
25  3
27  3
17  8
16  7
21  4
18  6
28  0
27  3
15  5
20  6
26  7
22  2
16  4
13  4
20  5
14  6
11  -5
19  -3
21  6
