240  -5
250  6
212  4
284  -11
301  2
423  -7
223  3
282  7
255  -1
245  1
207  -10
263  9
251  -6
218  11
261  -7
249  11
244  1
273  7
315  8
236  4
275  2
168  -5
368  -12
306  -1
253  -3
305  10
219  -1
312  -6
234  4
333  -5
329  1
216  2
271  5
261  1
240  -1
190  0
237  8
236  10
241  -8
175  3
240  -4
375  3
257  -1
219  -5
258  5
199  5
292  -7
157  -6
208  -6
165  8
262  -1
345  10
178  12
350  8
329  2
230  -7
254  4
231  0
181  0
176  11
234  7
307  9
347  10
292  3
279  6
210  -7
294  7
351  5
285  3
318  -3
255  2
182  6
203  -1
233  -3
270  -4
284  -11
309  4
223  3
316  -6
246  -2
255  5
246  7
236  -1
309  4
227  -3
282  1
225  -6
296  -2
241  -3
264  -3
298  -4
298  1
218  6
223  2
293  -8
339  -2
260  11
217  6
268  -5
280  2
212  4
177  1
246  2
204  0
199  7
268  3
192  9
164  -3
300  -9
217  7
278  1
222  -3
312  -10
332  -5
217  10
267  -10
272  -7
257  -3
292  5
241  -2
216  2
277  -4
256  2
328  -5
203  4
273  7
280  2
328  -8
231  -6
225  -2
207  0
265  2
248  -1
240  -2
152  12
267  0
193  3
236  4
222  0
210  -6
212  -2
302  4
235  6
255  -3
186  10
289  4
258  5
271  0
230  -2
247  -1
216  -1
299  -1
276  1
244  -7
209  1
239  -3
242  8
277  -7
310  12
304  -8
231  -3
305  -2
200  -8
272  1
287  -9
244  -5
171  8
346  1
234  6
215  -6
281  -8
297  2
201  2
337  -9
275  7
279  4
260  11
296  1
219  -2
246  -5
264  6
225  -5
232  -2
262  3
299  -2
264  -2
198  8
194  -7
229  -6
210  -1
206  8
255  4
279  3
300  -5
339  1
217  0
271  7
345  1
307  7
260  6
182  6
264  3
225  0
209  -7
264  5
273  -1
343  -2
307  1
192  0
153  -3
181  -3
197  7
186  1
233  7
272  -4
336  1
219  -7
206  2
314  6
345  10
238  -4
277  -11
228  -9
224  -7
344  6
274  -3
178  4
258  5
281  -2
222  0
301  -1
257  -4
242  -2
378  3
197  4
217  10
185  -4
304  -5
269  3
298  -7
297  -7
261  -7
252  -1
304  -6
259  -2
202  -7
219  -7
292  -3
187  -9
234  1
340  -1
260  1
327  -4
222  0
209  1
339  2
221  3
240  -5
240  -1
264  4
267  -6
305  3
255  4
297  -6
357  1
241  -2
341  -5
201  0
247  -6
211  2
219  5
322  -2
212  -2
247  -7
252  -1
205  -1
206  7
248  5
321  3
262  -8
235  0
238  -9
254  -3
258  13
265  -3
156  1
253  0
331  -1
218  11
297  2
211  -2
314  6
310  5
349  4
240  -8
299  -4
280  2
245  -7
308  -1
244  -10
285  -3
268  -2
234  0
499  -2
331  6
207  -6
202  -7
244  1
242  6
201  6
280  3
240  -8
233  4
248  -4
325  -1
249  11
207  2
242  8
226  -5
305  0
226  -10
199  10
210  2
257  -6
253  -9
318  -13
187  -5
239  7
235  0
220  -3
211  6
296  6
273  8
262  -7
322  -5
291  8
236  9
199  7
213  -8
227  -7
196  6
241  2
193  6
242  9
263  4
298  1
275  -1
151  9
195  -6
221  8
268  -1
315  3
225  -3
224  -8
279  11
265  -2
193  9
302  5
218  3
215  -6
251  -8
179  -4
265  3
257  -5
293  -2
194  2
296  -3
229  -9
217  5
252  -6
362  12
182  3
228  -2
228  -2
280  8
295  6
241  2
297  5
293  -1
270  -2
344  6
242  9
223  4
223  5
284  -13
212  5
267  -10
276  7
265  4
221  0
259  9
252  1
265  3
272  1
262  -9
276  -2
211  4
232  2
196  0
279  2
208  -6
194  -3
287  -2
260  4
273  0
249  2
240  -10
216  -3
210  -2
288  -3
161  0
229  2
211  -4
250  -1
239  3
255  3
210  -4
280  7
224  -9
300  1
261  -1
142  2
271  6
225  0
283  -1
321  5
382  7
336  10
236  4
242  -2
226  -6
201  1
167  -9
274  -6
313  11
201  -6
314  6
198  5
244  -1
306  -11
292  3
243  11
328  -12
319  8
210  0
221  1
245  -10
373  -9
238  -4
294  -1
253  -10
316  0
290  4
150  0
281  -5
189  8
224  0
131  -3
273  8
238  -4
283  -3
276  -3
268  3
273  7
220  -6
290  4
191  -4
246  -1
256  2
232  10
206  1
327  -1
234  7
217  -1
287  -9
281  4
175  -4
232  5
287  -1
195  -8
186  9
220  -2
207  -6
238  -9
226  -9
189  9
223  -6
195  -13
176  1
224  -7
247  4
256  -1
172  -2
212  4
293  -5
211  6
332  5
201  0
323  2
199  7
319  4
233  5
274  -7
298  -3
236  5
241  -9
276  -2
244  -11
331  5
194  2
226  -7
272  -6
241  -8
195  -11
219  -4
247  -7
212  6
275  10
283  5
303  9
278  1
236  3
215  -8
304  -3
213  -4
280  4
268  -1
265  -7
224  -5
194  -5
283  4
313  12
249  -1
204  0
228  2
217  10
223  2
279  4
210  2
302  2
300  -8
301  -1
234  5
202  -1
332  6
260  11
327  -2
174  4
321  10
339  1
245  -4
280  9
364  9
240  -8
273  -2
221  6
217  3
269  3
305  9
298  1
236  1
253  -2
280  10
267  -3
299  -9
271  6
313  2
364  9
278  -2
220  -2
262  3
210  5
261  -2
248  5
179  -2
275  9
251  2
241  -5
309  7
300  -7
304  -5
290  3
271  2
281  2
307  1
281  -6
287  -1
255  -7
149  -5
239  -1
229  -1
252  2
212  2
254  -1
216  -1
300  -7
266  4
242  5
283  -1
207  -9
220  -7
248  -6
234  0
189  6
223  -3
227  -7
275  6
264  0
249  2
265  0
296  3
179  2
310  8
243  11
190  5
318  -6
255  2
210  -7
277  -8
257  2
245  -9
292  -6
316  -10
307  1
305  5
248  6
295  4
207  -1
229  -7
273  10
291  11
239  0
230  -2
223  -4
231  2
318  -7
241  -4
252  -1
221  11
260  8
281  3
278  7
203  8
236  2
321  4
201  5
201  -4
256  -8
321  5
222  2
212  3
151  10
303  7
361  3
269  10
257  3
309  3
329  11
241  3
264  3
247  0
231  3
247  2
183  -1
318  -9
255  0
299  -13
222  -6
244  -4
275  9
186  10
266  11
254  -8
278  1
335  -10
261  -6
228  -6
260  13
295  2
318  -5
318  -7
181  6
248  5
246  -3
218  4
251  -2
252  -2
187  -7
223  2
220  -3
210  2
278  3
342  3
156  -3
165  3
297  2
263  9
260  4
201  6
203  6
277  -10
235  1
315  5
293  -7
219  1
191  0
302  4
204  2
353  -3
296  5
200  -1
212  -4
279  0
269  9
230  -1
271  5
226  -2
287  -7
241  -7
302  3
201  5
221  8
271  -1
279  1
207  -6
227  -1
180  9
248  -1
254  -1
213  4
264  0
192  -1
213  -7
258  8
231  -2
256  -5
266  2
291  0
195  -6
234  10
262  -4
287  -5
223  5
193  -2
174  2
318  -5
317  -7
175  -3
243  4
245  0
191  -5
196  2
270  -6
137  2
200  -8
388  2
323  2
224  -8
251  -4
274  0
193  -1
189  9
241  -4
371  0
285  -3
320  7
194  0
295  -1
211  6
237  -3
292  4
282  8
264  0
256  3
260  7
198  1
310  7
295  5
358  -9
246  -3
241  2
224  -11
231  -2
249  9
224  1
190  4
281  -3
166  2
248  -4
343  7
229  -4
275  10
237  8
281  -1
200  -2
291  4
174  8
283  -4
206  -2
211  -6
219  -7
229  -3
306  -11
267  -4
269  0
286  9
242  2
325  8
228  2
182  8
332  -2
271  2
284  -7
242  1
301  0
367  3
194  -4
270  -5
180  5
205  -13
230  0
274  4
170  6
291  9
176  5
298  -2
234  4
227  1
277  -8
187  -7
262  1
169  -3
245  1
218  5
254  -3
239  5
202  -8
273  1
205  -12
245  -8
311  -2
229  1
290  9
226  -5
263  -1
334  0
190  8
272  1
346  -1
206  8
178  11
374  -11
255  4
272  -7
364  8
332  3
308  0
265  -4
310  7
323  4
138  9
343  4
324  -12
243  11
460  -1
231  1
242  0
225  5
250  -2
280  8
304  -10
251  -3
193  5
223  -1
186  8
216  1
381  -3
249  7
251  0
279  2
219  -7
188  12
223  6
321  9
219  5
328  -12
250  6
222  -6
243  12
198  1
273  0
237  8
243  5
258  9
214  -1
243  3
382  8
215  -8
333  -10
273  3
250  1
166  12
308  1
267  -4
270  -2
265  3
161  -1
276  8
266  3
276  1
293  -10
247  -4
247  -5
243  0
290  2
247  3
302  6
283  6
219  3
330  -4
233  2
228  0
265  -1
168  -7
266  4
210  3
289  8
216  1
248  3
224  -8
375  4
249  -1
217  3
339  1
190  5
311  3
303  8
124  2
371  -4
208  -4
312  -11
257  0
230  -8
204  3
283  3
262  -6
270  -4
231  -7
220  1
256  -8
231  -2
266  -1
302  -1
244  -3
220  -2
318  -12
234  0
195  -7
331  3
272  -7
415  2
224  -11
327  -11
253  -2
250  -2
172  6
231  -2
249  4
272  1
227  2
240  0
365  -7
190  8
241  3
266  3
324  -10
259  10
331  10
250  1
266  7
302  5
270  -7
219  0
282  4
195  -11
304  -6
281  -6
292  0
262  -5
236  7
237  1
277  -9
245  -7
185  0
193  4
190  -1
176  3
232  7
319  13
220  -7
