13  7
13  5
26  3
22  5
33  2
17  7
13  5
18  -1
20  -5
27  -4
19  -5
22  5
23  5
13  5
21  -3
7  -3
18  -1
21  -2
24  3
10  -3
19  -5
19  -4
24  3
10  -4
13  7
13  7
18  -1
13  6
10  -2
25  4
12  -5
22  4
14  -4
14  -3
14  -5
17  5
23  7
16  3
14  -3
20  -5
27  -5
22  4
11  5
16  3
30  -7
25  5
14  -5
10  -4
9  -1
17  6
12  -7
11  3
21  -3
19  -3
11  5
26  1
13  6
8  -5
13  7
15  -2
19  -4
23  5
17  7
23  5
13  6
25  5
21  -3
26  1
24  1
13  5
21  -1
14  -4
12  -5
18  -2
17  5
19  -3
17  7
13  6
18  -1
8  -4
14  -5
19  -5
25  5
14  -5
26  1
17  5
26  1
23  7
14  -4
13  7
15  -1
18  -1
11  4
21  -3
7  -3
17  7
16  4
27  -3
9  0
40  3
13  7
19  -3
16  3
17  7
16  3
15  0
16  5
14  -4
15  -1
23  5
15  0
16  4
20  -5
23  6
15  0
16  5
14  -4
26  3
14  -5
28  -2
19  -3
11  5
23  6
31  -2
26  2
12  -5
13  5
14  -4
29  3
11  3
14  -5
29  2
13  5
27  -4
16  4
22  4
18  -1
27  -4
18  -3
24  2
22  5
18  -2
10  -2
15  -1
18  -2
9  -2
21  -3
19  -4
16  4
24  1
21  -2
22  4
20  -5
8  -6
16  5
20  -7
13  5
17  7
16  4
14  -4
18  -1
19  -3
24  2
14  -5
8  -4
14  -4
28  -2
11  5
12  -7
11  5
13  7
26  3
10  -4
19  -5
14  -5
18  -1
11  5
21  -2
20  -5
19  -5
17  5
23  6
16  5
21  -3
22  4
17  5
18  -3
10  -4
14  -3
12  -7
15  -2
17  5
20  -5
11  5
9  -1
27  -3
10  -3
25  3
20  -6
11  3
19  -5
13  7
20  -6
20  -5
21  -3
29  3
11  5
13  6
14  -5
13  6
3  6
14  -5
18  -2
18  -3
16  4
28  -2
9  0
16  4
16  4
13  6
13  6
11  4
7  -2
19  -4
28  -2
12  -7
15  0
28  -2
11  4
14  -3
14  -3
17  6
21  -2
21  -2
14  -5
14  -4
27  -5
17  6
19  -5
24  1
15  0
28  0
16  3
14  -4
13  6
23  6
18  -1
15  0
24  1
21  -1
12  -7
21  -1
21  -1
19  -4
25  3
22  4
19  -5
16  4
30  -5
20  -5
10  -3
18  -3
15  -2
21  -3
17  7
14  -5
10  -3
9  -2
18  -3
11  5
17  7
18  -3
13  7
12  -7
33  2
34  2
12  -7
9  -1
20  -7
10  -3
25  5
13  7
17  6
16  5
23  7
13  7
9  0
26  1
24  1
27  -4
25  4
9  -2
14  -4
15  -1
16  5
18  -3
15  0
19  -3
20  -5
23  7
11  4
19  -3
10  -3
30  -5
17  5
24  1
26  1
14  -4
19  -5
17  5
12  -5
31  -4
16  4
21  -3
14  -5
13  5
20  -6
24  1
17  5
20  -6
17  6
15  -2
24  1
15  -2
17  6
29  4
12  -5
22  4
8  -5
25  4
19  -3
10  -2
16  4
30  -5
17  7
12  -6
18  -1
17  5
23  6
19  -4
15  -2
18  -3
16  5
12  -7
19  -4
17  7
24  1
16  4
22  4
23  5
18  -1
19  -5
22  4
20  -7
24  2
16  4
11  3
14  -3
20  -7
23  5
23  7
31  -4
13  5
11  4
19  -4
24  1
25  5
12  -5
8  -4
9  -2
21  -3
28  0
16  4
16  5
23  6
14  -3
29  2
24  2
19  -4
14  -5
15  -2
16  5
20  -7
32  -4
15  -2
24  3
25  3
15  -2
24  3
23  7
14  -3
11  5
7  -2
20  -5
15  0
22  4
13  7
16  5
10  -2
25  4
22  5
27  -4
25  5
27  -3
18  -3
22  3
19  -5
23  5
15  0
16  4
29  4
25  3
26  1
16  3
19  -4
17  6
12  -7
26  1
23  6
20  -5
13  7
19  -3
22  4
21  -3
25  5
18  -2
31  -2
17  7
25  5
17  6
16  5
13  7
22  5
19  -3
19  -5
21  -1
14  -3
16  4
21  -1
20  -5
36  5
13  5
9  -2
19  -4
7  -2
23  7
18  -3
27  -3
17  7
8  -6
20  -6
24  2
20  -6
15  -1
23  7
14  -3
11  4
11  3
12  -5
10  -4
21  -2
16  4
12  -7
15  -2
14  -4
26  2
13  5
15  -1
9  0
8  -5
26  3
22  3
12  -5
34  1
15  -1
12  -6
19  -5
11  3
23  6
7  -2
17  6
9  -1
24  1
17  7
12  -7
17  7
20  -7
19  -4
20  -6
19  -5
13  5
14  -4
19  -3
15  -1
7  -3
15  -1
34  0
16  3
26  2
14  -3
19  -4
22  5
24  3
11  3
19  -4
16  3
20  -6
16  3
16  4
7  -2
18  -2
14  -4
14  -3
20  -5
15  0
21  -2
16  3
21  -2
10  -4
10  -3
26  1
28  -2
5  -2
20  -5
23  7
30  -5
12  -6
20  -5
11  5
13  7
16  4
11  4
19  -3
25  5
24  3
27  -4
13  6
18  -1
23  6
11  3
11  5
16  3
25  4
19  -5
15  -2
27  -3
17  6
17  6
21  -3
23  6
16  3
11  4
24  2
6  5
39  0
14  -5
17  6
12  -5
10  -3
22  3
22  5
25  4
17  6
22  4
12  -6
21  -3
26  2
20  -6
23  5
21  -2
22  3
17  6
14  -5
22  4
17  7
20  -5
25  4
12  -7
27  -3
14  -3
23  6
19  -3
16  4
53  5
20  -7
22  5
12  -5
27  -3
23  5
23  7
14  -4
26  1
7  -2
24  3
20  -5
25  3
34  2
12  -6
11  4
19  -3
13  6
24  1
11  3
14  -4
20  -7
13  5
14  -3
24  1
26  3
20  -5
12  -6
9  0
15  -1
10  -2
15  -1
20  -6
12  -5
22  4
10  -2
17  6
20  -7
23  6
25  4
25  5
16  3
21  -3
18  -3
25  4
38  0
20  -6
11  5
26  3
15  -2
23  7
16  5
25  4
16  5
17  6
20  -6
19  -3
18  -1
14  -5
23  7
31  -2
28  0
23  6
12  -6
10  -2
20  -6
10  -2
13  6
9  -2
25  4
19  -3
21  -1
25  4
26  2
19  -5
18  -2
10  -4
23  5
22  3
15  -2
16  3
22  5
23  6
22  5
24  3
16  3
27  -3
21  -1
28  0
18  -2
25  4
14  -5
12  -7
19  -5
15  0
16  4
14  -3
25  4
14  -5
18  -2
15  -2
16  5
21  -3
5  -3
18  -1
11  3
14  -5
24  3
12  -7
20  -5
17  5
19  -5
17  6
20  -5
23  7
5  -2
12  -5
23  7
20  -5
21  -1
14  -3
27  -3
21  -2
16  3
20  -7
15  0
21  -1
8  -5
17  5
18  -2
16  3
25  5
22  5
17  7
26  1
9  -2
23  7
18  -1
11  3
13  5
9  -2
13  7
11  3
26  2
11  4
21  -1
25  3
26  3
19  -5
11  3
20  -6
11  4
17  6
14  -4
18  -3
7  -3
14  -4
16  5
19  -3
27  -4
19  -3
17  7
26  3
17  6
13  5
22  5
16  3
10  -4
12  -6
17  5
11  5
12  -7
19  -5
14  -3
36  5
18  -1
15  -2
28  0
20  -7
16  4
12  -7
21  -1
32  -3
16  5
7  -2
27  -4
24  3
19  -4
17  5
8  -5
18  -2
20  -6
20  -6
16  4
18  -3
19  -3
33  2
18  -2
24  2
16  5
15  -1
19  -3
10  -3
16  3
14  -3
12  -6
5  -1
21  -3
21  -1
16  5
7  -2
18  -2
20  -6
15  0
14  -5
14  -5
14  -5
18  -1
28  -1
18  -1
20  -5
23  5
23  5
12  -5
28  -1
14  -4
12  -5
28  -1
26  2
22  5
24  2
14  -3
14  -5
18  -1
9  -2
6  4
13  5
19  -5
32  -4
22  3
21  -2
25  3
17  7
16  4
24  3
20  -7
21  -2
16  3
15  -2
14  -5
17  5
6  4
19  -5
14  -4
9  -2
20  -7
23  7
19  -4
24  2
14  -5
16  4
7  -3
12  -6
13  5
20  -7
21  -2
7  -1
12  -5
13  7
17  6
9  -2
13  6
13  5
17  5
22  5
28  -1
19  -4
12  -7
23  7
19  -3
16  4
7  -2
16  4
13  6
21  -3
26  1
15  -2
16  5
12  -7
20  -6
8  -6
29  4
15  -2
19  -5
11  5
10  -3
9  0
20  -6
18  -3
19  -5
12  -7
20  -7
16  4
23  5
12  -5
33  2
12  -6
31  -3
18  -3
26  2
24  3
17  6
8  -5
20  -7
20  -5
30  -6
16  4
15  -2
43  6
9  0
21  -1
25  5
16  5
11  3
16  3
16  4
17  5
10  -4
9  0
5  -1
6  4
23  5
11  5
24  2
18  -2
8  -6
17  5
12  -5
33  2
17  5
19  -4
18  -1
16  5
8  -5
19  -3
15  0
27  -5
15  -2
20  -7
13  5
20  -7
11  5
26  1
14  -3
29  2
21  -3
16  4
24  2
14  -5
19  -4
24  1
24  3
13  6
20  -5
24  2
20  -6
28  0
23  5
11  5
17  5
26  2
20  -6
21  -1
17  6
12  -6
9  -2
18  -1
16  3
26  3
18  -3
15  -1
27  -5
12  -7
23  7
14  -5
13  6
23  6
26  3
19  -3
26  1
33  0
22  4
19  -5
21  -2
24  3
21  -1
9  -2
9  -2
22  3
12  -6
8  -6
13  5
20  -5
14  -5
12  -7
14  -3
15  -1
16  4
18  -2
20  -5
15  -2
28  0
22  3
21  -2
20  -6
22  4
14  -3
