77  -4
99  4
43  3
44  7
88  11
95  1
76  2
98  -2
77  -1
76  1
82  -1
75  -3
54  8
115  -4
48  -6
84  -4
100  -9
75  -8
64  0
86  -3
66  0
39  -11
53  1
112  4
62  -4
95  -2
76  -3
49  5
77  -3
82  2
53  -2
74  3
76  -3
111  0
77  0
72  -8
83  2
84  4
71  -8
109  10
76  1
78  0
78  -4
71  -8
51  -12
70  5
62  1
90  1
79  -4
85  5
80  2
94  -3
51  -5
78  8
55  -4
126  -13
64  1
66  8
72  -4
66  6
63  1
85  4
70  -4
88  6
63  -6
103  8
71  -2
85  -1
78  0
85  0
84  1
53  -2
78  2
65  0
67  -1
93  3
70  4
79  -6
85  -5
81  -4
99  -3
89  7
70  -1
75  -1
95  7
75  -2
82  9
97  2
84  -3
81  1
92  7
75  -4
76  2
83  -2
95  6
69  6
80  1
83  -2
74  4
97  2
83  -7
59  -2
80  10
93  4
64  -1
51  -1
78  -2
99  1
77  5
78  -2
106  3
66  0
91  -8
69  8
84  -1
85  3
69  8
54  -3
70  -7
66  2
83  -7
79  -8
64  4
54  -2
95  7
110  2
81  -3
74  8
61  4
118  -1
64  -6
71  -1
81  1
97  2
89  -2
64  -2
74  8
58  1
83  -3
49  4
75  2
110  -8
107  11
90  3
63  -2
69  3
70  5
68  -1
76  8
83  3
94  -3
65  -2
83  3
75  -1
93  10
74  3
77  0
82  3
44  6
48  -2
67  -4
95  1
68  -4
102  2
55  0
74  4
114  -5
78  5
60  5
57  -3
88  5
55  -5
76  3
67  -9
90  0
68  4
91  -4
66  2
58  11
84  1
57  8
80  6
61  8
74  6
77  4
68  8
68  -3
67  -10
89  2
49  7
73  9
78  3
105  -3
46  -4
72  -2
51  0
37  8
79  -2
59  -1
71  -7
74  4
79  -3
76  6
61  2
74  10
77  5
80  2
97  4
51  0
98  -8
113  1
95  5
117  -1
62  -9
58  11
94  3
117  9
103  5
100  -4
92  0
72  1
68  3
80  2
75  -5
90  11
66  5
84  -3
86  -10
94  4
97  -4
100  0
53  -8
75  -2
77  4
75  -2
107  6
69  2
82  7
83  -8
73  8
43  -1
117  9
78  1
40  3
114  -7
74  -2
76  3
81  7
74  6
76  4
71  -12
75  2
74  2
97  -4
51  -9
69  7
59  -5
111  6
74  -2
116  -9
100  -5
75  -3
89  7
100  0
54  1
53  1
90  2
79  -10
63  -4
67  -5
105  -12
92  5
98  1
69  4
77  2
57  0
52  2
43  -5
71  -1
77  4
79  1
67  -4
62  -9
60  -2
83  -5
74  8
62  2
50  1
62  1
73  4
95  1
68  0
64  3
117  2
94  4
89  -1
73  7
95  2
68  5
70  -4
80  6
90  1
70  -6
94  -4
80  3
104  0
82  5
61  1
79  1
93  5
87  3
58  1
76  -1
72  -5
84  -1
41  4
53  0
56  -7
68  7
65  9
103  -1
60  4
79  0
94  -4
80  4
74  10
71  -5
118  -2
97  2
60  -4
63  -4
79  -8
69  0
63  -2
68  1
106  -4
76  0
49  1
76  1
72  -3
81  -4
71  -7
93  2
91  -8
64  -5
59  -10
75  -6
48  -8
101  -4
80  12
84  6
42  -12
97  8
56  -7
81  0
88  8
80  12
54  -4
125  -1
79  -10
72  -3
72  4
67  -4
63  0
84  -1
67  -9
85  1
81  -2
96  -6
88  10
62  1
81  1
70  -3
74  4
75  1
68  1
55  -4
46  -11
43  -4
100  3
58  11
74  9
46  -9
67  -12
55  1
85  4
66  11
85  4
82  8
92  -3
57  -1
93  4
68  3
67  -6
86  -9
61  -4
82  3
57  7
59  0
82  11
66  11
75  -10
68  7
63  3
115  5
80  1
95  -2
70  5
82  10
58  0
55  0
63  4
76  -2
69  8
92  4
77  6
66  7
57  6
82  6
74  5
87  3
74  10
51  0
56  -8
106  2
90  -1
104  -5
96  0
90  1
78  7
94  2
73  -3
91  -2
65  5
51  -5
82  -1
96  3
100  -5
92  -1
99  1
52  -3
70  -2
57  0
50  -5
100  1
74  8
88  -1
66  1
73  -2
98  -2
77  6
63  3
66  2
68  -2
83  1
71  -6
76  1
61  6
71  -10
68  6
95  3
73  -3
73  9
102  3
94  3
88  4
64  0
74  -1
93  11
126  -10
56  -3
73  -2
60  3
61  0
103  6
62  -8
79  -4
70  -2
47  -6
71  -12
61  8
71  -3
72  -8
64  0
47  4
99  -7
71  -2
85  -5
118  -6
70  -2
106  7
51  -5
49  11
54  7
83  2
62  -9
83  -9
77  6
56  -7
64  4
60  3
68  8
121  2
65  -2
70  3
77  -3
80  4
143  8
50  -9
118  -1
46  -5
97  7
59  -5
71  -4
124  -9
64  -3
111  10
79  0
61  7
84  -1
91  -3
96  -2
81  6
88  6
73  2
99  5
96  3
87  -7
64  5
78  -1
102  5
50  -5
75  -9
57  7
75  -4
75  -6
120  5
104  -7
61  8
79  -9
52  -5
79  -6
70  -1
74  7
54  3
66  5
85  3
72  0
74  4
80  7
76  6
72  -3
91  -8
101  2
101  -2
71  -4
97  8
43  -2
83  -2
82  8
95  -1
76  2
72  -5
95  -2
64  -7
59  -9
84  1
81  2
87  0
90  0
60  4
61  8
47  -5
85  1
77  -3
77  0
85  1
61  7
58  9
63  -5
93  3
61  5
55  1
63  2
84  1
84  3
91  2
90  9
67  -6
54  3
68  8
86  -2
53  2
88  0
78  -3
73  -3
115  3
53  -7
52  -6
80  12
91  -8
68  2
65  7
55  -1
61  -3
56  -9
73  4
100  -9
89  1
69  5
69  1
61  -4
50  -4
81  -4
69  3
77  -2
90  3
88  11
84  -4
70  -3
81  3
90  4
104  -8
67  -3
72  -3
106  -4
79  2
103  1
64  2
68  5
89  -2
78  7
71  -1
59  -6
116  -9
48  4
87  -8
65  5
78  5
96  -9
82  2
111  2
77  5
63  4
63  -5
72  -6
96  3
80  8
84  -2
74  0
73  9
61  1
81  6
67  -9
101  -5
82  6
51  -3
90  5
88  4
85  -3
57  -2
89  5
66  0
73  7
56  -7
53  -6
91  -6
79  -7
112  2
107  1
69  3
75  -5
74  2
48  -6
93  2
94  0
60  -2
85  0
111  9
85  3
62  -6
93  2
67  -9
77  3
63  -1
74  -1
73  4
80  4
80  5
83  -7
51  -10
63  2
116  -5
55  -4
100  -5
85  -5
66  3
73  9
73  9
69  7
99  -1
103  -1
82  5
86  -8
96  -3
77  1
107  11
69  2
85  -4
84  4
96  -6
53  1
73  -3
98  -3
66  2
136  -1
50  -2
78  3
85  -5
110  4
80  3
73  9
70  2
65  8
80  4
85  -5
82  8
71  -8
55  -4
59  -1
105  -7
58  1
85  -5
73  2
66  12
101  2
79  0
76  3
88  6
85  -3
91  2
51  -9
96  0
83  -5
97  -1
113  -3
66  9
74  10
80  1
64  3
97  1
90  9
66  10
70  4
85  -2
79  -10
51  -11
76  2
92  -2
88  7
62  -9
70  -6
93  9
74  4
51  -2
83  1
66  3
51  -9
48  2
101  -5
57  4
78  -4
94  0
61  0
95  -5
108  -11
94  3
72  -7
73  1
69  12
88  7
118  -8
69  5
107  4
87  -5
64  4
41  -3
62  -2
103  6
64  -1
65  5
78  -3
77  6
85  4
79  -4
72  3
56  -11
92  5
83  -5
71  -12
60  0
74  0
70  -2
56  -4
70  -5
90  6
92  1
65  10
74  7
86  -6
90  3
74  -2
114  1
59  1
84  7
110  -1
86  0
83  -8
55  -10
80  6
97  -1
66  9
56  -2
69  10
75  1
62  3
66  6
58  11
99  5
95  7
66  6
75  -4
63  -5
70  5
84  6
82  6
78  2
101  2
40  2
88  11
55  -4
72  3
77  2
61  1
40  3
72  -6
56  -2
68  2
85  5
68  0
97  2
81  6
76  2
60  8
110  2
104  -7
63  5
81  5
86  -6
116  -9
62  -7
83  -8
133  -5
55  -7
89  5
92  4
98  -3
71  -6
99  1
51  -4
92  3
57  7
56  -7
64  -6
80  8
26  2
76  5
89  -3
66  4
68  6
70  1
75  -3
69  9
94  -4
63  0
70  -5
54  8
103  1
68  6
62  -5
79  0
99  3
40  -3
66  4
64  4
75  -7
71  -1
83  -9
102  10
54  -3
58  3
87  -5
74  8
89  2
73  5
80  3
96  -2
48  -3
89  9
77  2
59  -2
90  6
56  -11
63  2
63  6
66  9
61  4
70  4
36  -4
89  0
65  6
62  -8
82  2
50  -10
69  3
35  -3
82  11
74  3
53  4
47  4
52  -5
88  4
117  3
62  2
66  1
72  0
85  -4
44  0
48  0
64  -4
66  3
116  -6
68  -3
76  2
76  6
60  1
68  3
78  5
74  3
61  -2
67  -12
83  0
72  -2
70  -1
83  -5
90  0
43  -3
82  7
98  0
82  3
97  -3
72  -2
96  2
58  9
70  -6
77  7
82  9
74  2
53  -7
109  2
69  7
66  6
67  -3
66  2
63  1
119  0
96  -2
76  8
86  -2
97  2
114  4
91  3
61  6
90  11
83  -8
99  2
71  -12
56  -7
61  5
94  2
58  0
68  6
109  6
68  1
50  -7
73  8
69  11
74  4
69  2
48  -7
