80  -3
40  3
43  -7
65  -3
45  6
61  0
41  10
51  -3
70  6
68  8
58  4
46  2
44  -3
39  -4
47  12
60  4
92  -8
55  4
48  5
54  9
75  7
55  6
24  -1
57  -8
73  -11
38  5
58  1
61  9
61  1
55  10
64  11
58  -6
51  -4
56  5
30  -8
88  4
79  2
41  7
78  -6
64  2
44  -5
100  0
69  8
61  3
65  -10
56  -4
42  3
98  0
29  2
102  -5
71  -3
75  3
77  -1
69  11
50  -8
82  1
52  0
65  -8
60  7
63  -2
86  8
54  11
57  -4
88  5
81  -1
53  -2
56  5
57  -1
67  2
77  -6
45  2
41  4
68  2
56  3
56  5
51  -4
89  -1
62  -1
51  -2
85  -12
51  -10
54  8
57  -5
57  -6
55  8
60  12
78  -2
72  -1
62  9
49  -6
54  11
70  3
55  12
65  -1
79  -1
74  9
57  -1
82  5
26  6
44  -6
64  8
37  8
81  -1
48  5
74  3
61  11
56  -2
64  5
45  7
59  3
88  6
59  -9
87  6
45  7
37  1
69  7
61  7
62  7
57  -1
59  -4
47  9
58  -2
81  9
74  1
46  3
43  -1
43  -8
45  2
67  6
64  7
90  11
93  -8
58  -4
62  4
66  -8
38  3
47  5
35  8
47  5
61  5
76  -5
77  -6
85  -9
87  2
85  -6
102  0
40  -4
70  9
76  0
74  6
60  8
75  -2
70  10
40  1
23  11
73  -1
78  -6
42  8
31  -3
63  -6
91  -4
50  1
59  -1
58  0
64  8
55  10
85  -7
53  4
97  -4
54  -1
88  8
60  6
52  6
62  11
95  2
49  -8
43  -6
42  5
67  12
41  13
79  -3
64  7
46  -2
54  11
55  2
70  0
52  4
20  10
30  -3
39  -11
108  8
75  4
48  3
43  -10
51  -7
51  -9
89  5
53  0
62  11
63  -7
64  13
80  -10
62  11
35  1
56  3
68  9
90  4
77  1
52  6
59  2
44  -4
64  5
70  -1
80  1
35  -1
46  4
85  -5
46  2
63  -1
94  -6
60  5
76  -3
51  -8
50  -7
53  -1
67  4
62  5
62  10
45  -1
69  5
101  4
80  -2
50  -3
56  -2
49  -9
71  -6
53  5
51  -2
56  5
60  6
49  -11
43  -7
49  -2
41  13
62  2
79  3
95  -4
73  -4
61  1
36  -11
73  -9
40  0
93  -11
33  9
60  12
53  -6
45  -3
66  -5
53  4
48  8
71  -9
84  -3
59  -3
77  -2
43  -1
76  -10
46  5
43  -5
57  -10
39  -5
83  3
100  4
83  -4
49  -8
63  2
35  0
79  1
69  5
41  13
49  -2
68  8
70  4
89  1
33  9
46  -3
49  -1
80  -10
37  6
32  -7
65  -6
64  4
47  5
70  5
44  -3
42  9
75  2
34  6
61  11
73  -7
44  -5
69  10
62  -1
37  1
51  -2
67  9
59  -9
49  -8
51  0
43  -7
58  -6
41  7
60  3
49  0
56  0
54  4
59  -1
53  4
37  7
37  8
24  -6
37  3
118  11
80  -11
55  6
21  0
60  5
50  -2
43  -10
55  12
100  -3
62  3
45  5
92  -5
73  -8
50  -4
51  -6
27  -1
58  0
48  5
70  8
50  2
59  -4
42  7
91  -8
75  1
69  7
78  -7
51  -2
74  -2
60  8
56  -4
75  -1
61  7
66  0
53  6
73  -6
30  -7
46  -6
80  -3
98  9
53  1
64  7
40  5
61  12
79  -2
55  2
58  4
79  1
73  -10
71  -4
76  -12
78  2
99  11
55  7
74  -2
45  2
68  0
71  -8
56  5
44  -5
47  6
59  -7
66  0
43  1
39  -7
67  10
50  -2
52  2
74  1
42  8
57  -11
64  9
88  2
60  12
83  -1
55  13
84  -7
36  -3
65  -9
65  -8
72  -1
64  4
100  -1
98  3
66  1
70  3
52  0
39  -3
74  2
81  5
44  6
48  9
109  3
76  -3
72  -8
45  1
60  8
45  -4
73  0
75  -2
75  -3
88  8
46  1
43  -7
69  5
69  0
75  0
49  -8
75  -3
49  -12
58  3
85  -10
63  -5
45  1
49  -12
52  6
81  8
55  10
59  3
72  -8
75  3
62  6
48  5
109  3
63  -7
74  3
64  11
66  -5
64  13
57  -12
52  6
38  2
69  3
46  3
74  0
30  0
49  -7
64  5
56  4
48  7
52  -2
87  4
92  -11
42  5
78  -2
90  4
43  -7
101  -3
69  3
46  5
69  2
64  8
44  -4
68  10
59  -1
68  6
69  11
77  2
83  -1
59  1
75  6
96  -6
88  -1
63  1
53  -5
67  6
31  -4
54  8
58  -7
52  -6
39  -8
81  -1
111  -5
48  5
47  1
45  3
97  -8
62  1
42  0
66  2
83  -8
52  6
46  1
64  6
73  -7
36  0
62  7
48  9
34  3
41  13
45  7
58  -6
64  4
44  -2
99  1
34  3
117  3
56  -3
52  -4
68  -1
80  -4
70  -1
65  -9
65  -2
57  -3
48  0
55  6
77  0
53  6
45  0
84  -7
50  0
48  -2
70  3
41  3
73  -11
56  -3
73  -5
81  5
47  9
67  13
59  -7
66  -6
52  4
41  2
41  4
49  0
41  1
51  1
81  2
68  2
69  8
53  -2
38  -3
39  -2
56  6
63  -2
38  -2
44  -1
53  4
62  11
45  -5
46  3
107  5
33  9
86  5
56  5
98  8
78  -2
79  2
54  10
53  3
56  0
46  -3
68  3
53  -1
60  4
49  -10
51  -6
72  -13
76  -12
66  1
56  -4
36  -8
62  6
46  0
46  -4
56  4
104  -2
63  1
50  0
66  -7
48  4
51  -3
83  1
68  7
46  -7
77  0
48  -1
62  1
97  -7
53  6
45  -5
71  -2
69  3
40  -3
82  8
63  4
82  0
54  3
70  2
40  2
75  3
59  -8
68  10
48  10
48  2
85  -4
47  10
54  9
55  11
60  1
64  1
42  7
74  2
52  5
79  -6
55  5
49  -11
77  3
69  6
30  1
28  -9
41  4
70  4
52  1
54  9
44  6
74  5
79  3
38  1
77  -4
43  2
34  4
85  -12
64  2
95  -10
86  0
81  8
82  1
33  4
100  -1
72  -8
60  3
59  -8
84  1
75  0
52  5
50  -2
81  6
58  -1
61  2
68  7
48  5
80  -9
55  11
76  -12
45  -3
52  -3
70  6
50  2
59  2
53  5
24  -1
54  7
79  1
64  12
84  -7
70  10
79  1
60  1
69  11
101  -6
57  -6
70  8
63  -7
59  -8
61  4
73  -3
64  8
66  -6
76  -7
58  -3
52  -4
92  -13
109  -2
42  2
44  -6
66  -1
52  5
74  3
86  6
87  3
57  -8
57  0
80  -8
58  -2
67  11
81  4
49  -12
43  2
84  1
105  1
64  4
71  1
63  -4
45  -1
65  -7
58  -1
69  6
90  5
74  7
50  -1
41  13
61  7
74  3
84  0
73  -10
44  5
99  5
114  -12
87  4
37  -1
66  2
110  -13
31  -9
40  4
59  3
51  -7
67  13
37  4
49  -9
38  3
94  -7
69  6
60  2
58  5
102  -3
60  12
54  9
72  -6
55  8
58  -6
61  2
58  -5
50  -3
74  3
61  8
43  2
59  3
55  9
66  -1
66  0
47  13
42  5
57  -1
87  1
54  5
73  -9
53  -2
59  1
40  0
65  -6
62  6
43  -6
48  -1
65  -5
50  4
30  -2
50  1
39  -5
60  9
74  5
55  6
55  13
47  10
57  -3
75  2
55  1
83  0
52  6
35  1
45  -3
41  12
64  11
50  -1
83  4
62  6
59  3
51  -8
84  -1
49  -7
64  8
74  2
57  -7
75  -2
64  4
68  2
76  0
67  8
84  0
73  -11
69  9
83  -8
69  2
21  6
54  4
93  -9
58  5
56  1
51  1
53  5
58  4
95  -4
43  -2
45  -2
46  -3
58  -6
65  -3
67  2
119  -3
60  0
76  -8
43  -6
47  6
66  -5
40  5
68  3
65  -1
51  1
58  -5
54  0
62  7
64  9
52  6
67  10
55  6
60  4
67  10
75  4
57  -3
71  -6
81  -3
36  -5
62  2
60  5
55  1
16  0
66  -2
65  -11
58  -3
98  7
64  5
32  -5
36  -7
56  3
84  -1
75  6
81  -3
40  -3
51  2
59  -8
31  -9
83  0
72  -3
48  -1
53  2
36  -4
75  -3
53  3
74  4
51  -8
58  0
64  1
39  -11
69  3
46  -7
59  -2
55  13
54  11
35  2
61  4
67  2
50  -7
34  4
41  5
56  1
57  -10
41  4
59  -3
132  -5
62  6
53  0
65  -11
62  4
65  -10
70  7
49  -7
62  11
40  -3
52  -1
50  -2
75  -3
76  -2
45  -2
77  -1
49  -7
35  -4
39  1
79  3
99  9
59  -7
49  -1
75  5
81  3
53  -5
62  8
46  2
61  10
66  2
74  3
48  1
48  8
54  0
58  -7
73  -4
53  -5
81  9
62  10
73  -10
64  4
65  -4
57  -5
53  -5
63  -4
41  7
45  0
86  1
80  1
54  1
93  -6
71  -3
89  0
68  3
62  3
80  -10
36  -11
45  1
52  -2
56  2
53  4
82  3
67  13
99  7
72  -2
62  0
74  -2
87  3
47  11
44  2
75  2
75  -1
56  4
69  5
58  -4
58  3
63  -2
98  4
66  -10
61  3
51  -2
62  3
58  -3
66  -9
88  9
77  5
55  12
67  3
65  -5
60  12
73  -4
81  0
81  8
58  0
36  -6
65  -1
38  -3
74  4
59  -6
76  -5
