54  5
27  -6
48  2
32  2
45  -4
34  1
63  -2
41  1
49  -2
29  8
39  5
30  -1
42  -8
31  0
65  -2
46  -2
41  0
48  -4
34  9
47  -6
53  -8
29  3
18  7
45  -5
29  9
27  0
43  10
46  3
53  -3
33  -11
38  -7
33  -3
26  1
40  -2
52  1
40  -2
43  3
50  -1
45  -9
33  -3
43  7
34  7
40  3
38  -1
34  5
42  -8
39  3
38  -3
37  5
23  6
43  7
62  11
44  7
36  3
40  2
50  -3
40  -1
39  10
64  4
36  3
34  7
30  3
35  -6
38  -1
24  6
39  5
46  3
35  -1
41  -2
40  -5
46  4
38  -3
50  -3
48  -4
27  1
26  5
41  3
29  1
43  6
29  2
31  -4
50  2
35  -3
50  1
40  3
60  -4
39  5
32  2
43  2
35  -4
49  -5
27  1
52  -1
46  2
36  5
34  8
31  -3
46  -2
33  -4
45  -9
36  7
21  -5
46  4
34  9
27  -1
29  1
21  -8
71  -7
26  5
27  -6
44  4
57  2
38  -2
47  -3
34  3
54  8
46  3
36  8
51  -4
36  9
39  11
39  6
48  4
47  -5
31  2
32  6
37  6
39  4
30  6
43  10
27  0
42  -6
52  -5
46  1
41  1
37  5
28  -6
28  -6
37  -2
31  0
38  -4
47  0
39  5
26  5
39  7
34  6
40  2
37  6
29  8
36  5
30  1
28  -5
32  4
35  2
22  3
35  0
74  2
28  -7
41  2
33  -8
36  6
27  -6
47  -2
51  -2
46  -4
30  -2
52  1
48  3
60  -5
32  5
53  -9
52  -2
28  1
47  1
45  -5
44  2
39  3
39  4
42  0
49  -5
50  1
43  6
52  -1
49  -1
40  -3
37  4
37  1
53  -8
31  -1
62  4
31  -1
63  0
32  2
46  -4
74  9
20  3
39  9
41  5
46  0
43  3
40  -3
58  -4
42  -8
49  -3
52  -3
39  4
55  2
46  -1
46  -3
45  -6
45  -9
54  9
21  -3
25  -6
34  7
15  -6
55  2
35  -4
37  4
56  5
42  -1
36  2
51  1
39  5
29  8
35  -2
45  -4
36  8
45  -5
46  -1
33  -9
36  2
58  -5
38  0
41  5
39  4
44  0
48  2
37  2
22  1
46  3
28  0
39  3
29  4
60  -1
30  3
56  1
52  -1
39  8
32  4
44  8
51  0
29  9
56  5
43  8
26  -1
31  -4
43  8
38  -4
59  1
44  2
48  1
34  7
35  2
26  -1
40  -1
39  6
36  5
46  -4
41  -1
50  2
28  1
28  0
61  9
24  10
40  -1
40  1
46  -1
31  -2
43  6
49  -3
49  1
23  3
56  2
22  0
29  1
22  5
55  1
33  -7
47  0
52  -1
37  -2
51  -3
30  0
28  -1
40  -2
36  9
40  2
38  -2
28  -3
49  0
44  7
32  10
26  4
34  9
50  -4
72  -4
41  6
35  2
22  4
38  0
58  -4
29  3
51  -5
46  0
44  2
47  -2
48  -3
26  -1
40  -3
28  -2
31  0
49  -1
56  4
35  -6
31  2
34  1
47  -7
28  -2
24  7
52  0
47  -7
27  0
42  -7
70  4
42  -5
47  -3
43  4
45  -7
34  7
48  4
29  9
23  4
35  -3
41  5
31  -2
42  -7
36  9
41  6
41  4
39  11
36  2
41  2
30  5
38  -5
29  2
47  -6
50  1
40  -4
31  -6
52  -5
30  2
63  2
52  -6
61  1
47  1
33  -7
37  2
31  -2
40  -2
33  -10
45  -9
47  -7
56  0
32  5
45  -6
29  3
50  -5
41  -2
48  1
34  7
23  8
36  9
55  1
48  -4
38  1
36  4
30  1
31  -3
46  4
38  -4
41  6
38  1
32  2
66  9
51  -2
38  -3
40  -4
37  0
49  -1
29  4
58  -5
66  8
39  7
39  7
53  -5
24  8
37  1
28  -6
28  0
27  0
55  -5
37  1
36  6
35  -6
40  0
43  7
38  -4
24  10
67  6
35  -6
40  -1
49  -5
55  -5
42  -8
54  6
42  0
54  6
58  -2
24  4
28  -1
64  2
41  3
32  6
43  9
44  3
39  10
46  3
39  5
45  -8
39  6
32  9
49  0
59  0
28  -3
32  8
42  -2
56  -1
23  5
49  -4
43  10
50  -3
39  7
40  1
31  -5
39  3
36  9
41  6
45  -4
55  1
33  -3
33  -11
50  -1
29  3
45  -8
27  -4
38  -7
42  -2
53  -10
37  6
28  0
59  -3
36  5
36  10
24  2
53  -7
38  1
41  2
30  2
36  3
42  -1
29  8
54  5
31  1
45  -8
30  3
39  5
36  7
47  0
35  0
26  6
45  -6
49  2
30  6
51  0
21  -10
50  -1
36  3
53  -2
42  -3
33  -4
37  6
32  5
33  -7
48  -3
32  6
53  -4
39  7
32  2
40  -3
42  -8
28  -3
38  -2
55  2
72  -6
59  -4
50  -5
29  6
33  -9
63  -6
42  -4
43  7
34  4
40  -1
31  -5
51  1
36  6
23  7
48  4
44  1
42  -6
47  -7
37  1
62  4
44  3
61  5
34  4
38  -6
52  -5
19  -4
34  9
35  -2
30  5
38  -4
44  8
40  1
29  3
67  4
45  -7
28  -2
40  -4
23  5
37  6
42  -6
48  -4
36  5
51  -7
35  -1
32  10
33  -7
24  7
49  -1
40  -3
26  0
28  0
50  0
35  -3
78  5
48  4
38  -3
43  8
41  -1
42  -3
43  7
54  2
31  1
47  -5
43  6
45  -7
45  -2
38  1
36  2
27  -5
42  -3
45  -8
49  -4
28  -7
31  1
29  1
46  0
46  4
55  0
33  -3
32  6
26  4
41  -1
25  -1
41  -1
37  1
53  -3
31  -2
53  -3
58  -1
48  -4
52  2
43  6
50  1
36  8
20  2
32  2
46  4
57  -3
25  0
44  7
35  -3
52  -1
38  -2
65  -4
51  -2
34  1
41  3
39  3
43  2
22  0
34  4
31  -2
44  3
43  2
45  -7
48  -4
34  1
41  1
52  -3
40  3
32  9
58  -2
36  7
26  6
61  4
68  2
49  -4
22  2
46  4
41  -1
54  4
50  3
40  -5
36  10
50  -5
31  -5
59  -6
61  8
42  0
46  -2
53  -5
42  -2
46  2
53  -9
42  0
45  -3
41  1
32  3
28  -3
42  -2
30  3
30  5
37  -2
48  -1
31  -1
22  0
54  10
34  3
27  -1
50  0
26  6
32  10
22  1
36  8
38  -5
30  3
24  9
34  7
48  1
38  -7
32  3
42  -6
28  -6
46  3
39  3
23  6
41  0
44  1
40  3
27  -3
23  6
33  -6
39  5
36  4
36  5
25  -1
48  2
34  9
33  -8
48  -1
27  2
42  -5
30  1
43  8
43  4
20  -5
17  -1
34  8
29  1
32  10
39  10
59  -4
36  6
49  1
43  5
38  -1
56  2
64  7
34  3
35  -6
55  -6
20  0
46  -1
39  9
41  3
37  4
25  -3
49  0
31  -5
46  -1
36  10
37  6
36  5
28  -4
55  -5
31  2
51  -3
32  3
50  -1
35  2
24  3
48  2
48  0
59  -6
23  1
43  3
46  0
46  3
47  -2
55  2
38  -6
42  -1
55  2
42  -6
37  1
35  1
36  7
48  1
43  5
50  -4
25  -5
53  -8
46  1
51  -5
63  -5
51  -6
34  1
42  -6
40  -1
25  -3
33  -10
40  -4
42  -5
55  -4
37  1
42  -2
25  -5
50  -1
32  9
43  10
57  1
36  8
52  -2
36  7
45  -8
60  -7
35  -3
35  1
47  -4
60  -3
44  4
44  8
25  2
28  -7
39  3
44  6
38  0
21  -4
34  8
36  8
33  -8
37  -2
41  4
25  -3
62  4
51  -2
45  -6
50  1
43  10
40  1
28  -6
25  -5
32  9
46  -1
27  -2
35  -5
50  1
56  2
52  -5
44  0
53  -3
35  -5
37  0
48  0
30  -1
32  6
31  0
35  2
53  -3
42  -4
44  5
38  -5
28  -1
52  2
58  -5
30  -1
31  -6
42  -7
55  -1
49  -1
34  9
31  1
30  -2
28  -6
29  2
29  6
39  5
28  -7
67  4
31  1
61  1
37  -2
44  4
32  5
41  3
34  5
36  10
24  10
45  -2
17  -1
51  -2
28  -4
31  1
23  7
52  1
42  -8
35  -6
34  2
74  3
46  2
50  0
40  3
28  -2
45  -9
38  -6
39  4
55  2
43  10
42  0
47  1
61  3
58  0
46  -2
52  -5
49  1
46  -3
30  6
32  6
29  3
36  6
42  -7
52  -2
42  -8
43  5
37  -2
53  -6
12  -5
53  -10
37  6
31  -3
24  7
52  -2
38  -7
37  5
30  5
54  9
45  -6
29  7
63  -1
38  -5
50  -4
29  2
40  -5
50  -1
38  -2
41  6
48  1
32  6
58  -7
35  -6
51  -6
42  -6
38  -1
68  -2
33  -6
45  -6
44  6
43  7
43  6
49  -3
54  5
47  0
59  -1
27  -6
50  -1
37  3
40  -4
70  3
35  -4
52  0
50  -5
44  7
47  -5
58  -7
37  -1
33  -8
51  -7
33  -11
30  5
42  -3
60  -4
47  0
44  3
38  -5
29  3
35  -5
21  -6
39  5
28  -3
30  6
46  -4
37  5
19  -3
30  0
53  -10
37  3
51  -1
47  1
38  -3
46  2
40  1
39  5
28  -7
40  1
35  -4
44  4
43  7
36  6
25  -4
38  -1
32  2
47  -7
41  3
44  7
49  3
36  9
37  3
40  -4
38  -1
29  6
30  3
45  -9
51  -7
46  -2
58  -5
25  -1
