60  4
74  -1
50  1
110  4
73  6
74  0
87  9
102  -5
87  5
70  4
76  4
74  1
85  -5
55  1
100  5
85  -4
75  7
72  0
82  6
85  -4
49  -5
51  -5
82  3
65  -8
78  9
71  4
83  4
32  -1
63  5
71  3
40  2
63  2
77  1
70  5
66  5
69  -4
93  -7
79  -3
81  -1
80  -4
89  -8
82  2
91  -1
76  6
75  7
83  3
109  9
66  8
81  -3
74  1
102  -4
114  -8
56  1
104  -2
83  3
62  0
81  1
50  1
62  -1
83  0
74  1
86  -6
98  -3
52  3
57  -4
73  4
70  7
74  -1
86  -3
84  -1
158  -2
68  3
85  -5
71  6
65  -8
95  -5
76  7
87  9
84  -3
61  6
86  -3
62  -2
76  7
72  1
71  6
76  4
59  -5
66  8
104  0
65  -4
84  -1
81  0
86  -6
93  -4
63  5
67  -7
61  2
69  -4
61  6
87  5
79  -6
70  5
64  -7
61  4
80  -6
86  -2
89  -9
74  -2
98  1
58  6
70  3
62  -4
70  6
64  -5
70  3
90  -5
81  -3
67  -6
91  -3
74  -3
86  -6
86  -2
57  -6
79  -6
65  -4
103  -4
66  9
101  -3
61  4
75  4
91  1
74  -2
55  1
94  3
63  4
59  -4
81  -2
76  6
84  -4
77  4
67  -5
88  -2
81  -3
58  6
70  5
110  7
69  -4
87  7
70  4
68  4
57  -4
68  2
87  9
69  -2
44  -1
89  -9
103  -3
98  0
77  3
89  -7
111  4
96  9
101  -4
71  5
75  3
87  9
49  -5
55  3
58  2
75  6
91  0
68  5
86  -4
87  8
82  4
54  -1
84  -3
102  -1
55  3
66  9
71  4
39  3
95  -6
88  0
78  5
74  -1
79  -5
77  2
73  8
87  8
59  -6
71  6
76  3
88  0
45  -2
100  3
57  -6
88  -2
83  3
89  -7
67  -9
86  -6
87  9
79  -7
91  0
72  0
92  -6
90  -4
70  5
54  -1
92  -9
74  1
105  -5
92  -5
71  6
62  -2
80  -6
51  -8
84  -4
94  3
84  0
71  6
98  0
78  9
67  -6
78  7
62  -3
83  2
62  -1
50  1
72  0
115  6
89  -7
104  -4
77  3
79  -3
72  0
85  -1
65  -7
90  -2
83  4
60  5
76  7
79  -4
84  -1
43  -3
74  -1
89  -5
82  2
94  -1
69  -4
83  2
79  -5
66  7
108  -3
58  4
75  6
95  -4
57  -4
67  -9
67  -9
54  2
53  -3
76  6
102  -2
64  -4
82  3
119  2
66  8
73  5
77  2
106  -4
96  7
70  4
62  -4
87  8
75  5
98  -2
97  3
69  -4
60  3
52  2
98  -2
82  6
85  -4
98  -1
74  1
100  2
55  4
116  -4
77  4
73  7
66  9
63  5
54  2
54  1
81  1
67  -5
68  4
60  7
92  -6
95  -7
97  1
65  -8
92  -7
78  7
81  1
72  -2
61  3
74  1
70  7
89  -8
94  0
68  1
78  8
75  6
67  -6
60  6
73  8
84  -4
66  9
88  1
59  -4
75  4
85  -1
71  5
69  -2
78  7
105  -7
80  -2
63  2
73  6
81  -3
55  4
74  -3
47  0
71  3
54  1
74  -1
86  -6
80  -3
63  2
61  2
90  -5
74  0
64  -7
76  4
49  -4
95  -3
117  3
71  6
90  -1
63  6
65  -6
98  1
51  -9
75  5
76  7
69  -3
71  4
64  -6
88  -2
94  1
59  -6
114  -5
58  4
45  -6
94  2
92  -9
84  -4
82  2
79  -7
70  3
107  -5
82  5
104  0
68  5
98  -2
61  3
43  -7
95  -7
84  0
81  0
65  -6
78  7
117  0
84  0
68  5
95  -5
58  2
48  3
51  -7
81  0
87  6
69  0
59  -5
73  6
120  2
78  7
75  3
81  -3
92  -5
80  -5
98  -1
79  -4
87  6
72  0
79  -3
71  5
91  -2
89  -5
90  -2
77  2
75  3
70  7
93  -7
102  -2
69  -3
49  -4
58  2
81  0
84  -2
97  0
72  -3
67  -8
71  3
66  9
93  -6
85  -1
88  1
79  -3
63  5
95  -7
82  2
86  -3
69  -1
76  6
84  0
91  0
77  2
70  7
65  -7
106  -3
97  3
69  -4
83  4
72  0
85  -2
93  -5
84  -4
74  1
88  0
88  -2
82  5
97  2
70  7
70  6
94  -1
84  0
122  -3
45  -3
73  4
81  -2
87  8
77  3
79  -6
98  -2
92  -7
113  2
88  -2
65  -4
75  7
77  0
59  -5
61  4
58  3
82  5
88  2
78  5
83  1
95  -4
82  3
67  -6
88  1
47  -3
113  1
107  -7
76  6
87  9
85  -3
54  0
70  6
73  5
55  1
64  -8
103  -5
89  -5
69  -3
78  6
94  2
97  -1
67  -8
53  -3
66  9
72  1
64  -5
83  2
69  -3
82  2
56  0
92  -5
90  -1
85  -5
84  -1
71  4
84  -2
59  -4
108  0
73  5
86  -5
121  3
50  3
72  -1
86  -2
76  4
65  -7
72  0
67  -7
114  -8
92  -5
89  -8
71  7
76  5
89  -7
59  -7
74  -2
69  -3
87  5
93  -5
65  -6
98  1
99  6
75  6
51  -7
91  -3
100  3
84  -3
64  -4
72  0
56  -1
65  -6
30  -3
75  4
72  -1
75  4
43  -4
57  -4
79  -6
81  0
82  6
80  -6
85  -3
63  2
78  6
95  -7
71  7
68  4
64  -6
63  3
80  -4
69  -3
98  1
74  1
73  4
91  -2
66  7
89  -7
69  0
90  -3
97  2
64  -4
96  7
71  3
90  -4
99  6
68  3
68  5
66  8
99  3
91  -1
58  6
101  -4
64  -4
77  2
73  7
61  2
67  -7
95  -3
90  -4
89  -9
79  -3
92  -8
72  0
87  8
79  -5
78  9
92  -9
90  -2
99  2
57  -4
88  -2
75  3
86  -6
89  -9
62  0
71  4
89  -9
83  2
52  2
124  8
47  -1
98  -1
85  -1
79  -7
94  -1
77  1
81  0
54  2
55  4
72  -1
87  8
57  -6
74  -3
93  -6
82  6
82  5
60  4
66  9
50  1
83  4
68  2
81  -1
77  4
93  -3
65  -8
62  -4
82  5
106  -5
64  -4
115  7
99  2
74  -3
73  6
55  2
61  2
103  -6
92  -6
98  0
60  5
77  0
62  0
100  4
80  -6
61  3
85  -1
71  6
77  2
71  3
105  -7
84  -2
65  -6
55  1
66  7
70  4
110  7
82  2
83  0
91  -2
48  0
78  5
75  4
73  8
79  -4
77  3
80  -3
73  7
92  -9
60  7
45  -3
58  2
87  9
68  4
70  6
67  -8
79  -7
57  -4
66  8
63  4
63  3
78  8
78  7
91  1
94  0
83  1
71  4
86  -4
70  5
88  -1
75  7
62  0
61  2
92  -6
92  -9
87  6
63  3
90  -5
88  -2
47  0
94  0
84  -2
95  -4
55  2
68  2
72  0
84  -2
55  4
111  5
73  8
93  -6
71  6
71  3
85  -3
84  -1
97  1
83  4
85  -5
58  5
78  9
93  -7
72  -1
72  0
74  -3
67  -6
101  -3
79  -7
87  8
61  6
66  6
49  -6
80  -6
74  -3
65  -8
93  -7
99  4
86  -6
77  2
67  -7
88  -1
73  5
99  5
76  6
82  4
73  5
86  -5
63  5
72  -3
55  2
52  3
69  -4
52  2
120  5
108  0
77  1
93  -5
96  8
80  -6
53  -6
94  3
62  -3
77  0
54  3
79  -6
100  3
74  1
74  -3
79  -7
72  -2
70  7
58  5
97  3
75  7
65  -4
57  -3
94  3
47  -3
105  -6
56  3
91  0
75  6
61  2
88  -1
75  3
82  4
105  -7
59  -8
85  -4
77  0
77  4
85  -4
100  1
76  5
84  -2
84  -1
82  3
57  -6
79  -5
71  3
65  -5
69  0
76  3
83  0
62  -4
100  3
85  -1
78  7
83  0
63  6
90  -2
93  -6
80  -3
84  0
78  9
78  5
65  -5
116  -7
63  2
75  6
101  -5
67  -8
66  7
127  -4
66  6
79  -7
68  4
71  4
65  -4
53  -4
59  -5
67  -5
99  4
92  -7
90  -4
93  -6
91  -3
68  4
58  5
87  6
59  -7
66  6
62  -4
64  -5
80  -6
61  4
92  -7
69  -2
132  6
77  3
109  7
75  5
62  -3
71  6
84  -1
71  4
82  4
88  1
67  -6
90  -3
113  0
68  1
78  7
69  -3
68  4
70  3
51  -9
89  -8
95  -3
93  -4
73  6
85  -2
73  6
79  -5
101  -4
73  5
59  -6
76  3
101  -2
79  -4
77  1
113  0
81  1
70  3
77  0
68  2
65  -5
84  0
102  -2
90  -2
84  -3
90  -3
68  3
95  -5
81  -2
96  7
84  0
60  7
58  6
81  -1
59  -8
90  -5
69  -1
59  -8
93  -7
57  -6
62  0
62  -2
79  -5
92  -9
65  -5
79  -3
65  -6
67  -9
63  2
82  3
94  3
77  0
72  0
70  6
85  -1
126  0
96  8
70  7
70  3
49  -6
59  -5
99  3
49  -3
65  -4
95  -7
77  3
50  2
69  -4
68  1
98  -3
82  4
75  7
92  -6
93  -6
58  6
59  -8
95  -4
62  -4
79  -5
79  -5
59  -5
60  3
111  3
71  5
53  -6
52  5
84  -4
88  0
77  4
95  -7
120  1
86  -5
75  6
86  -3
53  -7
60  7
77  4
99  6
81  -1
46  0
98  -1
74  1
72  1
76  5
88  -1
86  -4
54  2
89  -9
58  2
62  -1
99  4
84  0
62  -4
80  -4
74  0
93  -6
59  -7
