19  4
36  5
23  12
25  -3
33  -7
32  4
28  4
32  5
31  0
32  3
25  1
46  4
28  6
32  5
39  -10
35  9
32  2
25  4
24  7
24  0
13  -5
28  6
35  10
39  -1
32  -2
32  -3
19  2
37  -4
22  5
16  6
32  4
24  1
27  -4
37  -5
47  -1
32  4
17  7
38  4
36  8
26  5
44  3
20  0
32  5
23  2
18  10
24  1
43  -6
41  -1
27  -1
18  2
40  -5
18  2
23  6
21  4
27  -9
24  -1
27  1
22  10
29  -8
36  2
32  -4
27  -5
22  5
43  -3
29  -8
33  -3
30  2
19  -2
32  0
26  5
39  -9
41  -3
23  7
27  -9
19  2
31  -1
23  5
28  -3
22  1
22  5
33  -3
32  2
26  8
33  -7
30  4
25  1
34  -2
23  2
38  5
27  -3
27  -9
49  -3
27  -2
41  0
30  5
28  1
27  -8
44  -5
42  -3
30  -1
36  7
31  4
48  -3
19  5
25  6
24  5
42  -8
35  7
42  -9
48  -3
38  4
16  2
39  -4
22  10
16  6
36  11
42  -7
25  3
36  6
20  -3
32  4
39  -8
24  -3
18  2
32  -1
19  0
32  -1
23  7
32  3
41  -4
29  -5
29  -1
16  7
39  -9
27  -1
34  -3
52  -4
28  0
43  -8
28  3
32  -3
55  6
32  -4
37  -1
43  0
39  -8
40  -5
23  4
27  -9
34  2
32  3
40  -4
32  1
29  -9
40  -6
28  4
28  -2
35  11
40  -2
24  3
45  -7
34  -2
25  -3
29  -1
36  7
35  5
30  4
36  6
32  3
34  -2
50  2
33  -12
28  0
29  -1
23  7
37  0
29  -6
34  -2
48  -1
34  0
27  -4
36  3
32  5
25  0
31  -2
24  3
32  -4
30  0
22  6
34  2
42  -2
22  9
26  4
36  5
35  7
23  10
38  8
27  -3
26  6
32  -2
35  6
27  -9
31  -2
40  -3
17  2
22  7
30  3
33  -5
20  5
18  9
25  4
49  -1
36  8
35  11
24  -1
13  1
32  0
29  -8
37  3
21  -2
31  1
53  8
28  -1
23  11
22  0
24  2
24  5
33  -7
49  -8
35  1
14  0
18  7
48  1
28  2
43  0
26  -1
33  -6
23  7
31  3
35  3
38  9
22  3
34  -5
16  5
34  0
24  7
37  -6
34  -3
25  -3
27  -6
27  -2
39  -9
39  0
32  -1
26  6
31  -2
29  -3
23  7
27  -1
41  2
35  9
41  2
28  -3
17  10
23  10
44  3
31  0
40  3
28  0
23  9
22  6
33  -10
43  0
34  0
27  -1
25  -1
39  -1
28  5
26  9
37  -1
15  -4
32  -1
30  -2
26  7
21  1
29  -9
28  6
25  0
25  0
46  0
23  10
32  1
30  -1
27  1
34  -5
23  12
36  8
25  2
20  6
41  -6
26  3
21  -3
25  4
23  7
23  5
30  6
32  -3
46  -2
18  5
37  4
31  -5
35  4
16  9
36  12
48  0
18  10
29  -4
31  2
40  1
39  -3
34  1
37  -4
26  2
37  -6
46  0
33  -9
37  -6
30  0
36  4
30  3
27  1
43  -8
43  -10
27  -8
31  3
29  -4
39  -3
29  -10
21  -3
25  4
34  2
39  -5
15  -4
38  10
48  0
25  -2
24  6
23  5
31  -5
32  3
33  -4
22  3
13  0
29  -3
30  3
33  -6
39  -5
11  5
24  7
23  3
30  7
29  -10
41  -1
31  -1
25  -4
38  8
38  5
35  6
30  1
40  -6
17  10
30  4
33  -7
26  1
36  6
27  -1
23  7
34  -6
27  -8
15  -8
33  -12
28  2
19  -1
31  3
37  -6
25  -4
31  3
49  -2
18  3
26  8
32  3
42  -8
33  -10
25  3
26  4
41  -6
22  6
29  0
25  -4
31  -3
26  9
18  3
35  7
21  4
26  6
33  -9
27  -4
31  4
28  7
34  4
31  2
49  2
39  -4
41  1
37  3
18  7
24  6
30  0
41  2
35  7
51  9
21  3
31  -1
30  5
18  7
23  12
31  0
36  11
44  -3
38  6
27  -7
25  4
34  -5
40  -1
45  -1
32  1
28  -2
33  -8
37  0
30  3
31  -3
25  -4
20  5
30  2
27  -5
27  1
29  -8
25  6
14  -4
46  -6
25  3
39  -4
16  1
28  1
28  -2
31  0
36  10
25  6
43  -7
25  2
37  -1
23  7
55  10
18  10
19  0
28  1
33  -3
21  4
30  -2
39  -6
19  2
38  8
31  4
41  -1
31  -5
38  11
19  3
28  4
34  -6
17  5
20  4
20  -3
31  -1
32  -2
28  -2
35  4
42  -5
26  0
34  2
18  7
24  6
30  3
29  -8
31  4
32  1
25  4
32  2
26  1
46  -4
41  -3
37  -4
27  -8
33  -2
47  -1
23  4
42  -2
26  7
40  -1
29  -6
21  2
32  6
27  -7
51  1
34  0
45  -8
20  6
31  5
11  -4
38  3
31  2
34  -3
32  -2
32  -2
35  8
31  1
26  6
25  3
34  1
27  0
24  2
29  -8
36  12
37  2
32  2
36  12
32  6
29  -4
31  -1
22  0
34  4
29  -2
34  -3
26  3
24  -1
28  -2
31  3
29  -10
31  -3
36  8
26  -1
22  4
30  -2
26  7
28  4
41  -2
25  0
28  -2
19  0
30  1
26  5
19  4
31  1
48  2
26  2
37  -3
35  8
43  -3
31  0
39  -1
18  6
25  4
38  7
27  -4
29  -10
35  7
22  2
48  3
17  6
26  5
36  9
34  -1
39  -10
37  4
30  8
27  -7
31  -5
34  3
39  -1
30  6
53  -1
19  -2
26  5
34  -4
40  -4
27  0
31  -5
29  -6
24  6
27  -6
28  2
23  6
23  6
18  5
34  -6
21  2
29  -2
29  -7
32  4
25  -4
19  4
26  5
25  2
25  0
32  -1
36  12
28  -1
39  -4
20  0
26  0
47  -4
28  -1
33  -7
36  12
26  1
37  -4
41  3
28  7
24  5
40  -6
46  -1
27  -5
33  -7
26  5
27  0
25  0
25  3
28  6
39  -6
33  -12
32  6
41  -2
22  5
25  -2
29  -6
29  -5
24  4
27  -3
29  -8
35  11
16  0
16  -1
22  9
17  5
42  -3
19  0
42  -8
19  4
20  2
29  0
14  5
32  -4
11  1
20  -3
24  2
24  0
25  0
41  1
24  6
27  -6
14  5
33  -3
23  3
36  11
22  9
51  9
35  11
33  -7
44  3
25  4
40  1
22  0
23  4
24  6
44  -2
34  3
42  -9
30  1
24  5
37  1
44  3
30  1
17  1
32  -3
30  1
28  -2
26  3
27  -6
45  -6
24  7
20  6
31  -4
29  -10
25  4
28  -2
24  2
30  3
30  7
25  -4
23  3
23  2
24  -1
26  6
39  -2
57  2
41  0
31  3
27  -1
34  3
32  0
28  -3
29  -2
27  0
32  -2
31  5
22  0
30  2
18  9
40  -1
30  -1
27  -8
22  7
23  7
25  3
24  -2
28  -3
34  3
35  9
36  5
30  0
28  2
26  7
25  0
34  -5
31  -5
21  -2
50  0
16  7
23  5
22  6
23  9
26  2
40  -3
20  -2
32  6
29  -4
23  4
48  3
33  -8
28  7
20  3
22  9
25  -2
32  3
36  6
32  3
33  -3
31  4
30  -1
39  -9
32  5
34  -3
34  -1
30  1
22  6
21  2
22  3
21  5
27  -6
35  11
19  0
23  12
20  6
38  5
26  9
22  4
30  4
17  4
30  2
20  6
32  5
26  -1
41  0
21  -3
31  -4
36  2
26  4
61  6
31  1
40  -3
26  1
32  -2
24  4
24  3
31  -3
23  7
27  -7
48  5
22  4
47  -2
20  0
35  7
27  -7
19  4
35  4
28  -3
23  5
34  -2
43  -6
31  -3
30  8
29  -8
34  -6
28  7
38  11
29  -2
28  3
25  3
30  1
34  3
28  3
36  3
33  -10
29  -1
26  6
13  1
42  -11
26  -1
55  11
25  6
30  7
30  -1
26  3
38  9
26  8
14  1
28  2
49  -5
46  -2
48  2
34  -5
22  0
21  5
29  -2
20  6
34  2
29  -6
32  -2
28  6
38  2
28  5
32  -4
36  4
29  -4
28  2
33  -8
25  2
29  -10
37  0
39  -3
29  -8
21  -2
27  -3
32  -3
26  4
19  -3
24  -1
17  10
32  -2
36  9
24  1
28  2
28  1
22  4
26  -1
25  1
17  5
20  6
51  -1
54  12
23  5
27  -2
20  -3
30  8
25  0
37  3
35  3
35  1
38  7
45  -7
35  4
42  -8
27  -6
52  -1
24  2
46  3
23  2
26  6
17  11
21  3
30  8
42  -8
31  0
38  11
32  5
28  -3
25  4
40  1
28  7
29  -9
25  1
20  4
37  -4
37  3
32  2
18  5
30  6
28  6
28  0
20  2
33  -6
35  6
30  2
34  -6
16  6
30  4
25  0
26  4
17  3
32  -3
30  -1
34  -1
37  1
29  -10
23  6
33  -10
26  1
26  -1
35  5
21  6
24  0
16  4
31  5
21  -1
37  -4
38  9
33  -6
35  4
33  -11
39  -3
37  3
35  10
29  -4
34  2
28  5
26  8
38  1
20  6
26  4
26  -1
25  -3
45  -1
48  1
39  -8
26  4
24  4
27  -9
17  2
28  4
33  -3
19  5
29  -7
37  2
28  3
17  6
29  -5
15  0
20  -2
37  3
32  0
33  -6
46  -2
31  3
23  8
44  -5
16  2
19  0
37  -6
24  2
28  7
34  1
