75  -1
59  -4
64  7
76  -6
75  -1
73  -3
87  -3
78  1
76  -10
57  -10
94  -4
76  -7
75  3
95  -1
81  5
101  -8
102  -3
105  10
66  -3
69  -3
103  -3
46  6
63  5
106  -3
55  4
49  4
60  0
71  5
69  -1
72  3
75  3
76  -6
87  -4
80  -6
71  4
96  6
111  4
95  2
72  5
81  4
66  0
77  -3
79  -3
64  6
87  -1
93  8
69  -2
82  -8
112  7
91  -6
85  1
81  0
103  -5
111  9
69  0
61  2
71  3
90  4
109  3
47  -6
87  -4
67  -2
76  -8
117  -3
61  -4
63  0
66  -1
91  -6
101  -4
78  -5
103  -4
98  -1
88  9
89  1
103  -2
109  2
72  1
90  2
101  -5
50  0
75  -1
61  -2
82  -2
90  1
81  6
113  -2
106  -3
72  2
94  2
76  -8
80  -5
75  1
105  9
72  1
97  3
96  2
90  1
90  1
72  0
71  3
68  3
69  0
93  5
67  -2
103  -8
70  5
67  -1
81  6
110  -1
106  -3
122  7
75  5
69  0
76  -7
60  -1
92  -4
54  -4
67  -2
107  -2
80  -3
91  -1
73  -5
98  -2
70  6
73  -2
71  5
96  4
65  -2
47  -8
91  -4
53  2
113  -1
92  -4
76  -10
64  6
73  -1
66  -1
72  5
112  5
79  -4
72  4
76  -10
58  -2
69  -3
104  10
59  -5
102  -2
98  -3
67  -2
51  2
76  -7
93  3
53  2
75  4
68  1
110  -3
51  7
88  4
79  -6
90  1
66  -5
92  -6
67  -7
87  -1
98  -3
73  -2
99  0
73  -2
81  6
67  -6
69  -3
59  -6
80  -7
77  -3
76  -7
78  -5
94  -3
58  0
74  -1
90  -1
97  6
75  1
91  -3
73  1
91  -3
113  1
115  4
81  6
79  -5
60  2
67  -4
87  -2
73  -3
73  -2
59  -4
85  2
57  -9
79  -7
95  2
84  -4
80  -7
78  0
101  -4
78  0
66  0
51  3
69  -3
72  3
82  -7
94  -2
72  5
68  6
72  -1
82  -3
88  4
121  0
83  -3
77  -5
72  2
83  -3
83  -4
78  -3
116  -5
83  -7
70  5
70  4
71  -1
79  -7
81  2
75  2
99  -1
78  -1
102  -5
107  -1
41  -6
62  -1
61  0
83  -5
103  -5
83  -2
76  -5
116  -4
69  -4
84  -6
66  -2
83  -3
60  -2
79  -3
112  4
109  0
100  1
78  0
97  0
97  4
85  2
88  4
80  -4
67  -5
83  -4
91  -1
81  4
83  -3
90  0
77  -2
77  -2
78  1
64  4
118  4
104  8
66  -4
69  -4
69  -1
96  2
65  -3
74  -1
64  5
79  -3
83  -3
80  -3
72  0
68  6
64  4
61  1
102  -6
77  -4
69  -2
120  1
100  3
77  -4
96  1
70  8
57  -5
93  5
59  -6
86  3
81  6
60  2
63  0
46  4
67  -3
66  -2
69  0
71  5
77  -4
87  0
80  -7
65  -2
78  -4
68  5
69  1
79  -2
61  -2
74  -1
107  -1
109  3
65  -6
67  -1
90  4
105  10
77  -6
85  0
66  -4
61  -3
97  0
66  -6
62  -5
70  6
88  8
81  6
76  -10
89  -4
59  -6
66  -4
46  5
83  -6
101  -3
100  5
83  -7
80  -8
64  5
101  -3
74  2
64  4
92  -7
100  -1
60  2
79  -6
98  -7
87  1
56  -6
74  -1
94  2
60  0
99  1
73  0
67  -4
82  -3
68  1
83  -3
71  1
72  4
123  -1
79  -6
66  -5
88  9
108  3
82  -3
121  3
58  -1
79  -5
66  -4
70  7
104  5
105  9
131  -1
84  -2
67  -6
79  -2
72  0
89  -4
64  4
65  -6
93  3
110  2
67  -5
68  6
74  1
70  3
62  0
74  -2
75  1
91  -1
78  0
73  -3
89  -1
99  -3
78  1
70  9
97  2
84  -6
97  5
67  -6
111  5
70  9
115  3
50  -6
102  -3
68  6
81  4
76  -5
72  0
72  3
55  1
119  4
62  -1
87  -5
106  -1
77  -5
81  2
87  0
57  -4
116  -1
100  3
92  -6
75  0
91  -6
63  2
64  8
78  -3
62  -2
51  4
83  -5
78  -4
68  1
61  -2
33  0
81  0
54  -7
115  6
55  1
97  4
68  2
64  9
81  3
101  -6
90  1
71  5
68  3
108  3
50  -3
67  -3
71  3
88  3
77  0
74  1
52  2
74  -4
94  -3
76  -4
110  -4
55  5
99  -5
83  -4
63  4
94  2
75  1
132  3
132  6
66  -6
87  -5
96  6
106  3
88  6
70  6
62  -2
74  -3
73  0
74  0
64  8
103  -6
72  0
73  -3
83  -8
81  0
89  -1
80  -9
67  -6
77  -6
69  2
97  6
90  4
78  -5
67  -6
105  4
105  4
94  -2
77  -3
76  -10
68  6
109  -2
82  -3
74  -3
82  -4
105  10
91  -5
73  -5
68  6
53  0
87  -4
73  -5
64  7
101  -6
55  0
62  -1
79  -7
110  -4
93  7
63  6
120  1
77  -4
70  4
70  6
61  -2
49  6
65  -3
65  -3
73  -1
90  0
96  6
107  2
92  -8
90  -2
88  3
72  2
89  2
115  5
47  -8
72  0
87  -5
62  -4
62  -4
62  -1
85  0
92  -6
72  5
93  2
97  1
86  -3
97  5
103  -4
93  2
95  1
76  -7
82  -6
49  8
60  -2
63  6
101  -8
90  4
78  -5
66  -2
82  -6
103  -2
79  -8
96  7
90  1
73  -1
91  -3
74  1
64  6
94  -3
74  2
77  -2
54  -4
91  -7
82  -2
88  8
83  -4
63  0
82  -5
96  4
85  0
72  3
101  -4
62  -4
62  -4
79  -3
96  5
58  1
66  -5
83  -2
78  0
82  -5
85  3
47  -6
77  -4
99  -1
55  0
61  -1
66  -2
65  -6
109  -2
83  -7
114  -2
70  4
108  4
55  0
55  2
66  -1
55  2
61  -2
92  -8
91  -4
84  -6
86  -1
84  -4
53  -1
72  0
94  0
94  1
101  -9
62  -2
75  0
95  -1
62  1
79  -8
93  4
135  -5
70  5
80  -3
89  -2
96  4
67  -5
105  6
71  0
73  -1
51  4
64  3
85  0
60  1
98  -3
73  -5
83  -2
70  3
98  -2
86  0
88  4
87  1
71  0
78  -4
94  0
108  3
69  -1
101  -8
69  -1
82  -3
77  -5
78  -3
85  4
70  5
65  -3
60  -2
87  -2
91  -7
97  4
68  2
81  3
93  6
58  -3
85  2
59  -8
87  -4
42  -6
59  -7
84  -3
71  3
77  -1
78  -4
73  0
78  -4
88  8
78  -4
59  -7
63  1
91  -4
60  -1
107  0
58  -2
75  1
75  0
67  -3
64  4
90  -2
64  5
67  -4
61  -1
86  -2
56  -9
82  -5
66  -6
75  4
71  5
52  6
67  -2
83  -3
69  -4
70  3
75  4
97  4
90  -2
91  -2
78  -1
86  -1
112  3
62  1
70  9
73  -3
61  -4
85  4
75  4
86  -3
73  -1
72  2
72  4
75  3
72  1
78  -1
65  -3
70  8
76  -10
67  -4
108  6
123  5
100  0
52  3
99  -5
94  -3
91  -3
88  5
49  8
74  -2
97  0
100  5
74  1
90  -1
95  3
94  1
91  -7
54  -2
77  -1
59  -8
80  -4
62  1
100  0
77  -3
89  -1
67  -7
73  0
95  5
102  -6
123  3
72  -1
86  3
82  -6
73  -4
84  -7
83  -5
111  10
90  2
83  -2
75  4
67  -1
80  -6
92  -7
69  0
76  -8
86  1
101  -5
75  5
88  4
58  -2
76  -10
101  -9
80  -3
45  -3
72  5
76  -4
73  1
86  3
88  4
97  4
92  -2
93  7
87  0
51  2
84  -2
53  3
85  -2
103  -4
114  0
83  -3
70  4
76  -8
73  -5
95  0
101  -4
78  -1
87  -5
82  -6
91  -1
69  0
78  -2
62  1
90  2
74  -1
42  -5
82  -8
79  -5
90  0
79  -3
101  -3
65  -6
76  -8
75  3
70  8
113  3
84  -1
121  5
58  -1
43  3
56  -4
121  0
92  -6
64  5
91  -5
62  -1
65  -2
81  3
41  -3
71  3
64  6
117  -2
69  1
83  -6
83  -8
92  -4
100  5
82  -6
64  9
92  -8
83  -8
53  -2
77  -4
61  1
47  -6
78  -4
91  -3
80  -8
63  4
74  1
101  -6
79  -2
116  -2
69  2
76  -5
72  -1
76  -8
83  -4
80  -7
104  5
99  1
76  -8
79  -2
69  0
68  5
103  -6
55  2
60  -2
84  -1
94  -4
65  -4
60  0
52  0
100  -1
78  -5
75  2
75  1
92  -3
76  -4
90  4
105  5
94  2
99  -2
96  5
58  -2
107  4
89  0
65  -1
79  -8
72  3
60  0
71  0
77  -5
52  1
67  -1
71  2
104  5
79  -6
90  1
101  -7
109  -3
81  6
69  1
101  -5
83  -6
81  1
78  -2
59  -5
92  -8
73  -4
87  -2
91  -4
80  -4
58  2
91  -6
92  -6
64  6
82  -7
104  5
73  0
97  4
69  2
77  -4
117  -3
84  -6
61  -3
63  0
84  -5
77  -6
69  1
98  -2
72  0
94  -3
116  -2
108  9
79  -2
62  -4
68  4
85  4
116  -3
65  -2
72  3
83  -7
80  -8
91  -7
80  -5
54  -6
72  4
74  1
54  -6
89  0
67  -3
93  5
83  -4
81  6
47  -3
95  1
68  3
93  4
77  -6
93  3
82  -8
97  2
45  -6
83  -3
88  7
58  3
52  0
81  6
103  -6
55  -1
63  5
73  -2
101  -7
80  -4
87  0
76  -5
75  4
54  -5
89  -4
80  -8
79  -7
71  5
78  1
88  9
84  -3
81  3
98  -3
63  4
79  -3
