198  -3
132  7
177  -6
176  2
197  1
121  0
222  4
164  0
240  -7
207  -1
198  -8
199  3
172  -1
177  -5
138  5
164  3
205  -4
184  -5
197  2
150  -5
154  1
182  2
158  -2
133  6
172  0
190  9
164  -1
186  8
168  -3
204  4
243  3
214  -7
209  4
250  0
146  1
191  0
214  -3
227  2
182  8
184  -4
159  -3
171  -4
95  -4
132  7
142  -3
163  4
188  6
182  4
170  4
179  9
216  -5
154  -4
137  6
171  2
120  -5
202  7
167  3
229  -4
221  -9
155  -7
157  -1
129  8
127  -3
192  -1
216  -4
141  5
127  -7
169  -4
182  8
153  2
171  -2
118  9
174  6
170  -2
164  0
146  -1
213  0
111  -2
115  -1
181  3
179  5
142  -1
154  1
123  -7
155  -3
192  4
160  2
181  4
174  3
171  -2
175  4
282  1
150  -5
132  9
120  -5
143  -7
206  -4
181  2
202  4
196  0
120  -6
203  2
176  8
173  -3
173  -7
172  -4
195  -5
165  0
189  -5
197  3
213  3
148  4
163  7
114  0
220  5
197  0
107  2
191  0
222  4
200  -5
152  -7
122  -3
160  3
155  -2
133  3
166  -2
117  -8
135  6
183  -4
143  -8
163  4
241  7
112  3
154  0
147  -1
199  8
178  4
178  5
215  1
183  -3
175  -2
172  -5
205  -5
164  0
210  -3
140  -5
180  -4
170  3
141  4
176  8
185  -5
192  0
225  10
116  -7
131  5
216  -4
175  -2
155  -4
259  5
132  5
214  -8
216  -5
158  -5
181  2
140  -1
111  -2
159  -9
181  0
194  3
155  -6
213  1
161  -2
221  -3
144  -1
116  -6
199  3
144  1
197  3
186  9
166  -3
185  -1
196  -2
169  -7
150  -4
170  -1
208  -4
247  -4
110  4
149  5
146  0
178  7
176  3
125  6
210  -5
215  4
238  5
218  6
148  7
198  -5
157  -6
162  7
174  9
206  -8
152  -7
116  -5
164  5
147  -6
138  10
132  4
195  -3
167  4
151  4
162  4
105  -1
150  -5
120  -6
199  6
216  -6
148  2
187  3
160  2
142  -1
99  5
208  -7
176  7
175  1
177  -6
168  -2
197  0
160  4
253  7
190  3
161  0
150  -5
235  -10
136  2
221  -5
173  -6
180  -4
142  -3
184  -4
196  -3
152  -7
186  5
141  4
139  -8
171  0
132  4
213  0
237  -3
137  5
190  4
166  -4
210  -8
179  6
135  2
150  -4
208  -4
153  3
163  5
150  -9
155  -8
172  -6
151  2
204  2
148  8
198  -7
164  0
168  -4
195  -3
177  -7
159  -8
159  -5
191  -4
192  5
168  -5
193  -4
125  5
194  5
157  -1
197  -1
186  10
124  -5
170  4
189  -6
215  3
202  1
101  7
177  -10
183  -3
212  -7
118  4
137  3
167  1
191  -3
182  8
125  8
220  1
149  8
167  -1
176  6
174  9
163  4
110  2
160  5
165  1
194  1
165  3
162  5
209  9
122  1
151  7
128  5
141  10
178  8
141  9
193  1
226  4
105  2
151  2
136  3
200  -2
172  -3
192  2
135  4
112  -1
145  -4
164  4
174  3
149  4
165  1
221  -6
153  2
125  7
182  3
168  0
211  9
219  1
188  4
205  -9
207  3
176  6
154  -3
107  0
210  -8
160  4
162  7
181  0
175  4
208  -3
194  4
222  4
205  -10
174  9
183  -3
187  6
124  -9
193  -3
167  -1
176  7
167  3
126  -5
158  -3
168  -5
160  5
219  1
188  10
217  -7
132  5
179  5
137  6
149  8
87  1
211  7
148  3
153  8
180  -7
169  -3
173  -7
172  -6
177  -8
142  2
209  4
137  0
179  7
162  2
208  -4
174  9
213  -2
164  3
116  -5
201  -3
176  5
140  -3
115  -2
203  -3
123  -9
186  7
201  -7
138  9
195  -2
193  -5
168  -3
179  7
204  2
154  2
164  -1
156  -4
171  2
128  2
186  4
218  1
124  -8
166  -1
231  -4
126  -3
124  -6
154  0
217  -6
135  3
220  0
181  1
156  -6
98  -4
131  8
95  -2
239  7
82  8
165  0
186  4
178  6
142  2
192  0
165  5
110  2
170  2
137  0
207  -3
207  3
127  -5
176  7
212  -3
212  -6
171  -1
211  4
138  5
127  -2
127  -1
142  3
178  8
148  8
132  4
178  9
177  -6
175  -1
183  0
125  6
151  8
178  6
177  -6
163  6
172  -2
190  8
169  -4
112  -3
195  -3
136  1
149  3
155  -3
152  -4
220  2
125  3
193  1
166  -3
176  7
227  4
155  -8
167  0
155  -7
141  9
141  7
218  0
163  10
177  -8
183  2
124  -4
178  9
139  -4
189  -3
174  4
98  0
252  5
165  0
174  6
211  6
122  -2
123  -8
121  0
151  5
167  4
166  -6
168  -4
167  1
153  5
157  -1
138  6
167  2
122  0
201  -4
183  0
123  -10
168  -1
158  -3
142  -3
194  6
160  2
156  -5
118  9
181  0
154  0
138  6
176  2
150  -3
192  5
142  0
156  -4
193  -2
162  3
214  -7
173  -7
143  -9
186  8
188  6
246  5
252  3
180  -7
215  3
162  5
151  2
119  3
149  2
210  -4
198  -6
214  -8
151  3
133  2
158  -4
168  0
133  6
197  4
163  10
147  -4
168  -5
171  2
143  -10
165  4
109  7
176  4
154  1
160  5
156  -7
128  0
173  -3
131  6
215  1
129  4
201  -7
137  2
187  7
155  -6
165  4
216  -7
165  3
180  -7
190  8
192  -1
260  7
143  -4
129  7
182  4
146  5
149  8
141  5
137  3
255  1
188  8
155  -2
172  -6
157  -1
166  -4
162  2
203  2
198  -4
162  4
144  2
190  7
176  4
142  -1
145  -2
222  4
141  4
178  8
211  9
164  2
171  -3
135  7
166  -3
172  -6
160  5
174  3
189  -9
141  9
198  -9
221  -6
197  -1
204  6
147  -5
196  -1
134  4
193  -5
106  -7
192  5
174  9
160  2
221  -3
103  7
171  -4
136  -3
187  5
155  -5
167  -1
213  1
230  -2
155  -6
168  -5
170  -1
177  -9
137  5
169  -7
133  6
128  0
166  -5
198  -9
205  -7
185  0
132  10
173  -7
153  6
156  -3
137  1
162  7
189  -8
147  -1
203  2
141  6
148  8
172  -3
238  6
139  -7
134  3
114  4
181  0
163  5
179  8
153  3
185  0
175  1
152  -5
171  1
216  -7
218  6
177  -7
162  5
171  -3
150  -8
208  -1
156  -6
216  -7
196  0
194  4
127  -6
123  -6
113  -7
197  4
188  7
188  8
191  1
155  -4
198  -3
66  2
176  4
158  -6
192  -1
150  -3
170  1
158  -4
181  0
121  3
196  -2
216  -10
153  5
112  1
146  -1
104  2
217  -5
161  -3
144  3
191  1
262  0
187  5
124  -9
154  -2
141  7
181  2
157  -2
256  5
198  -5
103  5
149  3
202  7
144  1
163  4
143  -10
113  -6
152  -7
150  -7
186  5
189  -4
176  2
137  6
143  -6
178  7
175  0
147  -5
190  8
133  1
180  -6
207  3
154  0
142  3
153  6
195  1
201  -8
97  -7
127  -3
170  -2
232  0
162  2
206  -7
180  -6
103  9
185  -4
133  4
135  5
149  2
162  2
156  -2
194  0
201  -7
123  -7
188  8
183  -2
175  0
147  -1
165  -1
147  -6
220  2
169  -3
167  2
211  4
167  4
165  -1
188  10
139  -5
155  -6
141  7
160  6
131  7
204  2
198  -3
165  5
165  4
236  3
220  5
158  -2
159  -5
191  1
145  -4
212  -6
169  -5
251  3
209  7
150  -8
148  2
169  -4
187  2
189  -5
178  5
129  6
163  4
240  -7
148  7
117  -6
193  -2
187  4
222  5
158  -1
205  -7
193  -4
174  9
174  4
187  6
185  -6
152  -5
154  -4
171  0
188  8
209  3
157  0
124  -10
135  7
219  -1
148  8
146  3
153  8
136  -2
195  -3
172  0
133  3
191  -5
142  -1
130  2
156  -4
207  1
130  4
168  -1
118  6
132  5
163  5
125  5
161  2
192  3
153  7
223  -8
216  -4
179  4
159  -3
160  7
215  1
137  4
209  7
223  -7
176  2
154  -2
146  5
152  -5
145  -1
107  -1
182  8
204  1
200  -2
128  4
185  -3
169  -3
166  -1
145  1
195  -3
173  -6
181  1
237  0
112  -3
167  -1
166  -2
180  -7
109  4
155  -6
187  4
211  7
123  -9
130  4
195  -4
140  -2
128  4
140  -2
175  0
224  6
196  -3
139  -5
195  0
124  -4
86  0
167  1
146  0
164  4
166  -7
160  1
230  3
157  -4
202  2
153  3
198  -4
162  8
189  -4
196  3
209  8
220  5
237  2
189  -3
170  4
190  8
175  4
215  1
151  6
155  -8
157  -1
176  5
156  -6
145  -5
208  -3
195  -1
183  0
212  -7
134  3
108  3
169  -3
184  -4
118  8
134  3
125  8
168  -6
119  1
179  6
156  -6
103  8
127  -2
152  -4
155  -3
180  -8
191  -1
134  1
168  0
155  -8
203  0
120  -7
177  -4
173  -9
202  6
168  -1
173  -3
137  2
183  2
147  -6
134  0
153  5
181  3
122  -2
87  -2
198  -4
99  0
205  -10
189  -3
124  -9
210  -3
214  -6
168  0
135  1
198  -3
223  -3
142  -2
188  4
175  2
118  7
165  1
146  4
201  -3
178  6
154  0
173  -5
211  3
130  2
146  2
147  -6
229  -5
187  5
137  1
258  -6
174  8
128  5
128  0
176  2
201  -8
179  3
135  5
112  -1
151  3
111  -5
228  -1
269  5
145  1
163  9
