97  -1
125  -4
124  4
150  5
145  -3
170  2
137  -4
126  5
102  2
166  -5
121  -5
133  0
127  -4
97  0
115  -7
128  5
98  9
124  3
100  4
147  3
81  -4
119  -6
92  9
107  -4
133  1
127  -4
137  -1
129  1
119  -6
96  -1
96  -4
93  -4
100  3
99  -5
92  5
124  1
140  4
101  -2
132  6
105  1
132  7
100  2
91  3
85  5
154  0
93  -3
135  -1
88  -8
124  5
119  -4
92  9
108  5
92  6
124  5
124  5
105  0
169  6
139  -8
54  2
84  -6
100  2
125  -3
81  -4
88  -5
126  4
112  -5
83  0
104  9
137  -1
84  -4
113  7
80  0
112  -6
118  -2
105  0
106  -4
116  -7
106  0
149  5
102  2
95  0
118  -2
129  1
123  3
117  2
117  2
112  -4
144  1
66  -4
126  4
80  1
113  6
117  5
111  5
106  -3
110  4
138  -2
88  -5
106  -1
178  1
106  0
90  3
128  3
118  1
118  0
138  -3
105  -1
120  -3
119  -6
95  2
128  2
110  2
130  -2
114  -4
107  -3
158  -2
127  -2
118  0
91  -1
114  -1
137  -3
89  5
99  -3
126  5
121  -7
134  3
108  7
107  -1
109  -3
115  -8
134  1
121  -7
106  0
142  1
123  4
141  7
143  3
82  2
102  2
128  5
88  -8
113  5
105  1
135  0
163  5
159  -5
115  -4
101  -3
80  -2
107  -5
105  -2
105  -3
113  5
126  6
106  0
102  2
123  6
188  7
118  -1
89  5
120  -4
118  -3
84  -5
124  5
97  2
92  7
123  3
81  -2
82  4
159  -5
116  -5
92  9
99  -6
124  5
120  -1
94  -2
111  6
147  4
110  2
116  -5
133  -1
108  4
115  -6
157  -2
85  5
107  -5
108  7
114  -4
126  2
178  -1
126  4
105  1
85  6
92  7
95  3
103  -1
169  5
157  -2
92  7
103  2
132  3
116  -5
76  2
110  6
130  0
94  -1
100  4
129  3
164  5
107  -2
101  -3
123  3
106  -4
114  0
104  7
146  -7
139  -8
96  -1
123  5
71  -9
131  3
85  8
129  3
75  -2
118  0
135  -3
141  5
114  -2
119  -2
77  4
150  5
126  4
84  -2
112  -7
129  0
136  0
135  -2
105  -1
130  -1
133  3
128  3
98  9
123  5
136  4
123  3
85  4
98  7
92  5
146  -5
104  5
110  4
151  -2
109  -7
104  7
84  -5
54  4
107  -5
112  -6
125  -4
101  -6
108  7
105  -3
120  -4
148  -8
117  3
95  0
106  -3
114  -3
69  -6
94  -2
99  -5
191  2
89  4
144  3
94  -3
93  -3
155  8
107  -2
86  7
142  0
98  6
131  2
85  8
96  -1
107  -1
134  1
113  5
109  -5
97  2
114  -2
108  4
131  0
83  -1
118  1
130  1
75  -2
120  -5
115  -8
112  -6
115  -6
118  1
117  1
136  1
119  -2
115  -4
146  -7
89  2
122  2
89  2
142  -1
114  -2
107  -4
106  0
71  -8
146  -7
125  0
105  -1
112  -5
169  7
130  -1
107  -1
121  -3
163  3
93  -1
125  -2
94  -3
127  -3
140  0
92  8
98  8
121  -7
87  -3
110  3
75  -2
96  -5
111  6
132  6
134  2
82  1
125  0
118  -1
107  -3
105  0
113  5
101  -3
127  -1
112  -4
114  -2
116  -5
129  2
94  -4
126  5
132  4
96  -3
109  -3
111  2
117  5
108  4
140  2
83  -2
137  -1
91  -1
103  2
119  -5
152  -6
124  2
109  -5
110  3
119  -4
97  1
138  -1
102  -1
117  1
116  -8
82  2
98  9
125  -1
80  2
134  4
108  4
90  3
109  -4
136  4
118  -1
103  1
122  0
122  -1
92  8
125  -1
110  5
101  -2
120  -4
122  -1
86  5
117  2
124  2
102  -1
116  -6
106  -2
129  1
126  4
161  -3
94  -2
82  0
81  -2
116  -5
158  -5
99  -4
147  1
116  -4
139  -7
128  2
131  3
118  0
108  3
72  -7
126  6
106  -3
121  -4
97  2
88  -5
107  -2
178  0
98  7
97  -1
118  -2
114  -1
107  -3
100  2
75  -2
124  2
80  1
130  -1
98  6
102  3
139  -5
136  1
108  4
138  -2
107  -4
117  1
109  -6
108  6
137  -2
98  6
112  -5
117  2
87  -6
114  -2
109  -3
89  3
138  -3
122  1
108  6
128  6
106  -2
99  -2
134  2
131  0
106  -4
92  8
125  -1
91  2
92  7
112  -4
94  -1
149  3
106  -4
110  6
144  4
137  -4
96  -5
121  -7
153  -7
125  0
97  1
114  -3
99  -4
129  0
106  -3
111  5
128  5
117  4
124  3
115  -4
105  -2
94  0
95  0
114  -3
123  7
83  -3
121  -4
85  7
91  0
102  0
110  4
114  -3
122  3
137  -3
98  5
164  5
101  -2
158  -5
99  -3
119  -2
108  7
119  -3
107  -2
120  -2
87  -5
115  -7
123  4
113  7
116  -7
132  7
88  -7
99  -5
170  5
118  0
123  3
134  3
69  -8
107  -4
108  7
177  -3
86  6
105  0
125  -4
113  5
77  3
96  -1
157  -2
87  -5
97  2
84  -2
106  -2
83  0
127  -1
99  -3
127  -1
91  0
65  4
111  3
127  -2
121  -3
110  3
119  -5
81  -3
108  7
135  -2
97  3
153  -7
147  4
115  -6
117  5
109  -7
86  7
103  -1
101  -5
101  -3
145  -3
93  -4
90  4
136  1
123  6
115  -6
74  1
108  6
86  7
88  -8
114  -4
116  -6
109  -4
77  5
124  2
114  0
118  -1
90  1
129  1
103  -1
127  -2
105  -3
127  -2
92  5
142  0
118  -1
101  -4
69  -6
117  5
107  -2
157  2
150  6
92  7
113  6
145  -3
93  -3
90  2
80  -1
95  1
117  1
106  -1
91  0
89  5
105  -2
105  0
81  -1
158  -6
126  5
103  2
109  -3
89  4
83  -4
111  6
101  -4
150  6
113  8
117  1
119  -6
112  -5
154  -2
116  -6
146  -6
132  3
120  -2
145  0
80  1
129  1
87  -4
133  0
128  3
129  2
133  2
81  -3
119  -5
100  2
129  1
95  0
90  2
91  1
97  -1
111  3
86  4
143  6
90  5
144  2
86  6
110  6
105  -3
104  5
117  3
149  4
119  -3
135  -4
103  0
87  -4
112  -5
148  -5
105  -3
102  0
108  3
102  1
79  6
96  -1
170  1
90  5
89  3
83  -3
135  0
92  7
130  0
96  -3
104  9
135  -2
122  -1
145  -2
144  3
86  7
133  2
139  -5
140  3
131  1
114  -4
111  2
112  -5
130  -2
80  -2
116  -4
152  -8
121  -7
158  -3
109  -6
105  -3
88  -6
89  5
109  -6
121  -3
120  -5
100  1
79  5
79  4
127  -4
107  -2
101  -3
146  -9
124  5
150  6
112  -7
116  -5
109  -6
89  4
118  1
102  -1
98  5
91  0
93  0
137  -3
94  0
131  2
93  -1
82  2
104  7
126  6
92  5
76  0
108  3
134  1
70  8
80  1
125  0
98  9
137  -2
94  -4
98  9
140  4
106  -4
97  1
93  -3
125  -2
131  4
97  1
139  -7
120  -4
127  -1
149  2
109  -5
136  3
114  -4
127  -2
86  5
101  -2
79  8
98  7
104  8
123  7
122  2
140  3
76  0
96  -5
115  -7
138  0
119  -5
158  -2
85  4
111  4
133  0
100  3
113  6
104  7
125  -4
140  4
125  -1
113  5
118  -2
86  7
90  2
110  4
87  -5
123  6
149  1
95  3
112  -5
146  -7
91  0
115  -6
121  -6
126  5
110  2
118  1
103  2
110  4
94  -1
87  -5
127  -3
150  6
116  -6
128  3
117  4
136  0
133  1
106  0
101  -2
89  4
103  -1
101  -2
108  6
92  5
97  2
156  -4
101  -6
106  -2
96  -4
146  -5
134  4
131  1
107  -2
116  -4
136  4
87  -3
107  -2
135  -2
154  0
120  -4
93  0
111  3
151  -3
89  1
105  -1
88  -8
119  -4
92  6
124  2
95  0
141  6
108  5
127  -4
129  -1
117  2
115  -6
135  -2
97  1
107  -1
132  5
99  -3
129  2
114  -2
100  3
106  0
116  -4
119  -4
95  0
107  -4
115  -4
141  6
115  -7
139  -7
124  3
142  -1
121  -5
117  4
177  -6
139  -7
92  8
119  -2
94  -1
121  -6
115  -7
155  6
79  5
109  -7
132  3
100  0
111  5
114  0
73  6
145  -1
84  -3
122  3
101  -5
134  1
78  -8
95  4
120  -4
91  -1
124  5
109  -4
95  1
131  3
107  -4
133  0
84  -6
109  -6
152  -7
155  9
143  2
144  4
100  4
90  1
106  -2
108  5
138  -3
116  -5
111  6
138  -3
80  2
129  3
101  -6
112  -4
86  6
75  -2
110  4
77  5
162  -4
93  -3
129  2
117  4
144  4
86  7
110  5
101  -6
112  -4
99  -2
78  -8
106  -2
121  -5
130  0
171  -1
105  1
106  -2
124  2
123  7
83  -3
94  -2
126  3
115  -4
179  3
97  -1
106  0
139  -6
128  3
145  -2
84  -5
97  -1
135  -1
132  3
157  0
113  6
121  -6
129  2
87  -4
99  -3
107  -2
112  -5
122  3
93  -1
120  -3
120  -5
118  -3
150  7
131  1
155  7
99  -4
142  0
114  -2
109  -3
104  8
127  0
113  6
85  7
191  2
76  0
68  -8
101  -3
122  2
139  -6
92  7
144  2
158  -4
80  -1
145  -1
138  1
113  6
126  5
86  5
148  -7
100  0
79  4
137  -2
100  1
116  -7
103  1
88  -8
108  6
144  1
103  2
97  -1
129  0
122  3
63  7
87  -6
167  1
