12  6
27  -9
14  -10
14  -4
13  -4
13  0
10  2
15  -2
15  -5
23  1
10  8
19  4
19  -1
21  6
14  -5
16  -5
16  0
14  -2
19  4
8  8
9  0
13  4
15  -3
17  -5
23  2
10  3
12  -1
18  6
17  4
15  -8
17  -1
19  -1
12  -1
9  -7
11  -5
17  -6
11  -10
13  5
12  4
15  -6
15  0
10  5
9  0
11  -4
21  6
16  -3
10  10
15  -1
18  5
17  5
15  -7
20  0
8  0
10  11
17  -4
16  -2
15  -5
12  8
8  5
16  -6
16  -8
14  -2
21  5
14  -6
23  -4
14  -4
11  -7
18  6
12  1
15  -2
20  11
19  3
17  -2
12  -3
11  -1
18  1
12  0
14  -2
19  5
10  12
16  0
18  1
10  11
12  -1
18  -3
12  7
18  1
19  -7
10  7
22  -7
15  -9
12  1
17  -2
26  -2
16  -8
9  0
11  -11
14  -2
12  -2
16  1
11  -4
32  -5
21  -3
16  -7
13  6
15  -8
11  -2
11  -7
12  9
7  -2
26  -3
15  -6
19  1
11  -3
9  -11
9  -4
16  -5
14  1
9  -1
13  1
16  -3
13  -5
20  4
13  3
12  3
15  -5
13  -3
12  1
13  -4
11  -12
10  2
12  5
18  4
10  7
11  -11
19  -2
11  -6
15  1
19  -4
17  3
14  -7
8  8
11  -1
14  1
14  -10
24  1
14  0
17  2
12  9
18  -4
16  -3
8  3
13  -5
17  2
12  -1
15  -7
12  1
14  -10
10  6
13  2
17  -4
18  3
16  4
16  -1
16  -3
15  1
11  -12
21  5
17  -1
16  1
19  -1
13  0
17  0
17  -6
16  -6
10  3
18  2
18  0
10  7
9  0
16  0
19  -1
14  -10
8  4
19  -4
11  -1
25  0
12  -2
11  -9
19  -5
16  -6
23  -1
16  -1
21  -1
9  -4
11  -7
7  -2
14  2
7  1
19  -4
13  -2
15  -6
10  6
18  7
14  -10
9  -7
12  2
18  -1
14  -2
10  3
13  -5
10  13
7  7
17  6
16  2
25  3
18  3
16  2
17  -6
20  -1
20  5
8  -1
23  5
11  -6
26  -1
21  -2
11  -8
20  10
22  1
17  0
14  -7
12  3
30  -3
7  0
8  8
9  -9
20  10
10  12
18  -3
14  -2
15  -3
11  -7
22  -8
12  7
18  -1
16  1
20  10
12  0
12  0
12  7
15  -9
23  4
11  -1
9  -11
13  -2
17  -1
17  6
10  2
8  2
17  -2
10  2
11  -2
23  -5
13  -3
15  -9
7  -1
14  1
12  -1
16  -3
13  4
12  3
25  5
9  -12
18  -4
15  -11
13  3
21  5
14  -10
9  -8
14  -3
13  4
12  9
26  -8
18  -2
17  -1
25  3
9  -12
10  10
14  -8
10  10
15  -7
19  3
11  -4
15  -5
18  8
11  -5
13  -1
14  -10
12  0
14  -2
13  3
15  -5
17  4
13  3
15  -3
6  13
17  -1
14  -3
2  4
6  10
21  8
12  1
16  2
8  9
24  1
16  -6
14  -9
9  -11
15  -11
18  6
12  4
17  -4
14  2
21  -2
18  7
8  -1
16  -6
19  -7
16  3
10  6
12  -2
21  -4
16  -6
16  -6
16  0
13  -6
26  -6
14  -7
10  7
11  -6
18  -3
17  -1
10  10
7  3
13  4
18  -4
11  -9
15  0
10  1
16  -1
14  2
11  -5
14  -8
14  2
17  1
16  -8
18  6
12  0
12  9
17  -2
13  3
14  -5
23  -7
11  -4
18  8
13  3
14  -3
10  11
13  1
21  5
18  6
12  2
20  -1
12  4
18  -1
14  0
21  0
12  0
10  7
18  6
8  1
18  1
12  9
19  1
19  -3
13  -2
15  -1
10  13
14  -8
17  -6
20  1
10  5
15  -11
10  6
14  1
19  -5
20  3
22  0
12  3
8  -1
17  3
17  -6
15  -1
15  0
16  1
16  -4
4  3
10  10
10  3
19  5
13  -5
9  -3
15  -3
14  -10
7  9
15  -3
9  -9
16  -5
16  4
7  8
13  6
13  3
15  -8
25  2
12  2
10  9
18  3
23  2
13  -5
13  -6
24  -9
16  3
12  -1
19  1
18  3
10  12
13  1
18  6
18  -3
11  0
16  -5
14  -9
11  -11
13  -6
18  6
16  -5
6  12
19  -2
16  2
8  0
13  3
7  10
13  4
16  -8
17  6
13  -5
9  -10
16  -8
18  1
11  -8
11  -8
16  -3
8  3
12  -2
11  0
7  -2
13  -2
14  -2
21  5
25  12
8  9
7  9
17  -2
16  3
11  -8
10  7
12  2
16  0
13  -3
16  -3
12  3
14  -1
18  7
15  -9
17  -4
23  -6
15  -10
8  1
15  -1
20  10
16  3
12  2
19  -7
10  7
14  0
9  -9
23  1
24  -7
7  2
13  -2
19  -4
20  10
18  0
21  8
15  -9
19  -5
17  2
13  3
12  -2
13  4
11  -7
16  4
12  5
16  -5
18  7
12  -3
15  -5
11  -2
13  1
23  5
12  -1
16  0
8  6
5  5
12  -1
19  5
15  -5
13  1
12  2
8  2
19  3
10  6
14  2
14  2
14  -2
11  -12
11  -2
7  3
9  -9
14  0
8  9
12  6
17  -2
16  2
10  8
16  -3
14  -10
12  -3
15  -3
16  2
10  12
10  4
11  -5
14  -4
16  2
18  6
12  6
9  -12
17  -3
15  -6
26  -6
22  1
16  -4
14  -4
9  0
10  1
10  10
17  0
12  0
19  -6
7  6
14  -9
12  9
13  1
11  -3
14  -10
12  5
14  2
9  -3
9  -3
10  13
13  0
10  3
18  2
17  -3
11  -10
17  -2
6  11
19  3
19  -4
18  6
11  -12
14  0
14  -1
16  -4
17  5
12  1
22  2
16  -7
18  7
13  5
18  4
15  -5
18  5
14  -2
15  -3
5  11
10  12
9  -6
21  1
7  4
19  -7
13  -2
10  10
6  3
19  -4
9  -8
18  0
7  3
20  9
10  10
21  0
16  -5
8  7
9  -11
13  2
17  3
23  -5
12  7
15  -11
18  5
11  -8
17  5
18  -1
24  -4
12  -3
13  -3
13  -4
24  -7
12  -1
10  12
15  -11
11  -7
23  1
20  3
15  -9
23  -1
14  -5
23  1
13  -1
17  6
8  4
22  2
14  1
21  -3
25  8
18  1
23  -7
14  -5
8  5
12  3
25  11
15  -8
11  -1
15  -2
17  -4
14  2
14  -6
23  5
8  2
16  2
18  4
11  -9
19  -2
15  -2
13  2
14  -9
17  3
13  3
15  0
14  2
19  1
7  2
15  -9
12  -1
18  6
14  -3
15  -9
12  0
14  -7
16  -7
19  0
9  -6
8  0
17  6
16  -4
13  2
19  -6
6  9
15  -5
21  8
9  -2
18  2
14  -1
12  8
18  2
14  0
11  -3
13  6
12  3
29  0
14  0
18  -4
17  5
24  -2
8  9
18  5
14  -7
18  3
19  -4
22  -5
10  12
8  0
21  5
11  -12
8  0
15  -9
16  -5
16  -3
14  -6
8  9
16  2
17  3
14  -2
8  4
11  -10
9  -2
11  -2
17  -5
15  0
12  4
14  2
25  3
17  6
10  2
12  9
15  0
14  2
16  -7
19  -2
15  -4
9  -4
15  -9
14  -2
8  5
13  2
13  5
14  -1
11  -6
16  4
9  -2
16  1
22  -9
9  -6
14  -10
14  -3
20  6
18  -4
17  1
12  8
22  -3
9  -3
11  0
11  -8
15  -4
10  11
11  -12
22  -8
15  -7
20  6
15  1
14  -3
13  -3
16  -4
17  6
15  -1
18  3
14  -10
13  -6
20  9
22  -6
8  -1
18  -4
15  -11
16  -6
12  2
10  12
19  -3
14  -4
10  5
18  2
19  -4
10  11
24  -9
11  -10
19  -4
12  8
19  0
26  -7
19  5
18  6
12  -2
19  -2
12  5
20  9
27  -11
10  10
16  -2
15  -9
15  -2
16  4
10  3
10  7
12  -3
15  -10
15  -7
11  -1
15  -2
15  -9
18  0
9  -9
18  7
18  5
14  0
14  -6
13  -5
18  2
22  -6
16  2
12  7
16  2
10  7
17  -1
14  -7
9  -6
8  4
13  -1
12  7
13  5
13  -1
16  3
19  -1
20  -1
16  -3
22  -7
15  -5
21  1
14  -3
6  2
8  4
9  -1
14  0
12  1
12  7
16  -3
11  -3
12  6
12  -2
14  -6
14  -8
14  -1
18  3
28  -10
15  -10
19  2
14  -6
19  -2
25  3
13  1
21  4
20  2
14  -2
9  -9
17  5
12  5
7  1
15  -10
21  0
12  8
18  4
9  -5
8  0
16  -8
19  5
19  -5
16  3
11  -10
8  9
15  -4
12  4
14  -8
21  1
12  1
15  -11
21  1
7  -1
7  4
19  -6
20  8
10  2
14  -4
14  -4
19  4
14  1
17  0
24  -10
14  -2
6  6
10  11
12  0
13  0
22  -8
14  -1
18  -2
28  -10
10  2
15  -3
15  -3
19  5
13  4
9  -7
19  5
12  3
9  -7
19  1
7  0
14  -5
8  7
17  -2
15  -5
8  3
21  -3
10  4
18  5
17  -6
12  8
28  1
11  -1
14  0
16  -1
17  2
10  12
23  0
15  -7
17  -6
20  8
6  1
16  -3
18  7
20  7
11  0
15  -9
18  -3
16  -7
12  8
12  7
8  2
16  -4
16  1
12  -2
23  -4
14  -5
16  4
18  -4
16  -7
5  11
13  -5
9  -8
14  -9
19  -6
18  -4
7  -1
10  3
15  -1
15  -8
13  5
19  -5
13  4
7  -2
15  -1
28  -11
17  3
16  -1
8  0
8  -1
14  -2
21  6
19  -4
11  -8
12  4
