17  -5
32  5
12  -3
42  -5
29  -5
40  -4
31  4
42  -5
61  2
20  4
47  -7
46  9
15  1
45  -3
47  3
70  8
25  0
29  -1
60  7
28  -2
49  -3
34  3
40  -1
34  1
43  -2
24  -1
15  3
17  -3
46  2
45  -2
27  -3
17  -10
53  -8
11  -10
34  -4
49  -6
24  -11
44  6
33  7
13  -6
18  -4
66  3
16  4
32  -3
68  1
54  4
43  4
7  0
32  0
68  10
34  4
31  11
28  4
35  -12
38  -7
36  2
30  -12
27  4
31  -2
25  -5
54  -1
33  5
22  -2
33  -3
29  -12
25  8
22  9
30  -12
45  6
26  4
37  -1
33  -2
36  -2
32  6
14  3
22  1
32  -4
18  -2
26  -1
39  -8
17  -9
31  2
31  5
16  0
51  -9
54  1
33  2
59  -3
23  -3
26  0
25  4
32  -6
38  1
22  -3
44  -2
36  4
40  3
42  -5
37  -1
45  -3
14  -10
24  -14
19  1
19  -8
37  3
34  9
37  9
38  1
23  -4
31  12
35  -3
25  -3
56  6
13  0
32  6
59  8
38  1
13  -11
18  -2
18  -11
27  2
27  -2
27  -3
32  2
14  -6
27  0
22  -2
37  6
37  5
31  8
35  -2
41  -8
52  -3
28  -1
25  -3
21  -4
54  -6
45  -3
28  -7
26  0
12  -5
24  -9
14  -5
36  -2
40  -6
47  -1
8  9
20  5
15  2
34  -2
31  10
32  3
35  -13
48  8
60  6
26  4
20  -3
35  -10
17  -2
39  4
14  -5
28  -4
64  3
34  9
30  -10
31  6
35  -10
25  -3
63  -4
53  -3
30  -8
28  -5
19  1
24  -14
26  0
35  -6
25  -2
37  -2
42  5
41  -5
29  2
26  -3
13  0
32  6
41  -10
27  -4
29  -2
26  6
34  5
36  -9
24  -14
17  -1
31  4
27  -8
27  -9
28  7
27  2
36  5
49  -1
36  4
22  1
22  7
20  4
26  -5
26  -4
36  -2
45  -7
28  2
32  1
35  -6
25  2
48  6
17  -4
33  8
34  8
37  2
26  5
38  -2
72  -8
32  -1
25  8
30  -2
50  1
25  -6
19  1
26  0
9  10
44  -3
15  -6
36  -9
37  3
32  5
40  -7
31  -1
29  2
48  2
44  -1
42  4
25  0
31  7
27  -1
30  -5
32  -1
25  -2
29  1
24  -8
34  -1
16  0
46  3
37  -1
29  -8
18  -2
26  -2
45  -4
32  4
38  -8
47  0
37  5
34  4
35  -2
34  -1
40  2
22  11
27  -7
28  5
29  0
19  4
81  -9
56  11
45  -5
23  -7
6  -6
18  -2
46  9
25  8
17  -13
52  2
18  -3
27  -5
22  0
16  -2
33  2
51  -8
41  2
52  -8
14  -1
31  12
27  3
37  6
28  -1
36  5
19  -3
27  0
54  -7
42  1
50  1
36  -3
26  7
50  1
11  -10
21  -1
30  -14
36  -6
62  2
53  2
23  -6
4  -10
44  -4
16  -8
36  -4
23  -5
40  -4
30  -3
26  5
19  -8
22  4
17  -5
21  -2
23  4
37  -1
19  -5
36  -6
29  -4
31  8
27  0
35  -7
34  5
11  -5
15  -4
36  1
27  2
19  -9
12  -4
58  -10
40  -10
37  3
54  -7
24  -11
14  -4
37  8
24  -2
33  -3
25  -6
32  5
43  9
47  -5
38  2
27  -5
17  -9
5  -4
20  0
16  -9
12  4
37  3
26  6
67  4
27  -5
38  -5
25  -3
33  5
30  -3
34  -2
23  -6
34  7
41  -4
14  -6
30  -1
20  9
30  -10
49  0
30  -11
19  -2
24  -4
17  -8
30  -14
28  -1
78  11
11  -5
22  -1
34  1
18  0
32  5
51  -1
58  -6
50  -6
56  3
40  1
29  -3
54  -1
31  0
34  6
32  1
26  -2
44  -8
25  7
32  2
20  0
22  3
41  -1
44  6
37  3
15  -8
49  -2
28  2
33  8
19  -1
14  -2
44  1
38  5
26  0
29  -2
26  -2
29  -11
29  -11
39  5
43  8
35  -12
17  -4
46  0
29  -7
19  1
45  -4
47  -8
16  -5
45  6
28  -3
37  12
31  0
21  6
16  5
8  6
38  -3
15  -3
32  3
31  8
35  -10
71  3
55  7
42  -5
43  2
27  1
24  -9
47  -5
30  -1
20  8
44  -5
43  -3
34  4
19  -2
34  6
27  -8
24  -7
32  4
13  -6
33  3
26  1
28  -2
32  2
11  -3
31  12
18  -6
30  -8
29  -3
31  8
13  -7
50  -4
12  8
31  0
16  -8
31  0
36  4
18  -6
33  -6
39  1
45  4
29  -8
31  8
19  -5
23  -6
42  5
22  2
30  -11
25  -1
38  0
38  2
27  5
37  10
24  -6
37  0
17  -4
39  6
23  -8
31  10
18  -6
49  -4
30  -14
40  -11
35  -2
42  1
25  8
32  -4
21  7
22  11
50  -4
30  0
24  -1
28  3
22  -1
28  -7
41  -11
40  -10
25  -3
21  -3
32  -4
13  -11
23  -1
29  1
37  9
22  0
27  -5
26  6
29  -3
38  -4
38  0
39  6
64  -11
24  -3
30  -1
33  1
37  6
51  -1
23  -4
28  7
48  3
37  7
44  -7
30  -2
24  -9
41  -7
38  -2
34  8
15  4
17  -10
46  3
16  1
10  0
16  -8
41  2
24  -3
50  -4
20  -1
19  -8
44  -4
40  -10
28  6
33  5
20  9
33  -4
37  9
11  -10
35  -10
36  -6
22  -3
34  -2
34  4
30  -8
37  -1
17  -2
41  -7
49  -9
43  1
27  2
29  -7
14  -7
20  -1
18  -1
19  2
50  -3
22  -3
42  -5
21  1
50  -2
50  -10
26  -4
41  3
37  3
9  8
19  -10
44  -1
60  8
42  4
27  -1
66  2
41  3
17  -11
40  -7
11  -9
44  6
37  0
14  -7
54  5
24  -2
49  0
16  0
23  4
21  -7
21  -4
35  -10
39  3
22  8
25  0
22  2
29  -11
36  -4
36  0
27  4
26  7
16  -2
11  -9
37  -1
30  -8
46  -2
14  -4
36  -1
15  -2
18  -9
41  1
41  -6
15  5
24  -10
12  -4
36  -1
27  0
28  6
29  1
35  -10
50  -6
56  0
27  1
19  4
42  0
35  -7
29  -12
16  -7
31  4
37  6
29  -5
69  -14
42  4
31  11
21  -6
11  -12
16  -6
31  5
23  5
38  -4
27  -8
17  -2
26  -6
14  -7
13  1
19  3
15  -5
19  4
51  -1
42  8
57  -2
29  -5
22  10
38  -6
40  -8
45  0
30  -14
34  7
30  -2
40  -8
35  -4
45  -5
23  -5
10  -14
40  -9
24  -11
16  1
30  -5
23  1
26  2
19  2
14  -9
46  3
34  2
47  -7
33  4
41  -4
45  -2
16  -9
29  -4
39  -5
27  2
41  -8
27  -7
24  -13
27  -3
71  4
26  6
37  12
61  4
26  2
22  6
42  5
40  -4
35  -2
20  9
26  -6
25  -3
67  -5
41  -1
39  5
35  -3
28  -3
43  5
34  -4
33  4
33  8
21  1
32  4
24  -6
10  -8
18  -4
30  -8
27  0
24  -9
64  -2
44  -8
29  -4
16  2
40  -2
31  5
38  -1
40  2
55  1
15  -6
20  6
60  7
37  2
28  -2
55  2
45  -7
15  1
39  -4
20  11
58  0
33  -5
18  -11
7  11
52  4
66  -2
39  -8
20  7
16  -7
24  -3
30  -9
38  -2
26  3
25  -2
38  4
13  -2
65  6
35  -3
30  -4
76  -6
46  8
36  -8
19  3
55  9
28  4
36  3
27  2
30  0
36  -2
33  -5
51  -3
42  2
26  -2
29  -9
33  -4
28  -7
40  1
30  -9
47  -7
19  -9
30  -2
34  6
47  -10
55  5
20  9
36  4
25  6
13  -7
32  -2
31  6
12  6
28  -7
27  -2
38  3
26  -6
37  -1
43  2
30  -13
37  4
21  2
16  -7
48  2
28  -6
12  -4
29  -5
18  -8
30  0
41  -3
39  2
36  -7
39  -5
39  2
28  -7
28  3
20  9
18  -6
20  6
40  -3
27  4
28  2
20  -3
32  6
46  6
16  2
25  1
45  -2
27  -4
28  6
40  0
21  2
37  4
30  -14
18  -12
42  4
21  -5
21  -4
30  -7
27  -9
20  4
39  6
43  7
14  -2
73  3
26  7
31  9
42  3
39  0
17  -3
18  -4
17  0
33  1
29  -5
27  -7
34  -2
26  7
35  -2
28  -5
12  5
40  -3
49  0
19  -4
26  1
30  -12
21  7
40  -2
23  -1
43  -2
53  -6
24  -1
35  -8
23  1
28  4
11  -11
15  -4
47  -8
51  1
11  -5
28  3
68  3
21  -3
45  2
36  -6
43  6
3  -5
31  7
29  -12
54  -3
71  -3
44  -1
26  6
24  -6
46  1
22  -1
21  0
27  1
22  2
51  -1
27  0
41  -5
17  -7
51  -3
16  -3
23  -6
37  8
42  -4
24  -8
17  -7
19  -10
42  4
49  1
31  2
37  6
14  -9
42  3
33  6
28  5
44  -8
38  4
21  -1
42  -1
46  2
37  0
29  0
33  8
50  -8
24  -6
23  -7
24  -9
20  -2
8  5
30  -10
8  6
30  -8
19  -9
49  3
23  5
21  -1
28  4
38  -7
67  -1
49  1
18  -6
20  10
23  -6
33  5
11  -11
38  -2
68  5
26  -4
45  3
39  -4
31  4
17  -3
28  -1
47  -11
19  -1
26  -6
35  -1
38  -2
37  8
52  3
25  0
32  3
33  7
15  -2
21  6
26  -1
34  -1
7  9
28  -7
43  0
60  -2
30  -10
44  5
25  4
24  -6
21  3
25  -6
35  -10
20  -3
15  -1
6  7
40  -10
22  11
22  0
27  -5
28  -6
43  3
5  -9
16  -5
