17  -5
12  6
9  11
14  10
19  2
10  7
19  2
21  1
4  4
7  -2
6  -5
6  -6
14  4
10  2
10  5
15  5
6  -4
9  4
12  3
5  -2
6  -3
6  -4
19  6
14  5
8  8
8  10
15  -2
7  -6
5  -4
8  11
11  2
2  -2
14  5
18  -10
13  5
12  7
8  5
10  5
8  11
5  -1
10  10
14  8
7  -3
10  7
6  -4
9  11
8  7
7  -5
13  4
10  2
24  -4
15  5
8  3
12  1
8  9
16  -5
2  4
9  9
9  8
15  0
6  -9
7  -2
16  3
13  2
10  8
11  -1
17  -4
14  2
14  6
12  5
13  8
7  -4
8  8
9  10
15  3
11  -1
9  8
23  -4
9  10
16  0
13  5
9  5
7  -4
7  -7
15  4
12  6
14  5
12  3
8  9
10  3
13  8
8  9
6  -1
12  8
8  9
7  -9
5  -9
8  9
12  3
11  -6
6  -5
9  4
9  7
10  6
4  6
12  7
8  9
11  -5
6  -5
9  3
19  5
13  1
5  -2
12  3
10  3
3  -8
3  -2
10  2
12  3
11  -1
14  7
6  -1
10  7
10  6
11  -5
6  -3
10  2
11  -4
7  -5
10  4
14  3
9  5
16  3
14  2
16  -4
7  -5
9  6
18  -8
6  -7
14  3
17  -7
8  8
14  3
6  -8
7  -8
8  10
8  10
6  -3
4  4
13  3
9  6
17  -7
13  4
10  5
6  -1
14  9
18  -9
8  8
10  7
15  0
14  2
16  3
9  5
15  6
10  8
11  -6
11  1
11  0
15  2
20  -6
9  4
10  6
10  4
8  11
13  5
9  6
18  -7
5  -4
10  2
9  6
9  8
3  -9
12  4
15  0
11  -5
12  3
12  5
7  -6
12  4
11  -6
13  5
3  -3
4  3
8  4
11  -2
5  -9
11  -4
14  4
12  6
5  -2
9  7
8  4
6  -7
11  1
19  5
9  5
7  -9
12  0
6  -7
8  4
6  -9
15  3
9  5
9  4
22  -1
10  6
9  6
6  -3
18  -7
11  -6
16  2
8  10
11  2
6  -9
8  7
9  9
15  5
12  0
10  3
20  -8
14  9
10  9
12  2
16  0
10  6
12  6
14  3
11  -6
8  5
3  -4
6  -1
12  6
16  -2
26  -2
10  5
7  -1
9  10
9  8
13  8
11  -3
15  -1
22  -6
10  6
15  5
6  -2
9  5
12  0
9  7
20  -4
16  -2
16  -1
13  4
14  2
16  2
7  -4
11  0
8  7
6  -5
8  9
9  10
20  -6
4  3
12  4
9  8
13  1
9  10
6  -2
14  10
8  11
27  -6
13  2
12  1
15  3
1  -5
17  -7
16  -3
14  3
11  -1
6  -2
15  -1
3  -5
19  9
8  4
5  -6
11  -6
8  10
7  -9
12  7
4  7
15  -2
12  0
3  -2
13  3
12  4
7  -9
13  5
18  -7
8  11
10  10
8  7
7  -4
14  7
11  -3
17  -5
10  4
10  8
8  4
11  0
16  2
12  2
10  4
7  -8
11  -4
16  1
15  -1
8  7
11  -6
16  1
20  -6
14  4
12  5
12  7
7  -9
8  11
9  9
9  7
25  1
12  0
6  -2
8  7
15  3
15  4
9  4
21  1
14  9
12  7
6  -1
9  10
13  3
13  0
12  8
8  7
9  6
12  2
6  -6
7  -4
7  -3
11  -3
9  8
13  2
6  -4
13  7
5  -1
13  4
8  3
2  -1
12  6
13  7
13  8
9  11
15  1
14  2
7  -1
8  5
11  -1
8  10
16  0
12  0
11  0
7  -3
11  -1
10  8
15  0
13  5
8  9
12  7
4  4
11  1
13  4
18  -9
8  9
15  6
12  2
10  9
16  3
5  -8
4  10
15  -2
5  -2
9  9
20  -1
18  -5
20  -1
7  -4
10  5
9  8
9  10
6  -9
15  1
6  -9
14  10
18  -8
11  -6
8  9
13  2
14  2
11  -6
12  3
10  6
7  -4
4  8
12  4
8  10
11  -6
12  6
12  8
12  0
19  4
9  9
12  4
7  -6
6  -2
17  -2
11  -3
9  7
14  10
10  7
10  7
13  8
12  3
10  4
7  -4
14  6
8  11
12  2
10  9
14  3
8  4
15  -1
12  4
10  2
8  9
7  -1
9  3
6  -5
12  0
6  -4
13  7
5  -3
13  0
4  5
12  5
9  3
7  -5
10  3
13  7
9  9
1  -4
11  1
3  -6
13  7
8  10
14  5
12  1
8  4
6  -4
7  -2
13  3
12  7
11  1
13  8
19  2
14  3
7  -4
16  2
4  9
8  9
9  7
8  7
10  3
10  4
9  9
28  0
11  -4
14  10
14  9
16  3
16  2
9  5
17  -6
11  1
10  2
11  -6
8  6
11  -5
13  8
20  -2
10  2
5  -8
12  6
9  9
4  8
10  4
14  8
15  5
7  -2
9  4
7  -5
10  9
6  -6
5  -6
18  -8
13  2
7  -9
5  -1
19  2
4  10
9  9
9  11
9  6
12  4
12  6
9  3
12  0
10  10
8  7
12  2
13  2
8  9
19  3
12  3
11  -1
16  0
13  1
16  1
15  0
13  2
11  -5
11  -5
16  -1
12  4
16  1
6  -3
14  7
3  -6
12  7
14  7
18  -7
5  -2
7  -4
18  -3
11  -2
12  5
12  0
9  7
11  -5
5  -2
11  -5
14  2
4  4
14  9
13  3
13  3
12  5
7  -9
9  5
7  -3
8  8
7  -4
8  6
7  -8
10  9
5  -1
10  9
12  1
12  7
21  0
11  -4
9  7
4  11
10  4
10  10
19  7
10  3
6  -1
18  -11
24  -7
12  2
11  -2
15  -2
6  -4
17  -9
7  -8
9  4
12  8
8  10
7  -9
14  9
19  3
3  -5
9  11
9  7
9  6
13  0
6  -8
6  -6
17  -4
13  8
16  1
7  -3
11  -2
9  11
13  2
15  -2
7  -6
5  -9
11  2
12  0
21  -3
15  6
12  6
13  3
12  4
9  10
10  10
12  6
9  10
11  1
12  0
12  6
16  0
17  -3
13  1
14  8
13  6
10  3
7  -2
6  -8
4  10
12  7
12  1
8  10
8  10
6  -5
8  9
7  -5
15  -2
6  -7
8  6
14  3
4  8
6  -9
9  6
8  7
9  10
8  4
7  -2
12  4
10  9
19  9
6  -2
11  2
3  -9
17  -5
11  -1
10  10
13  4
7  -9
6  -7
11  0
11  -3
5  -3
13  8
16  -5
11  1
6  -2
11  -4
10  5
12  5
10  3
8  4
12  8
12  0
8  7
10  3
3  -7
5  -7
11  -2
17  -4
17  -5
9  6
16  -4
14  6
14  3
19  4
15  0
11  -4
8  11
15  -1
8  9
13  5
16  -2
6  -1
8  10
10  4
11  -6
9  11
10  2
13  8
15  -2
15  5
9  3
13  3
11  -4
12  0
15  2
11  -5
13  3
13  0
8  11
18  -4
13  3
12  6
18  -5
14  5
6  -8
10  2
8  8
10  8
3  -2
4  3
10  5
13  7
10  5
8  11
8  10
7  -5
12  6
6  -4
15  -2
16  0
18  -3
12  0
11  -3
15  2
19  10
8  10
6  -4
10  9
12  6
12  5
7  -9
17  -4
9  10
9  7
9  4
14  6
2  1
8  5
13  2
9  6
7  -4
5  -6
4  7
13  6
15  4
12  4
16  3
11  2
9  9
8  11
4  10
11  -6
8  7
8  8
10  3
16  2
8  3
14  6
15  4
15  1
20  -3
8  11
5  -7
12  2
9  8
5  -3
14  3
20  -1
12  6
14  7
8  8
11  2
5  -5
10  2
10  6
8  6
8  10
4  5
5  -6
15  3
8  3
14  10
12  1
15  3
8  3
6  -9
6  -5
19  7
11  2
13  6
9  9
7  -5
8  10
9  3
9  10
22  -8
10  4
15  5
5  -2
4  4
9  11
11  1
12  5
12  7
10  10
6  -9
8  3
10  10
14  9
12  0
14  6
14  5
11  2
21  4
19  2
15  0
8  10
13  3
14  7
11  -1
14  6
6  -5
21  4
11  -2
8  9
10  9
15  5
9  9
16  3
16  -4
13  4
5  -8
10  7
9  6
13  1
11  -4
19  2
17  -10
3  -5
9  11
9  5
11  -5
12  6
15  1
10  5
8  3
15  -2
9  7
10  2
17  -7
7  -4
5  -7
28  -6
5  -8
15  5
15  3
9  4
12  6
19  10
8  8
9  8
5  -7
13  6
9  4
6  -4
8  7
9  6
8  6
16  -4
9  11
14  9
12  3
15  4
13  0
11  2
5  -5
12  0
14  9
10  2
18  -10
18  -10
6  -5
18  -10
12  7
19  5
9  5
17  -7
20  -9
13  5
8  7
10  4
9  9
11  -4
5  -3
14  10
15  -1
14  10
17  -7
7  -6
3  -3
22  -9
11  -1
15  -2
15  -2
15  5
4  10
10  3
7  -9
17  -2
11  -6
10  3
14  7
7  -8
11  -1
8  3
4  9
16  0
10  10
19  9
9  5
4  7
13  6
17  -8
14  7
15  -1
12  7
17  -10
13  4
7  -7
10  6
16  1
3  -2
11  -3
12  0
15  5
13  0
6  -8
14  9
13  7
8  6
15  1
6  -5
13  2
12  0
14  6
19  2
10  5
15  2
15  5
16  2
12  2
10  7
11  -5
8  10
16  -5
11  1
9  11
12  3
10  8
24  -9
18  -5
11  2
13  5
11  1
14  5
10  4
22  -7
18  -8
8  6
