9  -11
18  -2
18  1
11  0
10  4
32  3
22  -2
14  -8
18  -2
16  -2
21  6
17  6
13  -2
13  -11
19  -4
7  -11
19  -3
14  -3
21  2
17  1
18  -4
37  -5
21  -4
28  5
38  -6
18  -6
13  -3
23  -3
27  3
19  1
19  4
23  3
27  5
22  -5
15  7
20  0
19  0
14  -4
17  8
21  3
9  -11
11  8
23  -3
18  -4
8  8
18  -6
16  -5
20  -7
27  6
18  -6
18  -6
14  -6
10  1
10  0
18  -7
10  10
25  -2
25  -9
19  2
14  -6
19  -3
12  4
11  0
16  -2
26  2
32  6
16  -8
17  -2
20  -2
12  2
18  -1
20  -4
12  2
19  -3
10  10
12  12
19  -4
15  -3
15  1
9  -2
12  7
19  1
10  3
16  -6
14  -5
14  -9
17  0
13  -3
13  -7
24  -7
14  -7
10  0
21  -2
13  -7
34  4
21  1
14  -4
15  -3
27  4
18  -7
31  -8
18  -6
22  -7
11  3
12  12
12  11
23  -4
30  2
22  -12
19  0
9  -9
23  2
16  -5
15  6
6  6
23  -2
18  2
15  -1
23  -1
16  -9
19  5
12  2
10  4
12  2
16  -8
18  1
19  -3
12  5
16  -7
17  4
5  -5
10  2
17  3
22  -7
15  -3
16  -5
20  -2
15  7
30  -8
6  4
24  -1
18  -6
15  6
21  2
24  -3
14  1
17  -1
16  -2
21  -2
28  4
14  1
23  0
14  -5
11  0
21  4
9  -10
16  -10
28  12
17  5
11  8
22  -6
14  -4
9  -11
12  11
11  9
24  -7
22  -10
22  -12
12  7
16  0
16  -7
18  -1
14  0
6  9
12  8
10  3
15  -3
19  2
19  -2
22  -2
14  -1
17  5
32  4
18  1
20  -9
19  1
10  8
12  11
12  7
17  4
11  4
10  1
14  -5
16  -3
18  3
18  2
20  -8
26  8
17  7
9  -3
16  0
27  6
11  -1
16  -7
22  -9
15  -3
25  -8
26  8
18  -5
11  5
12  2
14  -7
26  5
18  2
32  11
27  -2
15  -2
22  -7
24  0
11  5
10  6
27  6
7  -6
16  -3
32  4
15  1
26  10
14  -2
17  4
23  -4
12  8
14  -1
21  5
18  3
19  4
46  2
18  -2
17  0
26  7
10  3
15  -2
15  2
14  1
18  0
14  -4
8  6
13  -12
13  -4
16  -1
14  1
22  -12
19  -2
26  5
9  -3
14  -5
36  7
6  6
17  6
10  3
12  7
16  -1
13  -7
22  -7
19  3
26  1
11  0
15  4
19  -3
19  5
20  -7
19  3
18  -7
11  3
18  -5
14  -3
17  4
13  -3
11  0
8  5
22  -11
17  3
17  5
21  2
22  -4
10  2
27  3
11  6
7  -11
17  -2
28  7
14  -7
26  4
12  2
20  -4
16  -9
14  -5
19  -2
32  3
8  4
18  -2
23  -5
19  3
8  6
14  -2
11  -1
21  5
18  -3
26  8
24  -4
22  -10
16  -8
21  4
20  -4
26  1
15  4
14  -8
15  3
18  1
10  1
14  -6
9  -11
9  -8
13  -4
16  -8
16  -8
7  -11
14  -5
12  12
14  -4
22  -4
15  2
10  3
15  5
28  4
16  -5
17  2
20  -5
18  0
24  -2
7  -10
26  4
12  4
15  -1
23  2
4  2
20  -2
20  -9
6  4
18  3
16  -6
23  -5
18  -1
20  -8
8  4
17  -1
9  -1
31  -11
26  9
21  2
12  2
15  3
18  3
16  -10
11  1
11  8
21  2
22  -10
8  5
19  5
15  -2
17  2
15  2
14  -9
33  -7
29  0
16  -2
18  -4
16  -1
17  8
29  2
18  -6
13  -10
16  -6
8  2
13  -2
6  5
13  -8
11  6
13  -3
11  1
26  4
20  -7
7  -6
16  -6
23  -5
13  -3
10  3
12  4
23  2
18  -2
19  3
19  -3
14  -7
15  1
12  7
18  -4
18  -3
10  7
26  9
18  1
13  -4
12  7
21  -3
14  -9
18  -4
18  3
21  0
14  -4
15  4
31  -3
13  -5
18  -5
8  1
14  -7
21  1
25  -4
26  6
16  -8
18  -1
19  4
10  3
11  8
31  -2
18  2
16  0
8  2
15  2
29  3
18  -2
19  2
21  4
17  -2
21  1
21  2
16  -6
20  -4
19  -5
21  1
16  -7
23  -1
23  -3
16  -4
24  -2
19  4
14  -8
13  -3
16  -10
15  -3
17  5
23  -3
10  8
21  1
9  -8
23  1
13  -5
13  -5
21  2
16  -2
6  8
21  -2
11  0
23  3
22  -5
26  3
13  -9
27  0
20  0
19  -2
13  -10
25  -1
15  2
9  -10
16  -10
19  3
18  -6
22  -8
6  6
16  -4
12  10
16  0
30  -8
33  -9
21  5
26  10
24  -3
22  -5
22  -6
28  7
16  -10
21  6
7  -1
14  -3
14  -9
12  12
15  4
27  5
11  8
20  -3
36  5
11  -1
15  5
7  -3
7  -10
11  8
8  3
11  -1
24  -7
28  11
16  -1
31  -6
7  -2
14  0
22  -12
17  7
17  3
23  0
21  2
18  0
5  -6
12  5
15  -1
15  0
6  3
20  -1
13  -5
11  4
9  -10
18  -1
16  -6
20  -2
17  1
5  -4
20  -10
15  -2
26  5
15  5
14  -5
20  -8
15  5
21  5
29  2
14  1
10  4
11  6
21  -4
16  -9
25  -5
29  2
26  8
21  5
17  0
14  -2
13  -8
15  3
14  -2
11  0
10  6
18  2
27  -1
14  0
26  5
25  -2
14  -6
20  -4
15  2
14  -1
19  4
20  -3
12  11
18  -1
10  10
13  -10
18  -6
29  7
23  4
17  2
10  8
22  -8
9  -5
15  7
33  -6
10  1
18  3
36  0
10  9
13  -5
8  5
15  6
12  10
18  -6
28  10
17  -1
25  -2
25  0
18  0
21  -2
16  -5
21  1
10  2
9  -4
20  -5
11  3
11  2
20  -1
4  -1
13  -10
16  -2
9  -5
11  8
16  -9
19  3
14  -8
16  -2
21  -3
7  -9
12  10
18  -7
8  9
13  -9
19  2
17  6
29  2
9  -5
21  2
25  -9
18  3
11  4
18  1
20  -6
22  -5
15  6
11  1
25  -8
6  4
6  6
10  0
14  1
27  7
20  -2
28  6
23  0
10  6
27  0
16  -6
14  -9
17  8
22  -4
20  -1
13  -8
14  -8
19  4
17  -2
17  4
17  7
21  -3
7  -7
18  -4
11  6
19  4
13  -10
13  -6
27  -2
34  -4
27  -1
14  0
23  0
15  4
12  7
8  8
11  0
11  9
16  -8
31  -2
15  -3
10  10
9  -7
15  0
12  10
10  6
9  -10
13  -12
11  0
20  0
37  0
6  1
9  -9
24  -10
21  -1
12  4
31  -3
18  1
24  -8
19  2
9  -5
13  -4
13  -7
15  5
25  -4
27  7
16  -10
15  3
20  -1
17  8
14  -2
19  3
18  -3
11  3
14  -1
15  1
18  -2
26  7
17  0
11  -1
20  -3
7  -6
21  3
13  -12
13  -10
11  8
4  0
33  -2
6  8
24  -3
22  -3
18  -4
11  8
9  -5
11  0
11  7
12  2
23  2
18  1
18  -1
22  -8
25  0
17  -1
10  6
26  4
15  1
21  5
8  4
13  -4
28  12
19  0
22  -9
27  3
24  -3
10  3
12  10
18  1
15  3
9  -1
21  5
16  -7
22  -9
31  -2
20  -2
15  0
8  2
22  -3
29  3
21  0
14  -3
21  4
22  -10
18  1
10  7
14  -2
15  2
21  -3
16  -8
14  -8
18  1
16  -10
16  -9
17  3
9  -8
13  -5
22  -2
18  2
14  -3
13  -3
15  4
16  -3
10  7
17  2
18  3
9  -9
21  2
9  -8
29  -3
21  -3
29  -3
15  2
12  10
23  0
15  1
19  -4
22  -7
14  -5
6  5
11  8
24  0
20  -1
10  6
33  -3
5  -7
10  8
21  0
13  -6
25  -7
18  -6
15  6
22  -4
30  1
19  0
27  0
15  3
17  4
8  3
11  6
7  -1
13  -4
27  -3
13  -2
23  -4
14  -1
20  -2
14  -3
14  -5
16  -1
18  3
14  -1
16  -10
14  -5
14  1
24  -7
17  4
14  -1
19  0
28  10
16  -10
16  -5
11  0
19  1
8  7
14  -1
13  -2
20  0
22  -8
16  0
6  1
24  -1
20  -7
17  -1
20  -4
33  -8
34  3
14  -4
15  4
21  -3
8  -1
16  -3
33  -10
8  5
20  -1
16  -9
14  -5
16  -5
11  3
13  -8
15  2
23  3
26  2
15  1
25  -3
9  -7
13  -9
17  7
18  -7
16  0
16  -9
13  -8
22  -9
17  4
20  -7
14  1
21  2
30  -4
12  8
18  -6
29  5
11  3
13  -10
20  -5
22  -8
12  4
21  1
22  -10
9  -9
21  0
17  3
9  -2
15  -2
10  2
16  -9
10  2
22  -8
14  -4
15  -3
18  -6
17  -2
14  -9
11  8
22  -6
16  -10
14  -5
29  1
19  4
11  4
13  -10
22  -8
16  -4
6  0
8  8
22  -11
19  1
17  3
15  4
19  2
16  -4
18  -2
15  3
11  3
5  -5
12  5
9  -8
17  -1
27  7
11  2
13  -8
3  -1
14  1
10  10
8  9
17  -1
17  8
11  5
14  -2
19  -1
27  7
16  -8
19  2
12  7
14  -3
10  2
12  4
19  -3
19  3
13  -4
17  0
18  0
22  -6
12  2
12  12
12  6
11  8
34  -1
23  -1
13  -3
14  -1
13  -7
23  -6
16  -7
21  1
17  3
9  -2
22  -4
9  -7
21  0
17  7
20  -6
16  -6
14  -8
9  -6
18  2
16  -2
28  7
18  -1
16  0
