16  -4
11  3
12  -9
10  -7
15  -2
16  -6
15  1
21  -3
14  2
14  -1
15  3
20  -1
19  2
16  -4
11  2
16  -10
11  5
19  -8
10  -1
26  -1
22  5
11  0
12  -12
16  -2
5  -4
11  5
5  -1
7  -4
16  0
9  -4
8  6
12  -9
19  1
15  -3
18  0
12  -12
25  -2
15  -3
11  2
20  -9
17  -7
22  6
12  -12
16  0
16  0
14  -2
14  -4
11  -4
18  0
16  -1
24  -1
10  -5
14  -2
21  0
19  -1
15  -3
20  -11
24  3
11  -1
9  0
11  -1
10  -3
15  4
15  0
16  -4
18  -8
10  -5
14  -4
8  2
15  2
15  -1
14  -3
6  -6
14  6
10  -6
26  -8
14  2
12  -4
14  -3
8  7
9  -3
15  -5
12  -12
14  -1
13  2
12  -2
9  -2
6  -5
11  1
16  -3
22  7
8  5
18  -8
13  1
18  -10
8  4
10  -3
24  -3
19  -4
12  -9
16  -4
20  -9
13  -4
8  0
14  2
11  -4
19  -2
22  7
11  -5
13  -4
15  -4
18  -7
12  -10
19  -3
13  3
11  5
22  8
13  -1
9  -2
6  -4
11  -5
15  0
8  8
15  3
7  1
9  -5
17  -6
13  -3
11  -3
6  2
13  -4
16  -2
6  0
13  0
10  -4
8  0
12  -9
18  -1
22  4
15  0
10  -6
14  -4
11  -1
12  -11
15  0
6  -2
18  -2
14  -1
13  -7
23  -9
20  -4
10  -5
13  -7
26  -4
10  -2
13  1
10  -7
21  -7
15  -2
15  -1
15  0
18  -8
15  0
17  -1
11  -3
11  -1
18  -6
11  2
14  0
16  -10
12  -3
11  -2
12  -11
14  0
6  -5
10  -3
6  4
19  -5
17  -4
14  -1
16  -1
12  -8
17  0
5  1
10  1
19  1
4  -6
11  0
9  -6
11  1
16  -1
8  5
14  3
11  -1
27  4
27  1
15  2
21  -1
12  -9
12  -7
14  -2
14  3
13  2
11  -2
22  0
24  -3
15  -5
15  2
10  -8
22  5
14  5
8  -1
8  1
22  6
16  -9
10  -1
12  -11
21  3
11  2
17  2
13  1
10  -8
6  0
15  -2
12  -3
14  -3
10  -6
10  -8
10  -4
15  -1
32  3
13  -6
9  -7
19  -4
7  -6
16  -3
14  -3
13  3
12  -8
14  -3
12  -9
15  4
21  -4
9  -4
17  -5
20  -1
13  -3
12  -2
16  -1
9  -2
18  0
16  -9
13  -2
17  -2
9  -4
12  -7
13  3
19  2
26  0
16  0
15  -4
7  -6
10  2
13  -3
9  0
20  -1
11  0
22  8
10  2
24  6
6  -4
15  -2
18  -2
16  -7
20  -3
14  -2
13  -3
15  1
12  -8
15  5
10  2
18  -6
12  -10
11  0
8  8
18  -9
25  2
8  7
12  -6
12  -12
8  5
19  -8
15  -2
16  -9
23  -4
16  0
17  0
18  -8
19  0
16  -6
16  -10
8  5
15  5
11  5
13  2
14  -4
7  2
13  -3
14  5
18  -5
14  -4
17  -5
10  1
21  1
16  -9
10  -3
13  -5
17  -2
12  -5
22  0
15  1
15  3
13  -3
12  -4
12  -2
14  -2
4  -6
8  7
9  -1
16  -9
24  7
15  5
11  -3
16  -6
13  -4
9  -6
9  -5
11  0
7  -1
25  -1
14  3
8  -1
21  1
17  -4
15  3
20  -10
11  -3
10  1
16  -3
15  2
14  -1
10  -8
19  -6
11  3
12  -9
16  0
11  -2
12  -10
19  -7
13  -3
26  -5
16  -1
18  -4
15  -5
9  -6
13  -4
10  -8
13  0
15  2
20  -4
9  -6
8  1
15  5
20  -5
14  5
10  -7
9  -9
9  -4
9  -9
12  -10
5  2
30  -5
19  2
19  -2
10  -3
15  -1
16  -4
14  0
24  2
18  -6
15  5
16  -1
17  -8
11  -2
10  -2
13  -6
19  1
12  -10
13  -1
21  3
10  -2
21  -7
8  1
9  -8
18  -5
16  -10
10  -6
11  -3
14  5
8  8
9  1
14  6
14  -1
5  1
19  1
11  5
14  3
8  5
17  -5
6  -6
16  -4
11  5
19  -8
14  2
23  -9
10  -7
8  5
12  -11
6  -5
19  -3
16  -9
8  7
13  -3
14  4
7  1
34  6
15  2
10  -5
11  0
6  3
12  -3
15  0
7  -1
17  -4
17  0
17  2
9  -9
14  5
14  1
15  -3
15  2
18  -8
17  2
9  -6
9  -6
15  4
12  -6
17  1
15  5
16  -3
28  -1
11  -1
8  1
8  0
14  5
13  -6
10  -1
9  -8
9  0
14  -1
7  1
24  5
14  6
20  -5
12  -2
12  -7
11  2
21  -1
28  -2
17  -8
13  -1
16  -5
14  -4
10  -4
19  -4
12  -10
17  0
6  -2
13  2
22  2
10  1
18  -1
11  -2
11  -3
10  -4
10  -4
16  -1
14  6
18  -2
24  4
9  -2
22  4
11  -2
10  -1
8  8
21  -7
5  5
15  2
19  2
9  -7
14  0
11  -4
14  1
9  0
15  -4
12  -6
20  -4
18  -10
18  -8
12  -10
16  -4
17  -2
27  1
16  -7
11  -2
12  -2
15  -3
19  -3
19  -7
13  0
16  -3
10  2
17  -4
16  -3
18  -3
14  -1
11  -3
10  -5
11  -5
11  5
22  0
17  -8
18  -4
9  -8
27  3
11  -1
8  2
21  -4
19  0
17  0
6  0
18  -9
22  6
9  -2
9  -8
16  -6
15  -3
11  -4
15  3
20  -4
17  -8
14  1
12  -8
23  -7
16  -10
16  -7
15  3
14  4
16  -7
18  0
15  2
12  -5
15  4
13  0
8  0
15  -5
10  -1
18  0
16  -6
14  5
17  -8
11  1
20  -1
14  3
10  -8
7  -4
12  -5
17  -2
12  -2
21  -3
18  -8
12  -2
19  -3
15  5
17  -6
12  -11
13  -6
14  -2
12  -8
18  -1
16  -8
18  -1
18  -10
5  -4
12  -8
11  5
12  -11
14  6
19  -8
14  -1
10  -5
24  -1
16  -5
18  -3
22  1
11  5
12  -4
19  2
13  -6
18  -7
14  6
14  0
16  -8
13  2
21  -1
14  -4
12  -7
15  2
13  -4
14  -1
13  -1
12  -11
11  -3
15  1
15  0
15  -5
17  -5
13  -3
14  1
13  0
19  1
17  -3
12  -11
14  1
12  -8
11  5
14  -4
16  -2
15  1
13  -4
20  -9
22  7
10  1
12  -7
6  2
16  -1
20  -3
26  -2
15  1
8  6
13  3
11  5
14  5
10  -4
11  -4
22  0
14  0
15  -4
15  -1
15  -4
6  -6
16  -3
8  3
15  -1
21  -5
15  0
12  -4
12  -10
7  -1
7  -6
10  0
13  -6
11  -4
18  -1
15  -5
13  0
11  0
13  -2
15  4
7  3
24  3
10  -7
20  -6
15  5
16  -8
16  -7
15  2
22  10
12  -7
22  9
8  5
9  -1
13  -3
13  0
19  -5
8  8
13  -3
6  -2
19  -2
10  -1
10  -5
10  1
15  1
21  -2
11  -3
8  2
19  -4
15  -2
20  -9
14  3
12  -7
9  -8
13  1
23  -10
5  0
10  -2
11  -4
15  -1
28  -7
15  -2
18  -5
16  0
24  5
8  6
11  -4
25  0
18  -6
11  5
15  0
14  2
6  1
10  1
9  -7
19  -3
7  1
6  0
14  6
7  -7
14  4
19  2
21  -3
12  -2
29  -5
10  2
13  -5
16  -10
9  -8
17  2
10  -2
16  -6
15  1
8  8
19  2
13  -5
12  -10
16  0
7  -1
10  -5
18  -6
13  -2
13  -5
14  5
16  -10
22  4
8  4
12  -11
17  -8
13  1
16  -3
11  -5
20  -8
26  -8
8  6
13  -5
9  -1
7  1
6  1
12  -10
10  -5
12  -12
10  0
8  7
12  -12
13  0
11  -2
12  -11
9  -2
11  2
12  -8
10  -7
8  9
15  -2
18  -1
17  1
9  -4
15  -4
13  -3
16  -4
18  -8
19  -6
22  0
12  -2
13  2
16  -7
13  -2
13  -2
13  -4
9  -1
15  5
24  4
12  -6
7  -3
17  -2
24  6
14  4
20  -7
15  -3
9  -9
25  3
12  -6
16  -10
16  -10
17  2
13  -7
9  -9
12  -6
17  -1
12  -5
7  -5
7  -2
21  -7
19  0
9  1
12  -6
13  -3
17  -4
15  -3
5  2
19  -7
11  2
20  -1
11  1
10  -5
12  -12
12  -5
19  -4
15  -3
10  0
13  2
19  -1
13  -1
27  1
20  -6
13  0
11  0
10  -2
23  -4
10  -7
16  -6
8  4
13  0
15  4
11  4
12  -3
17  -3
17  -8
14  4
11  5
20  -8
6  -4
19  -6
17  -6
12  -3
15  -1
7  -1
8  0
14  2
18  0
13  -4
10  0
12  -4
16  -7
20  -11
16  -6
11  0
9  0
24  3
15  5
11  4
5  5
15  4
10  -3
20  -7
15  -2
13  -3
21  3
15  1
11  0
14  3
9  -5
14  6
17  -4
20  -5
28  -6
24  5
13  -1
10  -1
18  -6
8  6
9  0
20  -11
11  -3
21  2
21  -6
14  0
25  -6
11  -1
8  9
10  2
20  -10
17  -8
7  2
13  -2
19  -4
7  2
17  -2
14  3
2  -5
12  -9
10  -6
11  -2
16  -3
18  0
6  -1
15  -5
19  -8
17  2
20  -4
16  -1
16  -8
15  4
8  1
16  -2
16  -1
13  -4
16  -2
10  -2
9  -4
10  -4
19  -2
16  -8
13  -5
17  -1
13  -3
14  -2
17  -7
21  -3
13  -2
16  0
9  -5
9  -2
16  -7
13  2
8  8
9  -9
11  1
19  -8
12  -8
11  -3
18  -7
18  -2
9  -6
13  0
10  -3
10  1
13  -1
16  -2
11  -5
12  -9
13  -5
10  -8
8  0
16  -7
12  -12
13  -4
7  -5
15  4
18  -5
11  -5
24  1
