152  -11
115  2
95  0
126  -3
155  -2
145  -1
137  -12
77  -8
149  6
131  -1
121  0
179  -7
111  4
97  0
108  4
138  0
139  -1
135  -4
192  -11
103  -14
152  -10
126  -8
64  -2
140  -2
136  0
146  -6
126  -12
173  0
160  -7
83  -6
207  13
184  -5
152  -10
165  5
124  12
206  -3
141  -3
85  -10
139  0
169  -6
143  14
123  3
90  -6
102  9
102  5
112  -10
163  -9
118  12
154  7
127  5
140  -4
151  -5
169  0
137  -13
127  3
116  -2
147  -4
104  -10
136  -10
203  -5
107  -6
181  -3
100  -1
159  10
140  -1
120  -5
131  1
174  1
106  12
92  9
172  -1
119  11
161  0
177  -1
148  -2
104  0
124  12
115  2
113  2
120  1
103  -10
135  7
169  -4
132  8
176  8
134  3
182  6
131  -2
111  3
82  -8
210  0
150  -14
117  -4
137  -6
139  4
199  2
107  -8
122  -1
111  -2
91  -3
217  12
108  2
165  -1
153  7
115  7
134  9
122  3
155  12
192  -10
121  1
157  -9
131  -7
94  -4
162  0
139  4
88  -9
112  -7
137  -14
157  -2
149  -1
130  -3
106  12
111  3
178  6
121  4
167  -6
140  4
173  -13
126  -7
150  -10
109  -8
131  -3
137  -1
157  0
118  9
173  -3
190  0
114  2
102  0
155  8
103  -10
178  2
129  7
139  6
164  -8
158  10
116  -3
178  -4
152  -12
145  7
131  4
137  -6
138  4
125  1
139  -2
92  6
140  4
134  8
156  8
168  -6
141  4
120  -1
111  8
163  1
122  -6
204  11
143  3
121  -3
133  -13
159  6
137  -3
175  0
134  7
113  10
106  10
149  2
199  2
120  -7
131  3
175  2
119  2
161  4
93  -4
103  -3
127  10
131  -1
158  -4
151  -3
161  -7
227  1
118  1
176  -4
218  -4
180  4
126  -9
110  4
80  -5
134  -1
130  -4
106  0
107  1
187  12
217  2
145  -2
128  4
130  -7
123  -6
182  9
145  -3
128  -6
197  6
127  5
184  0
146  -4
74  4
116  -6
160  -10
133  -7
125  5
147  3
178  0
162  -8
134  7
196  -1
70  -9
97  6
173  -6
90  -4
156  -6
88  2
141  8
120  0
123  -7
157  3
103  -9
123  -2
158  -2
126  -7
110  -6
156  1
206  -2
145  5
151  -6
107  -1
177  4
146  -8
148  -10
177  5
130  -2
142  0
132  2
169  3
106  13
130  -2
121  -10
153  -6
168  -4
205  -12
136  -5
128  3
91  -5
150  -13
85  2
150  -3
110  -3
88  -9
151  -8
126  -9
167  -4
84  0
142  -10
157  2
155  12
87  0
134  5
161  4
115  2
162  -1
85  0
158  10
147  -2
143  2
139  -2
101  -1
145  0
134  1
119  11
147  0
145  0
182  0
183  -12
120  0
138  -1
125  -3
166  1
134  0
118  11
122  -8
141  1
126  -3
157  -9
143  10
113  7
199  -3
159  -3
165  0
136  1
122  2
166  -6
138  -1
131  -7
130  -7
162  -8
126  -10
125  7
130  -8
205  -11
167  -7
114  4
140  -3
158  -3
128  -2
116  2
131  -5
142  -2
198  -7
154  0
139  -1
118  11
211  -2
136  -9
128  5
150  -3
124  7
182  10
156  -5
215  -5
140  -2
143  7
174  7
161  1
133  1
172  -5
196  -4
123  5
119  11
103  -4
133  -3
122  1
135  9
147  7
122  -2
105  -7
193  0
149  2
186  3
138  2
115  1
152  -10
150  -4
108  2
130  0
198  -13
105  -5
116  -7
129  -3
171  2
149  -1
148  -2
152  -13
139  -1
106  3
98  5
139  10
154  12
172  0
109  -3
113  10
151  -10
96  0
148  -9
98  -4
143  5
143  13
134  6
153  -5
187  4
178  7
111  -3
126  -11
128  4
143  3
120  1
157  0
161  -2
133  1
141  4
228  4
100  -8
167  -10
112  -7
111  9
154  5
93  -6
131  -5
187  11
92  7
162  -5
70  1
174  8
142  -12
100  0
130  -4
129  0
137  -7
84  2
133  -13
223  5
85  -10
118  9
126  -3
149  10
125  -4
152  -11
148  -7
120  -6
157  -11
90  0
133  -5
150  0
151  -5
125  5
166  2
167  -6
147  -6
147  -1
162  -7
127  -1
100  1
178  -6
113  8
165  -1
221  -7
108  5
152  0
81  -5
189  8
135  8
135  9
182  14
140  5
162  -2
100  -11
143  0
134  0
132  5
205  -13
161  -4
148  -1
145  3
152  -13
130  2
139  0
180  5
208  1
186  10
175  -3
209  -2
132  13
194  -10
174  2
193  7
85  -12
173  -3
157  -8
172  3
105  -9
109  -10
124  3
141  6
150  -9
130  -5
137  -14
94  -7
163  1
187  7
138  5
119  11
143  0
160  1
135  -1
113  13
153  -3
156  2
129  9
118  7
142  -1
118  4
135  -3
180  9
88  -4
155  6
132  6
98  -3
116  -3
160  -12
110  6
110  2
131  1
153  -4
190  1
119  -3
121  2
142  -10
164  0
164  -14
133  -10
159  11
152  -14
235  1
179  -7
141  -4
158  6
155  1
116  0
166  -8
111  7
109  -1
113  4
117  -13
103  -11
188  -4
198  -4
94  -3
154  5
102  6
184  -5
139  5
134  5
133  -12
146  2
103  -10
175  0
183  -11
205  -7
134  10
119  4
99  -1
151  -5
136  -7
157  -8
140  -3
171  -4
118  1
189  -4
154  0
174  -1
137  -7
171  -4
114  1
138  -3
125  4
133  -5
199  -4
177  -3
125  -5
145  2
132  2
155  10
155  7
202  2
115  0
186  6
142  -2
103  -11
152  -2
179  -13
93  6
169  -3
174  3
123  5
169  1
163  -5
131  1
108  2
174  -3
142  -12
161  0
108  8
127  10
154  2
104  -5
134  9
145  10
219  3
141  3
91  2
105  -1
139  0
164  -11
174  -2
182  5
160  -4
142  -4
158  -4
133  -10
157  -1
123  2
173  0
134  0
105  -1
180  -1
132  6
158  8
166  -4
95  -4
120  -12
209  -7
154  3
95  -9
125  1
105  2
161  5
113  4
168  -2
189  1
157  2
90  5
122  5
146  -11
115  9
142  1
146  -4
190  -13
145  1
117  -12
90  -3
118  12
153  -1
120  -7
135  0
120  -12
150  -1
144  4
135  6
147  5
170  5
80  -2
140  -4
109  3
206  -1
132  6
162  -9
130  -9
154  6
154  0
150  -1
186  4
91  -1
116  -6
72  8
102  1
119  8
170  -6
123  1
151  -10
169  1
176  2
156  -3
156  8
167  -2
198  -13
148  -6
113  5
166  -11
162  -9
163  -11
140  -4
104  -12
211  -1
101  -6
141  -2
154  8
109  -5
169  -11
152  -4
119  3
161  -5
179  -14
148  -2
128  3
133  -9
129  -3
116  -2
154  12
148  -6
106  1
141  1
155  9
166  -11
146  0
178  2
166  -1
137  0
130  -6
97  9
123  4
110  1
114  3
171  2
186  8
85  -1
152  -9
112  -8
131  -4
171  3
166  -10
214  -11
123  -5
111  4
191  -5
94  -1
167  -11
110  -5
107  -9
142  -2
137  -6
144  4
135  -4
109  -3
135  0
163  -1
167  -8
108  6
198  0
228  -7
152  0
130  -9
128  -2
209  -7
117  -5
119  9
173  -5
133  -12
157  -8
156  2
124  2
105  -8
83  2
121  -5
105  -3
160  -13
138  -3
175  -1
159  2
121  -6
130  -1
99  3
144  -2
159  -2
159  2
155  -1
107  -2
156  7
165  -1
120  -4
128  -3
119  5
124  5
137  0
103  -2
173  0
185  10
159  3
162  -4
153  6
93  5
159  3
147  6
118  7
146  -11
176  -3
167  -3
114  3
137  -11
154  -2
150  -8
160  -4
135  7
179  -10
122  -8
142  0
137  -2
97  -5
179  -1
150  -13
139  3
133  -5
144  6
112  -6
110  1
135  5
114  -5
156  4
193  5
135  10
158  6
143  0
223  8
111  4
115  -3
123  -5
107  0
95  -8
81  -10
102  -1
118  7
141  6
158  9
110  -4
99  10
127  -4
106  14
187  12
152  -5
110  0
124  8
95  -11
168  -8
131  -6
127  -2
125  -5
131  -3
124  8
140  5
98  1
128  -9
115  6
132  0
136  -2
126  1
177  -7
123  7
173  1
108  3
178  -6
148  0
135  4
117  -3
94  0
87  -2
124  1
152  -7
176  -2
195  2
156  8
138  4
140  9
132  2
118  12
192  3
125  -3
118  7
162  -1
158  -1
158  8
129  7
119  4
183  -2
145  -3
84  9
157  0
196  8
191  -6
166  -12
163  -3
146  -10
117  -7
176  -4
70  -10
146  -10
150  -6
107  -11
105  -4
154  9
191  -9
143  6
134  9
101  -9
102  0
137  0
97  -2
131  -5
160  -8
107  -4
236  -1
170  4
137  -14
138  4
167  -4
126  -3
166  -7
118  7
196  -1
112  3
150  -10
181  -9
142  -10
101  -3
160  -9
132  3
74  -2
157  2
62  -9
137  -7
170  -4
88  0
162  -6
135  9
131  -1
145  0
151  -10
160  -7
228  -5
121  0
134  9
164  -4
93  1
166  2
162  -3
181  3
92  -3
167  -6
124  2
144  4
109  -6
203  -7
182  0
175  6
172  5
137  -5
129  -1
114  -1
158  10
155  12
157  -8
140  -1
189  7
142  0
100  -1
112  -5
190  -12
95  -5
143  7
143  8
144  0
142  -7
142  -6
135  4
108  1
188  -3
156  6
117  -11
158  -1
116  1
142  -8
140  -1
189  -3
126  -3
157  -1
127  7
152  -14
123  -2
171  0
137  -12
201  -3
117  1
179  -7
166  -9
102  8
136  -7
164  -10
118  7
153  1
183  -6
111  4
121  -4
128  1
105  5
167  -2
130  3
155  12
172  5
121  -4
159  2
217  7
143  5
155  -2
103  -14
166  -5
