163  5
160  9
185  -5
190  -5
164  3
162  11
89  8
143  -11
173  6
155  2
183  12
160  6
177  -4
130  -9
195  9
167  8
205  -1
122  3
144  -9
148  -5
180  -2
187  -1
136  -10
176  -2
192  6
139  -5
139  -7
125  -8
176  9
135  9
137  6
153  -4
171  5
127  -2
117  11
127  2
120  -3
126  7
125  -1
146  10
137  -5
126  1
144  -6
184  -1
202  -2
174  -13
156  -4
162  7
185  -5
124  3
118  3
180  0
147  11
180  -4
137  1
123  -3
165  4
152  10
177  -4
170  1
154  2
120  -10
187  -8
114  2
129  10
179  -2
220  -7
165  2
148  -6
178  0
146  10
194  -2
132  -2
153  -4
254  -2
202  1
143  -6
126  2
197  6
133  6
171  4
124  8
154  1
117  2
155  1
183  2
210  12
188  -8
133  7
139  -3
171  0
142  -3
170  -7
125  -2
113  -5
154  -7
207  11
227  8
173  4
160  1
146  6
142  -9
152  8
181  0
192  0
173  1
175  6
178  -6
178  -1
162  0
137  0
147  3
115  10
150  2
157  6
271  -9
181  3
130  -6
195  6
116  0
171  12
167  8
153  -2
163  -5
193  -1
173  -2
143  -9
122  7
150  4
165  13
198  7
167  8
125  -3
179  0
144  -11
157  2
108  2
136  -11
225  5
158  10
173  3
181  4
160  1
148  -9
179  1
179  -2
157  -4
132  4
173  -2
231  4
107  -2
191  -6
142  -4
150  6
183  0
165  9
178  3
124  0
182  -3
120  -10
153  -3
201  3
155  -4
154  5
139  1
206  3
158  13
132  3
144  -10
170  -5
125  -5
112  -2
156  -7
170  -8
178  -3
173  9
138  5
144  -7
111  10
158  8
147  4
168  1
168  8
164  5
137  -3
223  -11
154  1
106  0
153  0
181  -3
182  1
161  -9
138  9
148  0
126  4
144  -9
148  0
178  -1
197  5
168  4
175  -1
167  11
148  -3
153  -1
136  -7
199  9
151  9
164  -4
114  -3
113  1
185  -1
139  -10
177  -4
177  -7
156  2
117  12
116  -3
164  0
230  0
159  -6
136  -7
128  3
155  1
164  2
113  6
170  -6
172  -11
144  1
143  -12
205  -3
141  6
171  2
165  1
185  3
155  -7
204  -5
193  6
138  1
176  5
137  -5
109  5
187  -7
170  -3
164  -3
195  0
137  -6
160  5
111  7
185  -9
131  1
160  7
177  -5
142  1
165  8
142  -4
118  -5
174  -7
138  10
175  -2
152  3
195  8
162  2
174  -9
152  1
190  -6
213  -5
165  11
126  0
209  -3
161  -3
149  5
168  9
164  2
147  5
151  13
143  -7
173  -1
169  9
125  2
153  -7
193  7
228  -5
182  -10
124  9
168  12
181  1
162  5
207  1
170  -1
159  -4
186  8
189  4
155  -1
177  -6
155  -7
125  -4
167  9
130  -9
131  -7
195  -1
132  -5
153  -4
163  -6
183  4
169  5
117  10
202  -2
163  5
129  3
96  -3
212  11
198  -2
164  -4
165  8
150  9
109  11
160  3
128  4
145  1
194  -1
137  -2
143  -3
160  5
147  4
181  -1
139  -6
235  2
167  1
147  2
112  3
174  -3
163  3
122  7
138  8
139  0
149  10
155  2
143  -10
124  6
114  2
166  -1
166  -6
123  0
188  -5
174  -4
169  7
157  -5
147  9
157  0
153  -8
183  1
172  -4
173  4
162  0
171  5
161  -8
179  -6
213  1
194  -1
142  2
143  -2
183  7
187  -7
170  -1
187  -11
130  -10
160  11
151  9
227  2
179  1
155  3
207  12
147  10
175  1
134  -7
124  4
174  -11
137  -3
173  0
171  6
139  0
165  1
226  6
208  3
172  -9
157  0
166  -4
162  0
219  8
136  -3
174  -5
132  5
195  3
142  -9
227  9
148  -7
147  1
154  1
157  6
201  9
132  -4
156  -3
192  8
210  7
165  12
168  12
148  -7
181  -2
171  10
194  4
127  -3
137  0
154  -6
142  3
157  -4
163  -4
96  3
93  5
188  -1
211  -2
157  6
158  9
214  8
96  4
208  4
168  8
136  -6
164  -3
182  -3
158  13
179  -6
204  -2
186  4
141  0
138  3
162  3
157  6
149  13
152  10
184  8
156  -2
172  -5
173  5
132  -3
150  2
159  -6
105  -4
143  -1
140  2
154  5
125  0
169  11
176  6
178  -2
139  1
170  -9
213  -6
177  -1
161  -4
128  10
167  3
204  -2
121  9
154  -5
180  -7
176  10
102  9
106  2
146  8
200  3
203  8
176  2
153  -10
139  -7
164  2
163  0
112  6
174  -3
149  10
117  6
150  2
180  -8
200  10
149  3
163  3
185  2
146  2
181  -5
158  10
126  -5
164  4
132  5
142  -5
177  -8
167  10
230  3
193  -1
177  -8
165  4
131  0
117  0
159  4
163  4
206  4
149  8
246  7
157  6
130  -6
158  4
198  -3
188  -4
216  0
121  11
203  3
179  -6
161  -9
185  -7
189  1
105  5
199  7
181  4
170  -4
153  -6
182  -5
160  8
113  0
170  3
173  0
138  9
135  8
165  4
164  3
164  2
121  7
185  -1
195  8
150  10
175  5
182  -3
185  -1
130  -11
113  6
165  10
151  8
171  9
174  -11
143  -3
129  6
165  2
144  -1
174  -4
127  -6
143  -9
158  5
138  7
146  5
126  7
144  1
158  8
145  0
198  2
167  0
150  6
137  -2
171  12
154  5
157  -4
171  8
121  -1
159  -2
136  -10
125  -2
168  1
233  -12
137  4
116  -1
175  1
126  5
171  11
114  3
172  -8
164  0
178  -1
168  2
119  -10
181  3
141  9
166  -6
149  11
173  0
176  4
216  0
167  8
129  3
140  13
207  7
152  0
156  -7
145  1
110  -2
146  2
222  5
184  5
117  1
143  -7
167  10
140  12
104  -1
144  -2
175  -1
160  10
131  -5
122  7
163  -2
136  -9
167  2
178  2
187  -13
127  -6
189  0
213  -6
112  5
119  -7
148  -7
120  -3
123  7
178  -6
146  8
151  7
227  4
152  7
161  1
169  9
164  1
149  3
175  0
157  7
156  -8
183  7
201  3
137  5
137  -1
156  2
168  4
202  -1
137  1
109  5
149  1
175  7
143  -13
143  -9
119  -8
161  1
200  4
155  0
151  7
148  -6
191  -5
164  5
118  5
176  9
131  -5
157  1
160  2
212  9
154  -1
221  2
147  9
128  7
158  4
162  3
117  2
176  4
122  0
137  -5
128  6
190  -1
165  6
132  1
135  6
151  7
138  7
138  11
160  5
147  5
190  -1
177  -3
205  -8
162  7
110  2
179  -6
112  9
106  1
112  -3
117  5
122  1
138  11
154  -2
187  -5
208  -2
157  0
258  2
130  -6
199  11
119  -4
154  -5
149  9
186  10
195  4
161  -6
151  13
175  3
130  0
176  3
183  6
250  -11
186  1
175  0
152  1
184  -4
192  4
193  -1
133  1
173  3
144  0
145  -8
203  3
192  3
154  1
181  -4
166  -5
146  9
178  -3
157  6
157  5
192  4
136  -9
144  -7
154  2
169  0
132  5
122  -4
164  4
176  3
165  13
197  5
222  7
135  -2
212  7
207  8
164  5
150  1
185  -3
91  4
150  0
162  5
150  7
144  -3
149  3
167  12
190  2
164  -2
173  2
137  6
178  -4
213  -4
175  4
144  -10
134  -3
186  6
169  4
176  0
102  5
152  3
133  -3
135  8
184  3
150  0
101  6
114  -3
147  2
178  -6
189  -2
132  -2
197  -3
126  7
151  13
139  -1
178  3
111  4
102  9
164  6
153  -5
190  5
177  -10
196  -1
160  11
130  -10
150  11
161  -3
172  -7
151  2
114  8
196  -2
144  -7
124  2
207  8
155  -7
110  5
151  9
176  1
146  6
167  2
205  4
154  -4
141  5
110  -3
179  -4
179  -7
150  6
118  3
170  -8
166  5
167  1
190  -5
191  -6
158  2
140  11
153  -9
164  7
197  8
124  4
137  5
202  -1
132  -4
151  11
148  -4
178  -1
159  -1
125  -9
162  2
198  -2
167  0
197  -1
174  -10
150  5
172  -13
190  -2
202  0
176  3
135  6
146  6
211  -4
126  4
169  11
133  1
195  2
146  8
130  -7
138  6
127  0
140  2
139  -10
173  1
163  -3
169  11
169  3
172  -8
187  -10
178  1
107  3
202  -8
143  -4
127  -3
150  4
115  2
163  4
117  3
165  8
173  8
147  6
182  -4
182  -9
188  2
189  -5
177  -8
198  -1
175  4
139  -3
158  12
161  -2
216  3
161  1
154  -3
186  1
147  9
162  0
188  -3
230  -1
141  8
177  -7
147  1
143  -9
138  4
153  -1
174  -7
139  -10
151  13
138  9
196  0
141  2
128  2
155  -4
135  -1
160  8
155  1
189  1
190  -6
157  1
119  -1
175  -3
136  -1
153  -6
113  -1
191  3
129  12
173  9
211  -9
167  0
149  12
103  -5
171  4
130  -11
155  -5
183  3
154  -7
151  2
142  -3
151  5
189  -5
149  1
132  1
186  12
113  3
109  6
172  -12
183  7
211  3
179  -4
151  3
166  -1
168  9
194  -4
120  0
154  -4
162  8
148  -6
172  -8
124  -1
147  8
187  -13
133  -2
185  0
170  -4
164  5
187  -8
127  3
149  12
163  3
143  -11
198  -2
143  -7
111  10
131  5
158  2
176  -2
187  -12
210  5
162  11
127  -4
206  6
119  -1
191  -3
149  4
141  4
98  -1
128  9
146  3
143  -2
178  -3
198  0
172  -4
212  4
250  -10
227  -2
145  -3
178  -7
172  -13
147  11
149  5
