25  -7
15  -1
9  1
19  2
25  -6
15  -5
16  -7
20  -9
13  6
25  -8
14  -6
23  10
10  -6
31  -10
22  -5
19  -2
28  -5
15  -5
19  -1
24  -5
20  -5
18  5
19  4
18  -1
14  -4
19  3
23  10
11  5
21  0
26  -10
27  -3
11  6
19  2
20  -9
22  0
19  4
21  0
16  -3
14  -4
37  5
11  5
19  3
17  -1
10  -6
21  0
11  6
17  1
21  2
19  3
28  -5
18  5
34  8
22  -4
22  0
16  -9
25  -3
42  1
21  1
20  -8
16  -6
18  5
17  0
24  -7
18  0
18  4
30  -7
27  -6
26  -6
28  1
14  -7
22  -2
28  1
16  -4
17  1
23  9
19  0
17  -2
14  -4
13  8
18  3
18  2
16  -9
24  -6
9  5
34  6
16  -9
31  -10
23  8
24  -1
18  1
19  0
16  -8
8  -3
22  0
20  -6
27  -3
11  4
16  -3
32  4
23  8
15  -6
21  -1
16  -3
28  -5
30  -5
17  -2
18  1
18  1
15  -1
23  10
17  0
16  -6
14  -10
10  -7
11  10
12  -5
19  -2
15  -4
12  -5
14  -7
12  -8
24  -5
8  0
21  2
13  7
12  -9
25  -6
12  -8
27  -6
20  -7
19  2
24  -1
19  2
28  0
19  3
24  -1
23  7
18  1
11  8
25  -2
30  -1
20  -7
12  -9
35  -4
15  -6
10  -6
14  -5
23  9
10  -7
20  -6
11  10
14  -6
17  -5
8  -4
28  1
19  -2
24  -2
8  -2
28  0
15  -7
15  -1
19  -2
23  6
21  -3
22  -5
17  -2
17  -5
18  1
10  -6
22  0
19  0
21  2
25  -4
30  -7
17  -3
12  -6
36  4
10  -3
12  -10
16  -9
25  -8
27  -8
19  -2
23  10
14  -7
12  -7
29  -6
11  6
12  -4
24  -6
15  -5
25  -3
16  -6
13  2
12  -5
41  -4
21  -3
15  -4
25  -3
17  -4
25  -8
22  -4
14  -4
22  1
9  5
17  -2
16  -4
15  -5
22  -2
25  -3
33  7
18  2
24  -4
13  8
13  6
21  0
5  0
34  6
24  -3
32  8
27  -6
37  1
26  -8
24  -1
37  1
17  -2
24  -1
16  -7
19  1
21  -3
14  -4
17  -4
12  -7
19  1
21  -2
18  0
25  -2
34  3
16  -4
22  -2
41  -5
17  -1
19  -1
5  1
28  1
29  -7
21  -3
21  -1
27  -7
21  3
22  -3
11  10
27  -4
12  -6
20  -9
10  -5
18  2
32  5
28  -3
12  -7
11  9
14  -8
13  7
22  -1
15  -6
25  -6
11  6
20  -4
12  -8
22  -5
23  9
16  -9
19  4
19  3
27  -6
32  10
19  2
26  -8
26  -8
20  -4
18  5
21  -1
24  -1
22  0
27  -3
28  -1
14  -9
21  2
27  -4
17  -1
12  -4
24  -5
15  -2
36  7
25  -6
20  -4
19  -2
18  2
9  4
26  -6
17  -5
10  -4
18  -1
16  -7
30  -4
23  6
21  0
13  6
22  1
16  -4
19  -1
10  -7
20  -7
10  -2
20  -9
17  -5
15  -5
10  -1
21  0
19  2
24  -6
21  2
15  -7
24  -6
11  6
20  -8
26  -4
18  1
24  -3
15  -4
13  4
22  -4
17  -5
17  -1
16  -3
24  -3
16  -5
20  -10
31  -7
34  4
25  -8
18  2
18  5
19  -2
18  -1
16  -7
20  -4
27  -3
19  2
32  9
18  -1
22  -1
26  -7
13  7
14  -4
13  6
15  -4
22  -5
16  -8
22  -5
22  -1
25  -5
18  -1
42  1
20  -6
25  -2
14  -8
26  -7
18  -1
28  -3
9  1
23  10
25  -5
23  10
22  1
16  -6
22  -4
15  -7
21  3
23  9
25  -7
24  -3
22  -2
24  -5
23  8
28  -1
19  3
21  0
19  1
22  0
22  0
10  -2
14  -9
16  -7
23  9
9  6
20  -6
15  -3
8  -3
19  -2
22  -3
26  -5
22  -3
14  -6
9  5
39  3
14  -6
24  -7
21  1
15  -2
29  -6
17  -3
13  2
32  6
16  -8
17  1
12  -4
14  -5
20  -4
6  -6
31  -6
18  2
11  9
16  -4
36  2
25  -4
30  -4
36  5
18  -1
6  -5
29  -5
28  -3
16  -4
28  -3
37  2
25  -5
17  -4
12  -8
28  -3
28  -3
20  -6
19  4
25  -3
12  -8
22  -1
16  -4
13  8
16  -3
25  -8
17  -3
14  -8
25  -5
15  -2
22  -4
21  -1
39  2
25  -7
19  -2
20  -5
32  6
15  -3
25  -5
18  3
17  1
23  5
14  -7
17  -5
15  -4
15  -7
35  -2
17  1
19  2
12  -9
18  1
43  6
28  -1
15  -4
20  -4
22  1
9  5
15  -1
14  -6
20  -4
31  -9
22  0
12  -5
23  5
27  -8
22  -2
19  2
27  -7
18  -1
23  9
25  -2
25  -5
17  -5
9  7
17  -4
20  -8
21  2
20  -8
14  -9
22  -3
24  -3
6  -1
26  -5
15  -2
24  -2
17  1
20  -7
25  -6
22  -2
17  -5
20  -7
17  -5
10  -4
30  -2
15  -2
16  -7
22  -4
19  -1
21  2
20  -7
25  -7
13  3
13  5
15  -7
30  -6
17  -2
14  -10
20  -8
17  -3
14  -6
24  -7
13  2
15  -4
15  -4
14  -10
11  10
27  -3
19  1
18  -1
16  -8
21  2
22  -1
25  -6
19  3
10  -2
26  -10
17  -4
33  7
29  -2
13  8
13  2
31  -10
19  -1
30  -6
18  0
32  6
24  -1
25  -7
11  6
12  -10
34  6
23  7
20  -5
24  -2
14  -9
28  -5
22  -2
16  -5
22  -1
20  -6
25  -4
21  1
11  6
36  2
24  -7
23  8
19  1
20  -8
19  -1
22  -2
21  2
14  -6
14  -7
17  -1
23  5
17  0
31  -8
31  -10
17  1
21  1
22  -1
3  8
18  1
29  -7
13  5
19  -1
20  -8
14  -4
24  -2
17  -5
15  -1
17  1
16  -3
16  -5
9  5
25  -2
31  -6
19  -2
24  -2
12  -7
37  5
18  5
21  -2
16  -5
13  3
23  6
8  -4
26  -5
27  -7
16  -9
25  -4
30  -4
21  -3
14  -8
21  3
8  1
16  -9
21  -3
21  0
14  -9
12  -7
21  -1
20  -10
13  8
18  -1
12  -8
21  -1
19  3
14  -6
30  -4
15  -4
17  1
13  7
17  -1
18  1
20  -7
18  4
15  -4
9  4
16  -7
31  -5
19  -2
11  6
18  1
17  -5
28  -4
25  -5
5  5
13  7
17  -5
18  3
20  -4
20  -9
12  -10
9  7
24  -1
24  -3
11  9
20  -4
21  -3
15  -4
18  -1
33  3
22  -1
15  -1
15  -5
24  -1
35  -7
23  4
25  -6
16  -5
12  -10
17  -3
15  -1
11  9
16  -8
17  -1
22  -3
21  -2
15  -3
31  -7
10  -1
26  -10
25  -2
30  -1
18  2
13  5
20  -5
21  1
18  3
8  -2
24  -2
16  -5
35  -7
11  10
16  -4
18  0
15  -3
27  -7
14  -7
14  -10
23  4
11  4
12  -9
17  -3
18  5
14  -4
15  -3
26  -6
15  -1
15  -2
8  -5
18  -1
12  -9
22  1
25  -6
17  1
5  6
7  9
18  2
23  4
24  -5
28  0
16  -4
20  -6
18  3
29  -3
23  9
15  -7
24  -7
35  -3
21  3
21  1
13  5
22  0
30  -6
17  -2
20  -6
30  -6
18  0
15  -3
18  -1
27  -3
18  0
24  -3
15  -5
12  -7
8  -4
22  -3
25  -6
13  8
24  -6
20  -10
23  5
18  5
12  -9
18  2
15  -5
18  2
17  -2
24  -7
19  4
24  -7
18  2
17  -4
27  -4
15  -7
14  -10
10  -6
15  -7
25  -5
23  9
28  -3
16  -5
12  -5
14  -6
28  1
21  -3
17  0
11  5
30  -3
22  -3
9  1
25  -2
14  -8
12  -8
7  5
8  -4
28  1
21  -2
16  -7
20  -4
24  -2
15  -7
26  -8
23  10
12  -8
21  -1
18  0
20  -9
14  -6
28  -1
30  -7
15  -5
33  5
16  -8
19  3
15  -5
19  -1
25  -5
17  -5
17  1
16  -9
30  -7
17  -5
27  -7
23  6
21  -3
11  6
13  8
30  -5
25  -2
12  -5
15  -1
21  1
11  4
13  6
22  -4
24  -3
18  0
17  -4
34  7
21  1
26  -10
25  -4
10  -5
18  5
17  -2
19  -2
26  -6
27  -4
24  -6
29  -5
20  -5
39  7
22  0
6  -5
18  4
18  5
14  -8
9  6
22  -2
13  8
31  -9
14  -10
22  -4
16  -5
16  -4
18  1
12  -6
19  -1
24  -2
10  -4
32  4
12  -7
22  -1
12  -5
11  10
17  -3
16  -6
18  5
21  2
16  -5
33  4
20  -5
29  -2
26  -7
17  -2
14  -4
26  -9
22  -4
27  -6
14  -6
13  3
22  -2
25  -4
22  0
32  5
17  -4
45  -3
14  -4
12  -10
24  -1
9  3
20  -8
14  -5
13  4
26  -10
15  -4
17  -2
21  2
11  4
16  -9
16  -7
19  3
26  -8
19  4
21  1
9  5
18  3
16  -6
20  -7
20  -10
22  0
23  6
21  3
10  -3
21  3
21  -2
26  -6
19  1
14  -6
15  -2
23  6
14  -10
14  -9
13  7
15  -3
19  -2
16  -8
21  3
16  -4
20  -5
20  -4
12  -9
20  -10
14  -10
23  10
22  0
18  0
17  -5
22  1
15  -3
31  -8
34  2
14  -9
11  10
19  0
27  -8
13  5
16  -4
23  7
25  -7
15  -1
33  1
22  -3
18  5
17  -2
20  -4
20  -8
15  -6
10  -3
23  10
32  4
31  -5
24  -3
21  -3
22  -2
17  -1
17  0
13  2
27  -4
13  7
18  1
21  -3
10  -4
16  -3
23  9
15  -3
13  4
17  -1
30  -7
22  -1
16  -4
28  -4
16  -5
22  -4
