38  0
17  -4
12  0
16  1
19  6
17  1
22  10
20  0
15  -1
23  3
31  -1
12  3
16  -8
20  3
27  -7
26  1
13  1
12  -5
17  0
18  1
23  1
28  6
20  5
21  -1
25  -1
16  -1
25  9
13  -11
14  -8
14  -6
21  5
33  2
18  -6
20  6
32  4
23  0
19  7
25  7
22  11
14  -1
24  -3
14  -11
21  -2
27  3
17  -7
25  3
22  5
11  -3
15  3
15  -2
16  -6
25  8
42  1
30  5
31  8
29  9
27  -1
23  -3
25  2
24  -2
23  -1
26  10
20  10
21  7
12  -5
19  2
20  9
17  -7
14  -4
22  12
16  -3
16  0
15  2
31  6
17  -6
26  10
9  1
28  -5
19  5
26  4
25  7
23  2
24  -8
29  2
15  4
24  -5
23  0
22  2
24  -5
17  -2
16  -4
15  -3
27  -6
25  -2
21  8
21  6
27  -7
22  10
38  3
20  10
16  -3
24  -5
16  -2
44  0
15  5
32  -4
34  0
10  7
17  2
20  6
28  2
16  1
21  7
28  0
20  2
13  -2
15  -7
21  1
12  6
32  -1
27  -3
27  -7
13  -7
25  0
24  -7
13  -10
21  1
17  -7
11  -4
11  1
14  -4
26  8
11  -2
27  5
24  -9
36  -7
27  4
19  7
24  -3
32  -3
25  -1
18  -9
22  0
25  4
28  5
21  2
20  11
12  -6
20  8
23  6
24  -3
27  2
14  -6
19  0
21  7
26  4
24  -1
22  7
17  -4
18  -3
22  0
22  3
17  -3
23  1
13  -4
16  -7
22  10
19  0
20  7
26  0
18  1
24  -2
20  4
25  9
17  -1
22  6
31  9
24  -4
12  -3
30  -5
11  7
14  -4
11  -5
14  -13
29  9
24  0
25  2
14  -12
29  6
22  1
23  3
24  -10
17  -8
14  -9
33  10
35  10
16  -5
9  9
25  8
22  10
18  -8
13  -7
18  2
19  2
12  3
17  -5
17  2
16  -3
24  -1
15  3
25  9
14  -4
20  4
28  -2
18  -3
20  2
17  -3
12  -6
24  -4
29  4
22  2
17  -4
24  -11
20  2
11  5
9  0
14  -13
24  -8
24  -3
13  -7
11  2
25  4
19  8
21  6
8  -9
20  6
16  -6
23  1
19  -3
15  -6
24  0
18  -8
22  6
17  -8
18  -9
21  5
21  9
14  -6
16  -8
11  6
20  8
15  -2
14  -1
20  4
29  6
22  0
18  3
25  7
16  -4
35  6
17  -3
16  -4
26  10
22  0
25  7
20  1
23  -4
20  6
32  3
24  -10
28  -3
14  -13
25  4
20  10
17  1
28  -4
22  0
13  -6
18  -9
21  9
24  -3
22  2
16  -7
14  -10
28  -4
17  1
19  8
17  -5
11  -2
15  -2
23  3
26  7
25  1
16  1
20  0
21  4
28  -5
16  -6
21  3
19  -4
14  -13
15  1
20  11
14  -6
16  1
27  3
14  -8
16  0
10  7
16  0
9  6
14  -11
15  -4
31  4
18  -3
23  -4
16  -3
32  3
23  -6
21  3
12  0
16  3
15  -3
35  3
21  2
26  0
16  -4
30  -5
21  -2
16  -5
16  2
19  3
16  0
17  -6
17  -5
22  1
19  0
14  -5
24  -1
10  -2
16  1
20  4
11  3
23  -2
26  2
29  13
20  7
6  8
30  -4
8  0
13  -8
18  1
17  -9
29  8
25  0
14  -8
22  11
22  10
21  6
38  0
16  -4
23  -3
18  -8
22  9
18  -7
19  2
21  9
26  5
30  3
20  10
25  -1
20  12
18  0
18  -2
31  3
19  0
21  -2
19  -2
24  -8
31  5
17  0
18  0
16  -2
24  -1
18  -7
27  0
26  10
23  -3
14  -13
34  -2
25  -1
11  0
21  7
27  4
31  8
13  -5
20  2
28  3
22  1
15  -2
17  3
18  0
21  1
17  -9
25  2
23  -3
24  -10
7  5
15  5
16  2
12  -2
18  -4
18  -2
16  -2
21  4
24  -11
16  3
21  5
12  -3
22  11
25  5
25  2
14  -5
16  -3
13  -6
22  2
22  12
29  12
28  -4
21  6
20  10
20  3
31  9
26  10
20  10
29  12
13  -11
13  -5
14  -12
20  2
22  10
17  -9
21  2
15  -4
24  -3
23  -3
25  2
27  -3
15  5
19  8
10  3
14  -12
12  -4
17  -4
17  -5
24  -8
24  -7
19  8
18  0
19  7
26  -2
28  -6
22  8
9  8
16  -2
19  6
27  0
29  5
16  2
8  1
18  -8
16  3
15  -4
23  -1
25  7
20  2
29  2
19  3
13  -5
15  -3
20  5
16  -8
17  -2
16  -6
22  6
18  -9
13  -1
21  2
17  -9
19  6
16  -9
7  4
31  6
29  8
17  -1
16  -8
21  -1
14  -8
20  6
34  5
25  9
15  2
16  -6
28  -4
12  -6
23  5
16  1
25  2
14  -7
10  4
15  2
23  3
27  5
10  1
13  -5
23  -3
18  -8
21  7
20  1
24  -4
16  -1
19  8
17  -2
25  1
14  -9
25  6
21  0
20  6
29  11
25  1
28  -5
28  1
33  3
40  6
22  11
24  -6
16  -2
34  8
23  4
16  -6
23  5
24  -10
15  -6
21  -3
29  6
18  -2
35  3
24  -10
21  3
25  8
20  2
35  1
17  0
26  9
27  0
26  -2
17  3
9  2
16  -1
17  1
19  6
11  -2
22  12
20  11
22  7
32  -3
23  6
15  -4
19  6
28  2
20  8
21  6
18  0
21  9
13  -11
16  -8
26  6
26  7
20  10
20  12
31  -1
21  3
21  7
20  4
21  8
18  -7
20  11
18  -7
24  -9
13  -6
22  4
23  6
30  -5
24  0
19  -1
32  -1
23  -4
20  12
24  -3
10  -1
10  8
20  6
17  -7
17  -1
15  -5
19  4
27  5
25  2
10  1
27  1
21  8
17  0
14  -12
20  11
22  5
29  9
17  0
23  -6
14  -5
13  -1
20  7
12  -5
17  -3
26  3
20  10
27  -4
25  2
21  7
25  7
17  3
34  6
39  5
30  -6
13  -7
29  2
21  8
18  -3
39  -2
22  11
28  3
19  -3
25  3
18  3
22  4
17  -4
23  0
13  -2
18  1
15  3
17  2
10  6
21  7
14  -6
28  0
25  7
26  5
19  -2
20  9
28  5
24  -4
30  -6
32  0
35  -2
16  1
12  -4
16  -9
17  -4
19  -1
28  -4
25  -2
18  -4
20  3
14  -13
24  0
15  -2
26  3
24  -7
18  -2
30  -6
22  10
22  5
26  0
17  -2
13  -11
24  -5
15  -1
34  6
20  6
15  -1
17  -9
13  -2
36  -11
34  -1
25  8
27  -2
25  5
27  -3
38  10
28  -5
27  3
26  1
23  -3
22  10
20  8
20  2
18  3
20  4
20  11
26  0
18  -4
28  5
22  8
22  0
9  3
21  -2
22  3
20  8
14  -3
13  -2
15  -7
27  0
22  6
23  3
16  -4
12  -2
18  -2
12  -3
17  2
25  2
14  -12
27  0
18  -7
18  -3
26  5
16  -9
17  -5
7  5
12  -4
29  7
15  -4
22  2
25  -3
16  -2
19  5
20  2
19  0
15  4
27  -1
17  -6
19  -4
11  4
12  -5
22  1
16  1
14  -3
21  0
27  -1
15  -3
21  6
25  9
26  1
33  6
19  8
34  7
22  6
15  -1
22  3
23  -1
22  0
30  3
18  0
9  12
34  3
17  -2
23  -1
14  -11
16  0
28  2
14  -2
15  -6
13  1
30  -1
15  5
22  11
18  -7
17  2
27  0
23  1
19  8
19  -1
25  6
27  -5
24  -4
27  -4
7  -3
20  7
18  -6
20  11
20  12
19  5
16  -6
17  1
25  -2
32  1
18  -6
17  2
15  -5
25  4
22  9
34  7
20  4
26  4
10  1
39  -1
27  -1
17  -9
22  3
12  -5
5  1
14  -2
22  9
17  -8
16  -9
21  2
23  -1
8  -2
13  -9
26  -1
15  0
25  0
10  8
15  1
20  4
17  -6
19  8
16  -4
26  -2
21  -1
19  7
17  -4
29  5
15  2
31  -1
26  3
8  -10
21  -1
16  0
22  0
25  -3
20  2
36  -6
32  -3
19  7
16  -7
24  -1
23  -2
28  -5
14  -3
18  -4
17  -7
12  -1
9  1
10  -4
11  -2
15  -6
26  8
22  12
14  -12
25  5
19  2
19  7
15  -6
20  1
22  0
33  7
14  -12
16  0
11  -3
16  3
17  -4
29  13
25  9
23  -5
20  9
17  2
32  3
20  12
17  -2
15  -4
19  2
22  12
21  1
17  -7
19  1
18  -9
25  5
23  2
18  -5
20  5
30  5
30  2
13  -1
16  -9
15  3
11  7
18  -2
22  9
24  1
12  3
17  3
16  2
30  -4
27  4
16  -3
14  -1
23  0
15  4
18  1
34  -3
20  2
13  0
18  -3
29  3
25  2
21  -3
14  -9
16  2
26  6
8  -6
20  1
23  0
23  -1
31  6
37  -4
14  -10
19  3
10  7
19  -1
21  1
30  -2
13  -8
19  5
15  -6
27  0
24  -1
27  -5
25  -1
24  -11
14  -7
12  -2
16  -6
14  -1
20  6
29  12
25  3
34  4
34  9
26  8
11  -3
19  4
29  9
32  2
21  2
17  -7
26  1
13  -3
12  -4
17  -6
10  -4
28  -4
28  6
15  -3
22  9
15  0
24  0
22  11
20  1
14  -1
20  5
17  2
14  -7
26  7
21  6
13  -6
17  1
25  9
23  -6
24  0
16  -9
14  -13
23  -6
18  -2
14  -5
25  6
17  1
10  3
22  4
26  -2
23  -5
20  12
