36  4
47  -5
40  -5
40  -7
51  1
44  -3
36  -2
33  2
57  3
45  -10
37  2
46  -3
76  -3
51  3
21  4
47  -8
42  -1
47  -10
25  3
36  0
35  -5
40  -3
64  -6
33  10
70  3
34  -11
47  -10
61  8
52  1
28  -1
38  6
42  4
30  6
45  -8
44  -2
53  -2
43  9
46  -3
62  1
59  6
44  -4
45  -6
48  -3
40  -6
30  8
49  -5
48  -3
29  -5
61  4
31  0
39  2
38  5
49  -3
39  3
35  -3
55  6
41  -9
49  -2
47  -10
44  -1
32  -3
44  -7
42  -1
55  6
59  9
52  7
32  -4
57  0
39  0
41  -4
35  -2
37  1
55  10
20  -5
67  2
53  1
56  -6
43  4
53  4
27  6
67  -1
46  -2
41  -9
48  -1
51  2
53  4
44  -9
46  -3
35  -7
51  -1
39  5
70  -3
42  6
52  2
30  9
26  1
37  -5
65  6
23  4
38  11
44  -9
57  1
54  -6
48  -7
33  8
52  1
50  0
53  -4
59  7
58  -1
73  2
44  -6
37  -5
82  2
50  1
60  4
48  -8
34  -5
45  -3
35  -4
41  -9
53  -2
50  -2
52  7
60  4
84  1
50  -2
49  -7
73  -3
63  0
37  0
26  -5
56  -3
30  7
49  -1
68  -5
50  3
40  -1
38  6
41  -8
39  1
52  3
49  -3
74  10
47  -5
20  -7
55  10
47  -9
30  4
31  -2
44  -5
38  8
73  -5
30  8
85  -1
44  -3
63  -4
40  -6
32  1
22  1
29  -5
34  -10
71  -10
70  -2
29  -3
39  -2
52  -1
38  8
62  3
32  -2
52  5
58  1
55  3
36  -2
41  -8
52  7
61  0
32  -5
43  6
35  -9
48  -1
40  -7
52  2
33  9
53  0
34  -5
24  -3
34  -6
55  11
46  -4
39  0
31  -1
35  -1
58  -1
38  3
63  -5
57  4
47  -9
29  -7
23  5
43  4
59  4
42  -1
37  1
50  -2
23  6
29  -8
39  4
23  5
44  -4
42  5
24  -11
53  -4
55  8
40  -3
50  -2
43  3
51  0
49  -9
44  -7
33  10
22  6
41  -5
28  -6
47  -2
38  9
25  2
40  -4
43  8
46  2
31  -1
67  0
34  -8
35  -6
30  5
77  -1
32  1
48  0
43  7
60  3
68  -10
39  1
30  4
47  -4
49  -5
52  3
47  -6
38  3
38  9
63  -3
40  -1
78  4
33  8
41  -8
32  0
61  1
59  8
68  -10
51  -1
42  1
30  1
36  4
39  6
53  1
70  -2
41  -2
43  11
38  6
35  -4
43  3
19  3
36  3
38  8
36  4
41  -6
39  5
25  7
40  -4
59  5
40  -3
58  3
49  -7
38  8
34  -8
43  3
48  -6
58  5
27  2
49  -8
38  10
45  -5
55  6
33  8
60  5
48  -2
41  -3
37  -2
27  1
48  -4
48  -2
56  -7
27  6
39  1
51  -2
28  -4
46  2
29  -3
41  -5
64  -2
47  -4
63  -5
77  4
60  3
51  4
41  -10
52  4
70  3
49  -7
47  -5
56  -6
46  2
41  -10
80  -1
57  5
28  -4
26  -1
36  4
44  -1
53  -1
38  8
35  -2
51  0
65  2
29  -5
31  2
44  -2
40  -7
18  3
31  -2
66  4
64  -10
50  2
32  1
27  4
36  5
51  2
56  -5
34  -7
44  -4
38  3
24  -9
34  -10
37  2
56  -4
58  2
26  2
42  5
30  8
43  10
50  -2
55  9
48  -4
78  2
42  -2
41  -9
40  -5
44  -5
26  3
57  6
63  -2
47  -8
42  4
58  4
34  -6
53  -4
40  -6
45  -11
58  3
30  3
52  2
39  3
37  3
41  -3
50  -3
34  -3
32  -4
62  7
67  0
64  -10
41  -2
69  -3
36  4
60  6
52  7
43  4
40  -3
30  7
35  -2
30  6
45  -10
45  -6
75  3
38  10
75  7
54  -5
46  -4
54  0
44  -1
35  -5
42  -1
52  -1
69  -6
41  -9
36  5
46  -1
41  -5
41  -5
50  2
48  0
45  -5
29  -11
32  -7
49  -5
80  -7
36  -2
46  3
41  -10
41  -6
81  -1
31  -2
50  1
44  -6
33  7
43  11
57  1
37  -1
43  9
45  -11
58  2
36  -1
34  -4
69  -4
57  1
45  -8
36  4
76  -4
26  1
39  4
33  2
35  -9
32  -5
52  4
42  5
41  -10
33  8
41  -8
42  -1
36  0
56  -9
60  3
56  -10
57  5
40  -3
55  7
49  -8
58  1
41  -5
73  -3
68  -5
40  0
32  -3
50  1
64  -4
50  -1
37  -5
58  0
40  0
32  0
72  -9
68  -8
31  -1
46  0
38  3
58  -3
46  2
46  1
53  -1
61  5
42  6
56  -8
29  -4
35  -1
19  2
35  -5
80  -5
57  7
40  -5
38  6
41  -10
38  3
29  -8
54  -3
48  -5
52  6
31  1
39  3
52  3
74  6
45  -5
24  -6
48  0
36  4
44  -7
36  0
35  -3
28  -8
41  -5
37  3
69  -4
46  -1
25  8
57  0
35  -4
48  -1
59  2
29  -8
87  3
37  -3
56  -9
38  9
33  10
70  3
52  4
49  -9
31  -5
29  -7
56  -3
49  -5
29  -9
43  4
41  -5
40  -3
43  11
29  -7
42  -1
37  1
49  -8
40  -2
34  -4
72  -6
49  -6
41  -3
50  0
34  -5
32  1
60  5
42  1
53  -2
63  1
71  -3
32  -2
54  -5
56  -6
33  4
49  -1
63  -4
35  -9
39  -1
55  9
43  9
46  -4
38  7
37  -3
59  1
23  5
28  -9
31  0
40  -8
40  0
38  9
48  -1
35  -6
30  3
59  8
42  5
44  -1
55  10
34  -4
24  -6
37  1
54  -4
57  7
38  9
65  7
32  -2
58  4
45  -3
45  -7
27  2
84  2
58  3
27  0
41  -6
54  -6
49  -3
34  -11
31  0
57  4
32  -4
50  0
34  -5
35  -4
41  -10
52  -1
37  -3
66  8
41  -3
51  -1
56  -3
29  -8
52  6
62  7
33  5
48  -4
20  -8
45  -6
27  3
32  -5
59  7
35  -4
55  10
37  -5
30  2
35  -9
74  7
28  -6
42  -2
65  9
39  -2
51  6
26  -2
59  1
20  0
37  -5
28  -4
36  4
58  1
45  -9
38  6
47  -2
45  -11
45  -10
46  0
42  1
33  9
46  3
44  -3
32  -1
52  2
54  1
53  4
52  3
40  -5
55  4
31  -1
64  -3
38  9
48  -2
38  8
46  1
41  -5
61  6
55  7
43  7
51  6
35  -8
57  0
57  4
37  0
27  4
33  6
35  -4
55  5
54  -5
44  -9
46  -4
47  -2
31  -3
41  -3
50  5
52  7
45  -7
61  4
64  -9
54  -6
41  -7
44  -3
35  -7
47  -8
37  -3
59  3
50  0
40  -5
46  -2
35  -5
36  2
36  -2
31  -4
21  7
41  -4
31  1
40  -8
26  1
44  -4
47  -9
26  -3
24  -7
57  2
30  5
43  7
49  -1
40  -3
49  -6
37  -5
47  -6
63  -5
29  -8
72  -7
50  1
18  -1
30  8
46  0
40  0
70  -4
37  1
81  0
43  7
48  -1
57  7
52  5
46  4
41  -10
32  -1
34  -8
41  -2
57  2
55  7
35  -4
50  -3
33  2
46  -3
31  -5
62  3
30  8
45  -3
55  4
35  -3
46  0
45  -8
43  5
50  -1
32  0
61  8
53  -4
46  0
50  3
60  9
50  2
60  9
49  -4
41  -6
21  3
86  0
61  6
73  -6
46  -4
39  2
32  -2
58  1
47  -6
34  -4
45  -10
33  2
22  2
63  0
48  -3
33  4
87  8
48  -7
61  8
52  0
43  8
36  3
43  3
29  -5
39  3
48  -5
39  0
45  -8
45  -6
42  -1
47  -6
28  -9
47  -8
31  2
49  -2
33  4
47  -2
49  -5
57  0
25  1
23  4
30  7
35  -1
35  -5
44  -7
53  2
38  7
39  2
28  -5
48  -7
42  3
79  3
39  5
26  -5
46  0
59  6
67  0
42  0
38  9
56  -8
37  -4
65  2
39  -1
43  6
31  -1
56  -9
36  -1
37  2
45  -6
44  -3
34  -3
57  4
41  -7
46  3
55  11
74  10
51  0
29  -8
61  8
49  -1
34  -5
36  3
53  4
58  0
41  -6
40  -3
31  1
60  5
55  11
38  11
47  -8
66  4
57  1
39  0
38  3
63  -6
53  -3
39  0
42  -1
72  -10
28  -8
58  -1
42  5
56  -10
37  -1
52  3
39  4
27  3
21  9
62  4
29  -4
35  -4
29  -8
38  6
25  1
36  -1
52  6
46  1
47  -7
42  2
55  9
37  2
70  -1
39  0
49  -6
29  -9
34  -7
39  3
75  4
33  6
46  -1
38  8
37  -5
28  -3
57  5
25  7
43  6
35  -7
21  5
21  1
56  -10
65  8
72  -2
47  -6
20  0
69  -3
46  2
28  -1
72  -3
62  3
38  11
21  9
41  -6
42  -2
65  4
34  -11
35  -8
65  8
56  -11
36  1
44  -7
59  3
71  -4
37  -1
45  -5
27  4
51  1
46  -2
38  11
33  6
39  2
56  -11
61  0
64  -3
43  7
49  -4
39  3
58  3
43  9
35  -5
52  0
40  -4
40  -8
56  -7
79  1
40  -2
30  5
26  -5
28  -8
40  0
60  3
28  -6
63  -5
53  1
44  -2
33  7
66  7
71  -3
75  1
30  3
66  6
43  4
54  -4
37  3
32  -3
65  7
34  -4
51  -1
43  11
34  -4
55  3
45  -3
34  -3
41  -4
53  3
54  -4
28  -4
27  2
29  -11
38  5
49  -5
27  4
38  10
35  -6
61  6
41  -7
38  7
22  5
43  9
