54  8
43  -9
35  -6
52  0
39  4
81  -8
62  -6
54  6
43  -10
56  0
65  -8
60  -7
48  5
53  2
39  4
82  -2
66  8
56  1
39  5
44  1
70  1
53  1
43  -8
37  -3
39  8
47  -10
53  3
43  -7
69  0
41  -5
68  -4
49  6
45  -2
47  -4
60  -3
55  -3
53  1
47  -9
84  7
36  -1
54  3
63  -2
33  -9
53  2
57  -3
55  -9
42  1
45  0
68  -2
70  -2
62  -7
61  -2
62  -8
39  8
49  6
57  -7
38  -1
67  2
67  4
58  -1
47  -4
73  -4
54  3
30  2
44  5
45  -4
55  -9
80  0
62  -6
49  5
53  -2
33  -4
72  -3
34  0
53  3
68  1
46  -8
35  -7
68  -2
47  -8
55  -3
58  -1
43  -5
51  1
53  -1
65  -3
53  1
42  1
49  3
44  0
68  -4
62  -6
76  -4
50  2
57  -5
67  6
65  -6
46  -9
47  -8
56  3
61  -4
61  -4
72  -5
50  2
68  1
49  2
43  -6
71  -1
50  3
42  2
55  -9
44  4
34  -3
59  -8
56  -2
56  3
71  -4
51  2
41  -5
68  2
43  -4
47  -4
37  3
46  -10
52  -2
56  -1
42  2
73  -3
52  1
50  7
29  1
43  -10
56  1
44  2
42  4
47  -8
68  -2
40  -8
58  0
64  -1
70  2
71  1
47  -7
75  0
44  4
67  1
34  -2
70  0
84  6
49  3
45  1
63  -7
52  -1
55  -4
60  -5
79  -6
71  -2
45  -4
65  -8
48  2
41  -7
50  8
41  -7
61  -4
62  -5
57  -8
42  4
71  0
64  -2
45  -3
54  6
38  -4
66  5
51  -2
48  3
58  2
52  -4
65  -8
39  6
46  -5
54  4
51  1
52  0
54  4
66  3
63  -8
48  5
46  -4
80  1
49  4
57  -7
34  -5
77  -8
61  0
50  5
54  8
71  -2
42  2
54  2
45  -2
40  -6
44  3
44  -1
68  1
56  1
88  -9
36  -1
41  -6
49  2
52  -1
51  -2
41  -7
60  -3
69  -1
40  -3
36  -2
86  -3
49  5
51  2
48  2
52  -5
58  1
61  0
73  -3
72  0
75  1
51  -1
61  0
75  0
74  -4
65  -2
57  -9
39  9
65  -5
62  -8
53  -2
55  -9
61  -2
51  0
44  1
38  -2
42  2
61  -1
46  -6
55  -6
67  4
57  -9
90  6
69  2
57  -4
49  6
48  4
42  3
51  1
56  4
48  2
53  -2
41  -5
61  -1
76  0
56  -2
55  -4
32  1
45  -5
53  1
42  4
53  1
68  -2
47  -9
47  -6
50  4
60  -6
59  -6
39  5
65  -3
56  3
38  -5
47  -8
56  4
77  -4
53  0
52  -5
55  -9
65  -6
51  -4
42  1
47  -10
45  -3
86  -6
53  0
46  -8
52  -4
56  4
56  3
46  -6
44  0
41  -3
53  3
48  5
52  -5
66  6
58  0
59  -7
43  -7
58  -3
46  -10
52  1
55  -6
46  -6
43  -8
64  0
57  -3
55  -4
41  -6
55  -5
61  0
52  -1
53  2
64  -1
56  1
53  0
45  -1
75  0
67  1
56  2
56  1
52  -1
51  -3
47  -4
49  3
57  -4
53  4
62  -6
61  2
64  -3
34  -2
54  6
67  1
62  -7
56  -2
43  -10
43  -7
57  -4
48  6
71  -5
58  1
70  -3
59  -3
77  -7
67  2
43  -4
54  8
42  4
52  -2
62  -3
49  4
54  5
56  0
61  -2
41  -8
61  1
48  2
52  -5
61  0
65  -4
77  -2
56  -2
63  -4
75  6
55  -5
67  0
39  4
55  -8
58  -2
45  0
54  5
71  -3
71  -2
55  -9
44  4
41  -5
60  -6
69  0
54  4
54  3
47  -10
52  -5
43  -9
41  -5
62  -5
76  -4
60  -7
65  -7
67  0
52  0
64  1
66  7
56  3
36  1
71  0
41  -4
58  -1
53  4
62  -7
38  0
79  -9
52  -5
44  0
36  -1
67  5
41  -8
54  2
52  -1
61  -4
62  -7
60  -1
59  -4
65  -6
67  6
42  2
43  -5
49  3
43  -9
69  0
63  -8
58  -4
61  0
77  -3
61  2
60  -3
66  6
61  -4
50  6
52  -4
49  8
69  -2
59  -3
57  -7
46  -9
49  8
51  1
67  6
63  -2
50  5
50  4
52  0
51  1
54  3
85  1
59  -7
52  -2
62  -5
63  -2
74  -4
71  -1
52  -2
54  3
57  -8
39  7
41  -2
65  -8
67  2
41  -3
34  0
65  -5
46  -4
51  -4
54  2
38  0
35  -6
58  -3
65  -4
58  2
64  -3
66  6
51  2
44  3
54  6
51  -4
65  -8
94  2
42  3
59  -2
36  0
91  2
58  2
52  -2
66  3
84  6
52  0
39  6
50  2
37  -1
53  -2
51  -1
58  0
35  -2
57  -7
58  -1
41  -4
60  -7
36  -1
44  -1
46  -8
74  -3
57  -3
34  -2
51  -4
44  2
48  4
55  -6
57  -6
57  -6
65  -3
64  -3
51  -4
66  4
37  0
43  -9
62  -4
71  -2
36  1
56  2
78  -3
75  1
64  -4
57  -4
86  -6
61  -4
37  -1
59  -7
54  8
40  -7
77  -6
32  3
60  -3
70  2
52  0
33  -3
72  1
65  -5
46  -6
48  3
55  -5
62  -2
61  -1
43  -4
60  -6
58  -3
63  -3
37  3
38  -6
59  -2
59  -3
60  -6
62  -6
53  -2
68  2
65  -8
55  -4
52  0
69  0
49  4
72  0
70  2
85  4
49  4
67  3
55  -9
43  -5
56  1
63  -4
74  -2
41  -4
59  -5
53  0
62  -5
54  6
68  0
47  -7
38  0
36  0
54  5
52  -1
48  5
78  -8
57  -6
55  -3
57  -4
54  8
70  2
73  -5
47  -10
45  -5
52  -1
42  6
66  7
37  0
44  3
52  1
58  2
49  8
74  -6
61  2
58  0
67  4
56  0
63  -3
67  1
60  -7
41  -8
61  2
59  -3
56  -1
44  4
44  0
47  -4
61  2
54  4
51  -1
53  0
66  7
84  4
32  5
44  3
76  -6
50  2
63  -3
57  -9
53  1
82  0
57  -3
42  2
48  2
54  8
52  0
43  -8
56  4
47  -8
37  -1
75  4
54  3
51  1
69  1
54  3
43  -7
58  0
68  -1
54  5
55  -8
59  -8
54  5
32  2
56  0
56  0
55  -8
51  1
36  -2
63  -4
43  -4
51  -4
34  -5
52  -5
53  0
61  -3
49  6
49  4
44  2
46  -4
62  -2
61  1
63  -4
39  6
74  -2
67  2
48  6
41  -8
46  -8
41  -8
43  -6
45  -4
44  2
69  1
78  -8
76  -5
33  -3
45  -1
46  -7
52  -4
62  -3
27  4
81  -6
61  -4
60  -2
58  0
43  -4
45  -5
63  -7
39  10
53  -1
52  -4
41  -3
44  0
61  0
36  -3
60  -5
57  -5
63  -5
38  -4
66  9
37  1
50  3
43  -5
65  -2
63  -4
77  -3
62  -6
67  0
68  2
48  7
65  -3
50  5
28  5
61  -2
42  6
52  -5
49  5
36  0
50  3
48  7
55  -7
57  -4
52  -1
60  -6
74  -5
66  6
67  2
44  2
43  -5
57  -7
67  3
55  -7
77  -4
47  -8
40  -5
54  4
55  -9
51  -3
42  5
39  4
54  3
59  -4
39  8
35  -1
59  -8
50  6
65  -8
55  -6
34  -4
63  -4
50  3
52  -5
48  5
44  2
46  -4
55  -9
65  -2
43  -6
55  -4
48  3
57  -6
52  -1
54  4
63  -7
38  0
40  -4
55  -6
42  6
61  0
58  -2
50  5
61  -1
47  -6
50  4
47  -8
72  -5
46  -6
49  6
57  -7
67  2
41  -7
76  -5
55  -5
53  4
77  -5
48  7
49  6
60  -7
82  0
85  1
50  5
58  -3
51  0
69  -1
62  -3
54  7
57  -9
62  -3
64  -3
47  -10
71  1
51  -2
53  3
58  1
56  4
57  -8
32  5
63  -4
35  -2
40  -4
36  -3
72  -1
49  2
62  -7
76  -4
57  -8
71  1
45  -5
50  4
46  -10
59  -4
41  -6
59  -8
39  4
57  -6
62  -6
71  -4
46  -6
48  4
73  -2
40  -5
43  -9
67  0
60  -5
37  0
59  -5
56  2
53  -1
45  0
75  3
59  -6
43  -5
66  7
53  -2
52  0
52  -2
63  -5
64  0
69  0
40  -4
28  8
66  4
55  -9
55  -9
49  4
58  -3
48  4
65  -5
84  4
57  -8
65  -6
46  -8
84  6
48  4
45  -1
71  -3
39  5
39  9
57  -3
45  1
72  -2
63  -2
68  2
53  1
42  4
47  -8
72  -4
59  -2
54  7
52  1
59  -5
63  -5
37  -3
47  -9
36  0
69  4
57  -4
48  8
53  2
56  1
45  -2
46  -4
43  -8
44  -1
34  -3
46  -8
68  1
62  -8
31  -3
60  -3
50  2
35  -7
70  -2
62  -6
47  -10
41  -8
42  1
52  -3
73  -2
72  -5
53  1
41  -4
50  8
59  -7
48  7
77  -3
51  -1
44  0
72  0
53  3
49  6
60  -5
43  -4
64  1
79  -3
70  -3
60  -6
50  4
80  -2
56  3
44  3
45  -1
37  -1
76  -2
48  4
64  -2
41  -4
38  -3
40  -2
64  -1
66  4
47  -5
56  2
59  -2
72  -5
61  -1
49  4
75  0
64  -1
69  3
68  -3
71  -3
50  3
47  -8
55  -7
47  -6
60  -7
59  -6
67  0
43  -8
83  -5
81  -8
45  -3
63  -4
49  7
68  -1
44  0
44  2
51  -1
37  -2
65  -6
58  0
69  4
44  5
62  -8
66  4
53  0
49  4
45  -1
48  5
57  -3
66  7
58  1
54  3
43  -4
62  -6
48  5
59  -5
33  -8
66  8
