63  2
61  -1
40  -6
65  1
55  6
46  -4
32  0
57  5
76  5
71  3
56  5
81  7
28  -1
54  -7
51  1
47  0
104  0
50  2
27  -5
68  -7
75  -5
58  -6
87  -5
78  -6
76  4
54  -6
67  -2
81  5
44  0
86  -1
69  1
71  4
67  0
74  -6
55  3
71  6
80  3
41  -3
35  4
63  1
48  4
75  -6
40  -5
96  -5
73  -5
98  -4
65  4
46  -4
64  0
57  6
83  -6
72  -2
46  -4
48  6
76  3
67  -3
76  6
78  -4
76  4
30  2
58  -7
60  -3
81  8
77  5
44  0
64  4
52  -2
77  6
69  2
84  7
37  -4
56  5
96  -4
85  -6
44  0
47  1
46  0
95  -3
100  -2
69  2
60  -5
67  0
49  -2
66  7
64  2
71  5
27  -2
45  -4
56  7
65  0
55  2
70  0
48  4
54  -6
59  0
58  -7
81  7
89  -6
49  0
49  0
51  4
80  2
65  1
61  2
73  -5
66  7
74  -5
87  -2
77  3
79  1
50  3
59  1
66  6
61  0
83  -6
63  1
72  -2
41  -3
48  3
52  -3
102  2
110  -5
60  -4
46  -3
51  2
28  1
63  1
58  -7
60  -7
57  9
73  -7
69  -2
46  0
34  -7
68  -7
80  0
70  0
40  -2
49  0
63  2
46  -2
56  5
42  -3
72  0
44  1
57  9
42  -5
67  -2
81  5
69  1
62  -1
52  1
37  -4
47  0
60  -5
48  6
51  1
53  -2
97  1
70  1
69  0
52  0
98  0
78  -6
79  3
86  -3
50  4
33  -6
51  5
56  6
79  2
68  -8
40  -6
67  -3
79  5
54  -4
68  -8
102  1
45  -4
67  -4
68  -9
87  -4
60  -3
87  -3
73  -6
75  -6
61  2
72  -2
90  -2
66  8
51  1
70  2
49  0
39  -1
74  -5
56  3
62  -5
56  7
83  -6
42  -5
81  4
36  -1
55  4
96  -7
58  -7
92  6
48  2
51  5
64  3
76  2
53  -3
75  -7
103  -3
84  7
56  7
66  8
83  -6
121  -3
70  -1
45  -5
58  -7
33  -8
57  9
46  -2
64  4
80  3
51  5
71  5
51  4
41  -2
37  -4
58  -5
94  -2
48  2
63  3
63  5
63  2
60  -7
63  4
42  -4
55  4
52  0
61  0
43  6
69  0
33  -6
87  -4
58  -6
63  5
56  4
57  5
68  -7
93  4
67  -4
45  -6
63  3
66  8
73  -9
36  1
27  -1
60  -4
36  2
56  5
52  -1
82  -5
73  -8
59  1
45  -8
129  -1
82  -3
60  -5
44  4
49  0
60  -5
83  -6
58  -9
87  -6
44  4
56  4
38  -5
51  2
45  -8
31  2
37  -6
88  -3
91  7
43  4
74  -8
74  -4
31  2
68  -6
62  -2
47  0
30  1
75  -6
101  3
53  -6
41  -6
49  -4
81  8
81  6
49  -1
76  2
73  -8
66  9
53  -2
47  1
68  -5
65  2
35  5
57  5
47  2
44  0
75  -7
65  2
66  5
44  0
67  -1
80  2
80  1
73  -8
67  0
54  -8
46  -3
60  -7
37  -6
71  5
75  -7
42  -3
42  -4
69  2
51  4
39  1
88  -3
107  3
42  -2
52  -3
63  2
39  0
62  -4
79  5
39  1
45  -8
82  -3
31  3
73  -5
54  -7
56  6
61  0
55  3
53  -6
50  2
44  1
86  -4
46  -3
79  5
65  0
45  -8
67  0
56  6
88  -1
84  4
43  5
76  3
48  6
85  -6
78  -4
31  1
77  6
51  3
57  7
39  -1
58  -7
36  -1
44  1
74  -7
69  2
69  1
69  -2
59  0
65  2
109  5
67  -1
36  3
70  1
92  9
63  2
83  -7
41  -5
58  -6
69  1
68  -5
45  -5
75  -8
52  -2
75  -9
82  -6
70  2
30  4
86  -1
69  1
53  -5
50  3
58  -7
66  9
51  1
25  -4
54  -7
63  3
60  -3
48  3
56  7
52  -3
43  6
99  -6
79  1
77  4
42  -2
46  -1
66  5
60  -6
75  -8
66  5
85  -5
54  -5
76  3
57  5
45  -5
68  -6
57  9
74  -7
69  2
95  -3
67  -2
48  4
68  -8
41  -2
77  2
82  -4
57  5
33  -9
70  3
112  5
73  -7
87  -5
49  0
36  2
59  1
49  -1
61  0
37  -6
74  -8
51  4
66  5
66  7
48  3
34  -6
51  1
102  -2
71  5
84  3
63  4
49  -3
50  3
100  -2
28  1
86  -3
55  5
57  7
76  5
86  -3
72  -1
83  -8
67  -3
46  0
52  -1
49  -1
77  6
96  -5
68  -6
51  3
78  -4
39  1
74  -5
72  1
82  -6
45  -8
60  -4
90  -3
48  6
78  -6
53  -6
46  -1
61  1
74  -4
83  -5
68  -9
50  4
51  1
78  -7
57  6
80  -1
39  0
51  4
76  6
61  0
81  7
72  1
87  -6
123  -4
58  -7
42  -5
77  5
65  2
54  -5
36  0
67  0
74  -7
53  -3
65  1
94  -5
67  -1
66  6
95  -3
106  7
53  -3
40  -6
60  -5
75  -9
41  -5
70  -1
98  -1
42  -2
48  2
58  -5
59  0
39  -1
83  -5
59  3
58  -7
61  -2
109  3
68  -7
45  -4
84  6
49  -3
72  0
62  -3
74  -5
59  0
45  -4
56  3
108  5
49  0
106  7
82  -5
65  4
53  -3
51  2
79  3
33  -9
78  -6
71  5
48  5
41  -3
69  1
46  -4
43  6
77  5
73  -5
39  1
84  4
63  2
75  -5
69  1
55  3
60  -4
57  5
59  3
62  -1
64  1
32  3
44  2
29  -2
51  5
68  -5
76  4
52  -3
77  4
65  3
67  -4
74  -5
74  -4
31  3
44  3
66  8
75  -9
87  -4
106  4
64  2
66  7
100  1
66  5
63  5
54  -8
98  0
63  2
56  5
60  -5
71  6
67  -4
56  5
59  0
48  4
75  -7
66  6
71  6
48  4
100  0
62  -3
49  -2
35  4
111  -3
58  -6
47  2
85  -6
36  2
39  0
52  -2
56  6
48  6
40  -2
48  2
58  -5
73  -9
69  2
65  4
40  -5
52  -2
105  -6
43  6
55  4
62  -4
67  0
39  1
77  2
28  1
49  -1
77  2
40  -4
60  -6
89  -7
55  6
45  -7
77  3
84  7
33  -5
61  0
71  6
124  7
75  -8
53  -6
59  4
33  -5
54  -7
50  4
83  -4
58  -6
63  1
78  -6
37  -3
49  -4
58  -6
73  -5
72  -1
45  -6
59  0
55  3
83  -6
67  -2
68  -5
48  5
65  0
43  6
56  3
79  1
32  2
79  5
51  3
40  -6
64  2
63  1
76  6
66  5
68  -6
35  4
86  -1
102  1
68  -8
67  -2
49  0
60  -4
54  -6
47  3
65  1
52  -2
73  -7
53  -6
36  -1
65  2
85  -5
61  0
66  9
26  5
92  5
101  6
76  4
63  3
38  -6
63  5
67  0
64  4
57  7
57  8
67  -4
76  2
49  -1
38  -5
74  -7
58  -5
56  4
59  0
62  -3
32  4
55  2
68  -9
87  -2
54  -5
74  -5
68  -6
52  -3
62  -2
58  -8
39  3
69  -2
40  -6
56  7
74  -6
47  4
74  -8
80  0
64  1
37  -4
29  0
42  -5
42  -2
73  -5
87  -4
113  -7
58  -6
70  1
53  -5
57  7
76  3
46  -4
74  -7
45  -7
36  0
32  2
67  -1
65  4
74  -4
26  4
55  3
49  -4
53  -4
49  -2
61  0
50  6
47  2
81  8
68  -5
79  1
88  0
58  -9
59  1
98  -4
68  -5
46  -2
57  6
53  -5
60  -3
61  1
82  -6
51  1
59  2
81  7
61  2
95  -6
28  0
50  2
52  0
54  -4
81  8
67  -4
66  6
76  5
66  8
57  6
68  -9
33  -8
53  -5
57  7
71  3
60  -5
79  3
39  -1
73  -6
52  -1
50  5
45  -6
79  3
65  1
67  -4
49  0
64  3
79  4
35  7
46  -2
47  0
40  -4
58  -7
76  6
80  1
58  -9
62  -4
56  6
89  -5
81  6
45  -5
75  -6
49  -1
81  6
46  -2
54  -4
62  -2
66  8
65  4
40  -3
51  4
102  1
47  2
106  3
84  5
86  -2
45  -6
85  -7
55  6
58  -8
74  -7
92  8
50  4
30  3
69  -2
62  -4
94  -3
39  -1
43  6
42  -3
68  -5
76  6
54  -7
40  -5
85  -3
69  1
59  0
42  -5
47  1
54  -7
65  4
77  5
34  -6
88  1
60  -3
50  5
48  4
58  -8
51  5
60  -4
64  0
68  -6
44  4
81  7
42  -5
44  3
40  -4
80  1
25  -8
40  -6
49  -4
30  3
52  -2
75  -6
52  -2
49  -2
61  0
109  4
81  4
71  5
66  6
45  -4
45  -6
55  4
50  2
86  -2
47  1
49  -4
67  -4
81  4
37  -3
118  -5
29  1
69  0
63  2
47  4
88  -3
94  -6
56  7
81  7
42  -1
84  3
70  0
77  4
78  -6
67  -1
79  4
60  -6
68  -7
51  5
40  -4
102  -2
83  -5
59  2
30  4
38  -7
50  4
65  3
50  5
53  -3
38  -6
100  -1
56  6
59  2
55  3
49  -1
48  3
42  -3
59  2
84  7
89  -6
65  1
57  9
80  0
68  -6
67  -2
54  -8
49  -4
52  -2
53  -3
49  0
102  -2
57  7
61  -1
57  9
25  -7
37  -6
54  -7
71  4
47  2
42  -3
105  -8
67  -3
55  2
70  0
75  -7
54  -4
86  -4
69  -1
72  -2
80  1
50  6
66  6
72  1
70  0
35  7
34  -7
47  3
51  5
64  1
64  0
