48  -5
53  -3
96  -7
54  4
66  -1
65  6
98  -4
53  1
64  -7
77  3
49  -5
57  8
61  -1
85  -10
96  -3
36  7
82  1
58  5
57  4
72  -2
64  -7
54  -4
33  1
51  1
88  4
82  1
76  1
46  -6
71  2
95  3
50  6
68  4
57  5
79  6
92  -1
60  -7
52  -6
67  4
102  -10
62  3
92  6
112  -3
30  8
81  -6
49  -4
97  0
40  2
66  -2
83  1
50  9
96  -3
89  -4
46  -3
91  0
102  -6
69  -2
54  1
58  6
58  6
82  -3
63  2
49  -3
49  -10
98  -7
96  -7
78  0
71  3
69  -1
67  -1
109  -1
49  -7
74  8
55  7
58  8
51  5
67  -3
102  -8
93  -1
59  -4
96  0
87  -4
84  3
41  -7
70  2
68  4
55  2
77  -1
41  -8
74  6
78  -3
60  -3
43  -2
44  1
55  7
68  4
75  -7
85  -4
64  -6
64  -3
34  5
42  -2
77  2
55  3
59  -10
101  0
83  -2
82  3
52  -9
89  -6
65  1
72  -5
54  2
50  2
66  6
81  0
73  2
64  -7
57  4
58  5
93  2
59  -4
68  5
74  9
52  -9
56  -9
70  8
64  -4
99  6
82  4
54  1
61  -5
92  6
52  -4
53  5
44  9
70  4
57  4
77  -3
99  4
66  3
68  7
47  -7
75  -4
61  -1
105  -4
89  -6
54  -3
49  -8
57  9
83  5
45  3
57  9
81  -6
61  -7
89  -6
85  -9
65  6
74  2
80  5
67  2
66  0
65  -1
68  6
60  -8
56  -8
65  2
74  2
58  6
59  -6
77  2
103  3
87  -5
36  0
94  -6
61  -3
67  4
37  2
59  -5
82  -3
59  -11
93  5
86  -4
65  5
61  -7
91  3
73  3
58  3
54  1
63  6
64  -7
68  7
52  -4
51  6
40  0
57  3
79  1
108  -6
96  -6
92  3
104  -3
105  -1
95  5
75  -5
69  2
82  4
86  -4
61  -5
66  0
47  -5
49  -10
87  -1
89  -2
78  -1
68  5
82  2
71  5
67  0
57  8
54  -1
65  4
64  -6
62  0
58  7
40  0
90  11
105  1
78  -2
81  -6
85  -8
33  5
45  0
74  9
62  6
69  3
69  -2
83  5
70  6
57  9
58  4
71  8
61  -6
30  7
57  1
73  1
59  -7
54  -3
39  -7
48  -9
104  1
64  -2
96  -1
33  5
43  2
41  -2
60  -4
74  6
86  -5
66  1
92  4
67  -1
72  0
58  7
77  -3
62  -1
97  0
111  6
58  3
54  0
59  -10
61  -4
40  2
59  -5
72  -7
59  -3
69  2
51  -2
63  3
80  0
71  6
69  -2
89  -5
87  -2
94  -3
77  4
70  1
73  -3
49  -2
74  6
63  7
60  -8
71  5
107  2
60  -8
78  3
87  -3
54  -1
64  -4
59  -9
42  0
33  8
61  -3
66  -1
75  -4
51  6
84  1
86  -3
69  1
82  4
88  3
67  -3
82  -3
34  4
54  3
75  -2
94  -1
52  -1
61  -8
62  4
46  0
90  9
75  -3
96  -5
84  6
92  3
88  -1
23  -8
50  1
65  2
49  -8
65  -1
86  -7
57  1
60  -6
88  -2
72  -7
65  5
81  -4
61  -9
36  0
89  -8
34  9
66  2
61  -5
69  3
71  5
78  -5
45  -2
73  -4
102  -11
95  2
92  4
77  3
72  -2
82  3
27  -3
31  -3
91  -1
92  1
82  -3
77  -2
54  -2
63  5
56  -7
43  -2
49  -10
85  -4
47  -3
44  9
58  3
102  -10
66  5
51  -1
40  -3
99  1
100  6
66  6
96  0
98  -2
62  -1
51  3
55  6
84  0
88  1
76  -4
66  4
66  0
83  1
52  -5
78  -4
51  6
86  -6
60  -8
69  -3
57  3
44  2
45  -2
66  -1
52  -4
58  7
57  1
109  -7
65  -2
64  -5
68  8
79  8
85  -7
75  -7
75  -6
61  -5
43  -3
69  4
62  2
62  1
108  -1
72  -2
59  -9
43  -6
51  6
92  -1
61  -2
63  8
53  0
63  4
75  -5
95  8
49  -5
62  -1
77  4
81  -6
58  8
57  1
76  -5
51  5
54  3
100  6
65  -1
107  3
116  6
82  3
83  5
41  -5
67  5
52  -3
66  5
54  4
59  -10
45  3
47  -7
59  -4
77  -1
76  3
62  -1
58  3
47  -9
64  -10
54  -3
141  1
64  -3
82  -3
81  -2
79  3
62  1
85  -9
50  4
44  5
36  3
105  -3
74  2
54  0
57  7
37  1
60  -5
55  8
62  0
90  3
104  -3
92  6
76  0
43  -6
82  0
47  -9
54  4
55  8
56  -9
41  -9
74  9
52  -4
67  0
61  -9
80  2
77  5
58  4
35  4
81  -1
69  3
68  5
34  6
74  2
100  4
52  -9
71  1
59  -5
73  -5
57  2
65  4
69  -3
59  -8
42  4
76  2
70  3
60  -9
55  7
48  -4
80  3
72  -3
55  9
66  6
70  8
80  2
72  -5
74  3
91  -3
67  -1
43  0
67  -3
62  -1
46  -6
62  1
79  4
82  -2
59  -10
22  5
76  -5
44  3
97  3
68  4
79  6
70  9
77  -2
54  0
72  -2
76  0
55  2
64  -5
56  -6
46  -8
60  -2
62  1
34  7
66  2
64  -6
70  8
85  -10
56  -4
76  3
69  1
74  3
78  1
35  5
74  4
66  0
54  -2
33  6
52  -7
87  -4
66  2
80  5
38  2
70  1
71  4
70  9
60  -7
56  -4
37  3
83  3
61  -4
70  8
50  2
63  7
37  -2
44  2
61  -2
44  8
83  2
67  0
60  -2
62  -1
69  -3
80  4
33  5
68  7
102  -4
34  8
42  -2
68  2
77  2
82  3
48  -3
50  1
43  1
48  -11
67  -1
80  -1
65  -1
102  -4
98  -5
96  -3
76  3
78  -4
80  3
104  3
75  1
62  -1
71  9
51  -1
71  5
48  -8
56  -4
82  -2
39  -4
42  2
63  8
88  -1
57  8
93  4
67  2
49  -2
79  6
52  -3
64  -6
77  2
82  3
58  7
83  6
78  1
78  2
121  1
41  -3
90  6
53  5
67  4
73  -3
34  10
56  -2
65  -2
75  -5
36  4
38  0
56  -5
54  1
88  0
73  2
53  1
112  -5
82  0
71  5
95  0
92  3
51  4
77  -2
50  8
52  -6
65  0
67  2
46  0
55  6
43  2
45  1
101  -5
89  -4
81  -7
47  -6
68  6
55  3
74  8
62  0
49  -9
71  9
46  0
57  4
48  -11
100  1
70  1
82  -3
63  2
108  1
49  -6
81  -6
74  8
47  -8
75  -1
42  -2
78  -3
50  2
50  8
52  -5
76  -2
71  5
61  -3
54  2
72  -7
91  3
60  -5
82  2
58  7
63  2
56  -5
55  4
78  -5
54  2
76  -1
78  -5
84  8
55  7
39  -3
48  -3
54  4
51  5
47  -2
55  9
54  0
94  -6
37  0
39  -10
57  2
57  4
33  3
95  7
67  4
71  8
76  -2
80  -2
48  -5
61  -9
55  1
124  -3
109  -2
55  2
59  -10
51  4
77  3
85  -6
40  -4
72  -6
59  -8
64  -8
87  -8
62  0
71  1
107  -1
66  5
101  -3
51  2
57  5
88  1
95  1
90  7
55  8
79  8
99  2
44  1
75  -7
55  7
86  -4
41  -2
73  0
79  5
60  -4
63  6
51  -1
33  1
64  -6
54  3
73  2
71  6
66  1
50  8
65  1
133  -5
79  6
70  9
81  -3
65  0
101  2
63  3
95  5
27  -7
36  3
94  -6
87  -4
54  2
78  -1
79  7
49  -2
64  -4
98  -3
74  8
64  -9
101  -4
51  6
63  7
62  4
63  7
87  -1
62  3
54  3
80  3
76  2
52  -2
64  -10
54  -4
77  -2
80  -3
47  -8
68  2
94  -4
57  3
71  6
101  -2
65  0
62  1
53  1
80  0
75  0
48  -9
68  1
69  -4
50  4
83  3
98  -8
65  3
61  -4
73  -3
83  3
81  -3
69  2
59  -9
93  7
39  -9
59  -7
82  1
71  4
60  -2
75  -1
67  3
56  -9
36  -1
45  5
55  6
49  -9
66  2
42  -1
56  -3
75  -2
54  -1
82  0
68  0
66  3
62  1
60  -3
56  -2
72  -2
48  -4
96  0
66  6
94  -7
59  -3
63  3
53  5
46  -6
86  -8
90  9
70  2
64  -5
40  -4
73  -5
54  2
69  3
96  1
88  2
78  3
71  8
40  -2
77  4
51  4
85  -5
62  -1
124  -5
69  -2
106  4
81  -4
71  2
68  1
62  0
99  7
64  -2
54  4
70  7
90  9
59  -7
95  2
56  -8
77  5
42  5
80  2
61  -9
56  -8
72  -1
96  -6
74  5
62  6
68  1
101  0
87  -1
75  -2
57  4
53  -2
70  4
47  -8
63  2
51  5
68  8
66  6
75  -7
71  3
49  -7
67  -3
39  -9
46  -7
28  1
69  4
47  -8
65  3
47  -3
57  2
87  -1
58  6
61  -3
54  -3
65  5
87  -4
63  6
51  2
65  4
57  5
103  1
59  -10
70  2
81  -8
88  -1
35  7
80  2
116  10
78  -1
67  5
89  -2
72  -7
97  1
83  5
48  -4
50  2
71  4
55  6
67  2
45  0
96  -4
62  4
89  -9
62  2
70  8
62  6
61  -3
81  -6
48  -3
63  7
42  6
61  -9
81  -1
35  7
73  -3
84  5
29  -2
50  1
52  -2
82  -4
64  -5
60  -6
34  11
37  -2
86  -6
69  -3
64  -2
65  -1
50  9
63  9
48  -7
77  -1
49  -2
64  -10
83  6
