5  10
9  0
6  -4
4  -3
9  -3
5  7
8  5
14  1
12  7
24  1
6  -8
18  -7
12  2
1  5
3  3
9  -2
6  -7
11  0
7  9
1  3
3  3
5  7
1  1
6  -7
25  3
11  -1
5  8
29  8
13  8
8  1
10  -5
5  7
6  -9
5  4
25  0
23  -1
7  3
18  -10
13  3
4  -7
12  3
5  8
8  4
3  6
3  5
9  2
7  5
6  -10
53  -3
4  -6
9  -3
4  -3
5  9
4  -5
9  1
14  -3
2  -5
4  -5
13  7
3  4
13  4
1  3
13  4
2  -2
20  5
5  9
8  3
2  -6
16  2
11  1
11  -4
5  4
12  6
21  -2
8  3
5  8
23  -1
11  -4
0  2
2  0
6  -4
8  0
6  -10
11  -4
39  -1
3  8
9  3
4  -1
19  -7
13  7
10  -6
6  -5
9  -3
8  4
11  -4
6  -7
3  7
12  6
10  -4
10  -7
14  -3
3  3
8  2
3  8
7  3
3  5
9  2
11  -4
4  -5
14  -2
5  10
7  7
14  1
15  2
11  0
10  -5
1  -1
2  -4
7  9
8  5
27  -4
8  2
6  -6
5  9
6  -4
4  -7
12  6
8  6
10  -4
4  -3
0  0
16  6
19  -6
2  -5
14  1
6  -5
1  -1
0  -1
19  -7
25  3
11  -1
9  2
16  4
22  -7
6  -4
7  7
8  1
8  6
13  6
5  4
2  -2
19  -6
3  6
5  6
6  -4
17  -1
10  -6
2  -2
22  -2
2  -2
11  -1
5  10
12  6
19  -1
2  -3
4  -4
0  5
21  0
8  2
4  -1
7  6
5  5
19  -2
7  8
17  -5
6  -4
5  8
8  5
1  1
8  6
16  4
11  -1
4  -4
3  9
15  -3
5  5
15  -2
16  4
12  5
17  -3
14  1
4  -7
3  4
8  2
13  7
2  -2
13  5
12  7
27  -8
15  1
0  3
16  2
9  3
24  -1
0  1
5  9
5  10
9  2
3  4
15  -1
3  8
2  -2
5  5
10  -3
26  9
15  -1
6  -5
2  -4
11  -2
4  -2
7  5
10  -4
5  4
14  1
5  5
3  8
5  7
12  7
0  5
0  2
1  0
2  -1
14  0
11  -5
0  3
4  -2
6  -7
9  -1
10  -4
24  -2
8  5
6  -5
4  -1
6  -8
7  7
8  2
9  -2
0  0
13  3
13  5
16  7
2  -2
14  2
19  -3
13  8
1  5
4  -7
29  3
1  0
3  8
26  7
2  -4
3  9
13  3
3  8
14  0
7  9
1  4
4  -4
4  -4
7  5
1  3
4  -7
2  -5
2  -5
8  0
27  -7
7  5
24  -4
2  0
8  2
3  5
8  3
4  -2
15  -1
10  -3
2  -5
4  -5
5  9
17  -3
11  0
8  3
1  0
7  4
2  -4
1  3
15  2
11  -1
14  -1
8  0
11  1
0  5
5  6
8  0
10  -9
1  0
1  5
5  6
3  9
0  4
0  0
7  5
4  -5
0  5
3  9
0  -1
6  -7
1  0
3  6
2  -1
22  -7
3  8
7  4
1  2
15  3
1  0
5  4
8  5
1  1
7  3
16  2
18  -7
13  2
8  0
5  4
3  3
2  -2
3  7
4  -3
7  8
20  2
23  -3
5  9
15  -2
15  -3
2  -6
18  -4
8  1
11  -3
11  -3
2  -5
8  5
10  -3
8  5
2  -1
25  3
2  0
35  -2
9  -2
16  3
10  -4
3  9
26  9
1  3
6  -7
1  0
1  5
7  4
4  -1
3  6
2  0
6  -8
6  -10
1  1
13  2
12  4
20  2
6  -6
16  7
11  0
12  7
1  5
9  2
17  -1
29  6
2  -2
2  -4
4  -6
18  -9
16  8
12  4
4  -3
3  9
3  7
2  -5
7  5
9  3
17  -1
7  7
11  1
8  0
7  6
12  5
9  3
4  -7
8  3
9  2
7  3
12  6
3  4
3  8
2  -5
16  6
5  5
18  -5
3  3
11  -2
5  7
4  -1
0  2
11  -2
15  -3
11  -4
10  -8
7  7
0  0
13  7
3  6
7  5
7  8
18  -6
18  -9
15  3
11  -4
8  4
18  -6
14  -2
14  2
1  0
15  2
6  -9
5  10
5  6
1  3
15  -1
12  2
18  -4
22  -3
2  -6
9  3
19  -2
11  1
1  0
32  -8
3  3
0  1
22  -5
24  -2
13  3
22  -7
2  -5
18  -8
12  1
3  3
2  -4
7  9
7  9
10  -7
9  2
15  1
18  -7
9  -2
0  1
14  -2
0  4
12  3
7  5
8  4
7  6
2  0
13  3
5  6
3  4
1  0
4  -3
8  4
3  3
22  -3
9  1
9  -1
4  -2
2  -3
11  -4
6  -5
6  -4
9  1
4  -5
4  -2
2  -3
5  7
15  -3
10  -7
34  -3
3  7
4  -4
11  1
8  5
6  -5
0  5
11  0
13  3
6  -8
1  -1
16  8
8  2
7  4
12  7
4  -4
5  5
24  -2
9  -3
11  -4
8  4
10  -6
19  -5
11  -2
2  -6
13  2
5  7
1  3
10  -6
16  2
22  -4
1  3
6  -10
14  0
22  -5
6  -7
1  3
6  -8
14  -3
4  -6
9  -1
8  5
2  -5
9  -3
7  7
10  -4
5  9
17  -2
8  5
2  -6
0  5
13  2
6  -9
12  3
1  3
3  6
16  8
9  -1
30  3
10  -8
18  -6
4  -5
5  10
3  9
2  -1
11  -1
6  -7
14  -4
6  -8
4  -5
16  3
13  4
4  -7
3  5
6  -7
3  7
14  -2
1  0
6  -6
13  3
4  -1
9  0
8  5
4  -5
10  -4
29  6
7  9
19  -5
7  4
18  -9
10  -3
11  -2
9  1
3  6
3  4
17  -7
7  9
4  -6
7  7
5  6
10  -5
14  2
2  -4
1  5
2  -4
22  -2
1  1
1  -1
8  1
2  -1
30  2
7  3
15  -2
3  8
3  5
7  7
14  1
4  -7
6  -6
14  -3
3  6
5  9
14  -1
6  -10
5  10
7  9
2  -3
17  -5
15  -2
11  -4
10  -5
8  2
1  2
11  -4
6  -4
31  -2
9  -3
20  2
3  7
3  7
3  4
9  -1
16  5
11  -3
16  6
2  -1
6  -4
13  5
14  -3
12  5
1  5
4  -4
1  2
7  3
4  -5
5  4
0  2
7  7
8  2
1  -1
5  6
14  -1
6  -6
5  7
9  3
20  3
13  7
1  1
2  -2
6  -9
7  6
7  8
27  -8
4  -5
4  -3
2  -5
9  0
1  0
2  -5
21  -5
21  -4
6  -7
2  -6
7  7
23  0
17  -2
3  9
1  0
10  -8
3  3
26  8
5  6
0  5
0  5
17  -6
11  -2
2  -2
6  -5
19  -6
12  7
14  -2
15  3
15  -3
10  -4
9  -1
8  4
7  5
14  2
0  4
24  2
9  -3
2  -5
16  7
9  -1
7  8
9  -1
9  -2
7  5
14  -4
6  -6
9  -1
8  2
9  -1
5  8
2  0
7  7
1  -1
5  7
4  -5
13  2
18  -7
9  0
9  -2
6  -10
4  -5
4  -4
10  -8
9  3
17  -7
3  4
8  3
6  -9
2  -1
2  0
24  0
2  -5
8  3
9  -1
4  -4
32  -6
5  6
11  -3
9  -1
1  4
7  5
2  0
2  -4
4  -1
3  7
0  3
5  5
7  5
14  -1
6  -9
3  7
33  2
2  -6
11  -5
4  -1
3  9
7  3
19  -4
1  3
1  0
6  -5
4  -1
4  -5
8  1
2  -3
4  -3
11  -3
1  2
6  -7
4  -2
3  3
4  -1
1  2
12  2
16  3
4  -4
9  0
8  3
4  -6
3  4
25  4
4  -5
14  -1
2  0
14  -2
10  -6
8  6
15  1
10  -8
3  7
1  2
3  6
1  3
17  -6
3  3
14  -4
1  4
3  8
21  -5
14  -3
9  3
9  0
11  1
5  8
2  -5
10  -5
14  0
19  -5
1  5
4  -1
2  -5
12  5
8  4
4  -2
28  7
3  7
6  -9
13  2
8  2
20  5
4  -4
10  -9
26  10
5  8
1  3
8  1
12  4
4  -2
12  4
4  -7
5  10
22  -2
23  0
8  0
10  -6
12  4
6  -4
2  -3
18  -7
22  -1
0  4
5  8
5  4
8  2
5  7
30  1
16  5
8  6
7  8
11  -5
22  -5
3  7
1  1
19  -3
1  2
4  -3
6  -7
3  9
7  6
19  -3
8  3
12  4
3  3
12  1
22  -1
13  5
5  5
1  5
9  1
6  -9
10  -5
14  -3
3  6
2  -5
5  4
6  -8
2  -1
6  -10
12  4
8  0
4  -1
2  -2
3  4
5  10
19  -4
15  2
18  -10
6  -9
14  -1
17  -1
4  -7
12  1
7  5
7  5
1  5
14  0
2  -4
8  0
3  4
0  0
1  5
5  9
2  -5
9  0
17  -4
1  0
2  -4
4  -5
2  -4
1  3
6  -10
17  -5
16  6
8  0
2  -2
15  -1
2  -6
3  9
11  -3
23  -4
4  -7
26  4
7  3
5  9
5  5
9  -1
1  -1
13  6
11  1
7  9
3  4
11  -2
11  -2
3  7
17  -5
20  3
0  5
10  -3
3  3
4  -2
4  -5
7  8
1  -1
13  4
9  2
14  -3
3  6
7  5
4  -5
4  -3
0  5
7  4
6  -9
6  -7
5  10
10  -5
11  1
23  -5
14  -1
20  1
10  -5
17  -3
11  0
2  0
22  -1
1  3
2  -2
4  -5
8  3
4  -6
2  -6
12  6
5  8
4  -2
10  -8
7  8
5  7
8  2
12  4
13  3
10  -4
7  5
3  3
15  -2
