27  5
21  -4
34  -7
30  2
21  -2
29  6
22  -3
36  3
34  -5
31  6
29  1
24  0
26  6
32  6
28  -1
40  6
39  -9
23  -3
29  6
41  4
27  2
22  1
34  -5
32  6
27  7
20  -6
28  -4
14  7
35  -6
34  -7
18  -2
25  -1
28  0
17  -5
31  0
29  7
34  -6
31  6
22  -4
22  -4
35  -7
17  -2
36  4
25  1
30  5
25  -3
23  -7
18  -1
41  4
31  5
31  1
31  1
26  3
22  0
39  -5
18  0
22  -1
28  -4
24  -3
20  -2
39  -6
30  6
39  -4
23  -7
32  6
23  -4
21  -2
23  -7
28  -3
40  9
35  -4
24  -3
38  2
15  5
20  -2
19  -7
29  5
29  3
36  5
24  -3
25  -4
30  6
20  -6
32  4
35  -3
35  -2
37  -8
34  -1
27  6
25  -5
32  10
29  4
22  1
19  -4
29  2
28  -1
30  6
22  -1
41  5
22  -4
31  5
35  -3
24  3
30  5
28  2
19  -3
27  4
24  1
34  -3
25  -4
28  -3
33  6
31  4
40  9
35  -6
31  0
20  -6
22  0
25  1
24  -1
30  5
23  -5
32  6
32  5
22  -3
31  1
39  -3
30  5
20  -4
32  7
31  5
30  4
21  -7
32  4
23  -6
22  1
29  2
28  -3
27  6
33  5
35  -7
27  3
22  -4
19  -5
23  -7
22  -2
17  -7
35  -4
16  -4
16  -5
29  6
22  -4
19  -2
28  -4
22  -2
17  -5
22  -2
17  -3
30  2
29  4
32  5
32  8
31  3
16  -7
31  6
44  6
19  -1
26  4
27  1
27  3
26  3
29  7
30  8
24  -3
37  -8
20  -6
30  3
43  -2
32  8
25  -4
22  -3
24  -1
30  8
33  7
27  3
35  -3
17  -3
41  6
16  -8
38  0
41  8
20  -6
29  6
35  -5
27  1
35  -6
19  -6
24  -1
34  -3
26  8
26  5
38  -1
27  4
32  4
31  1
45  -8
17  -2
21  -3
52  -5
31  4
28  -2
29  7
21  -6
27  4
45  -9
39  -6
25  1
31  2
27  6
27  3
27  7
30  4
30  4
34  -3
30  4
20  -6
28  -3
32  10
14  6
30  7
23  -7
34  -3
23  -6
34  -2
30  2
30  6
27  5
24  3
22  0
40  6
33  2
49  -3
23  -8
22  -4
28  0
31  6
21  -4
37  -9
33  2
29  6
17  -1
26  7
17  -3
27  5
46  5
17  -5
39  -6
20  -7
25  -4
25  0
15  4
13  4
19  -7
34  -3
40  4
28  0
33  6
35  -3
27  7
28  2
27  7
40  10
28  0
29  3
20  -4
36  3
25  -2
23  -7
35  -7
21  -7
24  3
39  -9
24  1
18  1
42  -3
32  6
22  -5
26  8
33  5
20  -3
44  4
29  6
22  -2
17  -1
28  -2
32  5
29  7
35  -5
16  -8
28  1
37  -10
35  -1
26  4
19  -7
26  5
25  0
26  9
31  0
27  2
21  -6
21  -8
30  6
31  3
33  5
21  -5
24  1
19  -7
26  3
12  5
27  1
30  6
38  1
23  -6
29  4
22  -1
30  8
42  -4
24  3
15  4
27  6
26  3
28  -2
25  -3
30  3
33  2
34  -5
24  2
24  1
22  -1
25  -1
15  3
27  4
47  -6
27  6
35  -2
30  6
32  4
18  -5
29  5
23  -4
33  3
40  10
20  -5
31  0
23  -5
27  4
22  -2
24  3
26  7
37  -8
27  2
30  6
29  7
33  6
36  4
31  2
35  -6
25  -4
26  3
29  6
26  8
32  5
33  7
37  -4
34  -2
31  3
16  -6
20  -7
24  3
39  -6
22  -2
24  3
30  4
24  3
31  6
14  4
28  -2
34  -6
18  0
32  9
16  -4
20  -8
22  -5
25  -1
24  3
23  -5
18  -4
28  2
42  0
22  -5
23  -6
25  -4
21  -4
33  7
32  4
21  -3
42  -3
22  0
37  -7
26  8
36  3
29  3
36  5
19  -4
33  4
25  1
31  2
23  -9
30  4
18  -4
32  7
31  2
53  2
25  -2
30  2
31  1
23  -4
27  2
44  4
35  -7
18  -5
25  0
26  3
33  6
31  1
26  8
30  2
24  -2
30  7
24  -1
30  8
27  1
24  2
19  -4
15  2
30  2
37  -7
20  -8
6  1
27  4
18  -3
42  -4
27  1
28  -3
27  3
29  4
36  2
36  4
18  -4
29  2
32  7
18  -5
37  -5
25  1
16  -7
17  -4
28  -4
32  10
18  -1
24  1
26  8
27  6
34  -7
20  -3
26  9
26  5
32  4
27  3
20  -2
34  -7
18  1
21  -8
35  -5
24  -3
27  4
13  1
36  3
40  5
35  -4
21  -5
28  -3
24  -1
26  5
32  10
24  -1
22  -2
26  9
39  -4
28  1
30  7
21  -7
24  -1
31  3
16  -6
17  -5
30  2
10  3
28  -1
28  0
22  -4
30  4
40  7
29  3
19  -4
33  3
28  0
26  7
33  5
27  2
25  -3
29  4
32  8
37  -9
38  3
33  7
30  4
24  1
14  3
34  -7
25  -4
30  5
23  -9
17  -7
21  -6
29  5
47  -3
30  7
26  8
34  -1
47  -5
44  2
36  2
26  7
39  -5
38  -2
26  7
30  6
42  -1
19  -6
17  -3
26  5
35  -6
26  7
27  5
29  6
18  1
36  3
47  -1
26  5
23  -3
20  -6
25  -1
23  -8
29  3
35  -2
24  2
24  -2
22  -5
30  2
23  -3
20  -3
28  2
25  0
33  3
34  -1
27  7
25  -1
37  -6
29  7
34  -6
37  -8
20  -8
20  -5
16  -6
31  3
34  -6
23  -6
20  -7
32  8
29  7
38  -1
30  5
27  1
24  2
27  2
28  -4
33  7
20  -3
28  1
30  6
26  9
36  6
22  1
32  9
37  -4
31  0
28  -3
26  5
27  4
19  -6
19  -3
34  -7
38  0
32  4
23  -5
35  -4
33  6
37  -5
19  -7
27  5
27  1
32  10
32  4
19  -3
31  0
20  -8
25  -4
22  0
30  8
26  3
13  -1
29  2
27  7
19  -5
31  3
37  -4
24  -1
32  6
45  -6
20  -2
27  6
23  -9
14  3
32  7
25  1
40  4
29  4
27  4
31  1
18  -5
27  6
21  -4
29  5
16  -3
36  1
23  -5
40  7
24  -2
31  0
43  -3
34  -2
36  2
27  1
23  -4
19  -5
39  -9
25  -2
36  6
34  -4
34  -5
26  4
26  9
18  -2
42  -1
33  2
22  -3
21  -7
21  -3
39  -4
23  -7
27  4
25  -2
26  9
32  8
26  8
31  4
21  -8
32  9
41  7
15  6
36  7
32  5
28  2
36  1
16  -6
27  5
16  -2
44  4
23  -7
40  5
23  -6
22  0
29  2
34  -1
16  -2
32  9
18  -4
24  -1
32  5
35  -2
26  4
17  -3
26  4
34  -3
27  6
27  3
30  7
21  -7
34  -5
31  3
23  -3
24  2
33  2
30  6
29  5
27  3
21  -7
36  2
24  -2
32  8
26  6
32  7
32  5
34  -4
29  7
40  10
19  -2
30  6
28  0
33  3
21  -2
19  -5
33  3
25  -1
15  7
16  -4
17  -2
25  -3
33  6
40  4
35  -3
22  -2
26  6
24  1
28  0
39  -5
34  -4
23  -5
12  5
37  -4
23  -3
27  4
24  3
40  9
23  -8
23  -8
13  0
25  -1
32  6
35  -6
35  -4
34  -5
31  2
26  4
22  1
20  -7
30  3
29  3
29  1
31  0
24  -1
25  -5
26  8
35  -2
27  2
27  7
26  3
35  -1
19  -2
26  3
27  6
18  -1
43  -1
46  3
26  7
32  8
27  2
36  1
31  3
26  6
15  7
37  -7
30  5
33  7
23  -9
15  3
36  5
35  -7
32  10
31  1
24  -2
23  -3
19  -7
21  -2
30  8
18  1
21  -5
23  -5
22  -3
22  -2
41  6
22  -3
17  -2
27  4
30  3
25  1
24  1
41  4
23  -8
24  3
27  3
21  -7
18  -3
16  -6
28  1
18  1
23  -4
26  9
28  2
28  2
27  4
31  0
29  1
29  1
20  -6
29  4
40  5
25  -1
20  -2
23  -9
23  -5
22  -4
30  3
25  -3
25  0
31  3
23  -6
32  10
28  -2
24  -1
17  -2
43  -2
23  -6
19  -5
38  3
22  -3
32  9
26  7
35  -4
15  4
30  3
23  -5
18  -2
24  3
21  -5
45  -8
27  3
22  -1
23  -8
17  -4
16  -8
34  -4
18  0
18  1
35  -2
27  3
24  2
30  6
35  -7
32  6
26  8
28  0
34  -2
33  4
32  6
31  4
19  -4
27  5
25  -1
30  2
26  9
20  -7
42  -3
16  -8
28  0
25  0
26  7
20  -4
27  7
22  -5
20  -5
26  5
32  8
19  -4
26  7
32  8
27  1
33  8
23  -7
36  1
18  -1
27  7
23  -8
42  -4
37  -5
26  9
21  -2
19  -3
26  8
27  7
28  -3
24  -3
25  -2
23  -5
21  -4
34  -7
15  3
32  5
23  -8
15  7
17  -7
27  1
19  -6
34  -2
34  -2
27  6
18  -3
20  -4
32  7
33  2
18  -4
25  -3
35  -4
29  5
28  -1
31  4
14  6
42  -3
33  4
35  -5
26  4
27  4
33  3
27  2
25  -2
39  -3
22  -3
22  1
35  -5
28  2
30  2
17  -1
20  -2
34  -1
38  1
26  4
27  2
30  8
29  6
22  -3
25  -1
28  -1
21  -5
27  4
32  5
21  -7
34  -6
25  0
19  -7
35  -2
47  -4
26  5
45  -10
33  4
23  -4
29  3
23  -9
30  4
26  9
30  6
