7  3
9  5
14  6
11  0
5  -1
8  -7
4  -6
9  2
10  -6
8  -7
10  -3
12  6
9  5
5  0
7  4
20  -8
9  2
6  -3
5  2
4  -2
8  -8
6  -5
12  8
10  -7
8  -8
11  -4
9  2
9  6
10  -7
7  4
4  -4
9  6
8  -5
11  0
8  -5
10  -3
11  -2
8  -5
8  -5
2  3
14  5
10  -6
10  -7
7  3
7  1
9  4
13  -2
9  3
8  -9
6  -4
12  7
11  -3
8  -7
10  -4
14  7
7  4
6  -6
14  6
13  0
7  2
14  8
9  4
18  4
8  -7
6  -6
8  -5
8  -5
9  6
4  -5
17  -9
10  -3
6  -6
8  -6
12  5
15  -8
9  4
10  -7
6  -3
8  -8
11  -3
15  -6
7  0
7  0
8  -6
9  4
9  2
11  -2
7  4
10  -3
12  5
7  4
14  6
6  -3
7  0
13  -2
7  0
14  8
4  -4
17  -6
9  5
11  -3
11  -1
9  2
3  -1
14  8
15  -7
10  -5
9  5
10  -5
12  7
6  -5
14  9
3  -3
14  6
12  7
14  7
8  -6
8  -7
12  8
13  1
5  1
10  -4
8  -7
11  -3
15  -8
7  4
11  -2
13  -3
7  4
13  -1
10  -3
7  2
7  2
9  3
5  3
11  -4
10  -5
12  7
12  4
19  5
12  5
13  1
16  -8
18  3
9  4
12  8
12  7
13  -2
11  -1
12  4
11  0
14  9
10  -5
15  -6
3  -1
7  0
8  -6
9  4
10  -3
8  -7
13  -2
13  -3
8  -5
7  0
6  -3
11  -3
14  9
10  -4
10  -4
13  -1
6  -3
12  8
13  0
2  3
11  -1
14  6
11  -2
13  -2
10  -6
9  4
8  -5
14  6
12  5
11  -3
14  7
15  -6
11  -2
12  8
12  4
12  8
16  -5
7  4
11  -4
6  -3
8  -9
10  -4
8  -6
12  8
11  -4
9  3
10  -6
4  -6
7  1
10  -3
14  8
10  -3
14  8
5  3
8  -9
9  2
10  -3
12  4
10  -4
8  -9
19  4
10  -6
9  3
13  -3
13  -1
13  1
18  1
7  4
16  -7
8  -7
8  -9
12  7
7  1
7  4
14  5
5  2
6  -5
8  -6
7  1
9  2
10  -4
8  -8
8  -6
9  2
10  -4
5  -1
13  -3
15  -8
9  2
8  -5
12  4
6  -6
6  -4
17  -8
7  4
13  -3
12  4
15  -5
10  -5
11  0
14  5
17  -6
11  -2
6  -4
11  -4
14  9
4  -4
8  -9
12  7
11  -2
12  8
15  -5
10  -6
21  4
17  -7
14  6
8  -8
16  -9
13  -3
12  6
14  9
13  1
8  -5
12  5
14  6
12  6
10  -6
6  -4
5  0
11  -3
6  -3
8  -5
7  1
13  -1
4  -2
0  -4
10  -3
6  -6
11  -2
15  -7
10  -3
12  7
6  -4
14  7
10  -7
3  -1
6  -5
14  9
7  4
8  -7
6  -6
17  -7
13  -2
10  -3
13  0
4  -3
5  3
7  2
10  -6
10  -7
15  -6
15  -7
12  5
11  -4
23  6
11  -4
17  -8
7  4
9  2
9  4
15  -4
10  -3
12  4
14  6
3  -4
11  -2
9  3
6  -3
11  -3
15  -6
16  -5
11  -1
7  0
13  1
11  -3
20  -7
12  6
10  -4
17  -8
8  -6
22  1
12  8
14  6
6  -6
11  0
7  2
23  6
7  1
4  -4
11  0
8  -7
8  -6
18  5
16  -6
10  -4
18  5
21  6
6  -3
14  7
11  -2
8  -9
18  3
15  -7
15  -8
13  0
9  4
7  2
7  0
11  -3
12  7
3  -3
13  1
6  -5
6  -4
6  -5
7  1
10  -3
3  -3
6  -3
7  1
7  0
13  1
6  -3
10  -4
4  -4
11  -4
5  2
6  -5
8  -5
13  -1
7  0
9  3
7  0
10  -5
17  -5
4  -4
6  -6
9  2
6  -2
9  3
14  5
10  -5
14  9
17  -5
4  -2
9  5
9  2
13  1
4  -5
10  -6
15  -4
17  -8
7  1
15  -4
13  0
9  5
6  -2
12  5
18  3
10  -3
5  0
8  -9
7  2
6  -3
20  -5
9  2
11  -4
12  6
13  -1
10  -6
9  5
16  -5
10  -4
8  -5
6  -6
15  -4
6  -4
10  -5
14  5
6  -4
10  -6
5  3
9  2
11  -1
4  -2
14  8
9  6
10  -5
15  -4
9  6
4  -6
9  4
12  4
9  6
6  -3
5  2
7  2
9  3
15  -5
11  0
11  -1
10  -4
9  6
6  -4
12  7
4  -4
10  -6
15  -6
15  -8
10  -3
13  0
13  -2
7  3
8  -5
6  -5
9  5
12  6
6  -6
5  1
8  -7
13  -2
10  -5
14  9
6  -4
8  -5
13  -3
16  -6
9  3
17  -9
10  -7
7  3
7  0
10  -5
12  8
12  7
10  -6
14  7
8  -9
13  1
11  0
11  -2
14  9
7  4
5  -1
11  -4
7  1
20  -5
13  0
21  3
4  -4
7  0
15  -7
17  -7
12  4
8  -6
15  -7
4  -2
9  6
11  0
11  -4
17  -9
5  1
8  -6
12  5
9  2
12  8
9  2
14  8
9  4
8  -7
9  2
10  -5
8  -7
5  2
14  6
12  7
13  -1
11  0
11  -1
11  -2
5  -1
6  -4
4  -2
14  8
7  4
12  4
18  5
7  1
15  -4
10  -6
7  3
7  1
9  3
8  -8
10  -3
10  -4
8  -6
10  -5
16  -7
15  -8
10  -5
8  -6
13  0
12  7
8  -9
11  -1
11  -4
21  3
11  -1
9  6
8  -6
8  -6
7  2
9  5
11  -3
11  -2
5  3
5  2
15  -7
5  3
6  -6
5  3
13  1
10  -4
5  3
10  -3
11  -4
4  -4
12  5
8  -9
14  7
5  -1
18  5
11  -1
12  7
9  4
20  -5
13  -1
10  -4
4  -2
10  -7
16  -8
9  4
12  6
10  -3
11  -1
10  -5
7  1
6  -3
8  -9
13  -2
11  -3
13  -3
11  -3
14  6
13  -2
16  -8
7  1
4  -6
10  -7
9  3
10  -5
9  4
14  7
9  4
15  -7
12  4
7  2
6  -6
12  6
10  -6
10  -6
14  7
10  -3
10  -6
12  5
7  1
5  2
13  -2
14  7
13  0
6  -2
10  -5
14  9
4  -6
17  -8
3  -1
7  3
12  6
13  -1
8  -6
8  -9
17  -9
17  -7
15  -5
11  -3
8  -6
9  4
10  -6
20  -5
11  -1
10  -4
11  -4
6  -2
18  2
6  -6
5  0
12  7
13  0
13  -1
13  -2
7  3
11  -3
8  -9
19  5
9  6
11  -3
10  -6
7  0
12  6
12  8
10  -3
6  -4
15  -4
7  1
7  1
11  -3
13  0
10  -6
7  2
17  -8
8  -8
12  6
10  -6
5  -1
14  5
8  -6
5  0
12  7
10  -5
6  -2
7  0
11  -2
10  -4
7  4
11  0
8  -7
7  4
5  1
10  -3
10  -5
13  -1
10  -4
4  -3
10  -3
11  -2
9  5
14  9
10  -5
12  6
10  -5
10  -7
6  -2
10  -7
19  7
4  -2
6  -6
7  4
19  5
17  -9
10  -4
14  7
10  -7
9  2
12  8
6  -5
10  -3
7  0
12  4
8  -6
8  -9
17  -9
12  7
6  -3
8  -9
17  -5
6  -4
7  4
14  8
16  -6
9  2
18  1
6  -6
12  5
13  -1
11  -1
14  7
9  5
10  -5
11  -3
10  -7
12  5
8  -9
11  0
8  -8
6  -2
10  -4
7  0
8  -6
15  -4
13  0
8  -8
9  2
14  9
7  1
10  -4
13  -2
14  5
9  5
8  -7
11  -3
7  4
8  -8
6  -4
11  -4
7  4
8  -9
10  -3
23  6
12  7
15  -5
13  -2
5  1
13  -3
8  -8
6  -5
18  1
9  3
6  -5
8  -6
14  9
6  -5
9  2
14  6
14  5
12  8
9  6
5  2
14  9
10  -4
5  -1
4  -5
11  -4
14  5
6  -6
11  -1
5  -1
6  -3
8  -6
9  6
11  -3
4  -2
11  0
7  2
11  0
9  4
8  -6
10  -6
12  8
7  0
19  4
15  -4
12  4
6  -4
6  -5
9  2
12  8
11  -1
2  3
8  -6
17  -7
11  -3
8  -9
11  -4
6  -4
13  -1
11  -2
9  5
5  -1
8  -5
16  -9
7  1
10  -5
13  -1
8  -7
6  -2
4  -5
13  0
14  9
17  -7
11  0
16  -9
16  -5
7  4
13  0
13  -1
9  6
11  -2
11  -2
8  -9
6  -4
9  6
12  7
8  -8
13  1
9  2
10  -4
12  7
16  -5
8  -7
8  -8
5  2
8  -9
8  -9
14  8
8  -8
6  -2
12  4
21  2
7  1
11  -1
11  -4
12  4
7  0
7  4
8  -9
11  -3
7  3
11  -2
11  0
7  4
14  7
5  0
13  -1
15  -8
11  -3
8  -8
9  2
8  -6
9  4
13  -1
7  0
11  -3
14  8
6  -4
10  -7
10  -6
6  -6
4  -4
8  -9
6  -4
6  -3
16  -7
12  6
12  7
9  6
12  4
10  -3
11  -2
7  2
16  -6
10  -4
12  4
13  -2
3  -3
13  -3
6  -6
7  1
9  5
4  -6
13  -3
15  -4
8  -6
10  -7
5  3
8  -6
10  -6
13  -3
11  -1
13  -3
7  0
12  4
6  -6
18  2
5  1
12  5
9  3
9  2
9  5
15  -6
9  3
15  -5
18  4
3  -4
6  -5
13  -3
9  4
16  -5
7  1
6  -3
10  -6
8  -7
7  1
17  -7
21  3
7  1
11  0
16  -5
10  -6
7  4
13  -2
9  3
9  5
11  -2
11  -1
7  1
11  -1
12  6
8  -6
15  -7
8  -8
6  -2
15  -8
8  -9
5  1
10  -6
