49  9
24  1
18  4
29  1
22  2
28  -2
34  -8
24  -5
28  -1
31  3
22  3
25  10
22  7
26  3
15  7
37  -4
25  3
29  4
22  4
33  0
52  -4
20  -4
27  0
25  4
24  -4
34  -3
23  -1
17  -6
29  5
35  -5
31  3
38  2
36  -5
38  2
22  7
33  -6
41  -7
20  -1
29  0
31  3
23  -5
28  -7
24  -5
26  4
33  -6
34  -1
26  7
25  10
19  -11
18  6
31  2
29  1
34  -1
27  2
26  1
21  2
23  1
29  1
14  8
26  4
39  8
19  -3
36  -9
22  3
18  3
30  8
30  3
19  -9
13  -6
28  -3
20  -1
23  -5
36  -5
28  -3
40  -5
27  -1
27  1
27  2
27  1
25  6
26  8
17  -10
25  5
29  2
31  3
35  -2
21  2
17  -11
18  3
21  1
37  -5
22  3
30  3
31  -2
16  1
31  0
24  -6
24  -5
28  -1
26  5
36  -5
22  7
29  -2
29  -3
18  6
24  1
21  4
24  -6
23  1
18  3
22  1
26  6
46  -6
18  7
22  6
27  -4
37  -1
22  1
24  -1
28  -3
26  0
32  -5
41  -6
30  5
26  8
22  6
22  2
37  -3
31  3
27  -3
31  1
31  -1
35  -10
12  -6
15  4
21  1
21  6
23  -2
30  6
31  -2
38  0
36  -6
22  9
39  11
37  -5
30  7
30  4
24  -4
23  0
29  -1
22  6
27  3
20  -5
18  9
42  -7
33  0
14  7
27  -4
31  5
27  4
24  -1
16  4
19  -8
23  2
36  -6
28  -4
29  1
21  -2
35  -10
21  1
32  -6
29  -1
30  5
27  -3
40  -5
26  4
16  6
23  3
15  3
37  -5
29  4
23  -5
22  6
33  -6
23  -4
33  -8
32  -7
26  4
22  5
16  1
31  4
22  3
31  2
27  1
28  1
32  -10
35  -10
35  -9
22  8
41  -3
19  -10
28  -2
22  1
30  8
33  -5
21  2
22  5
26  3
21  4
29  -2
25  4
20  -3
24  -4
24  1
28  -3
33  -6
24  -2
34  -1
22  2
20  1
26  2
28  -3
25  6
20  -2
31  0
20  0
25  3
23  -2
27  -4
19  -9
37  0
16  4
25  6
23  -4
21  -1
33  -2
27  2
17  -4
16  9
21  6
30  8
38  0
31  4
29  0
19  -8
30  9
24  -3
27  -3
31  5
17  -9
39  10
36  -7
37  -3
20  -5
16  2
26  1
40  -3
31  -2
29  4
26  8
29  4
24  -5
17  -11
12  -7
22  6
28  -7
38  0
40  -7
33  -5
19  -5
27  -2
19  -6
34  -4
27  -1
34  -1
46  -2
17  -11
39  9
20  -7
23  -5
31  5
20  -3
23  2
28  -4
20  -4
33  -7
28  0
37  -3
22  7
36  -9
49  3
33  0
21  1
30  6
23  0
31  0
38  2
22  3
32  -7
17  -5
34  -8
21  3
27  1
26  3
28  -6
35  -2
35  -8
31  2
30  7
23  1
29  -1
27  -3
24  -1
30  8
35  -7
13  -5
24  2
37  -5
26  1
21  4
19  -4
18  6
30  5
28  -4
24  -2
34  -4
21  0
34  -2
36  -4
23  -2
24  -6
21  5
39  6
29  5
31  4
24  0
19  -6
33  0
39  11
23  3
19  -5
29  5
32  -3
42  -3
29  2
23  1
40  -5
28  0
27  -3
29  1
15  6
25  9
27  -4
38  -4
18  10
24  1
25  5
36  -5
21  -1
21  0
37  -4
29  5
26  3
19  -8
26  7
27  -3
38  -3
32  -10
32  -2
12  -7
35  -8
38  3
30  9
17  -10
28  -2
21  2
14  7
19  -3
23  1
28  -1
22  1
32  -5
20  -6
22  4
29  1
23  -1
23  2
27  1
29  -2
21  4
29  0
29  -3
31  2
23  -3
25  10
30  5
24  -2
21  2
20  -6
25  6
35  -10
24  0
20  -1
33  -5
25  11
23  -1
26  8
31  5
17  -3
14  3
31  -3
26  0
13  -5
33  -3
25  8
31  3
19  -9
21  -1
31  2
24  0
24  -1
25  7
16  3
22  2
40  -6
27  -2
31  1
36  -3
41  -8
27  -3
22  7
28  -6
37  -1
40  -8
20  -7
23  -4
25  7
32  -10
22  7
32  -7
38  4
26  5
26  1
18  6
44  6
19  -6
31  0
22  9
25  11
17  -6
34  -8
25  11
26  5
26  5
21  3
32  -8
40  -4
37  -2
24  -6
33  -8
10  -2
25  7
22  6
24  -5
24  -1
30  7
33  -5
35  -5
32  -2
24  -4
23  -4
25  3
35  -2
27  -1
26  5
45  1
25  9
20  -2
18  3
32  -7
19  -3
26  6
26  4
21  0
30  8
49  5
23  -2
33  -2
21  -2
21  3
17  -11
27  -1
26  5
44  0
32  -10
27  1
29  5
30  4
37  -6
25  4
28  -7
17  -11
23  -1
26  4
29  -2
34  -9
32  -6
32  -8
25  9
14  8
16  9
42  -6
25  7
26  4
33  -8
33  -6
19  -10
34  -5
31  -1
24  2
16  1
22  9
28  -1
15  1
35  -6
22  3
17  -8
18  4
22  6
22  1
22  4
22  4
28  -5
30  3
27  4
17  -11
37  0
20  -6
38  4
20  1
29  0
24  0
24  2
25  10
22  1
34  -3
27  4
22  1
25  3
31  -3
17  -6
22  8
15  0
17  -5
23  1
28  -2
30  9
21  2
34  -6
23  -2
31  1
9  7
32  -6
20  -2
40  0
19  -3
24  2
28  -2
28  1
32  -9
31  1
33  -4
36  -3
26  0
17  -6
22  9
34  -4
30  6
17  -3
29  -1
38  0
25  9
21  3
24  -5
28  -6
30  2
25  4
24  2
20  0
41  -11
24  -1
19  -9
26  3
28  -5
33  -4
21  4
37  -8
30  7
26  0
18  4
23  -4
25  8
27  1
31  -1
36  -9
32  -6
39  5
28  -5
40  -3
45  -4
18  2
10  -6
28  -1
34  -6
33  -1
28  -7
45  -2
17  -8
39  8
27  2
18  7
20  -7
28  0
28  -5
29  -2
18  6
36  -3
29  2
16  7
20  1
31  2
30  3
19  -10
27  2
23  1
33  -8
18  4
29  -1
9  0
33  -8
30  6
23  -3
18  2
44  5
11  -11
33  -6
25  4
35  -8
29  -1
26  7
24  -3
30  6
27  4
16  8
31  -1
40  -5
22  5
31  4
11  -9
24  2
24  1
21  5
21  0
27  -4
34  -3
20  -3
30  2
34  -8
29  3
25  9
27  4
40  -8
30  10
27  -4
30  10
22  6
30  3
33  -2
26  8
32  -9
28  1
22  5
38  -4
17  -6
23  -1
17  -4
22  8
32  -8
23  -3
32  -3
24  -3
26  2
41  -9
12  -7
35  -10
28  -3
34  -1
18  6
34  -7
33  0
32  -5
34  -3
35  -3
25  4
27  1
24  -5
29  -3
40  -7
36  -9
20  -7
33  -4
29  -3
29  4
36  -10
28  -4
40  -3
25  4
20  0
27  -4
24  -4
22  8
22  3
41  -6
30  6
36  -4
26  2
19  -3
25  6
19  -9
25  7
20  -4
18  3
35  -8
33  -1
18  7
33  -8
37  -8
26  4
20  -3
21  6
19  -10
38  0
21  5
29  1
14  4
22  9
21  1
11  -3
28  -7
23  1
24  2
20  0
34  -6
37  -1
50  -8
18  8
33  -4
21  4
30  4
29  -3
32  -10
12  -9
33  -6
28  0
46  -2
31  -2
18  10
41  -10
14  4
26  1
23  -3
21  1
30  4
36  -4
31  5
20  -5
33  -4
22  1
31  3
15  7
21  1
27  1
20  1
26  2
28  1
28  0
37  0
14  7
43  3
22  6
16  5
23  -3
24  -4
22  4
35  -2
29  -2
22  6
46  0
22  1
21  4
25  7
17  -5
31  0
25  9
29  2
25  7
30  4
29  4
28  -7
41  -11
24  -3
16  9
25  5
26  5
20  -5
33  -6
23  -1
23  -5
17  -3
33  -7
20  -4
34  -4
35  -4
20  -5
27  1
20  -5
30  7
24  -1
27  -4
28  -7
26  8
22  7
28  -2
14  2
33  -4
23  -4
36  -9
24  0
20  -3
18  7
33  -6
24  -1
32  -6
24  -3
25  11
31  -2
17  -11
34  -8
23  -3
34  -7
30  10
39  4
32  -8
26  2
19  -6
24  2
44  7
26  7
19  -7
22  2
24  -2
23  1
34  -1
35  -2
16  2
30  8
22  6
31  0
24  -6
15  1
31  4
23  -4
32  -9
17  -3
34  -2
18  8
31  0
28  -3
29  -3
28  0
19  -4
32  -5
29  3
24  -1
17  -3
31  2
27  4
13  -6
36  -6
29  4
15  8
26  4
16  1
24  -6
29  1
29  2
23  -2
18  7
27  -1
26  5
39  3
50  -9
38  -1
21  4
34  -8
31  5
26  7
21  1
24  -4
31  -2
23  -5
29  -3
35  -2
23  -1
22  8
29  0
25  4
40  -6
19  -10
43  2
29  1
31  -1
38  -4
24  -2
23  -1
42  -3
29  3
21  3
32  -10
23  -4
11  -5
26  5
34  -9
28  -3
31  2
28  -7
27  2
29  -3
23  -2
33  -2
38  -4
30  5
26  7
28  -4
46  -2
22  4
30  5
31  4
32  -3
22  9
26  1
35  -2
29  -2
28  -4
46  -7
31  3
23  1
26  7
20  0
25  9
48  0
27  2
31  -2
37  -6
22  4
34  -7
33  -5
20  -2
46  -1
29  5
41  -6
17  -7
25  6
17  -6
21  5
34  -9
45  -7
18  7
21  3
34  -3
20  0
22  8
23  -5
34  -9
22  3
24  -5
23  -5
30  3
24  1
23  3
34  -1
27  4
28  -1
23  -5
19  -9
27  -2
18  10
42  -9
24  -1
29  2
