13  -1
21  -6
20  -6
11  -1
20  1
17  -7
20  -6
13  -3
10  -3
14  4
21  -1
8  -6
11  -7
11  -1
9  -5
21  -7
9  -9
9  0
23  -9
10  -1
2  0
21  -4
15  -4
24  4
18  6
12  7
12  3
7  -2
15  1
14  4
18  6
4  -5
16  -5
16  -7
10  6
11  -9
20  -6
17  5
13  -11
14  4
21  -11
14  -6
10  7
15  -2
13  -12
7  -7
15  2
9  -9
13  -6
14  -6
10  2
16  1
9  -9
5  -1
9  -7
14  2
15  4
3  0
9  -2
16  -3
20  -2
10  6
11  -8
20  -7
12  12
7  -9
11  2
12  5
11  -4
18  -2
13  -10
21  -3
14  -3
9  -8
13  -5
21  -2
16  -1
17  3
9  1
14  -3
16  -5
11  -9
13  -5
16  -5
12  12
10  4
15  -1
13  -5
15  -7
7  3
11  -3
16  -4
9  1
13  -9
9  -1
24  5
9  -2
16  -5
12  10
20  -7
11  -3
8  -8
7  3
11  0
16  -5
8  -9
4  -3
18  8
7  0
5  8
9  -6
11  -7
12  6
6  0
18  2
11  -2
8  -7
13  -11
10  6
18  6
19  -6
13  -7
7  1
5  8
16  -3
12  10
14  -5
16  -11
14  1
12  3
10  4
9  -8
12  6
14  -6
12  9
13  -6
13  -1
15  -4
12  3
13  -3
15  0
12  12
15  -1
18  3
8  -5
18  -3
8  -4
14  3
14  1
10  6
15  0
11  -3
22  -5
11  1
13  -11
14  -7
13  -6
19  -1
18  -1
13  -3
19  -8
13  -3
7  -2
10  8
17  -6
16  -9
16  -9
13  -12
14  -3
13  -11
20  4
30  -11
9  2
10  7
13  -5
9  -9
14  4
14  0
7  -8
15  -3
13  -13
20  0
5  3
16  -5
20  -7
16  -3
10  7
9  -1
17  -2
10  -4
15  2
13  -8
11  -7
11  -6
8  -1
8  -11
18  -2
16  0
17  -2
15  -6
11  -1
20  0
14  -6
9  -1
12  9
9  2
12  2
6  -5
12  11
12  11
20  4
12  6
8  -6
16  -11
7  -3
8  -9
13  -7
23  -3
13  -1
7  -3
9  2
9  0
4  -2
8  -7
6  -8
11  -2
11  -6
4  0
20  -2
16  -1
15  -5
6  -10
7  0
26  -11
18  2
12  0
13  -2
14  0
11  2
10  6
7  3
14  -7
9  -1
12  2
6  -6
14  -5
14  1
15  -1
12  7
12  1
18  2
10  6
21  -6
23  -8
13  -9
17  5
8  -2
6  0
10  8
18  -2
8  -10
12  10
24  0
19  -5
8  -10
7  3
7  1
18  -1
17  1
6  -7
21  -7
21  -11
11  -3
17  -5
11  -9
8  -10
8  -5
16  -6
23  -5
18  3
11  -8
22  -6
15  3
10  4
14  3
30  -7
10  8
11  -4
9  -7
3  5
12  1
22  4
12  4
6  -10
18  1
9  -2
13  -8
11  -1
11  -1
8  -5
12  6
12  5
19  -7
9  1
8  1
18  -2
21  -10
7  -6
23  -12
17  3
16  -9
12  0
9  0
19  -9
12  8
14  3
14  -5
18  5
8  -1
12  5
12  1
6  2
8  -2
15  0
14  -5
15  0
5  -4
14  3
16  -11
16  -6
12  8
11  2
22  3
14  -4
8  -3
16  0
13  -13
9  -10
20  -7
12  5
5  -1
7  -2
13  -9
7  -7
21  -7
14  -5
15  -5
26  -4
6  -2
11  -5
19  -2
11  -4
18  1
11  -7
10  -1
12  8
17  -7
24  7
14  -5
16  -6
13  -1
26  -1
8  -5
16  -3
20  2
16  -8
24  3
14  -4
8  -3
17  -6
10  1
3  -2
17  4
16  -9
7  -4
13  -4
13  -1
21  -1
16  -10
6  0
14  -6
19  1
18  0
13  -11
10  6
4  3
7  -7
10  3
20  1
6  -8
3  8
18  -2
15  -7
14  4
7  -8
15  -5
15  -5
21  -6
13  -6
10  0
12  2
17  -5
15  1
8  -11
14  1
21  -7
12  6
6  -10
13  -5
9  -3
22  1
8  -11
11  0
17  -7
14  -5
9  -1
15  1
16  -10
22  -6
33  -1
11  -1
26  -8
26  -6
17  -5
17  5
22  0
22  6
12  10
12  6
16  -2
5  6
12  4
6  -6
8  -4
8  0
12  6
13  -10
9  -3
16  -4
11  -6
7  1
18  4
17  3
13  -10
18  4
12  3
6  2
10  5
11  -2
24  2
11  0
14  -3
18  5
12  3
16  -3
5  6
10  4
7  -2
16  0
20  -7
7  -6
16  -2
11  -8
12  0
14  -5
9  0
12  1
17  -6
5  6
22  2
9  2
21  -11
13  -12
7  0
13  -10
11  -7
14  -1
13  -11
14  -6
14  1
8  -4
14  2
17  4
15  4
10  -2
9  -6
15  2
18  7
15  4
10  6
9  -4
13  -1
10  8
12  5
19  -6
14  0
9  2
16  -11
21  -10
25  -4
16  -2
19  3
17  4
8  -1
12  9
21  -12
18  0
10  -1
13  -1
4  2
4  5
12  11
13  -5
6  -1
11  -4
14  4
22  3
10  2
14  -8
13  -4
11  -5
7  -2
16  0
14  3
10  4
13  -8
9  -4
18  -2
19  1
20  -8
6  -3
6  0
5  -4
23  -10
15  3
16  -3
17  -5
10  5
17  5
14  -8
13  -1
9  -5
15  -3
23  -12
11  -4
24  9
18  0
17  1
8  -5
30  -12
12  7
6  -1
34  1
16  -5
8  -8
30  -8
12  3
20  3
30  -3
13  -4
8  1
13  -3
14  -4
14  3
7  -6
6  -8
9  -10
5  -1
13  -5
16  -8
10  2
20  -5
8  -1
14  0
16  -6
19  -1
18  4
9  -10
8  -3
12  1
14  4
8  -9
18  7
6  -1
12  12
18  0
11  -1
9  0
12  6
15  -1
11  -4
14  -1
15  -5
12  6
13  -5
9  2
10  2
8  -11
12  4
16  -9
21  -13
8  -4
13  -12
7  -9
15  -3
21  -7
9  -9
19  -3
10  1
11  -1
12  10
7  -5
10  -2
17  -7
16  -11
28  1
12  12
10  4
14  3
16  -2
12  0
16  -6
10  1
8  -2
12  11
10  1
5  -3
13  -7
11  -10
16  -2
13  -1
11  -8
10  7
20  1
20  3
15  -3
9  -7
8  0
18  -2
12  11
8  -3
15  0
13  -1
7  -5
11  -1
11  -2
8  -10
11  1
14  -4
7  -2
7  -3
8  -2
4  -3
18  1
20  -4
9  -5
26  -10
7  -9
21  -8
13  -12
13  -9
9  -4
8  -7
10  -4
28  6
21  -3
3  6
14  -3
21  -1
28  5
16  -5
23  -5
18  3
13  -1
15  -3
17  -5
11  -1
12  3
12  1
7  -6
10  -1
3  3
22  -6
12  4
20  -3
10  4
16  -4
13  -2
9  -6
15  0
12  0
14  -2
16  -10
16  -6
10  -3
16  -9
12  8
12  0
12  12
13  -5
7  -7
23  -3
11  -6
6  2
15  -1
17  0
12  1
11  2
13  -2
9  0
13  -13
10  8
12  12
11  -3
8  1
21  -2
14  3
14  3
18  -3
4  3
9  0
24  10
18  -3
8  -5
15  1
20  0
8  -8
22  -4
12  3
21  -13
10  8
11  -1
7  -6
14  3
14  2
5  0
6  -9
11  0
8  -8
19  0
8  1
10  -3
16  1
11  -8
13  -10
19  -7
3  -2
12  12
10  -2
9  1
9  2
15  4
9  -1
16  -10
18  -2
19  -8
13  -12
17  -5
20  -6
7  -7
14  -7
17  -1
11  -6
19  -6
16  -9
9  -3
14  -6
7  -7
8  0
5  6
19  -9
11  -5
29  -1
25  -1
12  1
6  -1
12  10
18  0
10  1
13  -6
23  -9
6  0
6  -6
9  -5
7  3
17  0
10  4
13  -3
16  -7
6  -3
7  -6
12  2
13  -10
7  1
13  -11
6  0
12  8
12  6
9  -6
8  -9
14  -7
16  -8
16  -10
6  -9
10  3
11  -3
7  0
4  0
18  -4
5  6
13  -13
16  -11
7  -1
7  -6
17  1
19  -2
12  12
13  -7
33  5
15  -6
17  -3
11  -3
10  2
15  -5
13  -5
6  -4
9  -1
25  -3
11  -6
10  -1
9  -4
16  -4
14  -6
11  0
18  6
18  2
14  -5
21  -1
19  -3
14  3
10  -1
29  -2
10  4
19  -5
12  6
8  -10
11  2
16  0
7  -2
22  1
27  -4
17  -6
17  1
19  3
15  -8
8  0
11  -10
12  1
10  5
10  -4
19  -5
22  -2
11  -5
16  -11
14  -7
6  -7
11  -9
20  -1
14  1
12  10
14  -1
22  -6
9  0
14  -5
14  -8
15  -3
8  -10
21  -2
6  1
12  2
19  -3
17  0
22  -2
12  8
19  -3
9  2
5  5
15  1
12  10
17  4
13  -10
8  0
14  -8
15  1
14  -1
19  -3
10  -3
18  4
11  -3
17  5
11  0
15  -5
18  3
11  1
7  2
11  1
8  -9
18  1
22  -3
10  3
21  -12
19  -3
8  -7
9  0
10  -4
17  -6
15  1
14  -4
10  7
9  -3
24  9
5  3
11  -8
3  4
17  -3
15  2
23  -7
9  -4
12  8
5  4
19  -9
13  -2
11  -10
17  -1
8  -4
10  7
9  2
15  1
30  0
10  3
23  -5
4  2
26  -7
10  2
10  3
9  -10
6  -2
11  -8
23  -4
8  1
18  6
12  8
16  -5
14  -1
7  -1
5  0
11  -10
18  -1
12  3
12  1
14  -6
11  2
17  -7
15  -7
7  -9
13  -9
16  -10
13  -3
19  -2
9  -6
12  0
17  -6
10  0
13  -5
14  1
17  2
16  -2
12  8
17  4
10  1
22  5
11  -3
17  -2
4  0
7  -4
15  -5
14  4
9  -6
16  -4
14  -4
13  -2
18  4
17  -4
9  -9
13  -4
10  2
12  0
12  5
6  -1
14  -8
