39  -5
66  -4
63  4
86  10
50  -7
81  -1
60  0
62  0
80  -8
90  -5
63  1
66  3
72  6
82  -12
69  8
76  -7
77  5
77  -1
97  -2
77  -5
73  -7
56  7
61  7
60  -1
72  7
100  -3
67  0
70  7
65  5
69  11
45  -5
94  5
77  0
82  -4
75  4
63  8
78  -1
62  2
89  10
95  0
49  5
69  -1
69  7
60  3
43  0
67  -9
67  -8
66  -2
59  -5
59  -8
55  -6
52  -4
82  -1
92  10
69  6
96  7
81  -7
62  7
59  2
72  7
65  5
68  8
75  10
56  11
61  10
53  -1
75  2
61  4
57  4
44  -2
62  2
45  -1
72  1
81  7
74  7
67  -10
73  6
83  9
79  0
79  10
83  5
51  -6
56  -1
66  -1
95  -9
57  1
54  6
44  -12
56  7
63  8
73  4
84  6
88  1
63  12
57  -8
48  2
55  2
70  -6
60  -3
73  -6
65  -3
103  5
64  4
69  11
65  -1
47  -9
74  -2
89  0
98  -6
56  6
47  -1
106  7
69  9
62  0
75  -2
69  9
68  3
89  3
78  -12
65  -3
69  6
67  -1
64  -7
83  4
81  -5
98  -4
79  7
70  1
76  -7
66  3
95  -3
68  6
71  -5
72  0
56  6
73  7
94  5
88  -1
53  -4
67  -12
40  5
51  -1
44  -9
63  4
76  -4
61  10
91  -5
55  -9
60  0
90  -4
52  -8
84  7
71  -8
60  -6
62  9
62  3
62  14
60  7
70  0
84  0
68  1
77  1
72  5
91  -5
62  9
50  -6
72  14
67  -14
44  -2
59  -11
71  1
66  -2
47  -5
72  1
85  -11
68  0
75  2
91  1
96  10
76  0
59  -4
67  -5
65  -5
45  6
65  -4
78  -11
45  -8
64  4
59  -6
71  -3
99  7
71  -8
80  -7
51  -11
81  -6
76  0
58  8
45  -1
75  8
75  -1
70  -6
65  5
74  5
73  1
69  2
62  0
73  -3
66  8
62  5
100  -5
80  -2
71  -4
74  6
89  7
59  -2
71  -7
78  -4
82  -1
99  11
73  1
57  -2
67  -6
45  4
66  -2
61  8
72  8
80  -10
54  4
52  -8
66  2
47  -8
66  -6
77  -6
64  -6
70  -3
60  5
65  -9
82  -1
65  4
54  10
60  -6
83  3
72  13
48  13
58  3
81  7
64  -3
48  8
87  -1
84  2
78  -7
71  6
72  6
83  1
37  -11
57  -9
63  5
85  -10
63  7
94  5
68  4
68  12
72  2
55  -7
106  8
64  0
86  6
64  -7
59  1
70  -1
92  1
70  -2
62  8
68  3
49  2
61  0
49  -3
72  11
47  -10
88  -4
40  -5
87  -9
45  -7
80  -1
78  -11
70  7
60  -2
61  8
68  1
75  5
68  9
76  -7
43  6
68  6
55  -3
65  3
49  3
86  9
76  -7
64  6
58  2
70  -1
55  3
51  -13
73  0
65  0
66  6
54  11
54  -3
64  -1
49  -2
89  3
57  0
56  10
79  2
74  11
87  -2
61  -3
87  -9
43  -3
70  6
74  3
75  5
63  4
51  0
79  12
68  4
63  5
64  0
93  4
78  -2
60  2
69  3
92  8
89  -2
85  -2
61  1
70  0
65  2
54  0
84  -3
79  2
52  -10
84  -2
80  -13
42  -4
73  -4
58  -4
51  -12
43  1
44  -7
88  -8
60  7
59  -10
75  11
58  7
66  -6
60  8
52  -10
80  -4
85  -12
73  -5
66  2
57  2
67  0
93  5
50  -7
62  2
86  6
59  -12
74  -3
72  5
59  -3
60  7
53  -12
57  -6
76  5
67  -12
75  -2
56  12
59  2
56  3
88  0
82  -6
66  4
71  5
69  8
83  0
93  7
86  4
60  -3
79  11
48  1
57  -1
93  1
45  -6
49  8
48  13
63  1
86  8
56  8
81  -6
42  -8
71  -5
85  -6
78  -2
97  2
74  -1
66  4
82  -10
58  -1
61  2
50  -12
81  -2
74  9
59  -8
76  -2
94  -3
73  2
66  -1
67  0
48  11
45  -6
69  7
78  -8
76  5
68  10
77  -2
63  9
63  6
59  -5
69  6
71  -8
93  -4
50  -5
47  0
65  4
60  -5
61  8
68  1
69  6
68  14
60  -3
79  6
47  -12
58  6
65  2
48  2
59  -7
67  -9
77  -3
55  -7
64  -1
72  8
73  -5
73  2
98  -1
80  -11
54  -3
94  -1
52  1
64  -3
67  -4
66  3
58  -5
53  -12
69  8
68  9
79  10
85  0
70  -2
83  8
56  8
54  6
58  1
65  -9
64  4
54  8
71  1
67  -3
61  8
59  -11
57  0
70  8
59  -10
59  -12
84  -6
74  6
47  -5
54  0
52  -4
53  -10
51  -7
81  4
71  4
46  -3
58  -5
56  1
64  7
57  0
68  12
60  6
74  7
59  -1
55  -7
68  13
47  -12
63  14
50  -2
83  9
80  -2
75  4
62  0
84  -6
46  3
73  2
55  -1
54  2
63  7
63  0
60  7
64  1
65  -2
47  -12
75  7
73  1
82  -3
64  7
77  0
52  -8
77  -7
55  -9
99  5
68  3
46  -1
77  -4
67  -6
76  -4
75  2
93  3
51  -4
79  9
79  2
66  6
54  -2
64  -1
55  -5
73  -5
54  -3
58  -4
60  5
55  3
47  -3
70  4
73  4
66  -2
35  2
46  -2
58  -1
68  2
102  5
88  0
49  -1
63  2
81  4
54  9
83  6
70  4
59  -8
55  -10
70  2
75  12
79  1
47  1
40  -1
53  -6
51  -13
60  -3
85  -2
60  -6
78  -9
71  -7
71  -2
69  1
59  1
63  8
67  0
74  0
66  -6
63  3
67  -8
74  9
61  3
79  12
56  9
68  7
74  -1
66  -3
57  -5
48  1
58  -3
56  10
59  -8
74  3
77  1
55  2
43  4
43  -3
67  -11
61  5
94  -3
62  7
67  -10
70  -2
73  3
60  0
68  10
64  7
68  2
49  5
70  -1
70  -1
61  -3
62  0
63  12
87  -6
75  -1
67  0
100  6
62  9
55  -4
91  2
98  5
57  4
59  -6
44  -8
99  3
61  -4
82  -5
64  -6
77  2
62  0
87  -3
89  2
77  6
83  10
85  -6
65  2
49  -1
65  1
63  9
63  11
44  -10
72  0
72  2
50  0
63  6
92  4
59  -7
68  5
35  -10
96  9
60  5
45  -5
62  5
71  6
64  3
82  -10
77  6
47  1
70  5
82  1
67  -9
48  12
37  -9
44  -8
62  9
74  3
62  14
99  0
65  -8
92  -4
78  -5
68  4
74  7
64  -7
47  -5
60  -3
58  4
69  1
58  -1
76  -7
91  1
63  14
58  -1
75  11
64  0
71  2
44  0
76  6
45  5
79  -1
44  -7
56  1
70  1
79  3
59  -12
74  6
73  -3
115  -6
60  -1
68  2
61  -2
80  -12
49  4
74  11
66  5
98  -2
67  -2
96  5
71  -8
72  0
74  0
70  -5
60  5
79  2
78  -8
84  7
61  6
74  7
43  9
109  4
53  -9
63  10
59  -7
57  3
70  2
73  7
64  1
46  -10
69  6
51  -9
61  -4
57  -3
75  6
103  2
92  7
87  -3
44  -2
67  -7
90  -7
90  2
47  0
57  -5
72  10
56  6
60  -2
53  -2
56  10
53  -4
63  14
60  -1
65  -5
43  -4
59  -7
70  -5
41  1
63  5
64  -7
57  -10
64  3
83  4
61  10
73  -3
73  -7
66  6
77  -3
79  11
57  1
74  10
59  -4
74  11
75  0
68  2
54  6
47  1
54  -2
60  -3
83  12
65  5
60  1
76  5
98  1
67  -1
67  -4
60  0
47  -8
56  8
82  -10
64  1
67  -6
68  14
71  -2
90  -12
67  -6
60  -4
66  -1
98  -3
84  5
63  2
71  -3
69  12
73  5
61  8
63  9
70  7
56  9
59  -12
79  12
73  3
49  0
70  0
61  5
61  -4
74  6
83  10
76  -3
60  2
50  -2
71  4
75  2
77  7
58  8
68  6
80  -11
83  14
75  -2
76  -2
77  -2
47  -3
69  2
61  2
63  10
64  -6
52  -8
57  -7
58  6
79  2
87  -2
71  -2
67  -2
82  -3
59  -12
62  13
105  7
59  1
103  4
72  1
66  -6
76  2
58  9
78  -4
74  0
48  10
102  -1
117  1
59  -2
58  4
61  1
68  0
75  12
47  -5
52  -8
71  -8
64  3
55  -3
71  -8
69  1
56  -1
63  4
78  -2
61  -1
66  2
70  7
79  5
89  -3
50  -8
51  -2
85  -8
59  -12
82  0
76  -3
62  5
51  -1
65  3
70  3
78  -8
64  2
90  0
90  -1
89  10
76  -6
50  -2
49  5
79  13
69  9
62  8
91  2
89  0
63  2
72  1
69  12
54  8
48  9
97  -2
77  6
63  10
60  1
67  -5
58  2
72  9
70  -6
69  0
67  -1
83  5
59  -1
48  2
66  3
60  8
89  8
65  1
65  -9
62  12
65  2
43  9
58  -1
77  5
76  3
72  10
53  -7
67  -6
44  -2
56  13
68  2
70  -4
57  -4
82  -8
64  3
40  -1
86  8
54  7
67  -3
86  2
75  8
65  5
51  -5
87  -2
48  2
61  5
70  8
47  -11
66  -1
65  -7
64  -7
43  -1
68  10
70  5
70  2
53  -3
71  -5
72  13
52  3
59  -4
74  -1
58  5
89  -3
48  7
54  3
75  11
61  8
58  7
62  5
70  -1
73  -7
53  -6
58  8
82  -11
53  -12
55  -10
72  6
54  10
67  -4
64  4
64  -4
55  -4
80  -12
58  -4
53  -13
63  8
62  11
