8  -8
8  -8
6  4
8  -6
7  -3
14  6
7  -2
7  -2
9  6
14  5
14  7
12  0
14  6
17  4
11  -7
14  7
13  -8
18  -3
3  -2
5  3
8  -6
13  -7
12  2
14  5
14  7
16  -5
3  -1
10  -6
17  5
14  7
13  -6
17  5
7  -4
5  3
9  5
3  -2
7  -2
10  -6
8  -6
11  -6
10  -4
16  -4
10  -5
11  -6
8  -6
13  -6
13  -7
11  -6
18  -2
6  5
8  -6
7  -2
11  -7
9  6
12  2
14  5
10  -5
9  6
3  -2
19  6
15  3
12  2
8  -8
6  4
7  -4
11  -6
10  -4
12  0
6  5
7  -4
9  4
8  -6
5  4
3  -2
1  1
14  5
4  7
7  -3
18  -2
5  4
13  -8
11  -6
18  -4
8  -6
10  -6
7  -4
11  -6
9  4
14  6
3  -2
5  5
11  -5
13  -6
8  -6
13  -6
8  -6
13  -8
17  6
5  5
2  7
5  5
11  -7
12  2
13  -7
7  -3
11  -7
6  4
7  -3
10  -5
18  -4
10  -6
12  0
9  4
4  6
9  6
14  6
8  -7
6  5
9  6
6  5
5  4
7  -4
13  -6
15  1
13  -7
9  6
13  -6
10  -5
9  5
10  -5
12  0
13  -8
10  -5
9  6
8  -7
14  6
3  -1
17  6
11  -7
13  -6
15  2
6  4
18  -2
9  5
10  -6
12  0
11  -5
9  5
4  7
20  3
7  -4
5  5
13  -8
6  6
16  -5
7  -4
10  -4
4  7
11  -5
11  -7
9  4
8  -8
5  4
3  -1
15  3
9  6
9  4
12  0
11  -6
14  5
10  -6
16  -4
5  3
7  -3
15  1
20  3
8  -8
8  -6
8  -6
13  -8
17  6
8  -8
18  -2
12  2
9  6
4  6
9  5
7  -2
9  6
18  -3
18  -4
12  2
14  7
11  -7
6  6
10  -5
10  -5
12  2
15  1
5  4
11  -5
10  -5
12  0
13  -6
13  -8
8  -7
15  3
10  -4
14  5
6  6
10  -6
13  -7
8  -8
14  7
12  2
13  -6
3  -3
10  -4
9  4
4  7
7  -3
8  -7
6  6
6  4
5  3
10  -4
15  1
18  -4
9  5
9  5
6  5
9  4
5  4
18  -4
9  5
6  6
3  -1
10  -6
10  -6
11  -7
16  -3
10  -5
9  6
11  -5
5  4
4  7
9  6
10  -6
9  4
9  6
4  6
18  -4
7  -4
10  -4
11  -6
5  5
15  1
9  4
6  5
10  -6
12  0
3  -2
10  -4
6  6
16  -4
6  6
9  5
16  -3
19  6
10  -4
7  -4
9  4
5  5
5  3
8  -8
16  -5
12  1
10  -6
9  5
15  1
6  4
13  -8
12  2
10  -6
15  2
2  8
10  -6
17  4
13  -7
7  -2
11  -5
10  -4
5  3
15  2
10  -5
4  6
15  2
7  -3
8  -8
8  -7
7  -3
4  5
3  -2
10  -6
10  -6
7  -3
7  -3
10  -5
10  -5
14  5
10  -4
5  5
5  4
15  3
10  -6
7  -3
18  -3
11  -5
8  -8
15  1
6  5
13  -8
6  6
10  -6
12  1
7  -3
16  -5
12  1
6  5
6  5
10  -4
9  6
11  -5
13  -8
9  6
14  6
9  6
12  2
6  4
10  -5
12  2
9  4
13  -7
8  -7
5  3
8  -6
8  -6
17  6
6  6
12  2
4  5
15  1
8  -6
9  5
5  4
5  4
10  -6
9  4
6  4
14  7
5  4
9  5
9  6
5  3
10  -6
9  4
13  -8
16  -4
10  -6
16  -5
6  4
10  -5
4  6
11  -7
12  1
6  5
8  -7
12  1
5  3
11  -6
9  6
10  -4
16  -5
4  5
7  -2
8  -8
1  1
9  4
8  -8
7  -2
3  -2
11  -5
12  1
9  4
7  -2
6  5
8  -8
10  -5
10  -4
10  -6
8  -7
13  -8
7  -2
9  5
8  -6
14  7
8  -7
3  -1
13  -7
12  1
16  -3
15  2
13  -7
20  5
12  0
6  4
10  -6
6  4
8  -8
8  -7
7  -2
6  5
16  -4
3  -2
4  7
13  -7
7  -3
6  5
19  7
12  1
6  4
7  -2
10  -6
12  0
12  1
12  0
17  4
11  -7
9  6
8  -8
9  5
2  6
12  1
15  2
15  3
5  3
8  -8
13  -6
14  7
12  0
9  6
7  -2
3  -1
10  -4
15  1
10  -5
21  2
8  -6
9  4
8  -8
7  -3
1  2
12  1
3  -1
13  -8
3  -3
11  -5
11  -6
7  -3
9  6
5  3
11  -6
10  -4
6  6
14  5
6  4
4  7
8  -8
13  -8
7  -3
11  -7
12  2
18  -3
9  4
13  -7
9  4
4  5
9  4
11  -5
4  6
10  -5
7  -3
9  5
14  5
9  4
14  7
10  -6
9  4
12  0
3  -3
5  5
11  -5
11  -6
12  0
9  6
16  -4
4  6
12  2
5  4
17  5
8  -7
12  1
16  -3
11  -7
8  -7
9  5
14  5
6  4
8  -6
6  5
7  -2
14  5
20  4
10  -4
6  6
13  -8
20  4
7  -3
14  6
9  4
2  6
10  -6
10  -6
12  2
13  -7
21  0
3  -3
7  -3
11  -5
9  5
9  5
5  3
11  -7
15  1
11  -7
14  5
11  -6
6  4
17  4
6  4
14  7
12  2
5  4
13  -7
13  -7
15  2
17  6
20  5
18  -2
10  -4
18  -3
10  -4
8  -8
6  6
15  2
4  6
18  -3
11  -6
6  4
12  1
16  -5
9  6
8  -7
11  -7
5  5
12  2
6  4
16  -3
5  3
18  -4
8  -8
8  -6
10  -6
12  2
9  5
7  -4
8  -7
4  6
9  6
11  -5
12  2
11  -5
4  7
21  1
5  3
3  -3
19  5
5  4
10  -6
13  -7
7  -3
17  4
13  -8
6  5
6  6
6  4
10  -5
9  5
12  2
8  -6
8  -7
15  2
13  -7
8  -7
13  -7
6  4
7  -3
12  1
8  -6
12  1
2  7
6  6
11  -5
15  3
8  -8
12  1
3  -1
16  -4
15  3
9  4
8  -8
7  -2
7  -4
10  -4
18  -3
8  -7
9  4
12  2
8  -8
11  -5
12  0
5  3
7  -3
11  -6
6  4
11  -7
7  -3
12  1
9  5
10  -4
14  7
17  5
9  5
6  4
3  -2
8  -6
9  5
6  6
9  4
13  -7
11  -7
12  2
11  -6
9  4
5  5
17  4
15  2
11  -7
14  5
18  -2
11  -6
5  4
8  -7
3  -2
7  -3
9  6
18  -2
11  -6
16  -3
6  5
6  4
7  -2
9  5
5  5
6  5
9  6
13  -8
6  5
9  5
12  2
8  -7
2  7
11  -7
8  -6
11  -6
19  5
6  6
16  -3
9  6
14  6
11  -5
8  -6
4  5
5  4
9  5
14  5
9  6
4  5
4  7
7  -3
2  8
13  -8
3  -3
7  -4
18  -3
17  6
18  -2
11  -5
7  -4
7  -4
10  -5
10  -6
19  5
9  6
12  0
11  -6
5  5
10  -6
16  -4
3  -2
12  1
4  5
11  -6
18  -4
7  -2
14  7
9  6
8  -6
11  -5
10  -5
5  3
14  6
9  5
5  5
8  -8
13  -6
10  -4
11  -5
15  2
12  1
16  -3
10  -5
12  0
8  -8
9  4
11  -6
13  -6
8  -6
18  -3
5  5
16  -4
11  -6
6  6
12  0
10  -5
4  6
11  -6
4  7
17  4
9  4
10  -6
8  -7
10  -5
12  0
13  -7
17  5
9  5
11  -7
7  -2
9  4
4  5
21  0
9  5
17  5
11  -7
17  5
10  -5
9  6
12  1
13  -6
11  -6
21  1
17  4
10  -4
19  5
13  -7
12  1
12  1
10  -4
7  -3
10  -4
5  3
19  7
4  6
21  0
13  -8
4  6
21  0
13  -7
7  -2
9  5
4  7
5  5
6  6
12  1
7  -3
8  -7
8  -7
11  -6
8  -8
17  6
5  4
6  4
7  -4
10  -5
11  -5
19  5
12  1
17  4
12  2
11  -7
11  -7
6  5
7  -3
10  -6
16  -5
5  5
16  -3
6  6
2  7
7  -2
4  5
11  -5
3  -3
13  -8
5  5
4  7
4  7
14  7
11  -5
13  -6
8  -6
4  6
13  -6
15  2
12  0
8  -6
12  0
13  -7
7  -4
8  -7
2  7
9  4
6  4
11  -6
23  1
9  5
14  7
15  2
10  -4
6  5
13  -6
16  -5
11  -6
17  6
6  4
10  -4
10  -5
9  6
19  6
10  -6
10  -5
11  -7
10  -4
7  -2
7  -3
6  4
18  -2
28  -2
9  4
9  6
16  -3
11  -6
9  6
12  0
11  -6
15  2
13  -8
11  -5
15  3
9  5
5  3
7  -4
7  -2
5  5
10  -5
7  -3
8  -8
7  -3
8  -7
26  5
10  -5
9  5
9  4
8  -7
12  1
5  5
14  7
9  5
4  6
11  -6
7  -4
10  -6
8  -7
3  -1
6  4
11  -7
8  -8
8  -6
8  -8
0  4
12  0
9  4
11  -7
9  4
11  -6
15  3
8  -6
14  6
16  -3
6  4
10  -4
13  -6
9  5
10  -6
17  6
13  -6
7  -2
13  -8
5  3
5  5
11  -5
12  0
9  6
6  6
12  0
9  5
13  -7
13  -8
5  3
5  3
9  4
12  1
10  -6
2  6
10  -6
12  1
3  -2
9  4
4  6
13  -6
12  1
4  6
13  -8
10  -4
10  -6
8  -6
4  6
10  -5
11  -7
11  -6
7  -4
12  1
3  -3
17  5
8  -7
10  -5
14  6
16  -3
10  -4
6  4
10  -5
15  1
11  -5
16  -4
9  6
5  5
8  -6
10  -5
12  1
