30  -2
18  -3
27  3
23  -13
17  1
17  1
20  -12
36  -4
11  1
22  10
12  -6
38  2
17  0
33  -6
17  6
28  -8
30  -4
22  2
13  6
14  -11
13  9
18  -6
24  9
13  1
16  1
33  -9
22  13
16  7
16  -5
27  -1
19  3
16  5
24  10
20  -10
24  10
13  1
18  -6
26  -2
19  0
20  -2
26  -1
23  -3
22  1
16  2
23  -11
21  -13
21  -1
20  0
32  -2
17  12
21  -9
30  -5
14  -4
10  9
24  8
25  4
22  3
40  8
15  -2
18  -6
32  -2
22  7
16  4
15  4
21  0
14  -11
25  6
24  10
27  7
10  3
15  -8
16  -4
16  0
18  1
19  -1
22  4
22  3
15  -7
30  -4
24  4
17  5
33  -10
17  4
17  7
17  4
22  7
22  1
29  13
17  6
14  -6
13  7
28  3
24  1
23  -7
15  5
21  -7
25  8
10  0
28  -5
21  -9
16  7
22  7
24  1
23  -14
16  2
24  7
24  5
28  3
20  -3
18  -7
19  2
21  -5
13  0
28  3
13  9
31  2
16  4
10  1
15  -7
20  -1
30  9
13  6
21  -4
15  -6
19  -1
24  2
27  7
17  7
21  -6
30  -4
27  2
14  -10
10  6
17  -1
20  1
20  -6
29  10
26  0
10  -1
17  4
19  1
17  -2
18  -9
19  6
18  1
24  -1
21  -11
8  4
12  -6
24  3
21  -13
18  -8
21  -1
19  1
17  7
13  0
14  -10
29  0
24  0
21  -11
22  5
17  0
33  -3
26  7
22  12
18  4
15  -3
29  14
32  -10
18  -4
24  -2
24  -2
22  10
23  -14
42  3
14  -12
29  13
23  -2
26  5
16  -7
25  3
12  -1
23  -8
11  -3
31  1
20  -3
15  -3
25  7
18  3
24  -1
28  5
21  -7
21  -1
13  -1
17  9
14  -7
17  10
27  6
23  -9
25  -4
21  -9
16  -1
24  3
30  1
22  0
11  -8
24  11
19  6
27  6
18  2
20  2
16  0
24  -2
23  -12
18  2
16  -7
22  7
14  1
15  -1
19  8
23  -6
13  8
16  5
16  7
12  -6
21  -6
23  -7
14  -3
14  2
30  0
31  -4
27  -6
15  -5
21  -11
16  7
9  -8
24  10
21  0
26  9
17  5
27  3
30  6
18  -2
34  -11
17  9
16  -2
24  1
17  9
23  -14
20  -5
12  -10
20  -7
36  0
14  -10
16  7
14  -8
33  -6
16  3
16  4
34  -6
22  11
28  -2
15  0
29  4
22  6
20  -3
23  -9
27  6
20  -11
18  3
19  7
19  -3
18  -4
17  5
22  8
18  -7
11  -7
20  -1
26  2
15  -7
19  -4
16  6
23  -1
14  -8
29  11
17  2
13  12
20  -6
27  4
13  8
23  -9
12  -11
15  -6
13  9
26  1
20  -5
15  1
11  -4
18  1
21  -6
14  -8
15  -3
10  8
28  1
41  12
37  -3
19  1
33  -9
12  -7
34  -10
14  -3
16  -2
24  7
14  -10
30  4
27  -5
20  -10
17  10
19  4
18  -10
25  5
14  2
24  11
19  0
24  6
27  0
17  2
21  -4
25  -5
19  3
28  -2
26  2
16  -2
15  -6
18  -9
25  0
17  6
13  10
14  1
28  -4
18  3
36  4
38  -2
28  -1
13  4
17  6
31  -2
19  7
18  1
24  0
17  7
17  11
26  -3
21  0
18  -4
18  0
22  5
16  1
18  -10
20  -6
11  -6
22  10
23  -2
29  1
18  -3
16  -7
12  -8
18  -7
23  -8
15  -2
15  0
20  0
19  1
16  0
15  -3
13  2
12  -1
17  2
27  6
25  9
24  11
17  1
12  -7
23  -10
24  11
24  9
22  6
15  0
22  9
23  -9
23  -14
18  -10
9  -2
18  1
24  10
20  -4
24  3
23  -13
20  0
13  -1
16  6
24  0
16  -3
21  -5
26  6
20  -2
20  -6
11  0
23  -8
20  -11
30  1
24  10
23  -10
18  -5
15  -4
23  -6
23  -4
23  -4
21  -1
19  10
18  -1
21  -9
18  -4
19  -3
27  5
16  -1
17  8
15  4
22  0
21  -12
23  0
14  -8
28  3
15  4
19  -3
8  6
9  -8
19  5
11  -5
27  1
20  -8
12  -8
25  1
15  -9
17  7
19  -1
24  4
20  -10
11  -7
28  2
9  -9
21  -9
17  -1
24  10
16  0
20  2
25  1
22  5
15  -2
23  -2
29  5
21  -9
22  8
22  7
13  10
21  -4
18  -5
29  0
23  -6
19  0
20  -11
25  9
15  -8
22  3
27  -6
23  -6
27  -5
27  -6
14  -5
27  -6
11  -5
34  -3
27  -3
15  -9
34  -7
17  2
5  -2
12  -4
34  2
16  2
29  1
19  2
11  1
30  5
26  3
37  -9
17  9
18  3
11  -7
14  -12
18  -10
22  11
15  2
19  0
26  11
35  -6
21  -5
15  -3
23  -14
23  -10
16  -3
22  6
12  -6
22  5
23  -13
23  -10
20  -1
25  -2
15  2
14  -5
21  -12
22  0
29  3
23  -12
34  -5
22  2
16  -1
32  -5
22  1
25  -5
17  7
15  1
27  2
22  10
18  0
24  1
12  -5
15  -1
14  0
16  0
19  3
19  1
33  -5
15  -3
16  -3
19  -1
32  -4
24  10
23  -3
16  -1
24  2
20  -12
15  -2
14  0
14  -5
12  1
32  -14
16  -1
25  6
21  -12
30  6
20  -7
14  -12
28  -1
13  9
9  -10
32  0
30  -2
22  5
26  7
20  -3
32  -11
15  -9
18  -6
12  -6
31  -2
31  0
18  3
32  -11
25  3
25  -4
14  2
26  5
10  -1
12  -1
19  5
11  -11
22  9
14  -2
20  -1
20  2
27  7
10  9
13  2
18  -7
16  6
17  12
19  8
24  -1
16  4
33  -1
28  -6
23  -10
20  2
10  0
19  -3
21  -10
20  -12
15  -3
16  1
14  -3
18  -6
25  2
17  1
27  4
19  3
9  -9
15  -6
17  2
11  -13
13  9
12  0
29  14
9  3
16  3
24  12
17  10
20  -6
16  6
26  3
16  -3
25  4
12  -8
13  3
30  0
12  -7
27  5
14  2
32  -2
42  6
13  9
13  9
16  5
18  3
13  3
33  -7
31  -2
21  -7
15  5
25  1
29  11
32  -5
15  -4
20  -4
18  -10
14  -9
20  -2
19  5
14  -1
20  0
27  6
16  -7
15  -5
21  -6
20  -4
24  1
16  -1
28  -8
30  6
21  -4
25  2
30  2
22  10
24  7
29  14
20  -8
34  -1
37  1
17  10
22  10
21  0
14  -12
20  -1
17  11
25  4
15  -4
16  -6
18  1
22  8
18  0
19  6
25  -2
27  -1
27  5
29  11
26  0
16  -6
14  -8
19  7
17  8
9  -5
31  2
29  8
11  -4
24  3
14  -6
31  2
19  0
27  -3
17  2
21  -8
17  1
33  -9
21  -11
26  -2
16  7
9  -4
12  -8
14  -11
13  9
31  -12
23  -5
14  -9
18  -1
17  2
27  -2
26  5
11  -5
20  -4
21  -13
15  -1
21  -3
27  -3
23  -12
14  -10
14  2
23  -10
25  8
18  -7
18  2
14  -7
19  -2
14  -1
14  -3
18  3
15  -8
22  10
20  1
21  -8
15  4
22  6
9  -4
32  -11
16  -2
27  -6
29  4
24  6
31  -1
26  8
28  -3
31  -3
20  -10
27  -2
26  -2
10  4
20  -9
23  -3
21  1
19  9
9  -11
24  2
15  0
13  6
14  -12
24  0
15  -9
23  0
13  9
18  -8
12  -1
26  -1
22  7
14  -12
11  -7
14  -11
14  0
17  6
26  8
18  0
23  -9
21  -7
15  -2
17  8
21  -13
18  -8
21  -13
29  4
18  -8
23  -5
17  12
30  -4
15  -5
19  3
22  11
16  3
17  -2
23  -3
16  5
22  12
22  3
22  9
15  1
24  3
23  -2
25  -4
24  1
26  9
13  -2
18  -4
22  1
21  -7
23  -3
15  2
15  -6
11  -11
31  -12
17  7
28  0
8  6
16  -1
18  0
22  13
27  5
21  -9
11  -9
31  -1
21  1
22  11
22  9
10  13
15  -3
27  2
28  -5
19  0
19  0
25  -2
16  0
20  -1
42  2
18  -4
21  -10
31  -3
26  -2
23  -1
20  -11
13  3
22  8
24  -2
22  7
24  7
19  3
20  -11
14  -5
16  -1
16  5
10  11
15  0
31  -10
17  -1
34  0
12  -4
18  3
19  10
10  8
8  12
24  -1
32  -5
8  10
17  0
13  3
16  -2
20  -3
25  3
23  -2
24  6
12  1
21  -8
17  7
19  -1
28  -5
17  3
17  -2
27  -6
19  1
23  -8
23  -6
18  -9
21  1
19  -4
20  -11
19  8
19  -1
28  -5
23  -8
17  10
17  12
19  7
13  6
16  -2
19  9
15  -7
26  0
29  8
17  -1
18  4
19  5
16  7
29  10
23  -1
18  3
16  -7
28  2
15  -2
24  6
21  -1
18  -9
13  6
21  -2
23  -2
17  10
30  8
20  -11
21  -11
23  -10
15  -1
18  -10
22  10
21  -4
42  5
22  5
17  -1
22  0
13  4
17  1
33  -8
22  2
19  -1
25  -5
16  -2
20  -8
18  -6
27  -3
19  -3
29  0
14  -11
25  -1
25  4
14  -6
26  2
19  2
27  3
26  3
14  -12
21  -13
28  -4
24  9
23  -10
17  10
14  1
22  11
13  6
26  11
27  6
22  1
25  4
10  -1
12  -1
16  -1
19  -2
20  -9
26  6
13  -1
20  -8
11  -10
24  4
15  1
10  9
15  -4
25  -3
10  11
31  -8
16  -1
13  6
18  -10
16  5
19  4
25  -1
11  -8
15  1
22  9
