53  3
43  2
45  -8
51  0
39  2
32  -5
54  3
53  9
34  -7
75  -7
42  -3
34  -4
43  7
37  0
40  0
62  1
48  -5
52  0
44  -3
30  10
44  -10
50  -5
39  4
34  1
53  3
63  12
51  -4
55  -3
51  1
52  -1
51  3
24  8
55  -3
42  -3
27  7
67  -4
56  -2
56  -7
49  3
50  -2
51  -4
47  -4
40  0
37  -9
60  0
37  -5
41  -9
34  -1
50  -6
58  -7
37  1
42  1
48  -9
33  7
41  -1
46  -8
52  2
78  2
50  1
51  0
66  -1
31  7
50  -4
37  -3
37  -5
36  0
60  5
40  -2
27  11
56  -7
42  1
58  -3
39  2
49  0
52  2
78  -2
42  -5
37  -4
73  -4
34  -5
71  -4
42  -6
57  10
42  -7
41  -4
45  -10
53  8
36  1
47  -7
52  -4
55  -9
54  4
43  1
63  12
57  9
49  2
43  9
43  8
50  -3
50  -1
64  6
60  -2
57  4
44  -4
56  -6
60  1
24  6
58  -4
45  -6
43  7
55  -11
35  7
50  -2
48  -5
35  9
46  -4
66  -2
53  5
59  1
71  -1
55  -12
55  -11
51  2
33  2
44  -11
55  -8
36  -4
35  2
42  -1
67  -8
48  -8
54  1
39  0
54  2
49  -3
46  -10
40  -1
37  -7
52  -4
52  -4
47  -10
46  -4
56  -11
47  -9
60  7
64  11
38  -2
45  -8
61  1
57  8
49  5
56  -1
52  0
59  6
57  11
71  -10
57  4
43  5
54  4
43  4
35  2
49  6
46  -9
38  -8
61  7
40  -4
40  -6
47  -5
38  -8
56  -11
62  6
46  -1
60  0
30  10
66  -1
63  10
46  -5
53  -1
47  0
61  -2
52  2
37  -4
48  -8
51  5
58  2
39  6
37  0
63  6
50  3
48  -6
61  4
57  7
55  -12
37  -2
43  6
51  -5
50  -3
43  5
45  -10
37  -7
59  1
42  1
45  -11
39  4
52  -2
38  -1
54  6
40  -3
61  0
43  6
63  7
44  -9
41  -9
23  -8
45  -10
65  -9
44  -5
48  -11
62  1
44  -8
47  -4
52  -1
76  -7
44  -7
62  -1
36  0
47  -5
45  -9
57  6
58  -1
63  10
37  -8
39  0
32  -5
46  -7
29  10
51  -2
41  -5
41  -5
43  1
64  5
46  -8
50  2
53  3
35  8
54  4
53  2
61  2
43  -1
59  1
41  -7
43  0
36  -7
52  -4
48  -12
34  1
39  3
45  -11
31  4
43  0
40  -6
62  -1
48  -3
35  6
42  -6
61  6
57  10
45  -5
64  5
37  0
33  9
58  -4
51  5
67  -2
49  6
54  -1
39  0
65  -10
62  -2
50  -6
51  3
45  -3
54  1
38  -9
53  0
35  5
38  -1
39  0
60  0
62  6
42  1
42  -1
43  3
44  -9
47  -8
54  0
38  -9
54  4
56  -7
48  -11
42  -4
45  -11
60  1
44  -4
39  10
45  -11
48  -6
50  -5
58  -8
41  -10
43  2
41  -7
43  2
39  10
64  12
60  2
36  -7
43  3
61  7
68  3
37  -5
50  3
73  0
53  0
61  3
50  -6
49  4
42  -3
28  -3
37  -3
37  -9
48  -3
27  11
48  -8
59  5
46  -2
28  -2
45  -5
42  -2
45  -8
57  5
72  6
36  -4
50  -5
36  -3
54  3
45  -1
65  -1
79  0
57  10
53  1
29  2
50  -1
31  8
68  3
66  3
34  -8
66  0
65  -7
51  -4
53  7
56  -7
34  1
47  -8
46  0
38  -3
67  -8
46  -10
37  -6
65  -6
38  -4
55  -9
54  4
43  2
55  -9
50  -1
42  3
52  2
52  -2
60  7
61  0
48  -4
50  -4
46  -9
44  -9
54  1
49  0
65  -11
30  11
61  8
36  -6
53  6
45  -3
65  -10
25  -2
43  -1
63  7
77  4
56  -2
45  -9
46  -10
55  -9
44  -5
46  -3
55  -8
46  0
44  -2
58  -7
37  -1
51  2
46  -5
46  -9
54  2
50  -5
40  -2
46  -2
51  -1
28  0
54  2
49  6
36  1
30  6
54  2
57  12
61  0
66  6
72  -3
57  5
54  2
44  -11
57  7
54  9
51  4
49  -2
54  5
60  7
50  -1
39  9
39  9
46  -5
52  0
49  -3
40  -8
31  4
34  -8
46  -6
40  2
42  3
42  -3
70  -2
44  -8
55  -2
42  -3
60  4
56  -3
64  12
47  -9
71  -11
40  -6
72  -1
56  -7
31  4
36  -5
61  0
73  -3
47  -7
44  -5
40  -2
68  -5
49  2
37  -6
51  -2
41  -9
41  -8
68  3
51  -1
23  -3
49  3
57  2
66  -1
47  -1
45  -6
47  -6
51  0
56  -1
47  0
41  -9
64  2
50  1
45  -11
47  -2
29  0
45  -1
49  2
55  -12
55  -3
59  4
27  3
66  7
40  -6
46  -1
57  11
40  -5
44  -9
52  4
62  7
24  6
42  0
31  -1
43  5
39  4
60  3
39  5
63  11
52  -2
40  0
40  0
40  -1
65  -10
61  8
39  3
36  2
41  -4
52  4
48  -6
78  4
43  0
60  -1
63  2
71  -9
46  -3
36  1
57  4
40  0
69  9
61  2
78  -1
45  -4
41  0
67  -5
55  -8
46  -7
67  -1
55  -10
50  -6
39  1
55  -11
54  2
24  9
51  3
40  -7
49  4
72  1
61  -1
32  2
39  4
47  -4
44  -4
37  -9
44  -8
71  -7
57  10
45  -3
32  3
40  0
49  3
49  -1
68  5
48  -6
49  -1
51  -5
32  5
35  1
29  10
40  -5
53  9
57  3
55  -7
43  -1
56  -11
26  -8
63  3
56  -6
53  3
45  -4
61  1
51  1
57  10
73  -5
64  10
44  -7
38  -7
46  -4
59  8
68  -2
33  7
45  -3
58  -5
36  -7
56  -9
52  5
47  -2
37  -6
33  0
45  -2
61  2
76  0
51  1
40  -5
39  10
43  2
65  -4
50  -1
78  -3
61  -2
43  8
59  4
53  5
61  3
41  -7
60  5
46  -3
50  4
43  4
63  10
59  7
48  -8
45  -7
56  -1
21  -4
57  7
57  9
47  -4
52  3
38  -6
64  4
40  -6
39  0
39  9
76  -4
50  1
55  -5
47  -5
71  -7
40  -6
44  -8
43  9
47  -5
69  3
57  9
52  1
70  -8
49  -4
73  -9
54  4
65  -6
54  4
45  -1
55  -12
28  -9
65  -3
51  -5
43  8
70  -3
36  -8
59  9
34  -7
45  -9
34  2
65  -3
73  -1
43  -1
72  -2
54  -1
49  -4
57  8
44  -1
45  -11
77  3
46  -8
53  1
38  -3
36  -4
58  -5
45  -4
67  -2
55  -4
49  -2
51  -2
65  -1
28  -8
58  -4
34  -6
43  5
59  5
56  -10
33  4
50  -1
53  2
51  2
66  1
34  1
32  5
59  10
50  0
45  -11
35  1
34  2
36  2
48  -3
61  7
50  0
67  0
47  -6
39  2
34  -3
37  1
63  10
37  -5
47  -9
68  4
37  -5
51  3
49  -1
34  -8
36  -5
71  -10
46  -1
45  -9
45  -1
35  3
57  7
31  1
46  -1
38  -4
52  -2
48  -12
31  1
34  -7
58  -3
30  10
36  -5
38  -4
65  -11
64  5
52  4
44  -1
52  0
45  -7
45  -9
54  0
57  5
42  0
46  -7
55  -12
52  2
40  -7
36  -6
47  -7
54  0
61  6
52  2
41  -7
35  11
52  -1
82  -2
58  -5
46  -10
58  -4
70  -1
45  -2
41  -10
57  11
51  -2
26  -10
48  -8
64  6
66  -1
51  -5
47  -2
49  4
76  -6
56  -5
57  7
55  -5
37  -7
60  -1
31  2
38  -9
48  -6
56  -6
69  0
54  5
53  9
60  2
69  0
31  0
37  -5
40  2
50  -2
42  -3
40  1
36  -6
28  -3
60  -2
46  -5
71  -7
51  4
35  2
44  -10
36  -5
22  4
45  -6
44  -2
36  -7
54  1
63  7
56  -7
44  -11
39  9
38  -7
45  -6
39  3
45  -6
60  -2
55  -10
58  0
57  6
56  -10
57  2
50  -2
36  -6
44  -10
53  -1
39  4
55  -3
34  -2
31  6
46  0
48  -2
58  -1
60  -3
48  -11
57  12
51  1
45  -5
36  -7
38  1
56  -10
37  -4
53  6
54  5
48  -6
42  -1
48  -9
50  -3
38  -3
31  3
64  4
51  2
52  5
66  5
32  -1
42  -6
52  2
67  1
41  -7
43  0
46  -4
41  -4
43  3
36  -5
61  1
43  -1
59  10
47  -10
47  -4
47  0
49  3
34  -6
44  -1
53  9
40  -1
55  -3
46  -2
53  -1
40  -5
64  5
32  -2
50  -2
53  1
45  -5
55  -2
38  1
31  4
49  -2
62  -1
42  -6
60  5
51  -2
55  -4
43  1
68  0
49  1
37  -6
43  9
53  4
47  -6
49  5
41  -3
56  -11
43  8
50  -6
64  3
44  -11
36  -5
47  -2
67  -5
54  7
47  -10
48  -7
78  0
47  -8
44  -1
49  3
42  2
40  2
27  9
31  6
56  -4
36  2
54  9
54  9
66  5
64  12
48  -11
35  5
58  -6
28  -8
56  -4
55  -4
42  1
53  9
37  -2
61  3
61  1
55  -7
63  11
52  4
41  -6
49  -3
63  2
40  -4
49  4
51  3
46  0
33  2
46  -3
56  -9
36  -1
26  -1
43  5
75  0
51  3
44  -3
44  -8
57  5
57  2
55  -2
60  2
55  -5
59  10
42  -3
45  -2
37  -3
53  -1
57  11
39  4
48  -11
53  4
70  -1
32  -3
68  1
22  3
53  7
54  6
49  4
47  -4
50  4
60  4
52  -1
61  8
61  0
23  -6
51  -2
61  2
33  0
33  5
52  -1
33  -1
