13  -4
25  -9
17  -5
24  3
29  10
19  2
20  -4
17  -4
43  -1
31  1
23  3
21  7
9  1
27  -6
25  -5
17  -5
23  4
24  2
13  2
33  -2
19  -4
13  -9
26  -2
25  -1
25  -13
20  2
27  -4
24  0
38  -3
18  -3
21  3
25  -13
19  4
29  -1
33  1
18  3
22  1
21  9
31  5
29  0
26  7
20  1
16  1
24  1
30  3
24  0
24  11
21  -1
26  -1
16  0
47  4
25  -7
24  10
30  5
28  -1
19  -4
26  2
22  -12
40  -2
17  -1
17  -8
23  7
27  -4
24  10
31  -2
32  3
21  7
17  -12
31  3
20  -5
31  -4
30  -5
29  3
23  5
14  2
16  -3
24  6
18  4
24  -1
15  -6
20  -7
21  7
18  -5
21  4
29  0
30  4
26  -3
21  2
17  -13
25  -1
31  3
18  -6
32  10
18  2
31  7
26  5
20  3
22  -7
22  -4
26  0
28  3
21  5
21  8
19  0
40  5
15  -3
22  1
20  -9
20  3
23  4
31  9
38  -3
14  11
18  -2
23  4
19  -4
18  4
23  -1
29  9
26  4
34  0
18  -5
19  5
34  -7
22  -11
30  5
26  6
16  -4
14  8
13  -8
28  -6
18  3
28  4
34  3
22  -10
17  -5
31  10
26  -1
10  -7
36  2
13  2
26  -3
21  2
20  1
23  7
18  -5
31  10
20  3
21  2
24  11
25  -14
15  0
21  -4
28  -4
24  10
27  6
30  3
28  1
27  -1
16  6
25  -12
22  1
20  -9
31  -1
21  6
25  -5
22  -8
28  -2
23  1
23  6
15  0
22  1
23  7
21  -4
23  6
29  -2
33  -1
33  -6
27  4
15  1
33  6
21  3
15  -9
20  4
39  12
38  1
23  4
24  11
20  -6
23  0
22  -6
13  1
40  11
20  -10
26  10
29  11
24  1
33  -4
26  9
30  -3
17  -7
19  -6
23  13
33  1
23  6
26  0
29  5
16  -5
17  -9
26  3
37  2
28  -3
17  -10
20  -8
33  -3
17  -12
21  8
13  2
35  3
18  -9
37  1
14  11
25  -9
11  14
25  -11
28  -8
34  -1
23  9
27  -1
26  6
15  2
22  -1
23  11
27  6
22  -12
11  9
18  -9
17  -2
31  10
14  10
21  -3
27  -8
25  -11
27  2
22  -8
25  0
18  5
42  -11
23  2
39  9
25  -13
24  0
16  -7
14  5
22  -6
21  10
19  -1
25  -3
20  -9
31  -3
24  11
22  -8
19  5
18  2
22  0
32  14
39  8
18  0
25  -3
34  -2
10  -11
20  3
24  7
26  10
25  -2
24  7
24  6
13  5
27  -4
23  9
27  -8
29  10
17  -8
10  -1
31  1
31  3
20  3
24  1
33  3
25  -6
21  8
21  10
19  1
28  4
19  1
34  -3
16  -6
38  -5
19  2
26  1
21  8
31  9
24  1
31  -1
15  1
17  -4
19  8
24  4
21  1
24  12
18  -2
24  8
35  10
44  6
20  -7
17  -14
17  -6
17  -12
26  -1
24  0
21  8
21  8
27  1
17  -3
33  3
18  -8
20  4
19  0
16  -1
20  -4
26  6
19  -4
29  2
30  -2
12  -9
26  8
19  8
27  -3
23  12
21  1
32  10
30  -1
28  -5
23  -1
33  -5
25  -13
24  7
27  -6
37  -5
24  12
29  4
18  -9
28  -7
28  -10
21  -1
24  2
20  -9
21  10
33  -3
19  5
19  5
28  0
17  -4
32  9
27  2
25  -6
28  -8
13  -1
19  -5
38  8
16  -4
29  -1
31  -3
23  13
36  4
21  -4
22  -13
23  7
30  -5
31  10
23  13
29  -1
26  0
38  -2
16  -1
32  6
20  -7
23  12
16  4
35  11
23  7
17  -12
20  -4
24  8
23  10
25  -5
30  4
18  -8
20  -7
26  -1
14  9
28  -5
23  -1
18  -9
22  1
22  -12
26  4
19  8
17  -12
23  13
37  -1
34  3
29  -3
23  10
24  12
21  -3
27  3
27  -5
28  -8
29  -1
18  -1
16  2
27  3
34  -7
10  -7
21  -1
25  -14
26  10
19  -6
22  -8
24  8
18  -2
18  -8
32  10
31  -4
17  -7
27  -3
21  2
33  -2
30  -3
30  5
23  5
37  6
10  -1
21  9
16  -7
25  -5
32  3
29  0
20  -8
14  7
16  -2
17  -10
23  10
23  12
26  1
18  -4
23  6
18  -1
25  -3
26  4
28  3
28  0
22  -7
28  1
12  -3
32  11
27  -1
18  1
36  7
41  13
16  -5
34  3
18  3
27  3
16  -8
34  5
34  -7
15  -11
23  10
20  -10
18  -9
24  5
14  1
18  -5
28  -5
34  1
18  4
29  5
26  2
20  0
24  8
22  -3
28  -6
27  -7
22  -2
22  -1
13  1
26  1
24  -1
11  11
21  5
20  -6
15  -10
26  -3
27  -5
17  -10
19  6
32  2
33  6
29  6
31  -2
19  -6
25  -3
36  7
27  1
20  -6
30  -1
25  -6
28  -10
17  -1
20  -8
29  2
16  -5
18  0
24  1
23  12
36  0
36  7
25  -1
21  9
26  -3
17  -5
23  2
21  8
27  5
19  -6
26  1
23  4
24  11
35  11
19  4
20  -6
12  -8
27  2
27  5
30  -5
21  7
20  -3
15  -6
27  -2
23  8
27  2
24  0
28  -3
16  -3
21  5
32  1
18  -4
22  -8
21  -2
22  -5
19  -5
28  3
32  6
31  7
31  -1
25  -9
19  -5
24  8
30  2
19  7
19  -6
25  -14
17  -9
23  2
17  -13
32  9
32  0
17  0
26  1
21  -4
30  -7
22  -2
25  -9
37  -5
25  -1
40  10
33  6
27  3
25  -5
29  3
22  -2
35  2
24  8
29  9
28  1
30  -2
26  2
28  -10
40  3
30  -9
18  5
20  -4
30  2
33  -5
29  7
18  -1
26  1
37  3
27  -8
14  2
15  2
22  0
28  4
22  0
25  -1
42  1
45  0
22  -6
14  0
20  -3
23  9
27  1
27  6
32  10
23  5
20  0
29  1
20  -1
27  -5
20  -8
15  -1
25  -11
19  8
31  0
19  -3
27  0
18  -3
19  5
37  6
22  -13
15  -9
19  -6
28  -4
23  5
26  8
19  6
25  -10
26  4
32  12
14  0
20  -2
30  2
26  11
29  3
19  -2
26  4
24  -2
21  -4
19  3
26  -2
19  8
20  -7
23  -1
21  2
23  13
28  4
36  -5
19  4
19  3
26  -3
23  6
27  6
39  12
24  6
23  10
22  -1
19  2
21  -2
19  0
32  0
15  3
21  2
28  2
16  0
17  -9
30  0
34  3
23  9
25  -5
28  1
17  -7
16  4
23  4
17  -12
30  -9
16  -5
24  3
28  -2
31  7
19  4
31  7
25  -11
24  0
22  -8
26  2
19  -2
22  -4
26  8
32  2
26  5
11  6
19  -2
24  9
24  12
16  -8
34  -3
33  6
36  7
25  -2
24  2
21  2
23  -1
19  8
25  -10
23  12
22  -2
12  -5
22  0
21  0
19  7
20  3
17  -9
24  0
24  1
31  1
31  4
20  3
27  -6
22  1
19  5
16  -7
23  3
21  9
17  -1
28  2
24  9
17  0
24  7
20  -6
29  9
34  -8
28  4
15  -10
24  0
16  -8
25  -14
33  1
30  -3
22  -9
27  6
28  -9
26  6
30  -7
31  -4
31  1
42  -8
34  -3
16  -5
28  -2
40  -1
23  2
22  -5
28  -10
18  -7
27  3
32  6
26  11
23  5
27  -3
14  1
21  5
25  -13
35  14
20  -3
20  -3
37  1
14  8
18  1
19  5
20  -10
18  -4
34  3
26  6
23  9
24  10
25  0
24  10
25  -10
18  5
25  -10
20  -9
26  4
15  -9
17  -9
11  2
30  5
20  -3
28  4
19  -5
25  -10
12  -12
23  12
34  3
26  1
25  -13
23  2
16  2
32  5
31  -2
25  -12
33  6
36  8
27  -8
25  -3
22  -12
18  -9
13  5
25  -5
21  6
23  0
24  -2
22  -11
20  -4
33  0
25  -8
20  -5
25  -8
34  6
20  -1
25  -2
30  2
26  9
31  -1
27  5
26  4
24  1
19  -3
17  -12
16  3
25  -7
25  -14
22  -9
16  -1
37  -5
23  3
21  -1
15  -6
14  3
29  0
28  -10
17  -10
30  5
18  -7
22  -7
22  -9
25  -14
31  6
22  -5
27  2
23  10
20  3
27  -4
26  1
36  -3
20  -3
20  -2
25  -13
18  0
25  -5
20  1
24  1
38  -2
24  11
23  6
26  6
24  6
30  -8
19  -4
28  -8
31  7
35  1
22  -10
30  -1
23  12
25  -7
14  13
24  5
24  8
21  6
23  9
28  4
24  6
31  -3
19  -2
24  2
25  -12
27  1
23  4
16  -3
25  0
33  -5
33  6
19  -6
12  -2
21  2
27  -5
29  0
19  7
17  -13
13  -4
22  -11
35  5
24  6
26  2
19  8
20  3
21  7
23  7
17  -11
30  1
19  2
24  10
19  2
27  -3
24  3
18  -3
27  -8
26  9
21  4
20  1
23  11
18  -5
24  11
31  -3
38  8
32  12
18  4
25  -9
27  -5
19  -4
22  -12
31  8
17  0
16  -6
19  4
22  1
20  -3
22  -11
20  -10
32  1
27  0
19  4
17  -13
24  5
22  -3
25  0
29  4
20  -10
24  9
16  -3
39  9
24  4
25  -12
26  -3
22  -9
34  3
31  -1
23  4
20  -9
16  -5
30  -2
25  -1
12  -9
13  5
24  6
30  -9
29  -2
32  7
27  -1
17  -4
34  1
23  5
29  11
35  13
24  2
34  -2
19  0
20  0
