38  3
27  7
43  10
66  6
36  7
50  0
36  6
22  -3
49  -5
61  1
34  0
38  8
54  -7
32  3
36  3
53  -2
71  -4
39  3
39  -1
50  -5
34  -1
36  2
52  -4
37  1
41  -1
39  3
33  2
28  -8
53  -2
60  -2
43  5
34  -8
55  3
54  -6
41  3
49  -4
44  -7
68  -2
44  -1
35  8
36  8
53  -4
29  5
44  -7
52  -11
51  10
42  3
58  1
37  1
60  -3
51  7
35  -1
81  -10
36  8
36  2
64  -2
34  -1
80  5
58  -3
27  10
45  1
48  -12
39  1
46  9
25  0
47  -2
86  -1
48  -2
44  -5
36  9
55  11
56  1
25  3
38  4
50  1
29  5
60  -2
53  -4
60  4
58  -1
71  0
47  -7
45  3
18  1
26  5
33  -2
49  2
52  -7
22  -9
41  5
42  -1
50  -6
51  4
49  1
49  -2
34  -5
54  -5
40  -2
77  3
44  -4
55  6
25  -1
34  2
34  -8
46  4
35  3
37  2
62  -7
59  11
38  4
55  9
41  0
30  7
40  -1
44  2
45  3
25  -2
23  2
25  1
32  -2
52  -5
59  2
36  3
27  3
36  8
22  -2
40  -9
45  0
38  10
72  3
42  -4
30  2
61  -1
45  3
26  3
54  -10
69  1
68  -2
48  -8
27  8
24  -2
65  2
50  -2
35  2
35  3
49  -3
41  0
54  0
65  5
24  1
36  3
24  4
38  7
17  7
45  0
29  10
36  -1
48  -10
31  5
37  5
34  -7
45  -4
62  -2
20  2
47  -11
37  -1
40  -6
24  -1
28  -7
43  11
27  2
36  4
29  7
38  10
49  -2
36  3
27  7
38  7
26  1
63  -3
55  7
47  -9
14  6
45  -6
38  10
39  2
49  3
32  2
54  -9
35  3
89  -4
36  1
78  -8
47  -10
42  -4
51  0
74  -2
23  2
35  2
27  10
54  -1
40  -9
48  -10
20  0
46  5
45  0
93  -1
44  -6
46  3
39  9
68  -5
21  -10
38  11
37  1
54  -9
58  -6
52  -10
35  -1
23  6
44  -6
46  8
47  -2
23  7
32  1
36  2
54  -3
56  -5
55  6
31  1
54  0
22  -2
35  4
55  4
25  4
73  8
38  6
69  2
39  -1
73  6
59  4
37  -5
38  3
50  0
43  2
46  11
38  10
24  -3
59  3
46  5
37  1
33  3
45  1
29  8
39  9
48  -6
65  3
40  -4
32  0
24  3
44  -4
58  1
63  -12
39  8
42  1
23  -3
70  8
65  9
55  4
52  -4
86  -10
100  -7
36  9
37  5
67  -2
53  -8
18  5
36  5
17  3
37  3
38  4
45  1
19  -1
40  -7
33  1
57  -1
50  1
54  -7
46  3
28  -2
58  2
37  -2
58  -7
47  -11
67  -3
65  5
34  -8
63  -10
47  -2
52  -2
33  -5
51  7
55  10
45  4
45  -3
45  2
20  -3
17  7
29  5
38  11
57  0
62  -4
29  7
34  -1
45  -1
44  0
34  0
55  5
27  4
60  -5
54  -1
22  -12
37  5
48  -10
39  9
41  3
38  8
47  -7
47  -11
78  -6
43  9
45  2
35  3
40  -8
46  8
26  6
40  -7
46  9
37  3
46  8
46  3
33  -3
54  0
40  -8
42  3
73  10
49  -2
56  -7
46  2
40  -3
33  -7
50  -6
40  -3
41  3
63  -9
24  3
61  -1
37  4
40  -11
43  2
58  -3
32  3
44  -6
62  -2
25  -2
24  -3
52  -2
56  -1
31  -2
58  -6
61  1
28  -9
59  7
52  -4
54  -5
55  3
14  9
25  6
66  -1
56  0
31  -3
38  8
73  2
26  1
26  2
31  -2
41  -1
35  2
30  4
41  6
36  4
29  1
28  -6
25  1
42  3
29  4
15  1
26  3
21  -3
22  -3
31  3
44  -5
48  -2
34  -3
39  3
34  -3
30  2
52  -9
32  -7
52  -3
29  11
33  -5
47  -7
45  2
55  5
51  4
54  -9
31  0
49  4
50  -1
53  -2
36  -1
42  -2
33  -1
63  -2
66  -4
19  6
35  1
51  5
68  -1
40  -10
51  6
51  7
28  -9
49  -1
35  1
39  8
61  -3
45  0
48  -3
40  -1
34  1
63  -5
64  4
59  11
46  10
65  10
45  -5
40  -8
47  -10
48  -5
47  -2
43  7
36  0
26  4
64  3
46  6
30  1
42  -2
48  -3
29  3
36  2
56  -8
30  4
50  -2
68  0
59  2
27  2
44  1
51  4
27  10
41  -3
32  -1
34  -5
32  2
35  4
52  -2
44  -5
51  10
32  -1
34  0
83  7
55  2
56  -5
55  7
36  6
54  -5
44  1
54  0
32  1
51  4
38  12
32  -1
29  2
64  2
15  -5
29  5
26  6
35  5
20  3
38  6
28  -9
51  8
40  -3
30  4
83  10
44  -4
29  1
38  2
23  2
39  1
87  0
28  -3
35  0
33  0
36  7
32  -2
65  8
33  -6
65  9
53  -1
46  10
34  -1
59  6
64  3
34  -6
72  1
34  0
47  -9
51  4
32  -4
54  -10
67  -2
62  -10
42  4
68  5
34  -1
63  -5
49  2
42  -1
43  11
41  -2
49  4
33  2
54  -9
31  2
46  11
30  5
52  -9
49  4
28  -5
48  -5
48  -4
37  -4
39  5
56  -8
18  -1
49  1
68  -3
46  8
31  5
44  -4
33  -5
55  2
38  9
47  -5
75  -2
40  -4
68  -5
30  0
65  6
45  -1
39  2
23  5
39  1
37  2
58  -2
32  -5
41  6
42  4
52  -3
42  5
33  -2
25  0
43  2
48  -12
30  3
44  1
42  3
60  3
34  -7
67  1
21  -3
31  -2
28  -6
40  -1
63  -10
32  1
44  -3
40  -4
36  7
26  -3
34  2
86  -10
42  -5
51  1
57  -1
54  0
44  -7
35  2
43  11
36  6
49  -2
34  -6
50  3
40  -4
48  -6
50  -3
53  -2
33  0
36  9
54  -5
24  2
39  -1
32  0
62  -5
32  -2
37  -4
36  6
51  9
51  5
46  6
22  -12
72  -1
47  -8
40  -10
28  -11
32  -7
49  3
23  -3
40  -6
28  -1
44  0
46  1
31  -1
32  -6
30  3
72  3
40  -6
35  4
28  -4
52  -2
55  2
61  -5
35  8
70  7
63  -10
34  -4
40  -6
52  -11
47  -1
48  -7
43  5
65  3
50  -1
53  -3
40  -3
26  1
24  2
64  6
64  -2
36  -1
84  4
28  -3
79  -1
71  -2
52  -8
46  11
55  11
50  2
44  -3
59  4
40  -3
33  -5
55  5
25  2
57  -2
39  1
55  3
45  -4
35  2
51  8
29  2
44  0
46  2
54  -6
35  6
33  3
51  6
37  -1
36  9
32  3
14  6
33  -3
40  -11
47  -4
72  9
54  -8
42  -4
26  2
44  0
49  4
38  8
65  6
40  -4
48  -6
25  7
46  1
50  1
33  -5
34  -2
49  -4
55  8
33  2
24  -1
56  2
32  -3
53  -5
50  3
48  -11
34  -4
56  2
51  7
49  -1
36  3
36  7
35  2
20  2
63  -8
58  -4
37  -1
41  5
34  -3
45  3
34  0
48  -3
34  -7
51  5
18  7
49  0
41  2
65  2
33  0
37  5
46  8
40  -7
25  3
38  9
56  -7
42  -5
51  8
49  2
49  -3
74  1
33  -2
46  3
50  -5
31  2
51  9
40  -11
36  4
66  -1
36  0
26  2
40  -3
45  -4
23  0
43  8
25  3
78  -12
50  -6
37  1
65  1
70  -1
47  -6
54  -2
37  -3
36  4
46  8
42  5
46  4
28  -11
22  -12
47  -9
39  7
48  -3
37  1
50  -3
37  -4
62  -2
42  2
29  7
12  -2
30  4
29  11
43  7
32  3
33  1
47  -10
47  -7
28  -1
61  0
18  1
54  -1
42  -1
28  -5
46  3
34  -7
35  8
48  -9
70  0
55  2
50  -5
49  0
46  11
42  0
52  -3
44  1
48  -6
35  7
48  -3
46  11
92  -3
60  -3
65  0
40  -1
36  0
47  -10
27  1
63  -6
33  -7
90  4
13  -2
43  4
75  -7
49  -4
27  0
50  -7
69  -4
31  -2
27  1
36  5
52  -1
57  0
31  -3
65  3
22  -5
27  2
51  3
48  -5
38  5
37  -1
67  5
55  11
29  7
43  2
40  -9
43  8
63  -5
38  8
42  3
32  0
41  -2
38  3
36  7
98  1
70  9
69  -1
94  0
32  2
27  7
38  12
46  10
51  9
40  -10
45  1
47  -5
32  -6
52  -4
55  4
49  3
30  -2
38  12
69  -4
51  10
58  -5
56  -4
48  -11
31  3
67  7
45  4
39  -1
30  5
31  4
21  -5
67  1
51  9
54  -4
55  8
59  10
45  1
38  7
59  12
35  7
62  -2
42  -5
76  1
29  11
22  -11
34  1
20  2
53  -6
39  2
46  9
33  -7
59  12
44  -6
48  -10
72  4
47  -1
60  3
38  6
42  -2
33  -1
45  1
28  -8
36  9
26  2
50  -3
43  8
78  -7
35  4
32  -7
37  5
45  4
46  4
37  1
38  11
40  -7
45  -1
28  -10
32  -3
46  8
31  4
38  9
71  0
39  3
44  -2
54  -6
32  1
30  0
55  9
89  1
40  -3
47  -8
41  5
57  3
39  4
35  2
31  -4
50  -5
51  8
63  -12
39  2
49  -6
49  2
29  1
48  -12
21  -8
59  5
36  5
42  4
52  -6
50  -3
52  -10
41  6
29  3
62  -6
61  0
67  5
63  -5
67  0
36  0
47  -9
29  4
74  7
44  -2
52  -2
38  7
25  -2
52  -7
