44  0
37  -9
49  -11
35  0
45  1
35  5
35  3
51  7
47  -4
50  1
51  0
42  -5
48  -10
42  -4
40  -10
55  11
45  5
27  0
68  -5
40  -6
33  -5
46  6
43  -6
42  -4
32  5
30  1
40  -7
44  0
47  0
44  -8
46  4
31  -5
42  1
30  2
46  5
41  -4
47  -9
36  -5
42  -5
45  6
30  -6
35  3
35  -2
43  0
53  2
41  -3
53  0
33  3
41  -10
55  6
51  4
52  2
27  -1
22  -6
45  5
49  -7
42  -1
50  -1
53  1
50  -3
37  0
51  8
46  10
25  -11
60  11
43  -5
46  11
42  3
52  11
41  -6
46  5
37  1
62  3
48  -3
46  3
42  1
55  2
44  2
51  3
50  -1
30  -3
42  3
47  -3
40  -9
43  1
36  3
23  -2
43  0
42  -6
26  5
59  -5
35  1
22  -1
27  -1
36  1
29  4
37  0
52  5
36  -3
51  7
34  3
40  -4
43  -1
44  -2
27  4
28  -4
29  -1
38  6
46  6
45  2
22  -5
36  -5
48  -12
40  -3
24  -6
40  -2
47  -8
46  8
41  -2
57  -3
37  -9
37  -8
33  -1
46  12
26  5
28  -9
34  6
20  -4
62  7
32  0
28  -9
34  4
59  -6
45  2
43  0
34  -3
37  -9
58  -9
48  -11
48  -2
43  0
40  -10
50  -1
37  -7
68  -2
50  -3
29  -3
43  -3
46  2
29  7
51  1
39  4
51  6
37  -4
61  4
33  -5
51  3
33  4
43  -7
43  1
33  -3
27  7
39  -5
34  4
35  -5
38  6
47  -3
41  -4
45  7
32  4
45  0
35  -1
37  -6
32  6
29  5
35  3
42  2
56  3
44  -6
52  11
40  -6
37  -8
49  -3
50  -6
48  -11
29  4
43  -8
47  -6
38  -4
52  11
47  -10
41  -8
48  -8
43  -4
41  -10
48  -2
54  -5
54  -3
34  0
30  -3
43  -2
33  0
40  -10
46  4
49  -2
48  -4
39  3
43  0
39  0
29  6
54  -8
57  0
52  4
31  -1
58  -8
41  -2
51  3
33  -2
50  -4
43  0
30  -5
57  -6
26  3
45  2
55  11
52  9
38  -3
54  -5
31  -6
28  -8
34  0
30  2
45  8
31  -6
32  8
45  3
30  -5
49  -8
34  -3
47  -9
39  3
58  -8
26  7
57  3
48  -10
40  -11
43  -1
38  1
52  4
51  8
39  -1
28  -3
41  -2
32  8
37  -1
31  -6
26  -1
32  3
52  12
36  1
50  -8
36  -6
41  -10
31  -5
53  3
46  2
30  -6
37  -6
43  -1
43  -9
40  -10
43  -5
64  3
41  -2
36  4
53  -4
42  1
64  5
41  -8
44  -2
33  -3
52  5
42  -5
33  2
55  8
33  3
53  -4
42  1
67  -10
38  -1
51  2
55  8
35  3
22  -2
46  5
40  -9
24  -8
37  -7
40  -8
55  2
52  10
50  -1
30  -2
32  0
42  -3
40  -6
33  -5
53  -3
30  -3
31  -6
41  -2
35  0
44  -4
50  0
40  -2
30  0
37  -1
35  -3
55  11
41  0
45  5
29  4
63  4
19  -7
41  -5
73  -9
56  8
33  -4
25  -1
25  -7
41  -4
45  8
78  1
43  -1
34  1
45  0
24  -6
32  6
57  -4
43  -9
50  -4
33  -1
32  5
50  -6
47  -6
46  3
44  -8
31  -2
26  3
34  3
36  -4
42  -4
51  1
35  3
43  1
35  -5
30  -5
34  7
42  -6
41  -7
29  2
30  1
48  -7
45  5
44  -3
45  7
37  -7
31  -5
33  -4
42  -3
36  -2
38  0
47  -9
52  6
46  6
42  -1
72  -2
52  5
46  9
44  1
25  -1
35  -5
39  -6
43  -6
42  -5
29  3
36  -2
33  2
51  9
39  3
45  4
58  -5
35  0
27  1
50  -8
54  -8
23  1
61  4
37  -6
22  -3
43  -8
55  1
55  3
42  -5
26  6
37  -3
47  -3
45  4
53  -1
24  -1
45  -1
43  -1
50  -6
54  -1
38  6
48  -8
28  -2
44  -7
44  1
51  7
50  1
33  1
54  -1
33  1
47  -5
33  -2
52  2
21  9
43  -6
46  8
52  11
43  1
45  9
31  2
46  4
40  -2
48  -6
36  -1
47  -2
37  1
51  8
32  9
34  -2
44  -8
38  -3
53  2
52  2
58  -7
41  0
45  5
48  -6
32  7
44  -3
24  1
39  4
33  1
54  -7
45  9
55  10
43  -1
35  -4
38  0
57  2
39  0
36  3
52  11
34  -3
39  -5
46  9
53  -4
50  -4
28  -2
70  -5
29  -3
29  5
56  0
25  -9
31  3
34  -1
22  -1
32  7
51  6
55  1
45  0
34  1
28  -7
30  3
49  -4
34  5
32  8
39  -4
42  -4
28  -10
44  -8
26  -3
54  0
51  5
47  -1
58  -4
43  -9
21  4
38  -1
46  3
47  -8
48  -7
50  1
44  1
43  1
35  4
43  1
43  -5
40  -6
48  -12
33  5
20  -12
42  -3
42  -6
47  -5
35  3
44  2
49  -11
39  0
32  1
37  -8
51  4
47  -1
42  -7
62  1
42  2
30  4
39  -3
35  -3
33  -2
38  -4
36  4
38  4
37  -4
50  -6
35  -1
56  6
45  9
44  -6
42  1
64  8
55  7
44  1
43  -5
59  -4
54  -8
36  -4
47  -5
36  -3
33  1
40  -12
45  4
31  -5
47  -7
44  -1
49  -8
49  -6
30  -5
49  -5
44  -8
42  -4
20  -3
46  9
31  -2
39  -3
54  -5
37  -4
72  5
52  7
46  6
46  5
41  0
52  2
40  -12
47  -7
58  -6
39  -2
41  -4
42  -5
40  -4
32  9
49  -1
64  9
56  2
40  -12
61  5
38  -3
35  2
42  -4
41  0
37  0
53  2
37  -3
55  6
34  7
37  1
43  -2
35  3
41  -7
47  -1
53  -2
51  5
35  3
53  -4
29  -3
43  -5
31  -2
55  10
37  -5
66  -2
24  -4
58  -3
40  -7
42  -3
34  6
51  8
38  4
29  7
37  -8
40  -3
51  0
40  -2
43  -6
54  -9
51  0
40  -9
32  1
35  5
35  -4
22  -9
32  2
49  -2
68  -10
63  -2
36  -1
47  -9
35  -4
42  -5
63  7
45  3
38  4
39  -1
54  -4
32  7
33  2
56  8
34  4
25  -10
41  -6
43  -1
53  -5
43  -8
61  8
49  -11
41  -4
41  -4
37  -7
52  3
28  -2
34  2
33  1
42  3
31  1
34  2
65  -5
30  -6
47  -10
35  3
51  5
39  0
52  11
49  -3
37  -2
41  -7
74  3
33  3
37  -9
80  -10
33  5
36  -4
28  -6
38  5
32  3
54  -5
44  -2
43  -9
42  1
33  -4
33  2
35  -5
47  -8
40  -5
42  -6
37  -3
36  -5
48  -7
52  2
41  -1
41  -4
62  7
58  -4
55  11
42  -1
71  -4
42  -3
44  -7
38  -1
58  -7
44  -5
22  -5
35  -2
39  -4
43  -1
64  3
33  -1
58  -3
42  -7
39  2
48  -10
37  0
32  9
45  7
31  2
42  -6
44  -2
55  6
47  -10
37  -9
44  -7
49  -9
56  -1
38  -1
40  -6
36  -5
31  -1
42  0
48  -11
44  0
43  0
35  0
41  0
46  4
42  -7
43  0
38  -1
37  -7
42  -3
46  6
48  -8
35  0
68  -6
39  -1
62  6
48  -2
49  -7
34  7
38  6
37  -7
47  0
39  -2
41  0
44  -8
48  -5
42  -2
45  0
48  -9
37  -6
44  -2
38  -4
31  -6
27  6
58  -8
39  -6
48  -10
50  -9
47  -2
57  -1
48  -3
38  -4
44  -7
52  4
37  -5
54  -3
48  -5
40  -7
37  -1
32  4
56  1
36  3
44  2
31  -3
39  -2
44  1
66  -2
49  -2
57  1
58  -1
34  7
59  -3
40  -5
41  -10
54  -7
53  -4
34  -2
36  3
34  1
39  -4
30  -2
45  1
59  -10
44  -6
48  -8
37  1
25  -10
36  -5
46  3
41  -3
45  9
28  -1
36  0
45  8
61  0
41  -9
39  -4
41  0
40  -5
38  3
36  2
42  -7
32  3
45  0
39  2
31  -1
37  1
33  -5
44  -5
40  -9
37  1
27  7
47  -6
56  5
26  -3
56  1
60  3
42  3
56  5
32  5
38  -4
49  -9
30  1
38  4
50  -2
24  -7
31  -6
37  -1
58  -7
43  -2
44  1
48  -11
71  -1
48  -12
32  1
53  -2
24  1
63  -2
28  -8
55  5
29  -2
32  -1
54  -8
60  11
36  -3
47  -7
40  -6
45  6
34  4
25  -9
40  -4
69  -2
43  -3
50  -9
51  0
52  8
34  5
46  12
60  8
34  5
25  -7
27  7
38  5
54  -9
36  0
24  1
48  -10
41  -10
56  -1
31  -1
40  -8
28  -8
62  7
59  -7
45  2
33  -4
52  6
42  3
44  1
45  -1
34  -3
40  -4
44  -7
37  -1
48  -5
55  7
33  3
46  9
38  0
44  -8
41  0
33  4
35  0
25  -9
26  -1
33  3
43  -9
40  -8
44  -5
44  1
38  5
45  6
42  -2
47  -9
45  6
43  -5
55  6
32  6
43  -1
39  1
38  -4
31  -5
28  -8
33  -1
46  11
34  -2
51  0
45  8
44  -6
26  -2
34  3
36  -2
34  0
38  3
27  -1
52  8
27  7
59  -9
40  -5
37  -3
59  -6
52  12
42  2
51  3
45  5
38  5
26  -2
51  2
50  1
43  -2
33  3
29  5
45  8
35  -3
53  -7
48  -12
49  -9
40  -12
36  2
48  -6
38  5
30  1
39  1
44  -8
51  0
35  -3
37  1
28  -4
42  3
53  -6
48  -3
26  6
33  2
30  -4
57  1
49  -9
31  2
30  -5
24  -3
36  2
