44  4
39  1
45  9
32  -5
57  3
35  -6
50  -5
52  6
30  0
37  6
36  8
38  12
56  0
42  -2
41  6
55  6
41  8
33  0
39  -7
31  -12
43  2
53  2
51  10
25  0
46  -5
26  -11
64  -11
56  -2
28  -2
48  0
60  -12
59  7
35  2
23  -11
20  0
47  -1
30  2
55  10
60  -12
82  12
44  1
42  -13
61  10
45  2
62  -1
33  -1
18  3
52  4
51  10
77  -7
45  2
36  0
59  5
40  11
34  8
43  6
39  -4
51  7
30  -4
67  9
29  -8
27  4
60  2
55  3
48  -3
36  -1
74  1
37  6
31  -3
45  7
42  -6
42  -12
67  6
24  -1
52  1
32  -12
44  0
41  11
66  -14
37  -2
46  -3
25  -2
41  1
41  4
36  0
39  -6
56  1
21  4
40  1
48  8
33  -12
33  -10
46  1
39  4
42  1
28  0
41  6
32  -7
35  -5
40  4
44  10
34  1
45  5
57  -9
60  -4
40  12
39  3
43  -5
48  -5
50  5
36  -3
49  13
25  9
48  6
36  4
58  -8
40  2
36  4
54  3
50  4
66  -5
58  -11
27  -5
34  -6
36  -3
66  -9
59  -3
37  12
48  5
30  -3
53  1
33  -9
26  -12
31  -4
46  8
39  3
45  -2
60  -1
60  -9
69  -4
50  -1
44  3
28  4
56  -11
39  -7
49  2
40  7
56  -1
49  3
32  -12
44  6
44  11
39  -3
53  -10
70  2
41  -1
49  5
38  10
35  6
52  6
46  4
35  -3
45  5
42  -7
59  -4
34  1
75  9
23  0
46  -6
54  -7
48  7
37  4
40  13
50  -1
24  8
52  -4
47  2
32  -7
26  -3
22  -11
43  1
35  4
39  -8
50  3
43  6
32  -1
39  -6
55  6
31  -5
25  5
40  4
29  2
27  -10
52  -2
58  -8
25  6
46  4
50  8
58  -10
36  9
49  6
55  10
18  -6
54  3
58  -10
56  -2
32  -13
39  -9
45  -3
24  2
48  9
40  -1
48  3
60  2
32  -5
53  -2
30  -4
39  -2
32  -8
36  5
44  7
36  9
32  -12
30  6
56  -4
54  -10
47  -7
50  5
37  1
36  -2
47  -3
29  1
32  -6
44  0
26  -5
56  -5
48  7
48  9
60  -5
60  2
45  -1
60  -9
48  8
38  3
48  1
37  12
31  -12
45  -4
32  -6
19  1
42  -8
56  2
35  -3
68  11
51  11
22  -11
56  -12
44  7
49  12
46  2
34  5
45  7
40  5
22  0
28  7
53  -2
48  -2
49  6
31  -7
42  1
41  1
42  -4
43  -3
45  -2
34  -6
33  -1
28  7
52  4
64  -5
52  5
62  7
30  -7
36  8
53  -10
42  -11
43  2
39  -2
37  10
39  -4
53  -9
28  0
51  2
42  -8
38  9
28  8
63  -7
38  -1
35  -5
35  0
23  -5
60  -12
40  10
55  -1
40  9
30  -7
43  -5
40  -1
44  9
36  3
47  1
43  0
64  -8
47  -8
23  -2
11  -4
36  0
56  -12
31  -3
39  3
63  -9
35  -6
49  4
31  -9
38  -1
28  7
24  4
34  -5
34  8
42  -12
62  10
32  0
55  5
32  -5
51  2
62  5
39  -4
48  -4
28  -2
31  -5
66  -10
55  7
62  8
57  -6
24  6
42  -4
59  0
42  -2
61  7
31  -11
36  9
50  5
30  -3
48  8
47  -3
27  0
44  -3
52  8
27  -10
39  -7
33  -4
38  11
39  -7
65  -11
46  0
36  2
39  -6
38  7
40  5
42  -7
36  7
60  -10
50  9
82  5
39  -4
50  2
42  -7
35  4
22  -9
31  -5
47  -4
44  11
62  7
37  1
66  -10
40  11
30  4
34  2
38  6
34  6
49  0
39  -9
46  -2
55  10
46  7
48  1
45  2
55  0
39  3
49  1
24  6
40  3
38  7
41  12
54  -1
33  -9
30  -2
48  2
42  0
57  -6
23  -2
40  12
76  11
60  -6
45  -2
42  -9
35  -2
50  3
38  12
42  -5
40  3
39  -1
40  12
23  -2
43  -5
35  2
50  1
39  -3
46  7
47  -8
18  2
53  -9
31  -8
39  4
52  0
46  -1
49  13
56  -5
71  -4
38  2
33  -14
42  -13
42  -7
62  -1
73  3
38  8
41  11
38  5
39  1
57  4
26  -8
30  6
47  -2
59  -1
59  -7
56  -6
43  1
29  1
38  2
34  0
40  6
16  -3
21  14
62  5
49  0
32  -7
50  0
49  14
19  1
42  1
64  0
37  2
50  -3
49  12
41  -1
42  -8
34  1
51  7
29  -10
60  -7
62  10
47  1
46  -1
60  2
30  -1
60  -10
47  -1
42  1
74  -2
56  -9
49  4
50  1
39  0
40  5
40  8
50  4
38  8
39  -4
38  9
28  -2
56  0
26  -5
29  -4
49  13
33  -11
37  4
50  5
37  1
27  -2
50  7
36  0
44  0
43  1
68  12
67  8
40  8
43  3
51  8
36  -3
31  -12
43  -2
53  -6
29  2
34  8
42  -12
34  8
62  6
40  7
40  5
37  1
44  8
49  12
37  6
33  0
29  -10
47  -2
46  -4
39  0
41  5
49  8
31  -5
43  -8
32  0
53  -7
30  -4
47  2
51  2
48  -1
41  11
42  -10
42  -7
41  11
40  3
25  1
34  -1
52  2
42  -13
33  -11
57  -1
68  0
56  -6
47  -8
36  3
50  -3
49  1
35  2
47  0
52  -1
45  8
61  3
69  6
32  -11
46  -2
42  -9
70  4
45  -4
25  5
36  5
36  9
64  -13
44  2
63  2
36  -4
30  -4
49  6
33  -13
52  2
46  1
57  -1
44  5
40  1
27  -7
54  0
37  1
67  0
48  0
47  -8
22  2
75  2
30  -6
42  -11
36  1
39  -2
42  -1
47  -8
30  2
30  0
37  5
35  1
55  0
34  8
27  2
36  1
38  0
21  3
76  8
37  5
39  -1
39  -6
38  6
53  -9
75  7
41  12
31  -10
33  -3
26  1
37  10
40  7
43  -2
49  7
55  3
56  -12
31  -13
54  2
29  3
43  5
57  -4
64  -6
49  13
78  10
44  -1
29  3
43  2
38  3
34  -5
66  -2
55  2
36  1
43  0
41  11
34  6
39  2
59  -6
45  3
41  13
36  4
79  0
38  7
36  -2
45  -3
70  8
36  6
30  2
39  -3
36  10
33  -6
51  5
47  -7
40  6
57  0
72  12
39  -10
52  7
24  4
58  -2
21  0
35  0
39  -9
53  -6
60  -4
37  11
24  1
33  0
42  -5
35  -6
50  8
35  2
25  2
24  11
41  12
45  2
36  -4
63  -3
42  -12
35  -2
38  9
24  2
47  -7
52  1
23  -9
45  8
80  -2
53  3
45  9
44  4
71  -10
22  2
36  -2
34  8
43  -6
36  -1
71  -1
62  4
48  6
64  -13
52  9
52  2
37  10
25  10
51  4
37  12
34  0
69  -3
49  0
37  8
46  -4
26  1
38  12
38  -1
43  1
38  6
45  -3
49  6
38  3
36  1
38  -1
61  -1
39  -1
53  -2
30  -6
39  -2
34  2
29  -8
37  5
59  3
42  -8
17  -1
50  0
38  12
58  -12
52  2
43  -7
60  1
46  -5
54  2
31  -11
50  9
40  2
38  0
43  1
38  6
33  -13
32  -5
36  4
66  -5
26  0
27  2
26  2
68  -1
65  -10
45  -4
49  3
41  4
53  -9
39  3
61  0
49  7
32  -1
26  1
31  -12
58  -2
53  1
32  -3
44  0
40  12
40  9
44  11
43  -8
30  5
36  5
37  6
63  -7
63  -4
34  3
41  11
36  -4
37  1
34  -4
35  3
74  0
32  -12
27  -10
43  -7
17  1
48  -1
26  -6
54  0
44  3
41  11
40  10
60  -5
44  9
26  -1
44  7
29  -11
49  3
43  5
37  6
40  6
71  -13
27  -1
29  -5
47  3
56  -2
64  -5
27  -8
46  -6
54  -9
38  3
49  11
34  4
34  8
35  -4
67  -1
41  0
71  -6
50  -1
45  10
37  -1
51  10
30  -2
23  -9
41  9
32  0
36  5
35  4
30  -1
47  -5
47  -8
41  8
49  7
43  4
46  3
50  -5
44  5
53  -8
40  -1
41  6
30  -6
41  4
46  -3
64  -1
34  -4
33  -6
40  9
35  1
35  -5
45  10
61  1
27  1
46  0
36  -3
44  9
44  6
76  13
34  -5
46  -5
19  4
75  0
45  3
46  0
36  -3
46  -5
79  4
30  0
60  -10
40  12
60  -7
68  3
37  3
37  10
36  3
61  -2
25  -4
61  -4
40  6
72  2
44  10
37  8
40  11
20  8
57  3
30  0
45  -2
56  -10
65  -4
34  -1
67  9
37  10
57  0
28  8
60  -9
51  12
59  7
59  -1
40  0
56  -11
35  -6
47  -6
54  -6
36  7
52  -4
63  1
29  3
33  -6
60  -9
42  -1
53  -7
53  -6
69  -6
29  -4
28  11
62  -1
45  6
44  5
37  -2
33  -4
54  -6
53  -8
31  -1
50  -4
60  -7
65  -6
46  3
36  7
43  2
30  -4
23  -4
40  6
62  9
39  -5
36  7
42  -13
46  5
31  -7
39  -4
38  3
17  -10
45  -3
42  -12
28  1
48  4
21  9
35  4
35  -2
35  -6
44  9
40  3
63  -10
38  11
19  2
48  -1
44  7
39  -2
37  0
64  -14
32  -8
31  -8
41  3
74  -4
41  11
37  4
26  -6
43  3
56  -7
32  -10
63  -2
52  6
26  1
32  0
58  -3
43  -7
43  -7
22  -4
76  0
55  8
72  5
42  1
35  -2
33  -10
42  0
