9  7
11  -8
8  -1
13  -1
10  -4
7  8
9  0
8  5
3  -7
10  1
5  -9
11  -4
6  0
7  2
10  -5
9  10
17  -4
10  -5
4  9
15  6
13  -11
6  9
11  -9
9  7
13  -4
3  -7
10  -7
6  13
8  -1
10  -7
8  2
7  11
8  3
8  3
11  -4
4  6
9  5
16  -10
16  0
17  -3
8  2
12  -4
6  3
11  -5
12  -10
18  1
10  -1
8  6
7  2
7  13
5  -13
9  6
10  2
9  13
5  -6
12  -7
12  1
10  -9
15  6
2  -5
13  -2
10  -2
16  1
8  2
6  0
4  3
13  -9
13  -11
11  -7
11  -4
11  -1
11  -11
9  3
10  -10
8  7
16  -3
11  -4
5  -3
6  4
15  13
3  -7
12  -8
8  -2
10  -9
13  -10
10  -11
8  -1
6  14
8  6
15  0
13  1
13  -6
8  6
10  -9
11  -2
9  7
11  -7
7  10
6  4
12  -8
8  -3
10  -3
7  -1
8  8
6  2
11  0
6  7
8  9
9  13
5  -5
4  7
12  -11
7  0
9  11
8  8
11  -10
12  -3
11  2
12  -1
5  -14
14  -2
10  0
9  1
8  -4
4  7
9  1
7  9
9  13
14  4
10  0
7  8
9  4
8  9
8  7
6  10
11  -1
11  -1
12  0
14  -5
11  -9
5  -5
6  9
15  6
12  1
14  0
9  7
8  -3
6  13
8  -2
7  0
15  1
14  -7
9  6
8  6
8  9
6  2
9  6
11  2
6  6
5  -12
9  4
4  6
11  3
18  8
11  -1
11  0
6  10
9  2
8  7
7  10
11  0
6  14
24  -1
4  -2
6  12
11  -2
7  7
14  -3
17  -2
7  10
7  7
3  -9
12  0
13  -8
4  6
13  -2
9  6
12  -8
9  4
8  2
5  -10
10  -2
13  -10
9  2
12  -8
11  -1
12  -10
9  11
10  -6
9  5
12  -6
7  -1
14  -4
16  -1
10  -9
7  1
4  3
14  4
13  0
7  10
14  -6
14  0
9  8
11  -7
11  0
15  6
9  5
12  -4
6  1
9  2
5  0
12  -12
8  1
12  -11
7  0
6  0
11  -11
14  -3
15  0
8  -2
8  8
11  3
4  3
4  1
12  -10
7  7
8  3
11  -5
8  6
12  -10
10  -8
7  1
8  1
5  -2
13  -5
8  3
11  -2
11  -3
13  0
3  -12
8  8
12  -12
8  7
8  5
11  -10
16  -10
6  10
4  11
10  -11
9  4
13  -3
10  -10
8  0
5  -3
14  -9
14  3
9  9
6  11
11  -10
8  8
11  3
17  -7
8  10
16  0
7  2
8  -3
11  3
13  -2
7  12
10  -7
7  8
13  -8
8  6
6  5
5  0
9  10
6  13
11  2
9  7
6  7
9  10
9  11
4  8
4  -2
6  8
8  0
9  1
11  0
2  -3
12  1
7  6
10  2
8  3
9  12
14  -2
9  1
11  -5
11  -7
7  2
12  -12
7  7
10  -8
4  8
7  9
8  4
11  -8
9  12
13  -11
16  -7
12  -11
17  -3
10  -11
7  2
8  2
7  6
11  -6
12  -11
12  -1
13  -4
6  7
9  5
10  -7
12  -11
16  -6
13  -13
13  -10
7  7
12  -11
14  -1
12  -8
3  -1
14  -7
10  -6
8  -4
5  -5
8  -1
11  0
13  -11
13  -3
10  -6
8  3
4  3
10  0
10  2
17  -1
8  1
11  -11
15  7
11  0
13  -9
13  -5
10  2
3  -10
10  -6
7  1
10  1
5  -5
12  -8
5  -11
13  -11
10  -1
8  10
7  12
10  -11
4  8
12  -8
16  1
11  -6
15  12
3  -6
11  -1
7  7
11  0
7  2
11  -10
7  2
4  12
8  3
7  5
16  -9
10  -10
15  2
13  -9
7  13
16  -10
8  2
8  9
8  -4
8  -4
7  8
10  3
10  -6
7  11
14  -9
6  3
10  1
6  12
10  -5
12  -12
8  -4
9  4
12  -9
10  -5
5  -5
15  5
7  4
15  14
9  5
14  -9
5  -4
7  3
9  5
13  -2
10  -8
9  1
4  7
14  -3
8  5
10  2
6  10
12  -6
3  -6
11  -6
7  2
8  5
18  0
1  -10
11  1
8  5
7  0
9  11
5  -12
9  3
8  9
10  3
17  -2
8  -1
13  0
11  -9
13  -13
9  5
7  2
7  3
8  -3
11  -8
7  5
11  -1
11  -3
9  11
12  0
8  -3
10  -4
14  0
13  -13
7  4
10  -4
17  -3
6  14
9  3
9  2
8  -4
5  -2
9  3
10  -2
6  7
6  2
11  -8
6  11
8  10
8  3
10  1
12  -5
8  -2
6  13
6  6
7  11
9  7
8  -3
4  0
15  10
14  -2
10  1
12  -7
7  2
9  11
6  7
16  2
12  2
8  -1
10  -8
5  -5
12  -7
10  -1
12  0
4  1
6  9
13  0
8  -4
13  -7
9  8
6  6
16  -2
12  -1
7  0
12  0
8  3
6  5
9  9
6  1
16  -9
8  -2
13  -12
12  -11
13  -1
5  -14
5  -13
11  -7
5  -11
7  4
8  5
14  1
11  -1
9  3
9  4
8  9
11  3
14  -1
9  5
13  -2
11  2
8  1
9  10
7  3
4  9
9  2
5  0
8  -3
12  -5
12  -3
11  -6
8  4
3  -4
8  7
6  11
8  8
5  -2
17  -7
7  11
7  0
6  0
9  11
12  -1
11  2
9  5
5  -14
9  10
11  1
13  -6
11  -9
2  -4
8  4
14  -5
5  -11
6  0
7  9
11  -6
12  -7
12  -12
9  0
13  -12
16  -1
10  -2
10  -9
11  -11
8  -4
9  2
16  -9
9  10
9  3
6  10
11  -5
9  0
22  -4
11  -8
14  3
8  5
10  2
9  -1
7  4
13  -9
16  -2
5  -13
9  0
13  1
12  -5
14  -6
8  -1
9  5
9  0
10  -4
13  -8
7  10
11  -2
8  -4
7  13
9  0
8  8
10  1
11  -10
15  10
12  -2
5  -14
9  2
14  3
5  -12
6  6
8  -3
14  -1
9  10
4  10
13  -7
2  2
16  -7
7  3
10  -7
6  8
9  1
20  -9
12  -10
8  3
14  -2
9  11
8  10
4  -2
7  1
11  -4
10  -3
4  3
8  8
9  8
15  7
6  6
9  1
9  7
15  10
8  -1
8  4
8  -4
6  2
9  10
6  14
12  -5
12  -5
8  10
18  -2
9  -1
4  0
5  -10
8  -2
10  2
10  -2
12  2
7  0
9  8
13  -6
7  6
14  -8
9  13
8  -4
7  12
10  -2
5  -8
14  -5
8  2
9  5
7  13
11  -11
13  -7
12  -4
9  11
11  3
9  13
6  11
7  -1
12  -12
14  -4
6  9
10  -1
9  6
9  0
10  -4
11  -6
8  1
8  7
9  10
10  -8
11  -7
12  -1
7  -1
6  9
13  -2
8  8
6  10
10  -6
15  6
3  -8
5  -8
8  5
10  -6
11  -4
9  11
8  0
12  2
8  1
9  12
12  0
10  -6
4  8
10  -6
12  0
9  3
6  9
12  -10
12  -4
9  4
14  2
7  11
8  1
15  8
9  10
9  5
3  2
8  -3
6  11
4  1
11  -7
5  -11
9  13
16  -1
7  2
11  -2
12  -6
14  0
9  8
8  -2
9  4
10  -9
7  7
9  8
12  -11
6  8
10  -11
7  6
10  3
5  -3
5  -11
8  -1
10  0
5  -6
10  -11
8  0
6  13
12  -1
6  9
6  6
13  -8
10  -2
13  -1
16  -7
8  2
7  11
11  3
6  5
10  -8
14  1
7  6
12  -10
8  2
9  9
7  9
8  0
10  -2
10  -6
6  9
17  -7
8  -1
12  -6
13  -5
7  10
10  -5
9  8
13  -2
10  1
4  11
9  2
11  -6
14  3
8  9
17  1
8  -1
8  10
11  -6
8  1
4  1
5  -10
7  0
11  -6
10  -5
10  -6
10  -6
12  -2
9  12
12  -10
6  7
15  12
12  -10
3  -10
8  -4
14  -8
9  3
8  10
7  3
6  5
17  2
10  -10
6  6
12  0
11  -3
7  7
6  4
10  -5
13  -9
9  9
11  -10
9  2
9  3
9  4
14  -9
8  -4
3  -10
11  -5
8  8
6  8
8  1
10  2
8  0
9  13
7  11
14  -2
13  -5
12  -12
16  -4
14  0
6  8
7  1
10  -2
10  -4
16  -8
9  10
8  -4
7  10
5  0
9  3
21  3
9  12
8  4
8  4
8  6
7  11
9  -1
10  -6
8  5
8  1
12  -1
14  -6
12  0
11  -9
11  -5
7  7
5  -10
12  -7
10  -1
10  -1
8  1
7  6
11  -10
12  0
6  6
17  -3
13  -13
8  2
14  1
6  0
10  -9
8  -2
8  8
8  -1
13  0
13  -7
9  8
7  13
9  5
16  0
3  -5
4  9
7  11
10  3
8  7
7  6
8  -3
10  -6
11  2
5  -11
9  12
9  7
20  4
13  -4
10  -6
7  8
12  0
3  -4
9  12
15  9
5  -8
7  3
10  -11
14  -5
8  1
7  1
7  8
13  -6
9  12
8  -2
10  -10
11  -2
14  -6
7  5
18  0
7  3
7  11
13  -6
5  -10
12  -7
10  -4
5  -6
2  -3
15  10
9  2
8  10
12  1
10  0
11  -9
10  -6
7  4
6  12
6  12
7  0
7  6
6  12
3  -12
10  -4
13  -3
18  -2
8  10
7  8
9  5
6  2
12  -9
11  -2
9  1
6  13
14  -2
16  -8
6  8
9  -1
11  -10
8  6
11  2
12  -8
13  -1
11  2
11  -8
9  6
4  0
7  13
8  7
12  -4
11  0
5  -1
10  -7
