51  3
54  -4
40  -3
55  8
52  -5
18  1
61  0
52  -2
37  -9
40  -8
57  -6
56  9
55  4
61  -2
46  6
48  -4
65  3
54  1
48  1
30  1
51  8
49  1
47  -4
48  0
53  4
34  3
52  -3
35  2
47  -4
42  -7
28  -3
51  7
59  7
56  1
55  5
51  2
54  6
48  -6
44  1
44  -6
46  3
43  8
26  4
35  -4
37  -9
41  10
36  1
54  -1
45  2
51  4
49  0
23  -2
30  4
50  0
58  3
40  2
39  7
65  3
51  7
50  -3
52  -11
44  -2
58  6
40  -3
60  -2
59  10
60  -8
43  -2
49  1
49  2
36  0
56  6
40  -5
45  5
35  1
40  -8
40  -6
56  3
54  0
41  5
35  -2
41  6
45  0
61  -3
36  -7
36  -4
53  2
51  7
34  2
37  -9
63  -3
36  -3
52  -11
44  -6
35  -3
48  -8
50  -3
47  3
66  4
39  0
51  3
44  -7
44  -4
64  7
43  1
39  6
48  -5
47  5
48  -6
55  3
40  -7
48  -6
36  -4
56  1
37  0
52  -2
42  -6
54  1
72  -3
32  -3
44  0
42  -5
65  2
49  3
48  -3
54  -3
51  1
41  9
66  5
52  -2
59  4
37  -10
49  5
35  1
50  -4
47  0
48  -6
29  -1
41  4
48  -5
37  -5
58  3
53  -5
38  0
47  -4
61  -3
61  -3
74  -5
59  12
37  -9
35  2
39  4
48  0
45  5
51  0
45  1
57  -5
69  3
44  -2
32  -4
34  -5
50  2
35  2
62  2
45  0
61  4
50  3
51  9
43  1
33  0
46  5
38  -6
68  -10
44  -7
40  2
47  2
48  -1
55  11
64  10
37  -8
48  -8
45  -2
60  -11
35  2
40  -2
52  -4
50  -3
57  -7
46  10
45  -2
45  -3
41  10
44  3
40  0
52  -11
50  5
44  -7
19  7
53  4
57  -6
53  2
47  3
43  7
41  7
37  -10
37  -6
49  -1
41  8
45  -3
32  -6
34  1
41  5
39  1
51  10
65  5
46  7
57  -7
47  2
30  -1
31  -1
47  3
62  7
35  4
47  3
57  -6
35  -2
52  -10
40  -7
37  -9
51  3
48  -9
51  0
46  5
52  -6
39  -2
36  1
50  2
39  3
37  -7
57  -1
41  5
32  -6
55  7
48  -7
30  8
43  6
34  0
43  7
34  -2
41  8
31  -1
43  -2
53  1
52  -2
53  -1
46  10
46  11
59  7
48  1
49  6
61  1
67  -9
42  -2
54  6
70  9
35  -4
45  6
40  -6
48  -3
43  1
72  -4
60  -10
67  -10
59  11
34  3
40  -6
55  4
60  -5
45  0
50  -1
46  9
44  2
50  -2
46  11
53  -5
46  12
46  9
57  0
57  0
24  1
45  3
44  -6
49  4
46  11
42  2
33  5
50  -4
40  -1
62  3
39  5
57  -6
36  -1
47  5
52  -1
56  4
40  -4
44  0
31  -8
59  10
39  6
50  -3
50  5
43  -1
39  3
47  2
55  5
33  2
62  2
46  9
54  2
41  7
51  3
32  -6
57  -3
46  6
52  -10
41  7
48  -2
32  0
67  -6
40  2
73  4
36  0
53  2
34  2
54  -1
36  0
57  -7
64  11
48  -3
44  -2
34  -1
40  -8
58  -2
47  3
26  4
55  5
53  4
55  7
63  -6
55  8
37  -10
28  -3
48  -8
56  4
54  -3
44  -1
39  6
38  -6
52  -2
48  0
56  9
41  5
37  -7
48  -9
52  -9
38  -9
60  -12
39  5
44  1
44  -4
36  -3
52  -8
41  6
70  4
39  -2
47  -1
66  3
67  -3
38  -8
45  -2
42  -7
42  -6
54  6
48  -8
51  0
36  -5
62  7
33  6
34  -5
46  4
38  0
46  10
52  -11
46  7
58  -1
42  -4
53  2
35  0
49  6
30  5
31  -6
45  -3
56  3
70  1
43  -2
49  0
47  -4
50  -2
39  -2
64  3
55  4
58  4
41  1
61  -1
50  0
56  5
55  9
55  4
46  5
41  4
40  -3
51  0
72  -10
52  -4
55  7
52  -10
44  2
41  11
45  -2
41  7
38  -10
49  1
43  3
53  -1
52  -9
44  -6
49  6
54  -1
48  -2
38  -1
37  -6
42  3
70  4
25  -8
31  -8
48  0
53  -1
53  3
38  -9
48  -7
76  6
49  4
40  -4
50  -4
46  4
46  8
44  -6
53  5
44  -7
49  7
48  -4
54  0
57  2
35  -3
37  0
46  6
52  -8
45  3
43  0
46  8
53  1
35  -3
32  -7
47  4
48  -2
54  -1
42  0
37  -9
49  -2
47  -3
50  -3
32  2
26  -1
31  -3
69  10
77  4
30  1
47  -3
40  0
44  -5
43  8
50  -3
50  -4
34  5
34  -2
40  -8
43  -2
52  -11
38  -9
48  -8
46  2
48  1
45  0
32  1
45  5
35  -4
33  4
45  3
23  8
75  -1
30  7
56  7
52  -2
42  -7
29  0
33  1
46  5
54  0
62  9
60  -3
23  3
36  -5
52  -2
60  -12
71  5
34  3
43  -1
51  9
43  2
54  3
58  7
42  -5
49  6
48  -9
56  9
60  -6
41  1
40  -6
46  5
32  -4
56  11
43  8
45  -3
78  -10
41  6
45  1
43  3
52  -2
58  0
46  9
49  6
43  8
44  -5
38  -1
36  2
44  0
35  4
38  -9
37  0
34  2
43  2
43  -2
29  8
53  3
38  -9
44  -3
50  5
58  -2
55  9
56  1
41  11
48  -9
33  -1
55  9
51  8
37  -5
42  -4
46  2
41  2
49  5
25  -5
53  -3
38  -9
52  -5
66  -2
48  -7
27  5
47  3
47  5
42  3
46  11
36  -2
44  -4
40  -7
28  3
51  4
34  3
35  2
37  -9
50  0
43  3
47  -2
42  -2
43  7
61  0
39  7
54  1
48  1
59  8
40  2
36  -1
63  -2
42  0
46  12
47  3
32  0
56  4
57  -6
38  -6
58  -2
42  3
48  -8
47  2
51  5
44  1
45  1
44  2
56  8
66  0
53  1
22  4
37  -10
54  6
50  1
40  2
31  -7
61  0
40  -1
34  -2
58  8
45  0
48  -6
38  -9
43  4
52  -2
32  2
64  11
62  7
63  2
32  -5
38  -9
60  -8
40  -2
61  4
40  -8
45  0
32  -1
40  -3
49  5
35  5
42  -3
47  1
49  -2
50  2
47  -3
23  8
46  7
53  1
38  -2
47  -3
41  10
34  -4
38  0
71  7
27  5
43  3
41  4
32  -7
50  6
35  -4
30  7
36  -4
38  -4
44  -4
46  2
48  -8
48  -3
48  -1
44  -7
32  -6
58  4
42  1
48  1
32  1
50  -4
66  8
36  0
41  6
50  6
45  5
31  -5
34  -3
52  -3
69  1
46  10
40  2
51  5
44  3
28  1
51  4
39  2
36  -1
46  4
51  9
59  12
35  0
62  4
52  -7
47  4
39  1
40  -3
38  -8
45  0
46  12
47  4
40  -1
40  -6
63  -8
47  -2
29  3
64  3
42  0
32  -6
52  -9
36  0
51  5
49  -3
71  6
46  9
44  0
59  4
54  2
48  -6
39  4
51  9
47  -3
58  6
51  0
36  -2
62  1
45  0
38  -4
37  -9
41  3
40  2
37  -10
47  5
51  0
41  9
65  1
42  -5
40  -2
42  3
53  1
40  -3
48  -9
48  -7
50  4
53  1
69  6
47  -4
52  -5
33  -2
36  -4
36  -5
61  -3
33  3
36  -1
49  4
42  0
38  -5
26  -1
37  -9
38  -10
70  5
42  -4
29  1
46  9
67  -6
67  -11
55  5
51  4
49  2
39  0
52  -11
46  10
42  -5
40  -4
57  3
45  3
39  6
56  4
50  -3
23  3
35  -4
41  7
43  8
55  7
46  10
52  -7
48  0
57  -7
52  -4
25  -5
62  3
30  7
51  5
47  2
52  -5
54  -2
69  1
42  -5
33  -2
32  1
21  6
61  2
55  10
44  1
35  0
38  -9
74  -6
60  -5
52  -2
41  2
49  5
41  8
43  8
51  5
58  8
53  3
39  6
48  -2
47  -1
37  -7
49  -2
57  3
33  -1
71  7
38  -2
43  5
48  -7
27  7
53  1
33  3
63  1
34  2
41  8
56  11
37  -4
54  -1
42  -5
50  2
53  3
33  0
45  -3
48  1
63  -4
65  4
41  5
41  3
54  1
61  1
56  11
59  3
54  0
33  8
52  -3
42  -5
51  2
43  1
42  -4
76  4
53  -3
44  2
40  -4
54  -2
42  3
66  7
49  5
64  9
66  6
65  -3
27  3
46  5
41  6
44  -6
52  -1
42  3
41  9
51  0
57  1
53  -5
50  -4
58  0
38  -1
61  -6
36  -1
49  -2
35  0
45  3
32  -6
47  4
47  -1
52  -4
51  7
34  5
51  0
65  5
61  -6
36  0
67  -11
43  5
39  -1
32  -7
32  -8
59  6
49  1
59  3
51  4
36  -7
48  -2
23  3
62  5
33  7
51  8
50  -1
53  -3
65  3
66  8
37  -5
50  -3
41  6
42  -3
60  -6
34  1
36  -8
49  -3
53  0
41  3
53  -5
37  0
48  -3
45  4
46  10
51  5
48  -2
32  -2
34  2
29  8
50  4
43  -1
48  -8
49  -2
39  0
36  -4
41  5
43  7
55  5
56  3
42  -7
50  5
65  2
31  -8
30  5
61  -3
55  2
48  -6
41  3
50  -1
40  -4
49  7
35  -5
39  6
55  10
53  4
42  -6
48  0
72  -10
63  -4
48  -9
51  9
46  4
64  11
39  3
47  -4
42  1
42  2
38  -8
50  -4
