49  1
38  11
74  6
45  -8
36  5
47  3
44  11
46  1
30  -1
34  -2
31  3
63  -9
25  3
44  5
48  2
30  5
49  3
39  -4
49  8
28  -4
60  -2
32  1
27  5
41  -5
40  -7
29  -3
26  -6
37  -1
36  -4
48  -8
37  -5
50  -4
50  4
27  2
37  -7
47  9
48  -5
53  0
41  0
44  3
39  -8
26  -13
55  2
66  12
28  -6
50  -4
25  9
32  -9
31  2
39  -12
24  2
40  -1
28  -2
36  -2
23  -4
50  -6
36  0
26  -12
33  -11
37  -5
48  -3
32  -1
39  -1
33  0
27  -1
54  -11
47  2
34  -2
31  3
23  -12
54  1
33  -7
42  1
46  4
40  -5
44  6
40  -7
44  10
58  1
57  3
36  -2
24  5
26  -8
44  9
45  -9
56  -2
43  -8
38  9
47  6
46  8
39  -11
50  -6
45  -6
34  8
30  4
30  -2
46  5
52  3
21  -3
36  4
36  4
24  2
30  -2
36  4
23  -11
50  -1
30  5
16  -1
43  2
28  1
40  -3
48  -1
49  0
41  -2
29  1
33  -9
57  1
25  9
22  -4
31  6
21  -10
44  4
41  4
35  -1
36  0
31  1
27  -6
53  -10
36  -5
30  -1
25  -1
28  -5
24  0
26  -8
25  0
26  -11
26  -3
52  5
39  -5
52  3
47  4
27  5
57  3
37  -3
45  -11
40  -3
59  -4
33  -9
50  -2
30  6
32  -1
53  2
60  -7
59  5
30  5
23  -11
37  -8
57  10
44  7
40  -8
45  -13
29  6
68  3
21  -7
42  5
32  -10
35  1
38  11
41  5
26  -7
55  10
41  -1
30  6
35  4
43  0
37  -9
40  -6
22  3
20  2
33  0
46  8
69  -2
49  1
32  -4
21  -7
27  0
57  11
42  6
62  -6
61  -7
37  -2
24  7
55  -1
22  -3
48  0
43  -6
20  2
30  3
35  10
34  8
45  -12
24  12
38  10
28  1
36  4
37  -4
25  6
23  -10
40  -11
35  1
37  -1
28  -11
54  0
49  5
48  -4
27  -5
32  -3
40  -1
33  0
49  -1
29  3
23  -1
39  -3
27  -2
33  -10
31  1
29  -5
35  5
50  2
46  9
29  3
45  -2
26  -9
33  -11
36  5
39  -9
35  9
34  -2
20  4
46  7
61  -6
44  11
33  -3
65  0
39  -5
72  1
34  7
25  0
31  1
48  -4
32  -2
52  -5
53  -3
34  -2
32  -8
52  -1
50  0
40  -6
32  -11
52  -3
36  4
55  9
37  -1
39  -12
30  -2
45  -5
38  3
47  7
29  0
43  -7
54  -7
32  -5
17  -6
19  -6
31  9
43  -5
49  8
44  1
34  2
75  3
41  4
52  -5
35  8
43  0
20  1
70  -10
38  4
52  -3
33  -2
17  -3
26  -1
48  -1
34  3
33  -5
51  -3
35  9
38  9
35  -1
18  5
51  -9
31  8
40  -10
39  -11
59  5
40  -10
40  -3
23  -10
28  -7
38  5
33  -9
51  -13
28  -11
34  6
32  0
44  8
29  3
42  -1
27  -3
28  -6
42  7
45  -12
40  -2
39  -11
36  2
53  -10
27  5
30  5
21  -1
41  -1
22  6
25  3
54  -2
42  1
21  1
34  8
34  9
49  -4
29  -4
39  -4
34  5
45  -3
29  -3
28  -4
29  1
34  0
23  -5
41  1
32  -4
35  5
35  4
50  -4
38  8
57  11
20  2
16  3
30  0
38  1
71  2
17  2
27  -3
47  1
50  -1
60  -12
24  10
60  -9
34  -2
41  2
72  7
36  -1
48  -1
29  -3
37  0
31  1
66  1
38  3
48  0
28  1
29  3
33  -6
26  -7
47  8
33  -8
17  -8
17  -9
34  1
27  -7
26  -13
23  -5
41  -5
29  -2
40  -3
33  -9
26  -2
30  1
40  -9
37  -5
57  0
28  -10
27  -6
33  -10
32  -2
54  -9
38  11
19  -2
37  -4
32  -8
23  -1
31  1
21  -8
52  2
38  4
31  11
39  -2
55  6
44  11
52  -5
21  -8
29  -3
25  -1
37  -9
38  11
51  -4
20  7
23  -12
34  7
44  11
29  -1
43  -5
25  11
45  -1
29  5
43  -5
38  5
42  -3
30  -2
39  -6
35  7
39  -4
22  2
20  5
34  -1
49  5
22  6
38  6
44  0
39  -6
40  -3
25  1
32  -3
27  -6
31  5
44  5
31  9
33  -11
31  10
33  -12
28  0
41  0
53  -8
40  -2
41  3
57  9
53  -4
44  6
46  2
30  -2
30  -1
28  1
36  1
27  -5
36  0
37  1
46  9
52  -2
43  -4
30  8
29  -3
30  9
23  -3
26  -12
25  4
50  -3
24  7
39  -7
23  -5
20  0
48  -3
32  -10
44  1
35  1
41  -6
44  9
31  10
40  -1
53  -5
31  8
39  -2
48  -9
45  -7
45  -12
25  7
19  -2
25  5
38  10
52  -4
27  3
34  5
21  1
29  -6
61  3
33  -9
59  5
39  -7
26  -12
31  8
50  5
37  -1
38  5
26  -10
58  -6
28  -7
41  2
24  3
47  8
61  2
25  5
27  5
43  -3
47  10
32  -10
20  2
33  -1
42  2
36  1
25  7
43  2
39  -4
26  -10
35  5
34  1
42  5
45  -4
36  1
29  -1
34  0
25  9
37  -10
26  -8
42  -3
53  -2
27  -6
36  0
46  11
36  1
40  -1
36  2
50  2
46  11
29  3
46  9
34  1
59  4
40  -4
53  -7
26  -4
32  -11
21  -10
56  -2
22  1
54  -8
59  6
25  -1
44  11
29  -1
51  -8
47  2
34  0
23  -7
34  2
45  -13
45  -5
33  -6
48  -2
31  3
39  -3
41  -6
39  -6
14  -9
36  0
22  5
40  -7
58  4
34  5
24  5
64  -2
49  -3
35  2
21  -3
16  2
21  -1
42  -4
43  -1
38  4
41  2
47  12
58  2
61  -1
48  -3
57  11
42  2
37  0
47  12
21  0
25  10
39  -7
48  -6
22  -4
33  -7
37  0
39  -8
38  7
60  -3
37  -7
31  9
65  11
27  -5
46  13
39  -13
29  5
40  -5
27  3
50  3
24  11
34  -2
31  1
27  -7
49  -4
40  -10
15  11
54  -2
44  8
33  -11
41  -5
39  -1
54  -4
38  3
28  -7
29  -5
30  -2
41  5
58  -2
52  -3
42  -2
38  10
30  -1
27  -2
26  -3
53  -9
29  2
75  1
35  9
57  3
47  12
49  7
44  6
21  -9
36  -2
40  0
47  5
54  -1
40  -4
56  2
56  -1
56  2
60  -13
42  2
32  -9
68  -2
43  -3
29  -3
35  -1
15  9
34  -1
36  -2
34  1
35  2
36  -5
35  2
29  -4
47  3
34  4
36  -2
26  -11
34  5
66  6
46  4
35  0
43  -5
40  -8
32  -8
35  5
20  -5
34  -1
40  -8
31  4
37  -5
41  5
34  0
49  5
39  -11
50  4
24  7
40  -5
40  -2
33  -10
44  4
42  -4
36  0
40  -8
27  -5
29  -6
34  8
29  -5
29  -2
31  9
39  -5
36  6
55  9
27  2
38  6
57  8
36  5
32  -10
35  1
25  2
67  5
24  0
19  -9
40  -1
33  -10
45  -8
42  8
45  -8
25  11
45  -7
29  0
27  -7
29  -3
17  2
39  -6
44  1
51  -13
33  -5
25  0
28  -1
46  1
40  -11
38  9
37  2
35  9
31  10
36  4
46  2
26  -2
45  -7
49  6
59  2
29  -2
36  2
41  -2
46  9
36  2
70  -8
47  4
39  -3
59  -1
30  9
21  -2
59  6
44  3
26  -13
52  2
25  6
29  4
41  -4
56  -5
42  3
40  -9
45  -8
32  -9
24  3
45  -10
44  2
34  3
39  -1
20  -4
47  4
36  -4
31  1
50  -5
51  -1
39  -8
51  -10
43  1
19  3
19  -6
40  1
23  -3
40  -9
43  1
24  7
49  4
43  4
46  5
49  -1
16  -8
35  7
48  -4
49  1
25  7
31  11
33  -11
51  -9
16  4
43  -1
45  -3
40  1
40  -4
26  -6
35  5
26  -1
49  3
22  6
51  -9
34  2
32  -6
28  -9
27  -2
21  -6
55  8
35  7
35  6
29  5
36  3
37  -9
47  6
48  -9
54  -8
31  1
28  -11
34  8
31  6
65  11
27  -5
33  -2
58  2
47  3
46  6
58  -2
53  -9
53  -3
41  4
37  -7
29  -3
45  -8
20  -5
23  -5
44  5
43  -7
29  -3
55  0
45  -3
21  -3
38  10
42  4
36  7
21  -9
45  -11
35  1
53  -9
51  -5
35  8
46  13
27  -4
31  9
33  -4
34  1
54  -3
28  -9
34  2
57  5
34  2
25  0
24  6
40  -11
37  -8
31  2
48  -3
32  -8
53  -2
39  -5
21  1
29  4
47  5
30  1
79  -3
48  -7
38  11
37  1
43  0
47  5
26  -12
19  -5
39  -4
44  2
36  0
50  1
29  4
52  -4
29  6
40  1
32  -7
22  -1
36  1
33  -4
32  -9
33  -3
19  1
54  -8
30  6
36  6
30  -2
42  -4
39  -1
34  10
47  3
42  -3
29  0
36  7
51  -11
47  3
17  1
32  -3
23  -10
8  0
57  7
34  0
26  -6
32  -1
39  -10
25  2
40  -6
37  -3
40  -10
41  6
47  11
39  -4
54  -11
32  -5
28  0
56  -9
35  3
37  2
30  -1
33  -11
28  -7
61  4
19  -9
33  -7
33  -10
29  5
36  7
37  -9
42  1
36  4
23  -9
26  -11
36  -4
50  1
31  2
34  -2
46  13
32  1
30  0
32  -4
43  4
27  -4
58  -3
49  3
31  1
59  4
50  -5
39  -9
53  -7
47  10
27  3
33  -5
52  -1
46  7
29  2
