37  5
22  -1
29  0
35  3
58  -5
55  1
40  3
25  8
41  -3
40  -2
74  -7
38  1
11  0
20  -1
25  -5
49  7
25  4
32  0
28  -10
36  -2
17  6
43  -3
49  12
34  -10
27  -5
37  4
33  9
43  8
28  -9
36  -2
33  2
42  5
24  -13
64  4
34  -10
34  -9
40  8
53  5
42  7
43  -1
43  -2
38  6
45  2
41  7
32  -6
39  3
15  1
31  -6
41  1
45  -9
46  10
20  -10
40  -2
55  1
48  -11
34  2
53  -1
24  -12
34  0
49  12
29  -4
47  5
65  -4
48  -13
37  -2
41  -2
44  -1
38  -4
35  10
52  7
35  12
19  -13
33  6
34  -6
84  -3
50  -4
66  -1
3  -9
29  -3
36  -14
24  -5
14  -10
28  -5
47  8
37  4
21  -3
59  -4
32  0
25  -3
31  -1
33  -2
42  7
31  -11
33  10
62  1
29  -1
31  -9
66  -1
35  4
33  3
37  -5
47  -3
44  10
27  -8
22  -1
46  6
20  -10
28  -12
59  -11
50  -4
31  -1
34  1
46  0
56  4
58  -3
46  10
25  1
31  0
47  1
23  -2
32  7
43  4
47  8
42  12
37  5
33  -1
43  -4
80  -6
29  -11
41  -5
49  2
51  10
35  5
61  1
35  13
47  2
29  -1
25  8
55  11
29  0
32  2
42  1
39  -7
52  4
14  -10
41  -5
31  1
25  9
30  5
65  -11
41  -1
41  7
29  -3
44  5
70  -2
35  10
34  3
63  -1
43  7
40  1
65  -6
39  -10
64  5
52  -1
43  7
44  7
21  0
40  6
51  0
51  8
23  8
45  -9
36  -8
33  0
11  9
24  -6
32  -5
35  4
41  6
22  2
28  -12
27  -3
40  6
49  14
34  -4
52  -5
54  8
60  2
43  4
23  0
51  13
27  2
45  1
30  3
43  8
39  -11
34  4
32  6
32  6
51  2
27  -4
35  6
30  -1
35  1
51  2
19  -1
43  10
40  -3
32  -3
28  -2
28  -9
20  -5
32  3
60  4
27  -5
46  -4
24  -10
25  -4
48  -8
44  11
33  4
27  -6
50  5
21  -6
64  -4
37  -5
23  0
41  8
25  0
21  -2
82  11
36  -4
69  -1
53  3
32  1
22  -3
21  -6
41  2
41  1
44  11
20  -1
122  6
90  -3
44  2
27  -6
53  4
78  -11
62  13
32  -5
60  6
43  0
66  4
30  -2
70  2
12  -2
54  12
8  3
44  10
50  -7
24  -10
34  2
40  2
24  1
30  -1
33  2
58  0
27  0
46  10
39  0
24  -8
21  -10
53  1
53  11
40  10
20  -12
51  12
57  10
26  1
25  6
29  -1
39  2
44  6
51  1
41  9
25  -5
54  10
18  -10
28  0
50  -2
55  0
22  8
38  6
77  -7
23  -3
33  7
40  5
52  0
41  0
19  -3
30  -3
95  -1
37  3
43  6
55  11
33  12
48  -9
32  4
32  4
52  -7
36  -6
43  0
35  8
26  -1
54  7
32  8
67  1
36  -9
61  -1
55  11
57  7
36  -14
40  7
30  1
35  4
32  4
44  7
35  0
25  9
31  0
59  -4
38  8
36  -8
36  -10
20  -4
28  -11
55  12
26  -11
68  -1
29  -1
13  -7
62  9
39  -7
44  11
51  0
30  3
38  8
35  4
42  1
33  12
37  0
48  -2
32  -1
45  2
38  4
29  2
44  -1
20  -6
71  5
38  1
55  13
36  -4
77  -6
38  5
46  -1
37  4
38  6
77  0
34  -3
40  10
59  -11
17  -1
16  -2
43  2
56  -3
51  1
44  0
31  -4
78  -7
22  9
37  6
22  6
9  8
13  7
18  -14
56  10
37  -7
69  -6
54  7
53  -1
29  -8
40  0
27  -10
48  0
54  4
38  9
32  -2
44  9
42  2
20  -10
39  -3
33  8
30  5
88  0
49  8
17  12
23  11
21  -14
59  -9
10  4
38  0
50  1
31  -11
15  0
27  -5
41  9
38  1
85  -1
23  -1
51  13
47  -1
36  0
42  12
37  3
21  -2
66  5
22  2
36  -11
51  1
36  -5
56  -1
48  -1
36  -10
56  9
29  2
21  -9
42  -1
26  -1
53  11
30  4
16  -9
31  -13
23  8
44  4
42  2
49  12
46  0
30  4
31  -3
33  0
46  3
31  -10
46  0
36  -10
33  5
54  9
51  7
68  -6
17  8
37  3
64  3
46  -2
29  -1
36  0
26  -3
24  -4
54  2
64  -8
51  5
63  6
26  -8
65  -11
73  0
30  -6
71  7
52  1
39  -5
38  4
29  -6
17  1
40  6
41  -3
25  9
46  9
24  -4
70  8
38  0
33  6
28  -7
24  -8
23  8
21  -4
40  0
37  6
39  -1
60  0
72  1
32  -4
37  -1
56  0
19  -7
27  3
19  -6
30  0
26  -10
36  -8
31  -3
48  0
35  6
47  -3
33  12
37  -1
26  -11
56  3
44  13
27  -2
56  4
39  -8
52  5
51  11
38  -5
44  7
46  -4
63  5
44  12
22  3
71  3
43  5
17  0
60  5
56  6
45  -9
40  10
34  2
38  8
30  -8
29  -8
50  4
44  13
43  5
28  -4
61  4
89  1
38  -2
45  -3
52  0
53  3
49  2
30  -2
38  -5
47  7
29  -10
24  -2
50  2
52  0
47  1
82  -2
47  4
36  -13
28  -11
28  -1
60  10
40  8
36  -1
36  -10
28  -1
23  1
32  6
55  7
68  1
20  -9
31  -12
26  0
64  0
26  -8
31  -12
20  -8
32  8
54  2
49  11
35  2
18  -6
74  -1
37  -8
39  -3
46  7
45  -2
47  1
24  -9
48  -1
44  1
33  7
20  0
48  -5
46  -2
31  -10
29  2
82  2
36  -5
37  3
38  3
60  5
21  -2
33  3
38  1
46  -2
26  -2
62  1
40  10
35  7
44  11
35  12
9  7
49  2
51  13
66  3
48  -12
40  8
54  4
65  -6
22  0
28  -11
51  5
62  0
34  -1
7  5
46  4
29  -1
50  -5
20  -8
33  3
46  8
31  -1
32  -1
30  3
61  7
54  5
70  1
28  -3
35  14
20  -7
50  0
56  -3
40  3
45  -4
24  -1
15  -9
38  -5
33  1
22  -4
23  1
37  -4
45  -5
20  -1
49  2
38  -5
44  -1
43  0
35  3
50  -4
73  -3
32  -3
52  -7
46  3
47  3
50  -7
34  3
36  -4
58  7
47  9
25  8
48  -13
27  -8
81  -7
57  -1
41  -3
28  -5
60  -2
49  10
35  7
63  2
38  -4
63  -5
42  8
29  -5
34  -10
15  5
46  -4
37  3
37  2
46  10
40  0
55  7
42  0
62  0
40  4
51  7
56  4
28  -13
19  -5
12  2
35  4
34  0
19  -3
25  -3
54  10
39  -10
48  -9
29  -7
35  9
43  -3
32  1
32  -6
26  -5
19  -7
21  -2
86  7
23  9
63  -4
30  4
50  -6
65  -12
18  -14
64  -7
38  4
50  5
46  -3
51  2
45  -3
30  1
83  2
40  -2
38  0
52  -4
75  -4
19  -8
15  -5
36  -11
20  -10
74  2
21  -9
36  -14
48  -5
61  0
69  -9
26  -5
29  -3
35  11
30  5
49  10
32  -3
20  -5
35  5
29  -9
40  -4
23  8
23  11
39  3
43  5
47  4
32  -2
23  11
64  3
56  2
32  2
22  -3
58  0
85  -3
44  5
49  9
69  0
63  -4
16  2
31  -10
40  6
43  9
15  5
61  -1
24  -4
59  0
54  11
57  0
53  8
34  -10
61  6
19  -4
13  -2
42  1
61  4
28  -7
41  -1
39  3
53  -2
78  -1
44  10
84  -8
44  3
33  12
55  5
39  -3
37  -3
22  -3
52  3
26  0
27  0
40  -3
48  -4
34  -4
46  7
27  -7
73  -9
21  -11
40  8
55  13
46  6
26  -9
95  0
33  9
53  4
53  -2
45  -8
39  3
51  5
36  -1
42  2
36  -1
41  -4
37  0
60  -3
32  -3
19  -1
44  2
38  2
46  2
32  -2
46  6
40  0
12  -11
45  -3
34  -9
30  -6
49  14
57  -2
25  0
37  -7
36  -5
47  8
52  -7
28  -6
37  6
36  -3
49  13
29  -4
36  -2
45  1
69  0
33  11
49  3
43  8
28  -4
48  -14
48  -3
52  1
31  -6
37  0
76  2
14  3
30  3
39  -11
40  4
24  -13
16  -7
29  -9
54  0
47  -4
78  -1
40  -2
36  -14
39  -10
60  0
44  7
44  9
24  1
81  -3
43  3
74  1
84  -12
27  -4
54  4
33  5
28  -3
51  5
29  -8
23  8
28  -11
40  0
35  8
20  -8
28  -1
17  4
23  10
11  7
47  6
29  -11
20  -7
43  7
25  0
49  13
38  -3
33  3
23  9
31  -13
19  -5
29  -5
36  -12
57  8
45  -7
13  -1
61  7
83  -8
40  3
25  9
18  -13
49  0
51  5
44  5
33  12
29  -6
39  -5
50  0
52  -3
34  1
37  0
16  3
46  -4
57  0
38  2
49  5
25  -1
45  4
43  6
81  -2
24  0
39  -7
49  10
45  1
41  -1
16  -10
45  1
26  -4
71  4
69  0
27  -5
44  6
42  2
53  1
16  -6
51  9
21  -10
41  -1
37  4
54  8
40  4
21  -9
44  4
49  5
16  -8
42  11
26  -5
40  -4
14  1
27  -7
27  -5
47  1
64  -2
40  -3
41  -3
42  9
16  -8
61  3
40  -4
32  2
55  8
51  0
73  -4
29  -1
21  -9
35  3
44  4
84  -12
20  -12
56  11
29  -7
27  -9
46  6
34  -7
32  -1
13  -6
30  1
49  14
33  2
