19  -2
27  -4
26  0
39  -5
14  2
14  2
15  0
13  -6
19  -3
24  -7
15  6
17  0
17  -1
20  -8
27  -3
13  -7
17  3
27  2
24  -5
23  2
15  7
22  -1
19  -4
19  -1
27  -2
20  -2
17  3
17  -3
19  2
27  -1
16  -6
11  1
29  -5
13  -8
16  0
13  -3
21  3
14  0
16  -5
22  -3
21  -2
16  -5
25  0
16  -4
24  -3
16  -5
31  -10
16  -3
32  -9
28  -3
19  -4
18  4
12  0
18  0
9  -7
15  2
27  1
16  -3
18  3
17  -1
10  1
16  1
22  -4
16  -6
18  2
27  -5
29  -4
24  -7
21  -4
21  0
23  0
27  -2
27  -6
23  2
31  -6
10  -1
13  -8
24  -3
27  -1
6  -5
25  -1
26  4
20  -2
28  -8
19  -4
40  2
23  2
9  -9
22  -8
23  4
26  1
15  2
14  -2
20  -5
45  -7
20  -8
14  -2
32  -11
32  -7
28  -6
22  -3
27  2
14  2
29  -8
14  3
19  0
16  -2
20  -6
24  -4
16  -6
25  2
15  5
18  3
26  3
18  8
15  3
20  -7
12  -6
22  -7
20  -5
16  -2
28  -11
24  -1
24  -6
17  2
22  -1
12  -6
20  -6
19  4
15  -1
14  -2
15  6
25  -1
18  7
15  0
16  2
25  -2
26  -2
12  -1
20  -1
29  -8
20  -3
26  1
10  1
12  -1
30  8
17  0
23  3
21  1
14  0
20  -6
14  4
19  -2
18  1
22  -2
25  -1
16  -5
15  6
20  -8
23  1
38  4
30  4
36  -1
21  -1
19  -4
22  -1
23  6
20  -2
26  5
16  -4
19  4
13  -7
22  -4
15  6
21  0
20  -4
20  -8
20  -6
20  -8
30  3
20  -5
8  -2
13  -4
20  -8
17  3
33  -7
31  -5
28  -11
13  -5
14  4
13  -7
23  6
10  1
14  2
27  -4
15  5
21  1
21  3
21  3
16  -2
10  0
23  6
23  6
13  -3
23  2
23  5
26  1
20  -4
15  1
18  4
8  2
21  -2
21  -1
26  4
27  -4
20  -4
22  -5
18  2
28  -8
33  -6
20  -3
21  0
15  7
14  -1
24  -6
20  -3
31  -3
17  -3
19  0
17  2
12  1
15  -1
25  -5
24  -2
14  -4
27  -2
24  -2
16  2
21  1
9  -10
37  7
24  -1
18  5
13  -3
35  3
14  4
10  5
22  0
13  -1
12  -4
10  7
21  0
20  -1
9  -9
18  7
7  -7
24  -6
23  1
35  0
16  -3
26  -2
14  -4
9  -5
34  0
24  -5
30  6
13  -6
14  -2
8  -1
24  -8
24  -3
10  0
24  -7
21  2
24  -6
21  4
18  5
19  0
17  1
25  -6
19  3
18  7
7  -9
24  -6
29  -8
24  -7
28  -6
32  -5
15  3
13  -6
29  -6
21  -2
25  1
21  -3
14  -1
24  -2
15  5
23  4
25  -3
11  0
26  1
23  2
21  -4
18  1
27  2
22  -4
24  -9
27  -1
23  3
13  -1
13  -4
27  -1
29  -7
39  -6
31  -2
38  6
17  -3
15  2
28  -5
26  2
3  -6
21  2
15  4
24  -5
24  -8
14  4
14  4
19  2
28  -9
19  1
19  3
22  -5
18  3
29  -1
19  2
15  4
13  -5
21  -2
9  -9
24  -6
22  -2
22  -2
20  -8
16  -3
18  0
19  3
27  0
29  -3
15  6
27  1
17  1
20  -4
18  1
24  -9
20  -3
22  -2
28  -3
17  1
21  -1
20  -4
27  1
15  3
19  -4
15  5
25  -5
13  -6
29  -5
32  -6
14  3
11  5
11  5
27  0
11  2
30  3
17  0
23  -2
17  2
16  -2
21  -2
23  3
25  -4
13  -7
42  6
30  3
20  -1
17  0
38  2
21  0
16  -5
25  -5
23  4
20  -8
25  -6
6  -8
23  4
21  0
34  5
26  0
32  -3
16  2
33  -8
16  -5
17  5
25  -4
20  -7
21  4
22  -2
14  -4
30  1
13  -5
27  -5
25  -6
28  -11
20  -3
30  0
15  3
22  -1
18  6
33  -6
13  -1
11  -1
13  -7
6  -10
23  0
25  1
13  -9
11  3
14  -3
21  4
13  -9
29  -7
18  3
25  1
12  -6
20  -9
24  -9
18  7
16  -5
16  -4
17  2
24  -8
19  -2
19  3
13  -5
19  -1
19  4
17  0
15  5
29  -4
26  2
16  0
20  -6
15  4
20  -8
29  -4
20  -9
15  7
24  -6
13  -1
23  5
19  -4
16  -6
22  -6
15  -1
14  -3
22  -4
13  -4
26  -1
22  -4
21  2
14  -4
22  -8
34  6
23  -1
25  -3
25  -6
25  -2
22  -4
22  -6
26  -1
20  -8
13  -7
31  -2
20  -6
27  -2
34  0
21  4
21  4
20  -9
12  -2
17  2
15  3
24  -7
17  4
15  5
13  -5
17  4
22  -1
20  -5
31  -5
15  3
16  0
29  -5
13  -9
24  -7
19  2
25  -1
16  -2
20  -4
13  -4
14  -2
14  3
21  -3
24  -1
13  -7
29  -4
19  -1
23  -1
20  -2
28  -7
22  -4
24  -9
21  -2
15  3
27  0
28  -7
17  3
21  -2
27  -4
20  -8
23  -2
16  -6
20  -5
27  -4
22  -3
23  -2
23  2
11  6
32  -8
27  -4
34  1
17  0
8  0
16  -1
17  2
19  -2
23  5
11  4
16  -4
22  -1
15  1
17  -1
21  3
21  4
19  -1
22  -2
26  2
15  -1
23  -1
16  2
18  5
17  0
19  4
22  -8
21  2
18  8
24  -9
11  2
14  -3
23  3
20  -6
24  -2
17  0
14  1
17  3
22  -5
26  4
31  -7
25  -2
19  -1
24  -6
11  4
21  2
26  5
9  -10
21  -3
23  1
17  2
15  6
17  3
15  5
17  4
26  -1
15  5
24  -1
18  7
7  -7
28  -7
17  -2
25  -2
15  0
18  3
19  -3
16  -3
17  -2
25  -2
18  4
23  0
20  -1
27  0
23  3
12  -3
13  -2
27  -4
18  3
28  -8
17  1
14  -2
27  -2
21  -1
20  -8
18  2
14  -4
18  8
10  -1
27  -2
11  3
27  2
27  -1
30  5
21  -3
11  7
17  1
10  0
14  0
14  -4
19  -3
25  2
10  7
16  2
19  1
13  -1
13  -4
29  -3
23  6
17  -3
13  -5
20  -7
30  4
25  -2
18  6
28  -11
19  -4
23  -1
22  -6
21  0
18  1
15  6
35  3
32  -10
19  -2
18  4
16  1
18  7
25  -6
17  0
23  0
20  -8
20  -6
16  0
23  -2
19  1
12  1
21  -4
15  4
18  8
10  1
34  5
15  2
20  -6
19  0
23  1
13  -3
19  -2
24  -3
20  -2
19  -2
32  -3
21  -3
28  -11
24  -5
31  -5
18  8
23  6
20  -7
27  -4
26  1
16  0
14  4
17  3
17  3
15  -1
18  6
15  1
15  2
27  -4
16  1
19  2
14  4
20  -1
32  -4
16  -6
12  -3
17  2
26  -2
31  -7
21  2
16  -1
22  -1
29  -4
18  8
11  6
27  -3
23  5
13  -8
21  -4
15  4
21  0
21  1
20  -7
21  -2
10  6
23  2
33  -1
24  -8
17  4
26  2
24  -3
34  -2
19  2
27  -3
13  -6
19  -4
21  4
17  5
23  1
11  1
14  -2
20  -8
29  -3
21  1
21  3
22  0
26  0
21  -2
18  6
27  -5
23  6
18  1
25  1
21  -1
20  -8
16  2
20  -6
26  3
14  -2
21  1
19  3
20  -9
32  -5
19  3
12  -4
23  4
23  4
16  2
16  -6
16  2
9  -9
21  1
17  0
22  -7
24  -2
17  0
18  5
26  4
13  -5
20  -1
20  -1
21  -3
35  -3
26  6
13  -5
20  -6
17  5
22  0
20  -5
22  -2
23  -1
24  -3
17  -1
14  4
21  -3
28  -8
29  -1
16  2
15  6
22  -6
15  7
27  1
16  -1
21  0
15  -1
19  -4
17  -1
39  -1
27  -1
14  2
17  1
22  -4
14  -1
23  3
33  -5
23  1
20  -9
18  2
22  -4
34  5
22  -8
25  -4
17  3
25  -5
20  -7
16  -1
23  3
18  1
25  0
19  -4
15  4
17  -1
14  2
18  8
14  1
27  0
15  5
22  -7
13  -4
26  0
20  -1
17  5
17  2
16  2
19  3
19  1
24  -5
6  -9
29  -3
37  3
26  3
27  2
24  -6
24  -7
25  -6
26  5
22  -4
29  -6
30  4
24  -8
17  4
23  1
17  3
6  -9
22  -7
26  -2
24  -7
11  -1
11  4
25  -3
20  -1
23  3
13  -9
22  0
25  2
15  1
11  2
26  0
19  4
21  -1
18  8
28  -8
25  -2
34  0
21  -4
23  6
12  -7
28  -5
19  4
32  -10
13  -8
40  1
18  1
22  -5
19  -1
24  -7
13  -1
22  -3
19  0
25  2
12  -6
19  4
23  4
19  -2
20  -9
20  -3
8  5
21  4
16  2
28  -11
18  6
17  -1
7  -10
22  -6
16  -5
19  4
19  -1
31  -9
36  0
33  -3
22  0
19  2
25  0
18  2
27  -6
19  2
19  -1
17  3
24  -2
13  -1
27  2
32  -4
29  -5
24  -2
12  -1
15  0
16  -4
17  2
16  -5
29  -5
24  -2
18  7
5  -9
21  -1
13  -9
22  -6
11  4
11  2
23  1
13  -8
22  -1
14  2
20  -9
35  -5
12  -7
16  -6
21  4
15  1
22  -4
16  -6
23  4
20  -5
22  0
19  0
24  -1
15  6
22  -6
20  -8
13  -7
24  -1
34  1
15  6
13  -1
20  -2
31  -9
12  -1
20  -1
24  -2
14  3
14  -1
20  -9
19  0
14  -1
14  4
18  8
25  1
20  -9
20  -3
20  -3
22  -1
21  1
20  -9
16  -5
