38  -3
29  3
33  -7
34  -11
27  -1
49  3
26  2
26  8
23  1
31  -10
37  8
25  9
34  -4
43  -9
43  -9
39  -1
28  -5
40  2
34  -6
18  10
28  -4
33  -5
46  5
28  -6
34  -3
40  1
21  4
41  -1
28  -6
33  -4
39  -2
35  4
41  -1
45  2
41  5
28  -5
39  -3
45  -2
44  5
38  0
22  -2
38  -5
30  4
34  -3
56  0
26  6
43  -1
28  -8
28  -6
47  7
39  -2
25  2
47  8
46  4
35  1
41  3
31  -8
31  -8
44  -1
35  -2
32  0
34  -11
28  -7
27  2
28  -6
37  1
30  1
31  -9
19  -1
34  -8
30  6
36  8
36  2
30  8
46  3
33  -8
26  7
35  2
29  -4
28  -2
34  -11
39  -3
28  -1
45  2
27  -5
15  10
35  6
33  0
25  7
22  3
31  -6
38  0
17  0
35  1
31  -9
41  -2
43  -1
20  -4
33  -8
29  3
28  -8
48  -7
38  -7
31  -8
37  1
48  -9
39  1
27  2
27  -1
39  1
33  -8
34  -7
44  -1
33  -6
46  5
29  -2
46  9
31  -7
28  -8
41  0
33  -7
28  -7
47  6
38  -2
28  -3
45  3
31  -4
43  -7
28  0
39  3
50  3
40  -4
32  1
33  -6
21  8
39  -4
38  -4
40  3
40  -5
26  6
40  -5
36  6
33  -2
32  -4
35  -1
32  -2
44  3
40  -1
35  5
32  2
41  4
35  6
26  5
27  -3
29  -4
31  -6
36  8
27  -5
33  -2
49  5
34  -4
38  -7
34  -11
31  -6
39  4
32  1
43  -7
42  3
21  9
39  -4
22  -2
28  -6
40  -1
47  7
34  -8
29  2
39  -2
23  -2
35  4
31  -3
36  5
31  -4
33  -1
35  -1
29  1
45  1
27  1
30  6
29  1
34  -6
48  -2
31  -3
39  -3
17  -6
49  2
48  -10
49  8
40  0
51  7
29  1
29  -4
34  -4
50  4
43  -7
26  4
36  6
50  7
36  1
25  3
28  -1
46  7
32  -6
41  1
31  -8
54  3
23  2
51  3
34  -5
37  0
31  -8
42  4
44  -2
44  5
39  1
39  2
32  -2
33  -7
36  7
31  -7
35  1
29  2
25  5
40  -5
35  0
41  0
36  4
31  -6
43  -2
35  2
32  0
33  -7
24  -2
26  5
35  -1
29  4
40  -1
34  -8
39  2
35  0
30  1
38  -3
46  10
31  -2
41  0
41  -1
36  1
39  -3
34  -8
34  -7
36  5
35  6
46  6
29  -3
41  0
41  5
41  1
36  2
29  -3
30  4
31  -5
38  -3
23  1
35  3
26  7
28  0
23  -1
27  -3
32  1
28  -5
44  4
24  2
28  -7
27  -1
35  -1
29  1
42  2
40  1
45  2
32  -3
32  1
23  1
30  3
41  1
34  -10
42  2
43  -2
26  9
29  -2
28  -3
41  3
38  -4
35  -1
20  1
25  7
31  -10
28  -5
27  -1
14  -2
40  -1
31  -2
23  -1
32  2
24  -3
42  -2
33  0
35  6
52  -2
26  2
29  2
25  8
38  0
41  4
41  1
27  -2
37  4
31  -6
55  3
26  8
30  4
36  6
33  -6
23  1
52  -3
28  -2
38  0
38  -1
40  1
32  1
18  3
27  1
36  4
35  3
32  -4
38  -4
32  -5
20  1
32  -3
27  -4
37  0
29  -4
34  -4
35  2
35  4
41  2
42  -2
39  1
41  -1
22  1
40  -4
34  -4
51  3
34  -10
32  0
32  -3
44  4
32  -4
21  3
39  4
29  3
25  3
36  5
29  -1
18  9
33  -5
38  -1
27  -5
26  5
35  1
50  7
32  -2
28  -2
47  7
32  0
32  2
30  2
35  2
20  -6
43  -7
36  6
28  -7
26  8
20  -5
45  4
45  -2
23  5
18  10
27  -2
38  -1
32  1
38  1
34  -11
23  1
39  -4
49  6
32  0
24  1
34  -5
39  2
21  5
32  -3
39  1
40  -4
33  -6
25  8
28  -3
45  -2
48  -3
32  1
53  11
25  4
24  -5
17  -5
36  4
36  8
37  5
44  3
30  3
28  -3
20  -3
26  5
33  -5
36  6
27  2
45  2
24  -3
29  -4
29  4
27  -5
21  8
28  -2
40  -2
43  -9
22  -2
38  -6
49  2
33  -8
39  1
35  -2
28  -2
43  -6
36  3
37  4
31  -5
27  -4
30  6
40  1
42  5
35  3
31  -8
46  11
15  10
34  -5
30  1
22  2
30  4
48  -2
39  0
29  4
26  6
25  3
32  2
28  -7
42  -2
34  -3
36  8
20  0
30  8
40  -5
37  0
29  1
33  -7
25  5
34  -5
25  10
35  1
27  -6
34  -8
27  -2
33  -4
34  -9
35  4
41  6
36  1
24  1
30  0
30  7
31  -9
35  5
53  8
29  2
35  2
28  -8
32  -2
30  8
35  2
44  3
34  -8
32  -2
30  8
31  -6
40  1
32  -4
31  -6
17  -2
20  -1
35  1
28  -3
28  -4
37  1
32  -1
32  -3
33  0
31  -9
48  -6
23  3
16  -2
25  6
23  1
29  4
29  3
37  0
35  5
34  -5
33  -3
48  -7
49  6
48  -3
35  -1
31  -3
41  4
40  -4
48  -9
18  7
31  -3
47  5
19  -2
35  0
33  0
36  2
25  6
29  -3
34  -11
37  8
19  0
31  -2
21  2
34  -6
21  3
23  6
26  4
32  -1
21  4
34  -9
31  -3
32  1
28  -1
29  0
28  -1
28  -1
18  4
39  3
63  -3
26  3
24  -4
29  3
31  -2
36  8
42  3
37  4
43  -9
30  6
36  3
29  -1
49  4
33  -3
34  -8
36  7
36  9
44  -2
28  -4
24  -6
22  4
40  -4
28  -1
42  6
43  -7
33  -2
31  -10
38  -7
44  -2
40  -3
27  -6
31  -4
27  -3
37  6
41  3
41  4
22  0
18  11
27  0
36  3
38  1
33  -5
21  3
46  8
25  3
23  2
48  -9
32  -2
32  -5
28  -6
38  -1
32  -5
47  8
35  5
31  -3
47  5
25  2
34  -10
27  -6
47  10
25  6
53  9
46  5
24  -1
28  -2
35  -2
25  3
43  -2
18  7
39  -2
48  -9
37  2
30  1
35  2
33  -6
29  0
43  -3
35  -1
47  6
48  -5
24  -4
29  -3
32  -1
22  -1
24  -3
34  -10
39  -1
35  6
36  9
42  0
21  8
24  2
38  1
30  6
46  4
52  -3
40  -4
19  1
44  4
29  -2
39  -3
42  0
37  4
22  -2
38  1
36  4
36  4
34  -5
36  9
29  3
41  5
37  8
44  3
34  -4
33  -1
31  -9
23  2
29  -1
25  10
42  5
46  7
20  -2
43  -4
37  4
29  4
24  -6
41  -1
47  10
35  4
36  1
43  -3
41  2
27  -3
33  0
30  3
32  -1
22  -1
48  -10
27  -3
31  -2
29  2
37  3
17  -5
33  -4
42  2
43  -1
29  3
32  1
28  -6
52  -8
27  -6
32  -1
28  -8
42  3
39  -1
29  2
29  -1
27  1
45  -4
30  1
35  -2
26  3
43  -9
27  -5
25  7
30  5
42  5
33  -7
26  6
42  2
32  -6
61  6
51  9
51  11
38  -6
20  2
30  6
29  0
36  9
31  -3
39  -3
32  0
37  7
29  4
31  -8
28  -1
30  5
33  0
38  -1
35  -1
26  6
43  -8
28  -5
26  3
44  -2
30  7
40  -2
44  5
31  -5
38  1
29  4
31  -2
45  -2
52  -6
26  8
30  3
44  -2
36  6
28  -4
27  -4
25  2
24  0
31  -2
35  4
39  2
27  1
34  -7
16  -4
34  -5
29  2
29  1
45  2
26  2
23  6
42  5
32  1
29  -1
38  -5
30  3
51  4
39  -1
36  8
32  -6
22  -1
30  8
21  5
31  -3
38  -4
20  0
38  -6
33  -8
24  -2
33  -4
35  6
42  -1
21  6
34  -11
28  -5
35  4
49  6
35  3
47  3
26  8
31  -10
29  -4
32  2
35  -2
44  5
50  5
21  9
20  -2
33  0
32  0
28  -6
33  -2
47  9
35  3
31  -9
32  -1
43  -9
38  -4
36  6
30  8
39  1
29  -3
26  7
44  5
43  -4
39  -4
45  3
38  -6
21  1
23  0
33  -6
32  -4
48  -7
32  2
36  8
39  -1
31  -4
31  -2
27  1
22  -3
37  1
31  -4
37  2
29  2
31  -2
46  4
25  3
43  -6
40  3
36  2
25  6
28  -7
30  2
50  5
21  2
41  6
27  2
44  3
26  4
53  3
26  4
34  -6
37  3
39  -2
42  5
35  -2
42  2
41  5
43  -9
34  -5
14  -3
45  -4
49  8
29  0
39  3
51  3
25  4
33  -5
31  -2
43  -3
26  8
46  6
26  5
32  -3
36  5
56  1
39  3
42  3
31  -4
28  0
33  -3
32  2
40  -2
36  1
37  8
31  -3
29  2
24  -6
26  2
28  -5
19  -3
35  2
19  -4
22  -1
37  8
41  5
29  -1
61  8
23  1
35  4
38  -7
34  -3
47  4
37  2
38  1
30  1
22  3
30  3
41  3
27  2
31  -9
49  2
32  0
35  6
31  -10
34  -5
39  -1
27  1
31  -5
51  7
33  -2
20  1
37  5
43  -2
50  1
24  -6
57  0
34  -11
39  0
30  3
20  2
33  -7
31  -2
32  -5
28  -6
30  3
26  5
45  2
32  -6
38  -7
33  -6
27  -5
13  6
32  -1
37  0
26  5
35  6
27  0
22  5
23  6
37  6
28  -5
35  5
45  1
29  1
31  -10
38  -7
31  -2
36  4
34  -8
35  0
36  4
35  3
42  3
35  0
25  7
