35  5
30  0
19  -2
48  3
32  -1
29  9
22  -1
34  3
32  -4
31  -1
29  3
22  7
47  -1
20  -3
35  2
29  -3
36  2
54  0
31  -4
47  0
28  1
37  -9
49  -4
34  7
33  -5
48  2
26  -6
38  0
31  1
29  5
32  -10
21  -5
42  -2
42  0
35  8
33  -8
32  -4
39  7
32  -13
21  -4
44  2
39  9
20  0
46  -3
21  -1
45  0
28  -10
34  13
27  6
24  -14
37  -9
45  3
43  2
34  4
17  5
36  10
19  -4
55  6
24  -8
36  6
39  -2
23  3
24  -7
21  0
29  0
35  10
39  6
27  2
43  -4
31  -8
34  10
54  -1
26  -5
35  13
9  -5
17  3
29  -2
27  5
30  3
30  12
27  4
38  -5
41  -3
34  2
38  1
46  -12
23  -7
24  -6
40  -7
34  11
44  -4
22  -7
48  4
51  0
33  2
27  3
36  7
55  -5
58  11
30  4
43  -5
50  -5
22  -2
36  2
43  -7
32  -8
32  -6
26  -5
38  1
25  4
27  -5
43  0
36  0
25  0
29  -5
29  8
35  7
22  -2
32  -13
45  -4
43  0
27  -4
34  3
36  7
20  -1
57  -7
34  1
41  -4
27  1
20  9
31  -1
44  6
26  -6
40  -8
36  2
36  11
40  -8
30  8
34  13
22  -6
29  -5
38  -1
31  5
36  10
19  0
38  -1
32  -4
42  0
34  1
45  -1
36  7
31  -2
22  1
31  -8
31  -5
34  4
27  -6
51  -2
28  -12
32  -13
43  -10
22  -7
25  5
33  -8
28  -8
27  6
29  0
24  -4
23  -3
30  11
43  -5
39  3
49  -5
45  0
25  7
27  6
24  -10
27  8
19  3
32  -8
40  2
54  1
42  -10
20  2
41  3
34  5
41  -1
30  1
30  6
28  1
38  3
49  7
42  0
26  -9
16  -6
40  4
51  6
31  3
39  8
50  -8
20  -3
36  11
26  -6
46  -10
17  -4
25  5
40  -10
46  -2
45  0
36  7
43  -10
58  2
26  -4
33  -5
26  -12
29  9
43  -1
51  -1
32  -1
22  3
26  -10
27  -1
23  -4
34  11
19  4
22  5
36  8
42  -7
43  -9
28  -7
22  0
45  -6
26  -6
37  -1
31  2
31  -5
26  1
41  -1
48  6
53  4
28  0
27  0
49  0
35  10
24  -6
28  -11
31  5
32  0
23  -11
30  14
21  5
21  -7
16  -10
18  1
25  -5
42  -3
46  -3
49  1
45  1
43  2
27  -3
39  -2
44  1
20  8
23  -7
22  -5
35  13
33  -5
35  14
45  2
16  -11
29  2
28  2
48  7
44  -3
49  -4
39  3
40  -9
20  -5
20  2
17  5
27  -4
59  -3
19  2
14  3
29  6
48  11
22  5
31  5
28  -8
19  -1
30  5
35  8
67  5
32  1
54  -6
25  8
38  -2
39  10
25  -5
44  -4
31  1
39  -2
39  8
46  -11
26  -12
33  -7
23  -2
33  -10
31  5
39  10
29  4
32  -8
24  -11
44  -2
20  1
23  0
51  2
33  -4
37  -12
39  11
58  9
41  2
30  7
35  8
29  5
26  1
41  -2
17  8
61  -3
50  -2
25  -5
34  9
40  -1
48  11
34  4
40  -7
34  7
33  -9
29  -3
26  -10
30  2
42  -9
27  -3
47  -7
37  2
12  -6
42  -2
25  -5
23  3
27  8
48  6
35  12
44  3
38  1
26  -10
44  -1
26  -4
50  -6
31  4
33  -2
28  -12
33  2
30  1
37  1
38  -5
34  1
37  -4
28  -12
45  -5
40  -8
39  10
27  -4
26  -6
39  11
31  0
23  -8
26  -3
37  -4
26  -10
46  -7
37  1
24  -8
40  1
16  -8
40  -3
26  -8
29  1
39  1
41  -3
41  -6
23  2
31  3
22  -4
39  3
37  -12
37  -8
41  4
17  -5
29  -5
37  -4
12  -4
59  11
58  12
36  1
43  -3
45  6
28  -12
55  4
37  -4
44  4
41  -8
33  0
34  3
41  0
37  0
27  -2
35  9
48  0
43  -4
33  -5
33  2
47  2
36  -1
17  -3
30  1
30  7
29  -3
35  7
52  -4
34  5
49  3
29  0
31  4
29  5
34  0
33  -9
33  -3
29  0
34  12
23  -8
31  -3
35  14
36  7
36  11
29  3
41  -3
40  -4
28  -5
46  -11
55  4
33  -11
27  7
34  4
44  0
42  -4
28  1
46  -10
20  8
27  -2
33  -2
44  4
43  -11
27  5
40  -8
38  0
30  13
33  -8
29  2
22  4
29  -4
28  -9
37  -1
34  8
39  9
25  7
30  1
27  7
31  -5
22  1
38  3
39  8
25  -4
24  -4
28  0
29  2
32  -1
39  6
40  -4
40  0
44  3
27  2
34  14
19  -3
15  -11
30  0
35  9
41  -3
36  4
34  14
38  2
43  0
39  -2
42  -3
21  2
14  -7
38  -5
29  0
43  -7
30  8
59  4
30  1
33  -3
44  -7
39  -1
35  5
44  -6
45  -6
29  4
42  -6
23  -1
40  1
26  -5
39  9
45  -5
23  3
48  8
23  1
35  6
31  -4
35  1
45  2
32  -6
33  -3
42  1
18  4
49  5
33  -2
33  2
34  13
29  8
36  5
24  -13
41  1
28  -11
22  2
29  -2
35  2
49  -1
36  10
39  5
67  4
29  -3
40  4
40  -2
21  -1
38  -4
23  -10
51  4
73  -7
32  -11
21  0
31  1
40  -1
31  -8
21  0
34  0
36  10
30  7
23  -2
30  0
46  -8
30  2
37  -2
35  13
29  6
17  8
33  2
23  1
31  -2
48  2
23  -8
21  -4
35  0
44  2
36  3
47  -4
43  -5
18  7
21  3
31  6
25  0
48  0
29  6
36  11
21  0
30  4
19  -7
40  -9
34  10
26  -4
33  -3
33  2
35  5
50  6
25  -2
26  0
40  -6
41  2
34  1
44  4
29  -5
34  13
54  -4
44  5
28  -6
50  6
33  -7
35  1
46  2
39  0
22  -6
50  -2
50  -6
32  -8
36  10
19  -4
37  -7
18  -1
37  1
27  -4
39  11
27  4
37  2
41  0
61  7
21  -8
31  -6
28  -11
31  -2
34  10
39  0
36  11
47  0
34  5
29  4
49  -6
41  0
36  5
28  -3
50  1
34  0
16  -1
28  2
44  1
31  -5
40  -9
44  3
26  -9
34  2
26  -3
48  3
34  5
35  7
29  8
43  -3
32  -7
27  1
39  -2
29  3
36  4
45  -2
28  1
33  -1
23  -10
22  -4
36  13
36  5
30  2
43  -9
23  -1
48  13
39  4
24  -11
45  -5
31  -5
27  1
24  -5
41  4
20  6
18  8
57  -8
28  1
25  5
33  -9
26  -6
48  2
29  -5
21  -7
37  -11
43  -2
22  5
42  -5
42  -7
42  -5
26  -9
32  -9
20  -4
23  -9
22  0
42  -10
35  11
24  -12
34  3
40  1
31  2
36  0
27  -2
61  8
65  -7
22  -7
39  7
38  -1
40  -1
38  -9
31  2
43  -10
47  -1
30  2
24  -11
40  -8
18  -3
34  0
41  -9
27  0
38  -6
30  7
30  10
49  -3
36  13
24  -1
44  -2
27  -3
53  1
31  0
42  -6
42  -1
30  1
25  -4
37  -10
65  -1
30  1
28  1
39  -1
44  -1
16  -5
34  8
30  9
27  -2
30  14
56  -6
31  6
22  7
49  2
19  -1
37  -3
25  0
31  -1
21  1
32  -2
38  0
10  -11
21  1
19  -4
37  -1
24  -8
50  -8
37  -11
46  -8
31  2
44  -1
30  0
53  4
32  -3
26  -10
35  12
39  -2
37  -10
21  0
33  2
56  -5
26  -4
38  -3
38  1
20  -3
30  13
18  0
27  -6
16  -3
39  -1
46  2
33  -11
37  -4
33  -1
35  4
28  -8
30  11
53  5
20  5
42  -3
27  -2
37  -11
27  4
53  4
34  12
45  -6
31  0
37  -11
27  -5
14  -8
56  5
38  -5
39  7
18  9
34  11
41  -5
36  11
67  -3
32  -3
35  13
24  -4
38  -10
33  1
34  11
18  8
38  -1
27  8
28  -11
42  0
41  0
37  -6
27  7
26  -1
29  -5
18  5
42  -8
22  7
23  -8
33  0
27  -1
37  -11
45  -7
24  -7
35  13
39  2
30  5
15  -10
49  4
16  -7
46  -12
52  -5
44  -3
42  -3
16  -3
25  3
28  -3
31  0
21  -4
32  -6
26  -7
21  -4
30  9
27  1
29  3
38  -7
23  1
24  -7
27  3
29  3
37  -2
34  13
33  -3
39  0
36  3
33  3
37  -5
32  -4
40  -8
20  5
32  -9
33  -3
12  -1
42  -1
56  -7
34  9
24  -3
30  7
39  12
14  1
25  -4
32  -10
37  1
23  -3
22  -1
42  4
31  6
26  -10
19  4
47  -7
41  3
43  0
22  -4
30  7
39  4
58  1
39  3
37  -7
36  7
55  -5
51  -1
32  -12
41  2
22  -3
28  -11
23  -6
25  6
42  -4
31  0
30  10
36  -1
36  11
41  -4
24  -6
33  -3
45  -7
35  11
50  -7
39  12
42  -4
40  0
37  -2
36  -1
25  2
33  -6
22  4
27  5
26  1
23  1
34  11
24  -4
62  -13
38  3
20  3
48  9
29  -1
39  1
38  1
19  7
26  0
32  -5
25  7
32  1
40  0
45  -8
26  -5
9  -6
39  5
50  -8
32  -7
35  3
34  0
14  4
42  4
37  -5
37  -2
26  -5
29  0
31  6
50  -2
32  -11
31  1
42  -10
41  -9
18  -4
33  -7
27  1
39  11
34  5
16  -12
47  -7
40  3
22  -4
34  3
29  4
43  2
39  3
23  -10
29  3
22  -1
39  11
