22  5
18  3
20  0
6  1
10  1
17  4
12  -7
10  -2
9  0
19  1
8  -1
5  3
11  -4
7  -8
12  -9
11  -5
16  1
26  2
20  0
24  -7
16  -2
21  5
17  -2
8  1
14  -2
19  4
8  7
15  -7
11  -7
14  1
21  6
26  1
11  -6
14  -4
10  -1
5  3
12  -9
28  -5
16  -4
9  -8
7  -8
14  2
12  -9
10  0
15  -2
10  0
21  -1
11  -7
13  -2
11  -2
14  -4
11  -2
25  4
24  -5
14  2
16  -4
17  3
5  1
7  -1
25  2
10  0
19  5
9  -7
5  4
11  -7
14  1
9  0
12  -2
14  3
13  -8
9  -4
20  4
15  0
15  1
8  3
24  -2
22  5
14  -5
7  -9
14  2
10  2
13  -4
11  -8
4  2
18  -2
17  3
8  7
6  -2
17  1
7  -3
12  -5
12  -9
19  6
17  3
15  -1
10  1
1  6
12  -3
12  -3
24  -9
15  -4
17  -2
9  -6
6  4
12  -6
10  -2
5  1
14  3
9  -5
16  2
22  3
10  1
15  -1
23  0
11  -4
13  -4
13  -3
18  0
7  -9
12  -7
5  1
14  -2
11  -5
21  3
9  -8
21  5
19  3
21  0
27  9
9  0
25  5
16  -3
14  -3
15  -5
23  -1
22  3
3  3
13  -7
16  -2
16  -2
14  -1
30  11
10  0
14  1
7  -8
5  5
31  -2
15  -6
17  1
19  0
13  -6
6  3
27  10
9  -4
17  2
14  2
24  -4
10  2
24  -4
22  4
10  -1
4  3
11  -3
23  -1
13  -6
10  -1
28  3
22  0
19  0
11  -4
14  -5
10  -3
21  1
15  -2
10  2
16  0
10  -3
19  2
5  1
20  0
9  -3
6  6
10  -3
12  -4
14  -2
9  0
14  1
12  -2
11  -5
9  -1
19  2
10  -3
8  7
15  -2
15  -4
33  -3
24  -2
13  -5
12  -4
8  5
10  1
8  2
21  2
8  1
26  2
8  3
18  -2
13  -6
11  -8
7  -6
13  -7
15  -1
9  0
13  -8
21  3
13  -4
8  3
5  5
16  1
19  2
14  -5
11  -7
12  -3
7  -3
28  3
4  3
7  -5
10  3
14  3
16  -1
24  -3
12  -1
11  -8
13  -2
14  -4
8  2
11  -2
13  -9
19  3
10  3
20  -2
9  -2
13  -4
12  -5
4  2
17  1
14  -4
10  -3
7  -5
9  -5
7  -6
8  6
14  2
8  1
13  -10
19  -1
10  5
8  4
12  -8
2  -2
15  -6
27  8
19  4
9  -2
15  1
40  -7
9  -6
9  -2
13  -7
27  6
16  0
16  -3
10  3
14  2
11  -3
7  -1
10  2
7  -8
17  3
19  4
11  -4
15  -6
12  -1
12  -3
18  1
6  -1
7  -1
15  -1
20  -4
9  -3
7  -7
13  -10
32  2
24  -1
16  -1
20  3
11  -7
12  -2
16  -3
15  -5
23  -3
18  3
17  5
26  6
9  -5
9  -1
16  -4
32  5
16  -3
18  -2
16  -1
26  1
5  5
12  -2
21  5
15  0
12  -4
19  2
14  0
17  0
18  -4
20  0
13  -3
10  -2
16  0
8  0
13  -4
13  -9
7  -6
11  -7
12  -2
5  -2
23  -1
18  -3
21  1
15  -4
20  2
20  -4
23  -1
12  -8
10  4
10  1
6  2
12  -7
15  -1
19  6
8  4
18  1
19  1
14  0
15  -4
20  2
19  5
3  5
23  0
6  2
14  3
12  -7
15  -2
10  1
9  -7
12  -6
17  0
19  7
10  -2
6  1
19  7
20  0
16  -4
10  2
11  -7
25  8
15  -4
23  -6
17  -1
11  -5
17  -3
9  -7
15  1
19  5
14  2
13  -10
9  -7
1  -1
13  -4
18  4
20  1
22  0
25  7
12  -2
5  3
13  -9
21  -1
9  -5
12  -6
17  2
9  -7
22  1
7  -9
23  0
5  5
18  -4
18  4
6  1
8  5
17  2
16  0
12  -5
7  -7
18  -3
11  -2
19  1
3  3
17  3
5  3
13  -4
23  -5
10  4
15  -2
11  -8
13  -6
4  6
5  0
12  -7
17  4
10  -2
15  -1
13  -7
13  -5
15  -2
5  -1
12  -2
10  -1
17  1
32  1
17  2
25  2
10  -2
29  -7
17  0
13  -10
4  3
22  0
4  -1
21  1
15  -1
28  -2
14  -2
18  4
21  7
15  -4
20  0
7  -8
7  -8
15  -6
13  -5
21  7
19  1
18  0
20  -1
18  3
9  -6
14  0
20  -1
11  -2
8  0
15  -2
13  -2
22  8
15  1
24  -7
19  6
17  -1
14  -3
14  -5
33  -3
19  0
17  0
11  -6
14  -1
25  7
19  3
10  2
14  0
15  -7
11  -8
16  0
18  0
18  -4
13  -3
16  3
20  4
13  -2
18  -3
13  -8
14  -1
16  -2
10  -3
17  3
14  0
8  2
27  9
9  -7
17  3
13  -3
14  1
9  -6
21  6
24  -7
19  0
6  5
19  1
12  -1
6  6
19  6
10  -2
9  -4
16  -5
14  1
25  8
10  -2
5  3
15  -2
18  -1
1  7
10  0
12  -1
8  -1
18  -2
13  -8
10  0
17  2
23  -1
29  -9
13  -10
17  -1
14  0
7  -3
18  1
22  7
19  6
13  -5
44  7
28  1
13  -10
11  -2
23  -2
15  0
17  1
22  8
16  1
14  -1
24  -3
10  1
4  2
17  5
11  -7
16  0
11  -5
30  11
17  2
5  0
8  5
5  -3
10  0
26  1
7  -5
23  -2
14  -3
14  0
15  -3
9  -7
12  -4
23  -2
22  5
23  -7
9  -2
11  -8
10  0
15  -6
7  -5
6  6
16  -5
11  -5
20  0
9  0
16  -1
16  -5
13  -5
7  -4
11  -8
18  -4
15  -7
17  3
7  -9
25  5
6  -1
6  1
16  -3
15  1
8  3
20  0
9  -2
29  -10
19  5
6  -2
17  3
9  -5
15  -1
12  -7
20  4
18  4
18  0
12  -9
11  -3
20  4
10  -2
25  4
10  1
7  -3
17  -3
9  -3
9  -2
17  1
14  -1
26  1
17  -1
11  -7
15  -3
7  -1
24  -2
16  1
22  2
18  2
10  0
23  -3
13  -9
8  5
9  -7
24  -3
7  -3
13  -6
16  2
26  3
21  1
9  -2
11  -5
21  7
13  -10
5  5
22  6
22  3
10  -2
17  4
19  -1
12  -2
11  -3
7  -1
8  5
8  2
18  -2
10  0
15  1
15  -7
12  -6
19  -1
19  5
14  -3
12  -2
13  -9
10  -1
8  3
3  10
18  -1
2  -7
18  -2
19  -1
16  -3
12  -2
9  -7
13  -6
19  0
11  -2
17  -3
22  8
18  -4
18  -2
19  2
15  0
16  -1
2  -5
13  -9
11  -7
17  -1
19  0
20  -4
15  0
11  -3
13  -4
12  -9
13  -6
20  3
16  0
27  10
12  -7
11  -6
16  2
8  1
9  -2
14  2
15  -3
8  3
17  0
21  1
21  6
8  7
12  -3
12  -9
11  -2
15  -6
21  0
21  3
26  5
8  2
20  1
15  1
14  0
6  0
15  -4
21  0
14  1
11  -7
9  0
18  3
19  6
11  -10
17  2
7  -2
23  -5
15  -4
14  0
9  -6
13  -2
18  -1
16  2
12  -3
22  6
12  -4
12  -1
12  -4
24  -2
9  -1
10  -1
8  2
17  4
14  0
23  0
15  -3
11  -3
17  0
15  -1
14  -5
16  -5
20  2
9  -3
4  5
11  -5
16  -5
12  -8
17  -3
27  8
8  7
8  3
11  -5
22  4
8  5
25  4
10  0
29  -4
22  4
36  1
12  -4
23  -1
14  2
12  -3
20  0
19  3
22  0
7  -9
11  -2
35  -5
14  -2
15  0
12  -2
10  2
9  -7
19  4
11  -4
18  1
7  -8
11  -2
6  3
8  1
16  1
12  -1
10  -1
11  -8
10  4
8  6
13  -8
18  -1
9  -7
29  -6
17  -2
17  -1
9  0
24  -5
10  3
12  -7
18  -4
29  -3
11  -4
6  4
19  5
7  -7
16  1
10  -2
12  -1
12  -3
15  -6
13  -8
9  -7
0  2
19  3
8  1
21  -1
18  0
9  -3
17  4
11  -3
14  -2
14  0
9  0
21  -1
9  -8
18  3
22  5
27  7
9  -6
16  -4
22  3
17  2
11  -10
9  -3
15  -3
17  2
13  -3
19  -1
10  -2
18  1
23  1
6  4
16  -2
10  0
8  -1
18  4
7  -1
11  -3
14  -2
27  8
12  -3
22  6
10  0
5  -2
14  3
12  -2
16  2
19  6
15  -3
16  2
16  -5
17  4
15  -6
13  -4
11  -2
11  -2
17  2
15  -5
17  -1
19  7
15  1
20  3
24  -1
17  -1
13  -4
19  -1
19  4
5  -3
21  6
11  -6
18  3
19  0
15  -2
9  -6
6  -2
15  -2
5  4
9  0
3  11
5  5
21  -1
6  -1
24  -1
13  -2
13  -7
21  7
17  4
8  4
4  -1
16  -4
17  -2
18  -2
22  5
19  2
7  -2
12  -5
14  -4
8  4
12  -7
4  7
21  5
14  -4
6  -2
15  -2
13  -6
13  -5
15  -7
21  4
18  3
19  4
17  -3
18  0
22  7
18  -3
13  -10
17  5
17  3
11  -2
20  1
10  3
16  1
11  -9
18  4
19  6
18  1
19  3
9  0
21  -1
18  0
28  -5
22  8
15  0
11  -3
3  3
24  -8
25  6
6  6
14  0
12  -4
5  -3
13  -5
7  -5
14  -5
26  6
16  2
32  2
29  -10
9  -1
7  -6
14  -1
14  -2
13  -3
17  -3
14  0
13  -10
15  -7
5  -3
14  0
9  -7
18  -1
23  -4
21  2
8  7
16  2
12  -7
20  -3
21  2
7  -9
20  -1
9  -6
