9  -2
9  -4
11  7
16  -6
11  7
14  2
7  0
11  11
13  7
7  -4
6  0
12  -6
10  -6
11  6
10  -8
3  -2
10  -7
10  -6
12  -9
7  4
11  11
12  -1
9  3
12  -9
11  11
16  -6
10  -4
13  9
11  10
11  5
12  -5
5  7
6  -1
9  0
12  -5
12  -8
6  -4
11  5
8  -2
14  -4
9  -1
10  -10
9  -3
4  2
12  -3
7  2
8  -8
12  -4
7  -2
8  -11
16  -3
6  -3
5  11
5  4
13  2
3  2
7  -2
11  9
10  -3
12  -8
15  -1
14  0
9  -1
4  1
10  0
13  6
10  0
5  9
9  -5
10  -4
10  -6
7  0
10  -9
10  -2
13  11
9  1
11  2
10  -7
11  10
7  -6
8  -5
7  4
11  2
10  -8
14  6
12  -6
7  -3
12  -5
13  3
10  -2
2  4
21  -2
17  8
11  8
18  2
8  -6
12  -8
7  -1
12  -5
12  -10
13  5
6  3
2  -5
8  -2
10  -7
20  7
14  4
16  -10
10  -1
14  6
15  3
7  -4
14  -4
19  1
12  -8
12  -6
13  6
16  -8
7  -4
5  10
9  -7
20  7
9  -2
10  -3
5  11
10  -8
8  -2
10  -1
12  -6
10  -3
14  2
12  -6
8  -7
9  -5
13  7
17  4
14  3
11  11
8  -4
10  -3
11  1
11  9
6  1
8  -7
7  1
6  2
6  -4
5  6
16  -6
6  -4
5  11
11  7
7  3
11  6
7  4
2  2
6  -2
13  9
9  0
9  -3
7  4
11  3
9  2
14  5
9  3
11  6
8  -6
11  6
4  5
7  3
15  1
6  6
9  0
8  -7
10  -9
11  2
10  -5
17  3
6  -3
12  -7
5  9
5  11
16  -12
9  -3
10  -1
5  8
6  -2
13  7
8  -7
8  -6
10  -6
11  4
8  -7
14  0
7  0
9  -5
17  7
9  -3
5  7
13  11
8  -2
7  -2
11  7
12  -6
7  3
11  6
6  2
12  -8
10  -3
9  -6
14  -4
11  2
7  -3
8  -4
16  -4
6  -3
5  6
14  2
9  -6
10  -8
10  -9
10  -2
7  -6
12  -5
11  3
5  2
7  1
14  2
4  3
16  -11
11  10
16  -8
11  5
17  2
8  -5
12  -8
14  5
6  0
11  3
15  3
21  -1
7  -3
10  -8
11  11
7  -2
11  8
12  -4
12  -4
17  8
6  -2
17  6
10  -7
9  -2
9  -5
17  -1
14  5
13  12
16  -7
6  1
11  11
18  3
12  -3
10  -5
9  -2
6  -2
19  -1
10  -1
9  1
3  -2
9  2
8  -6
11  11
14  -3
8  -2
14  6
10  -3
7  1
11  9
17  2
13  12
8  -3
18  3
13  8
10  -9
10  -9
8  -2
10  -4
15  2
9  -1
5  9
11  6
7  0
15  3
11  4
9  -2
14  -3
8  -1
7  1
8  -6
13  5
11  3
9  -1
10  -1
7  0
10  -3
14  2
8  -1
13  7
12  -4
10  -4
6  -3
12  -9
6  1
6  -4
8  -7
12  -4
8  -7
18  3
7  4
6  -1
15  4
9  -7
12  -1
6  -3
5  3
7  -3
5  5
9  1
7  0
15  3
12  -3
15  -1
13  2
11  10
6  6
14  6
4  6
13  12
8  -5
8  -7
20  2
5  7
6  -1
6  1
5  4
10  -10
8  -8
12  -5
19  2
12  -9
7  0
6  1
16  -7
9  -3
10  -3
6  5
4  5
7  -4
3  -4
11  5
10  -6
13  10
4  6
4  3
9  -4
5  10
5  6
9  -3
5  2
22  -3
10  -5
10  -5
14  6
12  -8
11  2
12  -6
5  6
8  -6
9  2
5  9
12  -4
3  -2
9  0
13  9
9  2
15  6
6  6
15  1
12  -6
8  -4
16  -4
15  3
9  3
15  0
13  10
6  -2
10  -4
13  2
4  10
11  10
6  -2
8  -10
13  3
8  -10
7  -4
7  0
8  -6
21  4
10  0
13  8
11  9
11  3
11  1
12  -3
6  3
8  -2
1  0
8  -5
15  0
7  0
10  -4
17  6
17  0
8  -2
13  5
14  2
9  1
9  -1
9  -3
13  8
10  -3
4  6
11  6
8  -7
9  -2
15  0
13  10
12  -9
12  -2
11  7
9  3
14  5
13  3
10  -7
8  -3
11  9
8  -8
10  -4
12  -2
12  -4
16  -2
9  3
12  -6
10  -3
7  -4
12  -6
16  -7
13  3
13  6
10  -7
13  4
6  4
8  -5
11  2
19  2
6  1
4  0
12  -6
5  9
7  1
7  3
7  -6
7  0
8  -3
8  -5
15  -4
6  2
8  -8
11  5
9  1
17  8
4  6
15  0
11  6
7  1
18  3
5  8
8  -4
13  4
10  -1
6  -1
7  4
24  -3
10  -1
10  -2
12  -10
7  1
14  3
14  3
18  8
11  5
9  -2
6  0
9  2
6  6
10  -10
17  0
8  -9
9  -2
9  -6
13  5
4  6
9  -1
13  2
9  -5
11  9
5  10
16  -8
11  2
6  5
7  -6
10  -9
9  2
14  1
2  -1
20  6
9  -7
9  -6
14  3
12  -11
14  3
6  -3
9  0
9  3
6  1
11  7
19  2
8  -7
4  2
2  -5
4  10
10  -2
13  8
12  -2
12  -2
8  -8
7  4
5  7
9  -6
11  3
8  -4
9  0
5  8
9  -2
14  -4
7  -2
12  -1
10  -6
13  10
9  -4
7  -4
8  -10
7  -3
13  5
15  0
9  -7
12  -6
5  5
18  4
8  -7
7  4
10  -3
14  -3
15  4
15  3
8  -4
8  -9
9  0
20  6
7  -6
11  4
10  0
7  -6
11  5
6  5
13  10
10  -4
9  -2
12  -9
7  0
9  -5
11  11
14  1
9  2
17  -1
8  -9
13  8
7  0
15  6
10  -4
3  -5
21  1
7  4
8  -6
10  -6
6  -1
14  3
10  -5
10  -2
10  -8
8  -9
11  8
9  -5
10  -9
19  7
12  -6
8  -4
11  9
10  -1
9  -3
7  -2
11  10
8  -2
7  -2
10  -3
14  -1
17  5
11  3
13  10
6  0
11  6
9  -1
11  1
9  1
12  -9
6  2
10  -1
8  -4
13  8
9  1
8  -11
14  2
14  5
10  -6
8  -4
11  6
10  -8
9  -3
13  4
6  4
12  -9
10  -4
7  2
13  10
8  -6
19  2
10  -3
15  -3
8  -7
8  -6
7  -2
8  -9
4  7
7  -4
11  8
6  3
12  -4
13  5
9  -7
5  8
12  -5
6  1
5  7
12  -4
13  6
12  -5
14  6
17  4
8  -7
11  11
5  2
11  6
14  -2
14  0
13  2
10  -2
6  1
11  1
7  4
10  -1
5  10
9  1
5  7
11  1
14  5
7  1
6  6
10  -9
7  -1
12  -10
7  -1
5  7
8  -11
7  0
8  -11
6  0
13  5
8  -6
15  -2
6  3
16  -5
12  -3
9  -6
17  2
14  -1
7  -1
16  -9
12  -10
9  -4
10  -1
10  -7
3  -2
5  4
9  0
9  -4
11  2
14  0
6  -1
12  -4
11  4
9  1
12  -2
9  2
11  10
10  -9
8  -8
12  -6
13  5
10  -4
15  3
9  -5
11  1
8  -9
11  5
14  -4
8  -4
13  5
10  -7
19  3
16  -6
7  -4
6  -3
15  4
12  -1
10  0
12  -7
14  -2
11  4
10  -10
6  -3
8  -4
6  3
14  -4
6  6
8  -6
16  -3
5  8
7  3
14  -2
7  3
8  -9
6  6
3  0
19  6
14  6
7  -1
7  -1
9  1
9  3
13  5
8  -4
9  -4
14  2
6  1
10  -3
22  1
11  5
6  3
8  -9
6  1
16  -5
13  7
14  0
10  -2
8  -8
9  -1
4  4
11  5
7  -2
9  -4
13  11
5  8
13  2
5  11
14  2
14  5
10  -1
4  2
10  -7
13  10
10  -9
14  -4
11  7
13  3
19  0
7  3
8  -1
11  2
10  -3
5  3
8  -1
2  4
6  -1
6  0
9  -5
10  -10
8  -8
6  -4
17  9
11  7
13  12
11  3
6  -4
11  3
6  5
18  4
9  -5
6  -1
7  4
13  2
7  4
4  2
14  5
7  -6
12  -6
13  3
11  5
10  -1
13  9
10  -1
11  2
16  -2
11  3
11  9
17  3
13  11
10  -5
17  9
5  11
11  11
10  -5
11  5
9  -6
8  -6
7  -5
8  -1
5  11
10  -6
10  -1
9  3
9  3
10  -9
10  -2
9  1
10  -4
9  1
13  10
11  3
14  -3
9  -6
15  -4
10  -3
12  -5
14  -1
12  -1
9  -1
15  2
7  3
7  -5
10  -4
9  -6
16  -10
13  11
14  0
12  -2
4  5
17  -1
27  6
9  3
9  1
10  -6
14  2
12  -3
12  -11
7  -2
7  -4
11  2
9  -6
11  8
4  6
13  12
12  -11
6  2
15  -3
9  0
9  -6
8  -11
16  -11
4  7
6  -3
8  -1
14  -1
14  -3
6  4
8  -9
12  -6
7  -6
14  -1
11  2
10  0
2  5
10  -9
10  -5
7  4
6  -3
8  -5
9  -3
11  5
17  0
12  -3
13  12
18  6
9  0
9  -6
18  2
6  -4
16  -8
9  -7
10  -2
7  2
8  -4
23  5
9  1
8  -5
17  2
6  -1
13  3
6  5
5  2
10  -9
18  6
13  8
11  8
7  4
14  -3
4  2
5  8
9  2
12  -3
16  -8
11  6
12  -2
5  4
15  -1
8  -3
7  1
10  -1
14  6
6  0
13  2
13  10
8  -2
13  9
15  5
11  3
12  -10
18  7
13  6
6  -1
10  -10
8  -11
10  -9
8  -2
8  -11
4  7
11  8
9  -3
12  -5
7  2
7  3
