44  2
59  9
60  -2
64  -2
40  5
49  6
57  3
27  2
44  4
50  1
64  7
42  2
61  -3
55  8
47  8
48  -1
40  8
54  -10
53  1
79  11
67  -6
47  12
29  4
43  -2
40  9
80  3
42  -3
57  3
53  12
30  11
71  -3
63  -3
36  2
65  -5
57  -1
72  0
57  4
33  0
47  0
32  7
38  -8
67  0
51  1
66  1
59  -3
58  -8
52  -4
74  -4
52  -4
48  4
43  4
68  -10
70  12
45  3
23  -7
29  -2
47  2
72  5
41  2
47  12
69  -1
34  -1
37  1
34  -4
40  5
34  1
33  -6
57  0
45  0
25  -3
41  -2
52  -7
42  -8
47  5
46  2
39  -2
52  -10
38  4
69  8
25  5
33  -7
46  4
53  12
43  3
52  -1
48  7
95  0
60  1
50  4
74  -7
43  6
63  6
46  1
94  0
61  6
37  5
42  2
51  -7
46  -5
33  -3
51  -10
40  7
31  -10
63  6
68  -3
38  4
35  5
59  -2
48  -1
46  -8
30  12
40  2
48  4
55  14
37  -2
59  1
45  8
58  2
25  -3
58  -7
56  -5
59  -3
62  -6
40  -1
52  -4
68  -8
68  -7
63  8
43  5
61  5
45  4
51  -3
52  -8
44  10
64  -3
42  -5
47  2
33  -1
48  11
41  -6
25  6
35  0
26  -9
36  3
28  0
54  -11
52  -9
55  10
54  -10
43  -1
45  -4
56  0
49  -5
26  -10
36  -4
57  -3
33  -1
58  1
35  1
37  1
50  -3
65  -6
103  0
48  -3
42  -5
74  1
38  -4
32  -2
37  3
37  9
67  -2
57  1
62  -6
42  -1
31  -12
64  4
51  -10
70  11
79  7
58  -2
50  0
69  7
35  -3
64  3
52  -11
54  -6
33  -8
26  -12
51  2
56  -3
52  -6
44  3
51  -4
57  10
58  3
47  3
47  5
38  -3
35  -1
58  0
58  -8
44  3
36  -4
81  4
62  -13
37  -2
43  5
38  -1
39  2
62  -12
59  6
51  -4
58  -8
73  10
27  9
45  -2
51  -1
38  -5
33  -3
44  6
59  7
37  12
51  -1
62  -13
53  2
24  9
34  9
54  -6
56  0
38  2
41  7
36  -9
42  -2
75  -1
32  6
70  -1
79  0
65  -9
36  -7
55  14
58  3
43  0
38  -5
31  -6
34  -3
79  -1
44  9
58  -9
71  -13
38  0
34  0
46  -9
59  7
70  4
46  -8
62  -8
45  5
51  -4
42  -6
56  3
32  -7
45  2
34  -3
23  -8
68  -8
55  9
53  0
49  4
60  -3
46  -7
31  -4
46  -8
38  4
40  -1
62  0
36  -2
84  -5
52  -2
58  0
51  -4
27  2
64  -1
40  11
45  -2
47  4
31  -2
47  0
52  -8
51  -3
35  7
87  1
53  10
42  -9
85  4
32  -7
32  5
59  9
47  5
39  -1
48  3
56  -2
49  -3
35  0
68  -11
42  -1
57  5
40  7
52  -6
43  6
32  -3
25  -3
78  5
61  9
52  -8
36  -4
34  2
30  11
67  -10
75  -6
22  5
34  -1
46  0
57  8
54  2
45  -3
38  2
36  -9
58  0
37  1
28  2
81  -8
58  4
46  -7
55  6
62  -1
41  -3
44  -1
44  0
69  -3
42  -8
22  0
55  10
46  -6
64  -1
39  3
61  10
59  7
60  -3
25  2
57  10
69  0
70  11
27  4
29  8
42  -10
60  -2
74  -6
63  5
65  -1
35  2
66  -2
34  9
47  5
44  7
49  -7
49  3
65  3
40  9
37  1
47  10
55  6
38  -1
54  -7
54  -10
51  -7
70  9
29  5
45  9
62  -7
75  -7
38  -3
62  -7
45  1
43  1
45  6
51  -1
45  1
47  10
46  -2
45  9
51  0
34  5
28  8
28  3
28  5
38  5
45  9
56  -5
63  6
55  9
54  0
31  -6
29  4
38  2
24  1
37  11
52  -5
90  6
33  -4
59  4
49  6
72  3
47  0
52  -10
46  -3
42  4
46  -4
48  11
25  5
68  -3
35  3
46  -1
76  -3
40  6
53  -1
50  4
43  0
63  8
59  -4
30  0
41  -5
52  -3
72  -2
43  4
32  -5
29  2
37  5
36  4
86  8
59  4
60  -4
66  2
49  2
36  4
41  3
51  -6
41  5
30  3
26  -7
46  -5
58  -7
46  -6
66  1
36  1
80  -2
29  11
29  10
46  -7
31  -2
65  -10
47  11
37  7
38  -7
73  8
42  -2
78  -1
45  -5
24  8
48  8
57  -2
45  0
60  0
40  5
40  8
45  0
36  -3
36  -5
56  6
35  7
50  3
38  -7
47  1
37  7
59  7
23  -7
50  -1
65  -4
57  -3
81  -2
41  5
56  8
30  3
52  -8
48  11
39  1
21  10
39  -9
29  -2
38  0
46  1
43  -3
57  8
50  -5
34  8
40  0
45  6
43  -2
47  2
50  -3
61  -3
45  6
54  -2
43  0
58  3
66  -2
58  -3
56  -5
31  -10
41  4
37  -2
30  2
66  0
55  14
45  -3
56  -1
38  3
38  -5
43  3
41  -4
42  0
54  -3
37  2
41  -1
45  1
63  2
38  -6
49  3
54  -5
70  3
20  -1
54  -9
44  -1
62  -11
44  10
54  -9
49  -3
43  7
31  -13
49  -8
59  1
47  8
52  -7
37  9
49  0
43  3
41  5
42  -10
54  1
53  5
65  -2
22  4
57  -4
41  0
45  6
62  -14
72  5
47  13
32  -4
65  -3
38  -8
44  -4
55  5
25  2
72  -2
48  11
37  5
55  13
55  11
43  1
45  -4
65  -1
65  4
48  -2
33  -8
38  6
60  -1
35  4
28  5
68  -4
36  -8
49  -5
49  2
51  -11
59  -2
52  -9
37  10
48  5
67  -10
50  -8
64  3
57  -2
35  -4
63  3
61  8
50  -3
49  -1
45  -4
56  -1
40  7
54  -2
43  5
72  3
36  -7
57  8
47  1
34  -1
60  -4
34  6
39  -2
52  -9
39  -5
56  -1
62  -2
57  9
45  -2
52  -6
46  1
50  3
49  -7
37  1
44  -4
40  1
55  11
91  -3
30  -2
59  7
44  4
42  -2
41  3
53  1
49  -4
64  1
65  -7
37  2
45  1
111  0
53  2
52  -3
56  -3
29  0
57  10
58  -10
44  1
46  4
40  13
54  -3
50  3
47  10
32  3
75  -3
39  -10
57  10
44  7
48  1
42  -5
95  -6
45  -4
33  -7
49  -4
71  -13
57  6
54  0
43  1
29  -3
57  -2
36  -10
54  -9
60  3
44  6
25  3
31  -2
64  6
32  -5
34  0
28  5
33  -6
39  4
35  3
60  -2
44  6
54  -8
30  -2
38  5
45  -5
33  -8
59  8
33  -1
35  4
49  5
35  5
47  5
34  4
52  -14
51  -7
57  7
29  -3
56  8
44  10
49  3
41  4
44  5
40  10
26  -13
64  -7
49  2
52  -3
39  1
56  0
60  3
37  11
64  3
45  -3
67  -3
56  4
28  12
39  -4
60  -6
47  1
68  -7
27  1
51  -8
29  -3
68  -6
71  -12
30  11
33  -9
58  -8
28  5
45  -2
56  -2
35  1
51  0
53  -1
46  1
42  1
70  -1
47  8
62  -7
44  4
30  1
36  -4
77  -1
66  9
49  1
55  14
32  5
53  6
51  -10
59  0
26  -12
39  -5
60  1
52  -8
79  -3
56  5
54  1
46  -7
44  10
52  -6
41  6
70  5
59  9
59  4
56  -1
47  4
40  10
76  4
70  11
41  4
49  0
33  -7
42  -6
56  -3
61  11
25  -2
47  2
61  -1
34  10
53  3
63  -4
62  -3
46  -6
61  0
51  -2
63  2
50  -8
29  4
40  4
30  1
53  2
52  -2
78  2
51  -9
26  -13
70  7
50  -9
41  7
61  11
54  0
48  6
33  -3
59  9
20  -9
58  -2
54  0
43  -2
53  0
15  1
44  -4
41  -6
26  -3
57  4
53  6
37  6
60  0
43  9
62  -7
38  6
46  3
49  3
46  -9
49  -8
46  0
77  9
41  6
52  -12
43  1
29  2
61  2
34  -3
43  -1
69  4
52  -14
44  5
52  -7
43  9
41  -3
39  -9
43  7
41  4
54  3
21  7
28  -2
40  2
38  5
53  4
77  4
70  6
30  -2
77  1
40  0
57  0
77  9
52  -9
31  -2
48  3
36  -9
35  3
80  4
80  -3
77  3
37  0
41  -6
77  -1
44  5
64  4
32  -1
53  7
70  12
70  0
58  3
60  -6
51  -12
56  -5
60  -4
54  -2
30  7
32  1
84  -6
57  1
32  -2
59  9
30  -1
36  -10
61  6
41  6
35  -1
40  9
35  2
58  -2
77  9
79  5
50  -7
58  0
48  2
63  9
63  5
45  -4
45  -4
60  0
37  4
41  1
45  9
32  2
66  -4
30  1
83  -8
58  -3
70  8
42  2
68  -13
34  -2
29  2
69  2
47  3
81  -6
58  3
54  -3
56  -2
37  3
47  9
60  -2
43  -4
41  -5
42  0
59  -4
63  -2
56  5
51  -9
48  -3
45  1
28  4
52  -7
67  -2
50  0
50  -6
67  -1
74  -8
68  -8
64  2
62  -8
37  10
104  -2
45  -2
26  -5
25  4
41  -7
52  -10
47  1
76  -4
52  0
26  -8
43  9
53  9
25  9
56  8
39  3
63  8
36  0
75  3
33  4
71  -8
35  10
59  3
36  -4
23  -5
59  5
55  10
62  -11
47  2
35  0
47  7
40  3
55  5
36  1
59  2
49  6
51  -2
45  -2
61  3
44  2
54  -2
52  -4
46  1
45  9
50  -4
49  -8
38  -3
73  8
34  -4
