42  5
33  -3
30  -5
47  1
50  -2
37  -2
19  -6
37  -5
46  -5
43  11
60  2
47  2
21  -4
41  -8
61  1
67  4
46  -5
36  -4
35  6
40  4
43  8
54  9
69  -8
32  7
38  -2
21  -2
21  -2
44  6
26  -1
31  -8
47  4
34  8
29  4
46  -9
31  -9
89  8
69  -9
42  1
41  -6
30  -10
49  -10
32  7
44  0
24  3
20  1
28  0
29  -1
59  1
56  4
28  0
38  1
44  6
34  7
47  5
47  6
38  3
37  0
44  0
35  5
52  1
46  -2
40  7
66  -1
37  -5
55  2
10  -2
20  -4
35  2
40  3
57  -7
39  -5
23  0
19  -8
47  5
40  1
29  4
43  11
75  7
56  9
32  7
39  -6
52  -3
42  2
23  5
48  3
54  8
50  -5
42  4
67  2
60  -3
24  8
51  -3
53  -1
35  9
39  -5
53  -7
35  7
58  -6
56  3
36  -4
41  -6
50  -4
52  -2
24  5
25  -4
59  2
46  -5
26  -7
44  3
46  -3
60  -3
64  8
38  -2
22  3
13  2
31  -6
42  1
33  -7
52  1
57  -1
27  1
41  -8
40  2
33  -4
32  3
68  1
72  0
50  -4
51  -7
24  10
26  -3
65  -7
41  -2
66  -1
49  -10
59  0
52  0
54  9
30  -5
26  -5
20  -1
17  -5
32  9
40  2
47  7
42  3
19  -8
39  0
45  0
29  -1
43  5
38  -1
30  -3
43  9
56  5
29  6
27  -2
28  -4
31  -7
36  -4
40  8
26  -6
57  -2
40  8
71  7
36  -3
36  -11
36  -9
61  2
81  3
61  0
27  -2
53  -7
30  -11
31  -8
47  6
55  -2
26  -1
38  2
25  -8
29  0
40  1
65  -7
52  2
39  -4
44  6
37  -3
54  4
33  -7
59  3
34  10
44  7
50  -4
21  -2
11  -2
19  -10
37  -6
23  2
39  -2
39  -1
56  3
25  -3
45  1
33  -7
37  -8
32  5
27  1
27  -1
27  1
34  3
37  -6
62  -2
42  3
31  -4
35  8
44  6
53  -5
43  7
34  6
39  -6
38  0
32  7
50  -3
20  -5
48  1
52  -4
48  6
55  -2
35  4
22  5
27  0
43  8
29  4
35  4
58  -4
60  2
33  -9
68  -1
23  4
59  2
33  -2
40  5
18  -1
58  -8
35  8
35  9
22  -1
38  2
41  -9
30  -9
30  -3
45  0
63  -5
48  0
39  -1
42  -1
48  1
46  -8
27  1
29  -2
17  -3
20  -3
63  -10
44  7
42  -1
16  -4
64  10
41  -3
52  3
44  6
38  -1
64  7
45  -5
57  -1
39  -8
18  -3
50  -1
27  4
18  0
71  6
39  -1
46  -4
38  2
46  -5
29  2
46  -9
47  7
44  6
50  3
85  1
34  9
22  6
46  -7
33  -4
31  -6
64  4
37  0
42  5
61  6
76  -4
52  3
56  4
43  5
17  -6
32  3
33  -8
59  5
44  7
61  0
52  0
56  7
39  0
65  -4
27  4
37  -2
35  3
26  1
66  -5
51  -9
34  3
36  -9
46  -8
36  -4
47  2
46  -9
59  4
25  -7
17  -1
31  -2
22  -1
25  -4
42  -1
39  -2
32  10
39  -8
31  -5
48  0
25  0
48  3
56  2
46  -8
20  2
30  -5
54  3
57  0
38  1
30  -4
27  0
35  5
54  6
38  2
51  -2
37  -2
31  -6
39  -8
55  -5
46  -5
60  -5
50  -1
68  -3
56  3
48  6
56  4
22  7
40  4
42  -2
49  -11
54  9
69  -9
35  7
48  -2
44  0
36  -3
41  -7
48  5
38  2
44  0
32  4
24  5
56  8
38  3
53  -4
37  -5
48  -1
11  0
33  -6
34  10
67  4
35  5
29  -1
22  -1
59  1
41  -10
51  -10
38  1
82  1
55  -1
60  0
45  -5
46  -10
49  -9
42  -2
83  -9
40  3
41  -10
30  -7
35  10
21  -3
22  5
25  -6
43  11
45  1
25  -6
34  5
53  -2
30  -7
29  0
43  3
71  2
55  -2
43  3
28  4
30  -11
32  8
17  -6
64  3
23  2
54  8
60  2
24  2
42  4
25  -7
47  3
47  4
52  -4
35  2
57  -7
31  -6
67  1
51  -3
44  2
37  -3
25  -4
34  2
77  4
39  -5
34  8
39  -1
26  -4
56  6
47  4
32  7
41  -6
44  6
60  -5
57  0
58  -3
24  3
32  11
26  1
51  -6
40  8
30  -3
80  4
58  -9
74  -3
72  -3
34  10
39  -8
45  -4
29  0
27  -3
53  -7
50  -2
42  3
44  2
39  -8
50  2
62  5
54  8
48  1
31  -4
28  0
22  6
47  4
15  -2
55  -3
20  -3
38  1
23  1
34  6
21  -5
47  1
19  -2
30  -10
38  2
53  -9
51  -8
51  -9
39  -3
36  -9
58  -2
30  -5
34  2
37  -1
33  -10
66  1
18  1
37  -1
33  -2
54  5
26  -2
57  -7
29  6
39  -8
33  -7
35  7
42  1
52  -3
31  -6
51  -10
48  2
43  10
57  -5
37  -1
34  6
43  8
25  -1
33  -2
46  -3
47  7
41  -8
44  4
43  10
40  2
44  3
36  -3
42  1
53  -5
44  3
28  2
46  -2
39  -4
27  3
42  1
41  -7
47  6
53  -9
26  -5
58  -6
37  -1
52  1
54  5
64  5
39  -1
58  -6
38  3
28  0
60  1
60  3
19  -10
52  0
30  -8
51  -4
40  8
48  4
26  -7
61  5
39  -6
39  -7
39  -7
58  -3
46  -4
42  -3
38  -1
66  -4
34  5
44  4
25  -4
45  -1
34  8
30  -10
75  1
47  4
46  -10
56  6
14  -1
44  5
81  1
28  -4
94  2
41  -10
47  7
30  -10
88  -8
20  2
47  7
35  3
43  10
44  5
36  -11
70  3
41  -4
38  3
24  9
24  9
49  -9
39  -2
69  -6
33  -10
50  -4
30  -7
29  4
32  6
46  -8
43  5
37  -4
63  -5
40  9
54  6
41  -8
57  0
23  6
48  -1
32  4
55  -2
59  0
87  -2
30  -3
32  10
35  3
28  4
45  -4
26  -2
71  6
26  -2
37  -7
35  2
36  -3
77  9
68  1
59  2
66  -2
34  8
20  0
23  3
25  -1
13  9
57  0
71  6
56  2
34  2
39  0
26  0
39  0
34  8
29  3
34  9
47  2
57  -2
46  -2
39  -2
38  -1
37  -6
58  -5
32  9
34  2
61  5
25  -5
46  -5
22  4
35  3
26  -7
42  4
56  2
35  8
32  11
74  -6
79  -9
38  0
27  0
46  -6
26  -3
28  0
51  -8
50  2
53  -8
43  6
52  -3
50  -1
13  9
52  -4
48  0
35  3
34  4
32  11
37  0
17  -7
22  7
44  7
42  2
16  -3
43  4
30  -11
30  -11
33  -5
66  -5
27  1
22  6
30  -9
26  -3
22  2
36  -4
43  8
25  -7
78  8
52  -3
27  0
27  0
37  -3
37  -4
55  3
27  -2
39  -8
37  0
25  -2
30  -10
36  -5
19  -5
49  -9
43  7
21  0
38  1
25  -2
39  -2
57  -3
26  -1
46  -2
39  -3
56  10
29  4
35  3
33  -3
36  -7
24  3
51  -4
30  -11
20  -3
33  -2
63  -7
31  -7
33  -8
79  -9
70  3
25  -3
27  -3
58  -5
36  -6
15  -6
54  6
41  -6
54  8
25  -3
52  -3
62  6
45  0
31  -5
76  -11
54  10
35  6
25  -3
16  -7
41  -4
26  -5
48  5
51  -5
62  5
20  -3
53  -4
27  5
15  -1
30  -9
37  -5
34  9
32  4
42  0
23  5
29  4
45  -5
46  -5
30  -9
35  8
33  -3
41  -5
28  4
39  -2
44  6
36  -4
60  -5
36  -6
29  5
45  -5
53  -8
57  -5
36  -6
37  0
32  7
34  2
23  5
54  5
46  -7
40  9
80  7
37  -7
59  5
40  7
38  0
13  2
77  5
32  10
49  -4
21  -4
26  0
53  -3
33  -7
51  -4
29  2
37  -8
65  0
24  10
35  4
46  -9
19  -5
39  -8
18  0
32  5
28  3
41  -2
28  1
60  3
49  -7
54  10
22  3
28  1
31  -9
49  -4
50  -4
16  -7
20  -1
48  -1
45  1
38  3
46  -2
52  -2
43  6
19  -7
92  4
39  -7
32  4
29  6
31  -8
25  -1
23  1
36  -10
56  2
44  8
32  8
22  5
58  -6
35  2
27  5
39  -7
52  2
51  -6
29  0
36  -4
45  -4
43  4
34  3
40  5
33  -5
41  -6
45  1
44  4
41  -4
29  3
60  -2
46  -6
40  8
29  3
40  8
36  -8
40  3
40  6
38  -1
45  -1
38  0
35  9
59  7
50  3
35  8
23  -2
60  -4
28  0
27  -3
23  5
54  8
48  4
15  1
43  11
29  -2
77  6
30  -6
75  3
25  0
22  1
69  -7
63  -10
52  -2
56  7
48  3
42  -1
56  3
62  4
23  1
53  -6
30  -5
37  -8
22  3
32  11
44  6
49  -9
30  -4
61  4
48  4
52  -2
21  -5
37  -8
43  3
24  6
64  4
46  -8
35  8
44  2
35  8
28  -4
40  7
38  -5
29  1
48  -1
22  3
48  3
78  10
67  5
59  5
48  6
58  -3
22  5
76  -4
42  -2
41  -10
44  5
33  -4
25  0
64  6
19  -8
29  2
52  3
46  -9
35  9
70  4
33  -3
44  6
22  6
41  -9
24  4
48  3
36  -10
37  -5
74  -8
34  5
24  8
34  8
29  2
31  -2
28  1
31  -4
28  4
42  5
19  -4
31  -7
44  6
34  7
50  -2
38  -2
28  -2
38  -5
60  -2
56  2
47  6
