11  -4
19  -6
5  0
13  -7
17  -2
17  -1
14  -2
28  -1
12  -3
8  3
14  -2
5  -2
7  -5
7  -4
13  -6
14  -3
17  -2
11  -4
9  -7
14  -3
12  -3
9  -7
8  1
8  1
16  3
6  5
14  -4
5  -2
13  -6
22  2
21  -3
2  -3
8  1
14  -3
16  3
6  5
2  -3
8  3
10  -5
14  -2
17  0
4  -6
11  -4
12  -2
6  6
13  -7
23  -2
4  -8
20  -4
5  -2
7  -4
9  -8
8  1
14  -2
11  -4
12  -2
21  -3
13  -6
8  1
13  -7
18  5
8  1
11  -4
10  -6
8  3
8  2
5  -2
21  -5
8  1
19  -8
14  -4
10  -5
6  5
25  -6
14  -4
23  -3
7  -5
19  -7
12  -3
17  -2
22  3
32  -5
2  -4
5  -1
16  3
6  6
15  -2
15  -1
22  1
22  1
15  -3
10  -5
9  -7
11  -5
13  -6
9  -7
14  -3
9  -8
17  -1
14  -3
9  -7
11  -6
11  -5
10  -6
12  -3
19  -6
10  -4
31  3
3  7
20  -2
17  0
24  -1
10  -6
14  -3
15  -2
8  1
15  -3
12  -3
4  -7
5  0
13  -7
20  -4
14  -2
16  1
5  -1
7  -5
20  -4
7  -6
11  -5
14  -3
16  1
16  3
20  -3
10  -6
20  -2
6  7
12  -1
16  2
11  -4
17  -1
6  6
20  -2
26  -5
18  5
10  -4
15  -3
11  -4
13  -7
19  -7
12  -3
20  -3
11  -5
8  3
13  -8
10  -6
11  -4
17  -1
15  -2
13  -7
10  -5
8  3
18  5
14  -2
28  -1
19  -8
4  -8
11  -5
6  5
11  -5
20  -4
12  -1
16  3
5  -1
17  -1
17  -1
19  -8
5  0
27  3
21  -5
7  -6
8  3
3  6
13  -8
21  -4
3  6
7  -5
11  -6
21  -4
15  -2
10  -6
21  -3
15  -2
7  -5
5  0
7  -4
12  -3
21  -5
14  -2
19  -6
15  -3
15  -2
19  -7
11  -5
14  -2
11  -5
6  6
7  -4
11  -5
10  -5
5  -2
12  -2
11  -5
14  -2
10  -4
12  -1
11  -6
13  -8
15  -2
16  1
5  0
8  1
10  -4
16  3
6  7
22  1
2  -4
8  2
13  -7
9  -8
32  -6
17  0
5  0
17  0
9  -8
4  -8
1  -1
10  -6
16  1
10  -6
17  -1
8  2
11  -5
11  -5
7  -5
14  -4
19  -7
22  3
13  -6
6  7
24  -2
5  -1
5  -1
7  -4
18  4
16  3
13  -8
14  -2
13  -7
11  -6
6  5
15  -2
1  1
20  -3
8  2
8  1
10  -5
13  -8
11  -4
13  -7
24  -2
25  -6
15  -2
6  7
10  -4
11  -6
21  -5
4  -7
13  -7
8  3
8  1
16  2
9  -6
4  -8
13  -7
14  -3
15  -1
15  -1
23  -2
11  -6
11  -4
13  -7
11  -6
5  -1
8  3
12  -1
6  7
15  -1
12  -1
36  -4
5  0
11  -6
4  -7
5  -2
8  3
11  -5
13  -7
11  -6
11  -6
8  3
20  -3
21  -4
3  7
17  0
8  2
14  -3
6  7
6  7
9  -6
3  7
7  -6
5  -2
7  -5
8  2
8  2
7  -5
6  5
21  -4
29  6
11  -6
14  -2
10  -4
8  2
13  -7
16  2
9  -8
11  -4
19  -7
3  5
13  -6
26  -5
12  -2
17  -2
18  6
6  6
13  -6
26  -5
8  2
22  1
4  -6
17  -2
9  -7
12  -2
13  -6
11  -4
11  -5
13  -8
14  -2
16  2
24  -2
21  -5
39  -6
5  -1
21  -4
6  6
15  -3
16  1
15  -1
14  -3
13  -6
9  -8
20  -3
15  -2
13  -8
15  -3
13  -8
9  -8
7  -4
12  -3
9  -6
19  -8
23  -1
5  0
9  -6
4  -6
9  -7
16  1
10  -4
9  -7
9  -7
18  6
8  1
10  -4
8  3
16  3
4  -8
8  2
7  -6
7  -4
23  -3
14  -2
12  -2
11  -5
4  -7
13  -7
14  -4
16  3
4  -6
15  -2
7  -6
20  -4
20  -3
21  -3
16  3
17  -2
7  -6
17  -2
5  -2
14  -3
15  -1
15  -2
27  3
12  -3
18  6
14  -3
8  1
13  -6
8  2
13  -8
7  -5
8  2
7  -4
15  -3
20  -3
11  -5
15  -3
18  4
16  1
6  7
12  -3
13  -7
13  -8
9  -6
14  -4
14  -2
15  -2
9  -6
10  -6
9  -7
8  2
11  -5
14  -3
26  -7
20  -3
19  -7
6  6
20  -3
12  -3
11  -6
10  -4
9  -6
9  -8
15  -1
5  -1
8  1
8  1
15  -1
26  -5
5  -1
8  2
9  -8
17  0
19  -7
10  -6
2  -4
13  -6
9  -6
27  2
17  -1
11  -6
8  2
14  -4
15  -2
17  0
13  -6
18  6
14  -4
13  -6
7  -4
19  -6
17  -2
7  -6
11  -6
10  -4
10  -5
19  -7
5  -2
10  -5
21  -3
17  -2
20  -4
9  -6
8  3
23  -2
20  -2
16  2
6  5
6  7
28  0
8  1
10  -4
23  -2
38  3
20  -4
16  2
5  0
7  -4
25  -5
7  -4
14  -4
24  -2
2  -3
4  -7
17  -2
15  -1
6  7
16  2
20  -2
15  -2
14  -3
10  -6
10  -6
4  -7
13  -7
9  -8
19  -8
28  1
7  -6
16  3
12  -2
25  -5
15  -1
24  -1
11  -6
13  -6
8  1
18  6
15  -2
10  -6
15  -2
8  3
17  0
20  -4
17  -2
4  -8
8  2
18  5
7  -5
20  -2
8  2
19  -6
18  5
3  5
11  -6
13  -7
19  -6
15  -1
9  -7
6  7
11  -5
4  -6
14  -3
13  -7
17  0
4  -8
24  0
12  -3
10  -6
16  2
23  -3
12  -3
10  -5
11  -4
9  -8
25  -5
11  -4
11  -6
12  -3
5  -2
16  1
14  -3
10  -4
5  -1
7  -4
15  -2
4  -7
6  6
24  -2
27  4
25  -5
11  -5
15  -1
7  -4
12  -1
11  -5
13  -6
24  -1
29  6
20  -2
23  -3
20  -4
4  -7
4  -7
7  -4
18  6
17  -2
23  -2
10  -4
23  -1
8  1
16  3
5  0
10  -4
24  0
6  5
4  -7
21  -5
11  -5
23  -1
14  -2
14  -4
20  -4
21  -3
5  0
15  -2
17  -1
21  -3
24  0
16  1
19  -8
9  -8
8  2
8  3
13  -8
13  -7
13  -8
14  -4
13  -7
16  3
9  -7
16  1
17  0
9  -6
22  1
13  -7
10  -5
17  -1
11  -6
9  -6
18  4
8  1
10  -5
11  -6
11  -5
7  -6
10  -6
26  -7
15  -2
12  -2
12  -2
12  -1
9  -6
20  -3
15  -3
18  5
17  -2
17  -2
17  -2
6  6
13  -7
19  -7
7  -4
8  2
11  -5
9  -7
17  0
13  -7
21  -5
13  -8
6  5
8  2
29  5
1  -1
15  -1
16  2
15  -1
6  6
7  -5
8  1
15  -2
22  2
7  -6
4  -7
15  -1
7  -4
24  -2
12  -3
19  -7
12  -1
19  -8
17  -1
14  -3
10  -5
23  -1
17  -2
12  -3
9  -6
19  -6
5  -1
10  -4
8  1
9  -8
15  -2
3  6
20  -3
17  -1
16  2
14  -2
14  -2
7  -5
25  -5
11  -4
7  -5
5  -2
7  -4
24  -1
16  3
7  -4
13  -8
16  3
14  -3
7  -4
8  2
20  -4
11  -4
7  -4
22  2
15  -2
8  3
11  -5
10  -4
16  2
4  -8
10  -5
9  -8
16  1
15  -3
20  -3
17  0
17  -1
14  -3
24  0
6  5
6  6
12  -3
13  -7
12  -1
11  -4
25  -5
13  -8
12  -1
28  0
13  -7
22  1
18  5
13  -7
7  -6
6  6
3  7
10  -5
16  3
19  -6
12  -3
18  5
11  -6
10  -6
4  -6
13  -8
12  -1
17  -1
11  -6
19  -8
14  -4
16  2
7  -4
14  -2
21  -3
22  2
13  -7
17  0
20  -2
15  -2
6  6
14  -2
20  -2
13  -7
9  -8
4  -7
25  -5
4  -6
12  -2
13  -6
18  6
5  0
15  -3
13  -8
20  -4
23  -2
9  -8
16  1
11  -5
8  2
13  -8
7  -4
15  -3
16  2
8  3
7  -4
12  -2
9  -6
31  3
7  -6
17  -1
5  0
22  3
13  -8
14  -2
18  4
5  -1
7  -4
5  -1
17  -2
13  -7
10  -6
29  6
24  -1
6  7
12  -1
10  -5
1  1
14  -4
13  -6
5  0
5  -1
8  1
8  3
17  -2
13  -8
11  -4
11  -4
29  7
15  -2
13  -6
18  6
43  -1
7  -6
27  3
11  -5
12  -2
8  1
12  -1
20  -3
7  -4
19  -8
15  -1
14  -3
27  4
12  -3
22  2
10  -5
19  -8
12  -2
9  -8
6  6
8  3
22  1
12  -1
15  -2
10  -6
14  -2
4  -7
14  -3
37  5
6  7
6  6
8  2
8  3
4  -6
9  -8
3  5
38  3
18  5
11  -5
15  -3
23  -3
7  -6
6  7
20  -2
8  2
26  -6
15  -2
18  6
7  -4
31  3
21  -4
19  -7
31  5
12  -1
7  -4
8  1
25  -6
16  1
11  -4
21  -4
18  6
17  -1
7  -5
15  -3
16  1
11  -5
7  -5
16  3
25  -4
11  -5
7  -6
7  -4
27  2
12  -2
20  -2
19  -7
12  -2
9  -6
13  -8
17  0
17  -1
14  -2
24  0
7  -6
20  -2
10  -6
14  -4
5  -2
4  -6
3  5
28  1
4  -7
23  -1
14  -2
30  -3
12  -2
19  -7
21  -4
18  5
8  1
10  -4
11  -6
14  -2
4  -8
16  2
13  -7
7  -6
12  -3
23  -3
17  -2
13  -7
12  -3
16  3
7  -4
22  1
14  -4
9  -8
17  0
7  -4
12  -1
16  3
4  -6
12  -1
12  -1
29  5
8  3
14  -3
12  -1
15  -1
2  -5
10  -6
15  -3
11  -4
1  0
13  -6
8  3
19  -8
