53  0
93  0
109  3
79  1
103  3
80  3
66  -6
71  -3
104  -5
131  0
51  4
89  -5
56  -3
68  -3
65  3
64  -7
88  6
97  -1
107  7
79  0
38  -5
72  3
62  0
88  6
64  -7
69  1
51  5
98  3
51  6
96  2
42  -6
89  -6
77  -3
91  -2
75  -3
79  -1
62  -1
97  -2
117  -2
86  7
64  -7
78  6
69  3
89  -4
65  3
95  8
77  -3
94  0
82  6
99  -4
104  -5
78  6
112  -2
62  0
83  -8
97  0
54  5
57  -2
72  3
94  0
95  6
110  -8
111  5
94  1
92  3
98  2
81  2
69  3
103  3
98  2
52  -8
70  -3
99  -3
61  -8
65  1
82  4
78  8
55  3
113  7
85  -3
74  1
89  -4
96  0
80  3
132  -4
55  3
77  -3
69  2
68  -5
75  -5
88  5
44  2
64  -8
115  1
103  4
60  0
49  -5
65  2
60  2
93  2
95  7
63  -5
70  -3
82  4
75  -5
129  3
83  -7
95  6
80  3
99  -3
64  -7
89  -6
87  5
83  -7
80  3
84  -1
128  -5
81  1
144  -3
59  3
62  1
64  -7
86  7
129  4
95  6
84  -1
63  -4
88  6
88  5
46  -6
63  -5
109  5
72  3
113  6
74  2
66  -6
123  -4
97  0
120  0
73  -7
76  -4
98  4
98  2
51  6
101  0
79  1
106  5
53  -2
57  -4
87  3
66  -5
137  -2
66  -7
49  -6
107  6
73  -7
70  -3
50  -1
80  3
55  4
44  1
63  -6
103  3
46  -5
32  0
62  0
64  -6
63  -4
78  7
60  1
74  1
85  -1
78  7
82  6
95  6
78  8
52  -7
80  3
75  -4
78  6
79  1
93  0
60  2
73  -7
66  -5
67  6
77  -4
95  6
64  -6
74  2
87  3
70  -5
108  3
114  6
75  -3
69  3
87  3
79  1
103  2
70  -5
82  4
77  -3
76  -4
87  4
64  -8
51  6
59  3
66  -6
63  -6
66  -7
107  7
60  0
59  2
52  -7
121  -2
107  6
87  5
81  2
71  -5
55  5
66  -6
73  -7
50  0
78  8
57  -4
74  3
118  3
60  1
72  3
61  -8
58  8
103  4
94  -1
109  3
63  -6
69  3
74  3
69  2
90  -2
108  3
72  2
68  -4
132  -4
68  -3
66  -7
93  1
79  -1
58  8
99  -3
46  -5
33  -5
92  4
50  0
53  -2
95  6
81  2
53  -1
73  -6
62  -1
69  3
49  -6
73  -7
74  3
50  1
120  0
129  4
121  -1
112  -3
60  0
91  -4
70  -5
88  4
53  0
59  1
64  -7
80  4
107  8
105  4
49  -6
50  1
113  8
73  -6
76  -2
98  4
133  3
65  1
60  2
96  0
80  3
57  -4
87  4
61  -8
60  0
76  -4
143  1
76  -2
91  -3
101  -1
77  -5
83  -8
62  1
104  -4
90  0
73  -7
83  -6
90  0
70  -3
111  6
48  6
84  1
100  6
127  -1
106  5
124  2
105  5
69  3
73  -7
59  2
99  -4
58  6
76  -3
76  -2
72  3
78  6
60  0
117  -4
69  2
76  -4
110  -6
69  2
83  -7
103  4
69  2
67  8
86  6
80  3
60  0
52  -6
95  6
93  1
73  -6
78  7
76  -4
66  -7
82  4
71  -5
125  5
64  -7
66  -5
86  7
62  0
92  4
54  5
91  -3
84  0
44  1
59  3
64  -7
106  3
73  -6
103  4
62  1
64  -6
70  -3
69  2
66  -5
35  2
74  1
93  1
143  -1
72  3
52  -7
81  1
96  1
99  -3
45  -5
56  -3
60  1
75  -4
77  -4
87  4
50  1
86  8
51  5
58  8
75  -5
70  -3
104  -4
115  2
69  1
71  -4
54  3
124  1
63  -5
65  1
69  1
82  5
57  -2
85  -1
84  0
102  1
100  7
72  4
39  5
71  -5
66  -6
62  0
61  -8
74  3
71  -4
92  5
62  1
67  8
70  -3
79  -1
78  6
81  2
87  3
55  4
93  2
63  -4
123  -4
74  3
48  8
106  5
66  -6
63  -4
57  -2
125  4
87  4
64  -8
110  -7
54  5
89  -4
63  -6
77  -3
100  5
73  -6
80  4
91  -4
64  -6
46  -6
108  3
39  6
79  -1
87  5
86  8
69  1
69  1
96  0
65  2
57  -2
66  -5
91  -4
89  -6
72  4
86  8
106  3
134  7
93  2
76  -4
73  -6
36  0
74  3
83  -7
74  1
76  -2
103  2
120  0
100  6
88  6
85  -2
89  -5
74  3
65  3
83  -8
78  8
83  -6
81  3
131  -1
101  -1
67  7
103  2
89  -5
96  1
64  -7
95  6
110  -7
93  0
63  -6
64  -6
80  4
62  -1
92  5
66  -6
68  -4
53  0
96  2
73  -6
98  3
88  5
83  -6
67  7
78  7
96  2
88  4
93  0
93  1
85  -1
68  -5
59  3
83  -6
95  8
105  5
71  -5
90  0
100  7
86  6
88  4
78  8
75  -3
81  2
65  1
98  3
69  3
67  7
92  3
77  -5
80  3
60  0
81  3
79  -1
99  -4
113  6
90  -2
65  1
35  2
81  1
79  1
101  -1
121  -1
70  -3
103  2
69  1
84  -1
42  -4
95  6
93  0
75  -4
108  1
80  3
107  6
97  -2
59  1
95  6
85  -1
125  3
73  -7
50  1
86  8
63  -5
80  3
43  4
91  -3
68  -3
106  5
60  1
43  4
106  5
101  -2
106  5
50  -1
51  4
52  -7
65  3
90  -1
49  -5
86  8
70  -3
93  0
71  -5
97  -1
79  -1
63  -5
61  -7
57  -4
78  6
103  3
104  -5
43  6
45  -3
73  -8
95  6
70  -3
106  4
125  4
91  -2
99  -5
82  6
80  4
72  3
59  2
44  2
124  3
104  -6
65  3
91  -4
84  -1
95  8
89  -5
89  -5
90  -2
58  7
74  2
65  1
111  5
107  7
93  1
89  -6
75  -4
127  -1
72  3
79  0
52  -6
91  -2
57  -2
85  -1
56  -3
94  0
60  2
67  7
108  2
81  1
66  -7
53  -2
72  2
82  5
78  6
113  6
95  8
70  -4
48  8
73  -6
63  -4
54  4
55  5
81  1
74  1
122  -6
58  7
80  3
73  -6
93  0
79  1
34  3
46  -7
84  0
99  -4
51  5
96  2
89  -5
70  -5
60  0
45  -4
57  -4
74  3
79  1
61  -7
80  4
100  5
77  -5
35  3
62  1
73  -6
63  -6
38  -6
72  3
49  -6
69  3
87  5
92  4
67  7
79  0
58  7
99  -3
78  7
65  3
66  -6
95  7
90  0
80  2
96  2
108  2
89  -6
47  -1
126  -5
95  8
67  6
69  1
73  -7
82  4
85  -1
61  -6
79  -1
76  -3
107  7
83  -7
44  3
111  6
78  6
71  -5
110  -6
51  4
50  1
103  4
81  2
130  -3
53  -1
132  -4
97  0
69  2
104  -5
93  1
84  0
86  6
89  -6
93  0
86  8
100  7
51  5
76  -3
68  -4
92  5
72  2
106  3
96  0
97  -1
76  -4
101  -1
66  -5
55  3
72  2
70  -3
98  2
89  -5
78  8
141  8
117  -2
57  -3
61  -6
44  3
75  -3
50  1
94  -1
41  -3
58  8
65  2
59  2
91  -2
82  4
68  -5
64  -6
60  1
76  -3
74  3
61  -7
78  6
79  0
52  -8
43  5
99  -5
78  6
68  -4
89  -5
74  2
75  -5
76  -3
76  -2
59  2
77  -5
58  8
90  0
112  -1
80  4
113  7
74  2
64  -7
117  -3
90  -2
33  -4
65  3
75  -5
76  -3
73  -7
92  3
104  -6
82  5
89  -5
98  4
82  4
90  -1
98  4
75  -3
77  -3
105  4
83  -8
76  -2
101  0
91  -4
105  5
75  -4
55  4
59  3
111  6
56  -4
63  -6
119  1
77  -3
59  1
80  3
110  -6
71  -4
76  -4
52  -8
64  -7
52  -6
88  4
92  4
97  -2
67  8
97  -1
55  4
62  0
82  6
52  -6
79  1
66  -5
34  1
89  -5
68  -5
70  -4
71  -5
71  -5
83  -6
70  -4
102  -1
109  5
64  -8
151  1
61  -6
56  -4
95  6
89  -5
64  -8
64  -7
69  2
112  -3
57  -4
101  -2
71  -4
98  4
115  2
70  -3
98  2
111  5
92  5
94  -1
94  0
55  5
55  3
95  7
147  -6
81  1
96  2
46  -5
90  -1
73  -8
60  1
83  -6
112  -3
71  -5
55  3
78  8
110  -8
76  -4
70  -4
102  0
98  2
64  -8
99  -4
64  -6
95  6
84  0
87  5
62  0
47  -3
87  5
70  -5
89  -5
104  -5
92  3
112  -1
63  -6
132  -5
99  -3
71  -4
116  7
97  -2
57  -2
84  1
76  -3
92  3
81  1
57  -4
55  4
114  5
108  2
81  1
83  -8
78  7
99  -3
54  5
69  1
56  -2
60  0
102  -1
63  -5
53  -1
70  -3
76  -2
108  1
92  4
79  0
106  4
79  -1
71  -3
138  0
40  2
82  6
82  4
104  -6
77  -3
47  -3
98  3
77  -4
97  -2
82  6
53  -1
90  -2
110  -7
67  8
55  4
94  1
64  -7
86  8
73  -6
68  -3
37  3
73  -6
127  0
93  1
83  -7
73  -7
75  -3
92  3
63  -4
94  0
84  0
101  -2
75  -3
47  -1
66  -5
67  8
57  -4
51  6
75  -4
87  5
74  1
61  -6
34  1
92  5
80  3
102  -1
49  -4
110  -7
95  7
72  3
74  1
68  -3
96  2
79  -1
64  -8
89  -5
45  -5
39  4
49  -4
69  1
80  3
35  3
76  -4
