13  -9
20  6
9  -6
10  -1
5  -6
7  -6
11  5
12  6
4  -2
4  -2
21  -11
9  -1
2  8
10  8
15  -3
8  0
8  3
6  -1
10  2
4  4
2  5
8  -2
6  3
3  3
10  5
4  3
5  -8
12  -2
26  2
8  -5
6  5
15  5
6  -1
7  2
5  -9
4  -5
11  8
16  0
4  -5
4  2
12  4
4  2
10  10
11  2
19  -2
5  -5
7  1
3  3
5  -7
11  4
6  6
4  3
9  -10
19  -3
17  0
11  -4
11  0
3  9
14  11
6  -3
13  -7
8  -4
11  8
13  -9
9  -13
1  2
2  11
7  3
11  6
10  10
1  3
13  -4
7  0
13  2
6  4
25  0
5  -6
4  -3
1  -7
15  -4
6  7
8  -5
8  2
11  5
8  -5
9  -8
3  2
13  -10
6  3
6  -2
6  3
12  8
8  -5
10  3
6  3
6  0
8  -5
6  6
10  3
12  6
3  8
4  -2
9  -7
14  0
9  -12
1  5
4  6
4  6
7  -4
7  -7
11  2
9  -12
2  2
13  -6
15  0
9  -2
3  3
12  2
9  -2
16  0
14  3
1  1
17  3
5  -9
2  7
9  -2
7  0
9  -5
6  3
8  -6
7  0
8  1
3  6
11  -3
4  1
14  7
18  -2
3  9
6  4
6  5
18  -2
13  -4
13  -9
8  -9
7  4
11  -2
11  5
19  -7
8  -5
4  -3
12  -3
9  -2
6  6
10  2
5  0
6  -1
4  6
17  6
8  3
4  1
18  4
12  0
8  1
3  0
5  -3
16  8
11  -1
11  -3
14  3
11  0
11  5
14  8
13  -6
14  11
4  -1
4  3
2  12
9  -1
14  3
8  0
3  6
10  5
5  -8
7  3
13  -3
5  -6
27  2
9  -3
12  1
12  3
6  4
10  7
3  5
14  10
6  -3
5  -11
8  -7
12  1
9  -8
10  9
3  -2
11  3
1  -2
10  10
8  -5
4  5
17  10
8  -1
14  4
7  2
1  -1
2  12
7  2
5  -7
7  -5
7  -6
12  0
9  -5
2  10
4  -2
11  7
1  4
12  5
7  -1
1  -4
12  2
22  10
15  2
2  12
8  -7
13  -7
15  -2
7  -2
5  -6
7  3
10  1
1  3
11  -2
8  -2
10  2
5  -4
8  -9
13  -6
16  2
15  -2
5  -11
13  -10
6  6
12  6
5  -2
24  -1
4  3
14  1
2  6
15  3
7  1
7  -6
7  -7
11  8
16  8
12  3
7  0
11  6
17  5
5  -10
24  -6
11  0
9  -9
8  -3
10  6
6  -5
5  -5
7  -4
6  -2
3  0
2  3
2  0
11  0
8  0
5  -1
6  6
7  -3
2  6
4  4
10  8
4  1
13  -1
11  -1
6  -4
8  -8
4  6
10  4
12  -3
7  1
13  -5
8  2
8  -5
8  1
8  -4
22  13
14  2
7  -5
6  2
11  -4
6  7
10  2
6  -1
17  0
16  3
3  4
12  -4
11  8
17  11
7  1
11  1
9  -12
6  7
6  3
10  1
10  5
1  -5
10  3
1  -7
4  -6
2  8
10  0
13  -1
5  -1
16  1
7  -3
6  -3
10  2
5  -6
10  -1
5  -10
7  -7
11  3
4  -1
9  -7
6  7
8  -8
13  1
3  4
14  6
7  4
6  6
1  0
12  4
8  1
18  5
2  1
13  -3
7  -3
7  -5
5  -11
7  5
5  -10
12  -3
16  12
7  -7
22  2
24  0
12  1
1  0
5  -4
10  1
3  -2
14  10
5  -5
5  -3
6  3
3  5
8  3
12  7
13  -7
11  5
6  -1
4  4
4  -1
5  -12
5  -8
8  -2
20  2
16  8
5  0
13  -3
11  -2
5  -10
10  1
8  1
1  0
16  1
7  -2
5  -8
9  -8
9  -1
11  -3
3  7
8  -5
4  -6
6  -1
12  0
0  3
11  1
14  8
4  -4
11  7
13  0
17  11
3  4
5  -9
11  8
7  2
6  4
3  4
19  0
16  12
7  2
14  7
5  -12
10  -1
7  -4
12  7
7  3
11  4
7  1
7  -5
13  1
9  -1
16  5
6  -4
11  2
8  1
4  1
7  0
11  0
15  6
5  -5
15  -4
15  0
7  -1
15  -2
18  10
13  -2
6  4
10  -1
6  0
6  7
6  -4
18  9
15  4
8  0
12  3
14  3
9  -1
13  -8
7  3
3  8
8  -9
6  3
11  7
23  -8
10  3
10  5
10  1
10  10
9  -11
5  -5
3  6
5  -12
13  -5
4  2
19  2
6  3
12  8
4  0
6  3
26  12
9  -11
3  2
11  8
16  3
1  -1
12  6
6  2
7  -1
5  -11
13  -9
5  -9
12  5
17  9
1  -5
15  -3
4  -4
7  -6
8  0
8  3
7  -4
17  11
10  10
7  -4
17  6
7  -4
8  3
13  2
13  -7
9  -3
5  -2
11  2
10  3
4  0
9  -1
5  -9
16  5
13  -10
10  3
14  5
7  -6
9  -4
11  -4
23  -2
12  4
7  4
15  4
7  -4
6  1
4  0
9  -7
0  -8
7  -7
3  7
5  -3
15  -3
10  -1
10  8
6  2
7  -4
15  1
2  8
3  8
15  8
5  -5
8  -5
20  5
9  -4
5  -11
9  -2
14  5
4  1
17  6
9  -8
8  -8
10  7
9  -2
2  9
2  1
1  0
8  -4
7  -6
10  4
8  -3
5  -5
8  2
17  0
2  5
10  10
4  -1
5  -10
3  -2
9  -9
9  -11
16  8
3  4
17  2
6  -5
6  4
10  2
7  -4
2  5
8  -3
4  -2
14  7
13  -7
10  4
6  7
8  1
13  -7
14  7
7  -2
15  -1
6  -1
8  -1
5  -12
11  4
8  0
12  2
10  6
5  -2
7  -7
11  3
5  -12
13  -1
9  -5
20  9
9  -8
11  -4
19  -3
13  1
22  7
4  3
11  6
9  -12
9  -11
7  5
9  -4
15  0
16  12
5  -5
4  -5
9  -8
13  -10
11  0
6  4
12  -4
8  3
9  -4
5  -3
10  0
5  -1
5  -8
6  -3
8  -3
3  0
2  1
7  5
11  -4
10  -1
9  -13
17  2
20  6
11  2
12  2
14  3
5  -12
9  -2
3  -2
4  3
5  -9
9  -10
7  -3
7  -1
1  -3
5  -6
8  -9
6  -4
5  -9
11  4
7  4
11  -2
8  2
5  -12
3  7
7  -5
13  -6
12  -2
13  -6
3  5
5  -12
5  -2
5  -9
6  6
11  3
9  -11
15  8
13  -3
12  8
2  9
5  -6
16  8
8  -9
12  6
4  4
9  -6
20  -1
5  -4
9  -11
10  -2
5  -8
14  7
7  1
6  -3
3  6
8  -1
17  9
9  -12
18  10
8  -3
6  3
14  8
4  -3
13  -1
10  6
11  2
16  1
13  -10
12  -3
7  -3
4  -1
5  -4
10  5
12  -1
8  -5
4  0
13  1
5  -12
6  -2
9  -11
4  -6
15  0
7  2
10  10
11  -1
11  4
9  -2
3  5
10  1
9  -11
6  -1
12  2
21  -1
1  -7
8  -8
14  7
6  5
5  -1
11  -4
1  -6
9  -13
8  -8
1  -3
11  0
10  9
2  7
9  -13
18  9
8  -2
5  -4
12  1
9  -10
7  3
0  -5
10  -1
17  6
6  -3
12  8
13  -3
6  7
5  -5
9  -11
8  -3
15  -4
5  -8
9  -7
7  -7
8  -7
18  6
8  -9
6  -2
9  -1
5  -2
2  10
2  9
2  0
13  -7
10  9
10  8
10  -2
5  -1
7  5
2  10
14  1
21  -4
4  6
9  -4
7  -7
5  -1
7  3
4  -6
4  -4
1  -5
4  0
4  -6
6  7
10  9
13  -6
3  8
16  9
12  2
21  -2
9  -12
7  1
10  9
20  3
7  -3
7  -4
5  -8
4  -1
2  3
14  11
15  3
9  -6
7  -4
7  -7
11  -4
8  -7
5  -4
13  -6
6  0
7  5
9  -11
7  5
9  -8
5  0
14  1
9  -11
10  9
8  -9
16  0
1  4
17  4
10  4
5  -9
6  6
5  -5
10  1
13  -2
3  2
10  0
4  -1
0  -3
5  -5
10  7
12  6
8  -7
5  -10
5  -11
11  2
8  2
12  7
8  -1
12  3
6  6
3  4
14  5
5  -10
4  1
6  1
16  5
11  6
8  -9
10  8
19  2
12  0
11  1
3  9
8  -2
6  6
7  5
8  -9
7  3
6  -3
8  -8
17  5
3  8
8  3
8  -6
14  2
7  4
12  -2
2  1
15  6
1  4
1  -1
8  -9
9  -9
10  8
17  6
11  3
10  4
9  -7
3  -2
15  -3
6  7
10  2
22  2
2  6
11  2
7  2
9  -7
18  7
21  -11
11  1
11  -3
9  -8
7  2
8  -2
7  -2
3  8
14  7
13  -9
7  -3
9  -7
4  4
6  -4
9  -12
6  -5
7  0
6  7
13  -6
13  0
21  -7
10  1
5  -9
16  7
14  1
10  -2
21  -7
20  2
9  -11
10  4
13  -2
3  9
14  1
5  -1
15  7
3  1
5  -9
5  -3
8  2
9  -7
16  7
9  -7
6  -3
15  7
21  -7
5  -8
8  -4
4  0
11  -2
4  -6
10  2
2  1
7  5
4  -6
6  5
7  -4
14  4
5  -2
12  6
4  -5
2  0
9  -7
6  -3
27  5
14  3
4  -4
5  -2
11  6
14  8
1  4
9  -2
1  3
8  -9
12  4
6  -5
12  6
8  3
15  2
12  5
17  3
10  9
4  -2
9  -6
1  -6
8  -4
12  -4
2  12
4  -5
5  -12
14  9
14  7
16  1
6  1
6  -1
2  4
9  -3
12  3
10  7
9  -10
7  4
