10  -2
2  -7
14  10
17  -5
3  0
2  -3
22  0
20  -3
13  -4
2  -5
4  8
4  8
9  7
3  3
22  1
22  -2
12  6
3  5
2  -4
8  -5
15  0
13  -2
19  8
15  0
1  2
7  6
15  3
11  -6
5  -2
19  4
38  8
3  3
16  5
10  2
7  7
32  10
24  9
2  -4
5  -3
23  -6
19  4
16  6
3  6
17  -7
26  -1
3  1
14  6
9  5
4  3
8  -6
12  6
51  -4
8  -5
4  6
32  6
27  -1
11  -7
16  7
4  9
6  1
28  3
19  8
8  -8
3  5
6  1
4  9
10  -2
27  5
6  5
8  -6
5  -1
13  -2
13  0
15  3
6  3
13  -1
10  1
19  5
9  8
5  -3
22  0
55  -5
11  -7
4  6
7  8
8  -9
12  3
22  -4
35  -1
19  7
2  -5
4  8
45  10
14  5
11  -3
25  -10
17  -3
25  -6
6  0
13  -3
36  -3
2  -7
20  0
11  -8
9  3
19  6
7  7
20  -6
21  -2
19  5
8  -9
14  7
13  -1
45  5
6  5
30  -1
14  8
8  -7
8  -9
11  -3
3  2
1  2
16  5
26  -2
5  -3
15  1
9  7
11  -3
13  -3
28  8
2  -4
19  7
17  -5
10  -2
14  7
16  7
11  -3
79  -1
11  -7
15  -2
19  4
16  5
7  10
9  6
15  -2
9  3
13  -5
15  0
41  6
10  1
22  -2
6  -1
3  1
5  -1
17  -2
12  8
2  -1
4  4
1  5
6  2
16  5
13  -1
36  -4
10  -3
2  -1
20  -2
41  3
11  -2
38  2
18  -3
17  -5
2  -7
24  5
3  3
15  2
9  4
8  -5
5  -5
1  3
17  -5
12  8
39  4
58  1
4  3
28  6
14  4
0  -2
23  -3
28  3
6  1
2  -4
27  3
19  5
23  -6
7  7
16  4
18  0
17  -1
7  10
7  5
3  0
1  3
23  -6
14  10
47  0
2  -4
3  5
20  -3
2  -5
8  -6
10  -1
22  -5
7  7
10  2
6  3
13  0
2  -3
19  9
2  -7
0  -2
22  -4
10  -2
12  5
29  -5
3  2
15  -1
8  -4
33  -5
15  1
6  4
1  -1
16  5
25  -8
6  3
0  -1
4  6
6  3
7  10
22  -2
4  3
10  -3
2  -3
13  -3
18  -2
4  7
3  0
2  -4
20  -6
27  3
9  6
30  -6
7  6
16  6
2  -4
34  0
22  -2
9  4
4  5
20  -3
16  4
5  -2
25  -10
24  5
8  -10
1  4
7  9
41  2
6  5
16  4
8  -7
25  -8
4  7
8  -9
11  -5
17  -4
17  -2
10  2
13  -4
24  7
12  5
7  6
6  5
7  9
17  -3
9  4
26  -4
2  -4
31  0
12  3
6  1
12  4
15  0
3  3
12  7
22  -4
6  3
12  8
8  -5
6  0
7  9
34  2
9  2
17  -3
12  8
11  -8
11  -7
22  0
3  6
25  -4
31  5
9  6
22  -3
12  9
5  -7
9  4
13  -5
33  -8
14  5
15  -2
24  6
23  -3
6  4
5  -2
3  5
3  1
18  -4
34  -3
21  -7
12  3
31  1
1  3
37  2
8  -9
22  -5
13  -1
7  4
2  -6
4  5
10  0
30  -1
6  2
12  4
4  8
9  6
19  10
2  -1
0  -3
3  2
63  -7
12  9
12  7
12  3
10  -4
13  -4
12  3
23  -1
6  2
5  -3
18  -4
13  0
3  5
1  1
50  -6
42  1
13  -1
29  -8
44  4
9  2
11  -8
2  -3
22  -4
20  -3
10  0
13  -3
10  -3
20  -3
8  -9
8  -4
20  -6
17  -6
23  -1
19  7
9  2
15  -2
5  -7
6  2
13  -4
11  -5
34  -2
19  4
10  -1
2  -7
10  -4
10  -3
16  9
11  -6
7  8
26  -1
24  7
26  1
21  -4
42  2
21  -8
3  4
5  -2
9  2
29  -2
10  -3
23  -2
0  -2
35  -1
13  0
5  -4
18  -3
22  -1
6  2
20  -4
6  -1
13  -3
15  -2
8  -5
38  7
42  2
0  -3
1  4
7  4
8  -10
33  -4
6  4
0  -5
20  -5
7  8
5  -5
1  3
18  -2
7  9
8  -4
31  5
27  2
10  -3
3  1
18  -4
12  8
8  -7
5  -5
18  -4
8  -10
32  4
4  5
11  -8
0  -1
32  8
8  -4
27  0
25  -8
17  -7
16  8
26  -2
8  -8
11  -5
14  10
23  -4
36  1
24  6
22  -5
9  5
3  2
8  -5
24  4
15  0
31  1
4  3
10  -3
25  -10
44  -1
15  3
19  7
22  -3
15  -3
11  -4
22  -4
6  3
15  2
27  1
14  7
26  2
9  3
15  -2
4  3
13  0
2  -5
37  5
14  9
0  -2
4  5
15  0
1  3
12  8
37  4
19  5
27  2
9  5
27  5
9  6
15  1
13  -6
13  -5
11  -3
6  3
2  -6
5  -4
20  -1
12  5
19  5
13  0
16  7
31  1
17  -3
24  6
7  10
6  5
12  8
14  10
13  -2
4  4
4  4
8  -10
9  3
1  0
0  -1
11  -6
27  0
21  -4
44  2
23  -5
5  -1
22  -4
17  -2
8  -9
8  -5
20  -5
17  -3
1  -1
18  0
11  -4
6  2
5  -4
17  -6
15  -1
7  6
9  7
16  3
14  6
11  -4
10  -4
5  -4
0  -3
5  -4
10  2
14  6
17  -2
26  1
0  -2
11  -7
10  -1
32  9
11  -7
16  8
8  -6
9  5
3  1
48  -1
18  -3
21  -3
7  9
10  -1
5  -1
10  2
12  7
12  9
16  4
18  -4
33  -6
16  9
27  2
7  7
9  4
18  -4
16  8
10  1
22  1
37  4
17  -5
28  9
6  4
17  -2
11  -5
2  -3
20  -3
17  -1
21  -4
25  -5
43  7
58  7
29  -2
2  -3
20  0
3  0
6  3
9  5
12  7
7  5
8  -6
5  -7
46  -4
14  6
14  9
15  0
5  -4
17  -4
27  2
43  4
21  -3
12  7
27  -1
2  -5
26  -3
3  4
43  1
9  3
22  -5
10  -4
25  -5
6  -1
9  4
1  4
3  4
24  7
3  3
17  -3
32  4
4  4
7  8
3  5
12  6
23  -2
8  -6
12  6
12  3
6  5
14  4
20  0
8  -4
12  7
13  -2
13  -6
16  3
0  -2
34  -1
8  -5
11  -4
13  -2
6  0
7  4
45  7
16  8
22  -1
25  -8
33  -9
2  -3
6  5
14  5
16  7
5  -5
4  5
10  -2
20  -1
2  -1
45  9
14  10
15  2
23  -5
9  4
22  -2
12  4
18  -4
2  -1
30  -4
7  5
23  -6
21  -6
52  -3
34  2
8  -5
27  2
32  10
10  1
32  7
9  8
52  3
9  5
3  4
24  5
2  -2
13  -1
6  2
11  -2
21  -8
22  -2
2  -3
12  6
23  -3
13  -3
9  5
26  -1
24  5
12  3
5  -1
10  -2
4  5
16  5
2  -1
11  -6
4  3
15  2
9  7
1  4
23  -6
16  9
19  5
2  -6
10  1
16  9
3  2
11  -3
19  4
13  -6
52  -2
0  -4
1  2
9  6
8  -7
4  7
26  2
10  -1
6  0
45  8
23  -5
27  2
10  2
39  -1
12  8
10  -2
18  1
14  7
6  4
8  -10
41  1
8  -10
24  8
11  -7
5  -2
19  6
0  0
19  4
21  -6
34  0
42  3
30  -5
6  5
13  0
14  9
18  -4
3  6
39  3
39  0
12  9
9  8
18  -4
12  5
28  8
5  -1
0  0
12  6
26  -1
23  -3
2  -1
1  1
18  1
7  4
41  5
21  -4
10  -4
19  6
19  6
31  5
16  8
11  -8
2  -6
7  8
35  3
14  7
33  -3
16  8
10  -1
10  0
10  2
32  7
3  6
37  4
6  2
0  1
15  -3
13  -1
18  -1
5  -5
6  -1
15  -2
32  8
3  5
6  3
17  -2
6  0
12  8
19  6
26  -2
17  -7
8  -7
1  1
9  5
23  -2
15  3
16  6
24  7
10  -3
16  6
6  1
36  -1
8  -7
10  0
28  9
25  -10
12  4
5  -4
29  -4
3  3
31  0
11  -7
20  -6
7  5
14  8
7  5
5  -1
15  2
7  10
5  -1
16  7
10  -1
13  -1
5  -3
13  -1
23  -1
28  7
8  -7
6  5
8  -10
1  3
19  6
27  4
17  -4
13  -4
9  2
60  -6
6  4
31  1
19  8
6  0
9  5
29  -7
26  2
12  3
8  -8
10  1
4  5
3  3
11  -5
8  -6
7  5
21  -7
16  5
32  9
5  -7
14  10
5  -7
9  3
35  4
11  -3
1  -1
7  5
7  4
19  4
19  4
32  4
11  -7
13  -2
5  -7
32  10
26  -4
3  2
12  3
39  1
9  7
9  3
27  3
20  -2
9  4
1  0
13  -1
3  2
11  -8
76  4
4  9
5  -2
2  -7
42  0
17  -4
16  8
35  0
18  -3
10  -1
11  -8
10  -1
25  -8
11  -7
7  10
3  5
22  0
14  9
10  -4
17  -1
25  -8
17  -5
24  9
19  7
32  9
5  -7
14  7
28  6
24  3
5  -6
23  -6
35  2
16  5
11  -5
14  8
17  -3
10  -4
22  0
37  4
21  -7
19  5
15  3
11  -3
11  -4
2  -2
18  -5
13  0
17  -6
9  5
50  -2
43  7
5  -7
25  -6
7  8
73  2
5  -3
29  -6
25  -9
6  1
10  1
8  -5
4  7
0  -1
2  -7
26  2
8  -6
13  -3
3  0
19  6
1  3
16  8
3  2
10  0
17  -7
4  7
4  4
20  0
16  6
20  0
8  -8
