55  3
56  -4
71  -1
52  -4
66  4
59  3
50  -5
56  -3
51  6
82  8
55  3
49  -1
73  5
59  2
53  4
60  -4
61  1
45  7
58  5
56  -1
67  3
56  -3
73  6
38  -4
52  -3
53  1
37  7
57  0
56  -1
38  -8
61  3
55  4
46  -5
77  -5
69  6
56  -3
60  -7
61  -1
55  2
59  1
65  -4
38  -4
30  -5
43  -4
37  8
53  2
57  0
59  0
60  -7
60  -3
64  0
60  -4
45  7
69  5
55  6
68  -2
55  4
55  4
55  6
36  -5
92  5
42  -5
69  6
40  -7
72  4
48  -4
59  1
66  6
56  -1
58  7
55  6
46  -4
32  -8
61  0
70  4
63  -5
49  0
58  7
82  8
70  8
69  7
61  3
63  -2
57  -4
61  -1
58  8
55  5
68  -5
62  7
67  1
88  0
67  2
68  -2
65  -8
65  -6
55  4
73  3
46  -5
44  -2
46  -4
49  -1
57  -3
46  -6
49  -4
38  -4
45  6
58  7
56  -2
52  -6
62  9
34  -2
56  -5
58  8
65  -5
61  3
53  4
47  0
80  -3
49  -1
37  8
55  5
67  2
56  -4
49  -4
59  1
63  -2
54  -4
46  -4
65  -4
57  -2
49  -2
58  4
69  9
48  -4
50  -5
74  5
70  7
52  -7
63  -6
64  2
50  -9
74  6
43  -5
48  -1
40  -3
42  -5
71  1
55  4
44  -2
60  -6
40  -6
52  -5
74  6
64  -1
58  6
68  -5
64  1
43  -4
61  1
77  -3
44  -4
65  -6
39  -4
58  5
38  -4
36  -3
40  -6
62  7
67  2
59  2
79  7
82  8
49  0
32  -5
48  -5
69  5
68  -1
40  -4
64  2
73  5
72  0
40  -7
53  2
62  8
44  -2
57  -2
63  -5
51  7
56  -5
55  2
61  1
67  1
67  4
55  5
54  -3
42  -4
67  1
70  6
49  -3
63  -2
54  -1
55  6
43  -2
53  4
51  4
57  -3
57  0
41  5
54  -1
92  3
46  -5
59  0
53  5
62  7
61  1
64  1
79  4
66  4
62  8
65  -7
61  -1
61  1
41  3
38  -8
65  -6
51  6
53  1
86  1
55  5
44  -3
51  6
82  8
69  8
64  2
66  4
44  -2
56  -3
46  -7
59  0
43  -1
52  -7
52  -4
72  1
51  4
46  -4
79  5
48  -3
86  -1
38  -4
35  0
72  1
76  -1
57  -1
48  -4
32  -7
63  -4
66  4
46  -5
58  5
60  -4
46  -3
66  7
46  -3
57  -2
48  -5
53  2
61  0
90  -2
61  2
44  -5
74  4
59  1
33  2
64  -2
45  4
41  6
57  -3
40  -4
48  -5
66  4
72  3
61  1
76  -4
52  -4
55  2
49  -2
48  -2
75  -3
51  7
51  4
61  2
52  -5
42  -5
67  5
50  -9
64  -1
66  3
46  -5
57  -4
62  6
51  4
58  6
66  7
56  -3
78  0
62  8
45  7
52  -4
57  -3
62  6
55  4
44  -5
63  -6
59  0
62  9
79  7
49  -3
68  -2
61  0
97  1
53  3
48  -4
55  5
45  5
52  -6
71  3
45  3
59  2
48  -5
61  3
48  -3
80  -2
50  -8
59  2
59  2
53  3
60  -7
51  7
79  4
59  2
58  6
63  -2
57  -4
56  -1
58  4
58  4
59  0
54  -3
63  -5
59  3
79  7
60  -5
86  2
40  -3
80  -2
66  7
68  -4
38  -8
58  5
48  -1
59  3
58  8
61  -1
41  3
63  -3
51  5
41  5
64  -1
53  5
37  7
42  -4
57  -2
49  -3
49  -3
59  1
47  -4
62  8
48  -1
30  -5
49  0
65  -4
44  -3
54  -4
57  -3
65  -5
59  3
65  -5
73  2
72  1
52  -4
59  0
57  -2
42  -5
54  -5
40  -4
57  -2
86  -2
53  1
61  -1
60  -6
42  -6
38  -4
70  5
47  0
44  -5
70  5
68  -3
52  -7
62  8
52  -6
55  4
51  7
39  -4
40  -4
73  3
48  -1
46  -3
77  -3
40  -5
73  4
41  2
78  -2
53  3
62  8
51  6
84  -3
40  -6
38  -5
63  -3
57  -2
54  -3
62  8
61  2
46  -4
48  -5
47  -3
53  1
78  -2
46  -4
72  3
80  -3
53  4
60  -5
54  -2
86  0
76  -5
74  6
68  -2
84  -7
55  3
51  3
40  -7
41  2
45  4
53  3
64  2
68  -3
49  -2
48  -5
54  -3
51  3
65  -5
76  -2
45  6
96  1
79  5
55  2
52  -5
66  6
62  8
44  -5
48  -2
68  -5
45  3
55  4
54  -2
62  8
51  3
74  6
51  3
94  0
44  -5
62  5
58  7
49  -1
56  -5
64  -2
47  -2
45  5
63  -4
60  -7
41  6
54  -3
56  -1
58  4
78  0
49  -2
46  -3
68  -3
47  -3
55  5
54  -3
43  -1
45  7
60  -6
72  3
45  6
44  -5
56  -2
80  -1
68  -4
65  -8
77  -1
53  4
70  7
56  -5
39  -2
74  3
68  -2
39  -3
50  -7
68  -5
68  -3
64  1
66  3
57  -1
66  7
59  2
56  -4
38  -5
58  4
52  -7
48  -3
79  8
50  -8
59  1
58  6
53  3
71  -1
80  -1
37  8
34  -4
71  1
51  7
78  -1
55  3
61  -1
59  3
64  -2
51  6
67  3
55  4
65  -6
52  -6
65  -7
67  3
46  -6
61  2
56  -5
76  -2
49  0
69  5
76  -2
56  -1
82  6
48  -2
73  6
45  3
43  -5
54  -5
73  5
52  -6
59  1
68  -2
50  -9
52  -6
52  -3
61  3
42  -3
55  2
45  7
62  9
52  -5
62  9
64  -1
49  -4
60  -6
52  -7
46  -5
87  2
30  -6
50  -9
65  -6
70  5
54  -2
53  2
34  -4
48  -2
61  0
59  -1
75  -3
48  -5
57  -4
74  3
73  2
53  4
59  1
49  -4
42  -4
52  -5
63  -3
72  4
40  -6
56  -4
76  -3
46  -7
43  -2
61  -1
43  -3
46  -4
43  -5
71  0
65  -8
55  4
62  7
73  3
71  2
67  5
53  3
60  -7
76  -2
37  5
59  -1
50  -8
57  0
39  -5
52  -7
67  1
57  0
49  -2
51  5
78  0
51  7
53  1
40  -7
65  -6
49  -3
69  7
42  -3
63  -2
44  -4
67  4
41  5
59  3
62  5
57  -4
75  -7
63  -6
84  -5
46  -5
54  -3
37  8
62  8
56  -4
51  3
74  5
74  3
57  0
35  0
64  -2
67  3
38  -4
65  -7
63  -6
38  -6
64  -2
53  4
44  -4
58  6
47  -1
61  2
47  -3
39  -1
25  -2
62  8
67  3
45  5
48  -4
40  -3
79  8
51  3
50  -7
40  -3
62  6
58  8
40  -3
64  -1
54  -5
53  2
67  1
61  -1
51  7
47  -1
62  8
44  -4
55  6
65  -6
73  5
69  6
47  -1
68  -1
58  8
66  7
44  -5
57  -2
73  4
50  -9
68  -5
37  7
49  0
43  -5
41  6
53  1
79  7
68  -5
48  -4
51  4
66  3
47  -4
51  6
60  -7
38  -8
47  -4
56  -4
58  7
37  8
57  -2
77  -3
78  -1
57  0
34  -4
61  -1
65  -5
63  -5
48  -4
65  -8
48  -2
51  4
64  -2
65  -5
68  -3
47  -1
48  -3
68  -4
57  -4
69  9
55  3
71  2
42  -5
49  -2
93  5
31  -8
61  -1
36  -2
65  -6
57  0
71  0
73  4
62  5
48  -3
46  -6
62  7
62  7
70  6
34  0
59  0
36  -2
74  4
61  0
61  3
28  -8
53  5
63  -4
32  -8
45  3
35  2
51  7
54  -3
49  -3
79  7
58  7
39  -5
67  1
53  3
66  5
57  -3
57  -3
30  -2
64  2
52  -5
54  -2
70  6
61  0
66  3
50  -8
41  2
48  -4
65  -6
39  -4
71  -1
56  -1
67  1
63  -3
47  -4
47  -4
52  -3
77  -4
66  5
32  -8
71  3
55  2
43  -4
45  4
34  -4
66  3
73  5
52  -7
56  -1
57  -3
45  3
63  -2
60  -4
60  -3
49  -2
37  7
50  -9
63  -2
36  -6
41  3
56  -2
47  -4
72  2
49  -1
42  -3
63  -3
53  4
54  -4
56  -5
50  -5
54  -1
83  7
76  -5
40  -3
52  -5
47  -3
48  -4
59  2
86  -1
39  -2
65  -8
52  -7
61  3
76  -4
56  -5
34  -4
56  -1
58  8
49  -2
62  6
50  -8
44  -3
64  2
71  0
58  4
37  6
58  5
60  -7
37  9
66  5
70  6
57  -1
53  2
63  -4
50  -7
48  -1
50  -8
45  7
79  8
50  -8
55  4
63  -6
63  -5
55  6
58  6
49  0
45  3
45  4
57  -2
68  -5
48  -5
52  -7
62  7
48  -2
65  -8
72  4
73  6
37  7
50  -9
55  6
49  -4
42  -6
82  6
63  -3
62  8
73  6
57  -2
34  -3
40  -7
60  -7
45  5
63  -4
53  5
54  -5
63  -3
54  -4
58  7
75  -7
59  -1
60  -6
39  -4
67  3
59  1
65  -7
63  -4
51  6
66  3
60  -5
39  -3
45  3
57  0
89  -2
55  3
65  -5
48  -3
65  -4
63  -6
76  -3
35  0
70  7
59  0
53  2
45  3
63  -3
38  -7
64  1
68  -4
47  -1
53  2
31  -5
73  2
46  -5
64  1
56  -1
54  -5
80  -3
58  8
32  -8
40  -3
66  7
83  8
73  6
63  -2
67  5
59  1
47  -2
48  -2
54  -3
59  1
66  3
66  4
60  -6
63  -5
36  -2
60  -7
62  6
60  -3
48  -3
49  -4
59  1
56  -3
56  -5
62  7
62  8
56  -3
49  0
63  -4
59  3
65  -4
51  5
78  -2
