42  -4
49  0
38  3
39  1
51  -3
54  0
49  2
38  -2
38  9
35  -3
32  3
31  3
46  -4
66  8
50  3
28  4
52  -1
60  -2
52  -9
71  3
61  -8
36  8
39  3
46  -5
55  2
56  8
46  4
44  9
34  -5
45  -7
40  -5
39  3
39  6
37  6
57  0
46  -4
54  -1
57  2
38  0
61  -2
49  -3
51  6
41  4
56  -3
35  -6
56  6
52  0
49  -2
50  0
34  -2
54  8
38  -1
49  3
40  -3
36  0
41  6
39  0
65  8
32  3
50  -3
54  8
37  6
48  -10
46  -2
52  2
48  -9
47  1
59  4
36  2
46  1
50  -7
66  5
78  -1
45  -3
56  -3
29  7
42  -13
46  -3
50  -2
53  -6
44  3
52  -7
43  -1
50  -7
40  -1
40  -10
35  -10
39  -2
48  -2
51  0
50  -2
49  -3
28  4
78  -3
56  5
45  -7
53  -3
55  9
45  -7
34  -3
68  3
55  1
43  -3
52  -10
56  0
66  4
41  8
58  4
43  -9
40  -1
45  1
42  -13
62  1
38  -1
56  7
55  1
43  -13
47  6
39  0
59  0
35  -4
52  -3
40  -12
43  -6
29  2
55  -2
55  10
25  -11
48  -7
32  -5
36  0
57  -2
52  -5
31  1
46  3
56  -2
67  4
42  -8
43  -7
57  -7
49  8
32  -1
53  0
49  4
56  9
53  0
38  7
62  3
49  2
27  -4
46  -6
45  -8
48  -3
56  2
67  3
40  -7
55  3
56  -1
58  4
50  -2
36  0
56  4
48  -4
58  6
35  -8
50  -1
46  -6
40  -1
43  -8
46  -2
53  -3
46  -8
45  -3
40  -3
46  3
60  -2
45  -7
52  2
53  -7
47  0
40  -1
45  -10
33  4
51  2
31  -1
63  -1
90  3
46  0
39  1
38  9
43  -8
45  -5
33  -1
51  0
34  -4
47  0
42  -7
43  -9
65  4
53  3
43  -6
60  1
48  -11
52  1
70  -6
35  0
44  11
45  -5
65  6
53  -7
38  3
37  0
54  9
45  1
49  -3
53  -3
61  -4
32  1
40  -11
33  -2
38  9
38  0
52  1
48  -2
48  -7
43  -10
45  -11
53  2
49  0
45  0
49  7
36  3
49  0
44  5
34  -2
32  1
36  5
45  -10
33  -2
37  6
45  -6
51  4
44  3
37  6
45  -8
49  5
27  0
48  -7
34  -3
48  -2
48  -13
59  0
50  0
48  -5
44  5
36  2
53  -8
43  -8
43  -8
70  -6
32  -9
35  -4
50  -5
50  4
42  -9
26  -2
43  -10
57  5
56  8
62  2
36  10
42  -5
32  2
43  -5
31  -2
54  5
36  3
44  9
39  2
30  0
66  5
45  -2
36  4
56  1
42  -11
53  -5
59  -5
42  -4
49  -1
44  5
38  9
49  7
56  9
52  -4
41  12
47  6
53  -8
47  -1
42  -10
49  3
53  2
35  -7
53  0
32  -6
56  1
40  -2
53  0
31  -6
51  -3
60  4
45  1
45  -2
39  9
49  1
52  -4
59  5
41  2
63  -9
35  -5
51  -4
39  -1
49  -1
42  -1
46  2
48  -13
46  -1
44  0
67  4
37  7
34  0
62  4
41  2
38  7
39  9
40  -5
65  2
47  -6
51  -1
43  -9
46  -2
32  1
44  12
29  7
43  -6
68  7
53  3
46  -5
35  -11
52  2
48  -4
68  5
44  6
53  3
45  -10
60  2
26  -8
54  6
55  6
45  -9
37  1
25  -6
42  -9
46  -5
38  6
45  -5
36  4
32  -1
52  -7
25  0
59  0
52  -8
52  -7
31  -1
48  -11
45  -11
36  9
36  9
44  2
51  6
50  -4
45  -6
30  -3
65  10
79  5
60  1
43  -3
30  -5
30  -1
40  -7
58  11
40  -9
57  -7
50  -5
58  11
42  -11
37  7
68  12
68  6
60  -3
53  -6
42  -1
40  -2
49  6
55  3
54  7
48  -9
43  -7
50  -2
49  7
55  8
56  9
45  -7
47  -1
62  -1
56  -2
44  7
62  5
55  10
64  2
33  6
50  -6
66  1
52  -2
44  4
58  11
53  -5
51  -2
46  -1
26  3
69  7
59  -2
44  3
49  -3
40  -12
43  -9
25  -8
51  -4
36  -1
65  5
49  -1
72  13
70  -12
32  -1
53  -1
44  3
36  -1
44  1
45  -3
57  -2
48  -5
50  2
61  0
36  7
49  7
47  3
41  5
51  6
42  -2
39  1
38  0
54  3
38  7
44  5
30  -6
47  2
58  8
34  -4
46  -5
54  0
42  -7
47  6
42  -10
46  -1
47  0
31  -1
54  -2
61  -9
30  0
37  6
67  -1
41  0
66  3
32  -3
22  3
60  -1
82  2
41  5
32  -6
46  -3
39  1
54  3
47  6
66  7
56  8
29  9
30  -3
42  -10
42  -10
55  2
32  -2
46  4
53  1
49  2
41  11
51  -1
57  -4
47  0
50  -4
34  -9
44  6
49  7
51  -1
61  -7
55  -1
73  -2
36  5
53  -4
56  4
55  -1
52  0
58  9
77  7
59  -3
59  -4
53  3
40  -2
38  7
40  -9
46  -7
56  -2
53  1
40  -6
49  -1
43  -1
29  12
50  -8
31  4
70  -11
26  2
42  -3
41  7
50  4
52  -7
42  -9
63  -8
37  6
41  5
43  -1
27  2
50  -8
38  8
53  -6
50  -5
46  -5
40  -4
33  3
50  -6
47  -6
51  3
57  1
47  1
39  4
46  2
41  2
39  4
54  0
49  8
38  8
44  7
67  -2
49  5
49  4
46  3
41  8
45  -11
44  12
53  2
44  11
47  -3
53  -9
35  -11
44  8
43  -13
67  4
33  5
56  0
42  -3
39  8
51  -1
43  -12
56  -1
52  -6
46  2
42  -2
54  2
35  -4
32  -3
49  -4
36  10
59  -5
63  -9
53  -6
33  7
49  6
48  -9
57  -6
48  -11
50  1
44  10
42  -1
54  5
43  -9
42  -5
43  -11
39  4
52  -4
50  -4
49  6
60  2
33  -3
41  7
40  -9
59  -3
31  5
40  -5
48  -11
30  -8
35  -3
39  4
38  7
23  -1
44  4
39  3
46  -1
66  7
45  -2
35  -2
37  10
51  8
50  1
61  -7
51  3
38  0
53  -2
41  6
47  6
50  -7
41  5
33  0
43  -10
45  -9
47  -5
57  4
54  8
58  13
34  0
50  -8
46  -3
28  5
37  11
53  2
63  2
51  -1
41  11
60  -7
50  3
41  7
54  -2
45  -6
53  1
51  6
44  0
44  3
36  5
53  -2
41  5
25  -5
46  -4
45  -8
53  -3
64  -7
41  8
73  -1
40  -11
39  -3
38  -1
51  -4
67  0
44  1
42  -13
68  12
50  1
60  2
59  -7
27  -3
34  -5
35  -4
64  -1
54  5
40  -4
51  -4
41  8
57  3
29  11
47  5
50  4
45  -8
35  -6
39  8
51  3
47  -5
44  6
57  0
69  7
43  -5
53  3
57  -1
42  -4
48  -12
49  -2
58  4
29  5
59  -4
56  -1
26  1
44  4
57  -6
45  -1
71  2
65  5
30  -1
32  -5
49  5
36  4
47  3
27  -3
67  3
41  12
56  6
62  -5
44  4
69  -1
60  -7
45  -9
76  2
63  0
51  2
37  8
54  -3
45  -9
54  -1
36  2
51  -1
40  -12
58  5
43  -5
58  4
31  2
51  2
44  11
46  0
47  1
53  -5
58  1
40  -6
51  -3
60  3
49  6
38  6
38  5
33  4
52  -2
42  -6
49  3
53  -8
43  -1
69  -1
56  4
36  1
57  -1
27  -5
65  7
40  -8
51  2
34  -10
54  6
57  4
51  -3
37  10
47  -6
49  2
42  -8
53  1
49  3
49  8
56  -1
40  -2
49  6
57  0
46  1
28  -3
32  1
36  -2
30  -2
30  -2
55  1
48  -9
45  -4
30  0
47  -6
53  -5
27  -5
65  8
56  -3
38  0
48  -6
41  7
61  -5
50  -3
35  -9
62  -5
45  -6
38  -2
50  -8
50  -3
53  -6
46  2
40  -2
51  0
43  -12
59  4
47  2
36  5
60  4
34  -8
56  8
48  -3
48  -1
66  4
27  1
48  -5
47  6
36  8
48  -3
39  3
54  -2
41  10
52  -10
41  10
57  -6
52  -10
27  4
17  2
54  9
57  -5
33  2
32  3
43  -12
47  5
48  -13
44  11
59  4
41  12
38  9
39  -2
43  -2
62  -3
44  6
43  -8
47  -5
47  0
45  -3
43  -8
41  8
33  -3
29  4
38  2
48  -10
49  -1
41  5
26  1
55  1
44  5
44  4
47  -1
59  -3
35  -3
56  4
40  -7
42  -13
53  0
51  7
65  11
48  -1
40  -8
42  -13
31  -5
32  3
31  -2
41  9
35  -6
38  1
39  -3
46  -1
32  -8
64  2
44  9
52  2
57  -3
50  -6
33  -4
83  7
45  -3
43  -2
59  -3
48  -12
60  0
37  5
34  0
42  -1
30  -3
41  0
58  11
50  -4
35  -9
60  -5
66  8
37  1
64  4
39  0
42  -7
48  -7
40  -13
39  1
54  1
66  9
59  -1
54  0
49  3
62  -5
51  7
51  -2
42  -2
37  8
48  -8
41  5
55  8
35  -3
48  -2
59  4
51  -1
45  -7
34  -5
48  -6
46  -8
48  -2
58  3
38  4
59  -4
39  9
36  -1
34  -7
25  -9
59  -6
50  -5
49  -4
46  -4
39  3
38  -3
44  8
40  -6
48  -9
45  -1
25  -9
33  -1
63  1
55  10
61  -5
32  -5
69  5
37  9
46  0
45  -5
53  -9
45  -6
40  -1
66  5
47  5
54  -2
54  -3
42  -6
29  10
50  4
34  -3
37  9
29  4
64  1
64  -3
37  10
48  -7
