36  -5
32  2
22  -2
71  -4
12  2
33  -4
21  -1
25  0
35  4
30  4
50  7
54  4
64  1
46  5
41  4
32  5
21  -3
23  5
66  2
13  7
47  -4
22  -1
33  -2
15  3
27  -1
38  5
40  2
52  -5
37  -3
54  3
39  0
45  -5
20  5
25  -1
26  -5
58  4
43  -6
22  -4
25  -2
41  5
44  -9
38  7
36  -7
63  -4
23  4
40  0
31  4
19  -3
30  6
48  -1
40  -1
24  -2
40  0
24  -6
15  4
23  6
24  -5
43  -6
58  4
33  -3
60  -2
62  8
34  8
48  0
33  -2
21  0
50  4
32  3
72  0
44  -7
37  -3
15  1
30  7
63  -2
54  4
57  5
64  -2
34  8
36  -6
30  3
30  3
22  -2
44  -5
13  7
27  -2
23  4
39  2
17  -4
54  4
44  -7
33  -3
22  -2
50  8
67  5
9  -6
24  -5
66  2
41  6
35  4
60  -2
29  -8
24  -2
50  6
19  -1
15  1
32  5
31  4
10  -4
28  8
40  -1
56  5
37  -3
43  -6
36  -6
25  2
38  5
84  -9
34  5
39  3
35  6
34  6
25  -1
45  -5
37  -4
49  7
51  -5
21  0
33  -4
33  -2
62  7
27  -3
26  -5
35  4
35  2
33  -5
37  0
58  3
49  9
29  -7
47  -2
21  -1
32  4
55  -9
38  6
24  -3
20  3
40  2
33  -3
30  5
23  5
63  -4
33  -5
41  3
37  0
29  -7
71  -5
42  8
51  -4
35  5
48  3
48  0
25  0
45  -6
44  -8
27  -2
35  2
12  5
35  3
54  6
49  8
15  1
38  7
52  -6
57  8
30  4
37  0
36  -8
22  -4
33  -4
19  -4
24  -3
21  -1
38  5
22  -1
34  7
39  3
37  -4
56  5
46  7
16  1
32  6
93  -9
20  3
13  7
36  -5
34  6
47  -4
45  -7
46  7
23  8
78  -3
28  6
22  -1
40  3
47  -3
19  -4
43  -3
34  8
30  5
49  7
34  7
22  -4
48  1
64  1
26  -8
46  9
50  7
57  8
24  -5
36  -4
38  6
19  -2
23  4
13  9
56  4
28  6
55  -5
33  -2
46  8
67  5
31  4
24  -5
37  -4
38  6
35  3
19  -4
19  -2
47  -1
33  -4
61  -2
56  4
36  -7
45  -6
41  5
54  4
33  -5
31  4
34  5
38  5
30  6
22  -4
31  4
41  7
17  -4
49  9
39  4
59  6
57  7
20  4
34  5
35  5
48  3
63  -5
24  -5
43  -4
49  7
24  -2
36  -8
29  -5
62  7
48  1
30  6
42  7
46  5
30  4
19  -4
36  -7
62  9
42  7
31  3
19  -4
37  -1
52  -7
20  2
41  3
40  1
44  -5
32  3
33  -1
23  4
59  7
28  5
36  -5
24  -5
22  -5
55  -9
37  -1
25  -1
61  -1
41  4
37  -3
11  -2
33  -4
14  -3
55  -7
26  -8
42  7
47  -4
46  6
54  5
25  2
37  0
56  3
71  -7
31  3
37  -4
32  6
12  2
19  -2
20  3
26  -7
24  -4
72  -4
53  3
46  6
23  8
26  -5
28  5
40  0
13  8
29  -7
13  8
32  5
58  6
36  -7
37  -3
55  -7
65  -3
29  -9
33  -1
61  -2
19  -4
23  4
16  2
16  5
39  3
36  -4
61  -3
53  -1
35  4
38  3
42  6
26  -8
45  -9
19  -1
42  5
45  -6
24  -2
42  5
37  -4
28  7
33  -2
53  1
53  -1
69  6
51  -3
35  4
67  6
34  7
51  -6
70  -8
30  5
49  8
57  5
50  6
16  1
23  6
29  -9
23  6
30  4
53  2
18  3
10  0
41  6
43  -2
39  3
62  7
61  -4
49  6
29  -5
51  -5
46  6
43  -5
57  8
41  3
20  4
34  4
31  6
22  -5
80  0
28  5
56  4
29  -9
24  -2
66  -1
68  -5
62  9
63  -2
51  -3
28  7
32  3
51  -4
23  4
35  2
45  -8
33  -2
45  -9
27  -1
30  3
16  3
31  2
46  6
14  -6
51  -4
15  2
22  -2
25  -2
52  -6
36  -5
54  5
35  6
47  -3
33  -1
43  -2
32  4
66  -1
44  -8
23  7
34  5
83  0
31  3
15  2
33  -3
20  5
52  -6
29  -6
34  8
34  8
24  -6
40  3
54  2
33  -1
34  8
37  -3
26  -5
41  6
24  -3
27  -4
14  -2
34  6
24  -3
69  9
26  -8
74  -1
28  7
25  2
67  5
74  -3
42  8
66  2
49  9
47  -2
17  -7
51  -7
19  -3
63  -4
35  3
27  -5
33  -2
59  7
52  -7
41  5
18  7
68  -6
19  -3
36  -5
17  -6
52  -6
25  2
41  6
33  -2
22  -3
26  -4
40  -1
51  -7
28  5
77  4
23  4
38  7
26  -5
18  7
14  -5
35  4
35  5
30  3
39  2
48  2
59  7
30  4
19  -4
38  3
56  5
43  -4
55  -9
45  -6
23  5
38  6
53  -1
34  4
46  7
34  5
55  -7
36  -4
53  2
41  4
26  -5
26  -7
37  -2
41  5
49  5
60  -1
37  -4
25  1
38  3
42  6
52  -8
61  0
31  5
45  -6
48  2
37  0
34  8
38  7
53  0
68  -2
37  0
21  -1
44  -9
36  -5
57  8
30  7
37  0
31  3
35  6
44  -6
28  5
33  -2
43  -6
24  -6
71  -4
19  -4
33  -5
48  -1
44  -6
34  4
79  1
20  5
41  7
27  -4
36  -7
39  2
34  5
25  -1
46  5
33  -2
31  3
40  0
61  -3
25  -2
35  4
31  4
41  5
16  5
51  -4
43  -4
35  5
29  -8
49  8
58  3
42  8
34  6
37  -3
25  0
21  -2
15  2
41  6
36  -6
53  0
36  -4
100  0
40  3
35  5
20  5
14  -3
42  8
10  -3
24  -4
23  4
34  4
32  6
32  6
46  8
25  1
64  1
51  -6
27  -3
22  -4
34  8
37  -1
59  6
15  3
43  -4
67  6
50  5
38  4
49  8
28  7
35  6
23  7
28  7
62  8
28  7
43  -3
37  -2
54  5
17  -4
31  6
53  1
35  4
67  7
23  4
17  -6
34  7
32  6
40  1
45  -7
28  4
50  6
30  3
68  -5
38  3
32  6
31  2
33  -3
32  6
43  -6
63  -4
34  7
39  2
23  7
55  -9
37  -2
45  -7
63  -6
15  4
55  -9
56  1
17  -8
24  -4
16  3
35  5
26  -8
28  4
33  -5
65  -2
21  -1
30  4
30  3
46  8
41  7
23  7
63  -3
35  4
34  4
29  -7
63  -5
17  -5
32  4
46  7
25  -2
36  -7
47  0
47  -4
28  5
32  5
36  -6
36  -5
31  2
50  8
53  0
22  -1
95  -4
59  5
31  6
38  5
31  3
20  4
23  6
61  -4
29  -9
38  5
33  -3
24  -6
44  -9
37  -3
27  -1
62  7
21  0
50  5
71  -4
20  1
61  -1
19  -4
20  3
39  2
47  -2
36  -8
30  3
40  1
28  7
25  2
50  5
41  4
57  7
35  2
24  -5
65  0
38  5
56  3
25  -2
49  6
35  5
12  2
39  0
27  -1
22  -1
23  4
29  -8
57  5
32  2
27  -4
22  -4
33  -1
51  -6
44  -5
28  7
22  -1
32  6
43  -3
33  -3
45  -5
66  1
33  -5
25  0
27  -2
59  6
27  -2
33  -1
33  -2
36  -4
20  3
33  -4
43  -2
29  -7
36  -7
37  -3
50  7
44  -6
48  3
23  6
55  -9
43  -3
28  5
38  6
45  -6
9  -4
45  -9
21  -3
32  6
55  -8
25  1
46  9
41  4
62  5
44  -6
31  2
63  -2
28  7
62  5
26  -7
30  4
39  4
29  -5
37  -1
40  0
22  -2
46  8
38  5
46  8
45  -7
36  -4
29  -7
41  5
12  5
46  5
40  -1
29  -9
33  -1
25  -2
64  -3
61  0
48  0
25  1
27  -2
26  -8
47  0
54  5
34  6
27  -5
29  -6
58  6
67  6
27  -1
39  3
45  -8
27  -5
33  -5
33  -5
53  2
66  0
52  -8
44  -6
42  8
15  2
49  9
45  -5
37  -2
31  3
38  3
36  -4
36  -7
42  5
31  2
30  5
18  4
44  -7
49  5
18  3
43  -3
16  5
63  -2
46  9
41  3
40  3
46  5
38  7
33  -4
26  -5
36  -7
46  6
41  7
15  2
34  7
31  3
47  -2
23  8
47  0
37  -3
29  -8
66  1
30  6
38  3
27  -3
20  2
43  -3
30  7
19  -4
34  4
39  3
25  0
31  3
39  1
22  -1
32  2
68  -6
37  -1
33  -4
39  3
19  -1
35  4
13  5
67  7
24  -4
65  -3
35  4
28  8
47  -2
15  1
40  0
22  -2
25  -2
40  -1
21  0
33  -3
31  5
56  1
72  -3
40  1
37  -4
13  5
63  -2
39  2
23  5
32  4
54  5
25  1
33  -5
19  -3
36  -5
77  5
37  0
32  4
17  -6
40  1
56  5
33  -3
23  8
35  2
15  1
59  6
33  -5
15  3
18  5
39  3
32  6
36  -8
32  3
50  7
43  -3
39  2
46  9
41  4
30  7
48  2
28  7
33  -1
35  2
44  -7
61  -1
25  -2
64  0
38  6
55  -7
32  4
43  -3
42  8
43  -2
32  4
41  7
41  7
14  -4
16  4
42  8
35  6
29  -5
69  8
57  8
21  -1
39  2
25  0
45  -5
43  -4
30  4
51  -4
56  4
39  4
50  7
66  -1
31  3
35  3
34  5
40  2
25  -2
25  -2
34  5
71  -6
22  -5
54  2
69  7
45  -6
