45  10
14  0
15  6
17  -4
40  6
29  10
34  -4
31  0
36  -4
41  9
17  4
45  -3
27  -6
27  -4
24  -1
22  -4
29  5
29  5
31  3
15  8
43  6
24  3
28  4
30  -2
13  5
27  -11
27  -7
19  0
7  2
20  -7
17  7
30  0
17  -7
17  6
16  0
48  -7
25  11
27  -4
41  9
31  10
43  10
27  -11
18  4
33  0
26  -4
19  -4
23  -11
24  -5
19  -2
16  -13
25  6
40  7
21  6
37  -5
27  -6
15  -3
12  -8
34  -4
37  6
18  7
28  -1
25  9
33  -4
35  6
21  4
17  -3
15  3
30  8
16  -6
35  4
38  8
26  1
17  -6
12  0
33  -2
29  6
34  3
15  -3
32  2
23  -6
25  12
36  -10
23  -4
20  -6
27  -9
47  2
40  -1
25  -2
34  0
42  -4
18  -7
34  7
22  3
20  -5
32  6
18  0
18  -3
28  -5
31  6
42  -1
26  -3
25  8
27  0
28  -2
20  -8
40  2
20  2
11  -6
19  2
36  -10
22  -7
24  4
27  -1
24  7
18  -6
44  -9
27  -13
34  -4
24  3
22  3
34  2
15  -5
15  -5
22  -11
39  1
26  -10
25  2
13  6
25  10
34  8
24  -1
35  2
24  5
14  2
20  -1
21  6
48  0
24  -6
36  -1
35  -5
21  -2
26  -5
11  -2
17  3
24  8
49  3
27  -9
26  -9
31  6
28  -5
29  5
30  6
17  -1
33  3
26  0
20  -3
34  6
22  -3
33  0
34  -6
15  2
20  -4
12  -7
33  9
15  1
20  0
38  8
37  0
54  -1
31  1
49  -3
24  0
13  2
28  1
23  -2
28  3
15  1
30  -5
21  -2
35  3
25  4
35  -5
27  -11
29  9
36  -4
21  -2
47  1
21  0
25  -1
18  -6
28  -8
18  4
21  12
45  -2
14  4
56  -2
19  5
44  -3
21  -1
20  -8
25  9
20  -2
23  0
16  -7
19  5
34  -1
27  -12
16  -9
14  2
40  3
26  -3
32  -1
16  0
43  8
17  -6
39  -3
22  3
25  0
28  -4
26  -5
18  -1
13  8
9  10
22  -10
31  6
16  -11
20  3
46  -7
30  -3
28  2
30  5
25  5
17  5
37  -2
23  -13
13  10
42  8
29  1
34  -5
37  2
30  2
26  -3
23  -6
19  -5
31  0
35  7
21  1
10  6
29  2
29  14
29  7
36  -11
16  -4
14  8
20  5
24  -1
32  1
16  -2
46  -7
19  -3
41  8
38  4
17  -7
37  0
31  7
26  -7
29  12
33  5
23  -7
20  3
19  1
24  -5
37  6
19  -2
26  2
29  9
30  -3
36  -1
42  4
19  2
17  7
30  8
17  1
34  -1
19  0
21  -1
15  -1
16  -10
9  14
18  -3
29  6
43  3
31  11
26  4
26  -5
35  7
16  -8
35  -1
20  4
28  -3
38  11
36  -13
28  3
28  4
18  -7
21  7
27  -5
43  10
31  -1
30  0
15  8
11  -3
24  5
20  5
30  4
33  7
17  -3
34  -6
20  4
24  -3
45  9
25  12
32  -7
15  4
32  -8
28  1
19  -5
20  -2
20  0
18  0
44  -2
27  -8
25  5
39  -5
42  -4
20  -8
36  -6
20  -5
45  9
15  -2
13  1
25  9
22  -6
15  5
32  -6
29  12
33  7
33  7
42  -3
21  12
35  2
37  -6
14  3
20  -2
28  4
16  -5
26  -5
25  2
19  -4
39  -4
22  0
20  0
18  -4
21  10
39  -4
15  3
18  -2
28  -4
21  10
26  2
29  8
14  6
23  -11
13  7
42  -4
24  6
32  -2
25  2
17  5
33  -4
51  -8
23  0
26  -1
35  -1
28  -2
24  4
23  -2
29  5
19  6
22  -1
25  9
38  13
39  4
41  -3
21  -1
53  5
13  2
15  9
23  -3
25  3
15  0
15  -5
39  0
58  3
32  5
58  1
20  -8
25  11
19  -4
28  -8
35  6
21  9
7  -7
27  -10
10  6
23  -14
32  -8
31  3
21  0
17  0
27  1
26  -7
29  5
35  -4
30  -3
18  3
18  6
24  1
24  -3
39  1
28  5
28  -2
30  0
19  7
20  -2
31  2
25  12
16  -6
40  8
19  1
22  -11
19  6
28  2
31  10
31  7
21  6
32  -2
41  4
28  2
16  -13
43  0
20  -7
43  13
10  7
42  1
31  8
18  -2
28  2
27  -9
13  -4
36  -2
29  8
18  -6
14  11
19  3
34  8
25  2
31  5
21  12
31  0
25  2
33  5
37  -3
37  2
32  -5
49  8
27  -6
29  12
30  1
26  1
30  2
27  -7
36  -13
33  -1
26  3
28  1
19  -2
19  -6
21  0
25  11
20  0
26  -4
21  9
30  6
19  2
21  7
29  4
17  0
12  -4
33  -3
15  1
28  6
36  -11
56  -3
24  -6
21  12
17  -1
24  8
21  -1
26  -4
46  -6
45  3
34  2
19  -6
28  2
24  5
22  -4
40  -1
17  3
34  1
36  -7
20  -8
27  -8
15  5
28  -6
28  3
26  -10
31  7
24  3
18  6
35  -5
24  0
19  7
36  -14
18  -1
21  7
13  5
16  -13
36  -4
21  -1
19  -1
24  4
18  -4
21  2
38  12
38  13
18  5
19  -6
26  3
52  3
17  7
23  -12
35  0
35  -6
13  7
28  -8
26  1
25  2
16  -9
39  3
19  -3
14  12
35  6
33  -2
17  3
11  0
38  3
25  9
31  10
25  8
40  4
22  2
24  7
25  -1
24  6
25  3
13  4
25  2
40  10
26  -4
29  4
22  -8
27  -2
30  -4
25  1
19  8
15  -1
32  1
27  -5
30  8
41  5
51  2
30  1
36  0
25  4
28  -8
22  -10
19  -3
14  3
22  -6
21  -2
33  3
31  7
43  5
26  1
19  5
15  6
28  1
26  0
15  5
22  -9
34  8
18  2
33  8
28  2
19  -6
21  0
24  5
30  5
21  10
29  13
22  2
22  -1
37  -4
26  0
33  1
37  2
31  8
34  2
38  1
15  7
14  7
22  -6
22  1
32  5
14  8
44  -6
26  -2
27  -5
24  2
26  3
26  -3
33  5
27  -9
22  -2
14  6
22  -8
28  5
18  0
19  -1
23  -11
35  7
52  2
22  -8
23  -7
25  10
37  -2
32  -5
30  0
28  -3
27  -12
15  2
10  -5
26  1
30  0
16  -14
21  12
22  -7
50  2
26  -7
24  -6
15  -5
33  7
20  -3
26  3
17  4
24  7
32  1
9  3
23  -14
29  2
41  10
28  -3
52  7
11  1
30  -1
39  2
11  -3
42  5
25  -1
38  4
19  1
21  -1
18  -3
41  8
21  3
13  0
37  5
21  5
44  -6
13  4
37  -5
19  5
22  -5
31  12
18  -2
13  -4
20  -4
19  5
30  8
24  0
19  -1
40  7
22  -5
20  -6
23  -3
18  7
26  -7
24  1
33  3
20  3
31  5
32  -1
29  2
19  4
21  12
21  12
34  -2
49  0
17  2
14  5
24  -3
31  -2
27  1
26  -2
33  9
17  -5
23  0
11  -1
40  -4
12  -11
39  -2
29  2
23  0
38  11
29  3
27  1
39  -2
29  3
32  -6
25  5
35  -2
46  -3
20  -2
18  -4
30  -6
36  -4
18  -5
20  -4
27  -2
43  7
30  -4
27  -9
30  -5
18  5
18  -1
17  -4
29  4
25  11
27  1
35  1
19  -1
43  1
16  -3
14  8
32  5
14  9
15  3
21  -2
21  2
23  -4
31  8
45  0
21  0
22  -8
22  -9
25  3
19  -6
19  -2
18  -5
43  13
15  -3
11  -3
20  6
34  -6
22  -6
37  -6
15  -5
16  0
33  5
24  -3
20  -4
40  2
13  7
17  7
17  4
34  8
22  -5
18  6
42  0
22  -11
25  5
31  10
29  2
21  8
25  12
38  7
33  4
13  2
33  -5
19  -5
37  -7
24  0
21  6
20  1
29  2
30  -1
21  9
26  -6
13  3
29  14
30  -3
26  -7
28  -2
13  -1
40  -4
33  6
23  -14
17  -7
30  7
14  8
33  5
44  -7
22  -5
28  -7
31  9
14  4
52  3
45  3
13  -4
20  -5
32  1
22  2
22  1
32  -4
26  0
14  6
14  6
49  0
32  -7
15  5
19  8
34  3
33  -5
14  6
32  5
20  0
39  2
15  -4
18  1
26  -6
23  -2
27  -12
48  -13
51  3
19  -2
12  -5
20  3
17  -6
29  14
39  -7
24  -1
28  5
11  -1
33  -1
37  -3
18  -2
40  6
13  10
17  -6
31  4
36  -3
24  2
27  -3
22  -9
23  -1
18  1
13  8
34  -5
41  0
16  -11
12  -8
35  -6
28  4
34  3
37  3
21  -2
25  6
23  -8
12  -3
31  4
32  5
32  -6
34  6
31  5
24  -6
28  6
5  -4
10  -7
17  -5
15  -3
13  -4
30  4
29  10
22  -3
41  5
20  -8
46  2
26  -8
31  4
27  -5
18  5
33  3
29  9
20  6
18  1
29  1
29  5
26  -7
23  -1
37  5
20  -6
38  0
27  0
23  -10
22  -3
27  -8
27  -2
39  1
22  -1
22  2
16  -2
19  -1
35  -4
26  -9
25  3
14  3
18  7
43  2
18  2
27  -6
23  -8
29  4
25  0
28  -7
9  4
17  7
34  -2
39  -2
23  -7
21  1
30  4
30  -5
6  -11
20  -5
33  9
31  2
23  -5
32  5
18  -7
24  5
25  12
25  7
11  -3
23  -2
26  -1
38  10
29  7
27  -9
34  5
11  -10
22  -5
30  -1
26  -5
41  3
26  -5
17  -6
28  6
36  -4
18  1
