3  -8
11  -6
10  0
15  -3
4  2
5  -6
15  1
7  3
15  4
10  6
10  2
9  6
10  -2
13  -2
8  -4
4  6
11  -8
9  2
4  6
10  3
9  4
4  1
9  -4
14  3
4  5
10  3
13  -2
10  4
14  6
5  -11
11  -6
5  -7
11  0
11  -1
6  9
8  2
6  9
10  5
11  -2
9  -3
9  3
7  -3
7  -1
10  -1
8  1
8  0
10  -2
10  5
10  -4
5  -5
3  -12
6  8
14  2
4  7
3  -8
6  3
7  -6
10  0
9  -4
9  -3
17  9
10  -2
13  0
9  6
12  -4
11  -10
10  -1
4  4
14  7
11  -5
7  -1
9  -4
6  8
8  5
6  8
13  3
10  -3
17  3
14  5
13  6
13  0
6  7
12  0
4  8
8  2
8  5
11  0
7  1
5  -11
9  -3
13  -2
10  5
5  -10
7  1
13  2
10  0
8  0
7  2
9  5
9  5
9  -4
10  1
10  1
7  -3
11  -1
13  7
9  3
11  -3
10  1
13  7
6  7
9  2
14  4
9  -3
8  -3
9  2
20  5
10  -3
14  3
8  -3
5  -12
8  -4
12  5
8  -2
8  -2
14  7
9  -1
15  -3
12  0
3  -11
3  -3
6  6
7  0
9  -4
9  -1
7  -2
6  8
6  8
8  3
9  -3
3  -7
9  1
6  3
6  1
7  2
8  1
10  5
5  -3
14  5
6  5
13  8
18  -8
12  -2
7  -5
6  1
13  4
9  3
5  -9
13  -2
4  9
13  5
14  10
7  -6
6  6
11  -4
12  4
17  10
6  0
10  3
5  -8
7  -3
11  -8
5  -4
6  5
12  2
6  8
9  -3
11  -2
16  -1
6  7
6  2
3  -11
8  2
13  7
15  -3
5  -11
6  0
7  -5
12  -3
7  1
11  -1
9  3
7  4
7  -2
15  -1
8  1
7  -4
12  3
11  -2
17  10
7  0
8  -3
10  6
20  5
10  -2
4  4
5  -4
12  -1
12  2
8  -2
8  3
11  -3
7  0
14  2
8  5
3  -11
5  -3
7  -5
11  -8
7  2
4  5
8  5
9  5
8  -3
8  0
8  4
6  10
6  0
10  -1
6  2
6  6
12  1
4  2
13  -1
9  6
3  -9
18  -2
12  0
3  -7
11  -10
2  -3
8  -1
14  1
11  -2
12  -5
9  5
7  0
5  -10
12  3
7  -4
6  9
16  1
15  4
9  -4
8  5
14  6
5  -12
11  -7
5  -7
10  5
9  2
10  5
12  3
8  -1
7  3
13  -2
8  3
8  5
13  7
5  -3
10  -1
9  -2
7  1
5  -9
14  8
11  -8
12  -3
13  5
10  -2
9  1
10  -2
13  2
7  -1
5  -11
7  4
5  -5
18  -10
10  1
5  -6
7  -1
6  4
4  4
6  7
8  -2
15  7
15  2
7  3
8  0
7  0
13  3
8  0
6  2
9  6
9  -1
7  2
3  -4
4  0
7  3
13  6
8  -5
14  5
6  1
5  -9
10  -2
7  1
3  -4
4  4
9  -3
9  -2
6  8
8  -1
7  -1
8  -5
9  -4
10  4
5  -8
10  5
4  7
8  1
8  4
12  5
14  0
11  -2
12  -1
3  -11
16  -8
3  -11
19  8
15  7
9  -1
4  7
9  1
6  4
11  -4
11  -8
11  -6
17  1
7  4
4  3
4  5
9  3
8  2
9  5
12  -1
9  2
5  -2
12  1
11  -3
4  4
11  0
1  0
7  -3
15  6
9  -3
7  2
7  -1
7  4
8  2
9  -1
5  -11
8  -5
11  -3
10  -3
9  2
8  -5
13  0
5  -5
9  3
4  4
3  -4
16  -7
7  1
4  1
4  3
10  2
6  5
6  1
6  7
12  2
15  -1
9  6
7  4
8  -5
8  -5
9  3
13  3
10  4
3  -12
10  3
12  3
8  3
9  1
11  -2
9  -3
10  5
12  4
9  0
5  -12
5  -8
6  5
9  -2
11  -7
8  4
3  -11
5  -11
12  1
9  6
9  6
6  5
9  3
12  4
12  0
8  5
6  8
9  -4
4  8
11  -2
10  2
9  5
8  -3
12  2
6  10
1  3
8  0
12  -1
9  -3
5  -12
5  -12
6  10
8  2
6  4
3  -6
13  2
10  -3
7  4
12  5
10  3
10  3
6  3
6  2
12  4
4  2
9  1
8  0
16  0
10  -1
10  2
6  2
5  -3
9  0
8  0
7  -2
3  -12
3  -7
8  -3
10  3
10  -1
10  1
6  2
11  -8
7  -1
9  2
7  1
9  -1
12  0
15  5
11  -7
10  -2
9  0
13  3
11  -3
7  1
7  1
9  -1
4  0
11  -2
12  2
9  -1
11  -10
10  -2
3  -11
8  5
15  -3
17  0
8  4
6  3
5  -7
14  5
9  -1
7  -4
14  6
12  2
16  -8
4  8
4  7
12  3
15  6
12  -3
5  -12
8  1
7  -3
11  -5
8  3
4  10
10  4
13  8
6  8
14  4
9  -4
7  -4
9  -3
7  3
12  -4
16  -4
9  5
7  4
14  3
7  3
10  -4
7  2
7  -4
12  0
8  2
12  0
9  0
13  4
7  -4
5  -4
4  3
5  -10
17  3
8  3
8  -2
3  -6
10  6
8  -4
6  4
5  -2
9  -2
5  -2
8  5
8  3
10  -2
12  0
8  4
5  -12
3  -5
13  1
8  1
6  5
7  4
8  -2
6  8
7  1
9  -1
11  -5
12  1
8  -2
4  5
10  6
11  -2
7  -6
11  -5
11  -10
10  4
6  7
8  2
8  3
7  -6
5  -6
10  0
7  -2
9  -4
7  3
10  0
10  6
5  -6
6  2
8  4
10  5
7  -4
10  2
12  2
10  6
10  5
12  2
10  -4
4  1
5  -8
13  2
8  -1
12  -5
10  0
7  1
4  6
13  4
12  1
8  5
10  -3
9  0
6  3
8  3
10  5
9  1
6  0
7  0
11  -7
9  1
11  -7
5  -5
10  4
6  0
2  -9
8  -5
13  4
6  7
12  -5
8  -2
6  6
4  7
13  2
6  4
4  3
8  5
13  3
10  6
6  9
5  -9
9  5
9  4
4  0
5  -7
15  6
7  2
4  0
7  -3
8  0
9  3
5  -8
6  9
7  0
11  -8
11  -4
6  1
3  -5
9  -3
12  -2
7  0
7  -4
10  -4
6  4
10  2
9  1
7  -5
7  -1
11  -7
11  -2
10  0
11  -9
10  3
9  2
13  5
8  3
7  -6
6  4
8  5
8  -5
4  6
4  10
9  0
11  -1
5  -8
13  0
7  -2
6  2
8  -3
9  3
9  -3
5  -11
8  0
3  -11
7  -2
6  10
12  -1
9  6
14  2
6  3
7  3
13  3
9  -1
9  4
4  3
8  -5
10  6
15  -2
8  4
5  -7
8  -1
15  -3
11  -5
8  1
6  4
6  8
4  6
4  2
9  -2
6  10
4  1
12  2
18  -5
13  8
5  -7
13  8
12  0
8  0
9  -2
5  -3
2  -2
18  -10
6  9
7  -5
6  7
11  -4
14  4
9  4
8  -5
11  -9
8  -3
10  0
7  2
8  -3
8  -1
12  4
11  -5
13  4
6  9
9  3
11  -8
9  0
3  -5
4  8
6  1
4  1
9  3
4  1
9  0
13  3
11  -5
4  7
6  3
11  -8
8  -1
13  1
11  -1
7  2
12  1
11  -4
8  2
10  0
8  -5
9  2
1  -2
6  9
5  -9
9  -1
15  6
7  2
8  5
11  -9
6  2
14  8
13  7
8  2
7  3
17  0
7  1
11  -10
14  1
5  -5
11  0
12  5
20  -3
8  5
7  0
11  0
8  -5
7  -4
6  7
4  0
7  0
9  -3
9  -2
12  0
9  1
10  3
6  8
11  -7
9  1
10  4
6  5
10  6
6  2
14  1
6  8
11  0
11  -6
9  2
3  -3
10  -4
9  0
6  9
10  2
5  -11
7  0
11  -1
5  -3
14  4
6  9
4  8
5  -11
7  -1
8  3
8  -3
4  0
8  -1
10  2
9  -2
5  -7
7  1
11  0
8  3
10  5
7  1
11  -2
12  -3
9  3
11  -9
17  3
9  -3
10  -4
12  -2
2  -10
11  0
9  -3
10  5
8  2
3  -4
4  8
11  -1
8  4
9  3
12  0
9  -2
6  7
8  -5
10  -4
18  -12
7  -2
10  5
13  4
15  1
12  -4
10  -1
7  -1
8  1
10  6
4  7
9  1
9  -2
12  4
10  2
14  10
6  1
8  -3
5  -12
12  -3
11  -2
7  -5
10  1
2  -8
10  -3
14  9
9  3
6  10
8  1
8  -4
9  -1
7  -1
3  -6
8  2
7  -5
8  2
7  -4
1  -1
9  5
15  4
5  -3
7  3
11  -5
5  -6
4  7
5  -3
6  2
13  2
15  3
10  -2
14  5
3  -6
14  4
8  -3
6  1
7  0
12  3
6  9
7  2
3  -4
9  -2
13  5
5  -5
5  -6
11  -8
11  -5
13  8
5  -9
8  0
3  -7
6  0
10  0
11  -5
7  1
5  -6
10  2
9  -4
7  -1
10  -3
11  -8
5  -4
7  0
8  2
10  -3
10  1
8  -3
8  -3
5  -6
11  -9
3  -4
3  -12
13  -1
8  2
7  -4
9  2
5  -5
8  4
10  -1
5  -5
5  -11
10  0
11  -9
8  3
11  -3
15  1
9  -3
11  -8
5  -3
7  2
7  -2
7  -5
12  2
6  8
8  -3
10  2
3  -7
4  3
11  -7
9  -4
5  -2
7  2
13  8
7  2
2  -4
14  1
6  7
5  -8
8  -5
13  3
5  -5
9  0
8  -1
8  -1
4  0
