19  7
7  -8
12  0
15  5
8  5
13  -5
16  1
9  6
8  4
15  6
12  -1
9  2
8  7
13  -5
14  -2
11  -9
12  2
13  -5
8  6
13  -4
9  4
15  4
9  5
15  6
10  -5
9  2
11  -6
11  -9
9  3
6  7
12  3
13  -4
16  1
5  1
11  -9
15  3
11  -6
10  -7
10  -5
18  -9
9  2
23  -8
12  3
5  3
4  0
6  8
13  -5
14  -2
7  -4
10  -7
10  -3
8  6
10  -4
9  6
14  -3
12  -1
8  4
6  8
20  -1
10  -7
10  -6
9  3
10  -4
13  -2
4  -1
19  6
17  0
9  2
10  -4
19  5
18  -7
15  3
5  3
18  -6
15  5
16  3
13  -3
8  5
11  -6
15  2
10  -6
16  1
13  -3
9  3
13  -2
11  -8
14  -5
10  -5
16  3
8  4
12  -1
17  -1
19  6
10  -5
13  -5
14  -2
11  -7
7  -5
8  3
8  3
14  -2
6  5
9  4
8  5
12  1
13  -4
9  4
14  -2
24  2
7  -6
14  -2
5  4
10  -7
10  -6
11  -9
9  6
7  -6
14  -2
15  4
15  6
11  -5
15  4
13  -4
11  -7
13  -2
18  -9
7  -7
17  3
18  -6
8  3
9  3
10  -4
9  5
5  2
9  6
15  5
12  1
15  2
13  -5
22  8
14  -2
12  -1
11  -9
12  -1
14  -5
7  -5
15  2
9  4
7  -4
12  0
17  -1
23  -8
14  -2
10  -3
9  5
6  5
12  0
7  -4
16  3
13  -3
10  -4
10  -3
10  -5
19  4
17  0
10  -7
22  8
18  -8
15  3
8  6
9  4
13  -5
17  3
16  0
17  -1
14  -4
13  -4
17  -1
18  -9
9  3
17  2
9  3
15  5
20  1
11  -8
12  1
13  -3
13  -4
16  2
13  -4
13  -5
8  5
11  -6
11  -7
11  -9
9  3
11  -6
9  3
15  5
16  2
11  -9
12  -1
16  3
14  -4
5  4
12  2
5  2
11  -7
12  3
14  -5
11  -5
8  3
26  -5
10  -5
14  -3
16  1
5  1
11  -8
14  -5
10  -6
11  -9
16  -1
14  -4
17  2
12  3
21  -2
8  6
18  -9
16  3
13  -5
13  -4
20  1
5  5
13  -3
15  3
13  -5
9  3
14  -2
6  7
13  -3
11  -6
13  -2
13  -1
13  -1
12  -1
18  -9
5  2
12  3
9  3
15  4
18  -5
15  5
16  3
14  -5
15  3
13  -2
13  -1
13  -5
6  5
19  5
8  7
10  -4
12  3
13  -3
5  2
13  -2
13  -4
14  -5
8  6
13  -1
9  4
15  6
3  -1
9  3
12  0
10  -6
13  -5
12  3
11  -7
10  -5
10  -6
11  -6
12  1
16  1
12  2
13  -1
9  2
8  7
19  3
19  3
11  -9
9  3
16  0
13  -5
11  -9
13  -1
16  0
4  3
10  -6
17  0
12  0
13  -3
16  -1
11  -9
17  3
12  0
13  -1
10  -3
10  -3
9  5
11  -7
15  6
15  5
5  5
16  0
11  -8
8  5
8  3
9  3
12  2
20  0
17  2
14  -2
9  4
11  -8
13  -3
6  6
12  1
27  -1
8  4
20  0
16  0
12  -1
10  -7
17  -1
11  -9
9  4
14  -5
14  -6
7  -4
13  -5
15  4
16  -1
8  5
8  5
15  4
12  2
12  0
11  -5
8  4
12  2
17  1
15  5
8  5
12  0
12  3
19  5
12  1
5  4
13  -4
3  -2
11  -9
11  -6
7  -6
9  5
2  -4
7  -6
13  -5
20  1
8  5
15  2
13  -4
13  -2
14  -6
11  -9
14  -4
17  0
10  -6
14  -5
11  -9
9  6
6  7
7  -6
12  2
3  -4
15  3
12  0
13  -1
14  -4
19  4
15  2
22  6
11  -8
24  3
16  3
15  5
11  -5
22  8
3  -5
8  6
12  -1
14  -5
16  1
7  -6
13  -1
11  -7
15  3
13  -4
12  3
17  0
18  -7
11  -6
19  7
9  5
9  4
19  4
10  -7
12  -1
6  7
5  4
11  -7
14  -2
11  -9
14  -3
16  3
13  -4
4  3
11  -5
11  -8
18  -5
12  3
13  -4
13  -4
7  -8
15  2
11  -9
15  3
30  1
9  6
12  1
7  -5
6  9
7  -7
19  3
10  -3
13  -1
12  2
11  -6
8  4
10  -7
16  3
10  -5
15  2
17  -1
9  2
8  3
20  1
8  4
16  -1
11  -7
10  -4
15  3
19  7
19  3
14  -5
10  -7
11  -8
14  -4
18  -5
11  -6
13  -5
14  -3
18  -8
13  -4
13  -1
8  3
16  0
13  -2
9  2
17  2
17  1
11  -5
16  1
9  3
13  -4
10  -7
9  5
19  3
9  6
16  2
16  1
10  -4
14  -2
15  5
20  1
9  3
16  0
12  1
20  1
12  1
10  -7
13  -2
17  2
10  -4
8  7
16  -1
18  -5
6  5
11  -6
16  3
6  6
10  -3
7  -5
10  -3
9  6
14  -5
8  7
15  3
9  5
20  0
9  2
12  -1
11  -5
14  -3
12  -1
14  -3
9  6
13  -2
12  3
21  0
11  -6
16  3
7  -5
18  -8
11  -9
13  -3
8  7
8  5
17  1
11  -7
10  -3
6  8
8  7
12  3
16  -1
9  2
11  -5
6  6
5  1
11  -9
17  1
21  -1
13  -1
12  2
11  -6
20  0
12  -1
15  5
17  1
5  1
11  -7
9  3
17  1
11  -8
6  6
11  -7
9  4
18  -6
25  6
11  -7
8  7
18  -5
14  -2
10  -3
4  1
10  -4
16  0
7  -8
16  3
22  6
10  -5
8  4
12  3
10  -5
17  3
9  4
16  1
15  2
16  0
8  5
11  -6
13  -2
8  6
7  -5
13  -1
9  3
18  -6
7  -4
12  1
12  2
14  -6
22  5
8  5
10  -5
15  4
7  -5
15  5
9  5
13  -3
15  4
7  -4
6  6
11  -7
8  6
13  -1
14  -4
12  3
10  -5
12  2
8  7
6  8
13  -5
4  -1
14  -2
12  -1
22  6
9  2
6  7
7  -6
10  -5
11  -7
11  -7
4  -1
7  -5
3  -3
9  3
7  -8
6  6
8  7
14  -5
15  2
11  -5
12  2
13  -4
14  -6
9  6
18  -9
12  3
13  -2
12  2
12  3
11  -6
16  0
16  2
20  -1
14  -2
8  5
11  -5
11  -9
12  3
5  4
9  6
8  7
17  0
11  -6
16  0
12  3
10  -7
12  0
8  7
15  4
14  -3
11  -9
16  1
4  0
18  -8
16  3
20  -3
11  -6
9  2
17  2
10  -5
14  -2
13  -3
13  -2
16  1
14  -6
7  -5
10  -7
10  -3
14  -6
15  6
10  -5
12  3
13  -3
17  3
13  -1
19  4
10  -4
15  4
13  -2
12  0
17  -1
11  -9
11  -8
11  -6
18  -8
14  -3
8  7
10  -4
9  5
10  -6
13  -4
11  -5
14  -2
19  6
10  -5
11  -5
19  3
11  -9
9  3
15  6
5  5
9  4
10  -6
13  -3
10  -7
7  -4
13  -1
13  -4
16  0
6  9
8  4
12  -1
15  4
15  4
14  -2
5  5
25  7
10  -5
13  -3
18  -7
15  2
14  -6
14  -5
11  -8
16  2
8  7
7  -7
9  3
11  -8
6  7
9  6
10  -6
12  -1
8  7
10  -4
12  1
20  0
18  -6
10  -5
9  2
7  -7
13  -4
19  3
10  -6
7  -4
7  -7
7  -6
13  -5
15  3
12  3
17  0
12  0
12  0
9  4
14  -4
14  -3
13  -5
11  -5
14  -5
17  -1
9  3
16  -1
12  1
14  -5
16  0
23  -7
15  2
10  -7
8  4
9  6
12  0
24  6
9  3
12  -1
24  4
13  -1
19  7
17  -1
18  -6
12  2
12  1
17  2
18  -6
7  -4
8  5
11  -6
5  2
9  2
11  -5
13  -4
15  2
11  -7
7  -8
11  -7
21  -1
11  -7
13  -1
9  3
11  -9
10  -5
6  9
16  0
14  -3
19  3
15  6
17  3
11  -6
9  2
13  -1
9  3
17  0
11  -8
21  -2
14  -5
14  -6
8  5
8  3
9  5
7  -4
15  6
7  -6
11  -6
14  -4
15  3
8  7
12  2
9  6
14  -5
11  -6
11  -6
10  -3
9  2
7  -7
11  -5
9  3
11  -8
19  7
19  6
15  5
9  5
13  -5
10  -5
17  2
11  -5
9  2
10  -3
8  7
10  -6
15  6
9  5
9  6
11  -6
10  -4
12  2
14  -2
11  -7
9  5
10  -4
14  -6
12  3
11  -9
11  -5
19  7
11  -5
9  6
8  5
6  6
7  -8
18  -5
11  -7
13  -4
11  -9
17  0
16  -1
18  -8
8  6
14  -6
11  -9
11  -9
13  -4
20  -1
19  7
15  4
14  -4
18  -5
6  8
9  5
17  -1
10  -6
13  -4
19  4
11  -6
9  5
8  4
13  -2
15  6
12  3
15  5
13  -5
5  5
13  -1
9  6
12  2
9  5
12  0
15  6
14  -4
20  0
11  -5
19  5
16  2
19  5
11  -8
19  6
15  3
7  -8
9  4
19  6
9  5
12  1
11  -6
10  -3
15  4
11  -9
14  -2
12  -1
10  -3
10  -7
12  2
11  -7
17  0
12  1
15  6
9  3
8  3
13  -1
12  2
10  -4
8  7
11  -6
20  0
8  7
7  -6
17  3
9  5
9  5
11  -8
21  -4
19  3
11  -9
16  2
9  3
13  -3
9  4
14  -5
10  -6
12  2
14  -3
10  -6
12  1
10  -6
13  -1
14  -3
11  -9
7  -5
9  5
18  -8
15  2
19  6
11  -6
8  7
7  -8
10  -4
10  -4
13  -3
16  1
15  6
10  -7
