8  4
9  3
11  2
9  -9
8  -8
13  -4
10  -2
12  3
15  0
12  2
18  1
7  -3
7  -8
21  -12
4  11
12  12
13  6
10  -10
9  -11
11  7
11  3
5  7
14  11
13  2
5  11
13  2
8  4
11  8
12  5
15  0
7  -14
5  10
11  0
12  11
6  7
12  9
7  0
8  -3
14  10
14  -2
9  -10
12  10
12  11
8  3
4  6
18  5
12  6
11  13
12  7
10  -3
12  14
10  1
10  -2
10  -8
15  11
10  -11
7  -2
14  11
8  -1
10  3
5  3
12  12
12  5
9  0
14  9
9  -4
12  11
7  -6
15  1
15  6
13  -3
2  5
13  3
7  -11
8  -8
11  4
6  9
16  7
7  -9
13  -6
9  2
9  3
6  2
7  -4
12  14
14  12
14  1
7  -14
9  -9
7  -1
7  0
11  1
12  3
13  -4
20  -8
11  0
9  -8
6  4
11  6
9  1
8  0
21  -7
24  -3
12  14
18  1
12  0
13  -3
8  -7
13  0
12  3
8  2
9  2
14  3
18  7
14  10
9  -7
18  -4
5  4
9  -1
24  4
7  -4
6  5
14  1
15  2
11  7
21  -3
16  -3
7  -11
11  5
13  6
12  6
11  12
11  2
9  -1
12  11
9  -2
12  5
11  10
4  1
9  -6
14  -1
10  -7
5  8
16  4
7  -8
9  2
8  3
6  5
11  12
11  5
12  4
13  7
19  -5
13  -6
19  -4
14  10
15  3
13  -4
13  2
4  9
5  10
9  -1
9  2
14  12
8  0
10  -4
11  4
8  3
19  2
15  0
13  4
13  -7
10  0
8  -3
14  7
21  -11
19  0
11  1
7  -7
13  2
9  0
19  0
7  -13
12  7
6  2
8  3
10  -4
9  2
3  1
17  2
11  9
9  2
13  -4
13  3
16  2
15  9
18  9
20  -8
5  5
15  -1
12  13
7  0
14  7
15  3
5  3
9  -6
12  10
10  -3
15  2
10  -9
12  11
10  2
6  11
15  -1
14  2
14  6
10  -8
12  14
7  -3
15  2
13  0
13  -4
9  -3
9  -2
14  0
6  1
15  3
7  -5
10  -6
19  0
9  3
10  1
15  7
8  3
12  11
8  -9
17  -6
16  1
3  -7
11  2
4  7
17  0
12  12
16  -7
19  -9
5  6
13  -7
10  -9
11  -1
10  -1
12  12
16  -6
15  9
6  11
9  -3
12  7
4  -1
23  8
7  -14
9  -2
7  -4
10  -10
14  -1
13  -4
18  7
12  10
5  0
12  13
3  -2
8  -4
14  9
16  7
12  10
10  -7
8  -1
5  0
10  -1
11  1
15  7
12  8
16  0
11  9
19  1
13  -1
7  -10
13  4
15  3
13  -5
12  8
16  0
12  5
16  7
17  -3
11  11
8  2
12  4
9  2
10  -7
7  -9
3  0
8  4
13  -1
10  2
17  -9
9  -1
19  -4
16  -3
18  1
13  6
11  13
12  7
15  8
7  -4
19  -8
5  -1
11  2
11  11
11  12
5  8
9  -11
15  5
23  5
13  5
8  -7
15  2
15  9
11  2
10  2
10  -8
24  1
9  -3
10  -7
6  8
8  -8
7  0
7  -7
13  -2
7  -14
20  -2
7  -4
9  -10
6  11
15  6
8  -4
8  1
8  1
14  5
6  5
13  7
12  7
16  -5
8  -1
12  10
10  -10
8  -5
9  -6
10  -5
5  2
8  -5
14  2
13  6
10  -6
6  -1
7  -4
5  6
16  -7
8  5
12  3
8  2
4  -1
12  9
3  4
13  5
8  3
17  -6
10  3
13  6
10  2
17  -9
11  8
18  7
6  0
21  -3
12  13
15  10
7  -4
8  -6
16  5
25  11
6  -1
8  -7
17  -3
7  -6
6  10
16  6
12  11
17  -2
16  -4
15  1
11  9
18  1
4  3
7  -2
20  -1
5  3
9  1
8  -3
18  6
15  10
14  2
13  -6
13  -3
6  1
2  -6
19  -5
9  -1
11  9
7  -6
18  2
4  7
16  0
13  5
14  5
6  1
10  3
8  -7
15  12
14  -1
6  -1
6  -1
14  8
6  12
14  0
6  3
12  4
13  -3
7  -14
23  6
14  -1
18  -5
10  -6
14  -1
19  -1
10  -9
12  2
14  0
13  -2
8  -1
5  3
13  6
5  2
9  3
12  1
11  -1
11  8
6  8
10  -10
5  1
7  -11
6  9
6  9
13  3
18  -5
17  -5
7  -8
10  2
2  -5
5  -2
9  -4
16  -5
9  -6
9  3
6  13
8  -5
16  -6
12  14
13  -5
9  2
12  7
15  1
9  -10
1  3
5  9
8  -3
15  7
12  5
11  -1
6  2
21  0
11  4
14  1
6  8
9  -8
12  1
16  1
9  0
5  -3
4  2
9  -7
7  -1
11  10
18  0
13  -6
11  6
12  8
14  4
15  6
20  -6
13  7
8  4
14  1
14  6
15  12
8  -8
11  7
5  11
9  -6
9  1
13  5
15  8
18  -4
4  3
5  1
10  -10
9  -7
15  4
16  -5
8  -4
11  7
10  -8
7  -8
7  -13
10  -7
5  7
14  9
13  -4
6  4
10  -5
17  -7
14  3
4  5
19  -4
11  2
10  -5
9  -1
7  -7
5  -2
12  14
10  -11
11  11
13  -7
10  -11
8  -8
15  8
8  -6
7  -7
9  0
11  7
9  -3
12  11
12  2
8  5
18  4
6  11
6  4
16  -6
13  5
9  -10
12  7
14  2
9  -4
16  2
17  -8
15  11
10  -5
12  1
6  7
11  5
11  5
17  -9
16  7
22  6
9  -1
11  11
14  7
12  6
9  -3
7  0
11  10
13  7
13  2
12  5
7  -9
8  4
11  10
6  1
19  -7
10  0
15  7
9  -1
5  2
6  2
6  9
10  -3
15  5
13  5
10  -1
11  2
8  4
10  1
10  -4
10  0
10  0
10  -3
11  2
11  1
7  -2
15  2
6  7
6  -1
8  -6
9  2
9  -6
15  9
23  -2
6  9
15  8
8  -8
11  6
17  -11
3  5
8  -6
12  10
13  2
7  -1
13  5
18  -1
12  0
15  9
7  0
14  7
17  -8
9  1
11  9
2  -5
16  -6
10  -7
11  1
6  8
9  -3
12  6
20  -6
15  8
25  9
11  6
10  -7
6  8
9  -7
14  1
5  5
7  -1
5  0
10  1
11  -1
15  3
15  5
9  3
10  -8
5  7
15  -2
9  2
7  -8
20  -6
19  -1
6  6
9  1
8  -3
4  -3
8  -1
17  -8
11  7
14  3
14  6
9  1
12  12
9  -2
14  -1
7  -11
11  1
11  8
9  -3
9  2
6  0
15  11
10  2
4  8
23  7
11  1
9  -1
8  -7
9  -5
15  1
20  -10
16  -2
12  10
12  7
12  0
15  8
12  14
9  -7
11  8
10  -10
9  -11
13  5
10  3
13  1
14  12
7  -7
10  -6
18  1
10  -7
9  -3
8  1
13  6
11  -1
9  -4
3  5
10  -10
15  4
13  4
3  -5
18  -2
14  1
13  -1
12  0
8  -3
7  -3
7  -1
21  0
16  0
7  -13
13  7
15  3
21  0
16  -3
5  6
9  -3
15  11
18  9
8  -2
14  10
5  -3
3  -2
11  1
14  10
16  -2
7  -4
3  0
10  -11
14  2
9  3
13  -3
23  5
20  -13
20  -2
10  -1
12  11
14  5
13  5
16  1
11  7
4  7
8  1
12  1
14  -2
6  12
14  4
13  -7
17  -1
9  -11
13  -1
15  9
16  -7
18  -5
7  -5
19  -3
16  -3
4  3
8  4
15  -1
4  4
11  -1
11  12
23  -1
5  1
17  -12
14  6
7  -6
7  -3
13  7
7  -4
12  11
7  -2
16  0
17  -9
7  -4
5  9
18  3
3  3
7  -11
4  2
15  10
17  -7
15  1
20  -1
2  5
8  0
21  -1
11  -1
10  0
12  3
11  -1
8  5
7  -10
11  1
9  -1
9  0
11  10
7  -10
8  -5
9  -4
11  8
12  0
13  -5
5  7
16  0
14  9
16  -1
16  1
11  -1
8  1
14  2
14  10
11  3
14  -2
6  1
6  7
7  -9
10  3
8  -2
13  5
6  7
14  6
14  6
10  -11
7  -3
15  0
15  -2
9  -8
15  4
7  -3
4  3
3  4
15  7
12  9
16  2
10  3
16  -7
7  -8
7  -1
5  8
7  -11
8  -4
9  -10
13  1
13  -1
10  -1
19  4
14  -2
6  4
20  -11
12  10
18  7
11  12
11  1
20  -12
12  9
8  0
6  0
13  3
8  2
13  2
18  -4
12  2
8  1
10  -1
5  8
9  2
15  6
15  3
8  2
15  10
15  1
9  -2
17  -10
10  -6
21  -1
7  -1
4  8
8  -5
8  1
15  5
20  -4
15  8
11  7
5  6
16  -2
13  2
9  1
16  -4
17  0
8  0
14  11
4  -1
9  -10
19  -1
4  2
10  -1
8  4
13  3
19  -6
12  0
14  5
8  -8
22  2
6  6
19  -2
9  -7
8  3
18  0
11  2
6  7
10  1
12  1
5  11
11  2
8  -1
14  8
17  1
7  -13
13  -5
11  6
12  7
7  -11
6  9
16  -5
8  -3
11  11
14  -1
3  2
12  2
19  1
8  -4
17  -3
13  -2
13  6
10  1
9  -2
6  11
11  13
5  -1
10  -11
9  -2
8  2
11  7
14  3
10  -10
24  -4
10  0
10  -10
13  0
7  -14
7  -4
18  7
18  6
13  5
18  8
11  -1
9  -1
14  2
14  -2
12  2
9  -1
10  -6
17  -5
17  -10
14  11
10  2
11  8
11  9
