6  4
18  -1
9  -4
7  4
7  3
8  4
13  -5
11  0
4  6
3  1
13  -10
8  4
4  2
3  1
7  5
5  -1
9  -5
13  -7
8  0
15  4
6  8
4  4
9  -10
6  4
11  1
9  -7
7  2
10  -6
7  0
5  -2
6  8
11  4
3  1
5  -3
3  5
11  0
3  0
4  6
2  0
8  3
10  -9
2  0
5  -5
7  1
11  1
8  4
7  0
4  6
5  -3
3  3
0  -4
12  -1
8  -1
11  2
9  -8
11  1
9  -7
8  -1
7  2
9  -5
2  -1
4  2
4  2
8  0
10  -4
9  -9
5  -3
9  -10
14  -4
5  0
2  -2
12  -1
5  -3
1  -9
7  2
9  -6
7  0
5  -2
17  -4
11  -1
10  -5
7  1
9  -9
11  1
8  0
11  1
2  -4
7  5
11  2
12  -4
5  -5
7  -1
15  2
6  6
13  -5
8  5
11  0
4  4
15  4
10  -6
5  -3
4  6
6  8
8  0
10  -7
7  0
5  -6
4  2
13  -8
13  -4
8  4
6  8
8  0
9  -10
12  -1
7  2
5  -1
6  6
6  8
9  -4
4  0
6  7
5  -2
4  5
3  2
9  -8
1  -7
7  3
4  4
12  -4
16  5
7  1
5  -1
5  -4
9  -9
5  -2
7  1
7  1
7  2
6  8
13  -9
11  -1
6  4
9  -5
8  3
8  3
6  4
5  -3
5  -2
13  -8
3  1
12  -5
10  -4
16  -1
14  -3
10  -9
8  4
4  1
13  -7
4  3
9  -5
12  -2
11  -1
3  5
10  -8
6  2
2  -1
4  0
9  -6
5  -2
8  0
11  -2
7  -1
6  3
6  8
11  1
6  8
3  4
10  -4
7  -1
7  4
7  2
7  -1
6  2
2  -1
15  6
5  -1
6  5
9  -5
6  2
12  -3
5  -5
10  -7
4  5
2  -2
10  -7
10  -5
12  -4
6  5
4  2
6  4
10  -4
10  -4
12  0
4  1
6  3
10  -6
7  5
8  -1
3  0
5  -6
6  4
15  2
10  -8
8  2
10  -7
8  -1
5  -1
4  3
5  -3
2  -2
4  4
3  6
8  1
12  -3
3  6
6  7
7  4
8  2
12  -4
5  -5
11  0
14  -4
12  -1
4  6
8  5
5  -1
16  -1
9  -6
2  -3
10  -3
5  -6
9  -7
5  -2
11  2
2  -6
9  -6
7  1
10  -3
10  -5
11  3
4  2
8  4
9  -6
14  -4
6  4
6  3
3  1
5  -3
4  1
9  -7
13  -10
5  -3
4  3
7  2
2  -4
9  -9
10  -7
6  2
5  -4
13  -6
4  4
13  -7
8  0
7  3
5  -3
5  0
3  6
6  8
8  -1
9  -6
10  -7
12  -2
7  2
10  -7
7  -1
8  3
11  -1
4  2
8  5
4  4
12  0
6  7
6  6
3  3
9  -9
10  -4
7  4
9  -8
9  -10
6  7
13  -7
6  7
11  1
10  -9
6  8
5  -2
14  0
7  3
4  2
12  -5
9  -8
19  -4
18  -3
7  0
7  2
13  -4
9  -8
9  -6
4  4
6  2
5  -1
9  -7
9  -10
5  -2
12  -4
10  -7
10  -5
8  -1
6  7
4  3
9  -4
4  5
10  -5
5  0
10  -6
12  -1
9  -9
10  -9
9  -8
7  0
11  3
11  -2
14  -4
6  8
9  -8
11  -1
16  5
8  2
4  6
6  7
13  -7
6  3
9  -9
2  -6
7  3
3  1
9  -7
7  1
9  -8
2  -3
9  -5
6  3
4  4
8  3
6  6
3  4
10  -7
3  2
1  -6
6  7
3  5
13  -9
4  2
10  -6
11  0
8  5
6  2
9  -9
7  0
9  -9
7  2
12  -2
5  -6
8  2
5  -6
11  2
8  -1
15  3
8  2
4  6
11  3
14  -2
14  -2
7  0
7  3
4  0
5  -5
6  7
6  4
7  2
4  1
11  2
12  1
6  2
7  2
3  5
8  4
13  -5
7  2
11  4
8  0
6  6
10  -8
9  -6
5  -5
9  -8
9  -9
6  2
5  -5
9  -5
10  -3
2  -3
6  8
12  -4
13  -6
2  -6
6  3
9  -8
2  -2
9  -7
12  -4
5  -4
10  -8
3  6
14  -2
12  -5
9  -9
6  4
9  -6
11  3
7  3
12  -5
7  0
6  3
10  -5
2  -3
2  -1
7  1
12  -1
15  6
10  -4
7  -1
8  4
5  -4
10  -9
14  -1
10  -3
7  4
6  6
7  5
6  3
6  3
7  1
5  -6
12  -2
12  0
7  0
5  -4
6  6
4  4
9  -9
8  4
4  5
6  7
9  -10
5  -1
6  4
9  -9
5  -5
8  3
5  -4
8  5
16  0
7  3
13  -9
8  1
13  -4
11  3
5  -2
9  -8
7  2
3  5
9  -10
7  3
6  2
5  -2
7  -1
6  8
11  0
12  -2
4  0
6  3
4  3
13  -4
8  1
7  4
11  4
11  -2
3  3
3  2
6  5
10  -7
17  -5
13  -6
11  1
1  -3
18  0
10  -8
10  -6
8  5
13  -4
8  -1
9  -7
10  -4
8  2
6  4
9  -4
11  1
7  4
12  1
8  3
8  1
8  5
8  0
6  3
12  -3
6  5
8  4
6  5
4  0
7  5
6  7
6  2
11  -1
10  -6
4  6
9  -10
6  7
4  6
6  7
10  -4
5  -4
6  7
5  -5
10  -8
6  8
4  5
9  -9
8  0
5  0
12  -2
8  2
7  2
14  -1
7  2
7  1
11  -1
4  2
4  0
6  2
6  7
6  2
9  -10
7  -1
8  1
7  5
12  -5
7  5
6  5
7  2
9  -4
4  1
8  0
11  1
11  -2
12  -2
4  6
8  0
10  -9
6  4
13  -9
4  3
6  6
6  6
8  5
10  -3
10  -4
8  3
12  -5
11  -2
1  -3
7  0
6  3
8  0
15  1
2  -1
4  5
5  -2
11  3
9  -6
9  -10
10  -9
6  8
9  -5
8  5
12  -4
6  8
17  -7
7  5
7  5
6  4
9  -7
12  -3
2  -6
5  -5
6  6
9  -8
8  5
5  -1
8  3
2  -5
13  -7
6  4
9  -9
3  3
4  1
7  2
16  3
15  4
3  6
9  -4
16  1
8  2
5  -6
11  1
16  0
9  -8
6  2
9  -6
10  -4
2  -5
14  -3
8  -1
10  -6
9  -10
11  3
4  6
4  4
5  0
7  4
11  3
2  -4
4  2
14  -4
7  -1
3  5
14  0
9  -5
16  5
8  0
9  -10
5  -2
10  -5
9  -5
6  5
8  -1
6  7
5  -1
10  -3
11  4
9  -7
10  -4
6  3
11  3
6  2
5  -1
9  -6
7  3
8  1
5  -4
7  -1
8  1
10  -5
6  4
4  3
8  -1
12  1
10  -9
3  0
11  1
8  4
3  4
12  1
9  -8
16  4
10  -6
9  -4
9  -7
4  5
4  3
7  3
6  6
9  -5
15  6
13  -8
9  -4
10  -6
13  -6
11  0
6  8
5  -5
3  6
11  0
5  -3
5  0
6  3
4  5
8  1
11  0
5  0
15  5
7  4
6  6
9  -10
5  -2
6  8
11  1
18  -5
8  4
11  2
7  3
9  -6
11  0
7  1
7  0
8  3
8  2
11  4
9  -6
8  -1
6  5
7  -1
1  -9
10  -3
7  0
11  1
5  -4
10  -5
13  -10
16  1
9  -4
9  -9
4  5
6  4
1  -7
9  -9
11  -1
11  4
8  4
2  -3
8  4
7  5
3  2
4  3
10  -3
7  3
12  -4
12  -3
12  -1
6  6
2  -5
9  -4
15  6
4  3
10  -4
4  5
9  -5
11  4
12  -1
17  -8
8  4
9  -4
13  -5
14  0
9  -5
8  1
12  -1
13  -5
6  8
10  -6
24  -1
8  5
3  1
4  2
8  -1
4  2
7  0
8  -1
6  8
5  -3
10  -4
11  0
8  4
2  -6
8  4
4  4
6  3
4  6
4  2
6  8
11  1
7  0
8  2
13  -5
5  -5
6  4
13  -4
5  0
5  -5
8  4
6  8
5  -6
11  -1
11  3
7  0
16  -1
8  4
9  -8
7  4
10  -5
11  1
9  -10
6  6
11  -1
8  -1
11  3
10  -9
9  -6
7  0
15  2
6  6
7  4
3  6
10  -6
5  -1
4  4
5  -4
8  4
8  1
7  0
8  2
5  0
9  -10
5  -6
10  -5
12  -3
7  4
7  3
5  -1
11  3
5  -5
6  8
15  1
6  4
8  2
6  8
10  -5
10  -6
3  5
8  -1
7  -1
9  -5
12  -4
9  -9
8  3
4  3
2  -2
7  1
15  2
9  -8
9  -4
8  4
10  -3
10  -6
7  3
15  1
10  -7
9  -10
10  -4
10  -4
9  -10
6  3
16  5
8  -1
7  2
2  0
8  1
9  -10
5  0
6  3
6  5
3  6
5  -4
5  -1
6  2
12  -2
4  0
8  4
7  1
7  0
8  2
12  0
10  -8
7  -1
15  7
6  2
11  3
8  2
6  6
16  4
8  2
9  -6
11  4
8  2
7  4
5  -2
4  3
11  -1
8  0
11  0
15  7
12  -1
12  0
10  -8
10  -9
5  -2
4  2
10  -8
9  -6
9  -10
10  -5
12  -3
8  4
0  -8
10  -6
10  -5
4  5
5  -1
3  6
11  -1
11  -1
6  2
5  0
4  0
14  -2
10  -7
9  -5
7  3
12  1
12  1
6  4
4  1
7  5
5  0
6  8
6  3
11  1
10  -7
9  -10
7  0
3  5
1  -6
8  5
12  -3
5  -1
11  -2
4  6
6  3
8  4
4  3
8  -1
9  -7
7  2
8  4
7  4
8  -1
9  -5
10  -9
9  -9
