40  -2
43  3
16  -5
27  -4
41  -4
30  4
32  -1
43  3
61  -3
30  3
43  2
25  -5
20  6
34  4
23  -6
30  4
67  -1
38  0
30  4
32  0
27  -6
27  -4
25  -4
20  4
38  0
33  5
29  0
54  8
48  7
51  7
37  2
31  1
25  -4
23  -5
24  3
23  -4
34  3
30  4
30  4
82  6
45  -7
34  3
33  4
41  -3
33  4
29  1
29  0
66  4
40  -1
32  1
41  -5
29  -1
12  -1
24  3
33  4
21  -8
32  -1
23  -4
34  4
17  6
31  1
56  2
46  3
19  6
25  -4
20  5
28  -6
39  7
38  1
13  4
40  -1
36  -3
18  -3
23  -6
25  -3
44  -1
18  -3
52  -6
15  -5
32  1
11  6
45  -7
24  2
27  -5
25  -3
52  -5
17  6
40  -2
34  3
63  0
25  -4
41  -5
12  0
28  -6
54  6
10  2
30  4
64  -2
44  -2
65  -3
50  -6
32  0
25  -3
36  -4
24  3
56  1
51  7
33  5
29  0
18  -3
41  -4
74  5
37  3
35  2
48  6
52  -7
49  0
22  2
46  3
51  5
43  1
29  0
53  -1
48  7
26  -2
42  1
35  3
28  -4
29  -1
27  -4
57  3
75  3
56  3
45  -5
30  3
16  -3
42  2
48  7
55  7
50  -8
41  -5
18  -4
38  1
29  0
27  -4
48  7
63  -1
28  -5
29  -1
18  -3
53  -1
38  0
15  -5
67  0
41  -5
16  -5
33  3
24  4
45  -5
45  -5
35  2
44  -1
35  2
15  -6
50  -8
17  6
19  6
18  -3
26  0
40  0
60  1
44  -3
28  -6
44  -1
33  5
24  3
27  -5
13  3
30  4
27  -6
12  1
57  2
32  1
13  3
24  4
27  -5
18  -3
19  6
22  2
18  -4
14  -8
22  4
38  2
28  -4
33  4
26  -1
37  1
18  -2
52  -7
51  6
29  0
30  3
20  5
20  5
39  7
35  3
41  -4
47  -6
47  -4
33  5
22  2
26  -1
39  7
22  3
17  6
17  4
28  -4
37  3
42  2
38  1
30  4
28  -6
55  7
11  4
43  2
11  4
35  2
22  4
29  -1
80  -6
35  1
43  2
37  3
21  -7
35  1
30  2
47  -4
25  -5
17  4
29  0
13  4
42  1
48  7
53  -3
39  6
26  0
37  1
14  -8
40  0
37  1
22  2
20  6
30  2
42  1
21  -7
39  7
50  -7
21  -8
29  -1
34  2
30  2
41  -5
35  3
20  6
56  3
43  1
14  -7
27  -5
40  -1
63  -2
37  1
40  0
67  1
29  -1
13  5
35  3
49  1
29  -1
21  -8
20  6
13  3
28  -5
47  -5
33  4
42  1
29  0
7  -6
25  -5
10  3
30  3
44  -3
85  0
41  -5
26  0
17  5
34  3
47  -5
58  1
30  4
27  -5
42  0
34  2
31  0
13  4
40  -1
35  3
37  1
63  0
20  4
19  5
36  -4
43  2
24  2
66  2
36  -2
44  -3
19  6
48  5
17  6
20  5
19  7
53  -1
15  -5
23  -5
34  3
50  -7
40  0
24  2
27  -6
18  -2
23  -5
33  5
32  1
28  -4
34  2
43  1
34  4
26  0
38  2
41  -3
35  2
32  0
23  -6
20  6
41  -5
24  4
31  2
35  1
44  -3
22  3
20  5
27  -4
13  3
63  0
57  3
49  -1
24  2
25  -4
39  5
29  -1
33  3
15  -4
32  -1
28  -4
40  -1
36  -4
41  -3
47  -5
27  -4
34  2
17  6
34  2
19  5
33  4
32  -1
16  -5
42  0
26  0
16  -4
16  -5
60  1
22  4
38  2
44  -1
29  -1
31  0
43  3
40  -1
21  -8
35  3
50  -6
39  5
23  -4
24  2
17  4
35  3
39  5
44  -3
24  2
35  2
34  3
30  3
21  -6
22  4
32  0
25  -5
35  1
52  -6
27  -5
24  3
41  -3
14  -7
33  3
48  7
27  -6
11  4
28  -6
29  0
40  -2
32  0
79  -2
33  3
62  -7
47  -4
21  -8
32  -1
40  0
38  0
43  2
8  4
31  1
48  5
38  0
42  2
42  1
24  3
41  -3
37  3
52  -6
41  -3
44  -2
25  -4
31  1
25  -3
36  -4
35  2
46  1
52  -7
51  7
46  3
35  1
41  -5
41  -3
53  -1
49  1
37  1
55  7
42  2
21  -6
10  2
18  -4
85  0
18  -3
40  -1
25  -5
30  4
40  -1
49  -1
41  -5
30  2
35  3
30  4
38  2
31  0
37  2
23  -6
31  0
31  1
18  -2
24  2
23  -6
32  1
39  5
19  7
25  -5
10  3
64  -4
28  -4
23  -4
30  4
25  -4
32  -1
50  -7
45  -5
40  -1
25  -3
18  -2
49  -1
38  1
22  4
38  0
23  -6
27  -5
23  -4
12  1
33  5
37  3
13  4
38  1
47  -6
18  -2
22  4
16  -3
24  3
21  -7
20  6
7  -4
36  -3
49  1
40  -2
20  4
44  -2
33  5
11  5
34  4
50  -6
30  3
33  5
9  4
28  -4
33  5
36  -3
35  2
34  4
34  2
17  5
64  -4
10  1
29  0
54  6
61  -3
40  -2
35  3
36  -4
21  -7
16  -5
30  3
26  0
24  4
11  5
36  -2
32  0
59  5
58  0
34  2
44  -3
45  -7
41  -3
23  -6
42  2
29  0
30  2
60  3
36  -3
53  -2
13  3
16  -5
48  6
27  -6
33  5
12  0
58  0
25  -5
29  0
28  -6
22  4
51  5
23  -6
16  -3
37  3
28  -5
40  0
12  1
43  1
44  -2
16  -4
43  3
27  -4
26  -1
16  -3
26  0
37  1
34  4
50  -8
49  1
33  4
26  0
51  6
35  1
25  -4
22  2
64  -3
22  4
18  -4
35  3
9  5
41  -5
18  -2
41  -3
41  -4
18  -2
37  1
44  -2
44  -2
36  -2
30  3
26  0
59  5
45  -5
27  -6
30  4
25  -4
38  1
30  3
30  3
28  -4
59  5
11  6
32  0
29  -1
22  3
49  -1
21  -7
16  -4
29  0
41  -3
28  -6
30  3
45  -7
25  -5
47  -6
22  3
39  5
34  4
36  -4
34  2
82  7
71  5
60  3
33  4
15  -4
35  3
46  1
23  -4
39  7
57  2
60  1
32  -1
25  -4
35  1
84  7
35  1
32  -1
18  -4
19  6
43  2
22  3
26  -1
13  5
39  7
31  2
49  1
53  -1
19  7
56  2
28  -4
27  -5
33  5
41  -5
33  4
43  1
36  -4
38  1
35  2
21  -6
21  -8
11  5
51  5
19  7
31  2
17  5
18  -4
39  5
31  0
19  7
47  -5
32  0
28  -4
21  -7
28  -6
39  6
40  -2
16  -5
24  3
41  -5
46  3
28  -5
46  3
29  0
26  0
65  -1
22  3
21  -6
13  5
34  3
21  -8
70  3
28  -6
45  -6
32  0
22  3
51  7
39  7
37  3
17  4
34  4
44  -1
21  -8
24  4
48  7
16  -3
58  0
32  0
36  -3
41  -4
35  1
53  -2
42  0
20  6
25  -5
47  -5
49  -1
30  2
43  3
45  -5
15  -4
68  2
18  -3
34  2
65  -3
7  -5
53  -2
42  0
45  -5
21  -7
19  7
48  7
16  -4
17  5
33  3
26  -2
35  2
31  2
30  2
28  -5
18  -2
48  7
27  -5
67  1
55  6
29  0
42  1
44  -3
29  -1
26  -2
40  -2
39  6
29  1
22  4
41  -5
32  0
22  2
8  3
34  2
29  -1
20  4
55  7
58  -1
18  -3
35  2
26  0
21  -8
37  1
23  -5
32  1
25  -5
61  -4
74  4
18  -4
41  -3
33  5
35  2
16  -3
56  2
57  1
32  1
36  -4
31  0
64  -2
19  7
31  2
19  5
24  4
38  1
34  3
19  5
10  3
43  1
56  1
53  -1
33  4
13  4
43  2
46  3
32  -1
33  5
25  -4
20  5
26  -2
27  -6
16  -5
22  3
30  3
66  3
25  -5
42  2
38  2
39  5
19  7
79  -1
29  1
44  -1
34  3
47  -4
49  -1
12  0
44  -3
27  -5
55  8
57  1
43  3
15  -6
32  0
37  3
17  5
64  -2
40  -2
41  -5
22  2
46  3
42  0
28  -6
29  1
56  3
22  3
35  3
20  5
36  -2
32  0
25  -4
23  -4
21  -7
45  -5
42  0
8  3
67  1
54  8
18  -3
17  6
23  -5
21  -8
21  -7
20  6
27  -4
10  1
10  2
35  2
27  -6
30  3
33  5
30  2
15  -6
46  1
17  4
18  -4
46  1
32  0
54  8
45  -7
38  0
23  -5
35  3
8  5
46  1
37  2
37  2
30  3
16  -5
14  -7
38  1
22  2
25  -3
21  -6
17  4
36  -3
17  4
68  1
30  4
24  2
29  -1
41  -4
37  1
38  2
48  7
27  -4
34  3
48  6
25  -3
33  5
24  3
15  -4
18  -3
31  1
63  0
24  2
59  7
18  -3
31  1
37  1
49  1
22  4
64  -4
42  1
12  0
32  1
28  -4
26  0
36  -2
26  -2
22  4
30  3
22  2
26  0
50  -7
36  -2
15  -5
6  -2
45  -6
38  2
54  6
46  1
35  1
20  6
28  -4
32  -1
25  -5
25  -4
45  -5
57  1
23  -4
34  2
34  3
39  6
26  -2
31  1
17  5
54  8
46  1
50  -6
32  -1
40  0
40  0
12  1
19  6
35  1
42  2
22  2
29  0
42  0
18  -3
32  1
66  3
48  7
45  -7
30  4
70  3
9  6
34  3
35  3
44  -1
