63  1
71  -11
59  -3
62  4
51  -9
69  10
60  3
67  8
60  7
71  -11
59  0
72  3
77  -10
61  2
53  5
61  5
62  -7
32  -9
51  -1
41  -2
80  -5
46  -5
76  3
64  6
66  10
67  9
51  -4
48  0
64  3
72  -8
81  -8
83  -5
63  1
49  -4
72  -6
61  2
71  -2
40  -11
79  1
57  -3
66  9
74  3
52  -3
52  0
58  -9
53  11
46  0
77  -3
46  -9
38  4
66  11
66  10
89  -2
46  -2
37  5
49  -5
76  -3
77  -7
69  6
70  -9
62  -5
38  -2
67  6
37  -7
81  -6
110  10
71  -1
60  0
90  10
70  -11
76  -7
75  10
50  -6
62  -2
55  -6
59  -1
49  5
77  -4
94  9
64  5
61  5
48  5
48  9
59  -3
48  8
76  -7
68  -7
40  -9
62  -7
69  4
52  6
56  -1
63  -1
53  4
53  3
69  8
53  8
72  0
31  -2
71  -1
86  -5
74  -4
78  4
74  0
75  8
57  -5
60  -1
45  4
51  -3
53  3
65  2
87  0
46  -7
64  3
60  10
35  -5
58  -8
37  -5
38  1
62  -7
48  2
52  -6
75  1
45  -1
44  -1
47  8
91  3
79  0
100  1
57  -12
71  -1
49  0
65  1
55  -7
71  -2
79  5
65  0
60  3
84  -5
83  -4
50  2
90  13
75  4
56  -10
59  -11
72  -8
56  -4
56  -4
79  10
69  8
40  -2
56  -9
54  3
75  11
58  -2
60  5
60  11
50  -8
48  3
62  0
76  -7
70  -5
40  -10
37  -5
53  11
72  2
38  3
73  8
42  -3
48  2
68  -10
74  2
52  -5
54  5
83  -3
61  5
94  10
69  8
60  8
52  -4
63  2
42  -8
48  1
70  -3
54  0
98  -7
75  5
60  6
42  -4
49  5
72  -9
63  2
45  7
90  2
58  -5
48  10
52  1
88  4
51  -2
66  5
72  -5
59  -7
49  -5
66  10
36  2
67  1
67  2
50  -2
53  7
83  -7
49  3
72  -2
69  -1
49  0
43  -7
56  -8
57  -10
25  -4
52  3
63  -3
54  2
44  -1
58  -2
43  -3
55  -8
57  -2
54  4
36  -6
65  6
62  1
68  -2
61  4
67  12
50  -3
59  0
52  -3
60  4
58  -9
53  9
87  -3
72  -1
62  -1
79  0
36  -4
60  1
47  7
60  2
64  -5
75  10
61  3
53  4
65  2
78  10
73  10
54  -4
104  8
81  -3
37  0
59  -1
63  -4
41  4
41  0
51  -9
85  3
65  8
61  -3
69  3
118  -8
83  -5
72  -5
60  10
27  -7
78  -2
74  -3
45  6
58  -12
43  -9
82  -2
55  2
42  1
60  7
42  -4
76  4
61  1
43  -2
47  5
70  -5
70  -11
80  -12
59  -6
50  -5
47  6
44  -12
61  5
63  1
64  2
70  -2
69  6
66  10
37  1
48  10
72  1
45  7
76  0
66  11
57  -7
68  -9
59  -3
74  5
26  5
56  -11
47  3
76  1
44  -1
59  -11
59  -4
52  0
62  -7
70  0
64  4
66  12
68  -10
41  -2
49  2
62  2
70  -7
47  13
86  -6
53  6
73  5
45  9
81  -6
68  -11
81  -2
51  -8
47  1
92  -8
78  -2
55  -7
47  3
62  2
63  3
58  -11
54  -2
74  0
50  -7
84  0
75  10
63  -8
72  -1
61  8
58  -10
81  0
45  8
35  5
39  12
79  7
88  -7
51  -8
82  2
46  0
83  -6
65  8
68  0
43  2
74  -3
51  -9
54  -2
60  4
83  3
48  7
64  -2
54  -3
86  -2
46  0
74  3
44  -7
60  6
79  -1
58  -9
62  2
62  -6
68  -2
45  7
75  5
32  -10
52  -2
67  7
65  -3
49  3
53  11
73  11
64  5
67  10
75  6
55  -6
66  5
61  1
86  -4
46  -7
81  -6
49  -3
41  3
43  -3
54  0
84  -8
75  10
44  -12
71  -8
73  9
43  -10
80  -7
52  2
74  4
54  2
61  2
50  -5
87  -9
77  -6
71  -12
57  -1
30  1
53  12
40  -7
80  -11
52  -2
38  6
57  -3
48  8
73  6
65  -1
76  2
66  5
62  2
67  8
98  -4
89  -2
40  -6
62  5
66  10
64  -1
56  -11
73  3
35  -4
74  -2
67  12
60  7
74  5
64  6
45  5
50  -7
29  -9
79  3
58  -2
58  -11
44  -8
77  -4
70  -4
70  -8
78  8
63  -4
69  6
35  5
64  0
51  -8
48  7
60  11
43  -1
50  1
65  4
72  -9
40  1
66  1
60  -1
32  -12
60  11
60  4
66  1
59  -12
72  -8
74  -4
70  -7
66  1
46  -8
45  -2
50  -7
63  -6
72  -5
58  -8
75  8
61  3
74  4
68  -11
64  0
80  -5
61  7
75  4
37  -6
66  2
67  9
48  9
45  -3
66  8
67  5
52  1
50  -5
72  -6
52  1
62  4
44  -10
87  -6
58  -7
28  -1
92  -3
61  2
38  -2
58  -12
91  0
74  -1
63  -5
90  6
86  -1
100  5
48  12
61  4
58  -3
34  -4
65  6
76  3
49  3
69  0
64  -1
44  -8
53  0
54  1
65  7
59  -12
75  3
53  6
67  11
66  7
62  -7
75  5
52  -4
61  0
75  4
100  4
65  3
49  5
86  2
70  -4
73  12
54  -4
76  -5
69  5
67  8
41  -8
62  -1
67  2
85  8
44  -10
27  -7
43  2
76  -3
68  -4
68  -7
71  -10
63  -1
76  -8
55  -10
44  -6
98  0
72  1
32  -12
52  -4
62  -2
66  12
58  -11
47  7
62  -5
63  -9
67  12
51  1
89  -6
63  -3
67  1
94  -2
60  10
74  -1
50  -6
77  -4
45  7
74  -3
72  -6
67  2
58  -13
73  0
51  -4
64  -4
69  7
72  -7
70  -2
59  -1
53  4
84  -11
53  5
62  -1
50  4
43  -10
44  -11
77  0
61  6
64  -5
51  -9
42  -8
78  -2
55  -3
55  -1
48  7
92  -8
47  6
61  3
80  -6
33  3
61  1
59  -1
69  7
62  -3
73  0
78  -1
82  -3
59  -2
51  -2
80  -3
62  -3
78  8
53  3
40  -8
68  0
48  4
81  -3
40  -5
49  -1
76  1
51  -7
71  -7
48  4
50  -1
76  0
45  -1
81  1
45  -1
85  6
74  2
58  -6
100  -2
86  -1
101  2
90  1
67  8
77  -7
45  8
57  -3
47  12
61  6
59  -5
69  8
41  2
45  -1
88  -8
75  7
76  -6
68  -6
73  8
54  5
64  4
65  0
63  0
58  -12
51  -3
79  2
70  -6
97  -2
60  8
41  -2
84  -12
70  1
46  -1
60  2
77  -5
85  7
38  10
46  -6
61  4
74  -5
56  -11
67  6
50  0
43  0
54  4
73  3
58  -12
71  -10
63  1
56  0
70  -10
54  -5
50  1
94  1
60  6
51  -10
95  -6
64  4
59  -10
96  0
63  2
83  -7
86  -4
53  8
72  -4
51  2
58  -12
65  9
54  5
65  7
24  0
69  -2
62  -2
65  7
62  -5
35  4
43  -1
58  -10
70  -8
71  -10
39  10
50  -6
63  -4
26  4
49  4
71  -13
67  1
54  3
62  -2
73  3
84  -5
74  -2
77  -8
68  -9
61  -2
79  -2
59  -12
52  -6
73  7
62  -1
57  -5
62  2
63  0
40  -6
56  -10
47  7
85  5
59  -6
73  4
47  6
84  -7
51  -1
80  -3
58  -11
51  -5
54  7
57  -11
88  -5
44  -8
51  -8
60  7
54  2
66  13
53  7
65  4
51  -8
47  2
31  0
56  -1
79  4
51  -6
66  7
37  -4
55  2
70  -10
59  -4
40  -7
57  -12
58  -13
49  2
84  -1
38  7
60  0
53  3
45  6
71  -11
84  -1
58  -8
58  -7
70  -11
37  -1
47  11
54  7
55  -3
46  -1
79  9
68  0
81  2
51  2
88  4
46  -3
50  4
61  -3
54  6
85  1
55  -5
36  -4
78  1
62  0
68  -1
83  4
39  12
70  -6
62  -1
79  2
56  -7
75  6
46  -4
53  5
78  6
59  -1
84  -8
64  6
67  7
73  0
67  7
61  -3
49  -2
27  -3
56  -1
38  10
62  1
52  -4
51  -7
84  -10
82  -6
74  6
86  -10
70  -7
92  -4
97  0
67  2
60  5
55  -3
54  0
57  0
35  -3
78  1
68  -12
68  -6
77  -2
70  -9
96  -2
65  -3
72  -2
51  -1
59  -3
50  -3
66  11
60  0
76  -3
60  5
37  0
53  4
78  6
53  10
78  -1
81  -1
57  -5
43  -2
82  -2
70  -11
67  1
49  -3
43  -5
54  -1
41  -2
54  -5
59  -4
69  5
105  -6
64  3
42  -6
78  4
49  -1
48  1
71  -5
58  -5
73  0
50  4
69  4
74  1
99  5
42  -8
70  -8
60  11
75  12
57  -5
62  -2
53  6
87  -11
50  -5
33  6
81  -9
59  -8
62  3
70  -7
107  -7
50  -8
54  7
72  2
48  3
83  -4
82  -7
68  -8
68  -12
66  6
49  -3
63  -8
71  -12
65  -1
72  -9
60  2
90  9
63  -3
49  -1
50  -4
82  -3
69  10
44  -7
74  0
73  7
67  10
62  2
51  -10
67  11
65  5
50  -2
64  -1
80  -2
68  -11
61  4
55  -5
66  8
42  -9
47  11
76  -2
56  -3
62  5
76  -5
66  12
74  1
47  7
78  8
63  1
38  1
29  -1
54  4
78  7
98  -4
74  6
48  4
58  -6
54  4
49  2
62  -4
99  3
56  -7
36  -5
56  -6
51  -1
48  5
46  -1
83  5
74  3
51  -10
52  -3
91  0
45  1
32  -10
47  2
68  0
51  -5
44  -13
52  4
