18  -5
17  -8
34  8
12  2
26  7
25  4
20  -10
11  9
5  -3
25  6
14  6
24  -9
11  3
9  2
15  1
14  7
27  2
35  -8
14  8
22  -2
19  -6
13  5
12  4
17  -1
20  -10
13  -3
9  6
8  7
18  3
24  -7
9  2
11  6
20  -12
8  2
14  6
15  8
13  4
20  -9
19  -2
17  -4
16  7
14  9
23  -8
6  4
18  2
17  -10
20  -3
14  6
7  3
14  0
14  -1
18  2
17  -4
11  2
20  -9
22  -9
16  4
12  -3
33  6
18  2
14  7
20  -10
26  1
6  -1
12  0
15  1
12  -2
24  -1
8  4
14  8
22  -12
11  -1
9  5
12  0
15  10
17  -6
27  -5
7  0
19  -6
34  7
3  5
11  7
23  -8
10  1
16  3
25  10
11  -1
29  2
20  -8
20  -6
18  -2
24  -1
16  7
19  -7
36  -2
13  -4
13  -4
24  -7
12  -5
13  2
21  4
28  7
20  -9
23  -8
14  3
29  -5
27  -4
14  4
33  10
10  -1
14  8
21  -3
4  8
34  5
11  3
16  7
20  -5
11  3
15  10
17  -10
21  -1
16  2
21  0
14  -1
15  8
11  -1
21  -2
11  0
14  4
18  0
12  -6
23  -2
19  -5
17  -5
12  -6
28  -1
18  -2
7  7
22  -8
31  -5
21  1
15  0
30  3
13  5
6  9
7  5
9  5
28  -1
13  0
19  -4
27  -3
17  -3
8  0
33  7
3  4
25  6
19  -4
6  0
21  1
19  -5
17  -4
12  2
18  4
18  3
17  -4
6  2
24  -11
22  -10
16  7
23  -4
10  2
13  1
17  -3
15  0
14  6
18  -1
16  3
16  2
14  8
8  -2
15  8
12  4
10  -4
11  3
15  5
28  7
22  -4
17  -8
17  -1
12  1
17  -6
15  9
25  3
25  9
15  4
51  -6
14  9
19  -2
20  -3
12  -3
17  -3
17  -3
19  -3
15  10
12  -2
27  -4
9  12
12  1
16  2
15  8
28  2
11  8
24  -1
33  1
33  5
22  -3
12  -2
8  -3
35  -3
24  -11
28  8
11  -1
20  -4
11  2
12  -2
10  0
17  -7
13  0
5  -5
3  -1
21  -2
23  0
11  3
19  -10
39  10
12  2
13  -3
16  9
12  -2
25  3
25  8
14  7
4  5
17  -3
13  4
25  10
17  -8
8  -2
18  4
15  3
10  0
31  -4
25  10
10  -1
15  5
17  -3
13  0
6  3
19  -4
9  2
20  -8
11  5
12  0
25  4
11  0
14  5
18  3
24  -7
15  0
10  -5
6  4
16  8
9  12
21  -6
17  -3
15  2
42  -1
15  2
8  1
32  7
19  -2
17  -2
6  -1
28  1
19  -7
21  1
7  0
25  7
6  5
23  -7
15  2
5  -12
22  -6
28  8
15  8
18  -1
18  3
18  2
19  -3
17  -9
20  -4
23  -4
7  5
6  -1
13  6
9  11
12  -4
13  4
10  -6
13  1
12  -2
15  2
9  10
10  -6
14  1
14  1
12  -2
13  2
22  -6
19  -7
17  -7
11  7
7  6
13  4
12  3
13  -1
13  6
28  3
15  3
17  -5
5  -8
10  -7
13  5
17  -2
12  -4
15  5
7  7
16  1
20  -7
7  6
11  3
12  0
14  5
19  -5
10  -1
11  6
4  2
23  -10
10  1
18  3
9  4
30  4
14  8
8  4
16  0
7  2
14  4
24  -4
16  2
19  -6
20  -4
7  -1
18  -2
28  7
3  3
11  6
14  8
11  -1
12  -6
22  -10
13  2
26  3
16  0
13  0
13  -2
11  5
5  -7
13  4
10  -5
11  3
21  2
22  -9
34  1
33  3
15  4
11  6
13  -4
7  1
14  7
10  -7
24  -4
5  -7
12  3
10  0
8  3
21  1
15  6
16  8
19  -8
13  4
10  -2
8  -2
15  2
16  0
18  2
14  8
12  -2
8  3
19  -10
13  -4
26  1
20  -3
26  4
11  5
20  -4
35  -10
14  2
7  6
17  -8
9  3
26  3
30  -4
21  -3
12  -4
15  2
14  5
13  -3
9  5
22  -3
18  4
12  2
16  1
15  7
27  -6
21  -4
19  -5
9  3
22  -12
12  -4
30  2
12  1
26  9
32  4
11  4
12  2
17  -4
13  0
16  4
7  -1
15  5
9  11
15  3
12  3
14  -1
24  -9
21  2
18  -5
7  4
12  0
29  -1
11  8
8  3
14  3
23  -5
10  2
26  4
11  9
14  9
34  2
23  -10
14  2
22  -6
17  -1
15  4
23  -7
17  -9
9  8
17  -5
8  -2
12  1
12  -6
20  -8
8  2
21  4
14  3
5  -9
12  -4
25  4
10  -2
16  2
32  9
17  -6
32  3
15  5
18  1
15  7
19  -8
27  -2
14  6
13  2
22  -5
10  3
13  0
16  9
13  0
18  0
16  2
22  -4
13  1
20  -3
9  9
33  5
36  -6
25  11
14  2
7  5
27  -4
20  -3
16  2
5  -7
21  -5
10  2
21  3
16  0
21  -4
13  6
13  5
24  -11
10  -4
15  8
18  4
27  -1
12  -5
18  1
12  -6
10  3
15  6
32  5
28  3
24  -9
14  6
26  -1
15  10
13  5
11  2
12  -3
31  0
29  -5
39  4
11  1
10  2
8  -2
7  1
21  -5
32  1
14  -1
23  -6
12  -3
9  4
10  -5
16  3
15  9
15  5
16  7
12  4
20  -10
14  7
24  -11
24  -1
27  1
16  2
22  -3
10  -1
12  3
14  2
13  1
14  3
8  2
23  -5
33  1
14  6
18  4
19  -3
16  6
15  2
23  -3
26  7
13  4
20  -10
19  -8
16  7
13  1
24  -7
15  1
37  -5
5  -6
8  7
18  3
9  3
25  7
30  0
12  2
35  -3
12  -2
22  -5
17  -9
10  -1
15  5
19  -8
15  1
16  3
15  0
15  4
11  3
26  0
44  2
15  9
19  -2
22  -3
30  -4
11  2
4  8
9  10
17  -4
21  -1
17  -5
11  2
11  7
9  7
12  -3
15  6
12  -4
18  -3
16  0
10  -3
18  -5
18  -1
22  -3
19  -11
25  7
14  2
24  -7
14  1
19  -5
7  0
12  -2
16  4
22  -8
21  1
21  4
25  2
12  1
10  -1
27  -6
26  8
11  5
23  -7
15  0
21  4
13  0
3  0
18  -1
26  0
11  4
20  -12
23  0
27  -6
24  -7
10  -7
25  7
23  -8
9  5
20  -2
15  5
17  -9
15  1
20  -11
18  0
23  -5
17  -3
17  -8
7  1
23  -5
24  -4
18  -6
16  1
11  4
15  1
13  3
10  -2
22  -6
9  6
6  2
9  9
24  -9
15  6
16  7
16  5
11  -1
16  1
45  5
14  1
11  1
18  -5
22  -10
26  1
14  4
22  -11
25  6
22  -9
7  5
14  5
16  8
14  4
11  5
10  2
14  6
26  3
12  -2
18  1
8  7
22  -6
29  -3
11  3
19  -8
13  -4
11  7
14  4
11  2
17  -3
7  5
8  5
12  3
13  4
15  0
9  12
14  -1
3  6
41  -2
19  -11
12  -1
20  -3
37  -8
6  7
22  -11
20  -10
23  -9
26  3
13  3
11  3
32  4
8  1
15  3
10  -3
13  1
9  2
8  -2
25  3
21  -3
15  3
11  8
20  -6
8  4
22  -10
13  5
19  -2
4  1
19  -10
15  2
15  0
17  -7
11  3
15  5
20  -4
8  2
32  10
26  6
23  0
10  -7
7  8
15  2
25  9
15  4
12  -2
14  7
12  4
14  8
22  -11
24  -9
19  -4
22  -7
22  -10
18  2
25  6
19  -7
17  -2
12  -2
19  -3
29  0
23  0
44  6
9  2
16  2
20  -10
21  4
19  -4
18  3
16  2
14  3
10  1
12  4
19  -10
9  7
21  -3
12  1
9  8
12  -6
10  1
15  8
20  -11
22  -9
13  -1
16  8
27  -7
6  1
10  -1
19  -10
21  1
25  10
22  -6
11  1
19  -8
13  2
16  4
24  -11
24  -6
21  -4
22  -12
31  4
21  0
12  -4
29  5
21  -3
7  -2
12  4
26  2
27  -1
15  10
13  5
14  5
29  1
16  5
14  4
18  -1
7  -2
14  -1
11  5
9  7
6  4
15  5
15  9
17  -4
15  6
6  1
21  4
27  -4
18  -4
17  -1
10  -7
8  2
27  -5
14  -1
20  -11
6  1
9  12
14  6
21  0
8  -1
25  9
19  -5
25  11
21  4
18  -5
15  10
16  1
24  -10
22  -9
16  7
14  5
13  -4
19  -4
13  4
19  -10
17  -2
15  3
14  8
21  -1
8  2
19  -1
10  -2
17  -8
20  -12
9  6
34  8
25  8
34  10
10  3
16  9
19  -7
15  1
14  8
26  2
11  7
16  4
12  4
13  2
16  1
6  9
39  0
16  7
9  9
20  -6
24  -7
12  0
24  -8
20  -3
11  4
16  1
17  -9
11  6
10  -4
27  -2
22  -5
14  5
12  -1
30  3
12  3
12  -1
23  -1
25  8
12  4
14  8
18  4
9  5
12  -6
21  -6
20  -9
17  -10
11  5
11  7
13  -3
17  -1
21  1
13  -3
17  -9
14  0
20  -12
25  10
32  5
16  2
10  3
24  -1
10  -7
11  9
16  9
11  8
12  1
10  1
30  4
25  6
15  6
17  -11
21  -1
17  -4
16  -1
23  0
20  -4
18  -6
13  5
15  3
18  3
13  3
7  -1
29  4
25  11
25  6
47  4
20  -5
17  -6
9  3
9  9
6  9
8  1
35  -12
26  3
14  -1
17  -2
15  5
28  9
23  0
