15  -5
18  6
14  -3
20  1
19  -1
13  5
16  -5
12  4
14  -1
18  4
15  -5
21  7
21  5
12  5
14  -3
21  5
22  6
14  -3
20  -1
6  0
22  6
24  1
26  -7
10  7
14  -1
16  -6
15  -4
20  1
29  -1
10  6
22  5
16  -6
15  -4
21  6
14  -3
18  4
17  1
17  1
17  1
25  -8
23  5
13  5
23  4
19  0
22  7
17  3
19  -1
20  -1
14  -2
21  5
17  2
15  -4
22  7
15  -5
7  4
22  5
19  -2
18  6
11  -2
34  6
19  -2
28  -2
11  -2
20  1
9  5
19  -2
16  -7
22  7
15  -6
14  -2
12  3
27  5
23  6
23  6
14  -2
11  -1
31  -5
19  0
25  -6
19  -2
23  6
9  5
9  4
11  -2
23  5
26  -8
17  2
23  5
17  3
16  -5
21  7
16  -5
22  6
17  1
15  -6
24  1
16  -7
16  -7
12  5
15  -6
22  5
14  -2
7  6
17  2
12  5
24  1
27  5
28  -2
21  6
22  6
17  3
16  -5
15  -6
29  -3
19  0
16  -6
26  -8
27  6
17  1
25  -8
24  1
18  6
23  5
14  -1
16  -5
27  7
17  1
15  -6
19  0
26  -7
23  6
29  -3
12  3
18  6
10  7
32  8
14  -3
30  -1
21  5
20  0
14  -1
18  5
20  0
16  -6
9  5
18  6
17  2
16  -5
28  -2
25  -7
20  -1
17  3
15  -6
6  0
14  -1
18  4
10  6
28  -1
20  0
20  0
21  6
14  -2
18  6
17  3
15  -4
23  5
12  4
19  -1
26  -6
12  4
18  4
26  -7
28  0
22  6
18  4
11  -3
14  -2
24  3
24  2
15  -6
20  0
18  6
19  -2
17  1
22  7
17  3
14  -1
18  6
25  -8
15  -4
16  -6
21  5
31  -4
15  -6
18  4
18  4
21  5
19  -2
16  -5
19  0
18  6
25  -7
19  0
15  -6
12  5
18  4
15  -4
26  -6
24  2
8  5
16  -6
18  4
18  4
20  -1
17  1
11  -2
25  -6
22  7
15  -6
16  -6
28  -1
16  -5
18  5
33  -2
16  -5
18  5
16  -7
13  6
16  -5
20  -1
19  -1
36  2
17  3
14  -1
20  1
31  -5
26  -6
21  7
21  5
16  -7
18  6
18  6
36  2
24  3
23  4
20  1
14  -1
23  6
13  5
9  4
20  0
16  -7
20  -1
23  5
20  0
16  -7
13  4
16  -7
19  -1
23  5
16  -7
24  3
23  5
21  5
12  3
19  0
25  -6
17  1
21  7
22  5
27  5
8  4
18  6
18  5
22  6
22  5
11  -3
22  5
17  1
22  5
22  7
22  7
35  0
11  -1
26  -7
18  4
28  0
15  -4
9  6
21  6
25  -8
16  -5
18  4
18  4
28  -1
15  -4
15  -5
23  4
12  3
29  -1
28  -1
22  5
19  -1
8  5
18  4
17  2
11  -3
22  7
25  -8
21  6
17  2
16  -6
19  -2
26  -7
19  -1
14  -1
22  6
18  5
19  -1
17  3
28  -1
12  4
14  -3
28  0
32  8
22  6
17  2
20  -1
19  -1
13  5
27  5
14  -3
16  -7
23  6
28  0
26  -7
13  6
22  7
21  7
15  -4
17  3
22  6
17  1
18  6
15  -4
24  2
16  -6
15  -5
17  2
20  1
20  -1
23  6
15  -6
11  -3
20  1
17  3
25  -7
14  -2
11  -1
16  -5
15  -5
18  6
21  6
15  -4
17  2
23  4
24  3
22  5
18  5
18  5
19  -1
25  -8
18  4
20  -1
27  5
15  -4
13  4
15  -5
22  7
17  3
12  5
17  2
19  -1
19  -2
19  -2
17  2
25  -6
22  6
12  3
19  0
13  6
22  6
18  6
27  5
18  5
10  5
20  -1
21  7
16  -5
24  3
18  6
24  1
15  -4
15  -5
20  1
15  -4
13  6
18  4
29  -1
13  5
18  5
17  2
21  6
24  1
18  5
12  3
17  1
14  -2
15  -4
15  -6
27  5
17  2
18  4
20  -1
23  4
19  0
23  5
14  -3
25  -7
13  4
10  6
25  -8
29  -3
22  6
29  -3
18  6
19  -2
21  7
21  6
21  7
17  1
21  5
17  1
13  4
17  3
14  -1
21  7
25  -6
8  4
19  0
28  -2
21  7
22  5
10  6
18  5
19  -1
25  -8
15  -5
17  2
14  -3
14  -1
18  6
24  3
18  5
21  6
21  6
24  2
17  3
16  -6
15  -5
19  0
12  3
29  -2
26  -7
28  -1
14  -3
31  -6
18  6
9  4
23  4
10  6
17  2
21  7
15  -6
20  0
18  6
18  4
26  -6
20  0
22  5
28  -1
17  1
24  2
16  -6
19  -1
17  1
13  6
11  -2
20  -1
14  -1
34  6
17  3
19  -1
24  3
18  4
14  -2
25  -7
14  -2
16  -5
29  -1
35  -1
22  7
21  7
23  4
24  2
18  4
23  4
16  -7
13  6
14  -3
17  2
15  -5
23  5
27  7
5  -3
14  -2
20  1
10  6
21  7
28  0
27  5
21  5
14  -1
17  1
16  -7
24  1
15  -4
20  1
22  5
18  4
20  -1
20  1
32  8
21  7
16  -5
20  -1
17  3
7  6
16  -6
16  -6
23  6
19  -1
26  -8
20  0
15  -4
17  3
11  -3
29  -2
22  7
13  5
23  6
17  2
7  6
8  5
12  3
20  -1
16  -5
15  -4
13  5
8  3
15  -5
21  7
21  5
20  -1
25  -6
29  -3
15  -4
16  -7
16  -7
16  -5
18  6
24  2
19  0
18  5
20  -1
22  6
24  1
12  4
17  3
19  -1
24  3
25  -7
19  -2
17  3
14  -3
12  4
13  4
15  -4
17  2
13  5
23  5
17  3
22  7
16  -7
24  3
15  -6
19  -2
16  -7
14  -1
26  -7
12  5
17  1
14  -1
20  0
17  2
26  -8
16  -6
23  6
7  5
26  -6
17  3
23  4
30  -1
23  5
21  7
18  5
23  5
20  0
19  0
13  6
17  2
16  -6
19  -1
28  0
17  3
24  3
19  -2
26  -7
17  1
19  -1
14  -3
24  1
16  -5
20  0
15  -5
19  -2
23  6
11  -2
22  7
12  4
20  1
17  1
18  4
19  -2
17  1
10  7
25  -8
26  -8
23  6
12  5
13  5
20  -1
14  -1
17  3
12  4
20  -1
18  6
7  4
20  1
13  4
19  -1
16  -5
21  5
22  6
18  5
13  6
19  -1
11  -1
15  -5
19  0
11  -2
19  -1
16  -5
19  -2
16  -5
21  5
21  6
15  -5
27  7
13  5
18  6
23  5
19  0
25  -7
27  6
25  -8
12  5
14  -2
33  -4
15  -4
14  -1
13  4
13  6
17  1
17  1
19  -2
24  2
24  2
20  0
15  -5
26  -6
18  4
12  4
23  6
23  6
17  3
20  1
19  0
13  4
18  5
20  1
16  -6
28  -2
30  -3
16  -6
23  6
15  -6
27  5
28  -2
17  3
21  5
23  4
18  4
10  5
15  -4
19  -1
21  7
23  4
15  -5
12  5
16  -5
22  5
24  1
19  -2
17  2
18  6
37  -2
19  -2
13  6
18  4
15  -5
13  6
13  4
24  1
16  -5
20  1
23  5
19  0
18  6
15  -6
18  5
20  1
11  -1
27  7
24  2
25  -7
9  5
24  2
16  -5
27  5
23  6
17  3
24  1
14  -1
17  1
28  -2
26  -7
18  5
24  1
10  6
12  4
12  5
13  6
18  5
10  7
19  -2
17  2
24  1
11  -1
18  4
27  6
12  4
18  4
18  4
15  -4
23  5
15  -4
22  7
25  -8
11  -2
16  -6
16  -7
28  -2
16  -6
17  1
18  5
12  3
20  0
22  6
17  3
20  0
17  3
20  0
13  5
17  2
19  -2
16  -5
19  -2
24  1
15  -5
13  5
14  -3
18  6
9  5
21  6
22  6
19  -1
16  -7
21  7
30  -3
24  2
24  1
9  4
10  7
23  4
17  3
18  4
12  3
7  5
16  -6
21  5
20  1
9  6
15  -4
20  -1
16  -6
19  -1
16  -6
22  7
29  -2
24  3
19  -1
14  -3
34  6
30  -2
14  -1
15  -4
29  -2
18  5
11  -1
7  6
13  4
9  6
35  -1
32  6
24  2
18  5
17  3
19  -2
17  2
25  -7
17  1
22  7
15  -6
14  -1
22  7
10  6
23  5
15  -4
23  5
17  3
16  -6
18  4
20  1
18  4
22  7
23  6
19  -1
17  1
19  0
21  6
21  6
19  0
17  1
23  4
15  -5
12  3
22  6
13  5
20  -1
16  -7
21  5
18  6
6  0
18  4
23  5
12  5
17  1
26  -7
12  5
17  1
10  7
25  -6
10  5
19  -2
16  -7
21  5
23  5
10  5
20  -1
22  5
10  5
29  -1
13  5
14  -3
23  5
17  3
24  2
21  5
21  6
14  -3
19  0
18  5
23  5
14  -1
30  -3
16  -6
26  -8
20  0
19  0
24  1
19  -2
19  -1
21  7
16  -5
19  -1
23  4
10  6
20  1
21  7
21  6
28  0
17  2
17  1
17  3
8  3
18  5
25  -8
20  0
28  0
21  6
19  -1
17  1
17  1
11  -2
19  0
19  0
22  5
13  6
17  1
22  7
22  6
19  0
19  -1
18  5
17  1
13  6
6  1
22  6
17  3
19  -1
21  7
24  1
11  -3
15  -6
15  -6
15  -6
17  1
11  -1
22  5
22  5
16  -5
17  3
16  -7
23  6
28  0
24  2
24  3
14  -3
14  -2
