13  -11
20  -1
15  -6
9  4
18  -1
19  5
21  -8
21  -8
18  -8
17  4
22  0
9  4
20  1
23  5
15  -1
15  -5
12  -4
16  9
21  -8
18  -5
16  7
16  4
16  4
18  -5
14  -2
10  -9
17  2
13  -4
17  2
25  1
15  -1
9  3
9  7
24  -3
8  -2
9  6
12  -1
12  -2
18  -3
15  -1
14  0
25  4
11  4
17  5
7  5
13  -4
13  -8
11  -2
8  -3
12  -5
22  2
14  -4
15  -1
17  4
15  -5
18  -6
15  -1
14  1
8  -7
17  0
22  3
15  -7
9  4
19  6
13  -6
5  1
12  -5
14  0
14  -3
10  -9
13  -3
10  -7
12  -4
10  -4
12  -8
10  -4
10  -10
14  0
10  -6
7  1
14  1
14  -1
9  7
15  -7
8  -2
15  -1
9  7
16  7
16  5
20  4
10  -8
9  -1
12  -4
11  -3
16  3
21  -2
10  -10
21  -4
18  -3
18  -1
9  6
9  2
13  -5
18  -1
16  10
16  10
17  1
13  -8
21  -3
16  9
8  -9
14  -7
15  -1
23  8
27  10
13  -3
14  1
9  1
8  -3
14  -1
10  -2
14  -1
7  1
9  -1
14  -6
19  9
15  -2
17  -2
17  0
24  -4
12  -7
21  -2
18  -2
19  9
24  -3
13  -7
20  3
22  4
21  -5
17  6
14  -7
14  -5
17  1
14  -2
16  4
8  -7
19  10
17  6
13  -5
19  3
15  -1
11  2
19  8
18  -3
17  5
11  -1
16  3
13  -11
5  0
5  -3
15  -3
17  6
13  -8
17  1
14  -6
12  -3
14  -7
5  -6
23  0
18  -4
14  0
8  -9
10  -3
9  0
11  -3
19  2
18  -8
14  -2
6  -1
23  8
20  4
10  -3
4  3
11  2
18  -5
17  -2
15  -1
14  0
15  -6
13  -9
15  0
13  -3
10  -8
17  2
21  -7
16  4
10  -7
14  -1
17  4
17  -1
10  -9
11  -3
18  0
12  -7
18  -6
17  -1
17  -1
15  -6
15  -4
18  -2
11  1
14  -4
18  -6
18  -3
17  2
20  2
22  2
7  7
17  6
11  -1
14  -7
19  3
22  3
7  4
17  0
4  0
30  -9
13  -10
14  1
10  -9
18  -6
13  -7
13  -10
11  1
12  -3
16  7
16  10
15  -6
13  -5
15  -5
16  6
4  -1
20  0
17  1
8  -5
19  5
11  5
6  -2
7  2
8  -4
16  5
9  7
4  0
16  11
20  -1
19  7
16  5
7  1
15  -3
15  -7
9  7
13  -6
12  -6
13  -4
16  4
3  4
13  -5
9  7
11  -3
18  -2
15  -1
16  3
18  -6
17  0
14  -3
16  5
15  -3
16  9
10  -3
14  -6
7  5
16  6
17  0
10  -4
13  -4
12  -5
12  -4
20  6
10  -6
21  -4
20  3
10  -9
18  -6
15  -3
11  -1
17  5
15  0
18  -8
20  0
15  -5
12  -6
9  4
11  2
13  -6
16  10
26  5
12  -8
15  0
20  2
18  0
13  -8
13  -9
7  6
10  -7
18  -6
13  -4
10  -7
14  -1
11  0
16  3
7  2
13  -7
10  -6
10  -8
9  1
9  6
11  1
11  0
13  -6
10  -10
9  2
18  -1
13  -10
13  -7
20  -1
18  -2
27  6
6  -3
12  0
12  -5
11  -2
18  0
14  -6
15  -2
16  7
26  8
13  -8
12  -1
13  -3
19  4
18  -5
22  2
11  -1
7  1
10  -3
18  -4
13  -8
17  -2
18  -5
21  -4
16  11
15  -1
25  4
15  -4
12  -5
11  1
13  -5
22  6
17  3
13  -8
19  2
15  -3
22  4
16  11
12  -1
10  -6
16  11
7  6
13  -3
21  -2
21  -7
19  2
10  -7
7  1
24  -2
10  -10
13  -5
14  -2
14  -5
15  -7
18  -5
11  -3
19  10
13  -5
10  -8
13  -7
17  -2
13  -4
14  -2
27  8
16  3
12  -1
14  -1
7  1
16  7
16  5
15  -2
14  1
15  -1
16  10
18  -6
22  6
18  -5
22  7
14  -3
7  8
14  -2
6  -5
10  -3
15  -4
22  6
8  -7
14  -5
15  -6
18  -3
13  -3
10  -10
17  5
17  -2
9  6
14  -7
18  0
17  3
11  3
16  10
19  9
7  9
20  3
26  4
31  -3
17  4
21  -4
15  0
7  9
12  -5
12  -1
18  0
10  -8
16  6
7  5
21  -2
10  -10
11  0
15  -2
14  -1
21  0
14  -1
11  3
10  -3
14  -1
21  -2
11  5
14  -2
11  0
12  -8
13  -6
16  5
18  -6
13  -4
14  -5
14  -6
9  7
14  -2
12  -3
18  -3
8  -5
16  9
11  -3
12  -4
14  -6
7  9
14  -3
24  -1
23  8
19  8
11  4
20  2
18  -3
26  9
16  10
13  -11
14  -7
11  -1
13  -8
15  -7
10  -6
14  -3
6  -1
15  -3
26  1
14  -6
16  3
19  7
10  -5
17  -2
8  -7
25  0
11  0
19  3
22  1
11  4
10  -6
19  4
18  -8
23  4
15  0
12  -8
10  -6
10  -9
17  4
15  0
18  -4
9  6
9  4
13  -5
15  0
14  -4
12  -4
11  -3
16  4
14  -2
14  -7
18  -3
17  0
12  0
9  2
14  -7
13  -5
16  7
23  0
12  -5
10  -2
12  -8
13  -11
16  3
13  -3
14  -1
21  -5
19  5
10  -8
17  -1
12  -4
15  1
20  3
9  4
19  2
13  -6
15  -7
10  -6
17  6
18  -6
17  -1
8  -3
10  -2
9  -1
7  6
11  0
14  -1
18  -8
15  -7
24  0
18  -4
14  -2
16  6
16  4
14  -6
26  1
15  -2
18  -1
10  -6
13  -4
10  -8
14  1
16  11
16  9
13  -11
19  8
25  2
13  -11
16  4
13  -3
11  3
18  -6
18  -8
20  6
12  -5
16  10
15  -7
17  1
17  6
16  5
14  -4
12  -2
16  7
10  -6
11  2
12  0
18  0
10  -3
24  -1
11  3
17  1
9  5
11  4
8  -1
16  8
17  -2
12  -1
17  5
9  1
7  9
3  1
21  -7
18  -8
12  -2
19  7
12  -4
16  4
20  4
24  -8
15  -5
17  0
13  -9
16  5
15  -5
17  2
21  -3
13  -7
6  1
14  -5
18  0
11  -2
12  0
17  5
17  -2
21  -7
12  -7
17  6
4  2
16  10
16  6
6  -3
15  -7
22  0
9  1
10  -2
10  -5
9  2
15  1
18  -1
11  2
11  5
10  -2
15  0
15  -4
15  -1
10  -9
9  5
8  -6
18  -3
23  8
10  -4
13  -5
17  0
10  -5
19  9
21  -3
12  -5
22  1
21  -6
12  -4
11  0
11  3
7  8
15  -3
8  -7
20  0
9  5
5  1
19  8
11  -2
18  -5
16  7
11  -1
9  2
16  5
18  -6
7  5
18  -2
10  -3
14  -6
14  -1
22  3
16  3
15  0
8  -6
10  -9
13  -8
8  -8
13  -4
12  0
19  2
17  6
10  -4
18  0
20  -1
15  -1
20  2
16  7
11  0
18  -1
15  -5
9  -1
18  -5
21  -3
15  1
17  -2
20  2
25  8
6  3
19  2
16  10
10  -5
15  1
14  0
12  0
12  0
17  2
18  -4
11  -1
14  -5
26  2
21  -1
15  -1
21  -2
9  3
10  -4
16  3
18  -2
21  -5
9  0
11  4
15  -1
17  6
20  1
22  6
10  -2
16  7
12  -1
21  -7
15  -3
7  2
4  7
17  -1
13  -5
15  -7
22  8
9  5
8  -5
9  -1
8  -7
13  -3
19  7
20  3
10  -5
13  -5
16  4
13  -5
21  -4
21  -3
13  -10
11  0
14  1
14  -7
11  -3
7  5
16  11
21  -3
16  8
21  -4
13  -6
24  -8
8  -8
10  -5
16  7
12  -6
16  6
13  -9
21  -2
16  6
20  3
13  -9
8  -7
20  3
15  0
22  5
10  -6
15  -4
6  -2
25  5
11  4
24  -5
10  -5
18  -8
8  -5
18  -5
5  -7
13  -5
20  1
18  -3
10  -4
20  2
9  6
8  -3
14  -3
23  7
4  7
16  6
20  4
20  6
10  -6
15  0
8  -7
18  -5
7  3
10  -2
16  4
9  -1
11  3
18  -6
21  -7
12  -3
17  5
3  4
8  -2
16  7
12  0
20  3
15  -2
9  4
24  -5
15  -6
19  3
14  -7
10  -3
13  -4
8  -4
22  7
16  9
21  -4
18  -5
10  -7
11  5
20  4
24  -3
12  -3
16  10
18  -7
19  4
9  1
25  8
9  4
16  11
15  0
8  -1
24  -1
12  -3
10  -8
12  -7
9  7
12  -3
12  -7
12  -7
16  11
14  0
16  10
12  -4
14  -2
16  6
11  1
11  2
14  -2
22  2
16  9
16  4
12  -5
9  4
18  -6
12  -7
15  -2
19  9
10  -3
14  -7
17  3
9  5
7  5
20  4
11  0
14  -6
13  -8
10  -4
11  2
13  -8
21  -4
22  3
9  0
14  -2
9  5
14  -7
19  3
14  -4
9  6
14  -4
21  -8
14  1
8  -4
5  -4
13  -9
15  1
8  -9
24  0
12  -6
15  -5
22  0
6  2
15  -2
7  6
21  -5
26  3
17  4
22  7
8  -3
23  8
14  -5
17  1
9  -1
10  -9
8  -1
36  -7
16  10
16  5
13  -9
13  -3
13  -11
14  -2
13  -3
16  6
15  -4
20  -2
14  -3
21  -5
24  0
19  6
5  -4
20  0
22  1
16  6
12  0
15  -5
8  -4
17  -1
9  7
8  -6
30  -7
14  -7
9  5
22  5
20  -1
5  -3
15  1
14  -3
10  -3
15  -3
12  -7
8  -9
11  0
13  -3
10  -3
13  -9
14  1
10  -2
13  -11
11  -1
14  -2
16  11
18  -6
15  -4
11  -1
13  -8
11  -2
