32  -2
20  -1
23  -2
33  0
40  -1
39  6
21  -3
18  5
40  1
46  0
37  9
34  -4
34  -4
28  3
48  6
29  2
30  -5
41  1
44  -2
24  6
44  2
32  0
46  2
41  3
24  7
22  4
22  2
36  8
24  6
32  0
34  -7
31  0
44  1
40  0
41  4
30  -2
20  1
29  -2
23  -1
27  -5
26  -4
37  8
18  5
32  -4
41  0
24  4
19  -3
37  6
47  5
30  -4
38  5
22  4
30  -6
29  -2
28  6
29  -1
32  -3
39  5
39  5
34  -6
24  4
28  4
16  -1
41  1
51  -3
39  5
22  5
35  2
36  4
26  -5
31  0
27  -3
34  -5
23  -1
31  -1
33  2
37  9
46  2
37  6
40  -1
30  -6
33  -1
37  7
24  5
24  5
48  6
38  7
36  8
37  7
47  3
31  -2
30  -6
45  1
40  0
36  8
24  5
49  -7
28  2
26  -6
36  4
23  2
41  0
19  -3
33  2
34  -4
35  4
42  -8
25  -2
22  2
33  1
27  -1
26  -4
41  3
23  -1
26  -6
14  -2
30  -3
27  -2
28  4
18  4
35  4
46  3
41  2
30  -2
35  1
33  -1
42  -5
21  -5
37  6
31  1
36  6
30  -6
33  0
35  3
41  2
32  -1
33  -2
30  -6
38  3
25  -1
14  -2
31  -3
27  -2
28  5
27  -4
40  -2
46  3
47  3
31  0
41  2
28  5
37  5
40  1
37  9
40  1
36  4
36  4
33  -1
31  1
42  -7
38  5
46  0
23  0
33  0
33  -2
25  0
37  7
31  -3
56  -4
47  5
34  -7
37  9
24  3
51  0
39  4
53  -6
36  8
18  5
27  -4
47  3
36  8
27  -5
34  -6
39  4
27  -1
21  -7
27  -5
43  1
34  -4
36  7
39  2
40  2
34  -7
36  4
31  -1
22  3
48  7
20  -1
29  2
37  9
42  -7
35  3
52  2
21  -5
29  1
25  1
23  0
32  -4
23  2
22  2
34  -6
33  1
16  -4
42  -7
41  4
36  6
26  -5
31  -1
33  0
49  -6
35  0
24  4
26  -6
37  7
32  -3
34  -8
21  -6
36  8
28  2
20  -2
51  -3
24  4
32  -2
43  1
33  2
39  4
39  4
20  0
38  3
27  -3
26  -2
32  0
19  -4
24  3
30  -5
28  6
36  4
36  7
45  1
24  3
25  0
28  2
23  1
39  4
30  -3
29  -1
28  4
25  2
16  -4
45  0
47  2
35  0
30  -2
38  3
30  -5
39  2
20  -2
57  -2
25  0
27  -5
41  3
54  0
27  -1
18  7
17  -4
29  2
28  4
37  7
43  2
25  1
27  -4
27  -2
31  -3
45  0
26  -2
28  5
30  -3
45  2
36  5
34  -4
32  -4
28  5
18  6
29  2
38  4
41  3
16  -3
33  1
33  -1
33  -1
33  1
28  4
28  2
49  -5
27  -5
50  -5
27  -2
30  -6
34  -5
29  2
62  7
27  -2
31  -1
14  -1
28  2
51  -4
40  2
26  -4
45  0
22  5
21  -5
24  6
37  9
28  3
39  3
22  5
37  8
19  -1
33  2
28  2
45  2
43  4
39  2
24  7
16  -4
28  3
42  -9
39  2
36  8
22  3
43  4
39  4
30  -3
39  2
37  7
36  4
22  5
45  0
17  -5
46  2
28  5
38  7
38  3
21  -5
57  -4
24  3
31  -3
23  -1
29  -2
46  0
22  5
46  3
28  6
63  -4
32  -3
41  4
22  5
52  1
31  -2
32  0
31  -3
38  5
31  -2
41  4
30  -6
51  -4
31  1
39  5
36  7
32  0
36  4
34  -6
43  4
28  2
25  2
27  -3
33  -2
24  5
28  2
30  -6
29  -1
16  -4
29  1
38  7
32  -1
22  6
39  5
28  6
24  6
15  -3
37  5
31  -3
19  -1
35  4
32  0
36  5
26  -6
31  1
42  -8
38  5
27  -2
36  6
30  -6
39  5
15  -1
41  3
20  2
29  -1
31  -2
51  -1
34  -4
22  6
30  -3
25  0
43  3
23  2
49  -6
37  5
28  4
42  -9
35  3
30  -5
26  -2
34  -7
22  6
36  7
47  4
52  4
26  -6
55  -3
30  -5
20  1
17  -5
53  -6
57  -3
46  1
42  -6
30  -3
31  -1
21  -3
37  5
49  -5
25  2
35  2
20  -1
30  -5
22  5
30  -4
30  -4
30  -2
26  -6
44  -1
49  -7
25  -1
19  -2
46  0
42  -9
32  -2
27  -1
28  3
32  -3
31  1
27  -5
47  3
22  4
39  2
27  -3
25  1
24  5
29  1
34  -8
20  0
33  2
46  1
40  2
57  -6
32  -1
44  2
27  -5
37  6
27  -5
33  2
25  1
29  -2
29  2
34  -7
26  -2
43  2
42  -9
24  6
19  -2
32  -4
38  3
37  5
52  0
40  -1
45  1
26  -6
32  -2
31  -3
39  6
28  6
36  6
46  -1
37  8
14  0
30  -6
48  6
21  -7
19  -5
41  0
27  -4
34  -4
31  1
27  -5
44  0
14  -1
35  2
27  -3
50  -4
30  -4
46  3
38  5
39  6
37  9
25  -1
29  -1
31  0
35  2
33  -2
24  3
44  2
24  5
42  -7
39  5
24  4
29  2
48  8
30  -3
35  1
29  0
34  -8
19  -1
42  -7
32  0
26  -2
28  4
30  -4
33  0
36  8
30  -6
29  -1
24  4
27  -4
59  4
28  6
23  0
17  -3
30  -6
23  2
18  5
38  4
27  -5
39  5
44  1
35  3
25  0
35  0
34  -5
38  5
33  -1
35  2
36  6
21  -6
36  5
37  6
38  5
30  -4
35  0
24  4
23  2
57  -6
20  2
31  1
35  1
30  -3
41  3
28  6
30  -5
22  3
28  2
47  6
48  6
33  -1
45  1
36  6
42  -9
29  -1
31  1
26  -5
13  5
24  6
41  2
36  6
14  -1
30  -5
20  0
31  -2
28  2
40  -2
35  3
40  -1
29  1
28  6
27  -5
24  6
24  5
28  5
29  1
30  -4
42  -6
37  6
53  -2
41  0
30  -5
37  8
31  1
26  -6
18  4
30  -3
34  -8
27  -4
39  2
20  2
26  -6
24  3
36  8
34  -4
45  1
30  -3
20  2
38  3
28  5
33  -2
33  0
42  -9
36  7
33  2
26  -5
28  2
45  2
39  5
51  -3
24  6
33  1
35  0
34  -8
28  2
44  2
31  -1
48  8
32  -3
56  -6
27  -4
30  -6
50  -4
15  -5
24  5
38  5
33  -1
34  -4
26  -3
27  -1
21  -6
41  0
14  0
38  4
17  -4
34  -8
33  0
23  -1
34  -8
30  -4
24  3
30  -2
22  2
31  -1
43  0
27  -4
37  5
27  -1
31  -3
21  -4
12  3
30  -6
49  -5
33  1
36  8
40  2
12  4
40  1
35  4
42  -6
24  4
35  3
28  3
44  -2
25  0
21  -5
32  -3
40  -1
32  -1
19  -4
31  -1
33  0
28  4
43  4
30  -3
26  -5
23  1
29  1
32  -3
22  4
24  5
18  6
36  6
27  -5
21  -6
41  1
28  3
27  -2
31  0
30  -4
33  -2
46  0
42  -9
49  -6
31  1
21  -6
25  -2
16  -3
28  4
33  0
26  -4
35  2
27  -5
34  -8
33  -1
35  4
41  4
22  3
28  3
20  -2
45  2
31  0
36  6
26  -2
34  -6
29  0
29  1
21  -3
19  -3
29  2
35  3
46  1
40  -2
30  -4
32  -1
22  2
32  0
22  5
31  0
33  2
18  3
27  -2
31  0
24  3
16  -5
26  -2
51  -2
30  -5
48  8
25  0
40  2
27  -1
32  0
40  1
27  -4
40  0
33  1
47  2
28  6
33  2
35  4
30  -3
37  8
24  3
41  2
22  3
35  2
26  -2
47  6
25  0
25  -1
26  -2
41  1
50  -6
35  0
29  2
37  6
27  -4
43  4
30  -6
35  4
37  6
31  0
38  3
26  -6
38  4
49  -7
36  4
23  0
37  6
26  -5
32  -1
32  -1
29  -1
45  0
46  -1
28  3
36  6
24  6
26  -2
66  2
40  1
44  1
25  0
28  3
34  -8
27  -2
36  6
17  -2
30  -4
28  5
31  -2
17  -3
46  0
23  -2
45  -1
48  5
32  -3
46  -1
40  -1
20  -1
54  0
31  -1
31  -1
38  4
48  6
25  1
37  7
22  6
31  1
26  -5
26  -5
15  -2
45  2
52  3
49  -6
30  -2
19  -1
45  1
44  1
23  -1
37  8
30  -2
31  1
25  0
26  -4
40  -2
29  1
30  -2
19  -5
28  3
24  5
15  -3
23  -1
22  5
27  -1
27  -2
28  5
33  -1
34  -6
23  -1
39  4
35  4
46  -1
51  0
38  5
40  2
29  2
24  5
29  1
33  -2
33  -2
22  2
22  3
35  3
36  5
24  6
40  1
32  -1
37  8
39  5
28  4
49  -6
41  1
36  6
52  0
22  3
32  0
34  -4
50  -2
22  4
23  1
26  -6
38  5
22  2
25  0
38  5
26  -2
32  -4
37  7
31  0
32  -3
24  5
25  2
42  -5
48  7
15  -4
26  -5
35  0
33  0
39  4
37  7
46  0
45  2
34  -6
34  -7
32  -3
38  4
30  -5
58  4
41  2
31  0
41  3
30  -2
55  -5
18  6
25  -2
39  3
41  1
43  2
29  -1
20  1
23  2
19  -1
35  0
34  -7
18  6
22  6
40  -1
37  7
20  0
47  5
35  0
31  1
36  5
39  6
39  6
27  -1
28  5
21  -4
25  -2
40  1
46  3
15  -4
31  -1
42  -7
32  -1
