3  5
0  -6
0  -8
0  -7
1  5
0  -6
3  7
3  7
1  5
0  -8
0  -8
0  -7
0  -7
0  -7
0  -7
0  -7
0  -8
0  -7
1  4
1  3
0  -6
1  4
0  -8
0  -8
3  7
0  -7
0  -6
3  6
2  5
0  -6
0  -6
0  -7
1  4
2  3
1  3
0  -8
0  -6
2  3
1  4
0  -8
3  6
0  -8
0  -8
0  -7
1  4
0  -8
0  -8
1  4
1  5
3  5
0  -8
1  4
0  -6
1  3
4  1
0  -7
1  3
1  5
2  4
0  -8
0  -6
1  5
1  4
3  5
1  3
2  5
1  3
0  -6
0  -8
2  4
0  -8
8  -2
0  -7
1  5
1  3
2  4
1  3
1  4
1  4
0  -7
0  -7
1  4
0  -7
0  -7
0  -8
0  -7
0  -8
0  -6
0  -6
1  5
1  3
0  -8
0  -8
0  -6
1  5
1  3
0  -6
0  -7
0  -6
0  -8
1  3
2  4
0  -7
5  3
0  -7
3  5
1  5
2  3
0  -8
0  -6
0  -8
1  3
0  -7
2  3
1  4
0  -8
0  -6
0  -8
2  5
3  7
0  -6
3  5
0  -7
0  -8
0  -6
0  -6
0  -6
0  -8
2  3
0  -7
0  -6
0  -7
0  -8
0  -7
0  -7
0  -7
0  -7
0  -7
0  -7
1  4
1  5
0  -6
2  4
1  3
1  3
1  4
1  3
0  -7
0  -8
1  4
0  -6
0  -7
0  -6
0  -7
0  -6
0  -8
2  5
0  -6
1  4
1  3
3  5
0  -6
0  -6
0  -8
0  -7
1  4
1  5
0  -7
1  3
0  -6
0  -8
0  -7
0  -8
0  -6
0  -7
0  -6
0  -6
3  5
1  4
0  -6
0  -6
0  -6
0  -6
0  -6
1  5
0  -8
0  -8
1  4
0  -7
3  6
1  4
0  -6
0  -7
2  4
0  -6
1  5
0  -8
0  -6
0  -8
0  -8
0  -6
0  -7
0  -7
0  -7
0  -8
1  4
0  -8
1  5
0  -7
0  -8
0  -6
0  -8
0  -6
0  -7
0  -8
0  -6
0  -7
2  5
1  5
3  6
0  -8
0  -6
1  3
0  -6
1  4
0  -6
0  -6
0  -7
0  -6
2  4
0  -6
0  -6
2  5
1  5
0  -8
0  -8
0  -7
3  7
0  -8
0  -6
0  -8
0  -7
1  4
0  -6
0  -7
0  -6
0  -6
0  -8
2  4
1  4
1  4
1  3
3  7
0  -8
0  -6
0  -7
0  -7
0  -6
0  -7
4  -1
1  5
2  4
0  -7
0  -7
0  -7
1  5
0  -6
0  -7
1  5
1  3
3  6
1  5
1  3
0  -8
0  -6
0  -7
2  3
1  3
0  -7
0  -7
3  5
0  -7
0  -6
0  -8
1  3
0  -6
1  5
1  5
0  -8
0  -7
2  5
0  -6
0  -6
1  4
0  -8
1  5
0  -8
1  4
0  -8
0  -7
1  3
0  -8
1  5
0  -8
1  3
0  -7
0  -6
0  -6
0  -7
0  -8
0  -7
0  -8
1  5
0  -6
0  -8
0  -8
0  -6
1  4
0  -7
0  -8
1  3
2  3
0  -7
0  -8
2  4
1  5
1  5
0  -8
0  -8
0  -6
0  -8
2  3
0  -7
0  -6
0  -8
1  4
1  3
0  -7
0  -8
0  -7
1  5
0  -6
0  -7
0  -6
0  -7
0  -7
0  -8
2  3
0  -8
0  -8
1  4
0  -6
0  -8
1  4
0  -7
2  3
2  5
0  -6
1  5
1  4
0  -6
0  -7
1  4
1  4
0  -6
0  -8
0  -6
0  -7
0  -6
0  -8
0  -7
0  -7
0  -6
0  -6
0  -7
0  -8
0  -7
0  -8
1  5
1  3
0  -6
0  -7
1  5
0  -6
1  5
3  7
3  7
2  5
0  -8
2  3
1  3
0  -7
0  -7
0  -6
2  5
1  3
5  3
3  7
1  3
0  -8
0  -6
1  5
9  -1
0  -7
0  -6
1  3
0  -7
1  5
2  3
0  -6
0  -8
0  -8
2  4
0  -8
1  4
0  -6
2  4
1  5
1  5
1  3
1  5
1  5
0  -8
0  -6
3  7
4  -1
1  3
1  5
0  -7
1  4
3  7
0  -7
1  3
0  -7
0  -7
1  4
1  4
0  -8
1  5
0  -6
0  -8
0  -8
0  -7
0  -8
1  3
1  3
2  5
0  -8
0  -7
0  -6
0  -6
0  -7
4  1
0  -7
2  5
1  3
0  -6
2  4
2  4
0  -6
0  -8
1  5
0  -6
2  3
0  -6
1  5
0  -6
3  6
3  7
0  -7
1  5
0  -8
0  -6
0  -7
1  4
0  -6
0  -7
0  -6
0  -7
0  -8
0  -7
0  -7
0  -7
1  5
1  3
3  5
2  4
0  -7
0  -7
1  5
0  -7
0  -8
3  5
0  -7
0  -7
0  -8
0  -7
3  6
1  4
0  -6
2  5
0  -8
0  -6
0  -6
0  -7
1  5
1  3
1  3
0  -8
2  4
0  -8
1  4
0  -7
0  -7
3  7
0  -7
3  6
0  -7
4  0
1  4
1  5
0  -8
0  -7
0  -6
0  -8
0  -8
1  5
0  -8
2  4
0  -8
0  -7
0  -6
0  -7
0  -7
0  -6
0  -8
1  3
1  3
2  4
1  5
1  4
1  4
0  -7
0  -6
1  4
0  -8
0  -6
0  -6
0  -7
0  -7
2  5
1  5
0  -7
0  -6
4  -1
0  -7
0  -7
2  4
2  5
2  5
1  5
0  -7
0  -7
0  -8
0  -8
0  -7
1  5
0  -6
1  5
0  -6
0  -8
0  -7
1  4
0  -6
0  -7
0  -7
3  5
1  5
1  5
2  3
1  4
0  -6
0  -6
0  -8
1  5
0  -7
0  -7
0  -8
1  5
1  3
2  3
0  -6
0  -8
0  -8
0  -8
0  -7
0  -7
0  -8
0  -6
2  5
1  5
1  3
0  -6
0  -7
0  -8
1  4
0  -8
1  5
0  -8
1  3
0  -8
1  3
0  -6
0  -7
1  3
3  6
1  3
1  3
1  3
1  4
1  3
0  -7
0  -7
0  -6
0  -8
0  -8
1  5
0  -7
1  5
0  -6
0  -8
0  -6
4  -1
1  3
0  -8
0  -6
0  -6
3  7
0  -8
0  -6
2  5
1  4
2  4
2  4
1  5
1  4
1  5
0  -8
0  -6
0  -6
1  3
0  -7
0  -8
0  -6
1  5
0  -8
0  -7
1  5
2  4
3  6
0  -6
0  -8
0  -8
0  -7
0  -7
0  -7
1  5
0  -8
0  -7
1  4
1  4
0  -7
4  -1
0  -6
0  -7
1  5
1  5
1  5
0  -6
0  -8
0  -6
1  4
2  5
0  -6
2  5
0  -6
0  -6
0  -7
3  5
1  4
0  -7
0  -6
1  3
0  -6
0  -8
1  4
0  -8
1  5
2  4
2  4
0  -8
0  -8
1  4
3  6
0  -6
0  -6
0  -6
0  -6
0  -7
2  3
2  5
2  5
1  4
1  4
0  -6
0  -8
2  5
1  5
1  5
0  -6
0  -8
1  3
0  -7
0  -8
1  5
0  -6
0  -7
0  -8
1  3
0  -6
1  3
0  -6
1  4
1  5
0  -6
3  7
2  5
0  -7
3  5
4  1
0  -6
1  3
1  4
0  -8
0  -7
0  -7
1  4
0  -6
2  4
2  4
2  5
0  -7
1  4
0  -6
0  -7
0  -8
0  -8
0  -6
0  -8
0  -7
1  3
1  4
4  -1
1  5
1  3
0  -8
1  5
0  -6
0  -7
0  -7
0  -7
0  -6
0  -7
0  -6
0  -8
0  -6
0  -7
2  5
0  -8
0  -7
3  5
2  3
2  4
0  -8
0  -8
1  5
0  -7
0  -7
3  5
0  -8
0  -6
0  -8
0  -7
0  -8
0  -8
0  -8
0  -7
0  -7
1  4
0  -6
1  4
1  5
0  -7
2  5
1  4
2  3
2  5
0  -8
0  -6
0  -6
1  3
6  -5
3  7
3  7
1  5
0  -8
1  4
0  -7
0  -7
0  -8
1  5
3  5
3  6
0  -7
0  -6
0  -6
0  -8
0  -8
0  -8
0  -6
0  -6
0  -8
2  3
1  4
0  -7
0  -8
0  -8
1  4
1  5
0  -7
1  4
1  5
1  5
0  -8
0  -8
0  -8
1  3
0  -8
0  -7
0  -7
0  -6
0  -6
0  -7
0  -7
0  -7
0  -6
4  -1
0  -7
0  -8
2  4
4  0
0  -8
3  6
2  3
0  -6
0  -6
0  -7
0  -8
0  -6
3  5
0  -6
1  3
0  -8
0  -7
0  -7
5  3
0  -8
0  -8
3  5
2  5
0  -6
0  -8
2  3
2  3
1  3
0  -6
0  -6
0  -6
0  -7
1  3
1  5
2  3
1  4
0  -8
0  -7
0  -8
0  -6
0  -6
0  -6
0  -7
1  5
1  4
0  -6
2  3
0  -6
0  -6
0  -6
1  4
0  -6
1  3
1  5
0  -6
1  3
1  4
0  -7
0  -6
1  3
1  4
0  -6
2  3
0  -7
1  3
2  5
0  -8
1  3
0  -8
0  -6
0  -8
0  -6
0  -8
2  4
0  -6
3  5
0  -6
0  -8
0  -6
0  -8
0  -7
0  -6
0  -7
0  -7
0  -8
0  -6
0  -6
1  4
0  -6
4  0
0  -7
0  -8
1  5
0  -7
5  2
1  5
0  -7
1  3
1  4
0  -6
0  -6
1  3
0  -6
0  -6
0  -7
0  -8
0  -8
0  -8
1  3
1  3
0  -7
0  -6
1  3
3  7
0  -6
2  5
0  -6
0  -8
1  5
2  5
0  -7
0  -7
2  5
1  5
0  -8
0  -7
0  -8
3  7
0  -8
0  -6
0  -8
2  4
0  -8
0  -8
0  -6
0  -8
0  -6
0  -6
0  -6
1  5
0  -6
0  -7
0  -7
