21  -5
51  -3
41  -9
41  -9
35  6
60  -6
52  -7
31  -1
25  3
79  5
43  4
46  7
46  7
20  6
54  -2
52  -4
20  7
28  4
79  5
54  -5
39  6
53  -5
36  -3
32  -6
42  -2
51  -4
54  -3
47  -2
24  -2
45  -3
30  -7
45  0
37  4
43  4
30  -7
40  -3
13  7
42  -2
41  -8
32  -7
40  -4
32  -5
54  -2
46  6
31  1
43  4
43  3
51  -4
50  -1
35  4
57  -3
44  -6
32  -7
26  -6
65  0
43  1
19  -5
40  -3
25  1
37  1
37  3
37  2
58  4
50  1
40  -4
27  1
51  0
26  -4
57  -2
55  -1
30  -8
71  -1
66  -5
50  -1
27  1
75  -4
33  6
60  -7
34  3
45  -2
21  -2
63  -3
16  9
26  -2
35  7
44  -3
42  -3
41  -6
50  -2
40  -5
26  -4
62  4
77  -6
40  -4
34  3
57  0
60  -7
28  5
42  -3
31  2
46  3
26  -4
59  -5
29  -5
54  -4
26  -5
57  -2
33  5
61  -9
28  4
47  -2
38  2
22  4
36  -3
44  -5
15  1
23  3
41  -8
30  -5
45  0
33  7
46  4
33  8
50  -2
41  -6
29  -6
37  4
48  -2
16  7
42  -5
32  -5
24  0
41  -5
58  5
35  5
52  -4
49  -2
41  -5
52  -8
65  -1
36  -7
50  -1
25  1
30  -5
20  6
59  -6
25  2
29  -2
32  -5
54  -1
32  -7
60  -6
51  -4
59  -4
52  -5
50  0
27  -1
43  1
41  -8
42  -2
34  4
21  -2
40  -5
30  -8
37  4
66  -4
58  7
35  7
56  -6
44  -4
50  0
40  -3
39  3
50  -3
10  0
30  -6
35  4
36  -4
35  5
32  -5
20  5
36  -5
47  0
34  1
58  6
53  -6
38  0
49  0
29  -5
49  -3
22  4
42  -3
47  0
47  -2
36  -3
30  -5
30  -8
48  0
34  1
50  1
62  7
56  -4
38  -1
55  -2
67  1
58  6
53  -4
31  -1
25  1
31  -2
56  -5
42  -2
35  6
39  6
32  -7
67  1
71  -5
36  -7
43  2
54  -2
43  5
50  -2
48  1
37  5
31  -1
46  6
52  -8
55  1
25  0
39  3
35  7
35  3
55  -1
42  -4
17  4
56  -6
66  -5
41  -5
30  -7
34  1
59  -4
31  -1
65  2
30  -6
45  1
23  4
55  -2
28  3
33  5
50  -3
40  -2
31  1
42  -6
37  5
46  6
18  -5
26  -5
53  -3
31  1
50  1
49  -1
50  0
49  -2
19  -5
35  3
50  1
46  7
37  4
42  -4
35  7
42  -6
42  -3
35  3
46  7
41  -5
48  0
32  -8
36  -6
52  -6
35  5
48  0
65  2
63  -5
34  0
50  -3
32  -4
33  6
50  1
40  -3
26  -6
48  0
42  -3
36  -6
50  1
40  -5
9  -4
39  6
25  -1
41  -5
62  3
45  -2
38  1
40  -6
33  4
24  0
59  -3
42  -4
24  0
42  -4
36  -7
38  1
46  7
52  -4
73  -3
44  -6
19  -7
43  4
32  -5
37  3
33  4
61  -6
61  -8
27  1
45  -2
21  -6
66  -7
43  4
47  0
46  7
23  3
63  -6
48  -2
40  -6
37  1
41  -7
57  -3
40  -2
30  -4
24  2
36  -6
54  -1
45  0
51  -3
29  -3
29  -3
48  0
55  1
36  -5
74  -7
52  -7
26  -6
35  4
51  -2
36  -7
55  -2
34  4
34  0
51  -3
31  1
31  1
49  -4
52  -6
41  -6
37  1
55  -3
27  0
29  -5
38  -1
31  0
34  4
34  0
37  1
41  -9
41  -5
71  -2
24  1
48  0
35  6
63  -5
40  -5
35  6
15  3
36  -3
40  -2
43  2
47  -1
17  0
41  -9
50  1
37  1
37  2
58  8
50  -2
45  1
54  -4
41  -9
21  -2
39  3
55  -1
30  -4
31  -1
42  -4
57  -1
48  -1
42  -5
42  -3
59  -4
42  -6
36  -4
46  6
46  6
55  1
64  -6
31  0
31  2
43  5
34  2
31  0
44  -4
51  -4
50  0
99  3
31  -2
57  -1
52  -4
48  1
61  -7
39  4
33  4
41  -9
31  0
79  5
37  3
42  -3
32  -6
30  -6
46  7
62  6
54  -3
29  -3
46  3
37  1
35  3
27  -2
49  -3
47  -3
43  2
52  -5
53  -6
50  1
18  -3
38  -1
32  -4
60  -8
45  1
53  -3
51  -4
34  1
48  -2
32  -5
46  4
24  -1
46  5
35  7
62  4
35  6
64  -8
66  -4
24  2
44  -7
53  -5
58  8
37  1
55  -3
57  0
32  -5
58  5
53  -6
45  -1
23  6
49  -2
47  0
79  5
37  3
22  1
35  7
56  -4
50  0
48  0
40  -6
25  2
44  -3
40  -3
52  -4
50  0
49  -1
46  3
20  6
32  -6
65  2
38  -2
50  -1
30  -7
42  -6
25  0
25  0
39  4
31  2
56  -6
75  -2
40  -5
30  -6
49  -3
22  1
30  -4
50  -3
38  1
44  -4
45  1
59  -3
55  1
43  2
22  1
63  -4
37  4
36  -6
38  2
35  6
69  -2
36  -7
47  -3
34  3
75  -3
39  3
41  -5
55  1
64  -8
66  -5
49  0
71  -2
34  2
32  -4
42  -2
34  3
19  -5
35  4
47  -3
37  3
40  -3
35  5
59  -6
51  -3
48  0
47  -4
30  -8
40  -6
29  -4
76  -5
43  2
45  0
25  1
33  6
50  -2
41  -9
38  0
27  -1
44  -6
51  -1
43  2
62  3
18  -3
32  -4
31  2
48  -3
38  -2
47  -2
42  -3
51  -3
32  -5
27  -2
35  3
41  -5
35  3
42  -5
28  4
82  -7
57  -1
40  -5
37  2
37  4
18  -7
31  0
31  1
41  -9
48  -1
25  0
46  4
55  1
35  4
52  -6
37  2
26  -5
34  0
36  -3
51  -4
49  -4
23  5
44  -6
43  1
39  6
31  0
55  -3
57  -2
61  -5
47  0
43  1
29  -2
23  5
74  -5
25  -1
32  -4
38  2
26  -3
21  -6
39  2
23  6
55  0
22  5
67  1
54  -2
48  0
41  -6
42  -4
38  -1
62  4
43  3
48  -3
22  5
32  -8
29  -2
20  4
48  0
43  2
35  6
25  1
38  2
53  -4
66  -7
47  -2
58  7
35  6
52  -8
37  4
40  -6
50  0
31  1
67  0
63  -6
58  5
50  -2
59  -5
69  -2
51  -1
26  -4
34  0
34  0
24  -1
40  -4
58  4
32  -6
42  -4
31  0
41  -9
34  2
37  3
27  1
43  5
34  4
24  -1
27  -2
37  3
73  0
41  -8
47  0
67  1
40  -6
40  -3
20  5
49  0
42  -4
36  -4
62  7
56  -6
43  5
35  3
32  -5
42  -4
51  -4
24  0
51  -1
62  4
45  -1
24  0
21  -5
46  4
18  -5
35  5
47  0
46  7
33  8
51  0
48  1
30  -5
81  -3
49  -2
33  5
40  -2
40  -4
39  5
51  -1
61  -5
27  1
51  -2
49  -3
43  5
57  0
53  -6
44  -5
35  3
21  -2
81  -5
40  -4
51  -4
37  3
29  -3
30  -4
29  -4
45  1
38  1
15  2
63  -5
49  -4
18  -6
71  -1
34  0
28  4
68  -9
19  -5
30  -8
56  -2
43  3
48  -1
25  -1
43  3
39  3
46  5
60  -4
62  4
81  -3
46  5
27  1
55  -3
41  -7
20  5
58  4
26  -6
40  -2
14  3
66  -4
47  0
32  -4
41  -7
75  -3
43  2
61  -8
57  1
34  4
24  1
30  -7
19  -7
43  5
54  -4
39  5
50  -3
34  0
36  -5
35  5
37  1
26  -4
39  6
38  -2
68  -9
48  -2
26  -2
45  0
57  -2
32  -6
53  -6
47  -2
37  2
34  3
31  0
35  5
18  -3
46  4
27  -3
30  -5
29  -2
31  0
48  -2
48  -2
30  -8
51  -4
60  -6
17  0
61  -8
54  -2
33  7
40  -2
50  1
50  -3
55  -3
65  1
34  4
27  -3
22  1
37  3
57  1
71  -3
46  4
24  2
25  0
17  3
51  -3
18  -5
59  -2
46  6
21  -4
60  -6
42  -3
38  2
44  -7
30  -8
59  -6
62  3
52  -5
57  0
56  -3
37  5
36  -6
42  -4
41  -5
55  0
26  -3
52  -5
37  2
25  3
32  -4
25  1
29  -4
36  -3
51  -3
48  -3
47  -2
40  -3
48  0
18  -6
23  5
33  8
33  7
68  -7
17  1
24  -2
37  5
55  -3
23  7
59  -2
18  -4
57  1
40  -5
39  3
55  0
53  -5
64  -4
36  -6
26  -3
52  -6
46  5
89  7
37  3
40  -5
37  3
25  2
37  1
55  1
42  -5
45  1
42  -3
28  2
31  1
42  -3
35  5
34  3
37  1
49  -1
56  -6
43  1
21  -4
36  -6
59  -4
43  5
25  1
33  8
30  -4
91  -3
50  -3
23  4
21  -3
21  -5
31  0
44  -3
47  -4
67  2
44  -4
28  3
35  7
53  -6
58  6
52  -5
48  0
43  1
50  -3
59  -2
56  -2
35  5
40  -5
76  -5
49  -2
46  5
44  -7
35  7
51  -3
39  4
58  7
41  -8
38  -1
33  8
43  1
44  -3
24  2
36  -4
36  -5
51  -3
44  -4
42  -4
45  -1
26  -2
42  -3
41  -9
35  4
60  -8
33  4
33  5
35  5
30  -7
66  -3
51  -4
28  5
58  5
62  6
65  -1
64  -6
68  -8
32  -4
56  -5
44  -4
47  0
16  8
43  4
61  -6
30  -7
27  -2
75  -3
39  3
24  -1
32  -6
23  7
57  1
57  -3
35  6
15  4
16  7
74  -6
55  -2
18  -3
46  7
48  0
27  -1
35  7
41  -8
