83  -3
133  6
152  -1
154  -2
170  2
95  8
128  -4
136  4
131  -1
187  4
102  3
162  0
147  7
109  -1
171  -9
98  3
117  -5
146  4
139  7
99  -3
90  4
126  -3
122  6
149  7
148  9
101  -13
125  -1
165  0
87  -6
166  -7
170  -1
131  0
128  -2
139  8
127  -2
150  2
156  -2
124  -9
121  -4
145  -11
142  9
176  4
128  1
154  -5
102  4
150  -1
95  10
150  -3
124  3
187  14
86  -11
141  9
148  4
211  -1
115  -9
199  2
172  -5
147  7
124  4
154  6
121  0
114  13
116  3
172  4
92  11
112  -2
143  -2
131  -7
188  -11
124  -5
112  3
122  7
152  -7
113  0
131  -3
183  1
138  5
160  8
192  11
127  11
136  6
88  0
116  4
141  4
145  -5
100  -4
76  -2
122  6
119  2
119  -6
131  -11
112  -4
162  -5
125  3
150  11
165  3
111  -2
157  -8
179  13
111  5
181  8
140  1
104  -8
122  7
115  -3
137  9
129  2
161  12
146  -2
161  2
89  -5
141  -2
134  -3
147  4
106  10
158  -1
134  -9
128  0
117  -5
152  -5
151  -6
131  -9
174  5
146  1
127  -2
175  -11
106  10
136  -1
115  -4
129  -1
161  13
124  3
134  -4
216  -3
127  5
135  -3
112  -5
162  -8
104  -1
114  6
131  -1
123  -8
139  5
179  4
110  2
128  5
101  -10
162  -4
159  0
94  6
103  2
170  8
131  -10
114  3
119  -1
126  2
129  5
136  8
129  3
124  3
120  -3
101  -9
125  6
87  -4
121  4
105  -5
109  -8
118  10
137  3
115  -4
111  5
152  1
162  0
128  -4
169  -8
84  9
132  2
130  -5
126  7
112  -2
143  5
140  13
157  -3
120  -6
142  -1
122  10
136  4
94  8
143  7
105  2
108  8
109  -2
143  0
122  5
115  -6
183  12
107  -14
95  5
124  -5
129  -1
153  4
133  10
116  8
138  10
136  1
158  2
157  -1
139  0
159  -5
153  2
144  4
163  0
156  2
166  -6
116  7
155  2
128  9
111  0
159  -9
140  10
139  9
117  0
167  -2
124  5
111  -3
154  -3
129  10
118  2
103  7
135  -2
196  -12
126  -3
90  11
150  10
131  -13
131  0
150  6
172  0
193  1
140  12
150  2
132  -1
108  13
72  -2
159  -4
128  -1
122  -2
151  -7
112  -6
115  -6
120  -8
159  -4
148  -3
139  -1
158  6
96  -2
192  1
148  7
122  2
147  -3
160  -1
160  0
146  -4
120  -14
120  -12
138  12
89  5
130  2
143  8
135  0
117  -2
75  2
128  2
169  3
107  -9
149  -3
137  9
180  11
95  4
120  -6
125  4
132  -3
112  2
120  -4
96  0
166  2
130  -1
118  0
159  -2
153  7
132  -6
129  7
134  -5
109  -10
59  4
116  12
181  3
110  13
98  6
122  11
115  -2
109  4
76  -1
103  11
105  -3
130  6
123  -8
116  -1
178  7
157  -6
150  9
128  4
132  1
160  6
133  1
120  -11
113  4
193  -3
111  6
140  6
95  11
137  -5
102  -5
108  7
171  -9
131  -11
134  -4
104  6
126  11
153  9
100  -11
108  -1
166  -1
131  -3
132  -6
102  -3
148  2
134  2
114  12
136  7
140  8
123  -1
101  -10
114  4
135  1
130  3
167  2
115  -5
128  6
144  6
136  6
143  -3
101  -14
157  -5
110  0
94  3
106  11
95  4
92  2
125  0
127  3
101  -8
138  2
128  9
175  0
148  5
107  0
126  5
92  12
152  1
127  0
168  9
161  9
134  -2
116  1
95  5
154  6
155  -2
147  -4
133  7
116  -2
117  -2
80  6
129  -2
108  11
96  3
147  -4
124  -2
114  0
184  10
158  -6
102  2
152  -4
135  -12
126  5
136  0
132  -3
152  -8
89  -4
114  2
130  2
119  8
123  0
112  -6
144  6
194  4
119  2
126  1
166  4
122  4
148  -4
155  2
118  -1
137  0
125  8
134  5
133  2
136  -6
135  0
151  -2
166  -1
103  8
122  9
163  14
126  -1
141  -2
117  2
144  9
126  2
136  6
95  0
117  5
165  -4
113  -2
100  -11
159  -6
166  3
124  -7
199  -3
157  0
137  9
119  3
182  3
142  6
138  0
152  -6
85  -1
111  5
151  -9
182  -10
128  1
129  9
127  8
134  -2
128  4
113  -2
129  5
104  -6
131  -1
111  -2
120  -8
185  -1
88  -3
120  -4
93  11
157  -7
130  5
125  0
138  0
137  1
126  -1
170  4
136  6
118  2
110  3
154  -4
170  2
130  2
160  4
132  1
136  6
96  3
101  -11
103  11
118  3
199  1
151  -6
139  11
97  5
125  8
164  -7
117  6
114  1
147  5
141  1
169  -7
94  6
136  7
118  8
132  2
93  0
146  5
123  -12
145  -4
106  5
146  1
125  -1
88  -13
124  3
127  11
95  12
124  1
103  5
131  -6
120  -10
121  -6
144  5
139  10
113  10
130  4
160  5
142  1
159  -3
126  2
97  12
156  -1
112  -3
143  4
110  1
126  0
188  -11
179  7
148  3
124  5
168  1
149  -4
147  1
186  3
129  1
135  1
145  -3
130  -8
139  0
136  -5
147  4
129  2
169  -3
133  12
171  2
134  -8
131  -4
101  -3
130  -6
103  5
126  1
109  -1
193  7
163  0
126  10
154  5
186  2
123  -3
146  5
123  -5
150  -3
118  -2
145  -6
140  14
117  9
111  1
145  -12
153  -2
117  -5
164  -5
71  -8
169  -10
153  1
128  10
113  3
112  -5
145  -5
161  6
134  -1
141  9
135  -5
138  4
164  -4
91  -5
126  8
146  -1
144  5
101  -3
158  -1
140  14
134  1
151  -10
128  0
152  -7
98  8
151  -2
116  8
140  6
148  4
113  10
152  -12
111  2
150  1
101  -4
128  0
126  -1
105  -6
126  7
115  -2
158  4
166  0
172  -4
105  -8
121  4
96  -10
105  6
103  8
123  -14
134  -7
172  -1
152  -12
146  0
178  3
146  6
104  -8
132  0
176  4
119  2
100  -11
111  -3
168  4
131  -9
176  6
165  5
107  -4
104  -7
134  -1
99  -5
131  -10
135  -5
149  -4
113  -2
141  0
122  8
128  -3
163  7
116  4
134  -9
111  2
121  2
112  2
154  -2
177  -2
116  7
156  2
130  6
116  1
108  5
127  -1
101  -14
103  10
124  0
156  -11
99  -1
143  2
102  4
158  4
139  -1
141  1
111  -7
129  7
128  0
150  0
170  -2
183  2
102  3
135  -11
109  -8
167  -8
107  -12
104  5
120  -4
112  -1
186  4
133  2
111  -4
170  -2
139  9
124  0
223  9
178  13
112  0
119  7
158  6
140  3
156  -8
173  -1
103  0
156  -6
110  10
109  3
151  -7
150  9
138  -1
156  -12
128  5
121  -3
154  -3
136  2
131  -10
136  -5
152  -3
115  -4
129  -1
175  -2
156  1
145  0
145  0
129  3
109  -9
97  2
105  -8
127  6
108  11
138  3
121  4
133  9
138  0
129  -2
113  1
133  11
106  6
139  5
92  4
127  8
91  -9
105  -6
101  0
112  -1
128  8
140  6
126  1
195  4
117  6
165  5
117  7
141  8
140  12
116  -1
123  -4
103  10
98  9
113  4
121  5
107  -10
137  3
190  8
172  2
111  1
143  7
165  3
154  -1
119  -1
126  0
124  4
115  -2
136  3
147  9
114  9
146  9
100  1
129  5
164  -7
123  -1
126  1
140  4
133  11
130  -6
146  4
113  2
116  -1
120  -8
126  2
93  8
191  -1
137  0
132  1
177  10
161  11
163  14
182  -4
129  -3
145  -8
119  4
126  0
146  2
155  1
140  14
101  -3
126  2
118  11
151  -3
130  -2
125  12
156  -2
91  -6
168  11
185  10
150  4
138  4
149  7
130  -4
107  -4
138  5
119  0
110  6
119  2
155  -9
97  3
139  2
83  -3
157  -4
96  -3
140  0
146  3
133  5
135  -12
129  0
116  7
106  12
152  -5
140  10
121  1
176  -1
125  0
129  7
130  2
88  -1
124  -3
110  1
140  14
143  5
138  6
154  3
126  5
127  7
120  -9
158  2
135  -6
99  -1
134  -5
137  8
175  -13
167  1
112  -1
130  6
145  -9
140  0
105  -4
110  11
189  7
119  -1
186  -1
123  -4
123  -6
160  12
117  1
138  0
136  -2
120  -8
186  -3
191  -6
123  -12
155  3
181  2
115  -6
104  -1
172  6
107  -5
143  9
129  7
113  6
125  11
150  0
113  11
128  5
127  -1
122  5
106  11
122  0
107  -3
142  0
89  -7
140  3
119  -1
143  6
158  -2
127  1
168  2
138  10
99  8
104  -6
128  -3
162  -1
142  12
122  10
133  12
88  -1
124  -6
149  -5
115  0
117  3
92  0
117  2
135  -1
131  -6
183  4
144  9
192  4
125  13
196  -5
98  1
135  0
132  7
186  -9
124  -1
103  2
125  7
199  2
173  2
130  5
162  0
157  0
119  2
111  -5
154  1
148  5
120  -4
118  6
116  8
129  7
122  3
158  -1
93  9
90  8
118  1
123  -14
121  -6
156  0
143  -1
95  12
154  1
161  10
136  -2
123  -3
244  -1
94  5
133  3
152  -2
130  -8
140  5
151  1
98  8
147  5
101  -7
99  4
122  11
113  -1
141  6
161  12
162  -9
150  -2
173  -7
140  11
119  5
149  4
93  2
141  8
85  5
116  10
146  -4
138  3
99  2
126  5
111  -3
146  7
178  12
98  9
140  5
126  1
111  -8
146  6
93  -2
118  -1
123  -5
152  -12
