12  0
7  0
23  3
13  0
23  -7
15  9
14  -8
15  0
8  -6
22  10
5  -2
16  -7
7  1
10  2
13  -3
20  1
11  -3
8  -10
25  -5
17  -2
15  8
14  -3
6  -6
12  0
19  -3
20  2
26  -4
8  -9
11  -8
9  -7
13  5
10  1
11  -9
23  -3
21  -2
13  -2
18  -9
17  -8
20  -3
21  -7
14  -2
13  -4
13  -3
10  2
14  -9
9  -12
7  -1
7  -7
7  -5
20  -4
13  6
14  -8
18  -10
23  -7
5  -6
10  4
11  0
20  -8
9  -3
16  -3
10  -1
23  0
11  2
9  -11
21  -6
15  4
11  2
13  6
12  -1
23  1
13  5
20  3
15  4
7  -5
14  -1
15  2
8  -1
10  2
19  4
13  -5
10  7
22  7
25  4
17  -3
16  1
21  -5
11  2
9  -10
23  -7
18  -7
14  -2
17  -3
15  -2
9  -6
20  -5
14  -9
8  0
15  3
17  -4
11  0
5  0
11  -4
10  8
11  -1
7  2
10  -3
18  -8
20  -5
8  1
10  2
21  -4
17  -4
14  0
9  -5
8  0
19  -5
6  0
16  -2
5  -2
16  1
12  -6
9  0
13  4
9  -12
11  1
10  1
8  -6
11  -5
15  -2
24  5
23  0
6  0
20  0
12  2
13  -4
16  -1
20  -6
22  5
15  6
21  -10
17  -10
6  -3
20  -6
18  -10
12  0
13  7
19  -5
9  -5
14  0
8  0
14  -6
17  -2
8  -8
5  -2
13  -5
17  1
8  -5
15  2
5  2
16  -5
16  -5
16  -7
15  -3
13  4
15  5
13  3
8  -4
24  -2
11  -2
15  7
10  9
8  -4
14  -8
15  8
4  2
11  1
13  5
16  -2
10  8
15  7
22  2
15  4
12  -3
15  -2
4  8
5  -6
12  0
7  -2
13  5
8  -3
10  9
6  -1
13  -3
14  -4
14  1
5  -3
24  3
4  8
7  -5
10  4
11  -4
11  -3
13  4
19  5
23  -2
18  -8
13  2
13  2
9  -8
14  0
12  5
17  -3
18  -11
7  -2
12  3
20  3
8  -5
11  -8
11  -4
15  -1
12  1
22  12
22  1
16  2
8  -1
19  -4
12  -6
11  0
3  7
23  -5
9  -6
19  -5
12  2
17  -4
13  7
14  -5
14  -2
8  -4
19  1
9  -12
16  2
11  -8
15  1
16  -9
18  -6
16  -9
13  3
11  -6
10  -3
18  -6
14  -3
13  5
15  2
7  -5
18  -13
19  -1
20  1
16  -3
6  4
14  -2
17  1
20  -4
10  6
16  -4
9  -10
6  2
7  -1
13  -1
19  -3
23  3
10  6
13  7
16  0
13  -3
13  2
10  -3
17  -8
11  2
19  -2
10  -2
16  0
11  -4
11  -9
8  -9
18  -6
17  -1
10  5
18  -11
17  -9
13  -2
13  6
6  -6
15  8
21  -7
22  12
16  -3
21  -8
17  -9
17  1
19  1
12  2
18  -12
13  3
21  -8
12  2
15  9
16  -4
14  -9
15  0
20  -3
13  -5
9  -11
19  5
9  -11
13  4
11  -6
17  -4
15  -3
10  6
9  -4
22  2
11  -2
13  -5
3  10
8  -7
8  -9
9  -8
18  -7
21  -4
14  -10
12  -6
4  12
17  -6
18  -12
16  2
13  7
15  6
11  -10
30  2
8  -11
10  0
10  7
22  12
11  -10
20  -3
12  -6
16  -1
10  6
13  7
24  7
11  -1
10  6
5  1
15  -3
8  0
16  2
13  -4
8  -5
24  -3
12  4
19  2
12  2
16  -5
20  -8
14  0
9  -2
11  -8
18  -13
15  5
16  -4
8  -7
15  3
16  -4
15  6
10  3
18  -9
13  0
12  -3
8  1
16  -4
8  0
7  -5
11  0
5  2
14  -4
12  -7
15  6
8  0
18  -1
11  2
9  -1
18  -12
28  11
14  -10
12  2
14  0
14  -7
14  -10
23  -3
22  7
12  -1
16  -2
12  5
20  -3
15  0
10  4
10  2
12  -2
11  -8
15  8
14  1
12  2
17  -2
10  5
9  -6
8  0
16  -5
17  -10
9  -8
5  3
14  -9
17  -10
15  7
20  -9
17  1
26  -5
16  -6
12  -7
13  -5
10  4
22  2
15  3
21  -3
14  -1
11  -2
11  0
15  -2
7  -3
21  -10
10  5
7  -5
19  -7
18  -1
18  -2
13  -3
13  7
18  -12
17  -6
22  10
14  -1
18  -7
17  -6
16  -10
23  0
16  2
6  1
16  0
10  4
17  -4
12  -2
24  8
21  -10
15  7
28  13
15  -1
6  4
18  -5
12  -1
16  1
12  5
15  6
14  -7
6  0
21  0
17  -3
17  -10
11  -8
12  -5
9  -10
14  -3
20  -2
28  7
11  0
17  1
10  4
10  5
12  5
10  7
27  11
19  -4
21  -3
14  1
17  1
14  -7
12  1
19  -4
11  -6
18  -13
13  6
10  8
24  3
16  -1
9  -4
13  -3
17  -1
17  -5
13  0
9  -11
6  1
14  2
15  3
11  -9
21  -5
11  2
9  -12
11  -7
25  1
14  2
11  -5
7  0
20  -7
20  2
8  -5
16  2
23  3
16  1
11  -2
21  -10
17  -8
15  -2
15  1
5  -5
12  -1
15  1
16  0
16  -4
8  -2
13  -1
7  -10
13  -3
6  -1
9  -5
21  2
12  -2
14  -5
8  -2
19  5
10  0
20  -2
8  1
12  -1
17  -8
8  -7
12  -5
16  2
11  -8
12  1
7  -10
21  -4
9  -1
14  -5
14  -6
11  -6
11  0
15  -1
17  -7
13  -4
6  -7
10  -3
12  5
24  9
13  -3
12  -2
15  4
8  -8
19  4
18  -6
9  -9
15  2
16  -6
5  -7
12  2
7  -4
22  6
8  -9
16  -6
6  -1
15  -3
10  6
12  -1
8  -2
14  -1
16  -1
13  7
9  -6
14  -9
12  2
7  -9
6  3
10  8
12  -5
12  -2
9  -10
17  -1
24  3
11  0
16  -4
4  11
18  -7
10  1
10  3
16  -10
13  2
13  -1
16  -9
16  -8
10  9
14  -5
14  -8
11  -9
17  -6
12  -4
14  -1
17  -3
14  -3
16  1
11  -5
15  5
15  3
11  -8
12  -4
15  3
11  -8
12  1
11  -5
7  -8
21  -6
18  -5
15  -1
8  -11
8  -4
11  -2
15  3
15  4
12  -6
11  0
9  -7
5  -5
18  -2
9  -6
10  0
10  5
24  0
18  -1
18  -10
14  0
21  1
9  -8
16  -1
6  -1
17  -9
16  -8
19  -7
10  -2
17  -7
15  -2
20  -3
15  2
7  -3
15  -3
13  4
13  -3
13  3
8  -5
21  -8
14  -7
9  -6
17  -2
24  1
17  -1
16  -1
14  2
13  -1
27  0
15  1
11  -4
10  5
15  5
13  -4
11  2
19  0
21  -7
14  -5
16  1
12  1
17  -1
19  -6
16  -2
17  -5
14  -1
5  -7
13  -5
8  -8
22  8
10  -1
10  4
20  -1
17  0
14  -8
13  2
14  2
15  7
15  8
8  -3
16  -7
20  -8
7  1
16  1
15  6
16  -9
20  -9
24  3
15  2
11  -10
16  -3
13  3
8  0
11  -1
20  2
14  2
19  -6
18  -6
16  -5
17  -6
8  -7
9  -4
16  -10
16  -1
12  -1
13  4
20  -5
10  0
27  7
11  0
14  -7
12  1
12  5
19  -5
10  8
20  -1
13  5
22  2
9  -2
13  7
12  -7
21  -8
10  -2
16  -6
18  -5
7  -5
9  -7
6  -2
16  -2
16  0
12  2
12  0
8  1
8  1
14  2
11  0
10  -3
20  0
14  -2
27  5
25  2
13  3
13  1
7  -8
11  -3
12  -4
11  -7
10  3
12  -7
14  -10
13  -4
17  -1
25  3
15  9
14  -8
7  2
19  4
10  4
18  -4
20  -8
22  4
16  -9
15  5
9  -12
16  -2
13  0
4  12
23  -8
5  -1
14  -10
15  0
11  -3
21  -8
16  -9
15  -3
11  -10
10  -2
8  -5
14  -10
14  -1
17  1
10  6
10  7
12  -3
14  -5
12  -4
15  0
15  6
15  5
13  -5
9  -12
13  1
19  -5
4  4
9  -11
24  -3
13  3
29  3
18  -5
19  5
15  2
8  -3
13  7
9  -7
14  -4
8  -3
14  -10
13  6
16  -10
17  -1
15  -2
15  4
13  1
16  -4
10  1
13  2
12  -7
14  2
18  -7
16  0
23  1
33  -2
13  -2
25  -5
5  5
18  -11
21  -7
19  -5
19  -2
5  2
11  2
24  -3
14  -7
12  5
19  -7
24  3
11  -10
10  -2
12  2
10  9
12  -5
10  5
16  -4
11  -10
23  1
24  -3
9  -1
7  -7
14  -4
22  0
12  1
19  -6
19  -6
10  0
13  0
14  -4
9  -4
11  -4
12  -3
14  1
14  2
14  -3
17  -10
12  1
13  -1
11  -7
30  0
19  4
16  2
6  -4
15  -1
16  2
25  1
13  2
16  -1
19  -6
22  7
10  7
17  -2
18  -3
26  0
19  -4
13  1
16  -4
17  -1
19  -5
13  -2
22  6
17  -8
15  9
24  0
12  1
10  7
11  -4
11  0
10  -1
21  -8
13  4
9  -10
18  -4
14  -8
10  2
7  -1
16  -3
17  -3
13  3
12  -7
15  -1
11  -2
11  1
18  -9
22  11
15  5
7  2
10  -3
8  -2
10  0
15  1
13  4
14  -9
8  -8
12  0
16  -1
23  -7
10  7
14  -10
20  -1
8  -4
14  2
20  -2
10  -3
23  -2
16  -1
26  0
15  9
9  -8
13  -3
12  -2
18  -3
14  1
11  -2
21  -5
10  -3
8  -9
14  0
12  -3
9  -1
6  -6
10  2
18  -12
15  2
17  -9
11  -6
19  4
11  -9
12  3
12  -6
16  1
18  -9
23  -4
24  3
15  -2
17  -11
6  -2
17  -9
11  -9
