10  0
16  -11
25  7
22  -3
16  0
26  4
35  6
4  3
25  8
13  0
41  2
16  -5
21  -10
6  -3
16  -10
31  11
11  -4
36  -4
27  -10
11  -9
39  -2
14  3
23  1
17  2
18  -6
6  -3
23  4
5  9
19  7
17  -8
14  6
27  -1
24  -13
17  -2
27  -5
24  -8
35  4
11  -9
5  6
18  5
19  1
45  -3
18  1
12  10
12  5
9  -5
21  -5
15  2
3  -5
33  2
8  5
11  -2
11  4
14  -3
14  -4
16  -4
15  -1
23  -3
27  -5
17  -10
17  -7
12  8
24  -12
21  -7
19  -3
19  3
27  -1
12  2
16  -8
12  2
26  -1
30  10
6  -11
17  0
19  7
17  -4
5  -1
22  -11
21  -9
14  -4
7  5
35  5
30  5
22  -5
32  4
16  -9
12  4
22  -6
13  8
31  12
21  -12
22  0
20  -1
14  5
17  -7
33  0
23  -7
14  7
17  -11
17  -11
15  0
30  8
13  8
15  -3
15  6
20  6
8  -6
14  -5
28  -3
13  6
19  7
40  1
26  5
27  -2
13  7
23  -3
15  -7
20  6
18  -5
36  -3
28  -6
20  0
25  9
23  -8
13  0
28  4
9  -10
22  -5
13  8
8  4
44  -4
23  1
11  -1
23  -4
21  -13
21  -8
18  -5
21  -4
20  0
23  -6
21  -13
11  -6
12  1
18  5
12  2
31  3
41  0
27  0
25  4
18  7
20  -5
17  -12
15  0
35  14
23  4
10  -10
25  11
18  3
19  -2
19  1
22  2
19  4
18  -4
16  0
22  -11
22  -6
8  -6
17  -5
25  1
30  -1
15  2
45  -4
37  -6
31  11
13  6
14  -3
23  -2
29  -11
21  -8
21  -5
12  8
11  -9
11  3
10  2
13  4
27  -6
1  5
16  -3
20  -5
27  -4
10  -7
25  12
7  6
13  -2
20  -8
23  3
28  7
11  -9
14  -1
17  0
10  3
17  -2
14  -6
17  -11
20  -5
11  -4
15  -1
10  -2
34  -3
18  3
26  -7
30  2
20  -7
18  -3
18  -5
26  -3
23  -1
26  1
13  3
30  9
12  6
16  -3
26  -3
21  -13
23  -5
16  -8
19  2
26  -2
20  6
14  -6
31  4
16  -2
20  3
13  -1
19  4
15  3
18  -3
27  -2
25  7
14  -4
21  -7
16  -3
13  9
28  2
13  5
14  4
21  -11
17  -2
17  -11
9  -7
26  -6
33  4
20  2
15  2
20  -4
17  1
4  3
21  -1
21  -12
17  -7
12  8
30  11
31  5
20  -5
13  11
11  1
18  2
29  -10
33  -3
30  0
20  -8
19  2
10  1
10  -2
14  -5
15  -6
21  -3
18  3
18  4
10  1
30  10
40  -13
12  9
18  -2
23  -6
25  0
29  -10
33  -7
17  -1
29  -2
25  7
17  -10
14  4
28  -5
20  3
14  7
27  -6
20  6
14  -4
12  7
27  -6
24  -12
23  -10
25  -2
20  6
22  -6
18  -1
19  -6
28  8
13  6
14  -1
45  -1
13  2
17  -11
30  0
9  -10
26  4
15  -4
8  -3
17  -9
24  -14
10  2
11  -3
25  8
11  -1
15  -4
22  -5
27  -12
7  6
14  6
17  -8
18  -3
37  -9
25  9
30  9
16  1
21  -12
23  -1
16  -7
31  0
39  2
11  -5
15  7
10  -3
32  -2
29  -9
15  3
13  2
12  12
40  -9
13  7
18  3
20  6
14  0
28  -1
15  6
25  11
16  -1
11  -4
14  -2
14  -6
23  -5
18  7
24  -13
18  -5
14  2
9  -9
29  -9
10  0
21  -2
50  8
16  1
14  8
18  4
12  3
23  4
17  -10
14  4
20  -5
35  4
19  -3
26  -3
12  1
9  0
15  -4
11  1
30  8
12  13
24  -13
5  -2
39  9
32  -6
11  -5
31  0
15  -2
16  -5
16  -9
21  -12
17  -4
13  4
16  -5
18  6
2  -9
5  -3
22  0
25  2
26  3
10  -7
14  4
14  5
23  1
23  -6
5  2
30  4
11  1
25  -1
19  4
31  -1
26  2
11  -8
10  1
29  -7
13  7
14  -4
28  8
15  5
33  5
31  9
9  -3
17  -1
28  -1
21  -8
15  -2
13  5
15  7
19  -1
16  -3
32  -4
36  -1
14  -3
22  -8
22  -9
15  -7
23  -7
25  1
18  -6
8  2
28  -2
29  -4
28  8
28  2
38  3
26  3
30  0
16  -12
14  -3
22  -4
17  -6
31  0
21  -1
18  8
12  4
19  -5
15  7
16  -1
9  -1
17  -8
26  -5
12  8
19  -2
23  0
22  3
18  -4
28  -4
12  7
10  2
8  -4
6  -2
22  2
21  -5
34  -11
22  -6
33  -7
10  -9
9  -11
18  4
13  4
12  8
24  -6
11  -3
18  3
26  -4
12  12
29  -3
17  -6
15  6
17  -4
9  -9
29  -4
13  5
19  1
10  3
29  -10
22  -5
12  5
17  -9
19  6
14  -1
16  -8
32  -5
29  -6
35  2
13  -1
18  -1
15  6
35  8
28  -1
17  -1
24  -1
30  2
11  -10
19  -7
24  -13
19  7
10  1
27  -10
20  2
12  12
7  1
17  -9
22  1
34  -3
20  -3
30  -1
26  -5
22  2
15  2
6  -9
16  -3
26  2
22  -3
35  4
19  -2
5  -3
26  -1
12  0
19  -2
25  12
14  2
19  1
25  -2
15  5
25  3
29  3
16  -1
21  0
10  -5
18  -1
23  1
13  3
13  3
17  -2
17  -3
10  -1
29  -10
18  -5
9  1
17  -1
15  5
11  4
11  3
12  -1
21  -9
13  1
22  -10
24  -9
12  5
29  -7
11  4
19  -6
19  -7
16  1
31  7
9  -4
29  -3
17  -2
14  3
19  -1
22  -11
17  -7
17  -11
22  -6
10  -6
15  0
29  1
17  -3
12  9
42  0
14  6
18  2
34  -14
17  -2
22  -4
24  -4
33  -7
22  -10
31  0
14  -4
13  -3
13  0
15  -6
18  6
13  11
13  7
16  -5
16  -8
15  0
32  -1
42  -1
15  0
32  3
24  -7
28  0
11  2
15  3
29  -11
13  9
35  14
43  2
20  -1
21  0
27  -4
22  1
19  -3
23  -10
23  2
15  -6
10  3
26  -3
31  4
21  -11
21  -10
29  -1
15  -7
15  1
22  -1
7  4
35  11
17  -11
32  6
12  2
30  -1
37  -6
17  0
15  4
26  2
10  -10
23  1
22  -3
21  -1
20  -5
8  0
20  -7
22  -7
24  -6
21  -9
23  -9
14  6
38  -1
22  -7
16  -12
10  -5
14  8
20  -7
16  -6
17  -11
30  10
25  3
17  0
4  -5
9  1
9  3
13  3
29  -1
16  1
16  -12
14  -4
13  9
11  -1
26  5
23  -5
31  6
18  4
26  6
28  1
36  1
20  1
15  -2
11  -2
15  -3
16  -8
22  -11
21  -7
23  -3
28  1
30  2
10  -10
24  -4
18  -2
12  10
12  11
30  8
21  -6
18  0
7  -5
17  -8
12  11
19  -5
33  2
8  -3
8  -3
16  -3
10  2
20  5
20  -2
25  -2
28  6
39  6
21  -5
12  8
9  -9
27  -5
28  6
38  3
17  2
11  -10
29  -8
24  -10
5  7
20  -3
27  2
7  4
42  -4
16  -9
23  -1
24  -5
14  5
22  -6
14  -3
28  3
25  3
24  -10
26  -2
18  3
28  -2
14  7
23  -3
12  -1
16  0
10  -11
12  4
16  -3
16  -7
23  -5
17  -1
21  -13
37  -4
14  8
24  0
18  6
20  -5
15  -6
21  -3
27  -12
10  -11
12  3
21  -8
23  -5
39  10
23  1
15  -2
17  1
30  9
26  -2
13  3
11  2
19  6
17  -4
37  2
12  11
12  12
25  4
20  -3
9  -1
29  1
20  1
16  -6
7  5
24  -10
9  1
12  -1
20  -5
29  -11
25  12
11  0
40  0
14  3
23  -8
25  12
18  -1
19  4
13  2
10  -2
26  2
24  -9
13  10
11  -10
22  3
8  7
28  -4
18  -4
11  2
18  -3
27  -3
34  0
17  -3
19  2
32  4
21  -11
14  8
24  -4
17  -4
22  -11
49  4
25  -1
26  -2
19  3
12  9
6  2
23  1
20  -5
13  -3
27  -3
9  -3
17  2
14  8
13  -3
19  -5
22  -9
17  -11
16  -2
11  -9
58  8
13  -3
13  -3
14  5
25  11
24  -11
13  5
16  0
18  0
17  -4
18  1
10  -2
27  -2
13  11
18  -1
17  -8
19  -5
28  7
16  -8
11  -4
13  6
20  -8
18  5
13  -3
17  -3
41  -1
22  0
21  -13
13  2
11  3
35  0
22  -7
12  5
19  1
30  1
31  2
17  1
20  -5
27  -11
14  -5
36  1
17  -7
9  0
16  -1
24  -9
29  0
21  -14
22  1
26  -4
13  7
16  -9
13  11
16  -2
11  -6
34  -4
25  8
24  -9
8  4
19  4
24  -10
12  11
3  4
11  -8
21  -8
20  -2
9  -2
23  -4
30  6
19  1
12  12
29  -8
18  2
23  -5
5  -4
20  -8
17  -11
17  -7
13  6
22  -1
12  1
31  6
24  -12
16  2
13  9
14  4
9  0
22  -2
29  2
14  -1
18  -5
21  -6
18  3
19  2
19  6
14  -2
25  5
30  6
9  1
26  3
19  -7
26  -2
19  -3
20  0
25  1
24  -8
15  2
25  0
9  -7
41  3
33  -8
31  11
14  0
22  -8
18  8
20  4
17  -8
5  -1
34  -6
15  -6
13  3
13  7
23  -3
11  -3
19  -2
13  2
13  11
33  2
9  2
21  -1
25  2
19  1
23  -1
31  0
18  -1
12  13
27  -9
18  3
1  5
22  -7
20  4
29  -3
16  -7
24  -10
25  12
14  0
18  2
5  8
19  -3
