203  -7
138  -9
111  10
142  -4
108  7
142  -1
154  2
141  -3
134  -7
197  5
116  -8
108  4
140  1
163  3
130  0
111  6
139  4
176  4
136  10
152  -12
141  0
141  5
144  -12
128  -10
210  -1
159  -2
145  -1
149  6
180  4
170  -8
125  -2
169  -4
130  -6
116  -4
123  -1
141  -3
181  -1
129  3
121  0
167  -4
118  -4
78  4
101  0
182  6
142  3
147  6
119  7
156  -11
118  -7
161  5
124  -8
135  5
158  -3
172  7
157  3
140  3
112  -4
146  4
142  4
106  -1
150  -4
142  -2
129  5
148  7
129  5
161  0
128  -2
156  -8
157  4
190  5
180  -4
128  -3
137  -2
128  -12
122  1
115  3
157  -1
103  6
112  -8
162  -6
162  -2
137  2
103  -1
149  3
131  7
125  -2
128  -3
152  -9
184  5
154  -2
150  -7
133  11
111  4
137  -2
166  -4
144  -11
135  0
178  6
150  -12
137  0
130  0
150  -4
117  -6
139  7
159  8
144  -2
146  5
163  2
125  1
154  3
128  -10
145  -7
143  2
117  -2
171  -6
113  6
146  10
152  -3
132  -3
155  2
92  -12
125  0
154  -2
188  -5
124  -7
142  -3
115  -1
121  3
111  8
182  3
139  3
143  6
156  -4
137  6
149  0
149  7
143  -2
158  7
143  7
183  2
125  6
151  -12
106  -6
122  2
182  4
119  8
186  -3
154  5
141  -3
153  0
128  -9
154  -5
133  7
173  2
70  2
171  -4
158  5
148  5
133  12
153  2
130  -5
180  2
107  1
111  7
106  -4
130  -4
148  6
140  -2
154  -1
122  -5
135  4
117  -6
148  0
132  -7
140  -3
175  -4
190  2
141  3
146  9
135  0
154  5
178  12
188  -3
177  -8
106  -3
152  -3
137  6
91  2
128  -5
150  -9
132  -10
125  -2
157  1
110  -1
143  6
139  5
167  0
120  -7
105  -3
200  8
220  1
218  3
121  9
139  -1
108  6
144  -10
97  -3
160  -6
89  -2
155  -1
117  0
156  -7
169  3
130  0
124  -8
158  3
175  4
171  0
134  -1
151  -3
154  -5
150  -2
129  4
180  -1
122  -5
160  1
167  6
210  -6
92  -4
141  -1
123  -1
110  3
147  -1
110  -5
177  -2
157  7
132  -4
121  6
168  12
149  5
138  -5
132  -1
129  3
107  5
70  4
157  5
165  5
177  -11
172  4
156  -6
130  -2
151  -7
136  4
136  6
108  -2
139  1
175  2
135  4
135  0
132  -9
171  -6
150  -12
150  -7
103  0
132  -2
139  5
127  -6
136  6
155  3
163  -2
131  4
182  10
185  -7
118  -9
203  -2
147  3
131  2
145  -3
121  10
145  1
125  5
105  -8
100  -4
111  8
146  3
163  -4
152  -7
123  2
124  -2
187  7
147  4
99  2
112  -5
158  -3
122  -3
98  1
146  5
141  3
99  4
153  -3
158  5
106  -2
200  7
85  7
143  -1
156  -12
150  -12
141  0
136  8
112  -1
167  -1
154  4
96  3
76  -3
147  -2
113  -2
114  4
138  -9
157  0
67  2
164  5
152  -8
159  0
175  4
153  2
138  -8
114  6
153  1
105  -8
109  -8
104  -4
148  5
165  -3
133  11
151  -2
105  -1
144  -4
132  -4
145  1
173  8
121  4
116  -10
83  -6
171  1
97  2
99  1
117  1
153  2
158  3
137  -2
127  1
153  -2
136  10
163  -4
177  -8
134  -1
134  -5
128  -8
194  1
150  -8
138  -9
175  2
140  0
126  0
104  -10
125  3
165  3
125  5
219  12
156  -5
122  -3
139  2
176  10
114  2
138  -6
124  -3
119  5
179  -3
133  9
132  -9
91  3
146  8
135  4
104  -6
157  5
139  2
152  -4
150  -7
126  2
163  -4
74  -4
138  -5
112  -5
108  7
138  -6
126  4
136  0
170  -4
104  -8
146  5
159  -2
120  -2
112  -2
127  -6
112  -10
82  -1
139  -2
154  -5
139  -2
144  -8
111  10
132  -6
117  2
157  6
142  4
158  4
129  -2
106  -8
127  -3
139  2
119  0
124  -9
163  3
104  -9
94  -2
125  6
148  4
117  3
141  -4
103  -1
159  -2
151  -12
148  2
146  8
172  7
173  4
163  2
137  7
141  1
183  7
173  4
177  -1
115  8
138  -11
112  -1
157  3
151  -8
143  1
167  6
164  -2
192  -4
170  -5
125  0
157  1
159  1
140  0
170  -5
146  1
182  10
131  7
164  3
144  -12
131  10
113  0
201  -1
113  2
137  1
147  4
118  -7
102  -1
126  0
156  -8
144  -7
122  1
175  -2
132  -9
151  -9
117  -2
130  -2
132  -4
144  -2
116  -5
138  -3
139  3
93  0
132  -4
168  11
154  -1
135  -1
128  -3
140  6
137  1
149  5
155  6
112  0
97  0
128  -12
122  -5
96  -4
159  2
195  5
171  0
149  7
129  0
135  2
106  -7
113  2
160  1
128  -5
134  -2
164  3
126  6
140  3
147  4
146  6
162  -1
148  -1
116  -2
125  5
191  1
152  -9
125  6
159  2
155  2
176  6
140  5
117  1
134  -6
145  -3
149  5
132  0
163  -2
134  -9
109  -9
140  5
132  -8
136  9
125  7
154  -5
109  -9
102  -2
101  6
151  -6
110  4
119  7
123  -2
144  -8
112  -5
116  -8
180  -2
130  3
106  2
140  -3
193  6
131  8
147  0
108  5
142  5
133  8
95  -7
145  -4
102  2
145  -8
218  -3
160  -6
200  6
158  7
110  1
200  4
137  1
163  5
149  0
165  6
125  4
158  2
173  9
117  -6
158  7
136  9
189  -2
99  -5
113  1
155  3
120  -7
130  3
128  -11
164  2
106  0
131  6
120  -2
152  -6
163  0
98  0
117  -5
171  1
97  -3
124  -9
128  -3
153  2
157  3
161  -2
141  3
90  6
174  -5
164  4
157  5
103  6
135  0
225  -9
151  -6
166  -11
137  3
130  -6
122  2
123  -5
132  -6
112  -10
198  3
104  -7
161  0
138  -4
116  -5
135  4
122  -2
116  -9
155  7
146  1
116  -3
124  -10
181  -4
94  -3
88  -6
145  0
128  -7
111  6
193  0
133  12
241  1
147  3
155  7
154  -5
142  4
170  -7
137  -2
148  7
148  0
126  1
132  -1
117  1
119  8
145  -8
142  -1
120  -1
143  -1
132  -3
160  -9
229  2
148  3
155  4
120  -7
122  -6
98  5
122  -2
203  -3
110  -1
147  2
141  -2
176  6
176  1
128  -10
193  1
137  -1
119  3
126  6
183  2
152  -6
172  0
125  1
129  2
112  -3
135  -2
168  2
132  -3
137  7
154  1
125  3
156  -7
118  -11
129  -3
160  -9
137  4
199  2
146  6
202  -5
145  -2
120  -3
167  -2
154  -1
138  -9
98  1
122  2
172  2
116  -11
171  -6
84  2
138  -8
168  10
170  -10
120  -5
147  4
149  3
156  -4
126  5
119  8
161  -1
121  2
120  -6
150  -5
108  0
114  6
149  1
126  3
214  -5
116  -2
132  -5
163  -2
123  -6
129  -1
141  0
151  -10
127  -3
94  3
184  2
153  -2
132  0
126  3
201  5
104  -8
128  -7
153  -1
139  -2
146  3
113  6
172  8
121  8
148  3
149  6
137  1
189  -9
161  2
173  2
109  -4
110  -4
114  -2
118  -1
159  -2
132  -3
147  -2
149  3
130  -2
179  0
127  -6
116  -3
142  3
160  -5
183  2
146  3
143  -2
88  -6
164  2
143  -1
177  -1
120  -6
159  1
144  -6
142  2
132  -7
85  2
188  5
146  8
126  0
134  -3
148  6
191  8
101  7
136  3
144  -9
140  0
200  8
136  2
144  -9
105  -1
125  4
126  3
138  -7
129  7
165  -4
119  6
139  4
151  -10
133  8
102  8
163  0
139  6
130  -4
163  0
141  -3
199  -6
166  -2
163  0
132  -9
122  -5
139  -1
134  -2
131  0
192  -5
153  1
169  -1
98  -2
175  0
161  -2
115  5
104  -6
143  4
122  -6
110  -1
128  -12
173  9
159  5
118  -1
115  4
90  7
154  0
83  -4
106  -1
112  -2
115  2
203  3
160  -6
115  6
192  -7
132  -7
169  -2
114  0
159  4
136  5
154  0
140  2
176  6
157  6
130  -6
171  -5
187  4
128  -9
118  -5
166  -8
162  -3
118  -2
162  -2
125  -3
108  -1
125  2
157  0
154  -2
158  -1
147  -1
164  8
132  -10
175  3
123  -2
129  2
122  2
202  -1
126  -1
161  3
163  5
168  6
129  6
115  6
186  -11
177  -4
150  -7
148  6
129  -1
147  4
161  0
98  -2
84  3
131  6
102  -2
150  -5
140  4
135  6
129  0
193  0
127  -6
144  -9
123  -6
82  0
155  6
177  -5
129  0
147  2
100  -5
91  2
160  -7
156  -9
199  -5
141  6
128  -12
138  -11
149  8
138  -7
215  12
147  0
116  -5
136  1
173  0
188  0
157  4
118  -5
159  0
132  -1
133  11
166  -9
166  -7
117  1
174  -9
145  -2
146  4
152  -6
181  -7
99  -5
123  -6
118  -1
144  -8
133  11
127  0
119  1
102  2
175  1
180  -4
121  8
139  -2
111  4
131  4
150  -5
104  -9
116  -5
155  -3
142  0
162  -8
124  -8
127  2
149  3
147  -2
130  4
108  6
178  10
101  -2
130  0
124  -12
178  6
135  3
116  -8
124  -8
149  0
123  0
143  1
136  6
114  2
95  1
84  6
113  2
118  -3
107  -2
188  3
135  2
151  -6
156  -9
118  -5
181  -4
148  2
176  8
141  4
162  -7
134  -6
178  2
126  -1
123  0
174  -7
201  1
121  6
149  8
126  8
138  -2
133  3
130  -2
72  -7
137  -2
