13  -5
9  -2
31  -5
12  -8
11  4
13  -4
16  -4
22  -4
12  -8
7  -4
18  -9
17  -7
8  5
13  -3
22  -3
13  -4
5  -1
6  -6
16  -6
8  4
5  0
11  4
10  -4
11  0
19  1
20  6
10  -5
8  5
15  3
20  7
19  4
30  -5
16  -6
12  -8
16  -5
12  -9
12  -6
10  -6
15  6
15  5
20  5
23  -6
19  3
8  3
16  -8
25  -1
5  0
9  -4
8  1
6  -8
11  3
14  -2
15  2
28  5
3  -5
17  -5
20  6
10  -7
7  -4
17  -5
15  6
21  -3
19  1
18  -7
29  2
17  -5
6  -8
24  -3
12  -8
15  6
16  -5
12  -8
9  -5
7  -6
10  -3
25  2
15  2
12  -5
20  6
13  -4
10  -3
18  -6
29  1
9  -2
18  -5
30  -8
23  -6
17  -5
7  -7
8  1
22  -3
11  1
12  -8
16  -5
16  -7
25  3
18  -9
9  -2
14  0
7  -5
15  6
24  -3
12  -5
16  -4
21  -3
9  -1
7  -6
9  -1
11  4
11  1
14  -3
15  3
6  -7
12  -6
13  -7
15  6
7  -7
26  -5
16  -6
15  4
13  -6
19  0
18  -9
9  -4
2  -7
14  -1
19  1
8  3
13  -6
17  -7
11  3
6  -8
16  -6
12  -9
8  3
13  -5
20  8
13  -7
7  -4
15  2
7  -4
14  -3
23  -7
13  -6
14  -2
16  -7
26  -7
27  -2
18  -6
17  -6
14  -4
8  5
6  -9
7  -4
16  -5
14  0
7  -5
11  1
10  -6
17  -5
6  -7
19  3
18  -8
13  -6
6  -7
13  -6
12  -8
19  1
10  -4
10  -4
7  -4
12  -9
6  -7
6  -6
16  -5
22  -3
13  -5
10  -3
23  -5
23  -7
18  -6
16  -8
9  -4
17  -6
7  -6
9  -2
15  4
29  2
31  -3
10  -6
26  -7
12  -7
23  -7
18  -7
8  3
12  -5
7  -4
7  -7
14  -2
24  -6
10  -6
10  -4
5  -1
8  4
15  5
10  -7
10  -5
11  2
9  -5
6  -7
7  -4
15  4
17  -3
15  6
3  -6
4  7
18  -5
13  -7
18  -7
33  6
9  -5
18  -6
31  -5
12  -9
16  -7
8  2
3  -7
20  8
12  -9
10  -6
19  4
11  3
6  -8
13  -7
17  -6
8  1
11  3
8  2
15  4
7  -3
10  -7
12  -8
14  -3
11  1
14  -2
20  4
9  -2
28  2
20  5
16  -5
10  -4
8  4
15  3
19  4
9  -2
6  -9
6  -7
3  -9
12  -9
9  -3
11  3
9  -3
17  -5
17  -7
14  -2
25  1
4  4
4  5
6  -9
14  -1
10  -7
16  -7
11  1
11  2
22  -3
12  -7
11  1
11  3
25  2
9  -5
11  4
11  3
10  -5
15  2
20  5
8  3
13  -5
14  0
8  1
17  -7
13  -6
14  -2
11  1
10  -7
6  -7
10  -6
9  -2
8  1
11  0
7  -3
14  -1
22  -4
12  -9
9  -2
19  0
6  -5
16  -7
22  -5
19  0
12  -9
17  -5
21  -3
8  4
18  -8
17  -4
15  3
9  -2
23  -5
9  -1
19  2
32  5
13  -4
13  -6
23  -7
17  -4
7  -5
20  5
17  -7
12  -9
16  -7
16  -4
24  -4
31  -5
10  -4
28  4
18  -6
13  -7
19  3
20  6
7  -6
13  -7
14  -1
12  -5
9  -3
12  -6
10  -6
23  -5
6  -9
3  -7
19  4
24  -3
8  4
7  -7
5  -2
9  -2
29  2
13  -3
11  4
7  -5
13  -3
9  -2
14  -3
19  0
20  6
26  -9
15  5
28  6
15  5
13  -7
8  3
15  5
14  0
8  5
18  -6
18  -7
21  -5
34  3
29  1
8  5
15  2
14  -2
10  -3
19  4
17  -5
12  -7
24  -6
18  -9
9  -5
41  -5
19  3
23  -8
4  4
24  -4
10  -4
13  -4
8  1
11  4
8  3
16  -5
13  -5
27  -2
16  -4
25  3
14  -3
16  -4
19  2
8  4
16  -8
18  -8
8  4
18  -9
16  -6
9  -1
12  -5
21  -3
19  0
9  -4
9  -2
10  -3
8  3
7  -5
8  1
13  -5
12  -8
11  3
4  6
5  -4
8  5
6  -9
18  -7
7  -3
12  -6
4  7
15  5
17  -3
3  -7
13  -5
5  -1
15  3
29  1
13  -7
10  -7
3  -6
11  4
4  6
7  -3
6  -5
21  -2
12  -7
15  3
7  -3
7  -7
14  -2
7  -7
7  -7
18  -8
9  -2
4  6
5  -1
8  5
15  6
16  -7
21  -5
8  1
21  -5
13  -6
8  1
18  -8
27  -2
21  -1
10  -6
12  -7
6  -5
10  -7
7  -6
11  4
11  3
8  4
16  -5
8  1
7  -4
5  -3
19  1
7  -5
17  -6
5  -4
11  1
23  -7
24  -4
8  2
7  -4
24  -3
11  4
23  -6
7  -3
9  -1
9  -5
17  -5
17  -7
8  2
21  -2
12  -9
15  3
10  -3
8  3
22  -4
7  -5
13  -4
20  6
24  -7
11  1
23  -8
5  -2
14  -3
14  -1
14  -2
13  -7
12  -7
21  -1
11  0
10  -6
17  -6
24  -6
34  3
18  -7
6  -5
12  -9
10  -7
7  -7
5  -3
13  -6
11  1
21  -5
12  -9
5  -1
17  -5
13  -7
29  -2
11  3
12  -5
10  -7
8  2
16  -4
17  -3
10  -6
16  -6
9  -1
26  -9
17  -4
6  -5
13  -3
16  -8
11  3
3  -9
25  -1
17  -4
7  -6
23  -6
19  1
12  -5
11  3
6  -8
12  -5
13  -3
5  -4
23  -8
13  -4
4  5
20  5
6  -7
10  -5
12  -5
11  1
11  1
16  -7
13  -6
11  2
8  1
9  -4
7  -5
8  4
24  -5
17  -7
6  -7
20  6
13  -3
8  4
13  -7
14  -1
8  2
7  -6
19  2
10  -6
8  3
17  -6
11  1
19  4
22  -6
7  -4
17  -7
22  -7
9  -5
14  -4
12  -6
25  0
8  4
14  -1
9  -3
21  -3
14  -4
1  -2
22  -7
16  -6
21  -1
9  -2
10  -3
11  0
23  -8
22  -3
10  -7
7  -6
19  4
12  -8
17  -7
10  -6
7  -6
7  -5
22  -6
11  4
25  0
10  -3
6  -8
18  -7
4  4
8  5
4  6
7  -3
14  -4
9  -1
13  -7
9  -4
15  3
15  5
16  -6
11  3
24  -7
14  -2
14  0
18  -6
21  -5
14  -1
28  6
13  -3
22  -4
14  -1
16  -6
23  -6
17  -4
24  -6
9  -2
10  -7
11  4
9  -3
21  -3
16  -7
15  3
12  -6
23  -6
24  -7
16  -5
13  -7
4  7
15  2
16  -7
12  -5
19  2
35  5
9  -3
8  1
10  -7
15  3
15  6
10  -4
17  -6
18  -7
14  -3
26  -6
20  7
19  2
17  -7
18  -6
8  2
15  3
28  5
11  4
15  5
9  -4
13  -3
11  4
5  -1
16  -5
14  0
13  -3
13  -7
28  5
20  6
21  -1
11  0
21  -1
8  1
7  -6
17  -4
23  -8
13  -3
6  -5
9  -3
9  -3
10  -3
12  -6
39  2
4  6
7  -3
8  3
12  -5
25  0
10  -6
25  3
15  3
19  3
15  6
11  3
3  -9
12  -5
18  -5
18  -7
21  -3
8  2
9  -4
14  -2
12  -8
9  -1
26  -9
12  -7
0  2
20  4
14  -4
6  -7
17  -7
12  -7
10  -6
12  -9
9  -2
10  -6
22  -5
15  5
3  -7
13  -3
26  -8
5  0
18  -5
12  -7
20  4
14  -2
7  -6
6  -9
5  -4
1  -1
15  2
12  -8
15  5
12  -6
7  -5
20  4
21  -2
11  0
20  5
26  -9
2  -5
20  7
37  4
17  -7
9  -3
7  -3
11  4
8  2
8  2
17  -4
8  1
36  0
10  -7
10  -6
19  2
4  5
4  6
6  -8
17  -4
5  -2
14  -1
11  4
11  4
17  -4
14  -3
11  3
23  -6
11  4
13  -3
8  3
15  4
8  1
17  -4
15  2
27  -2
14  -2
17  -6
1  1
15  5
8  5
15  4
9  -4
20  5
13  -6
14  -1
14  -4
23  -7
12  -5
16  -5
17  -4
7  -4
38  8
19  4
14  -2
16  -8
6  -6
34  3
19  1
26  -5
31  -3
13  -6
12  -6
12  -6
9  -2
13  -7
8  3
15  4
13  -5
18  -8
18  -5
9  -1
22  -7
10  -5
8  2
3  -7
20  5
26  -6
14  -2
6  -9
16  -4
18  -8
3  -5
8  5
11  0
16  -8
41  -6
18  -9
15  2
8  1
18  -8
14  -1
6  -8
19  1
5  -4
24  -4
18  -5
6  -9
7  -4
12  -6
28  2
21  -5
12  -6
17  -7
7  -3
7  -7
12  -7
13  -7
6  -7
19  0
10  -3
15  3
9  -5
12  -8
8  5
9  -3
13  -7
12  -7
6  -7
10  -6
12  -5
16  -8
18  -9
9  -1
17  -3
11  1
18  -6
9  -2
8  3
6  -9
14  0
10  -5
13  -6
11  3
5  -1
9  -1
18  -6
24  -4
4  7
21  -1
13  -6
17  -7
15  4
13  -7
2  -4
7  -5
19  2
12  -6
10  -6
12  -7
7  -6
12  -6
13  -5
19  4
16  -8
6  -5
13  -5
33  8
9  -4
10  -5
21  -5
16  -7
23  -6
8  1
12  -6
11  1
21  -4
9  -2
8  4
32  6
7  -7
7  -5
14  -2
14  -4
17  -7
11  3
19  4
15  6
15  2
35  7
19  1
9  -4
12  -8
13  -4
25  -1
19  0
13  -6
8  1
8  4
17  -3
18  -9
12  -8
12  -6
6  -5
8  3
14  -3
14  0
11  0
18  -8
5  -4
15  5
10  -6
10  -6
7  -5
6  -5
17  -6
8  1
17  -5
11  4
11  1
5  -2
13  -6
19  1
20  5
18  -8
10  -4
15  6
18  -8
21  -5
9  -5
6  -7
20  8
13  -5
8  5
