8  -6
13  -1
13  -2
10  -5
18  -7
8  2
12  7
21  6
8  2
15  1
12  7
8  -6
4  2
6  2
15  5
16  2
13  -11
19  1
9  -4
8  -1
8  -4
16  1
17  0
20  5
20  8
5  -2
8  2
11  1
20  6
14  -2
19  -5
12  11
14  -1
10  -3
9  -2
4  3
14  -6
18  -1
15  -2
9  3
17  -2
5  -4
8  -7
14  -7
7  -5
19  1
15  -1
17  -2
5  3
8  -3
6  7
16  10
11  3
16  3
15  -2
14  -1
9  -2
16  9
17  1
10  -2
10  -5
9  -4
11  4
23  -6
23  -9
15  -4
8  -5
8  -3
20  4
6  2
20  8
13  -3
15  2
14  -1
13  -10
17  5
22  3
14  -7
18  -2
15  2
25  2
22  -3
21  2
11  5
11  7
12  2
23  -4
18  -2
13  -6
15  0
9  -1
25  6
6  4
15  -4
23  -8
12  2
8  -1
16  1
21  1
11  2
12  11
19  -5
14  -4
21  4
16  10
20  3
13  -9
17  1
16  1
14  3
19  1
14  -7
16  8
19  -2
8  -6
20  0
14  -5
13  -2
10  3
22  1
14  -6
7  -7
15  2
10  -4
13  -2
7  1
7  -3
15  -1
24  4
11  6
7  -5
20  4
6  -1
12  2
13  -9
11  7
26  12
15  1
30  7
13  -5
24  2
21  4
13  -9
12  2
15  4
8  2
13  -4
11  1
16  2
13  -6
22  0
9  4
10  3
10  -6
12  4
12  10
16  11
21  6
9  -2
7  -6
9  -1
12  6
12  8
10  -5
12  1
7  1
17  -1
16  2
31  -4
9  2
22  2
23  -1
13  -11
13  -6
22  3
15  4
16  6
6  2
19  -7
13  -9
20  5
16  2
19  -8
14  -5
10  0
9  4
16  3
20  1
13  -5
21  1
22  1
14  1
11  6
14  -3
6  -3
25  0
13  -9
14  -6
10  2
9  4
22  5
13  -10
22  0
15  1
15  1
17  -1
12  8
10  -6
14  -4
22  -2
19  -8
17  -4
17  3
17  -1
21  0
18  -9
12  6
16  5
15  -3
14  3
20  5
23  -10
22  2
18  -11
12  7
14  -2
11  2
14  -4
14  3
8  -3
11  10
10  -2
19  -4
24  -1
28  -2
13  -3
11  8
24  6
12  11
3  3
21  5
21  4
17  -1
13  -10
13  -7
11  10
15  6
12  10
13  -3
17  -2
8  -5
16  5
11  8
23  -2
13  -11
15  6
15  -4
8  -6
11  10
20  5
8  -5
10  -3
14  -7
15  -1
11  5
14  -5
22  5
12  7
12  2
19  0
11  1
20  8
24  -3
18  -8
23  -7
23  -8
11  8
23  -10
9  1
33  3
5  0
18  -5
16  9
22  -4
19  -1
19  -3
7  -7
13  -6
21  9
14  -4
14  -3
19  -6
13  -3
22  2
11  1
12  8
17  0
21  9
16  2
11  3
13  -2
20  5
11  7
33  3
11  2
17  0
13  -6
18  -11
15  1
11  11
13  -3
7  -3
27  1
18  -3
16  5
14  3
12  6
6  -1
13  -2
15  6
12  2
16  3
27  8
19  -6
19  -3
20  4
12  9
6  7
19  -5
24  0
15  4
14  -7
12  5
19  -7
18  -7
19  -8
14  -6
13  -3
17  3
10  -1
18  -4
19  0
14  -1
29  -2
15  0
7  2
15  0
3  6
21  0
20  5
14  -3
22  0
7  -1
18  -11
10  -4
18  -7
8  -3
14  3
12  11
16  3
11  11
20  9
18  -11
14  2
7  -8
15  2
12  3
20  9
10  -1
11  4
12  3
19  1
12  6
7  -2
15  3
19  -5
18  -2
11  2
16  8
10  -7
4  11
16  7
13  -7
15  1
10  3
15  -2
14  2
13  -4
13  -2
27  8
11  3
13  -1
22  -4
22  -3
6  -1
25  -1
11  8
11  4
14  -6
19  -6
7  -3
13  -3
32  11
18  -9
12  7
13  -8
9  -4
21  0
17  -2
19  -8
13  -1
13  -2
17  2
17  -2
24  4
6  -1
10  -5
14  1
12  2
23  -2
7  -2
11  8
20  0
16  6
10  3
14  -6
10  -6
8  -7
8  -4
19  -9
15  -1
15  -4
26  12
33  3
16  10
21  2
9  -4
4  5
11  5
6  5
14  -7
12  3
17  3
14  0
13  -9
9  -1
29  -2
27  4
14  -7
9  -1
24  3
12  11
22  5
29  -1
21  6
16  10
17  -1
11  4
19  0
20  1
13  -9
12  5
22  5
26  4
14  -4
12  7
12  11
8  1
15  4
14  -2
18  -8
14  0
11  1
14  0
28  1
10  0
14  1
13  -3
14  -5
9  -1
20  3
16  5
13  -4
11  4
16  5
18  -7
15  4
24  4
15  4
13  -6
17  5
15  4
10  -5
15  0
12  8
8  -1
15  -1
6  -1
21  0
25  6
13  -1
19  1
8  -4
14  -1
14  2
22  1
11  3
20  3
18  -4
17  0
12  8
19  -5
15  6
20  9
31  -3
12  6
15  2
15  5
21  0
17  3
15  -1
14  1
13  -11
28  3
20  4
9  -2
22  0
10  -5
13  -1
16  4
21  -1
16  8
14  1
9  4
22  -2
16  6
10  -4
16  10
14  -2
31  -5
9  -6
17  -4
11  8
21  8
24  4
15  2
18  -10
10  -7
13  -4
13  -9
9  -5
18  -1
13  -3
19  -9
19  0
11  4
10  0
10  -7
19  -4
12  11
14  -1
24  -2
16  1
17  -3
18  -9
24  -4
20  7
13  -2
15  6
22  2
24  5
12  11
15  1
20  2
12  3
15  -4
12  2
25  0
22  -3
12  5
13  -11
23  -2
8  -5
17  -1
7  -7
11  11
17  -3
8  -5
21  7
13  -2
23  -10
7  -1
16  7
26  5
10  -4
12  6
10  3
17  -1
20  6
21  1
17  -5
11  9
17  -4
17  -2
22  6
19  0
14  -7
11  3
21  9
6  -2
19  -3
18  -10
16  11
18  -5
24  2
10  0
23  -1
14  -1
28  -1
18  -5
13  -8
25  4
18  -7
11  1
12  1
6  5
6  -2
7  1
17  3
9  -4
7  -1
4  2
18  -8
13  -4
11  9
17  -4
15  2
13  -6
22  -4
9  4
12  5
22  -2
8  2
18  -3
17  -5
17  1
13  -11
6  -1
22  -3
14  -2
13  -3
19  -5
13  -5
8  -5
29  -1
11  4
24  1
22  0
7  -1
16  5
25  7
14  -4
15  -3
14  -6
9  -2
11  11
21  1
15  1
19  -8
18  -6
9  0
16  4
15  -4
22  -3
14  -3
15  6
14  -5
7  2
13  -2
15  -2
21  4
20  4
12  10
23  -5
10  0
11  6
26  10
12  2
9  4
14  3
18  -2
22  -3
15  2
5  2
8  0
3  2
18  -9
18  -11
19  -2
7  -3
16  7
13  -7
12  9
15  -3
13  -2
17  -3
13  -11
21  1
14  -2
10  2
18  -1
19  1
22  6
11  10
26  5
18  -6
15  -3
27  -1
18  -10
9  2
15  0
13  -7
15  6
17  5
11  6
13  -7
14  -3
18  -3
22  1
16  7
22  0
9  -6
17  4
10  -3
14  -3
13  -9
12  11
19  -2
24  -1
10  -1
18  -9
18  -8
10  -4
9  -5
17  -4
16  2
18  -9
19  0
19  -6
11  2
10  -1
17  -5
20  4
5  3
18  -2
12  1
17  -1
13  -9
8  -3
16  10
28  -4
13  -2
15  -4
10  -2
26  9
14  -6
21  9
8  -7
10  -4
11  1
16  2
14  1
21  -1
29  -8
13  -1
14  0
12  10
22  -4
14  -4
15  1
5  1
14  -4
13  -7
9  -2
14  3
28  0
24  -4
9  -4
12  8
7  -8
14  2
12  5
16  6
13  -1
10  -2
19  -7
17  1
28  2
8  -2
10  0
13  -7
20  -1
12  10
27  -1
9  -1
6  4
12  10
15  -2
17  -4
12  9
14  1
21  6
20  6
20  2
13  -5
7  -7
17  -2
19  -1
11  2
8  -1
12  2
10  -7
14  -7
10  0
11  8
16  10
11  6
12  2
19  -5
10  0
12  2
17  4
10  -6
5  -7
19  -1
11  6
21  9
20  9
25  3
14  0
13  -10
16  5
15  -3
15  0
9  1
17  0
15  -4
10  -2
15  4
12  6
21  4
12  10
24  1
17  3
10  -2
32  9
12  3
8  -1
16  10
10  0
14  -6
18  -1
18  -7
17  -5
17  5
16  3
12  4
12  1
6  7
10  -3
19  -3
24  1
10  0
15  3
17  5
19  1
22  4
14  -7
14  3
12  11
14  2
20  5
10  -5
10  -1
11  5
18  -6
10  2
23  -2
18  -1
10  -6
11  3
13  -9
9  -4
13  -3
19  -8
11  4
15  -2
12  1
18  -10
25  2
20  3
12  4
14  -7
6  1
15  2
10  -4
17  4
20  6
10  -7
13  -7
19  -3
13  -7
16  8
26  12
19  -3
19  0
10  -6
6  4
21  6
18  -3
11  5
17  -5
13  -7
25  8
15  -3
33  10
29  -3
15  5
10  1
13  -4
10  2
16  10
17  -5
19  -2
12  3
28  -2
8  0
11  3
18  -6
22  2
9  3
8  -2
9  -5
8  3
13  -1
21  6
19  -5
17  -1
11  5
11  3
15  -3
15  6
11  4
9  -5
18  -3
13  -2
12  10
23  -7
21  7
11  5
17  1
16  11
9  -5
12  8
20  2
8  1
14  -6
18  -5
10  -6
21  2
23  -5
11  7
23  -5
20  8
26  8
11  4
13  -10
16  8
14  3
20  -1
15  3
19  -6
18  -8
27  9
13  -5
17  -4
17  -1
7  -4
15  -4
22  6
20  3
11  5
8  -6
12  4
18  -11
24  5
18  -10
10  -4
13  -8
14  2
