57  -2
76  0
68  -2
58  2
69  10
71  7
63  0
55  -8
50  8
68  1
60  -4
85  -8
55  -12
37  5
86  6
62  1
70  10
40  -9
64  -1
57  -5
96  -11
116  2
51  2
48  2
84  -2
57  -5
74  11
121  3
72  6
49  1
80  0
75  -4
42  7
58  -1
47  3
72  1
46  8
39  -13
53  6
67  13
69  2
78  6
70  3
60  -8
65  6
55  -8
83  8
71  6
74  11
45  -8
67  11
93  1
55  -3
55  -6
63  3
65  6
57  -9
58  -7
75  -10
92  -3
74  4
48  -3
50  9
78  12
45  -4
89  1
72  5
102  1
70  5
77  8
60  0
69  -3
46  5
81  -13
81  -1
50  9
55  -3
107  -5
52  1
64  -1
65  0
106  2
78  9
61  1
41  3
65  3
42  6
60  -4
54  -5
62  3
49  12
69  4
42  2
52  1
56  1
50  -2
66  -2
45  -13
71  6
82  -1
97  3
59  -4
76  7
73  7
53  12
92  -4
67  -1
52  -3
38  5
39  -13
75  0
67  -1
65  0
63  5
115  -7
96  -6
83  -4
78  4
66  11
68  -2
47  5
37  7
58  -10
50  10
68  9
65  -6
61  -3
81  -14
56  9
48  -4
75  -3
65  1
86  3
67  10
73  3
58  -1
79  2
98  -2
78  1
67  7
57  -4
55  -12
52  -5
63  -1
79  -5
91  14
66  7
46  7
51  -1
54  -3
90  10
73  0
62  7
61  4
28  -1
64  3
57  -2
72  -4
60  -9
73  3
41  0
65  0
76  7
65  5
72  2
64  5
62  7
47  -4
58  -8
73  10
68  2
50  5
76  5
51  1
66  -3
44  0
51  -1
90  2
69  6
49  11
49  14
86  3
49  3
73  -2
74  0
58  -3
67  11
101  -4
64  0
55  2
81  -12
66  10
81  -14
62  8
64  10
46  7
64  13
68  3
67  8
46  10
91  3
93  11
66  9
73  0
57  -6
65  -6
57  -6
60  -1
63  9
48  3
46  13
51  10
73  11
55  -10
74  9
55  -2
56  -4
59  5
82  -7
80  13
80  5
48  8
53  13
59  2
63  9
91  7
45  -1
81  -9
46  -1
67  6
58  0
62  5
49  11
67  1
54  0
49  10
71  3
76  9
73  2
49  6
87  3
64  0
68  0
51  1
83  4
53  2
87  11
56  7
79  1
70  7
62  -1
63  2
48  3
51  7
56  4
65  -8
69  4
57  -7
56  8
58  -7
55  0
45  0
89  7
69  1
51  8
69  6
73  4
72  7
74  8
62  5
63  12
98  1
43  4
63  12
65  -8
54  -9
74  4
64  0
48  5
64  13
68  -4
62  1
41  -10
51  11
63  11
60  -9
77  1
51  12
60  -10
48  -5
51  11
62  3
62  10
66  -3
70  4
78  0
53  2
51  12
61  0
60  -7
61  -10
54  5
61  -4
53  3
62  4
65  -8
97  0
47  -2
52  -3
105  -11
62  5
54  -6
98  -1
61  -4
57  -9
59  -1
74  0
76  12
77  -2
59  -1
85  -13
55  -4
60  -10
81  -7
53  2
35  -2
50  7
48  -4
50  7
83  9
53  10
67  0
55  -12
91  5
68  4
62  11
86  5
47  -9
55  -8
56  2
62  10
65  -7
55  -4
42  -6
69  11
72  4
77  -1
65  -5
74  -1
78  0
57  -5
80  5
72  6
51  7
67  10
56  5
65  -5
52  -3
61  -1
51  0
60  -5
80  14
51  -1
56  7
63  9
70  5
56  4
62  6
41  -8
34  0
69  -2
66  1
70  2
49  4
76  -1
71  2
71  0
57  -1
37  6
55  -10
72  -2
51  3
53  10
88  3
84  -5
55  -5
93  5
63  0
46  12
70  0
77  -1
54  0
48  6
68  5
57  4
54  3
76  6
74  4
40  -9
84  0
57  -5
83  8
71  7
39  -4
53  10
51  -1
82  -3
78  12
53  13
68  4
52  -10
56  6
68  0
46  10
83  -2
78  6
68  -1
40  -4
43  3
71  1
55  -11
39  -3
72  0
62  2
76  4
75  0
49  7
66  8
62  2
59  5
85  -13
67  8
67  2
45  -14
58  -8
46  7
58  -2
60  -10
42  5
57  -1
54  -4
62  7
62  8
81  0
92  -9
82  7
69  1
71  2
53  6
47  2
79  -3
64  8
63  2
57  -9
71  5
74  7
46  3
59  7
58  2
72  -2
56  8
60  -11
49  12
79  0
78  3
56  0
64  10
61  -7
61  -10
76  2
73  1
47  -1
55  -2
78  14
69  6
54  -9
94  -1
54  1
66  0
68  -1
62  4
67  10
55  -5
62  0
72  5
84  -2
69  -2
84  -11
48  -4
50  3
63  -1
50  11
53  11
65  -5
43  -5
61  -1
61  -3
90  4
56  9
54  2
64  13
60  -3
60  -4
74  10
65  -8
47  -3
88  3
71  9
62  4
67  1
62  7
72  7
64  3
88  -2
66  3
58  -9
50  -1
52  -10
79  7
54  0
44  2
53  1
59  5
65  6
47  -2
43  -8
68  3
47  -8
100  6
77  -5
88  -1
69  7
76  9
74  2
58  -12
68  4
61  -10
56  4
60  -2
65  -7
44  0
43  -2
59  8
42  3
93  6
60  -7
70  0
74  8
55  -11
91  9
87  9
81  -14
63  8
69  -3
58  -10
76  0
38  8
59  0
61  -3
69  6
67  10
64  7
57  2
105  -8
71  0
60  -3
55  -1
74  6
65  1
48  3
81  -1
54  2
62  4
63  5
85  -1
63  10
70  11
71  13
52  0
71  1
73  -3
52  -13
39  -1
72  9
70  10
78  5
44  -2
63  13
57  -6
64  1
56  -2
59  -4
86  -1
57  -8
61  -5
70  -2
58  -12
83  -2
70  4
56  5
84  1
64  10
109  6
51  1
56  3
72  1
66  -2
58  1
79  -6
82  -7
94  -5
58  -8
66  -3
115  -3
66  2
69  6
68  6
106  -4
69  5
53  5
80  8
57  -7
80  12
53  11
39  -10
56  0
72  -4
44  6
79  8
46  12
45  -8
49  10
36  -5
78  9
39  -4
69  0
66  9
61  -1
58  -1
71  4
40  -2
69  11
75  1
74  8
66  2
77  2
60  -1
43  -8
66  3
61  -6
74  11
72  8
53  3
65  -2
42  6
64  10
55  -5
53  6
69  1
58  0
74  8
53  1
80  8
65  -2
50  -2
56  10
57  4
53  1
68  9
81  -14
64  4
65  3
86  1
63  13
72  -3
83  -3
58  -10
63  5
62  5
95  0
60  -13
52  -11
71  13
75  1
63  11
59  -1
66  -2
87  -2
62  4
96  -11
68  5
53  0
60  -7
64  -1
62  1
80  14
61  -6
80  3
81  -4
97  11
97  5
63  0
47  -6
60  -14
50  6
77  -5
58  -11
63  5
49  7
50  12
60  -3
64  8
88  -6
65  -5
89  1
71  5
46  4
85  -3
61  1
73  9
78  10
46  10
68  8
56  5
92  -3
82  2
90  9
56  10
52  1
52  -7
77  7
54  -8
60  0
95  4
89  1
78  1
56  4
69  8
84  -2
54  -3
57  -1
70  3
59  -3
104  -1
94  0
52  -5
72  -5
88  -6
67  10
58  1
63  5
64  1
74  10
82  0
65  -7
58  1
57  5
54  4
77  3
66  10
56  3
49  13
58  -11
55  -3
60  -10
81  -9
65  -4
56  9
55  -8
87  10
80  12
71  4
45  -1
70  3
34  -3
75  0
67  2
60  -3
58  -4
59  1
74  -1
68  5
95  -4
66  3
55  2
91  2
45  -12
51  12
57  -4
82  -1
54  0
73  11
65  0
79  5
84  -10
53  2
70  -1
63  -1
65  1
90  13
60  -12
56  5
76  -1
48  8
57  -5
74  0
60  -11
32  -1
69  7
77  8
71  7
67  13
59  8
80  4
58  -5
74  -1
62  11
87  5
70  1
58  -3
60  -4
82  2
44  5
86  9
79  -2
66  2
79  0
78  8
50  12
49  7
55  -8
102  3
60  -1
88  5
76  2
58  -11
45  -1
86  -1
85  -7
64  0
60  -13
78  11
63  5
50  2
54  -5
77  -5
60  -12
62  7
78  13
77  0
69  -3
50  1
55  -3
45  -4
105  0
60  -1
63  -1
83  -1
67  2
76  7
53  7
47  3
55  -2
68  7
67  10
65  -5
39  0
69  -3
32  1
57  0
64  8
91  5
69  6
44  -4
63  6
65  -8
76  8
70  1
40  -9
65  4
57  -6
85  -2
88  -5
66  10
60  -4
69  -1
81  -12
59  -3
84  -2
50  8
71  9
52  -1
87  5
68  8
59  5
79  3
56  3
74  -2
58  -9
54  -2
56  4
70  -3
83  -1
61  1
44  10
63  5
82  6
70  -2
85  1
53  4
61  4
67  -1
53  11
33  4
70  5
62  13
49  7
65  -3
51  5
73  1
80  1
41  -9
66  -1
62  1
80  14
64  9
91  3
51  12
61  -8
52  -1
61  -1
73  -2
65  5
54  2
43  -3
69  7
61  -9
62  0
62  13
35  0
70  -1
54  -1
53  9
57  3
61  -5
81  -3
84  2
50  9
73  3
62  4
44  -2
66  8
61  -8
71  9
49  1
92  -2
68  0
70  7
77  3
64  -1
62  8
77  7
95  1
68  2
60  -12
56  10
62  10
48  4
55  -7
58  -8
60  -9
67  3
71  14
68  9
62  12
57  -6
45  0
82  5
57  -2
53  11
36  4
89  9
71  8
64  1
64  9
85  -9
43  0
38  4
59  1
70  7
76  8
85  -11
64  10
55  -5
63  13
63  0
44  0
69  9
74  11
81  -14
