44  -6
52  -5
79  2
58  -4
48  5
60  4
30  -5
93  0
49  -1
42  4
37  0
44  -7
61  5
76  4
31  -5
57  -2
41  0
43  6
42  3
56  7
65  4
53  1
69  -6
69  -7
48  7
69  -7
56  6
31  -6
40  -7
55  -3
52  -3
41  -1
49  -1
54  -4
59  -3
57  0
47  4
59  -4
42  2
47  2
43  6
48  6
38  1
73  7
64  0
60  4
61  3
53  3
52  -4
51  -3
57  -1
65  5
76  4
48  5
59  -3
60  4
34  -7
57  -2
32  -6
68  1
53  2
55  -3
56  6
80  5
51  -4
70  5
62  7
71  2
44  -6
37  1
46  7
82  6
58  -4
36  0
61  3
62  8
50  2
72  -5
49  -3
50  1
52  -4
58  -2
68  2
57  -2
47  4
47  4
54  -2
46  8
55  -4
80  4
58  -3
69  -7
75  -3
48  5
43  6
54  -3
64  1
40  -6
62  8
50  1
63  -3
56  6
44  -6
49  -3
50  1
64  0
26  0
52  -4
50  0
50  1
76  2
50  1
71  1
50  0
54  -4
39  -6
60  3
73  8
63  -3
51  -2
35  8
63  -2
75  -3
50  1
30  -5
42  4
49  -2
63  -2
43  6
85  3
40  -5
61  4
68  2
90  -6
68  1
47  3
45  3
57  -1
61  4
73  8
72  -5
63  -3
59  -4
46  7
56  7
39  -6
52  -3
43  4
18  4
54  -2
60  3
47  4
38  -1
61  3
44  -8
65  5
79  2
50  2
72  -3
53  2
57  0
44  -8
66  -3
73  7
67  -8
55  -3
28  -5
69  -7
29  1
56  6
50  2
83  3
59  -5
55  -2
46  6
43  4
76  4
54  -2
38  1
53  3
39  -5
75  -3
75  -5
42  3
46  8
44  -6
60  4
56  5
48  5
45  1
48  6
32  -6
38  0
55  -3
57  0
54  -3
48  7
57  -1
52  -4
37  0
41  0
70  4
70  5
44  -7
50  2
53  2
35  8
39  -5
59  -5
44  -8
42  2
56  5
57  0
65  4
55  -4
66  -4
79  2
72  -4
75  -3
44  -7
57  -1
56  5
71  1
67  -8
64  0
47  2
63  -2
81  -5
42  3
55  -2
72  -5
52  -4
52  -4
50  0
69  -7
71  0
52  -4
74  6
69  -6
57  -1
66  -3
36  -2
84  5
44  -6
53  3
62  8
51  -3
54  -2
45  3
70  6
66  -5
42  4
30  -4
48  5
46  6
52  -5
41  -2
51  -3
40  -5
49  -2
46  7
42  3
58  -4
54  -4
59  -3
58  -3
49  -3
66  -3
50  2
71  1
78  -1
63  -2
65  6
62  6
31  -5
49  -1
63  -3
48  7
61  5
63  -1
69  -6
62  6
60  4
47  3
41  -2
49  -1
63  -3
43  6
60  2
68  0
34  -7
50  2
86  5
90  -7
64  -1
43  6
69  -8
68  1
66  -5
56  6
72  -4
56  5
46  7
59  -4
52  -4
57  0
62  6
53  2
43  5
51  -4
79  4
75  -3
31  -5
35  7
64  -1
48  6
70  4
67  -6
58  -3
43  5
40  -7
43  6
74  7
65  4
69  -6
57  -2
51  -2
20  2
52  -5
53  1
27  1
45  1
40  -7
45  3
36  0
73  6
45  1
41  -2
45  1
39  -6
51  -2
37  2
60  2
66  -5
60  3
82  8
77  7
56  5
66  -5
29  1
50  1
50  0
32  -7
67  -7
39  -5
35  8
56  7
55  -3
57  0
41  -1
58  -2
38  1
60  4
41  -1
48  5
52  -3
29  0
60  2
49  -2
57  -1
60  4
59  -3
59  -4
51  -2
54  -2
48  6
68  1
64  1
100  2
28  -7
47  4
64  0
45  1
63  -1
62  6
70  5
50  2
50  2
49  -2
51  -4
45  1
73  7
53  1
61  5
53  1
63  -3
37  2
57  0
54  -4
42  3
68  0
59  -4
62  7
72  -4
54  -4
55  -3
80  4
71  2
64  -1
60  3
72  -5
21  -1
49  -2
33  4
64  1
45  3
32  -6
45  1
60  3
41  -1
65  6
52  -4
32  -8
65  4
80  5
41  0
50  0
52  -3
69  -6
68  1
55  -3
59  -4
52  -3
39  -5
54  -2
55  -4
41  0
87  -5
70  4
74  6
44  -7
80  5
37  0
53  3
67  -6
74  5
59  -4
38  -1
54  -3
79  4
63  -3
68  2
63  -3
57  0
81  -3
52  -4
62  7
39  -6
44  -8
54  -2
85  5
60  4
47  3
52  -3
39  -7
66  -3
77  5
76  3
42  3
53  1
33  4
84  5
34  -5
51  -2
61  4
37  1
44  -7
58  -2
61  5
70  5
78  -1
58  -4
54  -4
55  -4
46  8
51  -3
64  -1
54  -2
33  5
63  -1
50  2
53  3
59  -5
57  0
64  0
35  8
100  2
43  5
48  6
80  5
41  0
76  2
52  -4
69  -6
57  0
64  0
59  -4
44  -7
39  -5
85  3
47  4
50  1
50  2
46  8
48  5
76  2
46  6
56  7
63  -1
46  7
58  -4
65  6
75  -3
69  -8
59  -3
47  2
28  -7
50  0
57  -1
59  -3
64  0
40  -6
50  2
29  0
59  -3
66  -4
56  7
73  7
66  -4
40  -7
51  -4
75  -5
68  2
37  2
46  8
89  -7
35  8
46  8
54  -3
65  5
46  6
51  -3
38  -1
59  -5
57  0
66  -5
37  1
50  0
58  -2
54  -3
48  6
50  0
52  -4
59  -3
54  -3
61  5
68  1
58  -2
79  2
53  1
48  6
53  2
35  6
51  -2
42  3
66  -3
42  3
45  1
68  2
78  -1
81  -5
56  7
73  6
58  -2
59  -3
34  -5
46  7
56  5
67  -8
82  8
66  -3
65  5
85  3
48  7
64  0
33  4
69  -7
62  7
84  4
102  -5
34  -5
64  0
54  -4
55  -2
48  5
45  2
45  3
46  7
63  -1
58  -3
49  -1
35  7
65  4
48  5
53  3
38  0
55  -4
59  -5
43  4
23  -3
46  6
34  -5
69  -7
48  5
64  1
44  -7
62  6
60  2
64  1
67  -8
57  -2
47  4
70  5
52  -5
58  -2
73  7
44  -8
31  -6
62  7
79  4
36  0
49  -1
34  -7
83  1
69  -6
39  -7
32  -6
45  3
43  5
69  -6
63  -1
55  -4
43  4
46  6
62  8
50  0
48  6
63  -3
60  4
56  6
96  -6
64  1
41  -1
43  5
52  -3
56  5
57  0
48  6
66  -3
56  6
52  -4
44  -7
63  -1
45  1
39  -6
37  2
37  0
50  2
42  2
48  7
67  -6
62  8
58  -4
46  8
46  8
50  2
50  1
44  -6
68  2
76  3
80  6
67  -7
65  5
47  2
29  0
47  3
68  2
44  -8
72  -3
53  2
59  -3
29  2
47  2
48  5
66  -3
66  -5
46  6
73  8
72  -3
52  -4
79  2
40  -5
52  -5
71  0
77  5
57  -1
37  2
54  -4
25  4
47  4
82  6
49  -1
71  0
71  1
28  -5
47  2
72  -5
48  5
40  -5
45  2
39  -6
46  8
59  -3
59  -4
57  -2
75  -3
57  -2
72  -3
59  -3
62  8
73  7
73  7
38  0
69  -7
59  -5
59  -5
56  7
40  -6
42  4
65  4
48  5
68  0
34  -7
57  0
65  6
47  2
61  4
71  0
68  1
76  3
64  0
71  0
36  0
63  -2
47  3
36  -1
57  -2
47  3
87  -5
49  -3
79  3
50  0
62  8
89  -6
50  0
70  5
52  -3
64  -1
65  5
67  -7
57  -2
25  2
39  -7
52  -3
65  6
36  0
57  -2
61  3
95  -8
50  0
68  0
43  6
61  3
65  5
56  7
48  5
52  -4
32  -6
27  2
65  5
44  -8
49  -2
82  6
40  -7
60  4
73  7
54  -2
46  8
40  -5
42  4
79  2
60  2
67  -7
66  -5
58  -3
65  4
38  0
61  5
57  -1
68  2
68  1
77  7
49  -3
57  0
32  -7
69  -8
77  6
67  -7
59  -4
35  6
73  7
74  6
67  -6
87  -5
36  -2
54  -4
37  2
43  5
47  3
40  -6
48  6
64  1
37  0
52  -5
49  -3
44  -8
57  -2
60  3
66  -3
34  -5
70  5
66  -4
54  -2
37  0
56  7
83  1
65  5
58  -2
56  5
67  -8
38  -1
49  -3
46  8
45  1
51  -4
48  5
37  0
68  1
44  -8
38  1
38  -1
69  -7
69  -7
46  7
53  3
82  7
50  1
81  -5
74  6
63  -3
64  0
57  0
68  1
99  2
36  0
45  3
58  -4
50  1
40  -7
58  -4
36  0
62  7
70  5
81  -5
48  7
33  4
65  6
77  5
50  1
51  -3
69  -6
57  0
58  -4
57  -1
75  -3
62  8
59  -3
56  5
62  7
71  1
85  5
50  1
49  -2
50  1
39  -5
61  5
52  -5
33  4
44  -8
41  0
71  0
54  -2
60  4
56  7
68  0
47  3
28  -6
54  -2
62  7
79  4
41  -2
56  6
38  1
71  2
68  0
77  5
28  -6
71  2
78  0
50  1
65  5
47  2
77  7
73  6
84  6
50  0
39  -6
68  0
35  6
48  6
52  -5
57  -1
86  5
56  6
62  6
52  -4
40  -7
64  -1
68  0
70  5
61  3
44  -6
53  3
83  1
49  -3
59  -5
73  8
62  8
52  -3
36  -1
60  2
44  -7
75  -4
51  -4
52  -5
51  -4
41  -1
60  2
80  6
42  4
68  0
74  6
91  5
45  3
87  -5
57  0
48  6
94  3
47  2
56  6
56  7
64  1
42  3
46  7
51  -2
52  -3
60  4
76  3
49  -3
42  4
