137  4
107  4
92  -1
70  2
113  -4
120  3
121  3
140  -4
115  4
140  -5
102  3
106  5
100  2
83  -4
104  6
134  -6
138  -5
89  -8
120  2
80  0
96  -5
114  -8
104  6
101  4
128  4
148  -7
160  -1
110  -1
127  8
84  3
133  -4
63  -4
83  -6
124  1
80  -1
64  -4
106  7
116  -4
103  2
69  0
113  -5
107  4
96  -5
136  3
79  -6
129  -4
103  3
93  -4
104  6
127  8
73  6
122  -7
109  -5
103  3
115  2
104  6
104  6
127  8
82  -2
73  5
105  -2
87  1
116  -3
91  5
107  4
95  -7
84  4
130  1
133  -2
114  -7
88  -1
165  1
137  3
117  -7
55  7
129  -2
107  2
92  -2
115  2
66  4
108  -5
85  -4
126  6
127  6
136  4
94  -7
95  -6
129  -2
99  2
119  2
100  2
159  -6
128  4
110  0
71  -7
78  -1
134  -6
82  -2
138  -7
128  5
97  8
161  0
85  -2
107  3
193  -1
117  -8
88  -1
96  -6
96  -6
99  1
113  -4
78  -1
150  4
129  -2
122  -5
144  5
98  -6
145  -2
111  8
107  3
94  -8
76  -5
84  4
121  4
136  4
105  -2
98  -8
80  -2
116  -2
128  4
86  -4
108  -5
107  4
114  -8
93  -3
107  3
132  -4
125  -2
94  -8
102  3
101  4
161  0
89  -7
92  0
121  2
104  5
86  -3
120  4
144  3
178  -6
114  -8
105  -2
119  0
101  3
71  -6
100  3
115  4
115  4
64  -3
106  5
103  1
113  -6
69  1
95  -8
75  -4
133  -4
132  -3
73  5
173  2
146  2
91  5
136  3
115  3
126  8
114  -6
116  -3
121  4
110  -1
72  -1
209  0
106  7
99  1
102  4
121  2
97  6
127  6
168  -5
119  1
115  3
108  -3
118  4
117  -6
117  -7
76  -6
181  -5
93  -4
114  -7
144  5
123  1
119  1
131  -4
93  -3
75  -4
136  3
81  1
132  -3
77  -8
124  1
107  3
140  -4
135  5
115  3
83  -5
92  0
160  -1
121  4
170  3
159  -5
78  0
136  2
117  -8
129  -4
116  -2
119  2
102  4
113  -4
101  3
115  4
151  -8
125  -1
97  7
86  -3
97  8
115  2
150  4
102  3
110  0
105  -2
152  -1
117  -6
102  4
98  -6
90  8
125  -1
113  -6
107  4
86  -3
133  -4
68  -4
136  2
99  3
137  5
113  -5
121  3
100  4
131  -2
135  5
108  -4
117  -7
105  -2
66  5
138  -5
109  -7
111  6
115  2
102  3
95  -8
105  -1
101  5
128  3
116  -4
71  -8
109  -6
103  1
82  -1
99  3
95  -7
119  1
131  -4
88  -1
114  -8
131  -3
139  4
109  -6
113  -5
104  5
130  2
97  7
113  -5
124  0
129  -3
132  -3
168  -4
112  -2
125  -2
113  -6
87  1
130  2
137  5
88  1
141  5
134  -5
86  -5
161  0
157  7
112  -2
112  -3
113  -4
115  4
106  6
85  -4
106  6
87  1
112  -2
115  4
117  -8
105  -2
115  2
107  2
74  -1
146  1
98  -8
85  -3
122  -6
109  -7
81  -1
131  -3
72  -1
117  -6
110  -1
105  -2
169  -7
140  -3
103  1
108  -5
114  -7
78  0
119  0
136  4
148  -6
94  -8
148  -7
138  -6
121  2
145  -1
146  1
133  -2
115  3
118  4
108  -5
134  -6
114  -8
119  1
182  -1
87  2
86  -5
116  -3
114  -6
82  -3
96  -7
102  3
119  2
106  5
122  -7
121  4
95  -7
116  -3
130  2
173  2
108  -4
127  8
100  4
135  5
119  0
149  -5
123  1
103  1
92  -1
117  -7
95  -7
117  -7
134  -5
126  8
92  0
156  3
56  -2
120  2
75  -4
130  0
118  3
118  3
90  6
153  6
140  -5
82  -1
85  -3
139  5
115  2
85  -3
139  4
106  7
86  -5
105  -1
133  -2
157  6
88  0
105  -2
100  2
138  -6
195  6
91  5
124  1
120  3
132  -4
100  3
118  3
105  -2
181  -4
117  -8
87  1
134  -7
153  6
102  3
93  -4
89  -6
101  5
103  3
104  5
94  -7
131  -3
112  -2
54  2
138  -6
88  0
142  3
97  8
83  -5
114  -8
89  -8
95  -7
133  -2
155  2
124  2
119  2
66  4
76  -6
122  -5
132  -3
145  -2
168  -4
89  -7
111  7
97  7
98  -7
118  4
118  4
88  1
84  3
118  4
100  2
126  8
87  1
136  2
152  -3
114  -8
92  -1
105  -1
153  6
119  1
125  -2
148  -6
120  4
94  -8
97  7
130  2
95  -7
164  4
161  0
121  2
100  3
92  -2
154  -1
135  6
71  -7
112  -3
94  -8
117  -7
125  -3
129  -4
128  5
127  8
140  -3
113  -4
84  5
150  3
107  3
92  -2
116  -3
94  -8
116  -3
125  -2
98  -7
100  3
135  5
120  2
132  -3
83  -5
128  5
112  -2
128  4
73  4
132  -3
88  0
98  -7
108  -4
112  -1
86  -3
105  -2
108  -5
87  1
107  4
136  2
146  3
123  3
77  -8
68  -6
86  -4
126  6
175  6
128  4
99  2
130  1
114  -6
147  3
92  -2
98  -6
119  2
114  -6
106  7
120  3
120  4
95  -8
109  -6
119  1
129  -4
117  -7
95  -8
168  -5
93  -3
102  3
71  -8
128  5
99  1
90  8
68  -5
116  -4
114  -8
105  -1
114  -7
84  3
153  5
149  -6
92  -2
121  2
101  3
92  0
128  3
70  0
144  5
112  -1
110  1
137  5
145  -2
101  5
103  3
116  -3
117  -7
97  8
181  -5
140  -4
122  -7
106  5
148  -7
161  1
73  5
105  -1
94  -8
102  3
107  4
106  6
107  4
110  -1
96  -7
147  3
74  -2
157  6
145  -1
125  -3
129  -2
142  5
96  -7
134  -6
141  4
105  -3
107  4
70  1
97  8
103  2
106  7
83  -4
107  3
129  -2
185  -1
176  -6
129  -4
153  5
132  -2
120  2
105  -1
129  -3
78  -1
124  1
97  8
145  0
86  -3
61  4
128  3
113  -5
136  2
94  -6
101  4
97  8
87  1
113  -6
112  -3
139  3
68  -4
91  5
124  2
94  -7
125  -2
116  -3
89  -8
95  -6
102  2
132  -2
95  -7
116  -2
99  1
97  6
109  -6
101  3
96  -7
100  3
85  -2
145  -2
122  -5
131  -3
135  5
137  4
74  -2
120  4
105  -2
97  7
119  0
110  0
117  -6
135  6
128  5
73  6
120  3
80  -1
94  -8
88  1
125  -2
143  7
105  -3
137  3
139  3
86  -5
75  -4
93  -3
106  5
135  4
122  -7
78  0
65  1
126  8
180  -6
72  0
123  1
118  3
107  4
80  -1
104  7
107  2
104  7
85  -2
114  -8
140  -3
129  -3
114  -6
90  6
104  5
126  8
98  -6
106  6
117  -7
87  2
103  1
77  -7
148  -6
85  -4
146  3
85  -2
134  -6
88  0
120  2
115  2
134  -7
122  -5
150  2
168  -3
129  -2
141  5
74  -3
140  -4
96  -7
104  6
122  -5
132  -3
96  -6
128  4
89  -8
81  -1
86  -5
146  3
98  -8
104  7
159  -7
153  4
130  0
79  -8
108  -4
116  -3
74  -2
134  -6
142  5
125  -2
141  5
134  -6
122  -5
135  6
142  5
93  -5
160  1
153  6
135  6
133  -3
86  -4
113  -6
116  -3
123  1
116  -3
97  8
157  7
90  8
119  0
77  -8
115  4
90  7
110  1
123  2
90  8
132  -4
100  2
107  2
104  5
86  -3
108  -3
174  -2
115  3
101  4
97  8
91  5
106  5
113  -5
153  6
108  -5
119  1
91  6
100  4
82  -2
155  2
134  -7
131  -2
131  -3
128  4
135  4
125  -3
108  -3
128  4
115  4
122  -6
126  6
94  -6
108  -5
139  5
90  8
146  1
93  -4
116  -4
143  8
89  -6
135  4
124  2
111  8
173  2
95  -7
155  2
112  -1
96  -5
125  -3
122  -5
99  2
156  3
125  -3
118  4
100  2
104  7
85  -2
115  4
122  -5
128  3
89  -7
130  0
70  2
108  -3
104  7
131  -3
127  8
107  3
138  -7
143  8
73  4
112  -2
130  1
97  8
117  -6
97  7
102  2
104  7
98  -8
124  1
151  -6
84  4
105  -1
131  -3
122  -7
132  -2
130  2
123  3
130  1
117  -6
118  3
99  1
116  -2
121  3
82  -3
149  -5
101  5
139  5
100  3
81  -1
78  0
60  0
123  3
109  -7
123  2
58  -1
142  5
136  4
146  3
129  -2
131  -2
87  2
91  7
114  -7
74  -1
137  4
129  -4
123  1
84  5
130  0
109  -7
171  2
118  4
97  8
61  2
100  2
116  -4
118  4
107  4
105  -3
112  -3
122  -6
92  -1
106  7
113  -5
169  -7
111  6
104  5
103  1
83  -6
120  4
98  -6
84  3
93  -3
97  7
122  -7
80  0
91  7
97  6
154  0
86  -4
131  -4
87  1
146  3
134  -7
123  3
125  -1
109  -5
132  -3
128  4
110  -1
102  4
121  4
131  -2
99  2
126  6
87  2
129  -2
103  2
112  -3
164  3
148  -6
160  1
116  -2
122  -5
104  5
107  3
98  -7
127  6
111  8
216  2
145  -1
91  5
85  -4
103  1
121  4
162  1
124  0
133  -4
126  6
117  -7
139  4
93  -3
118  5
93  -5
70  0
125  -2
97  7
62  7
153  5
146  2
139  4
132  -3
130  2
114  -8
105  -3
116  -2
84  3
121  3
156  2
126  8
92  -1
125  -2
85  -2
103  3
122  -7
63  -2
91  6
131  -3
120  2
112  -2
99  3
113  -6
121  4
70  0
81  -1
