10  8
16  -2
17  -4
24  10
24  4
17  -6
11  -6
32  3
7  -1
6  2
26  7
32  -1
28  7
11  -8
29  8
17  2
30  -2
29  -1
15  -2
32  -1
9  -8
17  -3
12  8
23  -2
28  2
6  -3
15  5
28  5
14  -1
12  8
23  -6
24  6
18  -5
17  2
18  -6
11  -8
23  -4
24  4
13  4
16  -4
11  -2
13  7
44  -6
24  -1
14  2
19  1
26  2
18  -5
20  5
14  6
16  -8
14  0
27  -1
22  7
11  -9
19  -8
19  -10
14  4
11  0
19  -4
26  12
12  -3
26  0
9  -1
9  -1
27  -4
21  -2
15  9
33  -9
14  -1
10  8
15  -1
30  7
16  -3
19  0
15  4
11  -7
13  7
19  -6
9  -6
27  -10
16  -5
19  -11
26  1
13  4
13  -4
14  4
22  10
19  -8
16  4
14  -5
11  1
9  -2
13  -4
25  -4
12  8
13  -3
18  0
8  5
15  -2
13  5
17  3
23  -2
5  5
28  4
10  4
18  -10
11  -4
17  -2
15  1
18  -7
19  1
18  -3
28  -3
17  -3
22  7
25  6
17  -5
25  0
25  8
14  2
34  -1
25  0
18  -1
14  -5
28  2
14  6
17  -5
12  0
18  -2
21  -8
20  1
5  -1
15  1
21  -9
19  -7
18  -10
37  -9
7  8
21  -8
9  -6
11  -8
13  2
9  -7
15  0
8  -4
15  -2
15  -3
13  8
16  -6
20  6
14  0
24  10
12  1
16  3
13  -1
4  6
25  -4
20  6
23  -5
24  1
11  -5
20  3
26  11
19  -7
14  6
11  3
8  4
15  3
18  -10
26  10
21  1
11  -3
23  -7
17  -5
17  1
26  9
14  -4
11  -5
12  0
19  -10
32  -7
17  2
20  5
22  1
10  9
20  2
16  2
16  3
18  1
14  -5
16  -1
33  -2
16  -8
8  0
26  5
29  1
13  8
21  -4
8  2
18  2
29  -1
29  -2
18  -6
20  8
10  0
11  -5
8  1
26  11
20  5
3  5
15  8
41  -9
27  -10
13  -1
14  -2
14  -1
14  -4
28  -3
22  13
4  0
8  -4
17  6
17  -2
21  -9
18  0
14  5
24  5
21  1
18  -1
13  7
23  -11
17  3
21  3
24  9
9  -8
13  0
22  1
17  -6
18  -3
12  3
18  -8
21  -9
17  0
17  1
10  0
28  -2
19  -8
17  1
10  8
19  -4
18  -10
19  -9
29  3
24  2
18  -1
31  4
17  -6
20  9
13  8
25  4
25  -4
29  -2
19  -4
19  1
15  4
12  -2
14  5
10  0
17  -6
25  2
29  6
15  3
13  1
12  8
17  6
17  -1
22  4
20  11
16  -6
16  -5
18  -2
21  3
5  5
17  1
14  -3
16  4
15  2
15  -3
14  -4
14  -3
36  1
15  -1
16  -1
36  -5
12  3
7  6
18  -3
14  1
14  2
20  5
14  4
23  -7
18  -2
14  -2
11  -9
12  4
7  -3
17  -4
21  -3
16  -7
19  -1
13  -4
26  6
25  -4
29  8
10  10
15  1
9  -4
22  2
12  0
21  -9
12  6
25  1
10  6
16  3
30  7
23  -4
15  6
6  0
12  8
25  8
12  4
9  -4
16  -1
9  -8
24  10
26  11
14  -6
13  -3
17  3
31  7
18  0
15  0
12  -1
22  2
19  -10
28  -1
36  1
23  -8
18  1
19  -9
26  6
20  -1
26  7
34  -4
21  -2
17  2
24  1
20  8
10  9
20  6
19  0
13  5
16  1
12  -2
26  3
19  -11
16  3
8  -4
17  5
23  -11
17  -2
13  7
12  0
21  -9
12  3
15  8
13  -4
16  1
12  -3
22  2
24  10
14  0
14  1
25  0
18  -6
12  3
14  2
16  -8
22  10
8  0
17  -2
9  3
18  0
15  2
23  -9
26  1
31  5
22  6
8  -5
6  1
27  -8
24  8
16  -7
15  7
15  -1
16  -2
17  -5
8  -1
18  2
14  -4
17  4
10  2
22  2
25  0
9  -8
13  -1
4  9
16  1
22  5
19  -9
28  -1
10  4
15  -1
26  10
31  3
25  2
9  1
15  7
9  -6
29  5
14  5
22  8
40  -5
15  3
13  1
13  6
14  1
15  2
31  -2
8  -6
36  -5
9  4
12  1
12  8
10  5
18  -3
20  8
19  -4
7  7
21  -7
25  -2
18  0
7  0
12  3
10  8
13  -2
21  -6
15  -2
23  -9
12  3
15  -3
13  2
9  -1
11  2
36  -9
11  -9
8  0
6  -5
22  12
26  9
20  0
25  6
10  4
10  -1
17  -6
32  -2
25  6
20  9
23  -3
23  -7
21  2
12  -2
13  7
25  2
25  3
25  2
23  -3
30  -3
33  -2
30  7
17  4
9  -5
24  0
27  -10
12  6
19  -8
25  0
11  -8
18  -8
23  -6
22  11
21  -3
11  -4
12  3
28  0
26  7
23  -7
19  0
16  4
13  5
12  7
19  0
28  6
23  -10
18  -10
19  -1
22  11
14  3
5  5
16  0
15  -3
20  3
18  -4
9  -3
15  0
32  2
26  12
20  0
18  -1
6  -2
16  -2
21  0
22  11
9  -3
9  -8
19  0
14  -2
25  5
12  3
40  -9
20  1
17  -5
15  8
18  -10
22  1
11  -9
9  -8
23  -6
16  1
14  6
14  -3
24  1
24  6
12  -1
15  2
17  0
22  13
21  -7
26  3
12  1
28  -2
21  1
32  -1
10  -2
13  -3
12  -2
17  -2
10  -2
13  6
18  -6
9  3
17  4
5  6
27  -3
13  7
8  -2
12  2
25  8
25  -4
17  4
16  3
17  0
9  1
15  -2
15  2
11  1
21  -8
19  -8
7  -2
20  10
27  -1
27  -6
27  -1
26  12
21  -5
21  -5
13  8
18  -4
15  -2
24  1
16  -8
16  1
16  -2
19  -5
32  -7
21  -4
25  8
24  -2
14  -1
31  -4
15  2
22  8
17  6
21  -2
19  -7
10  9
13  -4
16  -6
18  -9
14  4
8  -3
18  1
6  -4
21  -8
20  1
19  -5
20  3
14  -2
15  7
15  0
9  4
24  6
13  0
16  -1
22  13
26  0
18  2
23  -9
18  2
20  2
11  3
10  9
13  5
17  2
22  7
16  2
12  3
28  -3
14  -1
12  -2
28  1
13  -3
33  -1
17  1
15  -3
10  5
14  -4
22  13
20  4
20  8
28  5
17  5
25  6
21  -4
16  -3
8  3
10  5
19  -1
23  -3
19  -2
22  13
22  6
13  7
15  -3
28  7
10  -2
7  8
15  8
7  -3
20  7
23  -5
11  1
16  4
15  -1
15  -2
21  -4
20  7
13  2
11  2
10  7
15  -3
10  3
23  -6
31  -3
27  -2
19  -4
11  2
21  -1
11  -7
16  -1
13  7
22  7
15  0
9  -1
14  1
23  1
10  9
12  9
29  -3
13  4
18  -1
20  6
25  -2
8  0
21  -8
13  8
16  -1
11  -2
18  -5
24  6
23  -8
21  0
18  -8
11  -1
31  0
18  -9
15  -2
19  -6
23  -1
13  5
21  1
27  -10
18  -5
15  -2
15  -1
11  1
20  -1
16  3
19  -2
12  -1
10  9
9  4
24  9
10  2
8  -7
20  0
20  8
15  8
18  1
11  -1
15  2
17  -6
25  1
20  3
22  2
12  -1
8  -3
29  4
16  -1
19  -7
11  3
9  3
15  8
13  -4
32  -5
21  3
18  -7
7  -3
25  8
21  3
25  -1
21  -8
27  -10
16  -7
20  4
15  6
11  0
24  3
16  -2
12  3
35  -5
11  -7
5  7
15  9
18  -5
12  8
13  7
10  -1
10  0
17  6
20  8
15  0
22  12
10  1
11  -2
7  0
22  12
13  -4
23  1
18  0
17  3
14  0
11  -7
25  1
30  8
14  -1
12  2
23  -3
12  4
16  -7
15  -1
22  1
16  4
15  -2
8  -7
16  1
14  6
16  0
11  -4
14  6
14  -4
38  -4
31  0
20  3
19  1
13  -4
16  -3
10  4
24  0
16  -1
18  -5
13  0
9  -5
12  2
11  -4
22  10
24  -2
26  10
21  -7
16  4
24  5
29  -2
19  -7
27  -2
13  2
10  6
26  1
6  6
14  6
19  -7
22  13
17  3
15  7
34  4
13  2
13  0
29  5
14  -1
23  1
20  11
15  -3
12  8
20  4
9  2
4  5
20  8
12  1
18  -6
15  -1
10  7
10  5
16  3
19  -8
21  -5
19  0
12  4
27  -6
29  1
34  1
18  -9
13  -2
27  0
13  0
26  5
8  4
20  2
15  8
12  1
12  -2
38  -8
33  -1
12  -1
5  9
27  -12
19  -2
20  5
21  -1
13  8
22  1
10  8
16  -4
16  1
27  0
12  0
19  -8
26  2
14  -3
17  5
20  6
14  -6
15  0
15  5
23  -9
10  9
11  -6
15  3
21  -8
12  -3
19  -2
5  4
38  -5
16  -1
25  1
32  -2
23  -10
15  8
19  -5
21  -4
15  3
25  -2
20  9
10  1
18  -6
11  1
17  0
23  -8
10  2
14  -4
14  4
12  7
7  -3
15  -1
13  1
20  -1
14  -6
16  -5
13  -1
21  3
9  4
11  -6
29  8
25  4
30  -3
9  1
14  2
17  3
12  -1
15  5
18  -6
8  -7
12  -1
12  5
25  2
25  4
14  -3
10  -2
18  -2
37  2
30  -1
20  6
28  5
19  -10
25  6
12  -3
19  -3
20  0
6  7
13  5
11  -2
10  8
17  -3
16  -2
18  -10
11  -2
35  -10
25  3
17  -4
10  3
8  -4
15  3
18  -9
15  0
25  5
23  -3
9  -8
12  3
5  9
21  -9
