71  -1
61  1
36  3
29  -1
64  2
37  -8
31  -1
51  1
45  -1
46  -2
29  -2
39  -1
49  6
33  -2
62  1
46  -2
56  3
67  -1
45  1
59  3
44  -4
37  -7
53  -9
62  -2
57  4
75  1
54  0
51  -1
28  -3
44  -2
40  -2
44  -3
41  -4
48  3
51  -2
51  0
56  2
46  -1
36  6
42  7
73  3
83  -3
72  0
42  7
40  -4
54  1
32  4
58  -2
57  4
76  -3
57  3
47  2
47  3
50  -2
35  4
50  -3
61  0
36  3
66  5
40  -3
68  0
73  5
40  -4
54  1
38  2
40  -5
54  0
58  -6
54  0
63  -1
51  -2
47  3
45  1
44  -2
44  -2
60  7
76  -1
46  -1
33  -2
65  -2
58  -3
61  0
46  -1
28  -3
48  5
54  -3
60  7
66  7
48  1
38  1
32  7
51  -1
45  0
52  6
59  3
51  -1
59  0
41  -5
37  -6
44  -1
25  -4
49  6
47  3
57  1
58  -5
53  -9
36  3
62  1
61  -1
74  1
90  -6
75  3
40  -3
40  -2
52  9
49  5
65  -3
43  -6
35  6
56  0
30  3
52  6
52  9
46  -4
80  -5
58  -5
70  -1
57  1
43  -7
54  -2
49  3
40  -2
39  -2
71  -4
44  -2
64  2
46  -1
45  0
51  -2
30  3
39  -4
31  1
47  3
44  -4
53  -5
71  -4
94  -5
40  -2
51  1
45  1
63  0
55  5
29  0
55  6
69  5
49  5
59  -1
58  -5
36  6
68  0
47  2
31  3
28  0
45  -2
56  -1
53  -7
44  -4
24  -5
52  9
46  -3
40  -5
55  6
43  -7
72  2
37  -6
48  3
53  -6
45  1
56  1
51  -1
40  -5
19  -4
62  -1
49  3
59  0
35  6
36  3
44  -2
68  -3
59  1
33  -3
35  6
65  0
48  5
47  3
40  -5
46  -5
38  -1
53  -8
64  3
51  2
58  -2
52  6
56  1
52  8
39  -4
28  -1
49  4
70  2
48  5
42  4
49  4
38  -1
63  0
56  -1
32  6
42  6
65  -2
54  -2
73  6
44  -4
58  -4
43  -5
70  1
44  -4
76  -1
72  2
30  1
46  -3
43  -6
50  -3
50  -1
63  -2
37  -6
87  3
46  -5
58  -4
39  -1
51  -1
52  6
44  -1
64  6
74  4
67  -2
52  7
54  1
49  2
53  -7
63  -1
51  2
35  7
51  1
53  -5
24  -5
45  -3
55  5
50  -4
50  -2
44  0
26  1
50  0
50  -1
57  4
49  4
54  -3
64  2
41  -7
41  -5
64  3
32  8
59  2
41  -4
50  -3
64  4
62  0
52  8
56  2
32  5
72  1
60  3
30  3
33  -4
59  1
48  2
45  -2
46  -2
47  6
45  -2
58  -5
41  -8
44  -2
43  -5
53  -9
47  6
61  0
87  5
68  1
41  -6
33  -2
43  -7
68  -1
45  -2
57  3
47  2
39  -2
42  7
42  5
59  0
31  3
51  1
43  -8
68  -1
56  3
47  6
48  5
17  -4
49  2
59  3
59  3
51  0
35  8
57  2
64  2
58  -6
33  -6
66  3
40  -2
34  8
55  2
37  -6
43  -7
49  6
39  -2
62  1
61  2
59  2
56  0
57  3
57  2
45  1
54  -1
43  -9
48  1
44  -3
73  7
62  0
48  5
48  3
40  -3
26  1
60  5
28  1
47  5
28  1
66  3
41  -7
68  -3
53  -5
39  -4
37  -8
40  -5
42  4
48  5
62  0
49  5
44  -3
58  -2
38  3
79  -2
45  0
66  3
63  -2
50  0
46  -2
46  -1
47  6
54  -2
40  -2
65  0
63  -2
47  4
30  0
33  -2
61  2
43  -6
43  -7
56  1
69  2
46  -1
38  3
33  -4
33  -5
61  -2
43  -8
35  7
65  0
41  -4
48  2
58  -6
42  3
33  -2
46  -3
39  -1
53  -8
41  -4
52  8
55  4
18  -4
57  3
52  8
71  -3
43  -7
57  4
57  3
41  -8
49  5
48  3
62  -1
44  -2
42  3
51  -2
53  -7
41  -7
39  -1
44  -1
73  3
45  1
46  -1
65  -4
73  4
43  -7
46  -5
66  3
26  2
51  -2
50  -3
25  -3
58  -5
41  -6
53  -7
58  -2
48  2
56  3
48  5
49  5
56  0
32  6
45  -1
66  6
38  2
50  -2
67  -3
39  -4
55  2
49  5
60  3
45  0
73  4
31  2
40  -2
52  8
46  -3
71  -5
40  -4
49  2
56  2
48  2
31  2
77  6
73  7
53  -8
56  -1
63  -2
41  -7
71  -5
32  6
44  -3
43  -7
41  -7
38  3
73  4
39  -2
69  1
57  1
64  2
51  0
46  -3
20  4
54  0
52  6
52  8
35  4
58  -3
32  5
35  5
55  2
42  3
45  -1
52  5
57  4
52  6
73  7
58  -2
56  1
41  -7
30  3
54  -3
60  3
49  4
36  5
64  4
47  5
21  6
50  -3
58  -2
58  -6
36  5
50  -4
45  -2
42  3
60  7
74  2
60  3
41  -7
53  -7
45  -1
60  6
51  1
45  1
60  6
23  -3
57  2
44  -3
39  -4
50  -2
19  -4
78  0
69  4
66  6
77  8
41  -5
53  -6
54  -3
58  -3
39  -1
58  -3
64  6
43  -8
51  0
59  2
52  9
87  6
50  -4
57  2
40  -2
58  -2
41  -7
49  5
36  6
36  6
57  5
36  6
47  3
39  -1
53  -8
68  -2
57  1
30  2
53  -9
47  6
43  -5
68  0
51  -1
46  -1
20  1
49  5
50  -2
50  -2
48  2
49  5
64  3
43  -6
48  1
46  -4
78  -1
42  4
58  -6
41  -6
36  2
53  -5
26  -2
60  5
39  -1
77  8
41  -7
60  3
52  6
42  6
45  -2
51  -2
47  5
45  0
49  4
74  4
57  2
33  -3
45  0
27  -5
47  2
42  7
54  -1
52  9
35  5
44  -1
34  4
42  5
59  2
61  2
60  3
36  6
40  -5
77  6
55  5
65  -2
50  -2
54  -2
37  -9
42  4
51  0
47  6
34  8
67  -5
48  5
37  -5
63  0
49  2
61  2
51  1
40  -3
47  3
53  -9
70  -2
45  1
59  2
53  -6
48  2
42  3
49  6
57  2
34  4
42  4
44  -4
60  7
47  5
44  0
69  5
52  8
81  -2
32  5
39  -3
68  -2
58  -4
43  -7
48  3
81  -4
44  -1
35  8
67  -3
65  -1
28  -2
60  3
51  -2
40  -1
85  -6
67  -2
70  1
33  -5
68  -2
57  1
50  -1
44  -1
50  -3
44  -2
51  1
52  9
68  -2
40  -3
40  -2
44  -4
43  -8
37  -5
60  4
44  -4
52  5
66  7
47  4
69  5
58  -3
59  0
58  -3
29  -2
74  4
63  2
54  -3
58  -6
52  6
47  6
38  1
55  6
36  5
42  3
26  2
44  0
42  7
52  7
55  6
42  3
58  -3
39  -4
41  -4
40  -2
61  1
41  -5
65  -3
50  -2
54  -2
57  4
27  -3
42  4
29  -1
53  -5
37  -6
56  1
52  5
68  -3
55  2
52  8
60  3
37  -6
62  -1
49  6
29  0
60  3
57  2
33  -2
46  -4
38  0
36  5
47  5
41  -4
44  -1
44  -4
32  7
63  -1
41  -6
52  7
56  0
71  -3
40  -1
49  5
50  -4
42  5
22  4
57  3
34  4
28  0
75  0
49  2
46  -1
44  -1
45  0
65  -3
54  0
52  7
63  -1
68  -2
64  2
40  -1
53  -8
40  -3
73  7
67  -1
58  -4
44  -2
71  -5
57  3
46  -3
52  9
29  1
28  -2
35  4
40  -4
36  4
59  -1
53  -8
56  2
60  3
43  -5
32  8
43  -5
57  5
61  1
56  0
60  5
67  -1
55  6
61  1
64  5
38  -1
61  -2
64  5
75  -1
67  -2
66  5
50  0
53  -7
34  8
46  -2
55  6
49  6
54  0
62  -1
15  3
60  5
34  4
44  -1
45  -3
43  -6
59  3
65  0
42  5
67  -5
39  -3
38  -1
56  2
57  1
66  5
65  -1
45  0
73  4
46  -3
77  5
63  -2
50  -2
51  -1
55  4
52  9
54  0
56  2
72  -2
39  -4
83  -4
56  0
49  3
46  -4
42  6
49  5
53  -8
42  4
65  -2
40  -4
45  -3
61  1
55  6
43  -9
39  0
29  -3
42  3
81  -3
22  3
63  2
45  -2
51  2
44  0
37  -5
41  -6
56  3
40  -4
45  0
58  -6
49  2
58  -3
36  5
62  -2
43  -6
48  4
44  -3
78  -2
53  -5
64  6
64  4
54  0
58  -6
32  8
41  -4
53  -9
33  -4
57  5
43  -8
46  -5
47  3
80  -5
34  7
55  5
54  1
50  0
44  0
65  -4
41  -6
49  3
30  1
28  -1
47  6
45  1
55  2
51  -1
52  9
48  4
52  7
60  5
63  1
43  -8
62  1
39  -4
55  4
35  5
54  1
68  1
48  4
34  7
63  0
65  0
55  5
56  1
62  -1
55  3
50  -3
52  6
40  -1
43  -5
33  -5
59  1
42  7
39  0
52  7
45  0
57  1
42  6
67  -5
60  3
30  0
72  1
35  8
46  -1
35  6
65  -2
43  -7
69  3
47  6
56  -1
42  4
51  1
36  5
33  -3
49  3
60  7
64  6
32  5
64  2
37  -6
41  -4
54  -1
60  6
42  7
46  -1
30  1
65  0
66  4
44  0
35  5
50  -1
58  -5
52  5
43  -5
51  1
46  -5
40  -5
52  5
53  -7
58  -3
56  1
83  0
58  -2
51  0
51  -1
80  -6
60  3
56  1
46  -2
39  -3
