3  2
9  -7
10  3
13  -10
4  -3
6  0
15  6
9  -4
8  3
10  2
13  -9
3  -1
9  -5
4  -4
6  -4
12  3
4  0
7  1
8  1
16  -5
15  1
16  1
14  -3
13  -7
6  1
12  7
9  -8
16  -4
10  0
11  5
7  -4
10  4
10  0
7  0
17  0
8  3
13  -10
12  2
9  -10
13  -9
11  7
9  -7
10  6
10  4
7  -4
14  -6
11  8
13  -9
7  -1
10  5
8  2
9  -4
5  -3
8  4
15  6
9  -5
8  3
14  0
11  7
11  9
8  4
12  2
13  -9
9  -9
7  -3
9  -6
8  1
12  4
8  2
19  3
13  -10
4  -1
8  0
14  -1
12  2
4  -3
12  1
12  2
10  3
9  -10
18  9
21  -8
8  1
4  -1
11  9
13  -7
12  2
12  4
15  5
18  8
8  -2
12  3
8  -1
8  4
5  -5
9  -7
10  5
12  7
6  1
8  3
8  4
8  0
12  5
10  4
8  -1
5  -5
7  -3
12  5
6  -5
13  -6
2  1
4  -4
6  -3
11  6
6  -5
17  -2
9  -6
2  -4
9  -7
16  1
7  -4
10  5
13  -6
3  2
8  0
13  -6
12  3
7  -5
5  -7
7  -5
5  -7
6  -4
8  1
7  1
13  -7
9  -4
10  4
12  7
10  4
11  5
15  2
17  -1
7  1
23  1
13  -4
22  -1
14  -1
11  8
10  3
5  -1
9  -5
8  -1
9  -4
8  2
8  2
16  -2
7  0
11  5
13  -4
9  -8
8  3
7  -5
15  3
11  9
11  7
9  -8
8  -2
12  2
7  1
12  2
7  -3
3  0
12  3
7  -4
11  8
14  -1
6  -3
11  6
6  -5
15  7
12  5
8  0
5  -3
14  -5
9  -8
10  2
7  -5
16  -2
9  -6
11  9
11  10
6  -5
6  -2
9  -8
10  0
6  -1
9  -7
7  -2
10  3
7  1
12  3
4  1
8  3
10  1
11  8
13  -6
9  -10
6  1
12  2
11  10
9  -4
9  -7
9  -7
11  6
12  7
9  -8
14  -1
15  5
8  0
13  -8
14  -5
10  2
11  7
13  -7
12  4
7  -1
10  1
4  0
8  -1
7  1
4  -4
9  -7
12  5
9  -5
7  -3
2  -3
11  10
7  -1
10  4
9  -6
14  0
12  7
8  2
9  -4
10  2
7  1
4  -5
4  -2
8  4
8  4
11  10
8  4
9  -8
7  1
9  -8
16  1
9  -4
5  -2
12  1
9  -5
12  4
22  0
11  7
11  8
6  -3
10  6
10  5
10  4
5  -5
7  0
15  1
7  -1
8  -1
8  -2
7  -4
6  -2
10  1
8  0
6  1
5  -4
7  1
14  -5
15  2
8  4
12  2
9  -7
14  -2
7  -3
10  1
13  -5
7  1
13  -9
8  1
9  -6
10  3
9  -6
12  7
12  1
12  7
9  -8
9  -7
7  1
12  1
7  1
12  2
10  5
14  -5
9  -9
8  4
9  -4
13  -7
4  -2
10  2
13  -9
19  6
16  -1
12  3
9  -6
13  -10
13  -4
14  0
12  4
8  1
8  0
4  -5
11  7
6  -3
7  0
8  -1
10  6
11  7
3  -4
15  1
6  -2
9  -5
16  -1
13  -6
4  -4
20  -9
12  7
11  10
10  3
8  4
8  -1
9  -10
3  -2
12  4
8  0
15  3
14  -2
8  1
10  6
11  5
9  -5
4  -2
8  -2
10  2
9  -6
7  -3
13  -7
9  -9
11  9
8  3
13  -9
11  6
12  5
16  1
10  1
8  3
13  -9
5  -1
7  -2
6  -2
10  6
13  -6
11  8
11  7
6  -3
6  -1
10  0
6  0
8  1
14  -4
7  -1
5  -5
12  5
9  -6
14  -1
16  -3
7  -4
8  1
16  -4
14  -4
16  -2
8  0
11  4
15  2
13  -5
11  5
12  7
12  5
13  -5
7  0
9  -8
9  -8
9  -10
8  -2
12  5
11  4
14  0
10  5
10  5
14  0
11  10
12  1
10  6
9  -9
12  1
9  -5
7  -4
7  1
12  2
10  1
5  -5
7  0
15  4
12  3
3  -4
10  3
11  7
10  1
6  1
11  4
14  -4
11  8
8  0
15  1
10  1
8  3
11  8
10  4
7  -4
15  2
9  -5
10  6
9  -10
8  1
15  6
9  -8
9  -8
10  1
9  -8
9  -9
5  -1
4  -5
9  -6
10  6
17  -2
16  0
9  -7
6  -3
9  -6
8  0
12  7
11  4
8  3
10  5
13  -5
9  -5
13  -7
6  -2
7  -4
12  5
4  -1
8  1
16  -4
9  -5
12  3
11  4
13  -6
14  -2
8  1
9  -6
7  0
6  0
6  0
10  3
6  -4
10  6
10  4
16  -1
14  -4
14  -2
7  1
7  -4
10  3
10  1
5  -4
7  -5
13  -9
8  0
8  3
13  -8
13  -10
5  -1
7  -5
9  -6
12  1
8  1
4  -5
13  -4
9  -5
6  -2
11  4
9  -8
7  -3
12  4
8  -1
10  0
11  9
10  1
12  2
13  -6
6  -2
8  0
13  -5
7  -5
11  4
15  5
6  -5
7  -4
8  0
5  -5
20  -7
13  -8
14  -2
6  0
10  5
6  -4
11  4
8  0
10  3
9  -4
12  1
9  -8
9  -5
11  4
9  -5
7  -4
11  10
9  -8
10  6
12  1
10  2
6  -4
6  -2
8  -1
18  9
5  -5
7  0
12  4
7  -4
9  -8
8  3
10  2
10  6
12  7
8  2
7  0
17  -2
15  7
7  0
14  -6
10  6
9  -5
12  1
15  2
9  -10
6  0
8  2
9  -7
12  1
8  -1
8  2
9  -9
6  0
10  2
11  9
14  0
17  -3
7  1
11  6
13  -10
11  6
7  0
15  6
9  -8
4  0
11  10
17  1
7  -3
9  -4
15  2
6  -3
15  7
4  -3
7  0
13  -8
4  1
9  -9
9  -6
11  6
15  5
4  -2
17  0
10  4
12  5
8  0
18  8
5  -5
3  0
8  4
12  3
12  7
7  -1
9  -4
9  -5
6  -1
10  5
5  -5
10  2
9  -6
11  8
8  1
3  0
12  7
14  -6
10  2
3  2
7  -5
9  -9
11  9
9  -5
12  6
16  1
10  2
13  -5
7  1
9  -6
12  4
3  -3
11  8
10  1
7  -5
8  2
5  -5
10  4
7  -4
7  -3
2  -4
11  7
3  1
10  1
10  5
14  -3
12  6
9  -6
9  -10
15  2
8  -2
7  -2
7  -5
8  2
12  7
13  -7
12  7
11  6
9  -9
8  2
21  -6
13  -10
7  0
8  0
13  -10
9  -9
5  -4
4  -1
8  2
6  1
7  -4
9  -6
10  0
14  -1
7  0
12  6
8  3
7  1
6  -3
6  -1
12  3
10  1
12  4
7  1
7  -5
10  5
8  0
10  3
13  -9
5  -4
14  -3
11  6
9  -4
7  -2
12  1
16  1
13  -5
13  -4
5  -5
10  2
8  -1
5  -4
8  3
6  -5
10  6
9  -9
6  0
9  -5
9  -6
12  4
10  0
11  10
7  0
14  -6
4  -5
7  -5
9  -6
6  1
5  -3
7  1
9  -6
11  8
7  -5
10  3
14  -2
5  -2
6  -2
6  1
12  3
13  -6
14  -4
10  2
7  -5
13  -10
7  -5
4  -4
11  10
11  8
13  -6
15  2
7  -1
6  1
17  -5
12  7
12  4
10  2
9  -10
11  4
8  -1
11  6
11  6
8  2
15  6
8  2
7  -1
9  -9
23  4
8  -1
7  -2
8  4
7  -2
16  -2
12  2
6  -3
9  -4
11  5
9  -10
10  0
6  -5
10  5
17  0
19  7
9  -8
13  -4
6  -5
18  8
8  1
9  -7
9  -9
14  -2
12  6
12  2
11  6
6  -5
18  7
9  -6
7  -4
11  6
13  -7
10  0
13  -6
7  -2
10  3
9  -6
12  3
9  -6
11  4
10  6
15  1
2  -1
15  5
12  7
12  5
12  7
9  -9
11  9
9  -8
5  -2
10  1
8  2
8  0
10  2
12  5
10  2
14  -5
22  1
9  -7
11  4
12  6
11  8
10  4
4  1
12  1
12  6
9  -4
8  4
8  -2
8  2
11  6
8  -2
4  1
11  8
10  5
5  -5
9  -4
8  2
7  -2
9  -10
9  -9
7  -1
13  -8
5  -7
7  -2
8  -1
3  -3
9  -9
14  -4
8  2
15  1
17  -3
10  6
7  1
5  -2
9  -6
13  -9
7  0
6  -2
9  -8
5  -5
12  5
13  -7
9  -9
6  1
3  -3
9  -4
5  -4
6  -2
12  3
11  7
7  1
6  -5
7  -3
18  8
7  -2
7  -5
7  -1
9  -6
8  3
9  -9
10  3
11  6
7  -2
12  1
10  2
12  6
14  0
6  -1
13  -4
14  0
8  2
7  -2
8  -1
9  -8
10  4
13  -6
5  -1
13  -6
17  0
8  2
4  1
5  -4
13  -5
13  -10
8  4
11  10
13  -8
6  -5
5  -3
9  -8
9  -9
10  5
12  5
15  3
11  4
7  -3
4  -1
11  9
11  5
7  -4
7  -1
9  -5
14  -1
15  6
12  6
13  -9
12  6
9  -9
19  6
7  1
10  3
13  -7
13  -8
6  1
8  2
8  2
6  -2
11  6
6  -4
10  5
9  -10
6  -1
23  2
6  0
6  0
5  -1
10  4
14  -1
16  -1
9  -5
10  1
15  7
13  -8
16  -4
10  5
6  -5
9  -10
12  4
9  -6
12  4
13  -5
6  -1
6  -5
9  -5
11  4
9  -6
15  5
11  7
10  4
5  -2
8  4
11  10
9  -9
5  -4
9  -5
11  6
5  -4
5  -5
14  -4
6  -1
10  1
15  3
