131  4
125  0
112  -1
95  -3
94  11
126  -2
96  10
109  5
104  7
106  -1
97  5
130  1
83  8
127  3
151  -10
114  3
121  4
101  6
112  -9
153  -5
97  5
84  1
115  -5
143  -4
109  5
95  -9
127  8
117  6
87  8
83  10
84  6
153  -4
131  7
99  -2
110  -4
112  -7
92  1
95  -6
69  4
117  10
132  -9
150  8
84  7
80  -4
139  -1
108  -3
130  2
77  -6
82  1
109  5
103  4
127  3
106  -6
128  -4
108  1
93  -7
101  0
104  8
100  -5
131  0
120  -6
102  -3
82  -7
104  5
81  7
161  -7
81  4
85  2
103  2
115  0
95  -1
126  -7
85  7
112  -1
94  4
115  -3
92  0
110  -5
79  6
90  2
113  8
102  -3
129  6
97  3
117  4
111  5
123  2
97  3
142  0
107  -9
103  8
77  -2
135  -2
100  0
99  -6
136  4
116  -5
109  3
124  -1
105  -3
113  3
107  -2
78  -4
96  2
120  -3
101  4
84  2
107  -6
84  1
126  -6
118  -3
116  -10
143  -10
82  0
107  -6
124  6
64  6
116  -9
68  -3
94  11
67  4
116  -6
107  -8
80  -9
68  -3
110  -8
106  -6
55  -7
119  -3
85  3
85  8
93  -2
92  0
140  -7
91  8
93  -4
72  2
109  4
91  7
93  -6
99  -6
77  0
105  -5
100  -5
96  10
126  -2
97  3
97  4
124  5
96  9
91  2
96  3
87  10
88  -5
83  8
146  2
170  -5
107  -2
83  4
68  -1
170  1
95  -4
125  0
131  0
109  4
93  -1
153  1
98  10
153  1
64  9
126  -6
69  4
101  -1
112  -9
105  -2
120  -10
95  -4
103  3
94  10
131  -1
71  2
76  2
101  5
125  5
110  -7
101  -2
98  9
99  -6
127  10
90  -2
75  8
131  3
88  -3
103  10
80  -4
67  2
84  0
145  -1
92  1
107  -4
120  -5
75  10
107  -3
90  -1
104  4
125  0
108  -2
141  -8
71  4
99  -8
103  4
128  -2
108  1
113  5
87  4
95  -3
93  -5
90  -5
77  -3
92  -4
96  4
103  10
124  2
126  -5
96  10
101  1
103  9
124  4
97  5
115  -3
124  5
105  2
76  2
98  5
121  2
89  1
80  -7
59  -4
109  3
113  2
88  -4
136  6
105  2
107  -9
128  0
91  2
134  4
112  -6
105  -5
81  3
119  2
98  4
97  6
121  1
106  -4
104  7
83  10
121  -3
99  -7
90  -5
95  -7
98  8
132  -7
94  4
88  -2
90  -5
101  -2
101  4
146  2
115  -4
87  9
101  5
95  -4
89  3
109  8
122  -9
146  2
166  7
103  10
83  6
101  0
99  -6
92  -2
117  9
143  -4
98  8
71  7
61  1
139  -2
110  -6
151  -3
92  1
86  -9
88  -2
88  0
122  -10
120  -11
86  -4
90  -3
121  3
76  1
113  4
74  2
74  3
99  -9
101  5
78  -2
99  -9
107  -8
123  2
118  -4
99  -8
109  1
148  -3
126  -1
69  2
104  7
121  0
98  8
101  6
68  0
81  -1
87  3
102  -3
65  -4
69  4
112  -2
79  4
120  -11
83  7
101  2
103  4
99  -2
63  -2
91  5
97  8
100  -3
72  0
96  6
85  8
67  3
108  2
91  5
95  -2
95  -9
97  9
95  -9
103  9
100  2
96  10
146  7
82  -5
107  -5
111  -2
105  -1
99  -7
107  -9
133  2
104  7
154  -8
132  -11
101  1
108  2
108  0
130  -1
141  -2
143  -6
109  3
106  1
141  -6
52  -7
122  -10
108  5
110  -6
109  6
78  -10
79  6
103  6
125  1
129  10
114  4
99  -10
67  4
82  1
104  5
100  2
74  2
101  -2
112  -5
84  0
96  9
80  -9
98  11
129  10
124  6
96  10
88  -5
103  6
80  -5
59  -5
87  8
119  0
94  8
76  3
125  -1
74  0
60  6
113  5
97  2
78  -8
98  11
94  7
116  -10
97  1
111  3
105  -3
107  -9
91  5
106  -7
100  -3
80  -4
138  -9
104  2
125  2
106  -6
81  0
110  -4
79  5
96  9
117  2
128  -6
93  -8
104  0
87  9
65  0
82  1
90  -1
115  -1
96  2
113  3
102  -3
131  0
97  8
108  3
91  2
133  3
83  5
77  -4
110  -9
101  5
92  -1
114  0
109  7
96  9
105  -3
93  -5
111  -2
101  5
84  5
100  3
116  -2
122  -9
129  4
94  4
100  3
84  7
104  8
81  5
122  -6
117  9
84  0
121  4
138  -7
78  -9
106  1
99  -7
116  -9
71  3
126  1
105  2
131  3
104  2
100  3
93  -8
63  -6
118  -1
69  8
73  3
103  2
95  -8
114  4
89  3
106  -2
102  -1
89  -4
93  -2
105  -1
153  -4
84  6
73  4
107  -1
120  -3
104  6
121  2
104  7
66  1
119  -1
107  -4
82  -2
119  3
88  -2
99  -3
89  1
82  -4
113  1
95  -6
94  9
118  -2
80  -8
119  -2
129  7
106  -1
94  5
121  -3
117  10
108  2
92  -4
131  5
81  3
109  1
107  -6
135  5
114  0
109  1
111  0
119  3
93  -8
103  6
107  -1
118  -3
128  -6
79  0
94  6
83  10
136  6
124  5
79  2
97  8
88  -4
120  -7
112  -5
89  0
128  -2
126  -5
90  -2
88  -5
111  2
114  2
98  8
111  1
89  1
89  -3
130  2
106  1
88  2
100  3
108  5
103  7
139  -5
129  7
119  2
91  8
143  -2
84  4
89  0
118  1
85  8
95  -7
102  -4
128  0
117  2
86  -9
109  4
114  8
92  -2
146  0
150  9
94  4
83  11
83  8
104  0
104  2
88  0
69  3
128  -3
91  2
135  5
139  -2
82  -2
95  -8
120  -6
115  -5
153  -1
122  -3
78  -10
98  11
82  -4
86  -5
144  -7
103  7
92  -2
77  -5
97  1
72  6
121  0
86  -11
101  4
107  -7
120  -11
90  0
79  4
87  6
93  -6
77  -7
116  -5
93  -6
88  3
103  3
59  -6
77  -5
94  10
118  -4
137  8
83  4
109  3
87  9
88  -3
83  9
118  -2
75  11
76  4
102  -2
85  4
114  8
90  -1
113  8
128  -1
99  -9
96  5
112  -5
122  -3
105  -3
124  0
104  6
130  -4
95  -3
95  -6
85  7
120  -6
91  3
122  -4
100  0
122  -10
85  3
92  -5
91  10
115  -1
83  11
135  4
109  4
74  7
134  4
118  -2
109  9
74  7
93  -5
109  7
55  -1
99  -4
77  -1
137  9
99  -8
130  3
148  -2
108  -1
125  6
81  6
124  5
96  10
122  -2
116  -2
125  -2
123  4
99  -7
110  -4
99  -4
142  -5
103  2
93  -5
80  -6
128  -3
73  2
120  -4
100  3
112  -7
122  -9
107  -2
86  -7
125  0
127  3
101  3
87  5
121  5
99  -10
143  -10
121  5
96  2
80  -4
102  3
113  5
82  -4
94  10
97  9
97  5
119  2
110  -6
103  3
111  1
129  4
114  7
144  -8
77  -2
82  -3
118  1
98  6
133  0
103  9
104  2
99  -2
90  -5
104  6
89  0
115  2
110  -10
98  9
130  3
109  5
125  2
99  -2
115  -1
108  1
86  -7
71  4
101  -2
127  5
83  9
105  1
107  -1
145  0
84  4
106  -1
125  4
91  3
102  3
96  4
144  -8
149  -7
113  2
108  2
103  4
88  1
120  -4
99  -7
90  2
122  -6
84  2
104  8
101  0
107  -6
105  -2
118  -1
82  -5
104  2
126  -6
142  -2
87  8
68  1
84  7
81  6
99  -5
85  4
104  1
83  4
135  3
95  -9
149  -6
80  -8
105  -1
98  6
123  -4
124  6
100  1
94  4
110  -2
115  0
82  0
111  5
102  1
91  9
111  1
70  -4
67  5
82  -1
107  -7
78  -3
90  -6
91  6
92  1
104  8
104  5
125  -1
106  -7
90  -1
141  -2
128  -3
116  -6
97  5
119  2
105  0
187  -2
91  10
89  4
82  0
73  -3
146  1
130  -1
98  9
114  3
85  2
119  0
80  -3
72  -2
101  6
117  9
127  5
121  2
106  -3
111  5
100  -3
117  5
106  -7
86  -3
92  -6
85  6
76  6
80  -8
97  2
103  4
133  2
148  -2
108  4
110  -3
115  2
106  1
88  -4
105  -2
100  -1
101  2
103  6
92  -1
77  -6
116  -3
123  2
76  1
113  5
91  7
92  -1
81  -1
101  -1
129  10
122  -9
121  -1
109  4
107  -7
116  -5
102  1
84  0
84  0
81  0
90  1
113  6
107  -4
112  -9
89  1
119  1
93  -5
139  -8
106  -7
135  2
96  10
164  7
119  -3
115  -4
111  2
112  -7
108  2
98  5
90  -2
111  0
88  0
94  5
126  -2
101  -1
92  0
97  1
110  -4
97  7
118  3
124  -1
114  5
161  -9
122  -2
87  7
100  1
96  9
77  0
107  -4
72  -2
106  -4
98  7
148  4
132  -4
85  5
115  -2
130  -3
64  7
123  1
137  4
106  0
99  -3
110  -5
128  -4
93  -8
113  6
108  5
109  9
119  -4
180  0
128  -7
119  -5
71  10
102  -4
107  -1
129  3
137  7
121  0
95  -5
88  -5
112  -9
102  -3
113  6
127  5
107  -5
110  -4
134  0
85  1
77  1
98  7
111  4
107  -5
96  9
114  4
81  7
79  3
114  5
91  8
125  6
115  -2
106  -5
100  -3
91  2
114  1
110  -6
106  -1
132  -6
61  1
126  -4
93  -2
134  2
79  2
104  5
140  -4
115  -2
105  -3
87  4
107  -5
104  8
75  3
85  2
81  7
