11  2
25  6
15  -3
16  6
24  5
13  5
14  -2
10  -5
26  5
23  5
29  -9
15  0
23  5
20  0
14  0
20  -1
11  2
35  -2
13  8
17  -3
19  -1
53  -8
7  3
23  4
13  6
7  2
14  -2
27  2
23  5
16  2
9  0
21  5
10  -4
25  7
11  3
23  4
23  2
13  4
18  -2
24  4
13  4
9  -1
35  -4
18  -3
17  -5
17  -6
11  2
21  5
21  6
11  2
16  3
24  4
14  -4
15  -3
21  4
21  6
7  2
13  7
35  -4
15  -2
18  -4
10  -7
22  -7
17  -5
23  1
12  -3
8  -6
22  -7
25  7
32  8
25  5
19  -1
15  0
10  -4
10  -6
12  -2
18  -5
30  -2
17  -7
17  -7
13  8
23  2
22  -6
19  2
20  3
11  -1
31  8
20  2
19  -1
18  -2
21  5
24  1
6  5
29  -7
12  -3
31  5
25  7
28  -5
17  -7
31  6
21  6
16  5
13  6
21  6
14  -1
11  0
25  6
16  6
23  1
22  -5
32  7
25  8
26  3
11  2
18  -5
25  9
14  -1
18  -4
12  -4
24  1
18  -2
19  -1
13  4
26  4
31  8
26  6
30  -4
15  -3
20  3
21  4
15  -3
13  5
5  -5
19  1
12  -2
22  -6
13  8
11  0
19  -1
21  3
17  -3
20  0
16  2
8  -5
10  -4
21  3
21  2
31  7
13  7
28  -5
20  0
4  -3
17  -3
22  -8
17  -5
17  -4
10  -5
24  4
27  -1
25  8
18  -3
10  -7
12  -3
17  -7
20  2
27  0
13  8
6  2
17  -6
23  4
8  -4
23  4
20  3
18  -6
15  0
18  -4
18  -2
21  3
36  -1
24  5
18  -6
24  5
7  1
36  -3
15  -2
13  5
13  8
27  -1
10  -7
20  0
30  -5
14  -4
17  -3
17  -4
12  -3
27  -1
17  -3
26  3
23  1
30  -4
14  0
10  -4
15  -1
31  5
20  -1
23  2
9  -1
17  -5
20  3
14  -1
16  6
14  -2
22  -8
12  -4
24  3
15  -2
26  5
6  1
27  0
18  -4
26  3
16  3
24  5
16  4
19  1
14  0
26  5
26  5
35  -4
16  2
15  -4
28  -4
24  1
8  -4
23  3
16  2
13  6
17  -3
15  -2
17  -6
21  4
9  0
12  -2
27  0
14  -3
24  3
28  -3
23  3
13  4
10  -4
16  5
12  -2
18  -6
19  2
21  3
15  -1
22  -6
12  -2
13  5
29  -6
9  -3
19  2
22  -7
22  -6
13  8
16  4
14  -1
10  -4
17  -3
27  2
17  -5
19  -2
21  6
31  4
27  0
9  -3
17  -5
12  -3
21  6
2  -1
9  -3
12  -4
28  -2
26  4
21  4
11  -1
12  -4
27  1
10  -8
10  -6
19  0
19  2
27  0
6  5
28  -4
26  4
17  -4
29  -7
10  -5
11  2
25  6
30  -1
9  -3
13  5
13  5
41  -4
26  4
8  -4
21  2
14  -3
7  1
15  -2
17  -4
29  -8
18  -5
6  3
25  8
15  -2
29  -5
12  -3
18  -2
19  -2
38  6
25  9
19  1
19  -2
11  0
14  0
19  1
21  2
17  -6
10  -6
28  -2
18  -5
13  8
17  -5
26  3
13  5
18  -2
21  5
16  3
18  -6
18  -6
12  0
14  -2
18  -3
19  1
28  -6
12  -1
20  2
12  -3
8  -5
29  -5
11  0
10  -6
9  0
24  5
16  3
20  3
26  6
24  5
8  -5
21  6
17  -5
13  4
34  -5
37  1
15  -2
17  -4
15  -1
13  4
27  2
17  -3
11  -1
14  -4
13  8
18  -6
21  4
31  8
16  4
24  1
10  -6
23  1
18  -5
15  -1
24  1
18  -3
16  4
17  -5
20  2
28  -2
33  -3
13  8
7  2
36  -2
14  -1
17  -7
20  1
23  1
39  7
22  -8
29  -6
10  -4
22  -9
22  -8
23  3
20  3
17  -5
22  -9
19  1
14  -3
14  -1
30  -2
23  4
20  -1
24  3
20  2
18  -6
30  -2
9  0
12  0
7  1
15  0
20  3
14  -3
13  6
18  -2
16  3
24  4
29  -7
11  1
17  -4
26  2
12  0
19  -2
32  4
16  4
26  5
25  5
10  -4
11  3
11  2
8  -6
8  -3
18  -4
13  4
6  5
18  -4
22  -9
19  0
17  -4
17  -7
19  0
25  5
19  -1
21  6
15  0
27  -1
24  1
20  2
20  3
11  0
8  -2
13  5
31  8
21  5
29  -6
19  -1
27  2
14  0
21  3
7  1
15  -4
23  3
20  0
14  -3
6  5
8  -2
21  4
21  5
23  3
21  6
13  7
7  2
14  0
10  -8
26  4
29  -9
27  3
21  3
19  2
15  -3
18  -2
20  0
14  -3
15  -1
18  -6
13  7
17  -3
15  -3
16  2
30  -1
33  -6
17  -3
3  6
17  -6
6  3
7  2
9  -1
19  -1
27  3
18  -5
4  -1
10  -7
13  8
48  -2
25  6
26  2
16  5
19  -2
25  8
15  -1
8  -2
29  -6
23  4
28  -4
9  0
8  -2
19  1
24  4
14  -3
17  -7
25  6
14  0
18  -4
16  3
11  1
16  3
11  1
13  4
20  0
24  5
21  6
16  3
22  -9
22  -9
18  -2
13  4
28  -5
13  4
16  2
16  5
18  -6
14  0
22  -5
16  3
21  4
20  -1
28  -4
16  6
31  7
15  -4
27  -1
28  -6
10  -4
16  4
23  3
19  -2
14  -4
19  0
16  6
18  -3
11  0
22  -7
16  2
20  3
8  -6
18  -3
25  9
15  -1
21  6
11  3
27  -1
14  -3
27  2
18  -5
28  -5
39  8
10  -5
14  -2
8  -4
18  -6
21  5
30  -3
18  -5
18  -3
10  -7
21  6
15  0
26  2
19  1
9  0
22  -9
21  3
24  4
17  -7
25  7
14  -2
25  5
16  5
24  2
16  6
15  0
12  -1
24  1
9  0
17  -5
29  -7
23  1
19  2
20  1
18  -6
22  -6
16  4
13  6
10  -6
24  2
9  -2
20  1
10  -6
24  1
30  -2
26  4
30  -1
11  -1
16  2
15  -1
16  6
19  -2
24  5
12  -4
22  -6
15  0
8  -6
34  -6
21  6
23  4
9  0
8  -6
11  2
15  0
25  7
34  -3
6  5
39  5
6  2
15  -1
13  4
17  -6
13  6
9  -2
17  -7
25  5
18  -2
22  -9
11  3
10  -8
28  -6
18  -5
25  8
18  -5
20  0
22  -7
24  1
25  7
21  6
27  0
10  -6
19  1
17  -4
15  0
22  -5
13  5
26  6
8  -4
19  2
25  8
21  2
8  -3
22  -8
31  6
13  7
19  0
18  -5
23  1
18  -4
13  7
14  -3
16  3
14  -4
29  -9
12  -2
33  -2
28  -2
31  5
3  4
6  2
25  9
23  2
32  7
24  5
13  7
16  6
16  2
7  0
24  1
17  -5
20  -1
6  4
24  4
18  -5
14  0
13  7
17  -3
34  -7
9  0
24  4
15  -4
15  -3
10  -6
12  -3
16  6
32  6
14  -4
22  -7
18  -2
24  3
32  6
13  5
22  -6
27  0
12  -3
15  -1
15  -4
11  1
29  -6
10  -8
15  0
6  5
20  2
13  7
24  3
26  3
21  3
14  -1
19  1
19  0
23  4
22  -6
27  -1
29  -7
25  8
21  5
19  2
15  -4
19  0
18  -5
18  -5
16  5
12  -2
10  -5
23  2
12  0
21  2
16  2
15  0
17  -5
19  0
13  6
22  -7
21  5
12  0
6  3
10  -8
10  -7
31  5
8  -3
20  2
10  -4
10  -5
17  -5
17  -5
26  2
24  1
17  -6
20  -1
10  -6
12  -3
10  -5
20  0
14  -1
21  6
20  -1
7  3
16  2
20  3
12  0
8  -3
15  -3
25  5
12  -2
32  4
13  6
31  4
12  -4
13  8
27  0
16  2
25  6
10  -5
15  0
19  -1
24  3
13  6
13  8
11  -1
23  3
10  -4
10  -6
24  2
7  3
15  -1
15  -3
14  -3
9  -1
14  -3
18  -3
16  2
10  -5
17  -5
28  -6
14  -2
23  1
22  -9
20  3
22  -5
21  4
13  7
17  -7
23  4
19  -1
10  -6
20  1
16  6
19  1
17  -6
9  -1
18  -6
24  3
9  0
24  1
20  0
14  0
17  -6
16  3
4  -3
22  -8
17  -5
23  1
20  3
23  1
16  3
19  1
30  -3
11  3
14  -4
21  3
18  -6
7  2
15  -2
21  2
22  -7
7  3
10  -5
16  4
10  -4
12  -3
19  1
15  -2
16  4
8  -6
13  5
30  -1
14  -4
12  -4
19  2
20  1
11  0
9  -2
27  -1
15  -2
15  -2
21  5
31  5
27  2
18  -6
16  3
6  4
18  -2
43  6
20  2
18  -2
34  -5
11  -1
19  2
20  0
32  6
10  -5
17  -4
17  -5
30  -1
15  -3
13  8
18  -3
12  0
21  2
12  -2
15  -1
10  -8
23  1
25  5
8  -4
48  -4
17  -6
10  -5
14  -4
12  0
18  -6
26  2
23  4
22  -7
16  4
17  -5
16  3
22  -5
16  2
19  2
15  -4
13  6
12  0
20  3
13  8
34  -5
15  -1
35  -5
26  5
15  0
27  1
6  4
15  -1
16  3
29  -8
15  -2
20  2
14  -3
17  -3
12  -1
40  0
31  5
20  3
7  3
23  4
32  8
24  1
9  -2
13  5
22  -6
21  6
19  2
16  2
14  -2
19  -1
22  -7
25  9
16  6
15  -4
42  4
16  5
19  -2
18  -6
24  3
12  0
13  5
21  2
14  0
12  -3
23  3
10  -5
28  -2
15  -4
