3  -2
7  0
4  -1
14  8
16  1
2  10
7  0
11  -1
8  6
6  5
3  -4
4  -5
6  5
10  -9
7  -2
9  -2
4  -3
4  1
7  -1
3  1
4  -3
12  10
6  7
9  -7
3  -3
6  4
8  3
8  9
11  -1
4  1
10  -5
3  -3
11  -2
4  1
6  3
3  1
6  5
3  -1
9  -4
11  3
8  7
8  8
2  5
14  9
10  -6
8  9
9  -4
4  -2
10  -4
9  -1
7  -2
8  7
2  5
4  -1
6  6
3  0
6  6
11  -2
6  4
9  -3
1  5
6  5
10  -4
4  -2
8  5
5  8
7  -3
7  -1
12  7
8  8
5  3
4  -4
6  3
2  6
4  -1
9  -2
7  -3
16  4
5  6
11  0
7  -5
1  4
5  8
6  8
7  -2
7  -5
6  4
5  7
4  -1
9  -5
4  0
9  -3
9  -4
4  -3
7  -6
10  -7
2  4
5  4
10  -8
5  8
8  8
2  10
2  9
8  3
6  6
8  4
5  7
11  -3
8  5
4  1
7  -6
4  -2
6  5
9  -6
9  -3
6  4
7  -2
4  -1
3  -2
5  2
6  5
5  5
7  -2
8  4
11  -1
14  6
6  9
1  4
3  0
9  -4
9  -7
8  6
3  -4
8  6
6  3
6  3
8  7
6  4
10  -5
15  -1
3  -3
3  2
7  -1
9  -7
4  1
11  -2
5  8
9  -1
8  9
3  -3
9  -3
16  4
12  10
8  5
9  -3
13  0
12  9
7  -6
6  6
9  -6
8  8
6  4
4  -3
7  -5
5  2
5  2
7  0
9  -2
11  -2
7  -1
6  8
4  1
7  0
3  -2
10  -9
6  5
11  -3
12  4
13  -5
6  9
9  -1
8  4
9  -6
6  7
12  8
5  5
5  7
8  7
12  5
3  -1
5  7
10  -9
7  0
6  7
6  8
3  -2
10  -7
7  -2
8  7
5  8
3  -2
7  0
8  7
3  -1
7  0
9  -5
5  7
10  -5
9  -3
10  -10
9  -2
12  7
6  9
11  -3
2  8
10  -8
3  1
5  3
4  -4
6  8
7  -2
2  7
12  5
11  2
7  0
7  -5
9  -5
8  9
9  -1
6  8
11  0
7  -3
6  3
8  4
3  -4
3  -3
4  -1
10  -6
5  4
4  1
8  3
9  -4
5  7
2  6
9  -7
5  4
4  -5
5  2
8  3
8  5
3  -2
5  6
7  -3
8  4
4  -1
6  5
10  -7
10  -9
9  -1
9  -4
4  1
7  -6
6  5
5  3
8  9
8  5
5  5
7  -5
17  -5
5  7
2  6
7  -4
6  9
6  8
8  7
6  5
8  8
10  -8
2  4
7  -1
11  0
12  8
12  8
10  -8
13  -5
8  8
11  0
12  7
7  -3
8  5
5  2
12  6
1  2
7  -2
5  5
1  1
5  3
1  5
10  -8
4  -4
8  3
5  2
11  1
6  4
7  -5
5  3
6  4
2  4
6  7
6  9
12  10
7  -2
5  6
6  7
3  2
7  -6
9  -6
9  -5
7  -4
11  -1
3  2
12  8
13  -3
9  -4
5  6
7  -5
7  -2
6  6
3  2
7  0
5  5
10  -9
5  5
1  4
6  3
5  6
7  -1
9  -4
12  5
7  -3
8  4
11  -1
8  8
8  5
9  -4
14  3
8  4
9  -1
8  4
7  -6
6  9
4  1
7  0
7  -6
6  7
6  4
5  6
8  3
6  6
10  -5
8  8
8  4
12  4
10  -10
2  10
4  -4
8  3
5  3
8  6
9  -1
10  -5
4  -5
6  4
3  1
5  2
6  8
5  4
6  3
6  5
4  -4
11  3
9  -4
9  -4
7  -6
6  5
9  -5
6  7
4  -3
8  5
5  8
8  3
13  -1
3  -1
4  -5
8  4
7  -4
6  5
8  4
13  1
9  -5
14  5
7  -6
8  3
3  -4
4  -4
11  0
8  9
6  9
8  6
9  -2
7  -6
5  3
7  -4
15  0
10  -4
4  -4
11  3
10  -5
3  -2
6  8
7  -3
2  8
11  0
0  -6
10  -7
4  -1
7  -2
7  -1
6  9
8  3
9  -1
8  9
6  4
10  -6
6  4
8  6
9  -3
10  -5
9  -2
9  -2
8  6
4  -1
13  -5
7  -4
12  6
8  3
14  3
3  -4
5  4
6  9
2  8
6  5
5  6
6  3
14  5
4  0
11  2
11  -3
7  -5
14  5
3  -4
5  4
9  -2
12  8
3  -1
7  -1
10  -6
7  -4
12  10
9  -5
3  0
8  4
8  9
10  -4
5  3
4  -1
8  4
7  0
7  0
2  4
2  9
8  5
7  -6
5  4
7  0
5  3
10  -5
13  -4
6  5
12  5
2  6
3  2
7  -3
8  5
9  -1
12  4
8  9
6  7
8  3
4  -5
3  -4
5  2
3  -4
16  4
5  5
10  -9
10  -6
5  7
10  -5
8  6
3  1
6  4
8  7
4  -2
7  -2
14  7
5  6
11  -1
5  2
9  -3
3  -2
9  -2
5  6
12  7
9  -1
7  -3
16  6
3  -4
5  6
15  0
6  5
3  1
3  -4
11  -1
12  5
7  -3
7  -5
8  6
10  -7
2  4
12  5
4  -2
6  9
4  -1
9  -7
4  -1
10  -5
3  -4
5  8
3  -2
3  -2
12  10
7  -1
3  -4
4  -4
8  3
8  8
6  4
2  6
11  -3
3  2
5  3
5  7
3  -1
5  6
10  -4
7  -3
6  3
1  0
4  1
7  -5
14  5
10  -8
8  4
10  -9
8  6
5  5
9  -3
1  3
5  3
5  3
9  -7
5  5
5  8
6  7
2  10
12  9
4  -2
9  -1
4  0
8  3
6  3
7  -2
7  -6
4  -2
8  6
7  -1
10  -10
6  3
13  -4
8  8
4  -1
13  -2
12  10
8  8
5  4
4  -5
9  -1
8  6
1  4
3  1
9  -7
4  0
9  -6
4  -4
7  -3
5  5
11  -1
9  -4
7  -5
11  -3
10  -10
4  -1
14  3
10  -8
3  -4
13  1
12  4
5  3
6  3
12  10
5  8
3  0
12  4
11  -1
5  4
12  5
14  4
8  9
1  5
14  5
6  9
5  8
16  1
9  -2
3  1
4  -2
10  -9
7  -1
3  2
3  -3
3  0
3  1
12  5
2  4
8  7
4  -5
3  -4
7  -5
10  -10
7  -1
4  -4
12  10
12  5
5  3
4  -5
5  5
7  -6
8  4
8  7
5  8
2  7
5  5
4  -3
5  4
11  -2
6  4
9  -4
11  0
6  3
4  -2
8  4
8  8
2  5
3  2
4  -2
7  -1
9  -6
6  9
12  6
5  2
6  9
13  -2
7  -4
9  -1
5  8
6  5
9  -7
4  -1
12  5
6  8
7  0
5  7
8  3
8  4
12  10
6  3
6  9
8  3
7  -3
0  -7
6  6
4  0
8  6
4  -4
4  -5
7  -3
2  8
11  1
4  -2
6  8
8  8
9  -5
6  3
11  3
10  -4
3  -2
13  1
9  -7
11  -1
4  0
5  3
4  -1
6  8
5  6
8  8
4  -3
9  -4
11  1
7  -6
7  -6
1  5
6  6
8  8
7  -5
5  4
5  5
10  -6
9  -4
8  8
13  0
7  -4
1  1
12  8
10  -4
4  1
9  -2
2  9
10  -6
8  9
2  8
9  -2
7  0
9  -1
6  6
2  8
8  6
5  8
14  3
7  -5
8  5
3  -4
4  -4
8  3
6  3
11  -1
4  -2
10  -8
4  -5
2  10
5  4
5  3
11  0
3  1
8  9
5  5
13  -5
14  8
12  7
10  -9
1  -1
6  8
8  3
6  5
14  6
2  10
7  -2
8  7
7  0
7  -6
3  -1
9  -5
1  1
11  -1
5  2
8  6
5  7
7  -2
6  5
14  3
6  5
19  4
4  1
8  8
2  9
1  4
9  -5
3  1
4  1
11  -2
5  2
6  5
11  -1
18  -10
4  -3
11  2
14  7
7  -6
9  -3
2  5
2  8
5  2
10  -8
9  -2
4  1
10  -7
8  6
7  -1
3  -1
7  -4
8  3
9  -3
10  -8
5  6
5  3
3  -3
7  -4
6  7
4  0
15  -2
10  -9
8  8
6  6
4  0
12  8
5  6
6  8
9  -1
13  -4
9  -5
14  4
6  5
6  5
9  -4
6  3
4  0
6  5
4  1
8  6
5  5
9  -6
3  -3
17  -3
7  -5
7  -2
7  -1
10  -5
5  7
4  1
2  10
5  4
4  0
6  5
2  7
8  8
7  0
9  -7
10  -4
6  9
7  -6
3  -3
11  2
4  -3
9  -3
7  -6
3  -2
14  8
11  0
11  2
7  -6
7  -1
6  6
11  3
5  6
7  -6
14  5
9  -1
4  -2
13  -1
6  4
10  -5
4  1
7  -2
6  4
3  -1
5  7
6  8
15  1
6  8
4  -1
11  0
9  -6
8  6
5  8
12  10
10  -5
5  2
8  6
9  -7
5  8
6  3
7  -2
7  0
8  8
9  -6
6  8
8  4
4  -3
16  2
3  -4
4  -3
6  9
8  3
2  5
13  -5
7  -2
11  0
5  6
7  -6
5  5
8  7
6  5
3  -3
9  -1
9  -2
11  3
7  -1
4  0
6  7
11  2
12  8
3  -2
10  -7
6  9
6  7
8  6
17  -1
4  0
5  8
8  9
9  -3
7  -5
5  8
7  -5
8  7
14  9
9  -5
7  -1
8  3
3  2
10  -4
1  0
4  -3
5  7
2  7
10  -10
4  -1
6  9
7  -1
6  6
7  -3
9  -7
9  -7
10  -4
7  -1
9  -5
10  -9
7  -2
5  2
4  0
