69  3
86  -5
56  1
57  -4
58  3
55  0
78  7
52  0
90  -2
54  -8
54  -6
48  6
65  -6
65  -4
50  -5
77  -7
45  -3
70  1
63  -3
56  1
57  -6
50  -3
50  -5
68  -2
54  -7
53  -1
60  4
61  1
72  6
89  5
43  2
65  -5
54  -6
67  2
51  -4
62  -6
42  -7
69  1
51  -3
74  -3
64  -2
43  1
69  3
63  -5
90  -3
59  -2
75  -3
43  1
49  0
39  -7
80  8
65  -4
74  -3
38  5
57  -6
35  -2
48  7
68  -1
83  8
89  4
77  -6
55  -2
64  -3
79  -4
36  1
85  -4
52  0
42  -6
64  -2
70  2
40  5
67  2
77  -8
40  6
67  2
43  3
56  0
83  7
47  5
50  -3
50  -3
51  -4
69  1
48  7
48  7
75  -2
45  -4
63  -3
76  -5
57  -6
59  0
29  -6
56  0
60  4
44  4
54  -6
58  2
66  -5
70  1
41  3
48  7
60  4
45  -2
76  -5
58  2
82  -5
76  -3
51  -3
48  7
63  -3
40  6
64  -2
58  1
47  4
40  5
62  -8
76  -4
54  -8
59  -2
70  3
60  2
82  -5
73  5
64  -3
84  -3
63  -4
53  1
56  1
62  -6
46  -5
73  5
76  -3
61  3
67  2
94  -2
53  -1
54  -7
70  2
93  3
75  -2
54  -6
61  1
76  -3
65  -6
44  3
85  -5
46  -5
49  -1
30  -6
62  -7
52  0
52  2
68  -1
60  2
59  0
40  4
61  1
57  -5
49  -1
82  -3
49  -1
70  2
72  5
45  -2
66  -5
60  2
102  -1
81  8
32  -1
78  7
45  -3
71  3
60  4
62  -8
59  -2
72  5
50  -3
47  5
88  1
44  2
67  2
39  -6
41  3
49  -1
79  -3
53  -1
48  7
63  -3
61  2
40  6
89  5
33  -3
69  1
47  4
67  1
50  -3
92  -5
60  3
81  6
49  -1
73  4
63  -4
49  -2
51  -4
82  -4
64  -2
47  3
50  -3
73  3
64  -2
62  -6
67  1
56  0
86  -4
76  -5
53  -1
49  0
39  -5
65  -4
64  -2
76  -5
56  1
90  -3
52  2
46  -5
43  3
71  1
44  2
46  -3
49  0
61  2
72  5
69  1
66  -6
55  -1
53  1
57  -4
78  5
70  2
57  -5
51  -5
77  -6
67  3
69  1
53  -1
61  2
61  2
58  2
69  2
78  7
60  3
57  -4
75  -2
63  -5
68  -1
36  2
46  -5
57  -4
48  6
67  1
57  -5
73  5
64  -2
78  5
76  -5
48  7
65  -4
45  -3
71  1
52  0
52  1
81  7
91  -4
70  2
62  -8
48  7
66  -5
62  -7
56  0
43  3
67  1
63  -4
55  -1
41  3
68  -3
41  4
63  -5
62  -7
42  -6
83  6
44  3
64  -2
65  -5
56  1
55  -2
53  -1
37  3
65  -6
51  -3
28  -3
96  3
54  -8
77  -8
84  -1
51  -3
40  5
73  3
49  -1
58  1
72  7
59  -2
48  6
44  4
63  -3
63  -3
53  1
74  -4
46  -5
59  -2
66  -6
42  -7
48  6
43  2
41  4
68  -3
54  -7
59  -1
53  1
66  -7
60  3
53  1
47  3
55  -1
39  -5
65  -6
51  -5
71  3
55  -2
78  5
59  -2
61  2
55  0
65  -5
62  -8
44  2
43  2
44  2
57  -6
51  -4
71  1
60  3
53  1
57  -4
70  3
56  -1
45  -3
55  0
79  -3
57  -5
61  2
84  -1
61  1
61  3
36  2
60  3
51  -4
70  1
56  0
72  5
46  -5
65  -4
73  4
39  -6
70  3
51  -4
88  -1
54  -7
52  1
78  7
67  3
54  -8
46  -5
72  6
40  6
35  0
44  3
69  1
84  -1
47  4
46  -3
53  -1
49  0
37  4
40  6
38  6
46  -4
68  -2
55  0
60  3
49  -2
37  5
44  2
41  4
54  -6
77  -6
65  -6
86  -4
68  -1
59  -2
53  -1
59  -1
89  4
46  -4
50  -5
53  -1
36  2
61  2
108  -6
53  -1
61  2
57  -4
49  0
74  -3
74  -4
75  -3
55  -1
54  -7
75  -3
46  -4
55  -2
73  5
79  -4
70  2
67  1
78  6
71  3
39  -6
53  1
62  -8
71  1
76  -3
63  -4
78  7
64  -4
43  1
44  3
64  -2
72  6
65  -6
38  6
44  2
59  0
51  -5
67  2
45  -3
49  -1
31  7
52  0
66  -5
77  -7
56  -1
64  -4
81  6
72  7
44  4
69  3
88  1
62  -7
76  -4
53  -1
70  3
76  -5
98  -3
85  -4
54  -6
50  -5
61  3
66  -5
71  2
68  -3
50  -3
40  5
54  -6
65  -4
50  -4
66  -7
75  -3
58  2
58  2
72  5
56  -1
45  -2
79  -4
54  -7
61  1
69  3
82  -4
70  3
62  -6
77  -6
66  -7
54  -6
76  -4
69  2
70  2
51  -3
62  -6
74  -5
43  2
67  2
77  -6
55  -2
67  1
49  -2
57  -5
59  0
71  1
75  -3
78  5
84  -2
107  -2
64  -2
62  -8
65  -4
60  4
87  4
45  -4
70  3
57  -4
91  -5
54  -8
91  -4
56  0
61  2
68  -3
60  2
62  -7
77  -7
42  -7
65  -6
60  2
66  -5
56  -1
64  -2
52  1
72  6
77  -8
84  -3
54  -8
57  -6
69  1
66  -7
66  -7
56  0
72  5
35  -2
73  5
90  -3
71  2
42  -5
62  -6
69  1
54  -7
53  0
48  7
82  -4
62  -8
53  0
58  1
65  -4
93  3
49  -1
48  5
43  2
76  -3
61  1
67  1
50  -3
67  2
75  -1
66  -6
30  -6
40  4
50  -5
56  -1
28  -3
80  6
74  -5
41  3
61  3
56  0
64  -2
41  2
54  -6
45  -3
54  -8
66  -7
73  4
79  -2
46  -4
47  5
36  2
57  -4
84  -3
58  1
58  2
50  -3
48  5
39  -7
61  1
78  6
98  -1
74  -5
79  -4
73  3
64  -4
39  -5
29  -6
62  -8
76  -5
60  2
66  -5
65  -4
54  -6
49  -2
64  -3
54  -7
69  3
61  1
92  -6
85  -5
77  -8
52  0
69  1
52  2
85  -4
50  -3
57  -6
43  2
53  1
54  -8
72  6
49  -2
54  -6
66  -5
48  5
70  3
79  -3
95  -3
65  -6
39  -7
65  -6
60  4
58  1
80  8
50  -4
72  6
48  7
62  -6
73  3
45  -2
45  -4
54  -7
44  3
63  -3
68  -1
59  -1
49  -1
71  2
50  -4
33  -3
40  4
57  -4
57  -4
50  -5
72  5
43  3
51  -3
95  -2
67  2
54  -6
56  0
59  -2
64  -2
68  -2
66  -5
71  2
61  3
85  -4
56  0
68  -1
53  -1
44  4
71  3
51  -5
57  -6
63  -5
33  -3
71  1
71  3
60  4
42  -7
79  -4
55  -1
54  -7
63  -5
62  -6
67  3
63  -5
74  -5
56  1
53  -1
61  1
53  -1
76  -4
46  -3
68  -2
74  -5
52  0
55  -1
62  -8
54  -8
76  -3
58  2
59  -2
43  2
37  4
64  -4
74  -3
33  -4
57  -5
67  3
56  1
79  -4
77  -7
121  8
62  -8
54  -8
58  3
62  -8
39  -5
93  2
60  4
56  -1
55  0
66  -5
99  7
55  -2
62  -8
75  -3
44  2
65  -6
92  -6
47  5
56  -1
44  2
54  -6
63  -4
44  2
69  3
58  1
61  1
52  1
48  7
81  6
58  1
53  1
54  -7
52  0
67  2
61  1
61  3
70  1
58  2
41  3
76  -4
74  -5
42  -6
38  6
77  -6
74  -4
53  0
30  -5
61  3
68  -3
68  -2
59  -1
95  -3
82  -3
60  3
42  -6
65  -4
51  -3
53  0
74  -4
55  -2
50  -5
70  2
88  -1
51  -5
79  -3
69  1
59  -1
52  2
40  5
50  -4
50  -5
66  -6
49  0
67  1
51  -5
44  4
54  -7
72  5
64  -2
74  -3
80  7
50  -3
89  3
57  -6
49  -2
59  0
54  -6
55  -2
78  5
65  -6
51  -3
88  -1
68  -1
62  -6
74  -3
83  8
60  4
69  1
48  6
56  -1
62  -6
59  -1
78  6
44  4
65  -6
53  1
67  2
59  -2
51  -3
79  -4
55  -2
49  -1
64  -4
54  -7
59  -2
74  -3
67  1
54  -7
78  6
67  2
44  2
89  4
65  -4
51  -5
53  -1
55  -1
72  6
49  -1
57  -5
73  3
44  2
60  2
41  3
62  -6
64  -2
46  -4
73  5
74  -5
65  -5
55  0
66  -7
69  2
65  -6
57  -4
69  1
63  -3
48  7
60  4
56  1
55  -2
58  3
64  -4
50  -5
58  1
53  0
57  -4
56  -1
80  6
63  -5
66  -6
39  -6
65  -4
85  -5
65  -4
62  -6
57  -6
77  -7
40  5
55  0
64  -2
48  5
71  3
57  -4
65  -6
74  -4
56  0
57  -4
51  -5
50  -4
85  -3
42  -7
51  -3
58  1
65  -6
84  -3
53  -1
42  -7
57  -6
50  -4
70  1
49  -1
76  -4
56  -1
55  0
54  -8
60  3
42  -7
52  0
57  -4
42  -6
54  -8
55  -1
51  -5
39  -7
59  -2
107  -2
40  5
42  -7
64  -3
55  -2
40  6
58  1
74  -5
73  3
67  3
62  -8
82  -3
62  -6
59  0
70  3
65  -4
55  0
47  3
46  -5
62  -7
62  -6
56  1
73  5
51  -5
67  1
73  5
37  5
118  2
66  -7
58  2
59  -1
94  -2
75  -2
70  2
42  -5
43  2
56  -1
66  -7
90  -3
62  -7
76  -4
52  2
51  -3
64  -2
65  -6
50  -4
76  -5
58  3
67  3
70  2
53  1
72  6
43  1
75  -3
40  4
60  2
65  -6
34  0
65  -4
