15  11
30  -3
16  0
17  -10
15  9
7  6
17  -2
12  3
2  9
22  4
15  12
4  -2
14  1
18  -5
11  12
26  -5
14  -3
11  -1
14  -11
22  1
9  9
14  -9
7  4
14  -5
15  10
19  -3
13  -10
19  2
25  -7
13  -7
25  -6
8  -14
12  7
21  -8
12  1
24  4
20  -14
11  4
21  -5
11  7
8  -1
10  -6
15  2
15  0
14  -8
12  8
18  1
20  -3
14  1
26  -10
14  -1
17  -3
17  -9
16  3
20  -2
17  -5
12  0
11  2
23  -8
18  2
10  -2
21  3
24  -3
16  -1
12  4
22  -5
14  -10
14  -5
22  4
8  -6
13  -6
15  6
15  4
14  -8
13  2
15  0
14  -4
10  2
10  -7
12  10
15  1
14  -4
27  1
13  1
19  3
16  7
12  13
19  -3
19  -9
10  4
21  3
13  -12
11  13
13  -1
14  -4
16  -2
21  -5
14  -9
30  9
5  -4
21  -8
12  10
21  3
9  -5
16  4
15  1
13  2
16  -3
18  -6
16  5
12  0
17  -4
20  -1
20  -12
16  7
18  6
20  -11
19  -9
12  0
18  -5
18  6
14  3
12  5
15  9
21  -3
11  6
9  8
26  -12
19  -8
16  1
7  4
9  9
12  12
24  -3
10  -2
16  2
12  11
18  2
17  0
11  9
17  0
17  -10
16  -1
21  -6
16  1
20  -8
26  -2
11  13
24  0
14  -7
24  6
18  4
11  3
6  11
17  -4
22  3
6  -3
22  -5
23  1
16  11
22  1
21  1
13  -9
13  -5
24  6
14  3
14  -10
8  -1
18  -6
15  5
8  -12
16  -1
17  -7
15  10
11  8
19  4
10  3
11  1
18  4
15  6
15  10
17  3
15  8
12  4
10  -6
21  4
16  3
20  -3
17  -4
23  0
19  -10
6  6
15  1
16  -1
19  -3
14  -8
15  1
17  -11
28  -12
15  10
13  -11
16  2
23  -11
19  4
14  -9
19  -4
21  -6
12  6
16  5
24  7
12  5
9  5
17  3
12  5
13  -11
8  -1
18  5
17  -9
17  -10
24  -3
16  11
19  -4
21  2
16  4
11  8
16  2
23  -6
17  -10
18  -3
14  -3
12  4
19  -6
15  1
21  -3
22  3
16  -3
9  3
7  6
14  -8
13  -2
29  -2
12  12
13  -10
9  2
16  7
20  -8
18  2
19  4
18  -2
19  -8
15  8
11  8
26  -14
8  -9
8  -3
8  -11
10  -6
13  -9
20  -12
14  -7
13  -10
17  -4
18  4
13  -1
16  8
18  -3
18  7
10  0
14  1
10  4
11  6
21  -5
13  -5
14  -10
28  -5
19  -4
17  -2
13  -6
13  -4
12  1
17  2
15  3
14  -9
22  -7
10  5
18  6
15  7
21  -4
13  -12
22  5
10  5
15  10
17  -1
14  1
21  5
17  -7
11  -1
18  -4
10  -8
14  -9
12  8
25  3
10  -6
13  -8
12  5
21  1
20  -10
21  3
22  -8
12  3
11  1
11  12
10  -4
19  -5
9  -4
19  2
23  -8
16  -3
14  -6
22  -3
15  0
11  13
12  11
29  1
18  5
18  5
14  -10
25  -5
20  -13
12  13
21  -1
18  -1
3  -3
14  3
29  -6
15  8
12  5
12  1
16  -2
13  -1
23  -6
13  -11
15  6
15  7
8  -11
10  6
14  -5
17  -2
18  7
14  -3
11  1
13  -9
10  -6
12  -1
18  -6
14  0
17  -10
16  3
15  8
11  7
19  -8
11  3
23  -10
21  -8
22  1
11  10
19  4
16  10
11  7
13  -4
10  0
11  13
13  -5
17  0
18  2
15  10
18  5
14  3
21  -7
12  9
30  -3
21  -9
16  8
14  2
12  3
15  10
17  -5
7  -1
25  0
11  11
19  1
23  -4
12  3
18  4
18  -7
25  3
8  -2
18  7
24  -6
19  2
14  -4
23  0
5  3
18  1
8  -5
21  4
23  3
20  -7
11  -1
15  9
18  -7
14  2
10  3
12  7
18  2
23  -5
10  -3
16  8
12  5
30  -2
13  -2
12  8
16  1
18  7
28  -13
19  -4
17  2
13  -7
12  4
19  -6
13  -4
24  6
13  -3
10  5
9  6
20  -12
19  -9
14  -7
18  -5
26  -6
9  -1
24  8
18  -3
15  0
25  6
10  -1
12  6
15  3
17  -11
9  4
11  6
12  12
16  -3
23  3
15  6
22  -2
17  -1
17  -6
19  4
21  3
13  -1
15  0
14  -9
11  2
14  -2
15  12
22  -3
15  3
9  -1
20  -9
13  -12
20  -10
21  1
10  4
14  2
22  -3
15  5
14  -5
14  -5
17  -10
14  1
14  -11
13  -5
9  6
13  -6
12  7
6  -2
19  -5
26  -9
16  1
5  2
14  -1
25  -4
18  2
11  6
13  1
12  1
23  -7
19  2
17  -6
11  6
12  -1
15  3
20  -6
18  -5
13  -11
15  2
17  -7
16  0
9  5
21  -6
19  2
13  -11
11  2
14  -1
11  2
14  3
23  2
12  9
12  10
13  -2
14  -8
16  9
11  2
15  8
19  -7
15  12
15  11
11  12
18  6
27  10
21  -5
24  1
16  3
19  -8
14  -9
13  -9
16  11
17  -11
11  -1
17  -10
17  -8
18  -5
20  -6
14  -2
19  -2
13  -6
10  -1
19  -9
17  -9
18  -1
16  6
11  2
16  9
26  -10
14  -10
18  -6
14  1
21  -2
20  -13
16  7
13  -3
12  13
20  -8
21  -4
13  1
21  -1
17  -3
15  6
20  -12
13  -6
22  -2
18  5
19  -10
25  3
12  -1
14  -7
18  -1
18  -2
20  -13
35  -8
16  4
27  -1
21  -6
11  12
13  -6
14  3
17  -1
13  -8
18  4
18  -6
14  -6
16  4
14  -9
13  -9
17  -6
21  3
13  -12
33  -3
25  7
13  -5
24  -3
19  -10
20  -3
18  6
15  1
18  4
14  -1
9  4
11  13
14  -1
18  -7
14  1
13  -12
15  7
13  -4
30  1
15  4
18  -7
15  8
25  0
13  2
13  -3
19  2
13  -10
20  -4
18  -1
17  -4
8  -12
24  2
12  4
15  2
9  -4
18  2
31  10
17  -2
13  -11
7  5
20  -6
18  -4
17  -5
18  -3
15  14
18  -1
15  9
18  -3
8  -5
23  -4
19  1
10  -5
24  -1
12  7
14  -8
19  4
24  1
19  0
20  -4
21  -7
9  9
17  -6
15  8
15  2
14  -11
13  2
20  -5
7  4
15  0
9  8
23  -4
12  12
10  3
15  1
17  -2
11  2
13  -6
17  -3
29  0
10  -3
16  3
11  10
22  0
18  -5
8  -1
27  11
12  6
12  3
11  8
25  2
14  -3
8  -14
16  -1
17  -5
20  -8
13  0
11  11
23  -9
18  -6
8  -11
24  1
16  9
6  9
20  -6
20  -9
19  0
12  0
29  0
5  -5
18  -2
25  -3
18  -3
14  -6
5  0
20  -2
21  -7
9  0
27  7
26  -11
18  -5
14  -2
12  7
15  0
17  -10
18  5
22  5
14  1
14  2
15  3
17  1
18  -6
16  -2
10  -2
23  -9
11  7
9  2
13  -12
10  -7
20  -9
15  4
17  -3
14  -5
19  -1
20  -8
15  14
12  6
17  -11
20  -7
11  12
12  1
15  7
13  -1
21  -9
17  -1
25  -2
12  2
27  1
7  -4
22  2
13  -12
21  -1
31  9
22  1
12  5
17  -1
14  -6
16  4
15  2
15  4
13  -4
22  4
8  -6
14  -5
17  -5
28  -3
19  -6
20  0
13  2
16  7
20  -2
12  10
19  -1
29  -13
15  12
18  -3
10  6
24  1
15  12
18  -4
23  -7
12  1
23  0
18  -1
11  5
17  -9
14  2
16  -1
34  -6
14  0
16  -2
6  6
13  -11
20  -13
26  -14
17  -3
22  1
24  5
18  -4
17  2
12  6
14  0
17  0
17  -9
18  -5
19  -2
21  -9
16  8
8  -1
13  -7
23  -3
23  1
9  -5
10  4
23  -9
24  1
16  5
14  0
13  -1
13  -12
18  7
14  0
17  -10
20  -14
16  -2
21  -8
9  8
10  2
18  -5
18  -1
9  2
13  -8
12  12
11  3
9  -4
7  4
18  -4
16  -2
11  7
14  -4
13  -11
15  0
24  8
15  10
10  5
24  -2
11  5
10  -2
14  -2
19  0
16  -3
11  9
23  -1
7  6
24  0
10  6
20  -10
22  3
20  -3
22  2
11  0
10  -5
11  4
19  -10
19  -8
15  5
8  -3
14  -10
21  5
16  8
13  -10
23  -5
17  1
27  -3
10  -4
20  -8
13  -3
18  6
17  -9
20  -4
20  -11
13  -9
14  -3
15  5
14  -9
24  -2
22  4
11  4
12  0
11  10
21  -5
18  2
15  8
17  -3
19  -1
18  -3
14  -11
9  3
10  2
17  1
26  -14
20  -13
13  -4
18  -3
11  -1
17  1
17  -3
18  -1
20  -14
19  -2
19  0
15  8
13  -1
22  -2
15  1
15  9
19  -7
11  12
11  13
12  7
20  -2
21  -2
18  -7
11  12
21  -4
25  -2
13  -6
23  -7
12  2
20  -2
14  -8
15  8
20  -13
11  12
13  2
14  1
16  3
17  0
16  11
13  -4
14  -10
15  14
12  8
16  -1
13  -3
22  6
9  7
17  -6
16  9
11  12
11  0
25  5
15  14
30  1
10  1
19  1
15  5
8  -2
25  -5
21  3
16  10
16  -1
20  -6
18  2
21  -9
18  1
11  -1
14  -7
10  -7
11  5
21  2
13  -5
22  -5
20  -12
15  5
15  1
13  0
13  0
24  3
13  -11
15  3
18  6
17  -6
10  -2
25  7
20  -12
14  -6
15  1
10  6
22  -6
14  -9
11  6
18  -1
