128  5
91  4
105  7
151  -2
118  8
127  6
100  7
182  0
157  -12
97  -1
97  0
121  2
192  -7
138  3
125  8
105  1
124  8
104  -1
116  -10
151  7
119  -1
145  6
141  -4
92  -10
138  3
148  8
122  -4
128  4
93  -3
149  -5
99  -3
144  1
163  3
129  3
94  -5
100  1
131  -3
164  3
102  -2
110  -3
111  -1
123  7
142  7
162  0
141  -4
152  -4
142  7
124  5
148  8
140  3
123  3
125  9
135  -7
108  -2
107  1
165  0
122  -4
171  0
85  5
146  -8
154  0
148  7
158  3
127  6
113  -2
136  -3
149  3
159  -9
133  -4
157  -4
173  8
112  4
107  2
118  4
174  -1
133  -2
153  4
94  -7
115  0
172  -4
136  1
105  -1
117  0
127  2
137  -10
99  -4
116  -6
127  7
129  -1
158  -1
100  4
139  4
119  -5
109  8
137  -9
121  5
104  -5
76  7
122  0
150  10
122  6
91  -1
131  0
98  0
98  4
147  0
192  -9
92  -3
168  -11
121  3
100  4
113  0
85  0
95  5
110  -9
135  0
97  -1
96  -1
142  9
122  4
125  9
120  -11
103  -2
71  -3
87  5
141  -4
156  -4
97  -3
151  4
134  1
115  5
121  4
79  1
129  0
168  -6
134  7
96  -7
148  -2
165  3
89  -5
153  2
135  -5
126  2
129  1
141  -4
95  -2
144  11
117  -4
93  0
110  -9
107  2
127  4
113  -4
145  3
119  -10
91  -5
155  -1
132  -6
117  -1
80  -9
127  9
117  -4
88  -2
146  -7
138  7
110  -9
150  12
126  -3
139  2
109  -2
79  2
119  -10
165  6
159  -8
135  2
145  3
145  5
129  -5
172  0
146  -1
162  3
108  -3
151  -3
145  8
103  -5
119  -4
106  -1
126  2
122  4
144  5
130  -11
116  -7
143  0
132  -3
116  -4
101  6
145  1
165  1
141  -1
143  -9
112  6
119  -1
136  3
110  -9
86  1
132  -5
144  11
137  -7
146  -9
97  -4
152  -5
162  4
111  -6
160  6
162  5
162  4
141  0
114  9
124  7
133  -4
103  -4
147  -1
100  4
100  -1
139  0
109  6
128  7
158  -2
121  1
131  -1
104  2
143  -4
96  0
106  7
119  -4
151  1
92  -5
80  -12
159  -12
148  4
102  -8
123  3
97  -2
169  -2
141  -1
109  1
179  5
117  -4
151  6
108  0
133  -7
102  -4
150  5
124  8
117  1
155  -7
166  5
112  -1
99  -1
107  2
140  4
179  7
154  -1
142  6
147  -2
124  7
92  -9
87  5
147  -8
125  7
168  -11
137  -8
71  -1
84  3
133  0
152  2
183  -5
128  10
114  7
139  0
119  -9
143  -10
82  -2
161  6
135  -3
106  1
156  -11
132  -3
142  3
171  -3
146  -8
204  -2
112  7
144  3
90  11
117  2
174  -2
114  5
136  5
98  -4
141  2
101  4
129  -5
102  -1
145  3
149  -7
115  4
124  7
78  -3
84  6
155  -6
129  -2
126  1
128  6
160  2
101  8
167  -5
102  -10
86  11
152  2
144  6
128  4
148  3
130  -12
126  2
100  3
106  2
112  7
111  -3
145  6
118  2
119  -5
96  -8
126  -1
92  -8
92  -2
113  6
120  -7
97  4
116  -3
156  -9
126  -1
142  7
121  3
92  -11
190  4
123  4
114  7
121  0
77  -2
101  8
105  0
109  -2
131  2
105  -1
117  -1
122  5
140  -2
108  -9
129  -4
153  -2
120  -6
120  -1
131  3
145  0
144  11
150  12
106  -2
117  0
132  -1
164  -1
111  -3
135  -5
134  0
112  6
149  0
127  8
91  0
159  -11
97  0
90  2
123  8
95  -1
102  -10
105  7
137  -5
152  -5
96  -3
79  -1
125  6
174  -8
121  0
125  2
158  -1
117  2
135  -2
133  0
165  8
103  -6
174  -3
122  4
133  -4
135  -5
128  3
147  -2
116  -8
107  10
87  2
189  -11
121  5
186  -8
198  -2
104  -3
124  3
151  -1
147  -4
97  -1
157  -5
154  -1
121  0
58  -6
92  -11
134  8
126  -2
92  -6
129  4
159  -7
128  4
183  -8
100  -1
171  5
145  5
84  6
96  -10
123  2
132  3
156  -7
76  10
142  5
135  -6
110  -8
134  7
191  -1
121  1
195  6
75  -8
99  2
96  -2
146  -4
135  -5
156  -1
195  2
162  -5
116  -8
134  10
131  7
130  -8
117  -1
178  7
176  2
118  3
141  -1
118  7
116  -7
97  4
142  3
109  -1
101  2
100  6
120  -9
135  -1
176  4
120  -2
82  6
153  2
118  7
107  9
98  -2
112  -3
150  10
113  6
135  -4
141  2
153  4
132  -3
136  4
152  0
136  5
119  -9
134  3
135  -6
142  5
151  -1
107  4
118  3
122  2
75  -4
117  -4
131  -1
174  2
119  -7
132  -5
169  2
115  6
181  -1
114  2
122  6
123  7
157  -12
173  7
126  -3
84  5
129  -4
102  -6
98  -1
114  5
120  -11
102  -2
138  8
137  -4
121  5
122  2
136  -1
148  5
124  2
90  9
150  7
173  1
110  -6
155  -11
109  5
87  6
106  6
148  4
89  -9
131  0
118  3
117  -5
108  -1
95  0
171  -2
94  0
130  -8
138  3
137  -9
121  4
141  -7
107  9
168  -2
97  -3
83  10
178  1
148  8
121  2
133  -7
196  -5
116  -11
116  -4
134  2
158  -1
113  5
111  -1
99  -6
117  4
123  6
129  -1
131  -1
113  6
136  2
103  -5
84  7
119  -7
144  3
152  -4
133  -2
96  -6
114  5
119  -1
140  -2
138  6
119  -7
107  4
176  4
111  -2
120  -1
141  -5
110  -7
143  -9
106  -1
121  6
156  -5
93  -3
153  -3
165  5
124  3
123  4
189  -7
142  8
128  6
166  4
121  4
132  -4
123  11
105  -1
151  -1
112  4
172  -5
118  8
149  -3
184  -9
115  2
125  7
184  -8
98  5
105  -1
105  1
131  6
136  -3
108  -10
137  -5
145  2
103  -1
106  3
169  -4
115  1
146  -7
138  4
116  -8
144  8
100  0
101  0
165  3
152  0
124  6
136  6
133  -10
109  1
123  6
162  -3
159  -12
78  -3
105  6
124  3
99  -5
90  7
97  4
148  -2
131  -1
158  -4
137  -8
111  -1
103  -10
158  -1
156  -4
73  8
108  0
122  0
184  -9
126  2
122  6
84  6
133  -7
141  -5
149  -5
132  -3
107  11
128  0
134  6
156  -5
113  3
151  -3
129  -5
70  6
157  -8
93  -5
116  -5
139  5
131  -3
109  -1
208  -3
94  -1
157  -12
73  12
127  8
161  4
89  -6
148  5
144  5
152  -1
136  4
78  -4
141  -5
112  1
120  -1
156  -2
106  -3
98  -2
132  1
123  11
118  -1
128  9
143  -2
138  3
119  -2
110  -4
101  -2
100  2
101  8
161  1
124  9
136  -4
119  -5
130  -2
121  6
175  2
135  -2
109  -2
95  0
139  3
152  -6
143  -10
136  -2
127  2
147  2
127  0
121  5
159  -8
101  -1
101  1
105  -1
116  -10
110  1
187  -8
141  -3
116  -9
185  2
92  -3
127  1
102  -7
173  1
148  5
172  -6
124  0
175  2
79  -2
143  -1
111  -7
113  4
132  -3
158  -4
178  5
123  2
92  -9
127  5
142  -1
151  6
129  4
104  2
131  0
114  6
87  2
107  8
105  4
78  -6
150  7
157  -11
148  6
114  5
98  2
106  4
85  1
139  7
124  3
108  -8
122  6
139  1
154  9
136  -2
155  -2
118  9
113  -2
130  -12
133  0
143  -4
125  3
127  2
88  5
97  -5
78  0
152  -6
146  -6
188  0
126  0
148  6
123  8
128  8
213  -1
105  -1
135  -2
128  10
133  0
169  -5
111  -4
119  -2
117  -1
176  7
135  0
176  0
107  5
136  -3
146  -6
129  2
92  -9
172  -1
101  5
154  9
167  0
142  0
203  4
168  -11
156  -11
160  6
97  0
164  1
198  -1
129  -6
102  -4
151  -1
161  1
128  2
150  4
87  11
128  8
145  4
138  6
113  2
133  -2
152  1
141  3
138  10
106  -3
180  -3
172  0
97  0
131  4
89  -8
117  -5
133  -4
143  -3
118  0
167  -1
147  -4
137  -7
89  -9
90  12
145  1
116  -5
133  -1
117  0
83  4
102  -3
106  3
136  1
108  -4
103  -4
153  2
101  5
131  -3
117  4
145  -1
100  2
119  -3
146  -2
120  -8
111  -4
87  2
146  -3
100  5
118  0
124  0
138  9
93  -1
148  1
152  -1
120  -4
112  3
134  3
118  7
122  3
124  7
110  -8
110  -4
160  4
123  8
152  -4
112  1
143  -10
139  6
159  -10
127  2
148  8
140  3
99  -1
118  9
118  2
146  -6
157  -10
115  0
115  -2
109  -2
128  2
82  -4
97  4
125  9
134  9
135  -2
124  5
107  8
96  -9
98  -1
117  2
166  5
98  -4
115  5
112  0
148  -2
124  3
111  -4
120  -7
88  4
155  -8
110  -5
137  -11
95  6
105  6
87  9
79  1
105  -3
192  -4
140  -2
126  3
141  3
117  -3
114  2
131  6
91  4
113  2
111  -8
154  8
155  -11
139  1
112  5
124  6
191  3
155  -8
95  4
178  2
114  6
110  -2
132  -1
156  -6
128  0
150  9
98  -2
111  -5
165  7
156  -9
120  -5
91  4
132  2
101  -2
128  3
100  2
123  6
133  -1
141  -3
88  -4
126  -2
187  -12
120  -9
200  0
170  -9
113  4
122  3
91  -1
113  -1
131  3
91  0
126  -3
104  -3
113  -3
116  -4
94  0
168  -11
148  -1
135  2
134  10
113  -1
141  2
138  6
