6  11
8  -1
13  7
9  -9
10  -8
11  -5
19  4
9  -12
8  -6
17  -6
8  4
6  7
12  3
9  -11
12  3
8  -4
4  -4
8  2
8  -2
3  7
18  0
10  1
11  -9
9  -2
26  4
8  -5
9  -6
11  -2
9  -5
10  -8
9  -4
10  6
5  -1
12  13
8  4
10  4
15  4
4  4
2  -1
14  -6
1  4
5  -3
6  9
5  -12
13  -5
10  1
13  -4
11  -10
12  10
5  -3
22  2
8  0
12  6
12  7
3  6
21  4
13  6
14  -1
9  -7
7  5
13  3
8  7
11  -4
4  -2
10  -4
12  12
18  0
2  1
11  -2
4  -5
7  0
32  -3
12  1
8  -7
4  -5
9  -7
6  9
4  -3
7  -4
9  -4
5  -3
7  -7
4  0
17  -2
6  12
16  -7
13  7
9  -2
9  -1
7  -1
8  0
19  8
12  8
9  -6
12  3
9  -3
12  -1
5  -10
18  1
9  -13
22  -5
9  0
10  4
9  -9
23  -1
12  13
14  4
3  13
8  2
12  1
11  -3
7  -7
19  6
13  7
4  -6
3  11
4  -5
10  -5
28  9
6  7
9  -4
9  -14
8  -7
5  -10
9  -10
13  -3
5  -13
4  -4
11  1
16  -9
4  6
3  14
4  -3
6  2
5  -9
7  -2
13  9
7  -1
12  1
13  7
18  0
9  -8
11  -10
7  7
8  -7
11  3
12  7
10  3
10  -8
7  1
8  7
13  5
16  -5
8  4
8  -5
13  -3
12  0
6  3
3  7
9  -5
13  5
10  -5
9  0
12  4
7  -6
8  0
8  0
19  5
20  -9
6  1
13  5
13  1
7  -7
5  -10
5  -6
5  -12
13  7
4  -5
6  -2
8  0
16  -8
8  -4
15  -3
10  -5
7  2
5  -13
14  -5
7  -6
16  2
5  -9
4  -6
18  11
7  -4
15  8
16  -1
13  -5
7  6
8  4
34  13
14  6
6  5
3  12
14  3
15  8
10  4
10  2
18  3
11  -3
15  9
7  -7
7  2
13  4
9  -2
11  -5
17  1
12  13
18  6
11  -8
17  0
14  -4
6  8
22  -2
12  12
12  11
19  13
21  4
4  -3
22  -6
21  6
15  0
8  3
11  -4
8  0
12  13
12  9
17  -6
19  4
19  12
13  -4
6  3
18  8
13  1
13  -4
17  5
13  2
10  -4
15  8
7  0
10  4
14  -3
2  -13
15  1
2  -10
22  -2
13  7
5  -7
9  -14
11  -5
9  -2
9  -9
6  0
18  13
2  0
8  6
22  -2
14  2
9  -9
7  -5
18  13
8  1
5  -8
8  -5
13  6
15  3
12  0
17  -3
10  3
7  1
10  2
15  0
13  -1
11  -7
9  -7
12  13
8  -6
5  -7
14  -2
16  -5
8  -3
6  1
8  -4
18  9
6  12
22  -6
12  3
22  -4
10  -6
9  -4
16  0
10  5
6  12
20  -5
14  0
4  1
23  7
11  -4
3  2
8  5
17  -1
23  2
13  1
13  -4
6  2
12  4
6  3
11  2
14  -7
14  -7
13  -5
9  -8
8  -3
10  -4
7  7
15  6
9  -3
21  -5
13  1
15  10
9  -8
3  11
10  -4
17  4
13  7
14  -3
10  -8
13  8
7  5
10  4
17  -5
7  -5
6  1
7  -3
10  1
10  -8
20  -9
5  1
8  7
3  9
12  6
11  1
9  -7
17  -3
10  1
12  8
12  4
9  -7
14  3
16  -5
10  -3
11  -5
2  -5
5  0
5  -8
12  0
26  8
13  2
7  -6
19  8
9  -10
13  9
5  -11
6  3
12  1
5  -3
10  1
11  4
13  7
20  1
8  1
7  3
15  -1
9  -7
15  8
6  4
17  -7
14  -7
26  3
19  1
17  0
11  -10
14  -3
3  12
18  10
10  -4
13  7
10  -2
28  3
7  -6
14  -6
9  -11
9  -9
4  -1
12  5
17  -6
16  -10
10  3
5  -7
10  1
27  4
10  1
20  1
33  -6
19  11
11  3
11  -5
5  -10
8  6
11  0
13  1
9  -11
15  8
5  0
4  -7
12  11
6  3
9  -11
7  0
11  -6
9  -14
27  3
14  -1
13  -1
15  -3
14  -6
18  9
18  12
7  -4
9  -11
8  0
17  0
6  8
9  -11
6  5
10  -3
11  -8
8  6
13  7
13  4
13  -2
17  -3
19  8
17  7
18  8
27  9
13  -2
14  4
9  -8
7  -2
8  0
6  10
11  -10
8  4
16  -4
11  -1
2  -13
15  4
9  -4
9  -9
18  10
7  -6
14  -2
13  0
7  4
18  11
14  6
11  1
21  -1
19  3
2  -13
7  -4
7  5
5  0
7  0
5  -2
9  -8
20  -5
11  -1
10  2
10  -3
6  1
24  8
10  0
10  -3
5  -4
5  -12
14  -3
8  -4
9  -5
7  5
5  0
17  -1
12  13
2  -12
4  -7
11  -1
17  -2
8  -3
6  9
9  -11
5  -1
10  -2
11  -6
14  -7
6  1
4  3
15  10
19  0
8  -2
22  1
9  -2
20  1
10  5
10  -2
9  -4
8  -5
1  2
1  4
14  2
10  6
11  4
13  -1
16  -3
11  2
11  -8
15  1
7  3
10  2
18  3
18  0
8  3
11  -4
3  8
5  -1
10  1
19  0
8  1
19  1
6  11
8  6
9  -7
9  -4
9  -12
12  8
7  -7
5  -4
15  10
14  -1
7  -4
18  4
9  -6
14  4
8  -6
14  4
15  3
15  6
10  1
9  -6
12  0
20  -4
4  5
5  -5
6  5
21  3
4  1
25  -3
10  -8
19  8
12  12
2  -5
12  -1
8  3
13  3
2  -3
16  -10
19  14
8  4
12  11
3  0
14  -6
4  -4
7  -4
13  6
7  3
10  4
14  6
17  -5
10  -1
10  0
5  -5
5  -12
15  -2
12  7
18  13
23  -3
5  -11
10  -5
8  1
9  -1
8  -5
16  -5
7  -6
11  -4
12  8
6  3
7  3
17  4
16  -4
14  1
9  -6
6  -1
24  8
9  0
3  13
19  0
9  -13
22  -5
20  -1
8  -5
8  3
14  4
4  -4
4  -2
5  -2
8  -3
12  11
4  -6
7  -2
17  5
13  5
6  6
8  4
15  1
8  1
11  -4
19  3
8  4
8  -5
2  -2
8  -7
11  4
7  2
5  -8
10  -6
15  2
7  5
13  9
17  4
10  1
10  4
11  -6
12  10
12  11
7  5
7  -4
1  6
11  -1
10  -3
10  2
12  -1
8  -1
6  8
11  -3
4  -3
27  9
6  11
12  4
12  9
12  4
3  4
10  -1
7  3
23  -4
9  -6
14  1
10  0
12  4
20  0
16  -7
14  2
32  4
17  -1
15  8
11  1
4  6
12  7
8  -6
15  -3
18  1
14  2
18  0
9  -9
7  6
15  8
11  -4
13  5
14  4
11  -5
11  -3
12  10
16  -1
12  0
16  -6
12  8
12  11
10  1
5  0
17  4
8  -5
10  -1
5  -13
10  -6
9  -12
10  -8
11  -8
6  10
11  -5
18  6
6  0
15  11
10  -3
7  7
12  9
5  -2
13  9
7  6
13  5
11  4
6  1
22  1
11  0
15  -1
10  4
15  9
14  -1
6  11
7  -1
22  1
10  -7
12  6
6  10
8  4
12  13
20  -12
6  1
11  -2
12  4
8  -6
11  4
12  6
15  9
9  -3
2  -5
16  -2
15  10
9  -4
14  1
5  -7
19  3
12  4
7  7
17  4
8  -2
11  0
12  -1
16  -3
9  0
30  -6
7  5
3  6
12  -1
16  -4
8  -2
4  4
7  0
14  -5
25  4
31  -4
15  3
15  1
9  -7
8  -3
4  2
15  8
9  -1
1  -6
2  -4
7  5
9  0
1  -2
16  1
12  10
9  -6
5  -5
11  -4
5  -7
8  5
10  4
11  4
12  5
9  -11
12  0
4  3
16  -1
5  0
5  -9
15  -3
8  4
4  -6
7  2
27  10
11  -2
5  -9
14  6
2  -11
9  -7
8  4
15  10
11  2
12  5
11  -6
16  -5
13  3
3  2
10  -8
16  1
2  -3
12  5
8  2
9  -7
4  4
4  -3
9  -10
7  4
2  -11
4  5
9  -14
10  1
19  6
7  -5
12  2
16  -4
3  9
7  -2
10  2
2  -2
6  3
10  -6
17  5
10  0
18  6
5  -5
15  11
4  -1
4  3
21  -3
11  -3
11  -1
17  3
3  1
9  -1
10  -4
9  -13
14  -5
7  -5
6  1
8  5
6  5
20  -5
13  6
12  4
7  -2
5  -13
5  1
7  -5
18  2
16  2
5  0
24  -5
5  0
8  -4
3  10
11  -4
6  2
11  -6
18  8
13  -5
7  1
23  -3
17  5
8  0
13  7
7  -5
4  3
18  13
14  -1
7  5
7  5
5  -6
17  4
13  -2
5  -2
10  1
9  -2
23  -3
12  3
13  9
7  -4
9  -8
3  8
10  -7
10  2
6  6
13  -5
5  -9
15  9
2  -6
7  0
10  -5
6  4
7  -4
17  -3
11  -2
6  0
12  13
5  -5
37  -1
12  10
15  3
8  -7
18  12
2  -4
11  -2
11  -8
14  -8
7  -1
8  -4
2  -8
25  -10
19  9
8  0
12  4
11  -1
6  6
12  5
15  4
9  -2
7  -1
8  -5
14  4
12  13
19  10
9  -9
10  -6
10  4
6  2
7  4
14  -7
6  9
8  1
4  5
6  -2
13  -3
7  1
9  -8
18  6
10  -1
20  2
8  4
19  14
18  9
16  -7
7  -1
7  3
15  5
12  3
14  2
7  3
30  -4
21  -8
15  4
9  -10
3  2
11  1
9  -4
20  -4
19  9
9  -1
12  1
14  3
10  2
