155  3
143  9
205  4
132  8
170  -7
169  -5
102  5
100  -5
186  -4
265  -7
169  -3
131  -2
125  5
139  -2
139  -1
236  1
146  -5
121  -1
131  -4
101  -7
108  -2
188  -7
224  -2
144  -2
152  -3
130  4
148  9
163  1
106  -1
111  -7
111  -5
176  6
136  -1
148  6
122  -5
163  2
123  -3
174  -5
158  8
127  -2
147  3
122  1
176  3
168  -3
147  -3
167  -3
169  -4
161  6
203  -7
154  0
176  1
174  -2
162  -2
130  -1
134  -8
147  0
220  0
109  -5
171  1
122  -3
172  4
155  11
174  -5
143  4
202  -3
170  -6
136  -3
118  -12
184  3
141  -3
127  -1
170  -4
188  -3
163  6
111  0
130  7
141  3
162  -7
162  -3
175  -2
156  -1
153  3
171  -2
194  1
152  -4
150  7
139  4
172  -2
205  2
214  -6
118  -10
156  -2
175  -1
128  2
191  11
179  8
149  -4
201  -11
230  0
135  8
176  0
141  3
234  -6
140  0
156  0
179  6
136  6
147  -1
117  -7
196  3
186  -1
118  -4
187  -7
212  8
233  -2
125  -2
160  12
162  -5
140  2
129  1
172  2
116  -2
183  -7
211  4
192  0
148  10
178  -6
122  2
180  9
149  -4
119  3
138  -3
199  3
137  -2
220  7
167  -3
137  -1
161  6
172  2
169  -7
188  -6
159  -5
97  -5
154  6
126  -7
135  8
146  0
128  7
222  1
194  -1
213  -9
167  -9
113  -8
151  2
174  3
204  -4
169  -5
181  4
142  3
113  -3
123  0
119  4
104  -8
183  -11
196  3
172  3
212  6
157  2
191  10
131  -10
179  8
127  -8
192  -4
116  -12
120  4
195  0
171  -1
136  7
123  -8
170  -1
217  1
151  8
158  11
166  7
139  1
170  -2
206  5
107  3
149  -5
148  8
118  -9
162  -4
142  2
172  -2
98  0
133  9
146  -2
158  9
183  -5
148  6
125  7
212  2
207  7
167  -6
146  -8
144  -6
130  4
177  -7
124  -5
117  -5
114  4
103  -1
151  7
238  -6
118  -8
141  -7
141  -1
186  1
210  -2
196  5
182  8
133  6
117  -1
156  -4
93  -3
207  7
207  7
132  7
163  9
151  6
193  -10
123  2
161  7
140  -8
101  1
226  -1
186  -5
218  6
167  -8
170  -9
190  6
133  5
225  2
180  1
167  -10
167  -3
166  5
131  -5
197  2
162  -10
218  -1
119  4
140  -7
138  -2
216  -4
110  10
171  -3
207  11
140  -1
182  0
131  -3
168  0
175  -1
152  -9
148  12
159  -2
193  -9
100  -11
120  -3
163  5
123  -4
137  -9
120  3
167  -9
230  3
148  7
145  -4
168  -4
161  3
140  0
135  6
192  -3
88  -5
140  0
137  -2
148  5
146  0
163  6
110  7
160  4
128  3
166  5
201  -4
120  -2
159  -4
160  8
148  6
200  6
161  10
181  4
117  2
167  -11
158  12
191  7
124  -4
100  -4
204  4
133  9
113  -6
174  -4
220  0
158  4
158  12
136  5
151  7
169  -10
141  3
152  -5
169  -4
173  6
133  8
157  -2
122  0
180  6
202  4
161  10
240  0
149  -10
186  -5
158  11
136  4
172  7
158  7
165  2
195  -7
200  9
148  2
129  -2
168  1
139  -3
191  8
181  5
197  0
103  8
177  -4
107  8
142  -6
129  6
178  3
154  1
168  -7
155  4
158  11
192  1
113  -10
152  -10
155  9
202  -4
131  -1
188  -7
253  3
86  8
147  3
185  -10
198  3
198  4
193  -8
144  -3
177  -2
142  -7
169  -8
131  -1
172  2
110  2
135  2
146  -2
97  3
191  5
130  3
198  0
129  2
127  -10
98  -1
120  6
192  -4
168  -7
237  12
176  -2
136  -1
152  -7
148  11
153  3
153  -4
133  10
218  8
157  7
165  6
169  -10
246  -9
109  -7
177  -9
110  11
129  -4
116  -5
179  1
112  -8
213  -9
188  -5
200  7
172  8
184  10
162  -5
173  8
236  1
137  -2
132  2
127  -4
129  3
131  -6
146  -7
236  7
150  1
185  -4
194  -2
151  8
112  -4
154  -2
142  3
157  -1
206  6
190  7
150  0
137  -2
189  -8
230  3
92  1
194  0
95  3
150  0
125  2
124  -3
176  0
173  8
122  -4
195  -1
97  -1
113  -3
142  1
210  -8
163  7
140  -7
193  -4
169  -9
154  5
164  2
206  -3
185  -1
136  7
215  -3
152  -9
217  -6
152  -6
156  2
136  2
148  9
181  4
159  -3
175  2
106  3
172  4
141  2
223  -1
126  -8
158  5
199  8
181  3
162  -2
191  4
175  -1
149  -5
199  6
169  -2
140  -8
188  -2
150  2
116  -8
149  -6
222  2
194  -2
173  6
147  1
168  0
98  -10
135  2
209  -7
123  1
137  -4
161  9
219  -7
169  -2
216  -3
154  -1
172  8
151  2
180  10
180  11
169  0
188  -2
161  10
154  0
191  1
244  -11
154  -2
80  5
117  -4
214  -6
136  1
114  6
187  -7
181  2
200  4
146  -5
159  -8
114  4
191  9
152  -11
178  0
167  -10
214  3
156  1
196  8
117  2
173  6
223  -5
221  9
182  1
148  8
162  -10
147  3
219  1
179  9
127  -6
161  6
169  -4
154  0
162  -6
181  -3
181  2
165  2
152  -5
143  9
124  -5
180  8
176  6
153  -1
138  -9
148  7
136  7
168  1
167  -6
151  7
261  5
162  -4
165  5
140  -7
198  -3
185  -1
124  3
164  0
185  -1
144  -4
184  9
165  1
192  2
160  4
168  3
159  -2
135  5
123  -6
197  6
164  7
162  -11
186  -1
116  -8
124  -1
110  4
154  6
142  -2
229  11
202  3
103  0
121  4
97  -5
190  -1
157  -3
148  2
147  4
95  9
101  0
121  -4
187  -8
141  -5
108  0
159  -5
126  -8
131  -6
240  -1
173  5
181  -2
148  3
137  -2
201  -12
163  11
172  3
166  6
176  -4
127  -7
197  4
89  12
149  -11
181  3
175  0
165  0
172  8
190  2
139  5
197  1
134  -4
136  -2
125  0
188  -6
190  -2
130  6
216  -12
104  -2
122  -1
169  -6
135  8
150  4
178  -6
180  8
146  -3
168  1
165  -1
147  -2
212  3
149  -11
214  0
131  -5
198  6
86  2
166  4
160  10
169  0
186  1
174  3
137  -8
126  -10
155  7
137  -9
156  -2
150  4
130  5
203  -2
159  -9
153  3
161  4
139  -1
150  7
171  -4
151  5
109  -6
134  -3
158  3
167  -8
172  1
114  6
110  11
188  -2
135  -1
171  1
115  -11
162  -11
181  0
155  8
200  4
144  -6
164  8
189  -4
197  2
118  -7
196  1
92  5
159  -10
157  7
162  -7
174  3
166  0
191  7
162  -8
193  -2
123  -7
118  -4
129  1
165  -1
174  3
147  -1
209  -11
169  0
168  2
157  -2
168  -6
230  -3
156  -3
157  2
145  5
164  5
162  -2
225  0
159  -1
178  -2
190  -1
172  1
193  -8
167  -9
144  -3
181  4
103  3
145  6
157  7
138  -9
210  -6
128  1
251  -3
143  6
172  -2
151  1
146  -5
172  2
188  -5
138  -3
173  7
149  -3
195  -2
203  3
141  -2
154  -1
174  -3
199  8
128  -2
156  0
127  0
108  4
128  -1
179  8
161  3
128  0
150  4
151  9
236  9
158  12
105  1
233  -1
132  -1
172  6
140  -5
184  8
156  0
149  -5
140  -1
109  -11
207  9
174  5
202  3
166  6
131  -2
238  -10
154  5
124  -5
106  -7
157  4
206  3
213  -6
188  -3
151  2
125  3
184  3
169  -3
190  8
143  8
196  -2
139  5
143  2
132  6
143  2
144  -1
145  1
240  3
149  -3
118  -6
172  7
179  11
143  9
184  5
156  -4
199  9
146  2
146  -5
176  6
179  9
212  5
204  5
149  -8
123  -1
180  8
137  -6
157  1
205  1
179  5
228  -10
211  0
113  -10
192  0
145  -2
157  6
149  -2
165  7
172  7
96  -4
107  7
217  -7
216  -7
139  2
178  1
127  -7
209  -3
129  2
156  -4
119  -2
159  -8
115  -4
189  -4
142  -6
124  -3
158  9
149  -7
96  1
149  -7
171  4
140  -8
163  3
87  -4
171  4
155  7
137  -11
202  -1
195  2
144  -9
160  8
183  -4
225  1
107  2
98  -10
166  0
164  5
200  2
175  -2
151  4
186  0
177  -10
174  0
101  1
83  2
151  8
119  2
110  4
160  6
217  -6
118  -12
202  -1
135  2
147  -2
150  -1
133  8
221  2
157  2
135  1
117  0
99  3
137  -5
165  1
165  -1
178  -3
109  -3
149  -11
140  2
103  7
162  -7
140  2
140  0
137  -8
120  6
168  2
148  6
192  0
144  -9
204  5
149  -4
196  4
161  3
144  -6
218  5
131  -4
193  -12
131  -10
131  -1
131  -3
119  4
174  -5
194  1
127  -5
131  -7
172  4
116  -3
164  6
173  -1
123  -4
148  10
233  -4
190  3
200  2
124  -6
174  -1
115  -7
134  -1
128  -1
121  -2
143  11
140  -1
180  2
160  8
180  8
199  8
152  -11
92  10
197  7
210  -2
135  3
169  -1
143  4
226  3
186  -3
191  3
112  -11
156  -3
185  -9
135  9
180  9
155  8
169  -1
247  -8
157  7
143  4
167  -7
145  -2
126  -6
137  -5
178  -5
128  6
157  3
97  3
263  2
177  -4
137  -11
115  -6
139  -3
96  2
182  0
183  -12
89  5
163  6
165  2
133  9
193  -7
192  0
147  6
171  1
171  -2
152  -9
180  6
174  -2
186  3
174  2
111  -4
121  -3
167  -11
166  2
127  -9
153  -3
183  -7
