2  1
38  8
22  2
34  -1
8  6
21  -1
30  1
9  12
20  2
14  -10
15  9
38  0
10  6
2  -1
19  -2
29  9
7  1
23  -4
12  -2
6  -5
21  1
14  -2
24  -7
15  8
10  2
12  2
22  -5
6  -3
41  2
3  -9
6  0
16  -5
6  -7
9  12
45  -4
15  6
6  -4
4  11
14  -1
6  -3
10  -2
12  5
33  -2
24  -5
9  11
21  -4
13  -6
12  -3
13  0
24  -5
29  7
18  1
26  -4
23  0
18  3
2  7
11  -9
42  -4
12  1
11  -9
27  4
27  5
14  -7
19  -1
22  -1
33  -7
30  10
23  5
14  -7
40  -2
50  -3
17  -3
27  10
26  -7
19  -1
27  2
47  5
13  -8
20  5
7  -2
23  -3
23  4
8  10
9  1
18  5
2  5
2  1
9  8
40  1
25  0
25  -1
31  2
13  0
20  9
8  8
16  4
5  5
15  3
16  -3
27  9
27  0
31  3
17  -8
38  -3
8  1
17  -7
13  -7
25  -6
16  -1
12  0
23  2
15  5
29  -3
3  -9
21  -3
13  -2
23  3
6  -6
28  -2
31  1
11  -6
7  -10
8  6
2  4
19  -3
6  -3
7  0
3  -8
9  12
18  -2
5  -1
24  -9
2  -3
39  -4
10  6
27  1
1  -4
8  1
38  2
57  -2
11  -2
3  2
10  3
29  8
2  3
32  -12
5  6
12  -3
19  -2
16  1
24  -1
21  -2
10  -1
8  6
26  -7
35  0
8  12
17  -6
24  -2
30  5
14  -4
9  12
25  -10
52  -4
19  -4
16  5
7  -8
3  -8
31  -8
18  7
30  9
10  1
29  7
16  -4
13  -3
14  -13
15  2
18  2
18  -3
41  7
9  13
16  -5
13  -7
17  -7
9  4
34  -8
8  10
15  2
25  -5
20  8
35  -10
12  -6
18  0
19  -5
3  -7
24  -7
10  2
24  -9
10  6
23  -5
14  -3
33  1
7  -8
4  10
4  -1
34  2
11  -9
27  7
40  8
6  -7
7  -9
17  -1
14  -2
9  6
7  -1
40  3
18  -4
17  -3
12  5
25  -5
3  3
43  3
8  3
26  -5
7  -7
7  -1
4  6
22  -5
7  -8
31  -2
38  5
0  -5
9  4
11  -1
8  5
5  7
18  -1
28  -8
11  3
20  0
18  6
49  8
14  -13
30  10
4  8
27  7
8  12
6  -6
10  -6
26  -4
11  -9
8  5
16  1
12  0
11  2
34  -1
7  -5
29  6
12  5
29  4
22  -3
15  0
28  -9
29  0
7  0
19  -8
27  3
12  3
10  5
7  -3
43  7
41  7
27  1
18  2
20  10
18  -2
11  -6
9  6
17  -5
6  4
16  -1
7  -1
21  2
38  7
5  5
28  -13
14  -2
34  1
23  3
29  0
26  2
3  -1
20  2
21  4
11  3
12  -2
25  2
36  5
37  10
32  -10
24  1
19  -4
14  -1
0  2
25  -10
39  -4
38  3
40  8
32  -13
23  -3
5  1
9  6
10  0
29  9
19  -10
16  0
25  -2
36  2
18  -4
26  2
6  3
31  2
32  -5
9  3
10  2
46  -11
11  -1
9  6
20  8
8  12
31  -1
16  -7
12  -4
8  7
15  4
18  -2
3  -7
45  0
13  -5
27  9
26  -10
2  3
16  0
24  -2
25  2
8  3
14  -3
8  2
12  -4
14  -1
10  -3
19  -8
5  -2
44  -2
10  4
7  -3
20  0
34  -7
20  2
7  -8
7  1
21  -5
13  -2
22  -3
24  -1
20  9
16  2
14  -10
45  5
18  6
51  -3
41  12
11  -3
16  -5
7  0
23  -3
10  -6
21  -4
9  12
6  -3
6  -7
39  -2
29  7
19  -5
23  5
17  -4
12  -4
2  -2
7  -8
23  3
14  -8
23  -5
20  7
17  0
25  2
40  9
28  -12
0  -2
21  1
12  3
12  -3
18  3
22  -5
3  -2
6  -3
17  -10
8  4
12  -5
8  10
14  -10
14  -3
27  2
20  0
12  1
30  11
5  -4
3  3
42  -1
41  8
12  4
29  -2
28  -6
14  -10
7  1
12  5
3  -8
28  -4
24  0
5  6
5  6
7  -9
31  -5
11  -2
10  -4
6  -5
20  2
22  1
4  -1
7  -11
20  1
5  -3
17  -7
15  7
4  8
12  -3
15  4
5  1
14  -1
9  10
5  5
9  12
12  -6
2  1
32  -1
18  -4
33  1
21  -5
15  12
45  2
5  6
14  -9
20  8
21  5
18  8
13  -10
105  6
14  -10
79  -4
5  1
4  0
10  6
7  -7
5  -2
19  -12
5  7
9  3
10  -1
30  1
33  -4
10  5
6  2
12  -2
20  3
7  -8
38  -4
18  -1
14  -4
23  4
11  -3
22  -4
4  3
12  6
29  2
14  -12
17  -11
9  12
45  -3
56  -9
7  -11
20  1
6  2
28  -2
12  2
15  6
3  -8
24  1
23  3
28  -6
19  -3
6  5
26  -4
10  3
6  -2
12  1
22  0
15  2
9  4
20  6
4  9
2  1
17  -6
8  0
21  2
18  2
19  -11
45  -3
31  -3
41  3
17  0
31  -9
24  -2
15  2
24  -7
31  -5
11  2
17  -10
43  0
14  -11
28  -4
19  -9
43  -4
22  3
13  -5
24  1
19  -10
29  3
17  -4
30  13
27  6
14  -11
24  -10
12  6
11  -1
5  8
42  -3
11  3
13  -8
14  -5
31  -7
2  8
21  1
44  2
5  0
6  2
28  -8
11  -8
20  1
5  -2
35  -1
22  2
3  -9
6  -3
15  9
11  3
14  -5
21  -4
18  0
52  -6
35  -10
24  0
13  2
18  0
34  -5
30  8
26  -1
9  3
6  1
11  -8
22  -6
14  -11
10  -4
24  -6
41  7
33  -3
12  6
15  11
9  3
14  -11
13  -7
23  7
14  -4
41  6
7  -3
47  2
5  -2
20  0
5  1
13  -7
22  -4
23  0
17  -2
6  -7
8  7
38  1
5  -4
9  1
6  3
32  -2
19  -5
16  2
22  -6
25  -8
10  2
15  10
13  -8
11  0
42  5
26  -4
36  -3
40  5
30  4
13  -7
14  -1
30  8
13  1
19  0
10  0
27  9
40  2
22  -7
15  6
17  0
20  7
5  -3
12  1
14  -13
6  -5
8  5
32  -5
12  -2
24  -9
67  2
16  -7
17  -12
39  -10
45  5
11  -7
9  9
19  -8
18  7
22  -1
15  9
5  1
13  -5
34  4
33  1
12  1
25  -9
22  -1
10  -2
32  -13
13  1
15  2
24  -10
3  -7
16  0
8  4
6  -5
22  -8
12  -2
34  -1
6  3
7  -4
34  2
39  -5
5  8
11  -3
5  -4
13  -6
7  -2
11  -7
16  -4
41  1
25  -10
4  6
19  -5
12  4
27  7
6  -1
26  -5
14  -5
15  7
22  -3
18  -1
14  -11
24  -6
8  6
13  -5
23  -5
16  2
33  1
18  -2
7  -2
6  5
31  -8
22  -3
12  -5
26  -3
10  -1
37  1
15  5
32  -12
8  12
23  -5
15  10
20  11
17  -7
3  -6
21  6
6  4
32  -3
31  -6
17  -2
6  5
17  -1
1  -6
23  6
9  1
16  4
32  -13
25  0
23  -4
32  -10
15  7
7  -1
31  3
11  -7
4  3
35  0
12  -3
27  4
6  -5
18  -1
30  1
10  1
9  13
17  -5
32  -6
36  -7
18  -2
27  -1
18  -3
27  3
39  -2
4  8
43  5
11  2
6  5
19  -12
17  -7
22  -6
20  7
10  3
15  5
39  -1
17  -12
11  -9
19  -9
8  0
17  -12
17  -7
48  1
36  1
4  -1
7  -6
8  1
2  4
34  2
24  -6
4  2
37  7
14  -5
6  5
18  -3
34  1
23  -2
16  -7
38  -4
24  -2
16  -6
35  -10
82  -6
36  -6
9  10
8  2
20  4
15  1
24  -6
22  3
5  -3
2  -2
39  -1
31  0
21  2
20  4
18  2
13  1
37  9
15  9
13  0
2  8
32  -2
9  12
16  -1
9  4
21  6
23  7
26  -2
14  -10
21  -5
11  -1
23  5
22  -2
14  -10
31  -1
9  2
5  5
8  1
38  -4
28  -12
5  0
13  2
33  -4
31  -6
6  3
25  -8
33  -3
16  3
15  11
30  6
14  -9
20  3
19  -12
35  -1
7  -1
8  5
21  2
47  -2
16  -6
50  1
17  -2
11  -5
25  -7
7  -11
10  1
2  3
3  1
25  -9
14  -3
47  -2
13  1
7  -5
22  -2
16  -2
17  -8
14  -2
26  -3
37  7
12  0
28  -13
6  0
46  -6
14  -10
4  8
16  -3
27  3
17  -4
8  5
23  1
11  -6
34  -4
27  7
11  -4
32  -4
10  0
6  1
22  -5
18  5
30  2
33  -3
13  -4
10  0
25  -8
26  -10
17  -5
12  6
13  -6
28  -4
17  -7
36  -1
14  -9
27  4
18  7
15  0
56  -4
19  -11
13  -4
15  8
13  -1
21  -5
5  -4
20  6
24  0
3  3
35  -1
17  -11
26  2
11  -7
18  4
29  0
72  2
22  -1
1  -2
10  2
24  -7
44  7
16  2
16  -7
13  -4
14  -7
12  -5
6  1
13  0
7  1
30  1
6  4
27  0
8  8
30  6
22  4
1  2
30  3
31  -5
13  -1
22  2
36  5
15  0
17  -2
32  -6
7  -9
16  -5
12  4
30  7
16  4
18  0
33  -2
14  -5
33  2
13  -8
8  8
26  -3
13  -9
29  -2
16  -5
14  -12
15  3
40  3
26  -2
47  5
29  9
14  -6
11  3
14  -6
28  -8
15  11
30  6
5  6
2  -2
35  -1
32  -6
6  2
10  1
11  -6
22  2
9  1
10  0
15  4
40  8
31  -8
16  -5
