21  6
22  3
5  -3
15  -2
36  8
22  -6
18  -10
13  -2
22  -5
16  -2
13  -1
16  6
23  7
18  -3
30  -14
19  4
13  1
25  -5
7  0
23  8
23  12
29  -2
16  9
19  1
17  -4
15  -1
15  -3
14  5
20  -6
18  -7
24  -3
13  -2
15  -4
12  4
34  8
24  2
16  -1
29  0
12  -9
7  3
21  -2
40  1
11  3
19  6
22  8
16  9
20  -5
17  -9
20  -12
11  1
19  10
16  -1
9  -3
15  -2
15  -1
28  13
15  1
9  -2
17  -8
17  -9
27  -4
16  -1
16  -1
14  7
15  -1
9  -10
17  -5
25  3
25  -5
21  3
11  -1
19  5
15  -5
17  1
18  -11
13  -8
18  1
22  5
15  -3
20  -5
14  8
20  -7
20  -9
25  7
15  -5
19  2
13  -10
12  -3
20  -2
16  7
8  -2
22  -2
22  6
28  1
22  4
23  10
19  -2
23  6
17  4
23  0
23  4
18  2
13  -2
17  1
17  5
14  10
23  12
12  2
24  -1
32  7
26  0
18  0
19  12
24  -1
24  0
14  7
25  5
41  -2
20  -13
14  10
24  -7
16  -1
20  -6
18  -8
22  0
23  5
25  9
23  8
20  -4
16  11
21  -1
22  0
19  2
11  -1
30  -13
19  2
20  -7
17  4
19  7
18  2
16  2
22  2
21  8
25  -3
17  1
30  -5
17  -7
15  -4
20  -6
22  3
19  1
17  -4
29  2
26  -3
22  0
33  4
17  1
25  3
14  -1
12  5
19  12
28  6
24  4
8  -3
22  -2
25  2
12  -8
11  4
16  10
18  -10
14  0
22  8
7  4
27  -2
20  -1
17  -4
21  5
17  0
26  4
12  -7
19  10
33  14
17  3
23  7
21  8
26  -1
12  1
18  -3
18  0
20  -11
17  -9
23  9
19  1
31  1
21  6
18  -7
11  -2
8  -3
11  1
19  0
16  0
21  -4
33  11
16  12
18  -1
21  4
16  3
19  12
18  -2
17  3
24  4
18  2
17  -8
27  -5
29  3
17  -3
16  2
22  -4
17  5
23  4
24  1
16  2
26  -5
14  6
22  1
31  -12
22  3
9  -4
14  -1
24  4
15  0
11  0
17  -3
25  -1
30  -7
30  -11
26  3
7  12
19  12
28  11
27  -10
12  -8
22  -6
21  -5
22  0
22  2
24  -8
25  -3
23  0
19  12
26  3
21  -6
21  -2
38  7
36  4
36  13
15  2
30  -4
19  3
31  -9
23  5
14  2
16  12
18  -7
23  2
17  5
21  5
15  -8
15  3
21  1
31  -11
27  2
23  6
16  10
14  6
26  -8
13  4
21  5
19  12
11  -5
16  5
26  -8
32  3
26  -6
17  -3
18  -4
21  1
17  -1
14  6
15  -7
17  5
23  0
13  -2
19  9
23  7
12  4
12  5
13  -5
22  0
23  13
15  0
15  -2
13  -5
25  9
14  -1
30  -6
16  7
31  -5
15  1
10  6
26  -2
16  -2
17  0
31  -7
32  7
17  5
13  -9
18  0
28  0
17  -9
18  -1
20  -8
22  -4
15  -11
24  -1
17  -1
19  8
26  -2
10  10
20  -11
28  9
16  3
22  0
13  0
15  -10
17  -5
14  10
13  -2
19  4
19  11
15  -5
21  5
12  5
12  -3
25  4
17  -5
20  1
23  13
13  4
23  12
19  9
12  1
9  3
38  11
32  3
14  8
28  3
24  -1
24  -4
27  -6
19  8
17  -7
21  6
18  -7
11  7
18  -4
31  -10
18  -7
28  9
26  -6
23  3
22  -3
22  -5
24  2
8  -1
17  4
11  -1
18  1
21  6
18  -1
14  8
25  3
16  1
26  -9
14  4
23  0
8  3
22  6
20  -8
23  0
27  -11
18  -4
14  -4
24  -2
14  1
19  3
15  -6
17  2
13  -7
15  -10
20  -7
14  -4
12  1
22  -6
20  -7
12  -6
15  -6
15  -5
27  -6
18  -6
12  -9
15  -10
19  5
19  1
15  1
22  7
16  12
10  5
14  -1
14  -2
20  -11
19  8
24  5
11  -2
17  -2
25  2
21  -6
20  -2
17  -7
31  -4
17  0
20  0
15  1
30  0
19  1
27  -12
20  1
15  -7
18  -6
14  10
27  -8
8  -4
24  -2
33  6
20  0
18  -5
19  6
14  0
14  10
19  0
22  1
19  3
11  -2
19  8
14  -1
12  -9
11  7
24  3
24  5
29  3
18  -3
15  0
23  -1
27  -9
19  5
25  5
33  0
16  4
34  5
18  2
20  -10
13  -4
20  -5
21  -1
15  -5
19  12
23  10
16  -1
21  5
19  5
14  5
22  7
23  9
14  9
27  -11
12  4
18  -4
7  0
23  12
12  -2
17  2
14  -3
12  -8
18  2
15  -8
12  -9
25  3
23  1
16  5
12  -5
14  -2
16  10
23  4
26  -7
13  2
21  2
26  3
18  1
24  6
19  9
23  1
13  4
16  9
25  0
16  2
23  2
10  9
18  2
21  -6
17  -7
21  -6
17  -5
25  -5
23  5
13  -4
12  5
24  -5
16  8
17  2
18  -11
13  -4
14  3
18  -12
15  -6
18  1
28  12
22  -3
27  -12
24  2
16  5
23  10
22  7
9  -9
18  0
20  -5
21  0
19  6
26  4
19  6
16  4
15  -8
12  2
31  2
13  -1
20  -12
16  12
29  7
14  0
20  0
11  -2
27  -10
9  -5
18  -3
15  -11
23  2
24  -6
24  -3
16  0
24  -5
11  -7
17  -1
11  -6
13  -6
13  1
20  -8
14  2
14  1
19  11
26  2
25  -3
15  -3
11  7
15  -10
18  -4
25  9
14  -4
22  3
36  12
21  6
17  -3
31  1
15  -6
17  -3
26  -2
11  -5
11  0
11  -3
9  -3
26  4
22  -1
12  -1
16  11
24  -5
16  3
19  2
22  8
19  3
20  -2
14  5
21  4
10  8
16  1
27  -12
18  -12
19  1
23  9
17  -8
12  5
8  -2
41  -4
23  8
18  0
21  2
16  1
23  5
21  5
20  -12
13  -8
18  -2
8  3
26  1
13  -5
26  5
20  -7
26  -2
18  -4
15  -6
19  3
17  0
29  2
29  7
21  8
21  5
13  1
21  4
8  7
18  0
16  -1
12  -3
14  2
13  -6
19  0
16  -2
18  -2
21  8
26  5
14  0
13  -10
15  -9
27  -4
12  5
17  -3
27  -6
19  3
18  -8
18  -7
21  0
20  -5
30  -7
11  3
19  5
26  -3
13  -3
16  4
11  -5
22  -6
21  -3
27  -12
29  3
19  11
10  3
27  -6
16  0
12  1
18  2
21  6
20  -9
12  1
20  -5
18  0
16  1
18  -5
12  2
33  10
33  6
13  -7
17  2
22  8
12  -5
17  -3
23  12
19  4
16  10
21  2
13  -1
15  -6
17  4
26  2
27  -4
9  0
12  3
19  0
13  4
21  -1
25  -1
17  -3
21  -5
26  -8
17  -8
23  3
18  -1
30  -8
27  -10
21  -6
18  -2
21  3
19  1
11  -6
14  -3
7  7
23  5
12  -6
18  -9
19  0
20  0
15  -3
17  0
10  11
21  7
27  -7
21  1
18  -5
15  -1
16  2
13  -3
21  1
30  -10
16  12
30  -5
20  -7
10  -1
20  -8
20  -3
19  5
19  8
17  3
15  -2
21  0
20  -9
22  8
11  3
16  10
19  4
18  -9
19  -2
29  -6
27  -10
16  9
26  -4
11  6
21  -2
16  4
20  -13
24  1
24  5
5  -7
27  -9
15  2
15  1
18  -2
13  3
12  3
18  -6
16  9
19  2
24  -8
15  2
16  5
12  0
28  9
30  -3
16  9
19  0
30  -9
10  1
13  -6
20  -6
18  -2
18  -9
26  -3
20  -5
21  4
19  11
24  -6
28  11
17  -2
9  2
19  0
20  0
20  -9
14  -3
23  3
19  2
25  -4
25  -1
17  -8
24  -5
9  -1
18  2
21  8
26  -6
15  -5
20  -3
13  2
9  -7
17  -9
27  -3
31  -1
15  -10
20  -6
19  10
14  -4
25  1
21  1
15  3
13  -1
10  5
14  2
20  -1
21  4
20  -12
28  6
18  -6
17  -7
17  -3
16  4
12  5
21  0
15  -7
20  -3
13  4
27  -5
19  7
19  12
13  -8
25  3
19  8
21  7
19  -2
16  10
18  0
16  -1
22  -2
23  9
20  1
14  5
13  -3
20  -3
18  -4
12  3
18  -6
29  -6
16  1
18  0
26  -1
24  4
18  -12
22  4
20  -1
26  5
20  -5
26  -7
17  0
11  5
20  -3
17  -9
13  -6
19  8
18  -7
23  11
24  0
13  -7
9  -8
14  9
21  -5
21  4
16  3
16  10
29  -7
20  1
14  3
16  12
13  3
24  4
22  5
9  -8
19  9
24  -4
16  6
20  -10
15  -9
13  2
24  -2
22  2
35  -8
20  1
35  -7
25  9
16  12
27  -9
17  -7
15  -4
23  4
12  0
21  7
15  0
16  0
18  -5
18  -3
13  -1
19  4
28  9
15  -3
29  6
18  -8
13  2
18  0
24  2
24  5
17  3
26  -6
21  5
35  3
16  3
20  -2
25  3
24  -3
21  5
14  9
21  6
14  -4
11  1
21  6
32  4
28  10
17  5
21  -2
11  -7
20  -12
33  9
14  3
22  6
20  -9
27  1
24  -4
15  -7
11  2
13  1
14  2
15  -4
23  -1
22  -4
27  0
7  1
20  -8
6  5
17  5
14  5
16  11
19  8
18  1
19  9
11  -7
26  -7
14  10
14  10
16  8
12  -3
25  -1
29  -7
21  -6
20  1
13  2
14  0
16  7
21  0
13  -5
20  -9
20  -11
13  -2
