63  -5
84  5
53  6
44  -6
49  -5
74  -3
42  -7
78  -8
60  5
44  -6
66  -2
42  -5
64  2
69  3
66  -2
63  -5
57  5
71  5
61  -7
39  -6
53  6
64  3
69  5
60  4
54  7
59  -4
53  7
65  6
67  5
71  6
61  -5
75  0
66  -2
65  7
88  -3
51  0
61  -7
58  -6
72  -1
62  0
68  -1
73  -3
67  4
45  0
71  4
62  -2
88  -4
81  5
29  0
72  -2
96  5
65  7
48  -4
46  -6
56  -5
54  6
76  3
52  5
63  -5
48  -4
55  -7
56  -4
57  5
61  -5
49  -6
64  2
52  6
78  -6
66  -2
51  -2
37  6
53  7
81  5
52  6
78  -6
92  -7
40  6
59  -5
76  2
58  -6
49  -6
57  6
55  -6
64  1
61  -7
72  -1
74  -2
72  -2
52  5
62  -2
69  3
69  5
89  0
71  4
42  -5
79  0
60  4
80  8
60  5
59  -6
46  -5
73  -5
75  1
75  2
111  -1
43  1
40  7
67  3
46  -5
62  -2
49  -4
55  -7
41  -5
82  6
84  6
60  4
57  5
63  -5
82  5
86  -2
49  -5
55  -8
36  0
69  5
39  -8
48  -4
46  -5
55  -8
57  4
63  -4
58  -5
52  7
75  2
64  2
64  1
73  -3
73  -5
55  -8
85  1
63  -4
72  -1
40  8
65  6
64  2
56  -5
64  2
70  -7
57  4
66  -1
59  -6
69  4
68  -1
42  -6
35  4
64  2
89  1
75  0
45  0
36  0
53  7
46  -5
75  0
54  5
95  6
60  6
49  -5
30  3
70  -7
62  0
53  6
61  -6
39  -6
41  -7
55  -7
92  -6
75  1
77  2
42  -5
66  -2
51  0
67  5
73  -4
71  5
76  2
53  5
49  -6
75  2
100  6
79  1
66  -1
80  7
53  6
79  1
51  0
63  -4
75  0
63  -5
92  -7
62  -2
70  -6
94  -5
34  3
45  0
44  -4
69  5
70  -5
43  0
74  -2
68  1
73  -4
50  5
70  -7
62  -2
65  5
58  -5
70  -5
80  6
34  2
68  -1
43  -1
66  -2
50  5
81  7
67  5
83  1
82  7
72  -1
73  -3
52  5
49  -5
54  6
67  4
56  -4
70  -6
53  6
63  -4
78  -6
41  -6
47  -1
47  1
73  -5
48  -4
79  2
56  -5
67  4
43  1
55  -7
71  6
50  6
66  -1
59  -6
57  5
52  6
80  7
55  -6
45  0
78  -8
57  6
43  -1
71  5
58  -6
49  -4
60  6
55  -8
41  -7
45  1
59  -5
86  -2
47  1
38  -6
61  -7
82  5
85  2
49  -4
73  -4
75  2
67  4
57  6
78  -6
68  -1
73  -3
56  -6
55  -6
60  5
50  6
61  -5
68  0
36  1
35  5
49  -5
68  0
50  4
76  2
67  4
65  5
68  1
53  7
55  -6
69  5
99  -6
76  3
40  8
36  0
66  -1
62  -2
49  -4
62  -1
45  1
60  5
47  0
105  -2
67  5
57  4
53  6
52  7
59  -4
71  6
58  -5
67  5
63  -3
63  -4
77  3
61  -6
71  4
54  5
60  4
60  6
56  -5
59  -4
69  4
55  -8
96  5
87  -5
57  5
57  5
53  6
49  -6
58  -6
58  -4
117  1
73  -5
69  4
58  -6
83  1
54  5
76  3
48  -5
57  6
66  -3
50  4
61  -6
73  -3
46  -6
78  -7
81  7
43  1
47  -1
50  4
78  -6
64  3
55  -8
57  5
53  6
66  -2
55  -7
45  0
66  -3
65  5
63  -5
82  5
66  -2
82  5
79  1
54  7
82  6
57  4
72  -1
74  -2
43  -1
89  0
88  -3
91  6
60  4
70  -7
73  -3
61  -7
60  4
78  -7
94  -6
81  6
41  -6
82  7
66  -1
91  5
80  6
74  -2
76  4
96  5
61  -6
66  -1
52  5
43  1
50  6
49  -6
71  6
86  -1
37  6
62  -1
58  -6
45  2
37  4
50  6
66  -1
55  -8
79  0
46  -5
77  3
54  6
63  -3
81  6
45  0
79  0
61  -5
71  6
52  7
76  3
58  -4
68  0
53  7
55  -7
67  5
85  2
30  1
52  5
68  1
63  -5
76  2
61  -7
57  6
73  -5
74  -4
70  -7
60  6
44  -5
83  2
92  -8
78  -6
52  6
69  4
47  -1
56  -4
41  -6
31  8
56  -6
72  -2
72  -3
51  0
40  6
65  7
70  -6
70  -6
68  -1
45  1
61  -6
51  -2
72  -3
56  -4
77  3
91  4
71  5
49  -5
96  3
61  -6
48  -5
86  -1
52  5
39  -8
54  7
65  6
38  -4
71  6
51  -1
77  3
58  -6
61  -5
55  -6
42  -7
57  4
50  5
45  1
79  0
74  -3
56  -5
81  6
86  -1
61  -5
64  3
50  5
69  4
68  0
65  7
71  4
61  -5
68  -1
45  1
67  5
35  5
55  -7
51  -2
45  2
45  0
67  3
78  -6
81  7
46  -6
76  2
49  -6
44  -6
63  -5
65  5
53  7
65  6
64  3
94  -6
46  -6
80  7
45  2
63  -3
41  -6
58  -5
63  -5
48  -6
69  3
44  -5
40  7
68  1
39  -7
49  -6
65  7
80  8
70  -5
51  0
63  -5
68  0
58  -4
60  6
47  0
77  2
58  -4
60  4
41  -6
66  -1
71  4
56  -4
62  -1
30  2
64  3
44  -5
60  4
92  -8
40  8
56  -4
57  6
84  7
55  -6
63  -3
68  1
61  -6
80  6
55  -7
78  -6
46  -5
52  6
47  1
64  1
106  1
64  3
68  1
48  -6
63  -5
38  -6
82  5
47  -1
79  2
99  -6
49  -5
49  -5
44  -5
65  7
27  -4
62  -2
64  3
45  1
99  -6
57  5
72  -3
67  4
94  -7
47  1
56  -4
87  -5
61  -5
42  -5
54  6
94  -5
77  1
94  -5
64  3
62  -1
53  6
78  -6
54  5
43  1
65  5
65  7
90  7
59  -6
43  -1
54  6
72  -2
66  -3
54  6
55  -7
65  5
89  0
85  0
82  6
62  -2
57  6
85  2
87  -4
60  6
89  2
77  1
63  -3
54  5
53  5
45  0
65  5
65  5
46  -7
88  -4
63  -5
58  -5
51  -2
90  7
63  -5
46  -6
47  1
63  -5
35  5
67  4
69  5
82  5
55  -8
60  4
51  -1
71  6
79  0
46  -6
75  0
67  5
53  6
60  6
55  -7
62  -2
60  4
89  1
48  -4
79  0
52  5
35  4
75  1
60  4
41  -5
50  6
80  7
66  -3
48  -4
60  5
55  -7
55  -8
63  -5
66  -2
68  0
69  5
62  -1
65  7
55  -7
52  6
64  3
86  -2
57  6
64  2
60  5
72  -3
42  -5
68  0
66  -2
88  -4
51  0
60  6
38  -6
99  -6
50  5
57  4
67  5
62  -1
61  -6
70  -5
49  -5
52  6
62  -2
56  -6
53  6
65  6
76  4
66  -1
64  1
75  2
71  5
62  -2
87  -4
38  -6
39  -6
69  3
40  6
31  7
75  0
57  6
45  0
94  -7
69  5
77  1
45  2
52  6
69  4
85  1
75  2
53  5
54  7
58  -5
83  1
68  0
50  5
72  -3
49  -6
61  -7
100  6
89  1
59  -4
87  -6
74  -3
84  6
53  5
45  2
63  -4
65  5
40  7
68  -1
61  -5
83  1
57  5
46  -5
60  6
75  0
51  0
82  7
67  4
55  -6
53  7
71  4
47  0
76  4
55  -8
58  -6
67  4
64  1
48  -6
70  -7
74  -3
39  -8
50  6
60  5
62  -1
89  0
35  6
65  7
72  -3
27  -2
58  -4
40  6
66  -3
61  -6
63  -4
45  0
49  -5
75  1
70  -6
53  6
48  -5
62  -2
69  5
80  6
45  0
56  -6
33  0
52  6
54  6
47  0
65  7
94  -6
77  1
56  -5
60  4
63  -4
42  -7
52  6
62  -2
65  5
89  0
54  5
77  1
64  1
59  -4
58  -4
70  -5
59  -6
70  -5
54  5
74  -4
91  4
23  -1
81  6
56  -5
84  6
52  7
57  4
52  6
85  0
53  5
73  -5
56  -5
57  4
53  6
59  -6
59  -6
83  0
101  -4
39  -7
97  3
78  -8
51  0
40  8
66  -3
59  -4
52  7
77  3
47  0
92  -8
65  6
31  8
56  -6
55  -7
84  5
57  5
55  -6
50  4
74  -2
37  6
58  -6
65  7
70  -6
52  7
61  -7
65  7
70  -7
32  -3
49  -6
49  -5
55  -8
62  -2
86  0
58  -4
71  6
38  -5
50  6
58  -4
66  -1
64  1
57  4
63  -4
63  -4
90  5
65  6
61  -6
59  -5
72  -1
90  6
76  3
59  -6
81  7
51  -1
80  7
48  -4
87  -5
80  8
116  7
60  5
65  7
45  2
71  6
54  6
36  1
58  -4
75  2
71  6
54  5
48  -5
59  -5
86  -2
86  -1
49  -6
56  -4
69  4
80  8
67  5
56  -4
67  4
52  5
84  6
51  -2
57  5
66  -1
74  -4
60  6
60  5
56  -6
66  -2
57  6
38  -4
92  -7
88  -3
60  4
59  -4
63  -4
55  -8
41  -6
66  -3
77  1
54  6
86  -2
51  0
49  -4
72  -3
59  -6
71  4
65  6
76  4
54  7
60  4
47  -1
65  6
61  -5
52  6
55  -7
58  -4
53  5
50  4
62  -1
66  -3
102  7
78  -7
87  -6
77  3
53  6
55  -6
48  -6
39  -7
47  0
49  -4
70  -6
57  4
51  -1
79  1
52  6
64  1
60  4
89  2
69  5
44  -5
68  1
57  6
40  7
68  0
46  -6
84  7
45  1
61  -6
83  1
