25  4
58  6
67  -9
68  -7
68  -9
64  0
63  5
76  5
70  -5
60  4
71  4
66  -4
49  -3
50  -2
58  2
73  7
52  -5
71  2
78  7
77  7
77  5
77  8
43  -1
65  -3
79  -4
86  2
44  10
61  -2
39  -7
57  -4
71  -3
75  -4
83  -3
71  -1
61  -8
50  -4
56  -1
65  -9
74  -3
59  -9
66  -4
52  -7
41  -3
63  6
79  -4
77  2
64  1
54  2
43  4
81  1
42  -3
90  10
53  0
66  -2
73  0
67  -2
68  -5
75  -2
46  6
79  -3
70  -2
78  7
84  8
60  2
62  -3
57  -1
61  -7
41  -2
65  -2
48  -9
73  2
73  6
65  -6
54  3
66  -6
55  -2
59  -4
94  -2
64  7
55  -6
52  -5
63  4
54  5
92  -8
58  3
73  1
78  10
57  -3
66  -4
66  -1
74  -3
61  -7
67  -8
59  -4
54  3
63  4
62  -4
57  -5
67  -5
80  -6
90  8
68  -3
60  2
85  0
54  0
54  0
47  -2
47  -1
67  -7
57  -5
53  1
106  -2
56  -5
59  -8
63  6
59  -5
87  2
101  -1
107  -2
28  3
61  -4
77  9
60  1
63  4
64  2
70  -8
56  -1
83  -2
58  6
73  3
47  -1
68  -11
60  -1
42  -2
71  4
61  -7
69  7
81  7
67  -5
61  -8
55  -5
56  -7
35  7
61  0
73  4
45  1
60  -3
90  2
51  -3
50  0
48  -7
57  -7
48  -3
58  5
91  -8
49  -5
75  -8
53  -1
76  2
77  9
60  4
59  -9
51  -6
62  3
62  3
71  -2
49  -2
83  3
61  -3
71  -2
37  -7
62  3
64  0
37  -1
58  4
52  -3
80  -1
67  -8
61  -3
48  -6
45  6
43  4
51  -10
67  -3
36  -7
90  4
86  8
48  -6
101  -2
74  -6
44  8
39  -4
66  -6
58  5
79  -7
69  1
45  1
51  -5
70  -2
71  2
74  -6
64  5
77  9
48  -10
47  0
50  -6
90  8
84  7
70  -7
73  4
79  -3
88  8
69  7
55  -5
61  -4
82  -10
64  6
80  0
77  7
80  2
58  7
39  -3
60  -3
54  4
56  -7
41  -1
64  4
57  -7
53  0
76  3
79  -10
73  7
72  2
48  -7
65  -6
65  -3
45  -2
77  8
68  -9
52  -2
31  -7
81  4
60  0
85  2
53  -3
59  -6
78  6
61  -4
62  -4
76  4
51  -6
63  7
67  -1
43  1
36  -10
47  -2
66  -2
61  -2
69  9
55  1
72  -1
73  6
49  0
78  9
53  4
47  0
74  -7
83  -1
79  -10
58  5
118  -4
82  -4
69  4
81  6
88  10
68  -3
56  -8
25  4
63  6
52  -6
63  10
45  6
32  -3
40  7
78  5
50  -1
82  -9
64  0
50  -3
65  -10
37  -6
66  -5
39  -5
35  7
88  9
57  -1
54  2
64  0
69  6
69  2
90  10
76  4
38  -3
47  -2
38  -1
39  -5
71  -1
69  3
59  -1
51  -8
63  3
52  -3
60  0
72  1
68  -5
51  -9
63  8
70  -5
50  2
50  1
77  10
80  -4
66  2
49  -5
71  1
38  0
58  7
53  -4
94  -7
54  2
59  -5
53  3
62  3
86  3
59  -1
52  -6
58  5
62  -3
82  -9
58  1
72  0
65  -6
75  -10
75  -6
93  0
68  -4
53  -3
97  -5
62  -2
52  -5
56  -4
53  -1
41  3
49  -2
55  -2
82  -4
75  -6
91  -1
75  -10
63  2
97  0
79  -3
64  0
68  -3
62  -2
50  2
68  -5
84  9
50  -1
35  10
51  -3
39  -5
44  11
72  -1
57  -3
96  -4
60  -2
47  -4
30  5
68  -10
55  -4
79  -7
69  9
49  0
49  -2
52  -1
69  6
62  4
59  -7
62  -1
81  6
67  -3
63  4
51  -10
75  -8
58  4
19  -9
49  -8
61  -5
70  -9
73  5
60  -4
79  -4
54  -3
79  -7
49  -4
95  -1
87  1
55  -4
66  -2
49  -1
81  1
37  -1
44  5
38  4
48  -5
60  1
48  -9
72  6
56  -3
60  2
54  -3
82  -8
63  8
66  2
77  7
82  -6
45  6
77  4
41  -4
72  -1
48  -10
55  -4
60  4
55  -1
35  9
66  -4
49  -7
55  -2
68  -4
85  0
64  5
49  0
43  -1
63  9
74  -5
62  3
61  -7
55  -6
53  -2
48  -7
92  -6
67  -7
54  -1
56  -3
68  -6
81  6
72  6
39  -5
54  1
74  -6
64  0
66  -6
44  4
48  -8
51  -9
58  1
56  -2
76  5
61  -6
44  11
64  -1
61  -5
85  0
107  -5
69  7
53  4
77  2
69  1
60  -1
75  -2
89  10
61  -8
51  -3
60  3
50  -5
55  -3
60  2
66  0
44  4
62  -3
82  -8
52  -8
44  6
65  -3
77  9
47  -1
68  -8
50  -3
101  -2
61  -3
45  3
87  1
68  -5
63  5
65  -10
49  -7
61  0
48  -7
52  -2
55  -5
72  0
104  8
83  2
82  -9
69  5
38  -3
66  -1
65  -9
50  -5
40  8
66  2
104  1
36  -11
89  4
57  1
74  -7
56  -3
85  6
85  2
89  3
64  7
72  3
65  -10
46  5
61  -7
58  6
70  -1
49  0
45  6
40  7
89  4
50  -3
45  2
60  2
88  8
54  1
67  -2
76  7
66  0
62  -3
40  4
62  0
81  -1
46  5
90  3
50  0
77  8
65  -10
53  0
65  -8
49  -6
71  -4
74  0
60  -3
54  -3
126  -3
55  -1
73  2
41  2
64  4
60  -1
46  3
66  -2
77  4
89  9
96  -1
58  3
67  -3
82  -10
43  2
51  -4
42  -4
59  -1
61  -5
58  5
57  -1
74  -6
81  3
62  -4
46  5
80  -3
88  6
67  -9
74  -3
81  -1
55  -1
59  -1
59  -3
70  -6
60  -4
70  -9
64  0
56  -1
68  -9
60  3
75  -7
73  -1
78  9
72  4
43  3
64  -1
64  4
52  -7
102  2
69  8
73  3
48  -6
64  7
48  -4
68  -11
103  -8
83  1
54  -1
89  2
59  -9
75  -2
51  -9
74  -6
63  2
33  9
62  -4
74  -1
82  -4
74  -6
58  0
48  -8
51  -9
55  1
67  -3
75  -7
69  6
43  0
61  -5
48  -2
55  -5
78  9
52  -3
50  0
69  1
47  -2
69  4
55  -4
51  -10
38  2
65  -2
56  -7
62  -2
90  2
56  -2
46  4
61  -3
64  2
29  9
44  8
69  4
76  1
82  -9
65  -2
69  4
72  1
66  -3
39  -2
55  -7
97  -3
69  9
46  4
67  -2
53  -4
73  -1
64  7
73  0
78  6
39  -7
69  6
48  -10
51  -6
37  0
50  -2
88  3
69  3
106  3
60  1
73  -1
65  -2
44  11
65  -8
61  -1
58  1
38  -3
32  -2
73  6
62  4
61  -2
63  5
74  -8
82  -10
53  -4
85  8
44  4
106  3
39  -3
51  -6
92  -9
53  -1
85  2
62  3
71  2
37  -4
69  6
52  -6
48  -6
46  10
58  4
77  9
46  5
68  -7
49  -2
70  -1
63  9
49  0
59  -8
44  4
88  7
58  0
49  -2
70  -1
79  -4
83  2
36  -6
53  -3
51  -3
69  3
70  -1
54  -2
53  4
57  -4
79  -8
43  3
63  2
69  7
74  -7
63  4
64  5
68  -8
55  -4
97  -8
48  -7
72  -2
53  -4
40  4
46  8
67  -5
69  9
59  -2
86  7
77  3
73  1
67  -4
71  4
79  -5
67  -2
68  -9
68  -10
68  -11
54  0
89  4
70  -5
59  -9
67  -6
48  -8
65  -4
87  5
67  -5
89  9
51  -10
62  2
75  -2
49  -8
76  1
47  -1
87  8
75  -5
34  7
96  -4
33  3
44  4
34  5
30  2
62  -1
67  -4
63  7
59  -1
75  -9
42  -1
73  1
81  3
68  -4
56  -6
60  2
75  -10
40  1
47  -2
92  -9
76  -1
58  1
39  1
54  -2
63  7
58  6
65  -6
60  -3
66  -6
51  -5
61  -7
73  3
41  0
87  7
72  0
42  -3
94  -6
38  0
62  2
51  -10
71  0
40  9
77  2
64  5
62  2
67  -7
65  -5
61  -4
63  7
74  -4
60  -4
45  6
39  -1
34  11
49  -7
76  0
84  6
96  -7
56  -4
86  7
72  4
68  -10
76  4
76  5
45  4
64  7
41  0
65  -8
81  -1
47  0
44  3
58  8
63  6
58  5
51  -4
83  4
47  -1
56  -6
44  5
61  -1
60  0
50  -2
65  -2
74  -8
45  2
63  2
78  3
53  4
63  4
47  1
52  -8
73  3
63  3
55  -5
74  -6
53  -4
54  -1
68  -9
59  -3
94  0
56  -7
49  -6
55  -7
56  0
52  -8
69  3
41  -3
82  -5
92  -6
59  -8
67  -3
66  2
66  1
64  6
37  -3
40  5
58  8
41  -3
57  -4
64  4
32  -3
81  6
89  10
48  -6
59  -9
66  -4
68  -7
29  11
42  -4
76  -1
73  2
65  -10
64  -1
47  1
55  -7
73  3
81  7
62  3
67  -6
70  -9
56  -6
32  -4
48  -9
55  -4
59  -9
54  0
71  1
23  4
71  -3
75  -5
74  0
56  -6
56  -6
28  11
74  -3
54  -2
77  5
73  5
60  4
66  0
60  -4
80  -1
87  2
54  -3
48  -4
74  -6
60  -3
77  5
67  -4
81  3
40  7
70  -2
54  -3
54  -1
88  11
69  7
83  0
72  0
75  -4
63  10
50  -6
88  7
70  -2
64  3
81  4
81  0
104  0
40  6
42  3
77  6
72  3
28  10
40  6
48  -10
67  -2
54  3
41  -4
46  6
61  -5
52  -3
63  7
104  5
64  4
58  4
59  -3
82  -7
