173  -2
111  4
136  -4
115  0
122  -4
113  -4
92  -4
111  5
77  -2
68  -3
66  5
148  -2
82  4
118  7
80  8
59  -2
100  2
104  0
61  3
151  1
111  4
89  6
157  -4
90  7
93  0
90  5
97  5
109  -1
94  -3
121  -2
142  3
63  1
104  0
75  -5
105  -1
97  5
131  1
102  5
93  0
71  -7
155  -1
81  -8
98  4
94  -5
120  3
88  0
114  -4
99  -8
159  4
99  -6
68  -3
135  4
107  5
99  -6
188  0
94  -3
90  6
100  3
86  -4
77  -2
146  -2
83  5
126  1
95  0
105  -1
121  -3
111  6
116  -2
66  5
146  -2
84  3
110  5
61  3
115  1
117  6
132  -8
135  4
136  -5
132  -8
91  6
71  -6
188  -1
123  -7
93  0
67  6
104  -1
140  -4
129  2
90  6
166  0
77  -4
96  1
99  -8
117  5
82  6
104  0
113  -4
95  0
74  6
189  2
115  0
142  3
104  0
73  -6
78  -6
66  6
96  0
51  -2
76  -6
129  0
118  7
163  -4
146  -3
95  -1
91  4
88  2
119  6
103  -6
61  5
119  4
97  4
109  -1
140  -3
133  -4
118  6
87  -3
120  4
122  -5
63  0
96  2
134  3
64  5
114  -4
185  -2
115  0
107  4
123  -7
154  5
75  -7
150  8
136  -4
85  -3
91  5
103  -4
100  2
115  2
109  0
128  0
142  3
137  5
121  -4
94  -3
131  2
109  -2
110  5
95  1
85  -2
131  1
150  6
103  -4
128  0
107  5
49  -8
108  2
67  4
102  3
126  3
79  -2
127  -2
88  0
48  -3
82  5
137  5
100  2
125  -2
109  -1
103  -6
83  5
106  7
115  1
85  -4
98  3
90  5
44  -5
93  -1
112  5
62  -1
63  2
51  -2
98  4
98  3
125  -4
100  2
185  -2
55  0
100  2
112  4
70  2
86  -4
137  5
53  -3
44  -6
83  5
146  -3
68  -3
186  5
129  1
110  6
123  -8
90  5
83  7
113  -3
121  -4
95  0
119  5
102  5
103  -6
111  4
152  -4
160  0
151  0
153  -1
120  3
102  5
114  -2
59  -2
173  -4
147  0
80  6
93  -1
102  4
111  5
72  -8
91  4
128  -1
141  -1
169  -4
79  -4
167  5
49  -8
105  -1
102  4
90  7
102  3
87  -3
148  -2
88  1
158  2
89  6
147  -1
111  6
137  5
98  4
108  2
136  -4
148  -3
58  -7
157  -3
156  -7
147  -1
72  -8
71  -6
146  -2
100  1
48  -1
157  -2
96  0
95  -1
157  -4
125  -4
109  0
98  3
126  2
100  3
117  5
121  -4
85  -2
130  4
133  -4
76  -5
81  -8
108  1
85  -3
96  1
88  2
109  -1
81  -6
72  -7
105  -1
162  -2
126  1
140  -2
79  -2
124  -1
77  -3
205  -7
138  -6
107  4
40  -1
75  -5
81  -7
76  -4
84  3
120  2
88  2
142  5
57  -2
90  6
64  6
120  3
108  1
148  -4
67  5
48  -1
99  -6
105  -2
114  -4
78  -8
121  -4
102  5
141  -1
104  -1
121  -2
145  6
101  0
101  0
95  -1
132  -7
102  3
108  1
115  1
71  -6
128  0
43  -5
119  5
119  4
133  -3
85  -3
96  2
141  -1
80  6
93  -2
103  -4
82  6
83  6
83  6
88  1
108  3
72  -8
62  -1
142  4
145  6
135  4
77  -4
95  -1
127  -1
102  3
154  4
71  -6
142  4
95  0
178  1
95  -1
141  -1
92  -6
99  -7
50  -6
96  1
66  5
97  4
152  -5
92  -6
95  -1
119  5
99  -7
87  -3
84  2
80  7
175  -3
92  -5
86  -5
135  2
70  1
131  1
116  -3
100  2
148  -3
53  -2
102  5
117  6
80  8
115  1
122  -4
114  -3
138  -7
103  -5
147  1
102  5
125  -3
120  3
107  5
116  -3
115  0
112  3
74  4
97  6
145  5
81  -8
70  1
99  -6
168  3
174  -4
88  2
75  -6
155  -1
166  -2
136  -6
71  -6
100  3
150  7
120  3
189  4
114  -2
119  6
101  1
147  1
108  2
83  5
169  -3
74  6
38  5
142  3
106  6
114  -2
106  7
122  -4
74  5
134  3
90  5
114  -4
104  0
127  0
160  0
72  -8
99  -7
98  5
77  -2
146  -2
74  6
124  0
113  -4
117  5
79  -2
126  3
123  -7
60  1
108  1
139  -6
102  4
123  -7
118  5
76  -5
112  4
57  0
97  6
112  3
97  4
148  -3
74  6
78  -7
101  0
82  6
207  8
101  0
204  -3
191  2
129  2
151  -1
124  0
127  0
121  -4
107  4
173  -2
89  6
139  -7
107  6
111  5
91  6
125  -3
99  -8
77  -4
95  -1
91  6
138  -6
154  5
114  -2
75  -5
164  6
49  -8
73  -6
103  -6
70  1
115  2
162  -3
130  2
142  5
86  -4
120  2
67  4
79  -4
96  1
134  2
130  4
114  -3
109  -2
112  4
74  4
117  4
101  1
91  5
118  6
61  4
136  -5
145  7
91  6
140  -3
111  5
104  0
172  -1
104  0
136  -4
100  1
119  4
122  -4
116  -3
92  -5
105  0
108  1
58  -6
82  5
112  3
87  -3
83  6
146  -4
119  6
151  -1
116  -3
179  3
138  -7
175  -1
60  -1
160  0
102  4
97  4
88  2
114  -3
100  3
159  2
50  -7
99  -8
139  -7
111  5
111  4
92  -6
172  -3
131  1
110  6
104  -1
144  -3
121  -4
137  7
96  1
89  7
107  6
104  -1
98  5
137  6
168  3
84  1
122  -3
98  3
108  3
80  8
138  -8
102  3
122  -3
100  2
95  0
61  5
84  1
115  2
127  -2
100  1
124  -2
108  3
76  -4
86  -4
120  3
112  3
85  -3
149  5
110  5
76  -5
43  -3
108  1
66  6
98  3
122  -3
87  -5
148  -2
100  3
136  -4
49  -6
136  -6
93  0
109  -2
101  0
110  6
57  -2
160  -2
88  2
75  -5
162  -2
133  -4
120  4
135  3
90  5
135  4
122  -5
107  5
76  -4
148  -4
69  1
96  0
111  4
145  5
125  -4
97  5
106  6
132  -8
122  -3
146  -3
94  -3
162  -3
108  3
98  4
97  5
85  -3
97  5
105  -1
90  5
95  -1
82  5
113  -4
176  5
104  0
91  5
159  4
78  -7
117  5
101  0
76  -5
66  4
139  -7
101  2
112  3
106  5
144  -4
71  -5
129  1
99  -8
141  1
68  -2
104  -1
84  3
92  -6
80  6
97  6
104  -1
147  1
98  4
109  -2
108  3
111  4
79  -2
116  -2
130  4
119  4
142  5
95  1
92  -6
77  -2
59  -2
83  7
129  2
92  -4
169  -3
98  5
119  5
63  1
127  0
151  0
90  7
147  0
157  -2
153  -2
125  -2
96  1
135  3
105  0
84  3
108  3
97  4
111  5
101  1
97  6
111  4
118  5
128  0
104  1
136  -4
114  -2
165  8
73  -6
83  7
72  -6
66  4
150  7
110  6
92  -4
179  2
98  5
136  -5
87  -4
114  -4
142  4
138  -8
113  -3
121  -3
135  4
110  4
87  -4
119  5
78  -6
117  5
121  -2
158  2
149  4
200  7
71  -5
119  4
115  1
85  -4
105  0
159  4
57  -1
48  -3
131  2
71  -5
151  -1
121  -4
106  5
74  6
148  -3
152  -6
113  -4
160  -2
61  5
141  0
152  -4
135  3
106  6
170  0
132  -7
63  2
127  0
82  6
120  4
120  3
89  7
123  -8
72  -8
122  -5
48  -3
95  -1
123  -8
117  4
129  0
79  -4
199  -5
107  5
132  -8
117  6
95  1
124  0
167  6
137  6
76  -6
157  -4
146  -4
99  -6
54  -2
105  0
160  -2
80  7
97  6
92  -5
90  7
102  4
128  0
132  -6
130  2
94  -3
80  6
144  -4
187  2
83  5
94  -5
163  -3
91  4
160  0
87  -5
88  1
99  -6
112  5
132  -8
67  6
91  5
115  1
60  0
109  0
91  5
98  5
123  -7
86  -3
101  1
52  5
115  2
117  5
120  3
183  -4
94  -3
69  1
157  -2
153  -3
127  -1
97  5
90  7
80  7
78  -8
109  -1
136  -4
85  -2
71  -5
91  6
71  -5
104  0
141  -1
109  -2
147  1
102  4
90  7
153  -2
88  2
116  -4
123  -8
128  1
144  -3
110  5
90  6
91  4
127  -1
121  -2
80  8
151  1
141  1
165  6
104  0
128  -1
142  4
79  -4
98  4
125  -3
136  -4
109  -2
43  -3
162  -2
93  -1
134  3
83  6
85  -4
93  -1
118  6
89  6
103  -6
161  -2
139  -6
105  -2
101  2
109  -2
112  4
104  1
130  4
78  -8
114  -4
81  -6
188  -2
129  1
178  2
116  -4
95  1
71  -6
101  0
51  -1
107  4
81  -7
153  -1
107  4
108  3
108  3
83  6
91  5
90  6
94  -4
133  -4
111  6
87  -3
172  -3
130  2
116  -3
84  1
70  1
116  -3
140  -2
101  0
113  -5
129  0
107  5
130  4
133  -2
138  -6
77  -4
180  -1
138  -7
100  2
74  5
77  -4
131  2
119  4
59  -3
67  5
147  1
123  -7
166  -1
122  -3
114  -2
60  0
107  6
193  -6
82  4
153  -1
159  2
86  -4
95  1
90  5
70  0
123  -7
143  1
78  -6
94  -4
71  -6
125  -2
62  -3
171  5
104  -1
129  1
74  6
71  -7
161  -3
123  -6
84  3
107  5
60  -1
73  -6
87  -4
167  6
111  4
113  -5
62  -2
97  6
170  0
133  -3
105  -2
83  7
125  -4
149  3
119  4
186  3
149  5
198  7
