56  7
38  2
58  -3
46  1
52  1
36  -8
42  -5
47  -4
37  -1
47  -1
50  0
50  -6
61  2
53  1
67  -1
45  -2
36  -6
61  1
53  -6
38  1
57  2
45  0
29  0
57  1
56  12
55  -6
48  5
46  -7
49  -4
76  2
42  -10
41  0
50  -8
52  6
38  10
47  -8
49  -5
51  0
56  8
41  -6
59  -4
55  1
59  2
50  -3
41  -5
46  -1
40  -8
67  -6
52  3
79  0
58  -1
40  -3
54  2
56  11
59  -6
61  -5
59  1
74  -2
66  -1
31  3
52  6
56  8
46  2
46  2
37  -4
48  0
65  4
63  0
54  6
48  2
38  9
38  8
59  -4
54  2
48  3
56  8
52  2
59  -6
45  4
50  0
39  6
68  -4
57  3
46  -3
47  -3
41  2
43  4
53  -3
36  -9
72  -5
38  5
42  -3
39  4
40  -3
57  11
60  -4
51  7
43  0
61  -8
36  -3
66  2
52  10
40  0
39  4
36  -10
50  -8
56  2
53  1
24  -1
44  1
43  2
50  -5
36  -4
34  0
39  5
56  2
68  -1
46  0
54  2
43  8
58  3
64  1
28  -8
46  -4
35  0
48  8
68  2
44  10
37  -11
38  9
38  3
36  -3
40  -8
61  -3
73  0
54  1
71  -1
58  0
54  8
34  2
53  1
47  -6
66  0
31  -4
66  2
59  -7
40  -4
36  -9
83  0
63  -4
47  -8
43  -1
42  -6
53  -6
37  -5
42  -8
46  -6
44  6
50  -8
33  -5
39  3
45  3
54  1
39  -1
47  -6
49  -4
54  5
61  -3
34  4
47  0
56  8
49  -9
38  9
49  -10
48  0
36  -6
51  1
58  -2
61  -8
61  -6
63  -1
37  -5
43  8
39  4
55  -7
58  3
55  -5
50  -10
44  9
67  -6
40  -2
54  6
47  -8
48  7
70  1
67  0
45  -1
52  7
52  4
45  0
45  -2
45  5
33  -9
44  8
50  -1
37  -8
42  -12
75  6
64  0
27  0
62  8
36  -12
28  1
49  -7
51  4
62  9
59  -4
48  0
55  -6
52  2
55  -5
48  4
39  3
44  9
50  -6
46  -4
52  1
47  -1
30  3
44  3
52  8
34  -6
43  2
31  1
72  -11
58  -1
49  -6
33  -10
63  4
58  -4
39  0
55  -6
44  1
58  0
46  2
46  0
42  -9
31  -1
55  -1
72  -8
77  -8
55  -5
41  -6
51  9
70  -1
45  6
46  -4
44  11
65  1
62  3
56  7
58  -4
59  -5
48  4
46  2
45  -1
45  -1
50  0
51  0
48  1
59  0
28  1
39  3
51  8
46  -6
73  -2
52  10
49  -7
49  -9
51  5
50  -6
45  -1
52  8
100  -2
50  -4
46  2
36  -4
43  3
58  -4
37  -4
33  -7
39  0
42  -2
79  -10
65  2
44  7
41  3
56  5
54  10
53  0
43  4
29  5
50  -4
39  -2
46  -2
48  1
58  0
42  -9
36  -9
70  -1
53  -3
39  2
57  1
31  0
42  -9
42  -4
52  6
31  5
32  3
67  -3
38  1
29  5
39  -1
51  0
64  -1
74  1
59  -7
36  -12
69  9
44  11
63  0
40  -8
56  7
70  0
53  -6
39  7
68  3
38  8
42  -11
40  -7
30  0
37  -1
63  6
35  -1
29  6
53  3
43  3
56  2
54  2
45  6
53  0
47  0
37  -7
46  -6
54  7
27  1
67  -1
50  -10
29  5
27  0
69  2
39  -2
34  4
59  0
69  4
95  -3
71  -1
55  -4
50  -2
54  8
49  -9
64  -3
43  -2
41  -3
56  3
31  -1
43  7
45  -2
47  -1
39  3
44  6
65  -1
58  -4
48  2
46  -3
41  1
43  5
44  2
57  8
52  4
60  -1
58  -4
62  2
49  -6
46  1
49  -6
51  2
69  6
50  -8
55  -2
55  -1
40  -3
75  4
71  -10
48  2
47  -8
46  0
55  -2
37  -10
54  9
39  5
50  -8
46  1
70  0
67  1
69  8
69  5
61  -2
67  0
74  2
49  -8
52  3
57  9
67  0
52  7
43  7
60  -3
44  10
38  11
53  -6
33  0
41  -1
48  3
60  2
37  -11
80  1
46  0
59  -6
46  2
55  -1
40  -2
57  11
37  -1
52  2
57  8
42  -2
52  11
45  -4
35  -4
57  1
44  10
45  -3
74  -5
40  1
45  5
50  -6
43  0
59  2
52  6
50  -3
43  6
68  3
44  2
54  5
48  -1
39  5
29  3
30  -2
32  8
43  7
40  1
49  -3
47  -8
59  1
57  3
39  4
49  -5
52  6
60  2
50  -6
49  -2
47  -5
45  6
37  -2
24  0
37  -1
50  -1
56  6
47  -8
66  8
54  5
48  0
27  -4
65  7
30  -3
43  7
67  -1
44  6
41  -1
44  10
30  3
41  -5
47  -6
47  0
51  2
35  -2
56  10
47  -5
55  2
53  -2
76  5
38  11
59  -1
61  2
61  -3
62  -1
74  -1
51  1
46  -8
31  -3
46  -3
66  8
45  5
62  5
53  -2
68  0
57  2
42  -9
43  -1
45  4
46  -3
34  -2
53  2
43  -2
52  4
50  0
55  -3
46  -4
53  1
41  -7
49  -11
65  -2
58  -2
51  3
58  -1
35  2
44  3
44  3
43  -1
83  -6
40  -5
42  -5
52  11
80  6
84  4
38  10
68  1
35  -7
42  -5
56  7
50  -5
56  12
48  7
41  1
70  -4
51  4
43  0
53  1
40  -3
47  -6
37  -6
71  -4
42  -4
56  7
36  -6
36  -2
53  -6
41  -5
49  -11
48  1
46  1
60  3
58  2
43  -1
41  -6
51  -1
58  1
58  -5
54  9
51  -1
42  -2
41  -7
62  7
56  8
46  -3
42  -7
45  0
35  -5
43  0
38  11
61  0
68  -2
47  -7
58  -2
39  3
50  -4
60  -6
41  3
53  2
57  4
50  -5
39  6
24  -7
38  10
59  0
68  -3
50  -8
44  8
38  5
47  -4
51  9
57  4
41  -6
53  -6
46  2
46  -8
61  -2
65  -1
38  4
64  2
60  2
49  -6
47  0
40  -2
59  -8
41  -5
65  4
58  4
48  2
59  -4
63  -2
35  -7
46  -4
47  -7
40  1
42  -5
50  -10
50  -2
45  6
37  -8
62  1
45  -2
66  3
46  -6
69  9
35  -2
51  4
31  -2
51  7
54  3
56  7
39  7
38  8
51  -1
62  2
30  -5
54  9
68  -5
38  7
37  -3
61  0
59  1
37  -8
39  -2
43  3
34  -5
59  2
72  -3
37  -5
47  -10
39  8
48  2
61  -2
58  -1
58  4
42  -2
53  -1
48  8
51  9
53  3
49  -6
43  8
50  -10
40  -1
63  -3
43  -1
42  -8
35  -3
28  -1
55  3
44  10
52  5
37  -2
44  6
32  5
50  -8
40  1
42  -10
40  1
50  -3
58  0
52  8
48  0
46  -1
50  -6
49  -8
51  9
75  3
70  -8
32  5
48  2
45  -1
51  5
67  -3
54  7
45  3
47  -9
49  -11
45  4
52  7
59  -6
62  5
50  -3
58  1
55  -3
51  4
72  -2
43  2
41  0
43  -2
46  -1
50  -1
72  -8
51  6
46  -2
45  1
57  2
56  12
43  8
32  5
46  -2
64  -2
42  -7
43  -1
46  -6
75  7
45  1
76  1
89  8
39  0
58  -4
48  9
54  6
59  -2
65  6
38  3
56  9
62  2
61  -1
52  4
57  6
61  -7
54  3
74  -3
37  -5
54  7
57  6
56  4
49  -12
40  -6
58  -5
24  -4
59  -4
49  -9
63  -3
49  -9
53  -7
49  -3
38  1
50  -8
53  3
55  -1
70  -3
54  5
75  6
59  -5
35  -1
41  -1
42  -2
38  1
62  6
42  -3
58  4
64  4
26  2
48  9
68  -2
62  8
49  -8
60  0
41  1
36  -8
55  -6
64  4
43  -1
58  -3
58  3
41  -5
59  -1
38  8
48  7
28  -4
35  -2
57  10
56  5
50  -4
46  -6
38  2
45  5
46  1
71  -2
50  -10
41  0
58  3
49  -5
77  -2
64  4
75  6
39  3
61  -8
36  -3
48  6
60  -2
76  1
50  -2
43  0
42  -5
36  -5
40  -5
42  -5
53  -2
33  -2
43  0
46  -1
61  -2
57  1
48  5
83  -9
74  -8
59  2
57  2
39  -2
40  -6
41  2
31  3
50  -6
57  7
43  5
49  -4
44  2
50  -8
46  -1
43  0
62  5
46  -2
53  -4
45  2
48  9
41  1
43  7
74  0
43  6
56  5
70  -1
44  9
54  9
65  7
49  -3
66  0
45  -3
26  3
53  2
47  -8
44  11
68  1
46  -3
39  0
57  8
45  5
51  4
38  7
72  -2
48  2
47  -3
46  2
49  -6
45  -2
41  -6
40  -5
54  4
55  -3
22  7
41  -4
30  -1
58  4
50  -5
61  1
54  5
51  4
58  1
57  9
54  4
56  2
47  -5
94  -4
34  1
51  6
53  -1
36  -8
49  -12
52  4
52  1
43  3
77  -12
62  1
30  -2
46  -5
67  2
52  2
47  0
49  -7
61  0
53  3
56  4
65  -3
66  2
49  -8
49  -9
45  -4
51  9
47  -9
59  1
28  -5
63  4
50  -2
34  3
41  2
30  4
66  -1
39  0
41  -7
49  -9
49  -11
41  -4
45  1
52  5
49  -3
63  -3
47  -5
40  -1
69  3
49  -3
29  5
55  0
46  -4
54  0
59  -1
42  -8
54  6
38  2
55  -4
52  5
35  -6
62  6
47  -5
43  2
40  -6
40  -3
60  3
49  -11
21  4
67  -3
31  5
55  1
58  -5
68  -6
61  -7
47  -1
57  11
47  -4
