14  6
12  0
4  4
11  -5
22  -5
16  1
5  -5
18  4
24  3
21  5
8  -6
11  -3
9  0
10  5
16  3
18  5
7  4
3  -6
8  -7
11  -3
27  3
5  -4
16  2
17  -2
13  0
8  -5
33  -1
20  1
13  0
10  4
21  6
17  -4
22  -6
11  -3
13  0
28  6
15  -1
13  -1
15  -1
13  0
12  -1
15  0
14  6
11  -5
3  -6
8  -6
9  2
19  3
10  6
14  6
25  -6
14  6
17  -3
15  1
21  5
2  -6
17  -2
22  -6
14  8
4  4
20  1
23  4
23  5
7  3
16  1
21  6
2  -6
8  -5
18  4
21  4
14  8
16  2
13  0
12  0
14  7
13  -1
18  4
13  0
15  0
13  -1
1  -5
10  6
15  0
13  -1
13  -1
26  3
5  -3
6  5
13  -1
21  6
17  -2
28  7
9  2
29  2
19  4
4  4
13  0
14  6
17  -4
16  2
20  0
16  2
19  4
5  -5
12  0
4  3
16  3
21  6
16  3
10  6
11  -4
9  1
16  1
25  -8
23  5
8  -7
8  -6
2  -5
10  6
18  4
18  5
6  5
11  -5
26  4
10  5
21  5
15  -1
13  0
5  -4
8  -7
3  -6
20  1
5  -3
11  -5
19  3
12  0
5  -3
14  6
16  2
15  1
10  5
20  -1
4  4
10  6
10  4
15  -1
5  -5
19  5
11  -4
24  1
7  5
15  -1
21  5
9  1
23  6
10  5
13  0
9  0
4  3
8  -6
20  -1
20  1
15  0
4  2
15  -1
7  5
8  -6
21  4
19  4
6  4
8  -6
7  3
8  -6
25  -6
23  4
19  5
9  1
12  0
14  6
12  1
5  -3
14  8
17  -3
23  5
14  8
15  1
13  0
26  3
12  -1
12  1
11  -3
19  3
9  1
11  -3
10  5
16  1
4  3
7  5
10  6
15  -1
17  -4
17  -4
21  5
13  1
21  4
13  0
4  2
4  2
10  4
27  3
16  1
15  1
10  6
20  -1
18  6
14  8
24  2
14  7
10  6
20  0
17  -3
9  0
14  8
10  4
13  1
18  6
6  4
26  4
13  -1
14  8
20  0
3  -7
15  -1
25  -6
9  1
6  3
12  -1
11  -4
15  0
18  5
14  8
15  0
15  -1
20  -1
11  -4
21  5
6  4
11  -5
13  -1
21  5
12  -1
12  1
8  -7
6  5
15  0
11  -3
9  1
9  2
17  -3
14  6
7  3
14  8
10  5
13  1
15  -1
12  -1
18  5
14  6
7  4
7  3
25  -6
12  0
8  -6
9  0
10  4
17  -3
12  1
13  -1
14  7
20  -1
13  -1
9  2
14  8
11  -4
12  -1
15  -1
6  5
5  -5
12  1
25  -7
15  -1
25  -8
24  3
35  3
12  1
7  3
28  5
13  1
10  6
27  3
6  4
4  3
14  7
17  -3
9  1
17  -2
10  5
23  5
13  0
15  -1
14  7
11  -4
11  -4
3  -8
14  8
14  8
12  1
12  -1
18  5
9  1
23  6
14  8
12  -1
9  2
18  6
14  7
24  2
19  5
19  3
21  6
5  -5
17  -2
15  0
9  1
15  0
16  1
10  5
3  -8
15  0
16  1
11  -4
12  -1
20  -1
13  -1
12  1
8  -6
4  2
21  4
14  8
1  -6
18  6
15  0
2  -7
8  -5
11  -3
9  2
10  5
12  -1
13  0
15  0
15  0
13  1
25  -8
14  6
21  4
9  1
7  5
14  8
12  1
12  -1
8  -7
18  5
9  0
20  1
11  -5
16  2
15  -1
13  -1
11  -5
11  -4
20  0
11  -3
8  -5
10  6
21  6
7  5
9  2
6  5
30  6
10  4
13  1
7  5
22  -7
20  0
17  -4
8  -6
8  -6
7  3
13  1
12  -1
18  6
14  8
21  5
22  -7
15  0
13  -1
11  -3
19  3
18  6
4  2
12  1
22  -6
17  -2
11  -5
24  3
22  -5
19  5
20  0
3  -8
3  -8
8  -7
11  -5
20  -1
14  6
22  -6
8  -7
8  -6
11  -3
11  -5
23  4
4  4
18  4
6  4
1  -7
8  -5
8  -6
18  5
5  -4
13  -1
10  5
15  0
6  5
15  -1
12  0
11  -5
23  6
5  -5
12  1
13  1
23  5
11  -4
14  6
4  2
11  -3
10  4
9  2
5  -4
25  -7
12  1
12  -1
15  -1
6  5
8  -6
9  0
16  3
32  -5
21  4
20  -1
19  3
7  3
13  0
16  2
4  2
20  -1
5  -5
11  -5
19  3
13  1
14  7
13  -1
7  3
14  8
10  4
19  3
11  -5
14  8
19  4
14  8
16  2
7  5
13  1
18  6
23  6
10  5
13  1
13  -1
23  6
7  5
16  3
14  7
12  1
5  -4
9  2
5  -5
11  -5
28  5
7  5
19  5
9  1
6  5
8  -6
23  5
11  -4
21  4
1  -5
23  6
11  -5
12  0
15  1
6  5
8  -5
21  4
19  5
11  -4
21  4
4  3
9  1
9  0
7  5
10  4
8  -7
12  -1
15  -1
14  6
15  -1
19  5
18  6
13  1
6  5
13  -1
2  -7
17  -4
21  4
10  4
9  2
7  5
30  6
16  3
13  1
7  4
25  -7
4  3
20  -1
8  -7
11  -4
20  -1
4  4
10  4
22  -7
8  -5
15  -1
14  8
10  4
10  4
12  -1
16  1
11  -4
15  -1
9  2
20  0
16  3
14  7
11  -3
22  -6
23  5
16  3
8  -5
7  3
7  3
5  -3
3  -6
5  -5
3  -6
10  6
12  1
19  3
8  -6
8  -6
10  4
4  4
24  3
26  4
9  2
5  -5
17  -4
9  1
5  -4
14  8
5  -4
12  1
36  6
5  -3
17  -2
8  -6
19  5
14  7
23  4
14  7
16  2
16  1
24  3
10  4
22  -6
15  0
12  1
19  3
10  4
11  -4
12  1
11  -5
19  5
23  5
14  6
21  6
25  -7
20  -1
28  7
19  3
10  6
30  7
22  -7
24  3
11  -4
13  1
3  -8
9  1
25  -8
13  -1
19  4
7  4
16  2
13  1
8  -5
10  6
4  3
21  6
10  6
13  1
2  -6
19  3
26  4
12  -1
12  1
16  3
11  -3
7  3
2  -6
4  2
22  -7
15  0
14  6
16  1
21  6
16  1
16  3
11  -5
10  5
3  -8
16  3
11  -5
9  0
6  3
5  -4
15  1
11  -3
23  4
9  2
20  0
27  1
13  -1
16  1
14  8
14  7
11  -3
4  2
20  -1
3  -7
14  7
10  5
16  3
18  5
16  1
21  5
17  -4
14  6
13  1
30  7
20  1
6  3
15  1
10  4
28  6
13  0
30  6
13  1
15  1
13  0
13  -1
10  4
18  5
9  1
9  1
8  -5
13  -1
14  8
6  3
16  3
13  -1
23  5
10  6
18  5
10  4
12  -1
15  1
19  3
14  7
12  1
19  5
6  3
7  5
22  -7
24  3
22  -5
16  2
23  6
7  5
19  4
14  6
14  8
9  1
10  4
15  1
3  -7
8  -6
15  0
13  0
12  1
13  -1
6  4
9  1
8  -6
4  2
13  0
15  -1
11  -4
28  5
13  -1
18  4
20  1
21  4
16  3
13  -1
15  1
5  -5
18  5
11  -3
17  -3
8  -5
6  4
12  0
10  6
8  -7
4  3
15  0
15  0
10  5
6  3
12  1
32  -5
10  4
10  4
14  6
14  6
11  -3
14  8
19  5
16  3
21  6
5  -4
15  0
8  -7
31  -7
10  6
9  1
15  0
12  -1
15  1
17  -4
5  -5
13  0
23  5
13  -1
4  3
9  2
6  4
26  4
22  -6
35  5
17  -4
16  2
29  2
40  -6
12  -1
18  5
12  0
6  4
10  4
12  -1
12  1
1  -5
12  0
10  4
19  5
8  -6
15  0
17  -4
10  4
11  -5
21  6
27  2
6  5
12  1
9  2
12  -1
6  5
14  7
10  4
23  5
9  1
15  1
13  -1
9  1
20  1
24  1
22  -6
1  -7
20  1
16  3
9  1
15  -1
27  2
20  -1
15  1
15  -1
16  1
10  4
12  -1
16  2
22  -5
20  -1
10  6
8  -7
33  -1
17  -3
9  0
10  5
6  4
13  1
25  -6
9  0
17  -3
17  -4
15  0
10  4
13  0
8  -6
5  -5
4  4
10  5
16  2
30  8
3  -8
9  0
8  -6
9  1
13  0
3  -8
15  1
10  4
13  -1
12  0
27  2
6  3
19  5
7  3
9  2
14  7
10  5
9  1
12  -1
16  1
13  1
6  5
21  6
18  4
20  1
19  4
13  -1
11  -4
15  -1
10  5
18  4
4  4
14  6
8  -7
9  2
2  -7
7  3
4  3
27  3
18  4
5  -3
18  5
18  6
11  -5
12  -1
9  1
9  1
21  4
17  -2
2  -6
19  5
25  -7
19  5
3  -6
17  -3
5  -5
9  2
11  -5
29  1
35  5
17  -3
7  4
24  3
12  0
15  -1
7  3
8  -7
8  -6
10  5
11  -4
14  6
8  -6
6  4
14  6
12  1
19  3
6  5
12  0
4  4
4  4
13  0
22  -6
5  -5
13  -1
4  2
9  2
14  6
16  1
20  -1
10  6
11  -3
15  0
10  4
5  -4
20  -1
18  6
46  -4
4  4
6  3
10  4
12  1
18  6
6  3
11  -4
14  8
20  0
10  5
12  -1
10  4
17  -2
15  -1
10  5
15  1
15  -1
17  -4
26  5
18  4
28  7
9  0
