168  -1
112  -5
146  -5
126  1
142  4
133  6
178  -8
175  -6
200  -8
142  11
137  12
180  2
257  7
174  0
164  10
88  2
163  -3
169  -2
177  10
187  -4
164  10
131  5
156  -4
166  -9
183  -6
78  -8
166  1
134  8
106  -7
120  3
118  8
137  0
100  10
141  -14
194  -1
172  -2
148  -2
145  -2
141  -10
110  2
163  0
129  -2
176  11
160  -1
148  4
141  -14
175  4
135  -2
149  -7
165  0
155  1
181  0
176  4
127  7
122  -2
149  -3
123  -9
128  -14
143  13
195  1
130  2
177  8
144  -2
230  5
92  3
138  -13
116  -9
109  2
172  -7
145  -1
245  -4
227  -9
183  -8
138  -3
158  -3
122  -2
133  -3
137  2
186  0
217  9
175  2
192  -10
129  -4
153  6
219  3
148  -9
143  12
186  12
137  12
154  -5
164  7
153  -1
178  -2
173  -2
158  11
153  4
161  -4
137  5
212  -4
160  -8
117  4
170  -12
162  -3
162  7
122  -10
153  1
108  7
172  -10
158  4
232  10
149  5
138  -5
138  -7
165  0
161  -12
174  -2
130  -3
203  -9
190  -2
215  -5
121  -9
167  -12
115  1
146  6
179  7
171  1
126  -3
158  2
147  1
160  -10
131  2
173  -1
184  8
161  -5
129  -8
157  -11
159  -6
165  -5
170  -14
129  -5
205  -5
162  -1
164  0
213  7
148  1
128  -11
142  0
118  -1
167  -8
143  13
111  11
124  -4
140  0
179  0
146  -2
120  6
143  5
135  6
190  1
170  -8
200  -10
191  -2
139  -4
179  13
138  -12
181  1
174  3
135  7
185  1
200  -6
176  7
185  13
177  5
179  11
151  5
147  -6
167  -9
121  -3
142  5
170  -8
124  -1
136  1
203  -6
165  2
239  0
132  4
157  2
173  3
210  3
200  -11
167  -7
169  8
203  1
120  4
152  -7
155  -1
115  -5
146  -2
184  8
122  0
140  0
136  -2
163  -2
216  3
197  1
212  5
182  -10
144  2
206  -1
161  -12
130  -7
166  -4
178  4
197  7
94  2
173  9
191  8
195  7
203  1
172  -4
159  -5
167  -13
134  11
164  11
144  3
146  0
127  9
177  0
170  -14
188  -4
172  -6
160  0
156  6
152  -9
174  7
178  -5
142  10
169  -2
149  1
159  -2
140  3
243  11
86  0
152  -8
164  9
162  10
181  -5
176  13
153  4
110  7
180  4
140  -2
219  -1
190  -7
207  -4
175  -2
154  6
204  -2
113  6
124  -12
178  -7
206  -3
111  -2
146  7
151  1
198  -1
162  9
138  -5
201  -1
140  -4
152  -8
187  -13
134  3
150  10
144  4
160  -11
143  4
154  0
189  5
142  6
180  -3
156  -7
159  -6
232  1
139  -10
123  -5
178  -7
181  -6
183  -7
149  0
129  -11
126  -11
160  2
140  -1
204  2
156  -7
124  -6
128  -11
187  -1
136  -2
126  -6
201  6
157  -1
234  -8
180  9
133  -1
173  -5
168  -7
185  1
109  -1
139  4
181  0
123  -3
149  3
161  -13
157  -6
211  6
169  7
143  11
185  10
127  1
128  -2
150  1
145  -5
176  3
114  -1
159  -4
142  10
111  8
129  -4
151  8
146  -5
216  -1
132  6
89  6
171  5
130  2
178  4
188  -3
153  -1
124  -10
169  5
212  8
158  6
139  -7
113  0
144  12
123  -7
126  -10
148  -8
161  -2
181  -1
192  -12
123  -5
131  -2
184  6
182  -14
149  3
176  10
154  -1
178  2
133  -8
149  6
124  -4
200  -11
105  8
155  -3
219  -11
150  5
137  1
148  4
180  -1
109  0
110  4
134  12
132  1
120  6
176  8
111  5
128  -3
159  1
128  -2
154  4
136  12
141  -5
150  1
204  1
134  3
187  -10
107  7
135  4
177  3
147  -3
176  6
164  3
111  10
201  11
108  -1
107  -2
120  -3
123  -12
166  -10
104  11
146  -4
149  3
191  4
123  -2
162  8
145  -3
178  0
178  0
178  -6
137  13
164  2
171  12
167  0
195  0
131  -3
210  5
127  6
110  6
103  -5
171  -2
173  3
172  -2
153  2
198  1
186  0
182  -7
158  11
106  -2
164  5
183  1
126  1
169  0
131  11
161  -3
182  0
90  3
202  -4
179  5
154  7
121  -9
182  -4
230  3
137  2
169  2
107  0
179  0
127  8
112  -7
113  3
147  7
140  7
141  -11
116  -4
174  -3
128  -3
146  4
209  4
146  5
173  2
140  1
119  6
161  -2
161  0
145  -3
230  12
118  8
156  -2
152  -4
162  -2
138  0
174  5
251  -2
191  7
164  5
192  -12
204  -3
127  7
137  8
139  -2
152  0
210  2
130  -6
118  5
111  3
199  -7
183  -9
226  7
133  1
110  1
163  -9
133  3
192  -9
166  -8
173  0
169  -1
94  13
181  -1
143  1
124  -11
221  -3
135  8
158  4
153  8
134  10
179  6
138  -2
174  10
159  -2
143  5
160  -2
125  -3
128  -1
133  -1
73  7
164  3
139  -7
151  -6
197  13
171  9
143  4
113  11
147  3
208  -4
134  4
193  -2
155  -9
157  -6
148  -3
149  -5
184  7
138  -12
229  -2
187  -2
116  -3
139  4
106  -1
170  -3
113  7
179  3
253  4
182  -10
147  -2
130  0
194  6
134  12
141  -10
113  9
155  -5
191  8
140  -6
164  10
134  5
208  -2
133  -3
118  4
157  -8
197  8
138  -3
205  5
211  4
123  -1
130  0
189  7
258  -3
264  11
183  -1
122  -7
175  -6
146  -2
203  -4
137  -1
118  -6
204  -6
107  4
155  -2
159  2
166  -6
139  -2
131  5
211  7
113  14
156  1
158  4
173  -2
154  -4
150  -2
118  8
114  -7
173  1
212  7
117  0
159  -8
115  -6
130  0
179  1
212  9
161  -12
144  5
148  -4
194  2
121  -1
125  -3
135  4
247  7
131  -3
159  -6
148  -2
167  -3
134  0
180  7
143  7
102  10
110  11
124  -4
185  3
133  5
173  6
175  0
189  4
198  -3
141  -11
117  0
235  0
106  -3
211  2
166  -4
152  -10
152  1
129  -12
168  -3
187  -5
192  -5
127  6
130  -11
201  7
147  -6
140  -1
190  -5
86  4
159  -7
199  -3
102  10
241  6
189  6
185  10
123  -9
178  2
157  2
182  -7
120  -7
196  0
158  -1
148  3
124  -7
234  -9
194  7
128  -8
125  0
140  -3
133  -3
157  1
157  -10
185  10
190  -7
146  1
160  1
160  -1
189  8
184  2
169  -2
187  -7
196  8
215  -1
145  6
246  1
140  4
162  -3
156  -5
199  -9
158  11
131  2
193  -3
190  5
128  -4
163  1
181  -2
177  8
156  0
142  3
127  7
166  3
165  7
153  5
173  4
178  -7
133  6
164  11
169  0
188  -7
142  11
176  7
178  3
192  1
136  4
151  -3
169  -1
174  0
166  -7
188  4
153  1
149  4
140  7
172  -13
155  -9
100  2
84  -4
147  3
149  6
179  12
168  -2
152  -10
173  1
166  2
191  1
167  0
203  -7
158  1
172  -1
122  -8
169  7
110  -2
167  -14
132  -3
123  -13
211  5
177  0
154  -2
165  5
152  -7
185  4
158  7
143  1
131  2
131  2
202  2
213  6
132  6
158  -2
277  -8
180  0
176  2
150  10
160  -7
182  -10
153  11
147  2
176  1
111  1
120  6
128  -10
198  5
186  9
133  1
167  0
203  -13
168  -4
154  -7
134  3
172  -8
176  5
167  -5
143  -1
140  0
167  -1
165  -2
123  -6
168  2
157  -11
158  3
178  -4
179  10
191  8
156  1
186  0
135  5
166  -7
192  -13
195  6
128  -13
143  9
231  6
214  -3
145  1
161  -2
168  -2
165  -4
205  3
167  -14
104  -1
155  -8
119  -1
147  -2
170  -4
150  0
207  -9
125  6
141  -5
162  5
158  9
140  3
127  0
154  -6
165  -1
145  -5
161  -5
129  -10
97  -2
157  2
149  -5
174  2
145  -1
196  11
93  -8
151  6
226  8
261  3
100  3
149  6
178  -9
184  3
190  3
139  -1
113  7
149  3
194  5
139  -10
141  -13
155  -5
157  -8
142  9
138  -4
90  13
133  -1
208  -1
153  8
151  -1
149  5
180  8
127  -5
126  -7
150  0
177  -2
101  7
127  6
148  0
157  -7
167  -3
119  -6
183  -2
149  6
173  7
159  -2
155  -3
155  1
171  -2
166  -6
149  5
107  5
116  -6
148  -4
196  10
148  -6
169  0
120  -1
151  -4
125  2
143  6
138  -2
143  11
119  3
147  7
200  -3
127  2
115  1
184  3
192  -2
190  -8
211  -3
119  1
113  6
244  -1
185  7
146  -1
175  6
122  -8
146  -2
183  -5
112  3
144  10
137  10
174  6
172  0
201  -2
208  0
142  -2
114  1
206  -5
174  3
162  11
156  -8
161  -5
149  7
174  3
177  -4
138  -9
117  5
102  0
209  -1
183  -5
177  3
176  10
183  -2
123  -5
149  -6
174  0
153  11
129  1
153  1
120  -1
111  1
98  5
107  4
98  5
187  -11
159  -6
148  -9
189  7
119  -7
128  -11
174  7
222  0
150  -2
125  7
199  0
148  -1
197  6
133  -1
159  4
158  -1
150  8
179  13
191  5
103  5
140  -3
135  -3
218  10
152  -6
171  1
166  1
143  8
173  5
155  -3
157  2
145  0
171  1
142  10
181  -5
130  2
149  -2
197  12
125  -1
163  -4
156  4
204  6
118  -6
185  9
147  3
108  -1
152  1
166  -10
177  6
141  -2
139  -6
170  -2
197  8
113  2
148  -7
136  9
187  -6
141  -10
155  1
128  -8
144  10
130  -8
199  -8
131  -2
153  5
