6  -7
13  0
13  -1
10  -3
8  -2
4  -8
11  3
8  0
3  6
12  -4
18  -3
11  1
14  1
7  6
8  0
8  0
11  3
8  -1
16  -6
14  1
8  -1
12  -3
11  3
12  -3
10  -3
20  -5
14  3
8  -1
6  -7
4  -8
9  -7
9  -5
17  8
10  -4
13  0
7  8
2  -7
15  6
11  3
17  7
11  1
10  -2
7  8
12  -3
9  -7
9  -6
15  6
13  0
17  7
8  0
9  -7
9  -7
8  0
7  7
5  -4
6  -7
14  3
8  -2
6  -6
10  -3
8  -2
13  -1
12  -2
11  2
14  1
7  6
5  -5
12  -4
9  -7
6  -8
8  -1
8  -2
12  -3
17  6
3  6
6  -7
3  6
13  0
7  8
8  -2
6  -7
3  5
9  -5
8  0
10  -4
6  -7
14  1
10  -3
11  1
7  7
14  1
10  -4
6  -7
10  -4
13  1
9  -6
15  6
15  7
7  7
10  -3
15  5
13  -1
9  -5
7  6
11  1
13  -1
8  0
9  -7
10  -3
6  -7
8  -2
10  -2
11  2
7  7
5  -6
11  2
16  -6
7  8
14  2
12  -2
8  -2
7  8
13  -1
7  7
14  2
9  -7
11  2
4  -8
16  -6
12  -4
11  3
8  -1
13  0
10  -4
15  5
11  3
12  -3
7  7
9  -6
17  7
11  1
24  -5
14  3
8  0
15  6
5  -4
3  6
8  -2
13  1
9  -5
6  -8
8  0
12  -4
16  -6
5  -6
10  -4
17  6
13  0
11  2
20  -6
11  3
18  -3
9  -5
7  6
5  -6
13  0
12  -2
9  -7
9  -6
19  -6
15  5
10  -2
5  -5
12  -2
12  -3
18  -5
11  3
6  -8
15  6
9  -5
8  -2
6  -8
9  -5
9  -5
10  -4
9  -5
7  6
12  -3
14  1
13  0
11  3
7  6
6  -8
10  -4
13  0
21  -4
7  8
9  -5
4  -7
7  7
12  -4
9  -7
15  5
11  1
8  0
10  -4
3  7
11  1
9  -7
14  3
10  -4
11  2
12  -4
9  -5
8  -1
12  -2
13  1
6  -6
11  2
12  -2
8  0
6  -8
12  -4
11  2
15  7
8  -1
10  -4
11  1
14  1
11  2
8  -2
12  -3
8  -1
9  -7
15  7
5  -6
8  -1
9  -7
15  5
9  -7
4  -6
7  8
7  7
6  -6
7  8
11  3
5  -4
11  3
7  6
10  -4
8  0
5  -4
8  0
9  -6
10  -4
10  -4
11  1
6  -6
7  8
17  7
10  -4
16  -6
9  -6
7  8
13  -1
8  -2
7  6
7  7
10  -3
5  -5
12  -4
12  -3
8  -2
11  1
6  -8
17  6
6  -6
11  2
14  1
13  1
11  1
13  0
9  -6
10  -3
8  -2
12  -4
12  -3
15  6
9  -5
7  7
12  -3
4  -8
10  -3
6  -6
8  0
15  6
10  -4
8  0
15  7
13  -1
10  -3
7  7
15  7
7  8
8  -2
6  -6
6  -7
8  -1
3  5
7  6
12  -4
12  -4
10  -4
9  -7
11  1
13  1
13  0
7  7
11  3
6  -6
12  -3
8  0
14  1
17  6
13  -1
7  6
12  -2
13  -1
11  1
14  3
15  7
10  -2
11  1
22  -8
8  -2
10  -4
12  -3
14  2
14  1
4  -6
13  -1
6  -6
10  -2
6  -8
11  2
11  3
10  -3
8  -2
3  7
3  7
9  -5
14  3
19  -4
13  1
6  -8
9  -7
15  7
10  -2
7  6
8  -1
6  -6
3  7
9  -7
2  -8
11  3
14  2
15  6
12  -4
8  -2
17  8
9  -7
8  -2
10  -4
10  -2
13  -1
12  -2
12  -3
12  -4
15  5
11  2
12  -2
14  1
15  6
7  6
11  3
16  -8
10  -3
24  -7
9  -7
9  -7
8  -2
18  -5
9  -7
16  -7
10  -4
9  -6
4  -7
13  1
11  2
6  -8
7  7
9  -5
19  -4
24  -7
14  1
17  7
9  -7
14  3
16  -8
7  6
10  -4
9  -6
11  3
11  3
8  0
10  -2
13  -1
9  -7
9  -6
9  -5
10  -3
19  -6
13  1
14  3
10  -4
7  7
10  -2
14  3
8  -2
9  -7
13  0
5  -5
12  -4
17  6
8  0
11  1
16  -8
12  -3
18  -4
9  -7
4  -8
9  -5
9  -5
11  1
13  0
10  -4
15  6
7  8
10  -2
15  5
11  3
9  -6
6  -8
12  -3
13  0
14  2
7  6
15  7
11  2
2  -8
6  -8
13  0
12  -3
11  3
14  2
5  -4
8  -2
7  6
15  5
11  2
16  -7
4  -7
8  -1
14  1
12  -2
13  0
7  7
12  -4
11  3
8  -2
8  0
11  3
8  -2
6  -7
10  -3
20  -5
12  -4
10  -4
11  1
11  3
5  -5
8  -1
7  6
10  -2
12  -4
5  -5
9  -6
8  -2
3  5
17  8
9  -5
13  1
17  7
11  1
6  -8
9  -7
8  -1
9  -5
8  -1
8  -1
14  3
9  -6
7  7
11  3
12  -2
9  -6
7  8
6  -7
11  1
14  3
9  -5
6  -7
7  8
12  -2
6  -8
7  8
13  -1
18  -5
8  0
2  -7
10  -2
11  2
12  -3
5  -4
10  -2
13  0
13  0
14  1
11  3
14  1
5  -4
10  -3
11  1
15  5
10  -2
7  8
9  -6
15  6
14  3
10  -4
5  -6
10  -3
13  1
8  0
7  7
8  0
8  -1
4  -8
7  6
11  1
12  -2
11  2
10  -2
16  -6
7  7
11  1
8  -2
11  2
6  -8
14  2
5  -4
10  -3
9  -6
8  -1
11  1
10  -4
11  3
12  -3
9  -5
11  1
8  0
7  8
8  -2
15  6
8  0
25  5
16  -8
11  1
12  -3
6  -6
9  -6
6  -7
15  5
11  2
12  -4
14  1
7  6
8  0
12  -4
8  0
1  2
6  -8
18  -5
5  -6
11  3
5  -4
8  -1
9  -5
9  -5
7  6
15  7
11  2
9  -6
12  -3
10  -2
10  -4
27  5
11  1
5  -4
18  -5
7  7
17  6
20  -5
6  -8
8  -1
17  8
7  6
11  2
9  -7
10  -3
8  -1
19  -5
17  7
7  7
8  0
8  -1
8  -2
18  -4
10  -3
13  1
5  -6
15  5
13  -1
9  -5
8  -1
12  -4
18  -5
10  -4
11  3
11  3
7  7
20  -5
8  -2
11  2
10  -4
15  7
14  3
16  -8
11  3
11  3
13  0
10  -2
14  1
10  -3
11  1
19  -6
5  -4
14  1
12  -4
9  -6
4  -7
8  0
7  8
13  1
14  1
10  -3
16  -7
23  -2
22  -6
3  5
10  -2
8  -1
12  -4
6  -7
9  -7
14  1
8  -2
16  -8
9  -5
16  -6
16  -6
9  -6
14  1
7  6
15  5
10  -3
10  -2
15  7
6  -8
12  -4
14  1
7  8
11  3
5  -6
10  -3
13  1
10  -4
6  -8
19  -5
14  1
8  -1
8  -2
13  1
9  -6
15  5
17  6
9  -5
15  5
7  7
14  2
9  -6
12  -4
13  0
11  3
10  -4
11  2
11  1
12  -4
14  1
8  -2
6  -8
17  7
8  0
10  -4
6  -8
8  0
7  6
7  8
15  6
7  6
9  -7
4  -7
11  3
6  -7
6  -6
11  3
11  2
6  -8
15  5
7  8
13  0
4  -6
8  -2
10  -2
8  -1
10  -3
16  -6
7  8
11  2
14  3
6  -8
6  -6
9  -7
4  -6
10  -4
8  0
4  -6
8  -1
9  -5
8  -1
10  -4
7  8
16  -6
4  -8
16  -6
15  5
11  3
8  -2
20  -5
9  -6
16  -8
17  8
12  -3
12  -2
7  6
12  -2
7  8
9  -5
18  -5
16  -6
10  -4
13  1
6  -6
6  -8
14  2
12  -3
11  1
13  -1
8  -1
11  1
5  -4
7  6
6  -6
14  3
7  6
13  0
11  1
5  -6
11  3
14  3
14  2
6  -6
6  -6
13  1
11  3
11  3
12  -3
10  -2
14  3
5  -4
9  -7
8  0
11  2
6  -7
8  0
6  -7
5  -6
18  -5
12  -3
5  -5
12  -3
7  6
6  -6
5  -4
2  -7
11  1
15  6
13  -1
6  -6
8  0
12  -2
16  -6
7  7
21  -3
7  7
12  -3
19  -5
9  -5
15  6
12  -4
4  -7
21  -3
11  2
17  6
21  -4
13  -1
17  7
6  -6
9  -7
15  5
15  5
13  1
13  -1
15  7
13  -1
6  -8
17  7
14  2
7  7
13  1
13  1
10  -2
9  -6
9  -7
10  -3
11  2
8  0
12  -4
7  7
7  7
12  -4
14  2
9  -7
17  6
7  8
4  -8
15  7
5  -5
8  -1
4  -8
11  3
10  -2
11  1
9  -5
16  -6
9  -6
8  -1
7  8
11  1
15  5
6  -7
14  2
10  -3
7  7
13  0
6  -7
4  -6
5  -6
22  -8
15  6
11  1
8  -2
12  -3
5  -4
15  5
9  -7
17  7
6  -6
13  1
15  7
12  -3
12  -3
17  7
8  0
14  1
4  -8
6  -7
9  -6
15  7
12  -4
7  7
10  -3
10  -4
16  -8
3  5
7  7
11  3
11  3
19  -6
10  -3
7  7
8  0
13  -1
13  -1
18  -4
5  -5
13  0
12  -3
12  -3
12  -3
11  3
18  -5
10  -3
9  -7
16  -8
10  -2
14  1
18  -4
11  2
17  6
7  6
15  5
13  1
5  -5
9  -6
3  6
18  -3
1  0
12  -4
9  -5
13  1
10  -4
16  -6
10  -4
7  6
11  1
21  -5
5  -6
12  -2
13  -1
15  6
5  -6
8  -1
19  -4
6  -8
18  -3
10  -2
6  -8
7  7
7  6
7  8
21  -3
12  -2
7  7
11  2
10  -3
9  -7
9  -5
26  1
11  2
