16  -2
11  -6
8  -2
13  -4
3  -3
11  -4
4  -4
3  -1
8  -1
14  0
6  1
20  5
33  -7
11  -6
16  -5
10  -3
5  8
6  2
12  0
17  -3
11  -5
6  2
11  -8
12  1
8  0
12  1
11  -8
16  -4
12  2
13  -1
10  -5
12  1
3  0
11  -8
13  -2
15  -2
13  -2
6  1
14  0
4  -7
15  -2
11  -6
19  4
7  6
6  4
10  -4
13  -1
8  -1
1  1
6  3
8  0
6  3
9  -3
11  -7
7  7
7  6
6  2
3  -1
8  -1
36  0
2  -6
7  4
5  5
9  -6
7  7
15  2
21  7
17  -3
4  -3
10  -1
16  -1
18  0
14  -1
14  -2
8  -3
11  -7
18  1
9  -6
20  7
7  7
20  7
9  -6
9  -3
7  6
12  0
7  7
24  -1
3  0
7  7
8  -2
5  7
5  8
5  7
13  -4
9  -5
10  -2
8  1
3  -3
19  3
8  1
6  2
8  0
13  -4
22  6
8  -3
7  7
2  -2
18  2
15  2
16  -3
14  0
2  -2
16  -5
9  -2
19  4
4  -7
14  1
23  5
16  -5
4  -3
8  0
9  -5
8  -1
5  5
5  6
9  -3
12  4
6  4
10  -1
9  -6
19  7
16  -2
16  -5
8  -3
16  -4
9  -4
3  -1
6  4
17  -6
11  -4
15  2
3  -2
11  -4
6  3
26  1
5  5
5  8
3  -2
7  7
21  9
16  -1
4  -7
16  -3
10  -2
26  -1
6  2
8  -1
6  2
14  -2
27  9
20  5
16  -3
25  -5
10  -4
4  -6
5  4
2  -5
11  -7
25  -6
10  -4
9  -6
8  -2
13  -4
11  -8
14  -1
9  -5
19  3
19  3
15  2
10  -4
12  2
6  4
3  -3
16  -4
8  -2
13  -5
9  -6
12  1
4  -5
20  7
17  -4
9  -4
22  5
11  -7
22  5
6  1
12  3
8  -1
11  -5
7  4
27  9
13  -1
14  1
30  2
9  -2
25  -7
24  -4
14  -1
28  -2
17  -4
17  -4
13  -2
5  8
15  0
14  -3
8  -3
12  3
32  3
11  -7
7  5
11  -5
5  5
1  2
4  -6
13  -3
17  -7
8  -2
24  -5
9  -2
17  -4
15  1
18  4
11  -5
25  -5
13  -2
15  -1
4  -6
22  7
8  -1
25  -7
9  -5
1  2
6  5
15  -2
4  -4
10  -2
11  -5
8  0
17  -4
10  -1
3  -1
18  1
4  -3
9  -5
5  8
4  -7
17  -5
7  7
8  -2
8  -1
2  -3
12  3
22  6
6  4
8  -2
16  -4
20  5
18  2
11  -6
4  -6
6  4
15  -1
11  -7
13  -3
10  -1
9  -2
20  9
7  4
14  1
5  7
20  9
22  5
4  -7
7  6
13  -1
19  7
12  2
12  4
17  -3
9  -5
12  4
15  1
2  -6
6  5
8  -2
8  1
18  0
7  8
33  -7
6  5
15  1
8  1
19  5
8  0
6  5
17  -7
9  -5
22  3
9  -3
6  3
10  -4
8  1
9  -2
13  -5
2  -3
10  -4
13  -3
14  -2
6  4
5  4
12  1
5  7
9  -5
15  -1
3  -3
9  -4
8  -1
9  -2
6  2
7  7
10  -2
10  -3
11  -5
6  1
10  -4
8  -3
4  -5
9  -3
3  0
10  -4
8  -1
8  -3
16  -4
8  -3
12  2
6  4
7  8
8  -3
13  -2
16  -3
11  -8
9  -6
10  -2
6  3
1  5
7  7
12  0
15  1
4  -4
14  -1
11  -5
10  -3
11  -7
15  -1
15  -1
11  -6
15  1
10  -5
6  4
7  8
14  1
23  2
7  8
21  5
7  5
20  9
5  8
14  1
8  -2
5  4
6  4
7  5
14  -2
16  -4
8  -3
15  0
11  -4
8  -3
10  -1
11  -5
5  8
14  -3
14  -1
8  -3
15  2
6  5
11  -7
11  -7
9  -5
16  -2
5  6
20  8
9  -5
10  -1
5  5
14  1
21  7
12  4
23  4
10  -4
16  -1
5  8
5  5
12  1
3  -3
9  -3
9  -2
10  -1
8  -2
18  1
14  0
11  -6
3  -2
2  -2
25  -8
15  -2
6  3
3  -3
20  5
17  -4
15  0
16  -5
10  -1
13  -3
9  -5
6  3
13  -1
10  -5
12  1
14  1
12  1
6  3
9  -6
25  -8
19  5
7  7
12  2
10  -5
13  -4
11  -5
7  4
16  -1
14  1
13  -5
5  4
14  1
14  -3
8  0
10  -4
2  -5
14  -3
15  -1
11  -4
15  -2
10  -3
6  1
6  5
26  -1
2  -5
18  0
4  -7
7  6
18  2
9  -5
12  3
8  -3
20  7
17  -4
2  -5
9  -6
14  -2
8  -1
22  3
12  3
5  8
9  -4
17  -7
10  -1
5  4
17  -7
18  3
3  -4
17  -3
21  8
9  -5
12  4
8  1
17  -7
1  1
19  6
11  -4
19  6
14  -3
17  -3
17  -6
19  3
6  3
32  3
5  5
27  7
13  -4
9  -4
10  -4
23  3
14  -2
22  5
6  1
7  4
12  4
16  -4
15  -1
14  -1
19  6
12  2
20  6
14  -2
11  -7
2  -2
12  3
8  -3
13  -5
15  0
10  -5
2  -5
10  -4
28  -2
17  -7
2  -4
3  -4
5  7
6  5
11  -4
10  -4
19  5
11  -4
4  -7
3  -2
8  0
10  -2
5  8
9  -5
25  -8
16  -3
14  -1
8  -2
6  3
18  0
11  -4
11  -6
5  7
7  7
5  7
22  3
16  -3
9  -2
11  -4
9  -4
7  4
9  -6
11  -4
23  5
13  -5
13  -1
10  -2
16  -3
13  -4
8  -2
9  -5
11  -4
7  5
13  -1
9  -4
10  -3
14  1
4  -4
14  -2
14  -2
17  -7
13  -1
12  1
3  -3
15  -1
4  -7
19  3
8  0
22  7
9  -4
11  -5
15  0
5  6
4  -4
12  3
7  8
19  5
8  -1
11  -4
3  0
2  -4
16  -3
8  -3
11  -6
18  0
7  5
7  4
7  8
13  -4
13  -5
10  -3
15  -1
21  9
12  3
10  -4
4  -7
25  -7
16  -5
15  -1
3  -1
10  -2
7  6
7  6
19  5
14  -2
8  0
30  4
26  0
13  -4
11  -5
5  5
11  -4
20  7
17  -3
17  -5
12  2
6  4
13  -1
9  -3
11  -6
9  -4
15  0
12  1
5  5
15  0
5  4
17  -3
4  -4
5  4
1  5
3  -1
12  1
2  -2
8  -2
17  -4
6  5
2  -4
3  -3
6  5
14  1
20  7
6  1
4  -7
12  2
10  -2
6  1
18  3
16  -3
9  -4
19  5
1  2
11  -5
1  4
1  5
15  2
4  -3
38  2
23  2
13  -4
23  6
9  -3
8  -2
21  9
23  5
12  4
14  -3
5  6
8  1
17  -7
16  -4
18  1
7  6
12  1
6  4
11  -8
9  -3
13  -3
5  5
5  7
20  5
22  5
16  -1
10  -1
13  -5
11  -5
6  2
18  2
18  3
9  -4
14  -1
8  1
19  3
5  8
7  4
6  4
9  -6
9  -2
4  -6
8  0
19  4
10  -1
23  4
12  3
9  -2
5  4
8  -1
20  8
16  -5
9  -3
19  4
21  7
14  1
23  5
15  0
8  1
12  2
11  -6
18  3
22  5
21  9
15  -1
10  -2
9  -2
25  -6
8  1
21  9
20  5
13  -1
8  0
10  -1
4  -6
19  4
15  -1
30  4
18  2
5  5
25  -8
3  -2
5  6
13  -4
9  -6
7  6
2  -3
12  1
20  6
5  4
19  6
5  4
27  5
15  -1
15  -2
15  0
8  -3
10  -2
7  6
16  -5
5  6
5  8
5  6
3  -4
8  -1
13  -1
16  -4
6  3
5  5
15  -1
14  -3
10  -2
7  7
16  -5
5  8
13  -1
14  -3
18  0
16  -1
14  -2
3  -3
10  -4
9  -6
2  -5
8  1
14  -1
12  1
11  -6
4  -3
3  0
20  5
10  -2
18  2
11  -6
9  -3
16  -3
12  4
5  7
6  4
2  -5
12  4
21  5
10  -1
15  1
14  -3
5  7
23  4
5  4
8  -1
16  -2
15  2
16  -3
11  -5
11  -6
6  4
12  3
8  1
11  -7
10  -4
11  -8
8  -2
5  8
15  -2
20  8
9  -6
11  -5
9  -4
4  -7
12  4
9  -3
15  0
4  -4
9  -2
8  1
25  -7
6  4
17  -5
14  -3
18  0
16  -2
10  -5
5  7
8  0
12  1
10  -1
11  -4
13  -5
7  8
4  -4
8  -3
17  -6
15  0
7  7
12  2
10  -1
12  4
4  -5
16  -4
7  7
12  4
0  -6
16  -2
10  -3
6  1
4  -3
28  -4
4  -4
13  -1
16  -2
11  -4
13  -5
22  5
8  -2
6  4
13  -1
10  -4
17  -3
9  -2
17  -5
6  5
7  7
12  0
20  6
5  6
5  7
8  1
7  7
12  4
10  -3
17  -5
11  -5
11  -4
9  -6
2  -5
8  -3
13  -4
17  -3
10  -4
13  -2
19  6
15  -1
12  0
22  5
7  4
8  -2
5  7
16  -1
11  -7
9  -3
5  5
11  -6
5  7
10  -4
10  -3
12  3
5  4
13  -3
6  1
14  -1
15  2
15  0
6  5
9  -6
5  4
14  -1
10  -5
17  -4
10  -3
7  7
13  -2
6  2
13  -1
14  -2
11  -7
6  3
11  -7
17  -6
7  5
5  8
21  6
8  -1
16  -4
15  -1
12  0
9  -2
6  1
11  -4
10  -5
12  3
22  6
21  5
14  -2
8  0
9  -6
8  -2
10  -2
20  6
9  -3
6  5
6  4
4  -6
8  1
6  4
4  -4
17  -7
2  -6
5  6
6  1
16  -5
12  4
13  -5
8  1
9  -4
17  -6
4  -7
20  5
18  3
