60  -2
77  -2
74  -7
50  -5
73  4
39  0
44  3
59  -6
83  -6
83  -7
73  5
64  1
66  -5
61  -4
70  4
64  3
65  -2
66  -4
44  4
95  6
79  0
63  -6
99  7
58  3
85  -4
92  -2
72  -1
36  1
63  -6
53  -3
60  -1
44  4
55  1
55  1
85  -2
78  5
66  -5
66  -5
85  -2
55  2
74  -7
66  -3
46  -2
75  5
86  -3
111  6
52  -5
61  -3
63  -7
65  -2
42  2
58  5
32  0
55  1
41  0
43  4
61  -4
63  -7
53  -4
52  -4
54  5
58  3
87  6
81  1
75  5
81  1
67  5
84  -4
50  -6
108  2
117  -3
72  0
46  0
50  -5
86  -2
55  2
57  4
89  5
102  -5
75  6
63  -5
70  5
61  -3
59  -5
51  6
58  3
56  -7
71  -7
43  3
66  -4
45  -3
54  3
61  -4
41  1
74  -7
40  1
62  -6
70  3
48  -3
70  5
54  3
69  7
65  -1
59  -6
59  -4
58  3
75  6
78  5
43  3
70  3
52  -3
62  -8
70  3
85  -2
76  -6
52  -3
76  -4
70  4
79  -2
58  4
85  -3
43  4
53  -3
82  -6
68  -7
54  3
76  -6
58  5
66  -3
86  -3
90  2
69  7
68  -6
62  -8
59  -6
33  -2
93  4
88  0
93  3
60  0
54  5
61  -4
99  7
39  -2
61  -3
69  5
71  -6
54  4
70  3
44  3
44  3
66  -5
57  4
67  6
84  -6
45  -2
78  6
75  6
57  6
75  5
71  -7
89  5
59  -4
81  2
59  -6
85  -3
76  -5
51  6
57  6
75  5
79  -1
76  -5
63  -7
59  -4
57  5
64  3
40  1
61  -3
95  7
100  -7
47  -5
55  2
46  -2
82  -6
54  5
59  -4
72  0
75  6
83  -6
55  1
72  0
50  -6
75  6
96  5
59  -6
89  7
64  2
67  5
66  -5
37  5
65  -3
78  4
47  -5
55  1
73  6
61  -5
67  5
71  -7
71  -6
64  3
52  -3
43  3
70  4
78  6
68  -6
82  -7
62  -6
48  -4
89  7
90  2
61  -3
62  -8
68  -6
99  7
91  -3
80  -6
78  5
36  2
59  -5
68  -6
50  -5
78  6
57  5
84  -4
48  -3
70  5
62  -6
59  -5
68  -6
80  -4
65  -3
47  -5
51  5
72  -2
60  -2
103  3
80  -6
84  -4
57  4
43  4
47  -5
83  -7
49  4
62  -8
80  -4
61  -3
74  -7
78  4
64  2
60  -2
57  6
54  5
82  -7
72  -1
54  4
63  -6
77  -1
69  6
68  -5
33  -1
71  -8
83  -6
82  -6
54  3
87  7
56  -7
76  -6
46  0
50  -6
66  -5
69  7
69  6
61  -3
71  -7
66  -4
111  7
69  7
70  5
56  -8
67  5
58  4
80  -4
52  -5
62  -8
67  6
77  -3
76  -6
46  -2
54  4
66  -4
63  -5
76  -6
51  7
43  3
74  -7
55  2
67  5
44  4
54  4
91  -4
61  -5
52  -4
80  -6
50  -7
54  4
57  5
61  -3
37  6
90  3
51  5
81  3
61  -3
54  4
59  -6
75  4
94  6
73  5
90  1
62  -7
64  1
77  -1
78  5
52  -5
67  6
45  -2
47  -4
54  3
53  -5
55  0
59  -5
51  5
66  -4
97  -1
74  -6
82  -8
64  2
73  4
64  1
70  5
59  -4
43  4
84  -5
61  -5
72  -2
82  -8
62  -8
50  -7
50  -7
46  -1
50  -7
53  -3
56  -8
80  -4
61  -5
72  -2
52  -3
65  -3
87  7
72  -2
62  -8
69  5
56  -7
69  7
68  -5
69  5
64  1
69  7
60  -1
59  -5
63  -7
52  -4
50  -5
39  -2
66  -5
73  4
67  5
67  5
67  7
76  -5
79  -2
57  5
70  4
69  7
103  3
65  -1
85  -4
52  -5
71  -7
50  -5
56  -8
54  4
51  7
38  1
52  -3
49  4
81  2
72  0
89  7
67  7
59  -4
52  -4
83  -8
61  -4
54  5
61  -5
78  6
71  -6
50  -6
73  6
59  -4
79  -1
55  0
91  -3
72  -2
77  -2
77  -1
67  5
74  -7
70  5
58  4
74  -5
63  -5
49  5
60  0
83  -7
62  -8
63  -6
66  -3
77  -1
28  -3
82  -8
58  5
46  0
57  4
50  -7
60  -1
78  6
52  -3
53  -5
70  3
64  2
78  6
62  -8
75  4
75  4
78  5
90  1
60  0
60  -1
96  5
103  5
64  3
82  -6
58  4
77  -1
105  -4
45  -2
80  -4
46  -1
74  -7
44  4
58  4
84  -6
61  -4
65  -1
72  -2
62  -8
80  -4
49  4
74  -6
43  5
63  -6
84  -6
59  -6
78  6
51  7
76  -5
58  5
37  6
59  -6
39  0
62  -6
76  -4
74  -5
77  -3
74  -7
97  -3
65  -3
30  6
65  -1
58  5
63  -6
73  4
72  0
51  7
108  2
48  -4
71  -6
72  -2
65  -1
60  -2
88  1
68  -6
67  5
74  -6
45  -2
80  -4
60  -2
66  -3
90  1
53  -4
50  -7
103  3
69  6
54  4
72  -1
95  6
81  3
53  -4
64  2
49  5
66  -4
85  -2
77  -1
40  2
69  5
81  3
41  2
62  -7
43  5
67  5
73  6
67  7
99  5
61  -4
72  0
59  -5
29  0
60  0
96  3
48  -2
52  -3
62  -6
66  -3
45  -3
49  5
75  5
53  -3
83  -8
77  -3
76  -4
56  -8
59  -5
63  -5
87  6
58  4
64  2
66  -5
64  1
48  -2
85  -4
61  -4
77  -1
73  6
32  -1
47  -4
59  -6
62  -6
59  -6
72  0
71  -8
56  -8
82  -6
71  -8
53  -5
87  5
70  4
75  4
41  2
75  6
91  -3
71  -8
65  -2
78  6
65  -3
45  -1
60  -1
62  -7
40  2
51  5
73  6
72  0
50  -6
74  -6
83  -6
57  6
57  4
66  -4
59  -5
58  4
55  0
41  2
46  -2
56  -8
42  2
78  6
81  3
56  -7
60  0
61  -4
83  -8
40  2
60  -2
95  6
47  -4
71  -8
49  5
65  -1
69  5
49  4
98  -6
80  -5
63  -6
51  5
101  3
46  -1
72  0
77  -1
70  5
48  -3
77  -1
80  -4
48  -4
46  0
60  0
49  5
63  -5
82  -6
61  -5
47  -4
82  -6
49  4
83  -6
65  -1
71  -6
97  -1
59  -4
72  -2
66  -3
68  -6
41  1
55  1
63  -7
64  1
68  -5
75  6
63  -5
75  4
76  -5
65  -3
54  4
39  -1
90  3
66  -3
58  3
67  5
70  4
71  -8
80  -5
55  0
77  -3
62  -8
51  6
53  -4
80  -5
62  -8
36  3
94  5
36  3
68  -5
60  -2
81  2
86  -3
73  6
64  2
54  3
41  2
75  4
67  5
84  -4
74  -6
80  -5
71  -7
68  -7
47  -4
44  2
67  6
88  1
83  -8
73  4
49  5
68  -6
53  -5
88  0
55  0
50  -6
63  -7
54  3
70  3
58  4
62  -7
52  -4
61  -4
74  -7
39  0
69  6
102  -4
68  -6
46  -1
47  -6
80  -5
55  0
75  4
68  -6
73  6
66  -3
55  1
37  6
97  -3
71  -7
70  3
49  6
72  -2
61  -3
78  6
53  -5
81  3
68  -5
106  5
63  -7
62  -6
85  -2
85  -3
41  0
66  -3
55  1
54  3
49  5
80  -4
51  7
73  4
70  5
43  4
102  -4
42  0
61  -4
73  6
67  7
66  -3
66  -3
52  -3
57  4
58  4
81  3
68  -5
73  5
76  -5
79  0
80  -5
72  -2
70  3
73  6
56  -7
64  2
58  4
54  4
67  6
58  4
65  -1
52  -5
56  -8
73  5
47  -4
66  -3
57  6
62  -7
83  -8
64  1
46  -2
85  -2
57  6
83  -7
52  -4
107  0
67  7
45  -3
87  7
91  -3
53  -4
91  -3
70  4
81  1
53  -5
50  -6
50  -5
60  0
60  -1
89  6
77  -3
83  -7
65  -2
85  -2
78  5
46  -2
74  -7
64  1
86  -4
86  -4
48  -2
58  4
74  -7
84  -6
88  0
80  -4
55  1
50  -5
52  -5
82  -6
73  6
50  -6
73  5
68  -6
39  -1
73  4
71  -7
75  4
43  5
62  -6
51  6
44  2
49  5
69  7
80  -6
40  1
61  -5
115  1
55  1
75  6
42  2
48  -4
74  -7
68  -5
49  5
56  -7
51  5
54  3
77  -3
78  4
75  4
44  3
61  -5
88  2
58  3
72  -2
95  7
80  -6
60  0
73  6
72  0
75  5
76  -4
86  -4
45  -1
82  -6
71  -8
46  0
44  3
77  -1
52  -5
62  -8
74  -6
72  0
78  6
81  1
79  0
63  -5
53  -4
63  -7
82  -8
62  -6
72  -2
33  -1
85  -2
81  1
54  3
68  -5
66  -4
80  -5
59  -6
70  4
65  -2
52  -3
78  4
59  -4
80  -4
79  -1
42  2
59  -6
64  3
58  3
99  6
58  3
67  7
54  4
52  -5
63  -7
89  7
54  3
63  -5
52  -3
75  4
44  2
83  -6
67  6
65  -1
46  -2
54  3
75  4
82  -7
73  6
74  -7
55  0
66  -5
31  7
64  3
97  -3
61  -3
75  6
73  5
71  -8
81  3
43  5
80  -4
62  -8
95  8
41  1
68  -5
60  -1
76  -6
61  -4
66  -4
60  -2
76  -4
61  -3
60  -1
51  5
59  -6
73  5
88  0
77  -1
56  -7
53  -5
44  4
69  5
40  3
73  4
68  -7
65  -2
57  5
49  4
66  -3
53  -5
55  2
82  -7
67  6
73  6
65  -2
79  -2
41  2
54  4
66  -4
60  -1
71  -6
50  -6
38  2
54  5
53  -5
87  7
80  -5
54  4
