68  -5
115  -3
66  -3
88  5
82  4
100  4
78  0
76  7
78  -2
90  -3
59  -2
80  7
80  7
77  -3
66  -2
70  -4
94  -2
66  -1
75  4
98  -8
69  5
91  1
84  -1
85  6
66  -3
59  -3
83  -9
79  3
72  -3
96  -1
91  1
61  3
101  4
58  -7
98  -8
107  6
113  -4
96  -1
94  0
63  9
85  4
100  5
77  -3
95  -7
96  -3
105  -2
106  -6
59  -2
108  -5
80  8
122  6
110  -1
122  9
99  5
96  -2
77  -2
77  1
69  6
90  -3
83  -9
74  7
107  3
47  -7
94  -2
87  7
72  -2
76  8
60  5
79  3
88  3
93  -8
75  8
100  3
108  -5
72  0
103  4
60  6
75  5
76  6
63  5
59  -4
61  4
85  6
72  -1
69  5
65  -7
117  5
63  6
74  7
84  -2
87  5
77  0
76  5
68  -3
107  7
92  4
97  3
131  5
69  5
108  -2
85  2
83  -8
81  8
72  -2
112  8
102  -6
79  2
92  3
94  -2
76  9
73  1
68  -4
42  4
99  4
93  -7
94  2
63  7
101  4
92  3
105  -1
111  -7
73  3
106  -5
86  5
103  4
97  4
94  1
90  -1
85  6
56  4
84  -1
88  5
70  -4
85  6
83  -6
69  5
115  -3
80  6
112  6
92  2
83  -7
83  -7
86  8
77  -3
104  -1
85  4
94  2
52  8
65  -8
69  5
85  3
86  4
77  -3
81  7
75  8
83  -5
74  8
71  8
84  -5
79  1
93  -6
103  2
98  -5
69  5
77  -1
64  0
77  0
81  8
78  0
95  -6
63  9
83  -5
53  8
64  1
67  1
72  0
91  -1
62  6
84  -2
70  -5
110  -2
77  -3
67  1
76  9
87  7
41  -2
66  0
38  1
74  7
55  -1
78  -1
74  7
97  3
87  6
81  5
113  -5
88  5
94  0
100  7
82  1
100  4
84  -1
89  4
90  -1
69  4
74  8
54  -3
115  -3
91  1
66  1
99  5
93  -9
61  0
73  0
52  7
81  9
81  7
69  3
77  0
53  4
61  2
100  4
88  4
80  5
103  1
55  0
80  5
77  1
91  -1
66  -2
120  -6
72  0
69  3
69  3
53  4
79  3
78  2
92  3
106  -8
86  6
58  -8
77  -3
109  2
101  5
77  -3
65  -7
74  9
73  -1
78  -2
89  4
76  9
93  -5
77  1
79  3
101  2
91  1
93  -6
81  7
78  2
95  -7
96  -2
69  7
70  -5
55  -3
86  4
57  -3
104  0
79  2
74  5
82  3
69  7
65  -5
93  -8
79  1
58  -7
72  -2
105  1
99  7
68  -5
64  3
78  1
98  -4
79  1
84  -1
87  6
59  -1
67  2
73  3
61  0
87  6
100  5
78  2
99  7
113  -7
106  -7
62  7
66  1
90  -3
73  0
107  6
99  7
112  6
89  1
85  5
69  3
85  3
76  5
85  5
100  4
75  5
69  7
75  8
74  7
94  -1
109  2
73  1
57  -1
105  1
101  2
79  3
131  5
84  -4
99  7
80  8
112  6
76  7
86  5
68  -3
81  5
93  -6
89  1
85  5
67  2
137  2
75  5
104  0
74  7
78  0
77  -2
78  -2
71  7
124  8
63  9
80  8
70  -2
120  -7
81  8
63  5
65  -5
89  1
96  -1
97  5
94  -1
52  4
108  -1
59  -2
123  4
83  -8
112  5
80  7
70  -4
87  5
94  2
71  8
98  -7
54  -3
88  1
113  -5
97  3
99  5
104  -3
102  -5
123  6
81  8
91  -1
77  -2
106  -9
99  6
68  -3
78  2
72  -1
57  -2
73  2
88  5
58  -6
89  1
92  5
58  -8
79  4
80  6
52  7
79  4
43  2
88  3
105  0
108  -3
74  5
91  2
106  -5
61  1
109  0
79  4
76  6
109  0
79  0
58  -5
75  8
65  -7
77  1
79  2
85  3
55  -2
97  4
89  3
53  5
50  -2
65  -5
81  9
78  -2
67  1
57  -2
90  0
140  0
95  -5
91  0
67  1
91  3
80  9
78  -1
108  -1
84  -4
92  5
69  4
73  1
88  1
103  4
83  -6
86  7
104  -1
101  6
84  -3
90  0
92  2
105  0
64  0
92  1
68  -3
68  -3
104  0
84  -3
82  3
79  0
95  -7
64  2
76  5
76  6
87  6
92  4
79  0
83  -6
45  0
101  3
87  6
96  -3
114  1
76  9
84  -2
96  -2
94  0
89  2
84  -2
100  4
76  8
98  -7
72  -3
88  1
107  6
74  9
94  1
105  -1
75  8
92  1
74  6
63  8
91  -1
57  0
83  -9
101  5
81  8
60  5
78  -1
91  3
62  6
83  -5
83  -7
83  -9
86  5
85  4
86  6
79  2
102  -5
85  6
104  0
83  -9
87  8
81  9
70  -4
100  6
71  5
103  3
72  -4
114  -2
82  5
45  -1
81  8
88  1
88  5
88  1
74  9
56  0
60  5
60  3
68  -5
92  3
76  9
122  7
89  5
107  6
83  -7
119  -4
92  5
57  -2
62  9
74  7
83  -6
95  -5
100  3
76  6
92  2
70  -2
95  -3
112  5
69  5
94  1
97  4
63  9
88  3
62  7
73  -1
79  2
105  0
70  -3
93  -7
78  1
91  1
97  5
81  6
94  1
104  1
108  -4
76  5
103  5
74  8
71  5
77  0
66  -2
52  6
82  3
76  8
69  6
70  -4
51  6
110  -2
125  1
80  6
79  4
76  5
95  -5
88  5
89  5
83  -8
74  7
94  1
109  2
92  3
126  4
97  5
69  7
111  -4
93  -6
109  4
103  1
78  1
95  -7
92  3
79  4
73  3
87  6
73  -1
70  -1
122  5
76  9
90  -3
94  2
98  -8
78  0
118  -1
104  -2
82  3
59  -2
97  1
98  -8
93  -9
67  5
84  -1
81  7
86  6
92  5
68  -2
77  1
94  1
95  -3
94  1
91  -1
99  5
90  0
82  4
90  0
78  2
92  5
61  3
86  7
99  6
61  1
88  3
58  -7
93  -8
58  -5
66  -3
76  5
95  -5
107  3
77  -3
65  -6
61  2
81  5
96  -3
61  0
92  2
85  3
73  3
56  3
76  7
93  -9
76  9
77  -2
71  6
101  3
86  7
77  -1
70  -1
90  0
94  -1
67  3
98  -8
97  1
57  -2
101  2
106  -7
99  5
87  7
95  -3
63  8
67  1
85  2
76  8
77  0
58  -6
95  -3
78  -2
102  -8
60  2
74  5
98  -4
77  -1
82  3
105  -1
90  -1
83  -5
83  -5
82  4
96  -3
89  4
95  -4
94  2
79  3
75  8
93  -9
66  0
70  -1
77  -2
100  7
68  -5
79  2
97  5
75  6
81  8
81  7
101  5
56  1
73  1
65  -6
66  0
80  8
67  3
87  7
102  -8
76  8
81  5
114  -2
69  3
102  -5
118  1
97  5
101  2
86  5
97  2
88  5
64  3
93  -9
82  5
111  -8
92  3
72  0
56  1
66  0
87  8
83  -5
97  4
80  7
94  2
82  1
72  -2
94  2
66  0
103  4
51  9
79  4
82  5
61  2
80  9
104  -1
77  -2
71  8
78  2
73  -1
88  5
70  -3
115  1
84  -2
80  8
82  3
84  -4
91  0
124  6
103  3
90  0
92  5
59  -4
76  7
74  6
82  1
91  0
75  4
69  4
59  0
92  3
58  -4
57  -2
57  1
51  6
62  9
85  2
87  6
79  3
89  3
91  -1
96  -1
76  9
91  0
87  6
94  0
76  9
82  2
83  -6
72  -4
121  6
100  4
105  -1
77  -2
84  -5
77  -1
91  3
100  6
90  -1
88  1
101  4
79  4
71  5
76  5
60  2
56  2
96  -5
71  4
94  -2
91  0
73  1
68  -6
92  3
85  4
70  -1
101  4
124  5
65  -8
96  -4
71  7
53  5
97  4
89  5
91  1
78  2
96  -5
82  1
67  4
69  7
77  -3
76  8
61  3
62  7
81  5
77  1
71  6
80  9
74  5
73  1
72  -3
81  9
81  9
102  -5
96  -5
74  7
102  -5
53  7
85  5
75  4
102  -8
86  5
94  -2
99  4
58  -5
93  -9
87  6
69  7
83  -7
107  4
72  0
79  2
83  -7
91  1
73  0
88  5
63  9
96  -1
103  3
105  0
81  9
100  7
66  1
92  2
71  6
58  -8
73  2
93  -7
62  9
96  -3
60  5
89  1
81  9
78  1
66  -1
96  -1
79  2
92  5
84  -4
79  2
85  4
95  -6
99  6
90  -3
71  5
55  -3
81  7
78  -2
88  2
73  1
81  7
85  4
69  4
73  1
77  -1
63  7
84  -4
71  7
104  -1
70  -2
70  -4
96  -4
65  -7
97  2
61  2
73  1
65  -8
106  -7
81  9
65  -8
107  6
103  5
65  -9
85  4
69  3
69  3
73  2
88  2
117  4
75  6
88  4
102  -9
93  -6
87  7
80  6
90  1
66  -1
68  -5
70  -3
66  -2
62  8
96  -2
97  5
62  5
75  6
81  6
90  -3
77  -1
124  7
57  -2
45  -3
92  5
82  5
69  6
107  3
89  2
86  6
70  -5
65  -6
85  6
83  -5
60  6
90  1
69  6
104  1
67  2
76  9
75  4
64  0
59  -4
68  -6
99  6
63  6
54  -6
94  2
70  -3
99  3
107  3
102  -9
111  -4
59  -2
83  -9
62  9
72  -1
53  4
115  -2
83  -7
83  -7
76  9
84  -3
81  6
94  -2
71  5
100  7
108  -2
