31  7
37  5
76  -3
62  4
61  -3
75  -1
63  -4
63  -4
40  -7
72  -1
47  -7
51  4
51  2
67  4
82  -1
59  1
36  -3
77  -4
44  -8
42  -9
59  -3
48  1
41  -5
49  0
65  -4
94  3
63  -5
58  8
74  -5
51  1
47  -8
62  0
34  1
42  -7
52  -1
81  -2
61  -1
45  2
36  -2
65  -7
73  0
44  -6
82  -1
37  3
36  -3
38  -1
50  6
29  -1
36  -2
29  -3
74  -4
56  2
72  -1
64  3
36  -3
50  6
50  3
42  -5
59  -1
66  4
64  -1
35  4
60  3
56  5
39  -5
46  4
60  7
18  7
39  -8
92  5
66  3
43  -5
59  -3
35  2
54  -4
42  -8
46  5
80  -2
55  -1
60  6
40  -6
46  3
33  -4
79  -1
38  -3
42  -5
64  3
41  -9
32  1
24  0
54  -5
74  -5
72  -3
78  -6
60  4
83  4
36  -6
85  -2
29  -2
49  3
31  8
40  -5
35  1
86  -1
75  0
35  4
54  -4
23  7
57  6
71  2
39  -8
26  -5
59  -3
54  -5
61  -1
50  4
46  6
30  4
41  -5
50  2
30  8
56  2
67  2
82  -2
30  6
52  -1
48  -3
45  1
85  -5
44  -6
68  -7
53  -1
94  7
48  -3
48  1
63  -7
60  3
51  4
39  -7
89  2
62  1
58  5
93  4
79  -2
48  -2
60  7
39  -7
54  -6
41  -7
50  2
64  1
38  -3
43  -5
67  3
79  2
36  -6
65  -4
39  -5
28  -3
52  -1
44  -5
45  2
41  -5
76  1
56  1
42  -5
49  0
37  5
70  2
62  0
61  1
77  -4
72  -2
54  -6
53  2
49  2
59  -2
48  -3
64  -1
44  -5
65  -7
52  0
79  -2
33  -6
45  0
73  0
46  4
74  -4
59  -2
51  4
37  5
35  4
75  -2
29  -1
46  2
44  -5
55  2
50  2
65  -7
51  5
93  5
68  -6
44  -5
66  2
68  -6
54  -3
79  -1
71  2
45  0
70  1
62  2
46  2
55  2
89  1
48  -3
52  -3
42  -5
68  -7
53  2
28  0
28  0
70  0
62  1
24  0
53  0
57  6
80  -2
32  3
67  4
33  -6
89  1
73  1
40  -5
47  -6
41  -7
75  0
59  1
50  3
62  1
59  -3
41  -5
45  -1
40  -6
87  -6
55  1
55  -2
27  7
52  -1
81  -1
43  -3
39  -7
35  4
50  2
72  -3
60  7
80  -3
70  -2
34  0
51  5
55  0
59  -1
26  -5
44  -8
28  1
63  -6
47  -8
46  4
37  1
60  4
75  1
41  -8
50  2
40  -5
44  -5
54  -3
68  -6
72  -4
108  -4
43  -5
60  7
41  -5
56  4
45  1
34  1
49  1
20  -3
34  0
45  -2
65  -6
37  4
41  -5
46  4
41  -7
91  5
59  -2
73  0
26  -8
53  2
47  -7
86  -1
42  -5
99  -3
54  -6
49  1
55  -2
65  -5
54  -5
42  -8
75  2
56  5
48  -1
71  5
61  -1
57  4
69  -7
62  3
60  5
44  -6
55  -2
89  0
40  -6
59  -2
33  -5
41  -6
68  -4
23  3
47  -4
55  0
97  -3
55  1
61  -3
69  -6
53  1
37  4
44  -5
57  4
65  -5
57  6
59  -3
73  3
82  -2
54  -7
59  -3
55  2
41  -7
50  3
54  -3
53  3
79  2
77  -3
58  5
39  -8
53  3
47  -5
65  -4
73  -1
50  6
45  -1
58  9
52  -3
78  -3
62  3
65  -5
87  -7
44  -5
43  -6
81  2
40  -4
42  -6
67  4
59  -2
33  -4
70  1
68  -5
21  -4
58  5
33  -2
28  1
43  -2
47  -8
44  -8
48  0
76  1
53  3
40  -3
42  -7
83  3
47  -5
39  -7
82  -5
62  3
31  6
65  -5
59  0
53  2
56  2
57  4
58  5
43  -3
63  -8
62  3
64  3
89  2
46  4
46  2
47  -8
39  -5
59  -1
48  1
72  -2
66  4
102  -1
44  -4
50  6
41  -8
83  1
31  6
50  4
41  -8
49  3
50  4
44  -7
51  5
61  -2
52  -3
30  6
41  -6
31  9
52  -3
45  -2
44  -4
65  -6
51  4
75  0
65  -4
27  4
39  -7
42  -7
51  3
68  -4
39  -4
62  0
56  5
48  1
51  1
62  4
69  -5
44  -5
75  2
44  -8
43  -6
64  1
67  3
40  -7
40  -3
63  -7
69  -6
55  1
30  6
31  5
56  2
48  1
85  -2
22  -6
53  3
66  2
49  2
46  2
78  -6
32  3
49  4
94  3
49  1
73  0
84  0
35  4
76  1
48  1
63  -6
40  -7
61  1
42  -9
62  2
54  -3
35  0
43  -2
41  -8
64  -1
51  2
65  -8
73  0
53  2
52  1
73  2
45  1
45  -1
35  2
66  2
25  -4
24  1
83  1
52  -1
51  2
48  0
63  -6
63  -4
54  -7
39  -8
43  -6
53  1
34  2
44  -6
35  4
51  4
47  -4
55  0
96  3
35  2
55  1
39  -7
64  3
32  3
35  2
55  1
55  0
27  5
72  -2
45  1
36  -2
31  9
39  -6
48  -1
39  -6
34  2
60  5
55  2
43  -2
48  -2
25  -2
36  -6
45  0
34  0
47  -7
58  5
36  -6
75  -2
40  -6
52  -1
30  7
52  -2
41  -7
59  0
43  -3
55  -1
45  1
42  -8
58  7
50  6
59  1
72  -4
37  4
53  -1
54  -5
47  -6
23  5
77  -4
49  2
69  -5
48  -2
51  4
39  -4
41  -8
35  3
46  3
56  3
69  -9
47  -8
37  1
36  -2
28  -2
73  3
36  -3
73  3
59  0
28  0
58  8
50  4
82  -1
35  1
41  -9
60  7
50  3
38  -4
58  6
49  2
59  0
30  7
38  -1
40  -6
37  4
43  -5
51  1
55  -2
42  -9
67  1
38  -3
52  1
56  5
50  4
30  6
38  -4
78  -3
57  4
39  -7
30  8
63  -6
81  2
39  -6
60  7
42  -9
62  3
59  0
86  0
53  2
78  -5
81  0
50  2
50  4
29  -1
69  -9
27  4
65  -5
53  -1
60  3
53  0
53  3
59  -1
62  0
65  -5
80  -2
73  0
28  0
47  -5
92  5
32  1
68  -4
53  3
35  2
20  -1
25  -2
46  4
40  -7
19  8
35  0
38  -4
47  -6
51  5
38  -4
36  -2
66  5
54  -5
56  5
32  4
77  -2
103  5
71  1
46  4
66  4
29  -2
33  -4
75  -1
36  -6
44  -7
47  -8
58  8
51  2
58  6
55  0
42  -7
71  4
64  1
71  1
25  0
47  -7
41  -7
53  3
28  -1
54  -4
40  -5
64  -1
38  -1
52  -3
76  0
43  -5
64  1
70  1
28  -3
71  1
73  -1
32  2
60  3
62  3
22  -5
56  2
44  -6
22  -4
35  1
56  2
82  -4
44  -7
39  -5
49  0
40  -7
60  3
57  8
48  -3
52  -2
68  -7
27  7
33  -5
86  2
67  3
37  1
87  -6
56  1
72  0
56  3
29  0
55  -2
71  2
86  1
57  4
41  -9
61  1
35  0
36  -6
36  -4
29  -3
30  6
51  4
36  -2
36  -6
52  -3
89  1
52  -3
31  8
31  9
64  1
22  -5
58  9
47  -6
46  3
73  2
46  3
43  -6
66  3
53  1
39  -4
49  3
70  1
40  -6
64  -1
107  0
74  -4
45  -1
57  5
48  -2
72  -1
57  4
65  -8
57  6
74  -5
47  -7
33  -3
67  4
85  -1
43  -4
51  1
41  -8
68  -4
53  1
56  4
29  -3
79  2
88  1
50  2
92  4
35  3
58  6
47  -4
77  0
100  3
53  -1
35  1
72  -2
86  3
91  3
59  -1
76  0
60  7
56  4
76  1
50  5
49  3
80  -2
75  -1
62  4
34  -1
31  6
59  1
86  2
58  6
47  -4
59  -3
59  -1
45  2
22  -6
74  -4
68  -6
46  6
60  3
69  -8
64  0
76  -2
58  8
47  -8
49  4
47  -8
65  -5
70  -1
46  5
64  3
50  4
23  3
47  -7
54  -7
37  1
53  0
44  -4
43  -4
57  5
48  1
40  -5
54  -7
91  6
45  0
54  -4
49  2
19  4
71  4
35  4
63  -6
56  2
48  1
85  -1
39  -8
81  1
51  1
41  -9
43  -4
59  -1
69  -9
62  4
65  -4
60  6
34  2
37  1
51  2
43  -5
46  3
57  6
69  -9
42  -8
29  1
58  7
29  1
18  8
54  -4
53  -1
45  1
58  8
49  2
35  3
80  -3
41  -7
49  0
44  -4
20  -3
62  0
20  -2
49  1
62  1
39  -6
70  0
46  2
70  -2
39  -6
28  1
54  -5
37  5
48  -1
67  2
71  4
68  -3
45  -1
62  1
37  5
82  -1
89  1
75  -1
58  6
73  2
27  4
91  4
36  -4
126  -2
39  -6
76  0
42  -7
66  2
49  4
50  4
64  -1
40  -4
43  -6
55  2
67  1
54  -6
51  3
52  1
62  3
65  -6
80  -2
86  -1
77  -2
36  -5
95  0
71  5
87  -4
59  1
50  4
39  -4
61  -2
36  -3
56  4
54  -4
91  3
40  -7
33  -5
50  3
33  -4
50  5
25  -3
69  -8
71  3
64  0
59  -3
53  0
47  -8
41  -6
53  2
35  2
42  -9
101  -1
35  4
54  -6
67  3
47  -6
62  2
75  1
41  -8
73  1
43  -4
66  4
67  5
50  2
42  -5
57  4
43  -4
62  2
30  7
61  0
55  -1
77  -2
47  -4
130  -6
47  -8
27  5
73  1
72  -3
47  -8
71  3
37  1
47  -8
50  4
61  -1
37  3
49  0
55  0
58  5
