145  2
101  4
144  5
65  3
127  1
64  -10
118  6
130  3
74  2
179  0
107  2
110  6
99  8
146  2
151  2
160  -3
102  0
127  -3
85  10
178  2
174  -8
115  5
212  1
148  5
101  2
110  2
119  -1
159  4
127  1
159  5
88  5
108  2
188  4
82  -6
134  -3
123  -6
91  9
118  6
216  0
64  -6
80  2
128  -6
101  9
113  -8
150  -7
84  6
150  -6
196  1
57  6
72  6
114  -3
128  -9
96  -3
98  -10
160  -6
99  6
88  2
70  2
149  -7
92  7
100  -5
98  -7
134  -2
119  3
92  1
120  2
198  -1
63  7
168  3
161  10
100  0
98  -8
65  2
114  3
127  -6
212  4
183  -3
105  2
118  2
94  7
107  -1
165  3
137  -7
94  7
128  -6
83  -9
86  -4
112  4
81  0
138  -5
170  -4
138  -7
94  7
104  8
101  7
98  -7
88  4
126  -3
117  5
64  -4
146  4
123  -2
122  -4
103  1
99  8
89  -1
125  0
115  6
126  -5
166  -4
123  -1
117  8
151  2
83  -7
115  4
134  -6
120  2
107  -2
86  -7
98  -3
90  -6
171  2
178  -6
108  3
124  5
140  -4
111  6
105  6
118  5
122  -1
101  6
112  11
84  7
109  0
82  -8
100  1
80  8
100  0
90  1
113  -9
75  -6
94  4
120  -3
108  9
92  5
143  7
156  6
135  -9
121  -2
95  6
124  4
83  -9
104  8
103  3
62  6
100  0
144  4
124  8
81  -3
107  -4
194  -2
140  -8
126  -6
83  -3
82  -4
92  2
75  -8
159  3
114  -1
82  -9
75  -4
150  -8
90  -6
156  2
70  -2
108  10
87  -1
107  0
69  -2
92  4
117  5
180  0
117  2
94  6
96  -5
135  -5
83  -5
79  -2
148  5
96  1
173  4
96  3
141  8
118  1
93  2
109  -1
99  6
165  6
115  2
77  -1
133  7
87  -7
112  4
96  -4
89  -2
140  -9
95  6
113  -3
99  4
62  9
120  3
69  1
91  9
178  1
49  0
126  0
129  0
121  0
131  -6
90  -6
139  0
117  10
154  2
115  4
151  1
61  -6
147  11
79  -1
137  -5
57  6
74  2
109  -2
107  -4
91  7
160  -4
206  5
137  -7
79  -3
125  0
149  0
137  -7
135  -1
97  0
132  -1
127  -6
96  1
186  3
131  0
190  7
75  -4
193  10
89  -4
89  -3
80  8
143  11
129  3
139  2
112  3
134  -4
129  3
126  -3
59  3
111  3
162  3
80  9
96  -1
124  4
164  -2
106  -2
147  9
129  2
122  -5
100  1
136  -4
89  -1
130  7
109  0
110  2
112  9
99  6
114  4
120  1
84  0
92  7
92  4
97  5
130  9
93  1
168  -2
101  2
81  -4
102  -6
112  8
117  4
91  4
174  -7
99  9
100  2
99  6
84  6
101  7
95  5
52  1
73  4
111  4
137  0
86  -9
197  -7
81  -2
149  -5
123  -8
95  4
199  2
96  -1
134  -5
140  -9
104  3
157  -2
113  -4
96  -4
139  3
155  6
176  -6
109  -3
91  7
140  -8
89  -7
78  4
97  6
114  -3
117  8
81  -5
147  10
143  8
63  3
87  -4
113  -2
99  7
148  0
93  3
66  0
135  -2
90  -5
150  -5
112  11
144  4
125  0
84  0
114  -3
76  1
145  4
113  -7
143  8
128  -7
119  3
109  -3
92  1
120  -2
100  -1
134  -3
133  6
104  5
130  10
114  -1
115  4
97  7
129  0
73  8
79  1
130  6
72  3
79  2
124  6
120  2
64  -5
126  -5
127  -1
108  6
139  7
94  4
119  -1
142  -2
129  4
95  4
105  2
126  2
121  4
62  7
126  -1
84  7
140  -10
101  7
184  4
126  -6
119  0
187  5
102  -6
107  2
128  -7
131  -3
92  4
104  7
120  -5
87  -8
117  6
101  6
120  2
109  -4
106  -2
99  2
126  2
114  -3
171  -3
76  -2
143  8
104  1
144  3
114  -3
99  4
142  -5
196  -4
79  -1
68  1
161  7
142  -5
126  -1
116  -5
65  6
67  2
148  6
188  8
109  0
77  -1
149  -7
97  7
161  10
144  7
108  5
140  -4
166  -4
103  2
136  -1
118  5
138  1
116  0
77  -1
77  2
103  -1
128  -9
76  4
74  2
143  4
83  -2
71  -4
130  7
182  9
99  8
82  -7
103  2
173  4
109  1
131  -7
129  4
107  2
101  6
126  1
162  4
95  5
84  3
156  2
230  -7
68  1
146  -1
135  -7
62  2
156  2
120  1
109  -1
130  4
112  5
138  -6
183  -5
98  -7
126  -1
71  -8
122  -6
114  -3
143  11
87  -9
103  5
158  2
113  -3
86  -7
101  7
104  7
147  7
111  2
153  -9
161  8
82  -9
163  -7
79  -5
153  -6
122  -4
91  8
84  0
75  -8
82  -7
166  -7
93  0
120  -5
169  0
126  0
136  -5
114  -1
165  0
117  8
102  -5
132  0
95  4
74  5
140  -5
120  3
53  2
174  -7
135  -1
83  -7
93  3
124  8
79  -6
130  3
88  3
105  6
73  6
129  1
97  1
140  -4
162  4
106  -5
193  9
104  6
150  -3
119  4
160  -4
113  -2
153  -5
123  -3
88  2
86  -10
120  -3
133  2
131  -6
74  4
74  3
87  -1
113  -3
142  -3
83  -3
97  6
69  -4
149  -3
150  -6
130  4
92  7
110  2
137  -7
153  -3
96  1
68  1
129  5
148  6
92  4
61  -11
130  3
142  -5
102  -4
109  -7
99  1
131  -5
117  8
155  5
78  9
134  -7
149  -4
156  3
118  2
93  5
163  0
91  7
160  -1
79  -1
119  2
100  0
174  -2
164  -9
159  9
101  2
103  1
138  -1
106  1
87  -1
50  5
127  0
150  -6
111  7
164  -3
103  3
105  6
72  1
98  -4
148  6
77  0
87  -9
82  -10
127  -6
84  0
67  -1
141  3
116  -7
78  8
130  6
109  1
93  -1
136  -3
108  2
130  7
69  -1
151  3
124  8
153  -4
112  3
96  -2
131  -1
147  8
184  7
132  -4
96  -1
137  -1
85  2
65  1
73  8
156  9
106  -1
98  -2
111  4
115  8
126  -3
171  -2
99  6
78  9
127  -1
156  7
130  6
179  -4
126  -4
84  7
121  1
144  3
169  -3
71  -9
118  6
80  2
72  3
120  1
144  7
93  3
105  -1
130  10
117  2
155  6
67  2
66  -1
78  9
89  -2
93  1
111  6
100  -2
145  3
110  4
92  9
73  8
101  6
78  2
71  -8
95  5
106  -6
64  -10
101  10
111  2
88  7
164  -7
87  -4
109  0
81  -4
52  0
67  -4
91  9
82  -3
96  -3
126  -6
152  -6
86  -11
109  -7
151  5
125  -6
83  -7
128  -9
123  -4
102  0
102  -1
90  -2
96  -3
101  9
130  9
164  -2
106  0
87  -6
124  9
167  10
56  3
68  8
149  -4
85  10
171  0
102  -5
113  -3
141  4
116  -5
167  10
105  0
96  -3
58  -10
124  9
146  -1
139  5
86  -4
133  8
78  2
78  2
63  5
128  -8
129  2
79  -1
93  1
82  -5
96  1
89  -6
115  6
108  5
161  5
128  -8
106  -1
178  -4
118  4
151  5
102  -2
150  -1
121  3
101  9
105  1
118  4
127  -7
136  -3
164  -8
107  3
111  6
110  4
120  0
111  9
104  4
62  5
120  -1
139  2
163  0
147  6
104  8
86  -8
86  -8
121  3
103  4
214  6
113  -7
77  4
93  -1
65  2
133  8
120  1
137  -2
166  -2
108  5
127  1
96  1
145  3
84  3
102  -4
90  -5
71  -9
58  -3
96  -5
117  5
157  -5
87  -5
100  -6
190  9
146  -3
147  5
138  -5
104  8
113  -2
82  -6
71  -7
153  -6
128  -2
174  -8
136  -1
53  1
126  -1
72  0
156  5
83  -9
119  3
136  1
117  5
127  -5
97  6
59  6
139  1
126  -6
135  -3
132  -3
140  -7
70  0
148  6
97  0
146  -3
86  -6
75  -8
133  9
91  5
136  -1
121  1
112  10
109  -3
109  -5
154  6
148  1
130  11
121  0
67  3
59  7
81  2
110  8
108  2
104  1
122  -2
77  2
93  3
159  9
147  9
135  -1
53  7
144  5
70  -1
109  -6
76  5
119  5
75  -9
117  8
104  1
149  -6
118  2
102  -3
148  0
92  7
101  5
98  -5
56  8
97  2
113  -6
150  -1
125  -8
107  2
87  -9
106  -1
130  11
48  -3
71  -5
127  -4
167  10
144  8
108  3
109  -2
172  3
230  -5
81  -1
163  -6
162  5
71  -5
90  1
184  0
110  7
123  0
125  -4
69  -3
122  1
85  7
104  3
95  1
71  -3
121  2
102  1
98  -8
182  5
114  5
77  3
132  0
127  -3
116  -7
156  5
121  4
131  -3
120  -5
88  -1
56  8
111  5
162  7
116  -3
53  7
112  7
130  9
91  2
96  3
140  -5
78  8
72  3
210  -1
100  -1
102  -6
85  9
177  -5
128  -10
100  2
160  -2
178  0
131  -4
74  -3
100  1
162  4
161  4
98  -6
152  -3
75  -9
108  10
140  -2
109  -6
79  -5
122  -1
116  -2
84  6
100  -2
143  8
89  -6
106  -6
135  -8
139  2
123  -5
128  -10
82  -3
76  4
175  -6
73  8
152  -7
120  2
88  0
107  -4
96  3
178  -4
165  6
64  -10
142  -8
153  -9
102  -1
99  6
133  5
85  2
139  3
170  0
117  9
192  2
107  -2
122  -6
113  -9
124  8
132  -1
125  -2
130  5
103  3
74  -3
116  -5
128  -8
