21  1
15  1
15  -3
16  -5
13  -2
10  -6
13  -1
15  -6
12  10
31  0
19  -11
10  1
14  5
14  3
11  -13
14  -1
16  6
14  5
19  1
15  -10
9  0
5  9
14  6
17  -10
8  -6
12  9
18  2
16  0
10  -2
19  -2
11  -7
2  -1
18  10
11  -8
10  1
38  -2
19  -9
9  6
15  -7
12  11
18  2
14  7
9  1
16  -2
21  8
15  -10
22  8
5  6
17  -10
14  4
8  -4
21  -2
15  -4
11  -2
9  3
5  3
13  6
11  -13
11  -9
13  -3
7  0
14  3
11  -2
6  -3
16  -1
15  -7
16  6
18  2
14  0
16  5
11  -6
21  10
19  -7
14  -3
14  -2
19  -8
10  -1
15  -6
14  1
12  1
13  8
29  3
20  3
11  -4
9  0
8  -7
12  12
12  4
18  11
13  5
19  1
15  -2
15  0
28  3
14  5
27  -6
18  0
13  5
17  -4
16  6
13  -1
11  -8
15  -6
15  -3
6  -8
12  2
15  -6
26  -11
17  -6
14  4
11  -12
11  -2
13  1
22  -1
13  5
5  8
14  9
23  0
17  -7
10  1
15  -2
8  -11
13  4
28  -4
22  11
14  5
13  -3
14  2
4  1
6  -11
12  1
12  4
24  1
26  -1
13  0
12  8
15  -9
17  -13
5  9
20  0
16  -4
18  4
16  2
8  -3
14  2
1  0
11  -10
14  1
15  -2
16  2
12  2
18  4
14  6
14  -3
12  5
12  2
6  -11
17  -12
13  7
14  -2
22  6
25  11
12  5
11  -4
18  4
14  3
13  6
10  -4
19  1
13  1
9  1
11  -7
13  2
11  -8
9  9
15  -10
3  0
15  -1
16  -4
12  7
10  5
12  6
16  -6
19  -7
18  6
17  -2
4  -6
17  -7
10  -6
6  -4
11  -9
13  -1
13  2
5  9
14  4
9  0
16  -5
17  -9
15  -10
17  -1
17  -3
20  -1
12  11
18  3
16  -4
12  3
15  -9
12  8
13  2
14  3
15  -2
19  -2
15  -9
13  6
8  -5
21  4
13  -3
14  4
20  7
17  -6
13  7
13  6
15  -9
11  -12
20  2
22  1
15  -1
20  -1
17  -11
18  5
27  -4
13  -1
14  8
10  -2
11  -13
11  -13
23  3
4  3
13  5
11  -9
27  -5
14  0
14  4
13  -3
10  3
10  -1
14  0
10  -5
8  -12
8  -11
14  -3
14  6
10  -6
12  2
7  1
8  -8
7  -1
5  -1
22  11
17  -13
15  -8
18  0
15  2
19  -1
9  -3
8  -4
25  6
9  7
18  7
13  6
14  8
11  -10
21  2
23  -3
13  9
17  -4
18  5
15  -8
7  7
12  8
12  9
21  0
8  -9
14  -1
20  -1
15  -10
7  7
12  10
21  6
10  -4
14  2
11  -10
21  3
9  8
21  0
6  -8
11  -4
13  -3
14  -2
16  -6
18  4
19  -9
14  6
16  4
16  -5
11  -8
5  8
16  2
8  -9
16  3
9  5
12  9
13  3
20  8
20  8
19  -7
20  -2
13  8
16  4
10  1
12  7
13  7
9  5
22  7
20  10
16  1
14  -3
21  0
12  4
10  -4
16  5
12  1
13  -3
10  5
18  5
8  -2
15  -5
14  1
12  2
11  -11
12  10
11  -1
14  3
14  1
15  -1
11  -10
14  -1
14  2
17  -5
16  -1
7  2
14  7
13  8
26  -5
12  1
18  0
20  -1
15  2
19  -7
15  2
10  -1
15  -4
13  9
18  1
11  -5
8  -7
13  6
19  -5
19  0
9  4
7  -2
15  -6
22  8
18  3
7  -3
8  -10
22  5
16  -5
11  -10
7  -1
7  -1
11  -10
19  -10
9  0
16  5
16  4
11  -9
11  -11
16  3
13  5
21  10
12  6
14  2
9  0
11  -4
23  4
11  -10
9  -3
18  5
11  -1
16  2
16  3
25  5
7  3
10  -5
10  4
13  3
17  -10
19  -3
19  -8
17  -12
7  -2
17  -10
17  -1
21  -2
9  4
10  2
26  0
7  9
10  -1
12  6
10  -1
10  2
15  -7
7  4
8  -12
21  -2
14  -2
10  4
16  -3
18  6
16  0
14  4
14  6
16  -1
9  4
21  -2
21  3
14  3
17  -8
6  -10
15  -3
9  1
15  2
18  11
12  5
11  -6
21  8
14  8
17  -7
19  -1
18  1
14  7
12  10
8  -1
13  6
9  2
15  0
17  -10
6  -8
14  -1
13  8
13  6
6  -1
10  4
13  9
5  9
16  -3
17  -13
15  -3
10  0
18  8
15  -1
16  -3
19  -1
12  6
10  -4
18  3
8  -5
14  -2
5  2
17  -12
13  3
11  -3
10  -6
18  2
16  -4
13  1
15  0
24  11
9  1
15  -4
17  -10
17  -8
19  -10
11  -2
11  -3
19  -4
5  6
18  11
18  2
15  -7
4  -1
15  -1
15  2
12  2
16  -3
13  4
14  9
13  6
10  2
13  9
20  5
8  -1
7  1
13  7
16  2
10  -2
26  -4
15  -10
10  -1
13  7
15  -3
10  -1
21  1
35  -10
9  4
13  -1
12  6
12  4
12  9
10  4
18  10
15  1
24  9
14  -2
11  -9
12  2
14  7
9  2
17  -1
14  3
11  -1
13  8
18  8
9  0
7  0
12  1
20  6
11  -3
15  -4
15  -6
7  8
20  2
11  -11
15  -1
15  -7
12  2
10  -6
11  -6
20  3
12  5
14  6
7  0
14  6
14  3
17  -4
10  -4
9  0
16  2
23  -1
16  6
17  -9
2  -7
18  9
19  -11
10  -4
4  0
21  1
11  -10
8  -12
17  -1
16  1
8  -8
19  -2
10  5
13  3
10  -6
8  -9
11  -3
16  -5
13  -3
14  9
9  4
15  1
7  7
6  -6
11  -10
12  12
17  -11
22  6
12  3
10  -7
13  9
17  -1
13  7
26  -11
8  -7
23  1
21  0
17  -6
11  -5
9  7
12  8
8  -13
9  9
13  8
13  3
19  1
14  8
12  3
4  -4
30  3
14  7
8  -12
6  -8
21  4
21  7
7  2
8  -8
14  0
12  10
14  0
19  -6
21  6
15  2
17  -9
17  -10
15  2
7  -3
14  9
16  -2
9  3
26  -3
11  -9
15  -1
14  -3
12  6
13  -3
11  -7
8  -11
11  -3
13  -3
13  5
10  -3
13  -2
12  1
16  -6
18  9
17  -5
14  -3
8  -5
8  -1
7  -1
19  -6
8  -11
14  -1
10  -2
8  -2
7  -3
7  -3
9  4
11  -7
10  3
18  9
11  -12
20  5
12  10
14  9
4  2
15  -8
13  1
13  8
13  0
16  5
17  -10
19  -7
12  11
13  3
4  -5
10  2
9  5
6  -5
8  -3
18  11
20  4
24  10
24  8
9  9
9  3
14  7
3  4
5  2
16  3
8  -12
11  -3
18  9
19  0
12  2
6  -2
12  9
13  7
10  -4
16  3
12  12
18  11
11  -12
18  10
13  6
18  9
11  -9
22  6
26  -9
20  3
19  -10
16  -1
22  3
18  10
20  0
11  -11
16  -5
11  -5
23  -7
13  3
8  -4
21  6
19  -7
17  -5
9  3
11  -1
9  4
9  1
11  -2
18  7
11  -4
15  -8
5  -2
19  -5
10  -2
10  -3
18  3
6  -3
13  2
19  1
10  1
7  3
11  -11
12  1
8  -10
12  1
21  3
7  -1
5  1
18  9
8  -8
13  0
19  -9
19  -4
14  3
9  1
20  0
8  -9
12  1
19  -11
22  11
18  1
16  -3
13  2
16  -2
23  0
7  7
10  3
7  2
17  -1
16  6
10  -6
15  -4
9  4
8  -10
13  0
11  -1
13  9
13  -2
17  -3
9  0
12  9
7  0
11  -3
8  -13
7  5
11  -2
14  5
7  1
12  4
16  -4
16  -3
12  1
14  -1
16  -3
11  -6
13  6
14  6
12  12
13  6
12  1
16  -5
18  1
26  -1
14  4
7  5
9  5
13  1
17  -10
21  5
5  0
8  -2
13  6
12  5
14  0
30  -3
14  -3
23  -6
13  2
14  -2
11  -2
8  -8
11  -8
7  8
13  6
22  2
8  -5
10  3
7  9
9  8
8  -7
16  5
15  -4
10  -3
12  1
12  9
14  5
15  1
14  2
11  -7
19  -1
12  7
19  -3
12  8
16  -4
15  -5
18  1
15  -1
15  -5
7  6
11  -7
14  1
14  -2
17  -9
18  11
6  -13
14  7
19  -4
13  -2
16  0
14  6
12  3
8  -9
9  -2
16  0
9  5
5  7
11  -9
19  0
23  -1
5  1
15  -5
9  2
24  0
24  9
9  7
15  -3
11  -9
20  9
9  9
7  9
18  -1
22  9
12  10
19  -4
14  3
15  -6
13  4
9  0
17  -12
15  -5
11  -5
15  -2
16  3
10  2
13  3
15  1
20  10
12  6
10  1
23  -1
11  -1
13  0
10  -2
12  8
11  -6
17  -11
26  -7
9  1
24  1
27  -4
8  -5
8  -11
15  -10
12  6
8  -6
19  -1
15  -6
13  7
24  5
13  2
7  8
18  0
11  -7
11  -13
17  -7
7  7
12  11
11  -8
10  -4
12  8
7  -1
20  6
7  -3
12  11
30  3
13  -1
14  -3
19  -1
7  2
11  -7
9  4
4  -3
18  5
8  -13
4  -5
13  0
12  10
17  -4
17  -9
17  -12
13  2
26  -6
25  4
8  -10
8  -3
13  9
22  5
12  9
15  -8
5  8
15  -7
18  2
12  7
19  -4
34  -2
15  2
12  4
11  -8
12  11
12  5
9  3
15  -7
14  -2
9  4
18  4
16  -6
10  0
27  -8
16  3
9  4
11  -13
12  0
7  -3
13  -1
10  -5
