33  2
33  6
17  -3
20  3
25  5
42  -9
19  -9
19  -7
21  6
20  -5
28  3
21  11
38  1
29  -3
19  -4
41  4
32  3
30  2
15  -4
31  -5
28  4
21  5
22  1
36  -9
21  9
25  7
43  -1
18  -1
31  3
24  7
29  2
23  -5
23  -1
35  -1
14  8
34  3
23  1
24  -1
39  10
25  11
24  -1
25  2
27  10
45  2
26  5
37  1
24  9
27  2
27  4
33  2
20  4
41  7
15  -1
16  -9
23  -3
30  5
25  3
24  8
23  3
28  4
20  3
28  3
25  9
17  -8
12  2
20  3
27  10
24  2
21  2
22  6
36  -8
21  1
32  3
16  -4
26  9
23  -5
22  10
25  6
28  -1
17  -2
29  0
25  7
31  0
20  -4
33  1
27  9
21  10
21  2
44  -8
37  9
21  6
23  -1
30  4
28  0
23  3
34  5
17  -8
44  -8
18  2
24  -1
28  3
40  0
37  3
26  9
30  -3
31  -5
23  0
17  -7
25  9
29  -2
19  -1
39  8
30  5
22  3
23  4
29  -1
21  3
35  -5
25  11
7  6
41  9
24  2
15  -9
15  -5
25  5
26  2
26  3
26  12
25  4
29  5
30  7
40  -2
25  6
29  5
33  0
33  7
26  3
24  7
18  3
39  7
29  -3
34  -2
27  12
23  3
28  1
27  9
19  -7
19  -1
25  12
29  6
18  2
26  8
33  -3
18  -1
23  -5
20  -5
26  7
36  -2
25  3
26  6
34  4
29  2
27  2
36  0
17  -7
40  5
20  0
14  1
34  -2
30  -2
23  5
39  0
29  -1
24  0
15  -6
33  -2
33  2
35  -4
42  -11
32  -6
25  4
24  4
29  -1
18  5
27  12
26  10
43  -1
34  -5
12  2
33  -1
26  6
26  2
23  -2
33  4
32  -3
27  2
27  9
26  10
29  -2
22  4
35  -3
38  2
36  -4
30  3
24  -1
28  6
21  4
29  -1
24  6
27  6
18  0
25  7
16  -7
34  5
41  3
21  6
20  -2
29  -4
24  1
40  4
28  -1
16  -10
33  4
32  -6
32  -3
23  4
24  1
29  0
21  10
17  -6
27  4
26  5
25  8
23  2
31  -7
24  8
25  12
17  -6
22  3
27  12
23  -3
27  5
35  2
32  -1
24  1
36  -9
29  -2
25  10
30  1
33  -3
21  11
37  1
26  6
20  -1
34  1
23  -4
39  3
17  -2
19  -9
31  -6
24  7
32  0
17  -11
30  5
17  -4
31  -7
17  -9
20  4
33  0
16  -7
22  1
43  2
30  4
43  -4
23  -1
19  -3
19  -6
14  0
23  4
37  1
29  2
29  -2
33  -3
25  7
31  -3
35  -3
43  -6
32  -3
20  -4
26  6
39  10
25  10
21  3
16  -9
31  2
22  4
34  3
26  12
24  9
46  -10
43  0
29  -2
17  -10
31  3
27  11
19  -9
33  0
18  5
19  -5
20  -6
38  1
18  -2
26  12
32  2
22  9
35  -3
35  -1
31  0
28  -3
28  6
26  2
29  -2
34  -3
35  -4
19  -8
24  7
29  4
40  2
21  11
34  2
25  5
16  -9
23  -5
20  -5
36  -9
20  -6
35  -6
39  0
27  8
12  -1
21  9
38  -5
16  -7
35  2
39  6
42  -8
26  10
28  -3
26  2
27  4
30  5
32  0
15  0
28  6
25  10
26  7
25  10
14  8
32  1
19  -2
20  -3
42  -7
20  0
30  3
30  5
30  0
25  8
34  3
27  7
21  10
19  1
30  5
22  7
17  -8
27  2
29  -2
22  4
22  9
28  2
28  6
29  5
35  0
30  4
19  -5
25  8
34  -4
24  -1
29  6
30  -1
40  -4
19  -8
25  5
21  3
15  0
22  5
28  0
34  0
31  -6
36  -9
45  6
24  2
35  -4
29  2
31  -1
19  -9
38  -6
23  0
21  1
24  4
27  3
18  -1
36  -6
30  7
34  -4
31  0
25  11
32  -4
21  10
32  -5
45  11
32  -6
44  -5
31  -5
21  2
29  -3
38  -2
34  4
21  6
32  -1
22  4
24  7
31  -5
30  -1
33  0
26  6
23  -1
30  7
42  -8
27  9
26  5
40  2
17  -9
20  2
20  -4
22  2
21  2
19  -6
33  2
15  -8
35  -4
35  -4
29  -3
30  -1
32  -1
44  -4
18  7
28  2
21  8
20  2
25  7
19  -5
22  3
17  -3
24  5
24  7
39  6
28  -2
21  8
26  10
31  -6
29  -3
30  2
32  0
30  6
29  -3
33  5
15  -5
31  -3
33  0
21  4
21  4
23  -5
27  11
24  -1
35  2
19  -6
35  1
33  3
14  8
26  8
17  -8
21  10
22  6
43  0
32  0
39  3
16  -7
19  -7
28  4
34  -4
27  5
30  1
31  -3
24  1
30  0
40  -3
33  -2
19  0
26  9
32  -7
34  -2
22  10
28  6
38  -2
16  -6
15  -3
25  10
33  -1
18  2
24  9
29  1
50  6
24  -1
26  2
29  -3
21  10
27  11
26  12
31  -7
16  -10
35  -4
41  1
32  0
20  4
25  10
33  -1
34  -1
16  -4
37  8
28  -1
29  0
31  2
43  -2
29  -2
22  8
29  -1
34  5
23  -4
25  10
31  2
20  0
33  -2
20  -2
10  2
37  1
27  2
23  4
25  11
24  5
19  -5
19  -5
32  -4
23  -1
37  4
24  2
26  12
31  -2
32  -5
31  0
28  4
22  1
29  0
25  3
31  -3
30  7
27  10
33  -1
27  12
20  -5
16  -10
32  1
26  2
38  -3
24  8
30  0
37  6
23  5
28  2
35  1
30  4
25  5
29  -1
35  -7
25  11
31  2
26  5
15  -7
27  11
30  -1
29  4
17  -10
36  -5
22  4
17  -12
25  2
30  -1
37  4
29  -4
26  7
22  7
24  1
23  -1
29  -1
30  7
22  0
42  -10
43  -1
12  3
49  -3
14  5
28  -1
21  11
40  1
24  2
20  -1
29  6
33  6
17  -3
22  6
24  0
15  -4
38  -4
28  -2
30  0
19  -3
33  7
29  3
20  -4
14  1
34  2
28  1
22  7
31  -3
28  -4
35  1
27  12
31  -1
40  -3
23  -3
31  -3
18  1
25  12
38  -3
31  0
24  8
20  4
41  3
27  4
29  3
32  0
22  7
30  -3
25  3
22  6
15  -1
17  -12
41  11
27  3
23  4
32  -2
30  0
22  10
22  2
30  -3
12  3
17  -5
13  4
39  8
31  3
15  -1
36  -7
24  7
37  9
42  -10
21  1
29  -1
33  1
16  0
33  -3
17  -6
26  2
32  -4
29  -1
38  3
24  2
28  -2
24  3
35  -1
18  0
13  7
26  2
26  12
21  4
34  1
33  -3
35  -3
28  4
22  0
31  -4
18  1
22  9
22  4
41  3
26  9
26  9
34  5
17  -5
20  -6
29  5
27  5
25  12
22  7
33  7
15  -2
22  7
39  10
28  1
37  5
26  3
23  -4
22  9
37  8
25  5
30  3
40  1
31  -3
30  2
33  6
14  4
26  5
29  1
25  6
26  4
40  2
34  5
34  -1
34  -3
26  4
32  -6
34  4
32  3
18  7
25  10
16  0
22  10
31  -4
41  3
35  2
25  10
39  1
28  -4
22  0
21  6
23  -4
25  2
27  5
20  -6
24  6
31  -7
28  0
32  0
23  1
29  -3
19  -7
28  6
42  -6
28  -3
28  -1
34  5
20  -5
27  6
21  4
31  0
18  3
23  4
33  2
29  -2
30  6
17  -6
35  2
40  -4
31  2
30  -3
27  4
22  3
25  4
22  6
20  -5
24  7
22  5
18  3
25  8
33  4
22  4
37  4
27  11
28  -4
18  0
28  4
15  -2
26  11
29  -3
24  1
19  -1
27  4
29  -1
31  -4
28  4
38  -7
20  0
26  3
25  6
24  -1
33  0
30  1
24  4
37  4
34  1
22  6
27  4
17  -12
36  -6
23  -2
19  -4
28  0
23  3
42  -3
28  2
28  6
17  -9
22  3
18  -1
42  -3
22  3
29  4
23  -3
53  -1
33  6
17  -8
26  2
25  6
26  6
28  3
34  3
28  -1
28  2
21  1
45  6
21  11
23  0
22  1
23  -5
29  -1
34  -5
18  5
14  5
16  -1
36  -7
20  4
27  10
27  2
27  11
38  -4
26  2
46  -6
23  2
30  6
52  2
31  -6
31  2
22  6
33  -3
33  -3
34  -4
21  4
34  -3
29  1
17  -7
17  -6
34  -3
18  -2
14  3
18  6
24  4
18  3
31  -7
28  6
27  5
26  2
23  2
22  5
28  6
22  8
43  -6
26  9
30  5
31  -2
25  11
23  -2
31  -7
19  0
34  4
28  5
27  10
28  -1
35  -3
30  2
22  10
23  5
27  10
41  6
31  -7
25  11
37  7
37  1
26  7
36  -5
27  7
20  2
23  -3
15  -4
30  -2
33  -2
33  -1
24  6
39  9
19  -7
21  7
35  -3
26  11
21  6
27  3
32  -2
26  4
29  -4
35  2
31  2
23  3
25  4
26  9
20  -5
26  10
21  9
16  -8
16  -4
25  9
26  4
24  8
28  -4
33  3
24  -1
32  3
31  -3
31  2
29  4
32  -7
17  -12
36  -6
25  12
36  -6
31  0
17  -6
28  -4
16  -9
47  11
35  2
32  3
35  -7
39  2
35  1
21  7
38  1
41  6
28  3
23  -3
35  0
26  8
22  5
23  -3
27  3
16  -3
29  3
27  7
18  0
23  -4
30  4
27  3
25  6
37  10
16  -6
