110  -1
132  0
108  4
109  10
105  7
156  -3
177  6
146  -11
122  11
150  2
110  -10
112  -4
119  -7
173  13
97  12
121  4
130  5
110  -2
99  -2
78  8
143  -2
106  1
95  12
120  5
116  -9
160  8
152  10
144  6
167  6
86  2
100  -1
104  -2
110  -7
131  -4
138  -6
146  -8
94  5
103  -5
157  -3
91  8
105  2
120  5
112  -8
103  -10
146  -9
161  5
135  4
82  2
118  -5
143  -7
95  12
105  7
143  5
110  0
137  -11
82  -4
128  5
141  6
119  -6
171  -6
67  5
157  6
95  1
107  -1
103  -10
149  4
105  0
70  -7
97  3
157  0
123  6
108  5
108  -2
91  7
90  6
55  -10
96  7
107  10
124  -2
189  6
171  -8
83  -3
121  10
136  -9
75  -12
133  -14
114  -5
125  10
152  8
166  -7
116  -12
131  0
151  5
105  4
112  -4
125  -3
90  1
98  -9
103  -5
184  0
138  -3
87  3
131  1
121  14
93  1
82  -7
130  -4
126  -8
83  4
136  4
101  -8
88  -8
149  -2
136  -6
172  -4
124  -12
125  0
191  -4
122  3
101  -10
105  6
112  -2
140  8
110  -1
134  -9
151  5
106  -2
165  2
115  4
116  -11
83  6
131  -1
91  9
105  -3
93  4
108  6
137  -1
141  3
105  8
146  -3
121  5
87  10
91  9
115  -4
113  -4
85  3
128  -6
100  -5
139  2
71  -7
80  -2
125  2
96  11
145  -6
72  -8
74  10
128  -2
80  3
161  2
141  2
69  -3
64  -1
101  0
85  -5
98  4
103  0
100  -2
119  0
105  -1
97  0
108  -4
104  -3
114  -4
97  -2
109  3
116  -9
117  5
72  -8
116  2
98  2
112  0
97  -2
120  -1
61  -6
172  6
111  5
82  3
92  -5
121  9
145  -9
64  5
109  14
110  -8
69  4
107  10
101  -10
101  -7
129  12
147  -3
86  8
109  5
79  -5
112  1
116  -5
115  -3
84  -7
114  0
98  5
128  -1
120  7
130  -8
81  10
84  -2
82  -3
128  3
120  -5
86  8
123  7
122  0
117  9
101  -10
86  -2
111  4
88  -2
134  -4
140  -3
83  7
140  -5
125  5
135  11
133  -9
115  -4
123  11
115  7
110  2
131  8
84  3
133  -9
104  -4
111  1
148  9
90  -1
163  7
77  -4
98  -9
124  -12
156  7
119  -8
117  2
86  11
101  0
103  -7
105  -1
108  3
102  1
140  7
114  -4
111  6
75  -11
94  -9
99  1
139  2
78  6
139  -2
103  -5
98  2
115  0
91  7
111  5
65  -2
123  -1
96  9
95  7
132  -6
114  2
126  -9
84  -2
110  -5
109  9
113  5
108  -5
95  0
88  0
100  4
93  7
138  -9
127  -4
159  -2
121  6
113  -1
63  -5
62  0
132  -2
142  -1
118  5
123  13
81  12
69  9
70  -11
94  -3
116  -7
85  8
62  2
88  -10
96  8
139  -3
119  -8
124  -12
86  3
70  -7
111  6
121  8
78  8
103  -2
114  -5
83  9
77  -5
93  -1
118  1
118  -7
101  -6
104  7
113  0
68  -2
164  4
73  -9
105  2
124  -4
106  6
108  1
69  4
119  -11
152  6
73  5
80  6
120  -3
120  2
98  5
125  9
99  -7
114  -2
102  -3
107  8
103  2
121  4
119  0
109  2
151  8
84  -1
63  -5
103  -10
103  2
106  -4
109  0
113  8
103  -3
119  -12
129  5
119  -13
110  -7
94  -6
138  -4
112  -4
112  -5
134  0
105  -1
121  13
121  3
91  5
81  9
116  -2
96  10
162  5
91  4
85  -3
160  8
209  5
135  6
79  -14
75  -10
100  2
179  5
68  -1
115  -6
123  10
90  6
101  2
151  0
118  0
109  9
107  8
94  3
117  6
96  3
85  2
115  4
101  2
107  -3
157  3
98  -8
131  0
182  13
111  5
87  10
120  -4
112  -6
106  -4
136  -6
133  -10
138  -2
101  -6
130  -5
101  -10
96  -1
85  0
84  -6
110  -11
113  0
104  4
96  5
98  -4
99  2
111  9
117  3
164  5
103  3
80  8
129  12
127  -8
117  -4
86  9
90  0
78  0
73  2
82  -3
96  8
96  4
128  3
83  8
91  2
142  8
118  -7
156  -6
121  6
142  0
150  -6
98  -5
109  14
141  0
87  6
155  -4
114  -11
82  -9
75  -7
97  6
111  8
106  -1
175  8
103  -2
94  0
123  0
121  3
125  0
137  -8
120  6
117  7
122  10
89  -3
77  -9
75  -8
98  0
135  7
103  0
110  -6
121  0
104  6
137  -12
162  3
157  3
138  -10
101  -2
118  4
125  4
89  -7
116  -8
112  -9
95  8
134  -2
109  4
80  -1
98  1
138  1
136  -4
111  1
69  0
121  7
79  -7
122  1
124  -13
107  8
141  3
68  5
99  5
124  0
81  8
106  -6
81  10
89  3
110  -7
169  2
155  9
126  1
115  5
120  -3
161  1
136  1
99  -4
101  -7
153  -6
136  0
151  -3
88  -8
117  -2
100  4
109  11
96  3
146  -13
101  -6
116  -3
111  8
115  -2
81  13
95  2
109  7
172  4
88  -4
113  6
109  0
130  -7
149  2
142  0
132  -5
107  3
104  1
87  11
87  2
159  2
135  1
90  -4
79  -9
110  -10
113  3
85  4
139  -11
90  -7
133  0
113  4
144  -2
98  3
120  1
99  6
91  10
96  11
82  0
205  -5
118  1
172  9
124  -14
127  2
81  3
90  -7
112  -8
83  8
93  2
150  5
144  -2
107  -1
136  -7
122  4
152  10
105  11
91  10
68  6
105  8
78  0
113  9
183  -1
80  7
93  6
111  -4
112  -3
98  5
97  11
152  11
97  9
93  -3
135  0
150  -3
148  -4
115  1
88  2
130  -3
98  -6
85  5
87  7
147  -9
115  -1
120  3
144  -3
138  -11
162  0
105  0
127  -9
136  5
122  8
38  2
146  1
96  7
96  2
117  0
124  -2
127  -8
143  -1
138  -1
157  0
113  5
158  -12
117  -2
122  5
114  -6
131  2
123  3
143  5
131  8
94  5
107  0
70  -6
123  2
110  -6
92  -12
100  -6
84  1
106  -1
116  -3
100  -8
107  3
83  10
143  3
153  -10
73  -3
61  -1
96  -2
69  8
84  1
118  -6
149  3
114  -11
123  12
78  6
146  0
114  -3
131  -6
163  11
108  -3
118  4
152  4
131  -2
98  3
102  -9
70  -9
117  -4
125  7
114  -8
148  -3
93  7
101  -5
106  -2
102  2
107  0
125  2
105  10
98  1
105  8
81  5
122  4
147  -2
134  -9
105  9
152  4
115  -6
96  5
73  4
179  9
87  13
113  4
123  12
140  8
88  -6
137  0
118  1
110  -10
178  -4
67  4
92  -2
90  7
100  -6
115  2
92  -4
163  5
78  3
108  -5
128  -2
203  7
79  -10
105  0
99  5
88  -4
171  -6
149  1
104  -6
100  0
175  10
104  -4
142  9
80  6
159  -4
88  -1
67  11
98  -9
138  -6
103  1
95  4
92  -8
128  -6
119  -5
114  -3
87  -1
101  0
120  -2
67  2
129  7
82  0
133  -10
107  8
126  -3
103  -6
122  -2
148  4
64  8
108  -4
128  4
107  6
77  -11
97  9
169  -1
156  0
82  -2
145  -7
87  8
111  7
115  -1
136  1
136  -6
119  0
104  -5
114  1
115  -7
147  -3
99  -4
74  -1
181  9
173  13
99  -5
145  0
126  -2
104  1
122  8
64  2
117  10
108  -3
111  4
107  5
155  -4
116  1
119  -10
107  -1
169  1
87  9
138  -2
121  13
133  0
62  10
98  -8
93  0
157  10
165  9
91  -1
137  -11
82  -2
85  0
121  13
121  5
83  -1
152  12
100  0
142  0
91  6
107  3
120  -5
134  0
67  -3
121  2
83  8
86  0
104  -3
106  1
121  1
115  2
119  -1
88  4
91  -4
129  7
105  -2
120  7
101  -6
86  1
149  -1
84  -6
125  4
80  8
128  -5
112  -2
153  3
130  5
83  5
122  5
146  -1
102  -11
128  5
174  -2
81  8
158  0
105  -1
151  11
119  -6
109  12
134  -10
103  1
119  -14
119  -3
112  -1
72  0
100  -6
135  -3
96  -1
116  -6
157  3
105  4
122  6
123  9
156  4
68  1
73  -4
106  4
151  4
120  -5
145  -7
70  -1
97  2
166  -10
104  1
111  4
104  -3
123  0
105  4
103  -8
122  3
105  0
152  10
110  -9
108  -4
75  -3
83  1
73  -7
93  -7
90  0
115  -2
142  6
99  -6
96  6
147  -2
113  1
106  -7
148  -1
102  2
158  1
105  11
124  -3
125  2
113  -1
135  11
134  -2
97  9
112  -3
155  7
70  1
99  0
120  5
129  10
144  7
81  13
113  -1
109  10
135  7
108  0
63  -4
182  10
100  -6
136  1
120  0
130  -1
89  4
146  -5
66  -3
139  -4
125  -2
101  2
156  -2
133  -5
128  5
122  4
138  -9
121  6
157  11
139  -11
150  4
127  -8
144  0
107  5
99  4
90  4
123  1
121  9
105  8
141  -3
128  -6
99  -8
132  3
97  9
102  -8
71  -10
109  2
106  0
83  11
98  -9
115  1
92  -8
102  -1
110  -6
125  -1
113  -1
132  2
79  -8
109  5
99  -3
78  7
99  5
105  3
122  6
108  -7
147  -7
114  -8
76  -4
93  -2
124  -12
99  -4
124  -6
78  -1
91  -4
114  -9
97  6
131  6
132  -5
99  2
74  7
90  3
101  2
92  -8
155  9
125  9
111  -2
118  0
118  -3
131  -3
99  -7
105  -2
73  3
134  -3
148  -1
114  -9
