48  6
35  -3
17  -1
20  0
30  -3
22  -2
30  3
39  2
45  5
39  -7
22  9
21  2
24  7
32  -2
19  6
38  -5
42  8
32  5
30  7
35  -3
40  4
22  7
22  -1
32  11
43  2
48  -1
28  10
24  5
27  -6
29  8
29  5
27  -4
31  7
30  1
27  -4
42  9
27  -4
30  2
39  -2
35  1
25  -6
35  -7
39  -10
24  8
28  3
32  5
18  10
38  -7
26  -1
39  -11
34  2
35  -8
33  5
34  12
31  3
33  10
36  2
31  1
38  -12
23  1
29  0
29  9
29  3
46  6
34  12
12  4
21  1
29  0
20  -1
29  8
25  0
33  3
42  11
24  4
31  -1
47  2
31  -2
31  -5
25  2
50  2
21  -5
22  2
24  1
25  -7
34  7
41  -8
23  2
18  1
29  0
48  0
42  13
20  6
34  -1
38  0
20  -5
26  -7
38  0
30  4
18  8
20  3
30  -4
34  10
37  12
30  6
34  8
26  -8
33  0
30  -4
51  -11
23  -1
17  -7
22  5
34  10
33  8
41  -13
29  8
22  6
17  -7
49  -5
35  -7
39  0
37  12
25  -8
28  5
23  -6
43  5
50  -7
32  1
20  5
23  -2
13  -8
34  9
26  -10
34  9
27  -10
17  -1
24  2
34  4
29  9
34  0
51  -7
58  -2
32  1
30  6
18  8
37  13
21  -4
49  -9
38  -1
28  12
47  -7
18  0
26  -8
25  -2
34  11
40  1
35  -6
24  4
51  -10
30  6
29  7
50  1
44  -13
38  -2
40  -7
19  11
28  2
36  9
29  4
31  9
41  -12
18  11
33  5
23  -5
25  -10
40  -8
25  -9
21  -5
26  2
24  5
45  -1
53  7
20  2
44  -12
44  -11
25  -6
48  11
33  5
27  -10
43  12
38  -8
23  -7
31  -1
16  3
43  11
34  10
30  9
23  -7
31  8
44  -8
31  9
37  9
19  4
36  3
44  -7
28  10
22  -3
28  12
18  10
18  13
51  -10
43  11
29  5
31  4
29  4
28  11
24  12
39  -12
33  7
21  -4
25  -3
39  -1
36  1
37  7
23  -7
41  -7
19  9
31  7
20  3
23  -3
27  -2
42  0
37  9
33  1
43  5
23  -1
47  -1
23  2
24  7
22  -1
43  4
31  -4
34  3
42  5
48  7
37  9
32  10
27  -9
39  -4
25  -6
39  -8
34  12
40  4
28  3
30  2
34  2
30  -4
36  8
42  9
29  8
43  4
19  8
48  7
32  11
32  7
37  1
23  -7
39  -4
22  7
28  11
24  -1
36  8
36  12
26  -3
35  -11
34  4
28  8
29  2
27  -7
22  0
37  11
33  10
24  12
31  -4
42  7
27  0
38  0
40  2
46  10
35  -6
38  -3
38  -7
43  11
31  1
22  2
35  -13
39  -9
29  5
34  2
35  -12
39  -11
32  2
40  -7
41  -6
34  12
29  9
33  11
31  8
39  -3
39  -3
26  -6
29  -2
31  -2
17  -9
17  -6
37  1
17  -10
46  2
55  5
31  -4
37  9
26  1
28  6
40  -1
36  8
30  4
50  1
18  5
37  5
29  7
35  -11
30  -2
31  -4
27  -6
22  -4
34  5
32  8
20  3
25  3
28  3
24  7
32  12
31  -5
44  -10
42  11
32  6
51  -1
31  4
41  -10
52  -6
24  5
37  4
25  -6
27  -10
28  7
37  -1
35  -3
20  0
26  -8
26  -3
21  0
28  1
17  -4
38  -8
33  10
29  9
40  1
36  -2
36  -1
26  -5
40  1
40  -9
25  -7
40  0
32  5
39  2
22  -5
13  -9
46  9
30  9
37  -1
33  2
40  0
28  5
21  -8
38  -8
37  4
42  11
25  2
33  9
46  4
42  9
28  9
37  9
11  -2
15  -5
21  -7
49  0
41  -10
30  6
26  -9
38  -14
45  6
37  5
23  -2
38  -8
27  -14
26  -1
17  -13
44  -4
27  -9
27  -2
52  2
35  -9
31  5
27  -12
25  -6
21  -7
32  8
35  -7
40  -3
45  -2
38  -7
34  0
30  -1
43  9
39  -8
43  9
29  10
41  -6
22  -4
25  -8
44  -8
26  -8
16  -6
27  -12
39  -11
39  -3
40  3
21  4
26  -8
20  -5
44  -1
39  -7
36  11
22  1
29  0
28  12
36  4
16  -2
45  6
27  -12
39  1
55  2
28  12
36  9
31  0
29  8
25  4
23  -6
31  5
39  2
21  3
27  -12
25  4
36  1
27  -10
40  5
32  12
51  -3
33  4
27  -7
16  -5
39  -9
47  6
40  -5
20  0
43  14
42  6
29  9
21  -8
24  10
34  5
35  -1
30  -3
34  8
29  7
22  4
35  0
30  9
22  7
25  -5
39  -9
48  1
37  5
36  6
40  -1
40  -2
38  0
30  -2
43  8
32  6
24  1
34  7
37  0
31  7
27  -7
27  -10
38  -14
21  0
22  9
12  -10
32  10
37  2
39  0
46  4
36  1
34  0
21  -6
37  6
50  -8
31  9
19  13
35  -8
29  2
33  8
28  7
41  -10
41  -8
26  -4
25  1
51  0
27  0
34  7
48  5
31  -4
24  12
20  7
36  7
32  -1
32  8
23  -10
42  9
39  -12
19  13
36  11
15  -5
37  13
18  9
21  -8
28  11
29  9
29  11
33  7
38  -11
32  1
21  2
33  7
36  9
37  12
31  4
39  -2
30  -2
40  -8
32  5
19  8
34  7
29  7
33  1
32  7
27  -14
20  -4
26  2
22  4
27  -12
32  1
23  -1
34  -1
16  -8
27  -2
21  3
22  -3
38  -1
41  -1
51  -4
24  4
29  0
39  -12
32  4
35  -3
40  4
37  9
30  8
39  -9
10  -6
41  -5
24  9
31  -4
36  7
26  -3
26  -3
37  0
39  -1
28  3
36  0
23  1
32  1
40  3
31  5
29  -2
37  11
39  -10
42  10
34  8
33  10
40  -7
12  0
25  0
20  -2
13  -2
41  -8
42  4
40  -7
39  -9
42  11
29  9
45  -4
31  7
24  -1
31  6
47  -4
34  5
35  -5
25  -7
17  -13
23  0
25  3
29  -1
27  -10
15  -6
29  -2
32  1
29  11
37  9
22  1
28  4
37  3
20  -6
36  -2
20  -7
32  1
16  -8
39  -7
24  8
23  1
23  -8
23  -5
36  11
35  -12
28  7
36  4
34  0
34  0
33  -2
28  11
28  2
41  -1
39  -3
26  -2
25  2
36  3
48  11
38  -3
38  0
47  5
35  -7
46  1
25  -5
15  -9
33  7
41  -10
43  0
43  0
35  1
41  -10
33  6
32  0
33  1
29  10
20  -6
17  -2
38  -6
44  -6
30  -2
38  -1
43  1
36  1
33  4
31  -1
22  1
39  -7
43  2
54  0
29  0
29  3
31  6
35  -12
32  8
20  4
23  -3
30  3
41  -5
31  -2
38  -1
30  10
13  -8
10  2
34  2
34  7
30  5
26  -5
35  -13
37  11
31  -4
18  10
35  -13
34  11
40  -4
41  -8
27  0
21  -4
30  10
26  -11
30  4
28  7
39  -11
27  -3
38  -6
37  5
39  -1
28  12
30  -3
17  -10
53  10
31  -4
29  0
54  -5
38  -13
19  11
17  -8
16  -6
35  -4
27  -1
22  2
27  -5
31  5
27  0
22  5
40  -9
38  -4
29  5
25  2
40  2
30  -1
29  7
37  13
21  -6
48  7
29  -2
36  5
46  3
34  3
29  10
43  12
27  -1
29  6
52  -8
13  1
34  5
25  4
24  9
37  1
34  9
27  -13
20  6
27  -5
41  -8
35  -4
30  -1
30  8
37  13
42  6
35  -5
22  3
22  6
44  -5
19  4
47  -4
33  9
25  4
34  11
39  -4
22  -5
30  6
17  -1
27  -7
22  4
22  6
25  2
47  6
32  10
27  -8
30  5
33  4
21  -3
32  4
23  -8
26  -9
32  3
38  -13
36  8
33  9
37  10
42  1
23  4
30  10
41  -11
24  7
32  12
40  4
30  9
32  12
50  -1
13  -10
36  12
22  -5
42  2
20  7
26  -7
43  4
37  5
33  -1
18  12
38  -7
29  4
21  -3
36  7
22  -3
16  -4
19  2
54  -5
32  1
33  -3
40  5
20  -7
21  -9
29  2
17  -11
28  13
19  2
13  -8
42  9
22  7
42  1
40  -6
32  4
38  -3
37  9
23  3
26  0
34  0
40  -6
18  1
28  11
31  9
28  4
38  -4
26  2
41  -1
37  6
16  2
38  -11
25  -9
32  10
27  -5
43  8
45  -3
20  -3
28  9
36  11
34  6
37  10
24  0
19  13
34  5
38  -6
45  -2
37  -1
26  1
26  -8
38  -14
38  -12
29  5
30  5
31  -2
24  8
40  1
41  -8
33  3
29  -3
27  -3
44  -8
24  12
40  -3
24  7
25  2
36  8
26  -12
18  10
26  -6
29  0
23  2
33  8
27  0
20  2
41  -4
17  -2
42  13
38  -6
16  2
24  3
37  8
21  -9
40  -5
28  12
42  1
27  -6
27  0
37  1
24  13
18  9
36  7
35  -5
28  10
20  2
23  -4
33  -1
29  0
37  6
37  10
23  3
20  4
27  -12
23  -4
15  -7
29  6
36  12
22  -2
26  -9
23  -7
29  -2
29  8
29  9
31  -3
23  -6
33  11
20  -6
17  -7
26  1
17  -7
30  5
23  -9
31  -2
38  -12
27  -11
31  8
29  3
35  -4
35  -2
52  1
28  2
20  -6
43  2
32  11
22  7
19  14
41  -8
20  -6
33  4
30  2
36  12
38  0
29  11
36  12
22  -5
25  -4
28  3
39  -5
28  5
19  5
