10  -6
17  6
8  -6
14  2
13  -6
9  -2
10  -6
9  -3
13  -4
7  2
10  -6
15  4
12  1
8  -8
7  0
13  -6
10  -6
12  0
3  4
5  1
10  -5
10  -6
10  -4
12  2
13  -5
19  7
13  -6
15  2
8  -8
13  -4
9  -3
11  -5
8  -6
10  -4
7  1
14  2
12  2
15  3
8  -6
9  -3
6  1
6  -1
8  -7
18  2
10  -4
9  -4
18  0
7  1
13  -4
8  -6
17  6
16  -6
12  2
10  -4
9  -2
12  0
13  -4
7  2
10  -4
11  -5
11  -4
8  -7
11  -4
6  1
16  -6
11  -3
9  -4
12  1
13  -5
8  -7
21  1
7  1
14  0
5  1
10  -6
3  3
7  2
8  -7
9  -2
17  6
14  1
11  -3
14  1
13  -4
12  0
9  -4
13  -5
7  2
7  0
8  -6
7  1
11  -5
7  0
10  -4
6  -1
15  4
8  -8
11  -3
13  -4
8  -8
8  -7
10  -5
9  -4
10  -4
10  -5
9  -4
12  0
5  3
9  -2
5  1
10  -5
10  -6
6  1
7  2
9  -2
6  0
14  1
10  -5
13  -6
7  0
16  -7
15  4
10  -6
23  -1
9  -3
12  1
15  2
8  -8
10  -5
10  -4
10  -6
15  4
11  -3
8  -8
4  -2
8  -8
13  -4
7  1
14  2
10  -6
13  -4
14  0
16  -8
7  2
12  2
7  1
12  2
4  -2
14  0
15  3
11  -3
7  2
14  2
11  -5
18  1
6  0
14  0
20  2
7  1
6  0
17  6
8  -8
14  0
10  -5
12  2
7  2
6  0
9  -2
6  -1
8  -6
12  1
8  -7
9  -3
8  -6
14  2
14  1
6  1
21  1
5  3
7  0
10  -5
17  6
15  4
10  -4
9  -4
6  0
13  -4
8  -8
10  -6
8  -7
10  -5
9  -4
19  7
5  3
12  1
8  -7
12  2
8  -8
13  -4
12  0
12  1
9  -3
12  0
15  4
9  -2
13  -4
8  -7
6  0
7  0
9  -3
7  2
15  3
8  -7
7  1
13  -5
11  -3
11  -4
17  7
12  1
11  -5
9  -3
6  -1
10  -4
13  -4
11  -3
6  -1
6  1
16  -6
8  -8
12  1
7  1
6  -1
5  1
11  -4
9  -4
9  -3
10  -6
10  -5
4  -1
6  0
4  -3
14  1
21  1
8  -6
6  0
5  2
4  -1
8  -8
13  -5
14  2
3  3
13  -6
10  -5
10  -4
13  -6
8  -7
11  -5
16  -6
12  2
4  -1
16  -7
11  -3
7  1
11  -3
10  -6
8  -6
14  0
11  -4
10  -5
11  -5
6  0
9  -2
8  -7
5  1
6  1
9  -3
7  1
11  -5
6  0
11  -3
14  2
9  -2
8  -8
15  2
7  1
13  -6
8  -7
11  -5
5  1
3  3
9  -4
14  2
7  2
12  2
8  -8
9  -4
5  1
15  3
16  -8
16  -6
10  -6
7  2
14  0
18  0
7  1
11  -3
4  -2
13  -5
14  2
8  -7
11  -4
3  4
7  1
6  1
5  2
18  0
14  0
13  -4
12  1
19  6
10  -5
7  0
5  3
11  -3
19  5
14  1
11  -5
15  4
10  -4
11  -4
6  1
11  -3
12  0
8  -6
12  1
4  -2
8  -8
6  0
18  0
19  5
13  -4
5  3
8  -8
8  -6
5  2
9  -3
6  -1
12  2
17  5
10  -6
6  0
17  6
15  4
7  0
12  0
12  1
13  -5
6  1
7  0
8  -8
11  -3
8  -6
5  2
7  0
9  -4
15  2
6  0
9  -4
13  -6
16  -7
10  -6
10  -4
14  2
10  -6
8  -8
20  1
12  2
9  -4
17  5
5  2
11  -4
9  -3
8  -8
3  4
11  -3
14  2
4  -3
17  6
10  -6
7  0
8  -6
11  -5
5  2
3  5
12  0
14  0
10  -5
8  -6
7  0
9  -3
7  0
7  2
14  1
13  -4
2  -6
10  -6
13  -5
21  3
5  3
6  0
14  1
10  -5
7  0
14  1
8  -6
16  -7
12  2
12  0
2  -6
10  -5
18  2
12  1
10  -4
16  -8
12  1
9  -4
10  -6
8  -7
9  -3
8  -7
11  -3
11  -4
20  1
10  -6
7  0
14  0
12  0
10  -5
7  0
10  -6
7  0
9  -3
6  1
9  -3
8  -6
18  0
10  -5
10  -4
5  2
12  1
9  -2
11  -4
17  5
10  -5
11  -4
13  -5
8  -8
6  -1
9  -4
9  -3
12  2
12  1
16  -6
7  1
13  -4
10  -4
9  -2
10  -6
4  -3
10  -5
14  0
13  -5
12  0
13  -4
15  2
10  -4
13  -5
14  1
5  2
9  -4
17  6
12  0
4  -3
7  2
10  -5
13  -4
7  0
13  -6
4  -3
15  3
6  0
5  1
8  -7
8  -7
6  1
11  -3
11  -3
9  -2
9  -2
10  -4
11  -4
10  -5
10  -5
17  6
12  2
12  2
12  1
7  2
9  -3
14  0
12  0
6  0
11  -3
8  -8
9  -2
9  -3
11  -3
7  0
8  -8
16  -7
10  -4
16  -6
8  -6
13  -6
12  1
13  -6
16  -7
8  -6
8  -8
9  -3
13  -4
17  5
7  1
12  1
12  1
8  -6
9  -3
15  4
10  -4
6  1
11  -5
8  -8
8  -6
12  0
7  0
18  0
17  6
10  -4
9  -4
7  2
15  2
9  -4
9  -4
3  5
7  0
5  2
7  2
16  -7
15  4
11  -3
12  1
14  1
3  3
17  6
9  -3
9  -2
12  0
13  -5
9  -4
11  -4
11  -3
7  0
10  -6
6  -1
7  2
18  1
7  1
9  -4
11  -4
16  -7
15  4
14  2
6  0
12  1
8  -6
12  2
15  3
9  -3
9  -3
12  1
8  -7
25  1
10  -5
22  -5
11  -5
5  3
4  -1
8  -6
12  2
4  -3
13  -6
8  -8
14  2
18  1
14  0
13  -6
13  -4
18  1
12  2
6  1
7  2
10  -6
15  4
8  -8
7  1
6  1
6  1
15  4
3  3
8  -8
7  2
10  -5
15  3
18  1
12  2
11  -4
8  -7
8  -6
8  -6
4  -1
8  -6
6  -1
3  4
12  1
6  0
12  2
14  0
11  -5
9  -4
12  0
14  2
13  -6
13  -6
7  1
10  -4
9  -2
9  -2
7  1
15  2
8  -6
12  0
8  -6
5  2
8  -7
14  2
11  -3
20  3
6  -1
13  -6
9  -3
12  2
6  1
16  -6
10  -5
12  1
10  -6
8  -6
3  3
14  2
6  -1
5  2
7  0
9  -4
12  1
12  0
7  0
8  -6
12  0
14  0
4  -2
14  2
14  1
8  -6
11  -5
6  0
19  7
3  4
17  7
12  1
10  -5
13  -5
13  -5
7  1
10  -5
16  -7
12  0
11  -3
12  2
8  -8
11  -5
7  2
16  -6
14  0
4  -1
8  -7
14  1
7  2
7  0
16  -8
11  -3
11  -4
8  -7
16  -6
11  -5
3  5
12  2
12  2
9  -3
10  -6
10  -5
11  -3
16  -6
6  -1
10  -4
21  1
13  -5
13  -4
8  -6
8  -7
10  -4
14  0
17  7
11  -3
11  -5
15  4
15  3
14  1
11  -5
10  -6
8  -6
9  -2
14  2
11  -5
11  -4
7  0
11  -3
12  1
12  1
12  0
19  7
5  1
14  2
4  -1
13  -4
4  -1
14  1
9  -4
23  -2
19  7
15  4
3  5
15  2
11  -3
9  -3
7  0
16  -6
11  -3
14  0
16  -8
6  -1
8  -8
11  -3
12  2
13  -4
11  -3
9  -4
20  2
8  -8
9  -2
13  -5
7  2
14  1
19  5
11  -4
14  1
8  -6
5  2
10  -4
7  1
16  -6
14  2
19  5
10  -6
21  3
4  -1
12  1
10  -5
9  -2
13  -5
15  4
5  2
14  1
10  -6
13  -5
10  -4
5  1
10  -6
6  -1
11  -5
13  -6
3  4
7  0
9  -4
5  1
10  -5
13  -4
11  -5
10  -5
8  -7
11  -3
29  -3
14  2
11  -4
18  1
15  4
6  0
11  -5
12  0
11  -3
16  -8
13  -5
6  0
15  3
10  -6
7  1
8  -6
17  7
11  -3
9  -3
10  -6
12  0
5  1
12  2
10  -6
8  -7
8  -7
10  -6
14  0
11  -3
12  1
6  -1
13  -5
13  -4
4  -3
6  1
7  1
8  -7
10  -4
17  7
7  1
9  -3
8  -8
15  3
10  -5
14  1
13  -4
13  -6
7  0
5  3
11  -4
9  -4
9  -4
12  0
9  -2
9  -4
10  -4
11  -3
13  -5
11  -5
22  -6
12  0
20  2
8  -7
14  2
13  -5
11  -3
6  -1
6  -1
13  -5
11  -4
14  2
9  -3
3  4
11  -4
14  1
12  2
12  1
12  0
5  3
10  -5
12  2
11  -5
11  -4
11  -3
5  2
11  -3
14  0
16  -6
7  0
5  1
11  -5
8  -8
9  -4
5  1
10  -5
11  -3
8  -6
5  2
10  -4
12  2
6  1
8  -7
11  -5
8  -7
7  0
10  -5
9  -4
9  -2
14  0
9  -3
10  -5
5  3
11  -4
7  2
10  -4
5  3
13  -5
13  -6
9  -3
8  -7
6  -1
10  -6
8  -8
4  -2
7  1
14  1
10  -4
16  -7
18  0
15  4
7  0
18  1
4  -2
7  1
10  -4
14  2
9  -2
9  -3
7  2
7  0
6  1
19  6
5  3
11  -3
18  2
6  1
8  -7
7  2
10  -5
10  -6
14  2
9  -3
7  2
5  3
13  -4
10  -5
4  -2
14  2
6  1
8  -8
13  -4
10  -5
14  2
10  -6
7  0
12  2
7  2
6  0
7  2
11  -4
10  -6
9  -4
11  -5
13  -5
8  -8
7  0
6  1
9  -2
4  -2
8  -6
