98  0
69  -5
117  0
69  -1
136  0
76  -5
90  -2
96  0
152  -2
90  -4
113  10
106  -1
136  -1
100  -1
96  0
47  6
77  -6
133  -11
102  6
188  1
146  -7
76  -6
49  -1
90  0
166  4
91  2
141  -7
86  -2
134  9
58  4
133  -10
94  0
87  7
88  -4
52  -2
95  6
43  3
97  -1
93  4
89  1
133  -2
163  -6
136  2
88  -8
148  1
119  0
87  3
66  9
126  -5
148  5
114  -3
82  -4
91  2
107  -6
107  -8
185  -7
122  2
152  0
83  4
38  -9
89  1
80  -1
95  5
64  -10
75  -7
74  1
89  1
107  -3
134  -1
85  -6
146  -8
95  5
85  2
139  0
141  -7
192  -1
90  1
73  -4
107  1
137  -2
127  -2
36  -6
71  -6
49  7
138  -10
140  1
153  -8
152  1
133  -6
59  10
142  6
158  0
134  7
108  1
51  -4
113  7
115  8
127  0
133  -4
116  5
102  -1
157  11
64  -2
119  2
152  -6
184  2
87  -1
119  2
99  8
80  1
97  3
86  -5
110  -5
54  8
100  -1
128  -4
53  -2
76  -1
148  4
117  1
75  -3
81  -5
86  2
106  3
77  -8
161  8
87  1
115  -1
86  -3
91  0
134  8
130  -6
71  -2
124  4
116  3
72  3
68  -8
98  1
95  3
116  5
112  9
104  0
95  5
91  -1
77  -7
104  5
91  0
119  5
111  7
53  -2
110  1
102  3
76  1
112  3
120  1
86  2
204  5
174  8
84  -9
135  1
110  -4
86  1
97  -2
107  -7
148  6
86  2
96  7
95  3
95  7
83  2
121  -3
99  2
185  -7
132  9
114  -4
110  -7
116  7
108  -3
169  -4
84  -3
76  2
162  8
106  0
86  -1
89  3
98  0
84  -9
71  -5
82  -4
55  -3
117  -5
108  -3
73  -11
82  -5
83  -4
181  2
94  -4
112  7
27  -2
131  7
134  1
49  6
88  -4
84  -8
166  9
67  4
83  5
101  2
88  -3
142  10
92  2
83  -1
144  0
138  -1
89  -1
120  7
93  5
166  3
81  -12
93  4
93  11
78  -5
90  4
83  0
141  -3
90  -6
156  -10
98  -1
112  9
125  0
63  5
111  9
61  -2
130  -4
111  2
118  -2
101  10
91  4
127  -1
159  4
154  2
73  -7
114  0
127  -1
173  -7
106  2
122  4
135  9
140  -1
88  0
94  -4
110  -6
132  5
151  2
101  1
186  -1
78  -9
51  -6
139  0
73  -6
136  1
81  -12
102  2
119  1
119  6
95  -1
93  3
80  7
98  -6
76  -3
137  1
89  3
96  6
145  1
78  -11
160  7
98  3
84  -1
164  -7
127  4
75  -1
83  6
105  -5
38  -2
140  1
156  -11
88  0
125  1
124  6
105  -2
92  -3
84  -4
132  0
96  2
59  8
106  -3
121  -10
73  -7
226  -5
84  -10
119  -1
136  2
105  1
110  -8
114  2
88  -9
138  -10
120  5
88  1
90  3
49  -1
101  0
95  2
181  -6
115  -1
83  -2
115  7
144  -3
112  8
188  3
119  -2
89  5
93  4
84  -8
162  5
142  12
70  -4
105  -5
108  -5
71  -9
130  -4
78  -4
47  0
111  6
106  0
80  4
91  4
77  -6
74  -3
96  0
124  6
127  2
130  -4
65  8
101  6
150  -1
61  -5
61  5
90  1
56  -11
127  2
86  0
122  12
119  3
123  0
99  5
132  8
122  2
127  1
78  -10
110  -7
118  2
61  -2
97  1
92  0
104  3
129  0
163  -10
125  3
147  -5
118  2
180  -3
143  12
161  4
205  -6
145  -2
134  1
141  -8
155  0
123  -7
85  2
141  -12
131  12
104  2
68  -7
96  1
108  -7
79  -6
84  -5
140  -1
72  5
132  7
119  3
110  2
87  8
87  -1
54  11
127  4
161  2
95  8
156  -11
101  4
112  9
73  -5
96  7
119  6
169  -3
93  7
100  -4
105  3
106  -5
111  1
110  -8
88  0
177  -3
67  -2
144  -8
121  -3
120  5
155  4
114  2
80  4
90  3
137  2
136  -1
148  9
105  -1
99  4
108  -6
72  2
137  1
100  1
117  1
155  3
103  -9
112  6
105  2
134  0
70  -2
180  3
65  5
157  3
77  -1
134  8
136  -7
61  1
99  4
61  4
50  4
154  11
114  -4
89  2
118  4
139  5
185  -9
100  -9
108  -9
92  0
51  -12
151  2
154  4
96  -1
125  7
80  0
148  9
138  -2
94  -4
130  -6
106  -2
170  6
126  0
113  6
126  -7
140  -6
97  0
82  -3
115  8
82  -5
107  1
90  3
135  4
111  1
121  -2
89  2
117  -2
88  -3
117  -5
108  -4
131  6
140  3
105  -2
214  5
75  -3
155  -4
98  -3
112  3
132  8
79  -6
106  -3
74  2
104  4
108  -1
65  3
134  3
75  -6
63  4
93  7
64  0
92  -4
87  5
132  4
147  -7
90  1
111  6
66  7
77  -4
108  -9
118  0
144  -6
117  1
69  -5
116  9
154  11
82  -6
122  12
70  -5
130  -3
102  3
159  -1
109  2
178  4
109  -5
92  -2
102  1
152  0
65  1
121  -3
110  0
106  4
101  10
96  4
158  6
116  8
133  -10
132  5
82  -10
105  1
77  -6
74  0
59  7
134  8
73  -7
67  7
146  -6
83  -1
78  -10
103  -6
113  9
83  -3
84  -9
105  4
154  5
97  -5
111  3
78  -3
78  -9
128  1
89  2
129  -5
139  6
141  -7
83  0
118  -5
106  -4
154  10
64  -4
172  -11
140  0
113  6
102  1
117  -1
65  9
188  7
90  -4
100  0
89  -1
76  -4
109  -5
102  2
104  4
122  8
137  4
77  -1
127  1
154  10
127  1
168  -5
121  -2
111  10
100  -6
90  3
84  -7
94  -8
134  1
124  10
142  4
134  9
116  3
99  3
99  2
95  8
138  -9
90  0
125  6
121  -10
132  6
137  3
91  1
92  1
85  -4
92  2
117  -5
65  1
175  -4
138  -7
86  -1
92  3
141  -3
131  10
78  -8
110  -3
122  7
145  -4
128  -6
70  2
139  -2
102  6
120  7
113  7
97  -5
126  -5
78  -5
134  1
52  -1
81  -4
92  -6
87  3
142  12
81  -7
116  1
41  2
110  -5
91  4
105  0
91  8
112  12
91  6
61  4
120  0
98  -6
245  -6
129  1
87  9
74  1
179  -4
105  -5
73  -8
95  9
83  2
88  -4
117  4
64  -10
141  -2
92  0
124  6
143  12
146  -5
138  -2
64  -7
100  -6
171  -7
107  -7
106  -5
177  -4
89  3
115  9
84  -8
128  -4
106  -3
91  0
154  3
104  1
113  4
86  -8
85  -6
138  -4
93  4
102  3
74  -1
131  8
72  -4
99  2
128  -4
134  0
84  -1
183  4
149  -1
125  2
67  8
155  -4
82  -7
153  -8
129  0
94  -1
81  -3
126  1
53  -11
128  -2
119  4
84  -11
90  -1
120  3
128  -8
88  -9
105  -5
121  -4
110  -4
140  -6
143  6
96  5
110  -2
210  11
91  3
72  0
97  3
173  -7
80  3
201  -6
157  8
48  -1
92  4
103  -11
107  -9
109  3
75  -8
75  -7
66  2
105  0
76  -2
86  -3
113  7
123  -2
110  -2
140  3
134  2
113  4
89  0
182  7
90  -3
186  6
112  3
86  -5
183  2
77  -9
134  6
85  -1
115  8
179  -3
85  -8
131  6
96  9
84  -7
129  -6
133  -1
122  7
70  3
100  -2
73  -6
134  2
150  1
93  2
67  7
89  5
143  11
81  -4
126  -6
140  1
136  -6
63  5
103  -2
183  2
113  2
122  12
117  -1
99  0
101  7
96  3
99  9
124  6
82  -3
89  7
99  5
95  8
72  1
91  -1
107  -4
139  5
104  9
162  3
130  1
130  -3
135  6
94  0
120  0
98  4
92  -1
108  -6
132  1
83  -4
107  0
69  -5
75  1
79  -5
131  10
85  -8
110  -3
85  -8
115  9
104  5
108  -4
102  2
90  -2
95  0
136  1
134  3
90  2
75  -2
143  5
60  2
156  -7
99  0
114  5
104  5
67  1
150  3
114  2
101  5
103  -1
96  9
145  2
87  0
89  6
156  -6
163  -3
160  5
103  -2
110  -3
90  0
126  -1
102  7
96  5
108  -3
59  5
114  2
100  -5
44  -4
70  -1
130  -3
105  0
123  -5
104  1
112  10
76  -2
100  -2
90  -6
106  -2
119  0
141  -12
60  7
75  -8
106  4
119  -4
78  -2
126  -5
120  7
69  -8
169  -2
91  3
120  6
130  0
114  -3
110  -7
126  -1
150  0
155  4
164  -10
129  1
153  -1
126  2
73  -11
115  0
153  1
68  -6
86  -3
122  3
94  -8
150  0
139  4
96  4
86  -4
88  -3
72  4
132  2
103  -3
35  -7
140  -4
102  -2
78  -6
108  -8
81  -7
176  3
107  -5
93  7
119  4
125  5
117  -3
79  -5
113  10
75  -3
117  -1
101  0
116  1
106  0
158  5
172  -11
121  -6
126  -8
115  1
111  7
123  -2
102  8
147  -3
89  1
105  2
102  6
103  -3
94  -8
80  -1
75  0
99  2
116  7
115  9
119  5
71  -1
139  6
194  -3
110  -3
70  1
166  4
125  7
117  -5
198  1
167  -4
195  0
82  -3
94  -2
85  -5
53  -3
60  6
110  -5
81  -5
73  -7
85  -7
115  5
102  5
137  1
99  9
128  -4
117  3
82  -6
119  0
156  -10
100  -2
100  -1
82  -10
101  7
143  2
76  -1
99  8
129  -2
99  6
98  2
190  -2
158  -1
162  5
101  10
117  4
112  9
141  -6
135  3
