49  -2
35  2
35  -4
25  5
38  2
34  10
34  1
36  -6
18  0
24  8
25  -1
30  -5
36  -5
27  2
35  3
20  -1
25  -3
51  3
64  -1
33  -2
42  2
26  -12
45  9
36  -1
33  -4
31  -6
39  2
46  9
44  -7
35  -1
18  -5
30  4
31  -6
24  -2
38  1
42  -4
46  3
54  2
50  -6
30  5
40  -3
52  -11
21  2
40  -1
42  -8
48  7
41  3
35  -5
20  -3
50  -7
36  -3
33  -2
34  9
37  5
63  12
53  -3
35  -4
34  6
50  -4
38  11
37  3
30  -1
21  2
48  2
55  -1
51  -5
64  -2
48  2
47  3
47  12
26  -6
47  4
35  -5
49  -7
47  1
32  1
32  4
34  10
30  3
33  -4
49  -7
41  2
34  10
46  8
46  0
41  10
32  5
42  -3
49  -4
35  2
24  9
29  -4
23  4
19  7
41  -2
27  1
45  -1
15  7
28  2
27  10
66  0
39  3
35  -5
31  5
37  5
47  0
33  0
36  0
22  1
35  -6
62  -2
25  3
51  3
75  4
26  -3
31  4
30  -2
34  0
31  -1
36  -1
25  -1
25  3
31  0
34  6
32  2
44  2
29  -9
37  9
30  -4
44  2
32  -2
36  -5
45  -3
32  -4
35  4
37  7
25  -3
39  4
32  3
42  -9
34  9
59  6
18  6
45  9
55  3
36  4
49  -2
50  1
26  -1
54  0
41  -2
34  10
47  1
48  8
36  -5
41  9
21  4
31  2
38  1
39  7
34  1
45  2
27  10
40  2
33  -10
50  5
40  -3
35  -4
47  11
35  -5
37  2
52  -5
46  -1
37  6
42  -4
24  2
22  7
44  -7
28  5
46  10
27  4
46  -1
34  5
38  11
23  -3
28  9
23  2
31  4
30  -3
36  -2
24  0
35  1
39  7
39  7
50  5
53  3
40  -4
45  0
35  -4
39  1
33  1
30  1
26  -10
31  -1
40  -1
24  9
40  -2
49  0
47  3
18  -5
41  6
43  -4
66  -3
27  11
30  -1
28  9
33  -1
24  9
45  2
30  1
18  -3
45  1
27  3
27  4
33  0
49  -10
46  2
25  1
30  -3
37  3
51  5
63  1
69  -3
42  -8
53  -3
43  -2
36  -3
68  -10
43  -7
20  0
59  8
43  1
28  2
40  -2
31  5
19  -2
44  1
19  1
39  1
24  6
35  6
70  -4
32  1
54  1
38  5
24  2
28  2
38  4
27  3
16  -7
36  -6
37  6
53  5
27  7
41  0
30  0
26  -7
44  -4
36  -8
25  -4
60  -3
35  0
38  -1
24  5
37  7
32  7
21  1
55  1
45  9
42  -2
32  -2
55  -5
31  0
49  -2
53  4
45  8
34  6
39  13
34  2
24  8
36  -2
40  1
31  -2
39  11
38  6
42  -6
22  4
47  5
35  5
40  -1
34  8
26  -1
22  0
31  -5
32  6
45  5
27  1
14  3
36  1
47  5
25  4
44  -2
37  2
38  2
34  5
50  -3
21  5
14  0
47  3
34  6
52  -2
45  6
41  5
43  0
30  -2
42  -4
40  -2
29  0
51  1
27  4
30  -2
38  -1
42  -1
34  5
30  2
46  7
24  -2
20  3
49  -5
45  9
28  -2
43  -3
36  -7
37  5
85  -8
60  6
25  2
40  -5
26  -10
38  0
45  -1
26  -12
47  4
21  1
40  1
41  6
59  8
41  9
59  0
50  4
25  -3
14  0
25  1
43  4
25  -6
58  1
38  10
47  1
57  -5
43  -4
42  -9
15  8
47  4
30  6
28  3
21  3
25  -7
50  -1
40  -4
34  11
52  -2
18  6
34  0
25  -1
48  6
21  -4
36  -2
38  10
22  0
52  -3
31  -3
38  8
26  -1
52  -6
35  -3
36  -5
41  9
43  -7
35  -4
26  -7
32  5
24  5
20  -5
41  1
24  4
38  8
50  4
57  1
35  5
46  3
47  8
34  4
25  3
37  9
30  -5
45  2
40  2
34  6
34  0
23  8
46  0
35  3
26  -9
71  4
24  0
30  -5
41  0
43  3
26  -2
14  -2
57  2
33  -3
38  9
29  -9
32  -2
32  -1
31  -7
29  1
31  -2
48  4
27  8
46  8
31  3
73  -1
29  -8
43  -2
29  -1
51  2
20  -6
50  -1
39  10
34  11
33  -8
30  -3
35  5
30  -4
37  9
30  -6
38  6
45  7
45  3
17  6
21  1
54  9
46  8
26  -9
34  8
36  -1
42  -5
36  -7
40  -1
47  8
41  -2
60  -3
47  3
40  -1
39  6
18  -2
49  0
28  0
41  -2
48  4
12  5
34  9
51  1
52  -5
37  0
41  4
21  -3
32  -2
48  3
27  10
26  -5
21  2
43  4
28  8
45  8
30  1
33  -10
32  0
37  8
36  -6
31  -4
33  -11
33  -9
33  -3
36  3
50  -4
63  0
43  0
46  6
30  -5
34  5
47  12
36  1
34  2
29  -9
30  6
49  -2
52  -9
41  3
37  7
23  -2
47  6
41  3
39  2
49  0
23  4
25  -4
49  1
51  -4
36  0
24  2
33  -1
41  -2
44  1
44  -3
47  10
30  -3
55  6
33  -7
36  1
34  6
28  -3
40  -5
56  2
29  -9
65  -9
41  4
24  -3
51  0
25  -5
36  0
58  -8
41  2
28  -2
27  1
40  -4
56  2
32  -3
35  2
25  -3
16  -1
25  -1
59  6
41  6
40  0
29  -3
31  3
32  -4
43  -7
26  -5
25  -2
26  -3
40  -5
38  3
27  3
31  -6
28  8
27  10
40  -4
29  -5
49  -4
63  9
27  7
29  0
27  8
23  4
37  -2
35  2
55  -4
27  0
16  -2
36  3
45  2
25  1
30  -6
35  -5
35  2
44  -7
33  -3
83  -6
49  -9
40  -5
69  6
40  3
38  8
35  -5
53  -2
31  -1
47  9
40  2
30  -2
33  -6
41  2
25  -1
38  3
40  -4
34  5
49  -1
30  -4
42  -5
37  6
22  5
19  2
17  8
48  3
30  0
30  -2
46  5
37  4
41  10
28  3
32  -4
36  2
48  8
64  0
52  -12
43  0
37  4
39  8
46  8
25  2
36  -2
45  5
37  6
39  13
34  -1
56  1
31  1
34  8
38  9
24  4
40  -6
41  3
34  3
44  2
23  1
39  8
32  2
44  -9
48  12
13  3
34  7
46  9
44  -7
35  -5
45  8
44  0
49  -4
29  -2
25  1
28  7
41  9
34  3
31  -1
40  -8
26  -4
24  7
40  0
44  -9
34  0
20  1
38  8
29  -8
43  -5
35  -5
38  0
36  -6
31  -6
29  -9
35  -3
29  -1
52  -10
53  -1
24  -3
31  2
42  -6
32  -2
41  2
39  1
47  8
37  -1
40  2
41  -1
47  6
34  6
44  2
45  -3
56  5
31  -6
28  6
55  4
18  3
35  1
43  1
38  11
26  -10
31  1
32  6
42  3
43  1
36  -7
40  -4
38  -1
31  -6
37  5
47  10
31  1
44  -5
38  10
27  9
20  -3
37  10
58  2
39  4
37  3
38  5
31  4
29  -1
41  3
39  5
54  8
32  6
41  7
30  -1
35  1
51  -1
28  -1
22  1
49  -3
39  3
46  7
48  5
43  -8
28  5
33  -8
42  -6
33  -7
19  -3
52  -6
24  8
47  7
31  -2
29  -5
33  -6
41  1
29  1
43  -7
25  1
39  5
30  -2
33  -8
31  4
45  9
23  3
21  4
49  -2
39  5
28  2
27  12
33  -1
29  -4
24  0
26  -6
40  2
50  0
43  -2
21  4
30  -2
34  10
44  -3
49  0
36  0
37  7
41  -2
36  1
48  2
31  3
27  6
36  0
51  2
29  -9
43  1
35  -6
53  4
60  -4
22  4
54  10
36  -2
47  5
17  5
40  -8
35  0
34  7
36  -8
46  2
36  -2
31  4
46  1
41  -2
22  4
30  2
32  2
67  1
49  -11
29  -8
44  -5
57  3
36  -3
63  8
16  -2
26  -10
27  8
34  0
49  -5
35  0
17  5
48  11
22  -1
36  0
25  1
47  9
37  3
25  -7
32  5
23  8
43  4
53  3
40  -1
58  -5
31  -1
26  -5
18  1
27  11
44  -6
30  -2
34  0
29  -8
34  10
28  2
53  0
24  9
37  -2
33  -2
37  2
57  -3
38  3
40  3
30  2
49  -6
46  4
40  0
37  5
48  5
42  -9
55  5
49  -6
39  7
72  -5
22  6
52  -4
40  -2
56  8
31  -2
51  -5
44  -3
42  3
38  2
44  -5
38  4
33  -11
14  3
35  6
35  -4
48  9
45  -2
57  -3
39  8
46  1
23  -3
26  -12
23  0
33  -11
30  -6
38  2
29  -6
28  0
32  5
30  3
40  0
49  -8
41  6
55  3
56  10
39  2
19  2
14  5
47  5
40  -1
31  -4
37  9
34  11
24  -3
23  5
60  2
31  -3
38  8
16  -2
44  -7
44  3
42  -2
49  -8
22  7
34  7
17  5
27  6
26  -6
37  -1
57  -5
58  -6
52  -12
27  0
28  2
40  -1
32  4
39  2
26  -10
31  -4
46  8
28  4
30  -1
37  2
27  9
25  0
48  9
31  -3
27  4
46  2
24  7
31  3
37  7
25  -7
44  3
31  2
34  3
30  1
30  2
18  2
29  -6
47  9
41  6
47  11
36  2
43  -4
50  -1
34  4
32  5
33  -7
36  2
65  -11
23  2
28  8
29  -8
41  8
32  -2
34  3
31  -7
33  -10
35  -5
39  3
39  12
46  0
28  5
32  3
30  -1
42  -9
29  -1
23  6
38  6
