18  1
15  -1
12  6
17  6
14  2
28  7
18  0
28  -1
19  0
16  3
11  -5
7  -8
13  -8
17  6
15  5
30  -1
16  -3
27  7
15  7
11  -1
20  1
22  0
12  6
8  -7
13  -8
16  -4
8  -9
8  -3
17  3
7  -8
6  -11
19  6
4  -1
14  3
11  -1
22  2
16  0
22  3
24  -4
26  -2
23  -10
19  9
16  6
15  0
11  -9
24  -5
13  -6
18  4
8  -3
28  5
21  7
24  -13
27  10
18  2
10  -6
19  -1
17  3
11  -1
12  -1
17  10
13  -8
26  2
20  -2
18  9
23  -10
23  -2
12  3
9  7
14  -5
14  -4
24  -11
18  3
10  -11
18  11
12  -3
16  4
5  -1
12  2
22  -8
10  -10
10  -9
18  9
17  10
21  9
16  -6
10  -1
16  -5
11  -3
21  2
27  7
23  -6
27  3
20  -9
17  11
16  2
30  -5
15  5
18  10
11  -8
15  1
13  -1
13  -2
14  3
17  9
20  -8
10  -11
19  0
12  3
21  7
16  -6
9  9
27  6
13  -7
24  -9
16  -6
8  -4
20  -1
22  3
12  1
6  0
17  6
18  10
14  -4
24  -6
20  -4
14  -8
17  12
14  -8
33  -6
23  -7
19  1
18  0
15  2
17  8
18  2
7  -9
12  1
18  3
13  -9
12  1
26  6
25  1
18  -1
17  10
14  0
14  -2
16  2
25  5
22  1
12  1
18  6
16  3
8  -5
11  -1
18  10
14  -5
11  -9
24  -11
10  -3
13  -7
18  11
14  1
13  0
14  4
19  1
14  -2
19  10
33  -2
14  -6
18  8
7  -4
15  9
26  0
10  -2
16  2
11  -4
15  6
10  -7
27  2
10  -13
15  5
12  -5
9  2
6  0
15  2
7  -10
19  2
18  7
17  7
15  9
26  7
19  9
13  -5
19  6
15  0
23  -4
15  0
17  7
8  0
10  -11
10  -11
17  1
15  7
10  -7
11  -6
17  5
17  4
17  10
13  -6
11  -13
11  -5
18  3
16  -6
22  -5
25  7
6  -2
13  2
10  -12
13  0
17  10
23  -2
24  -4
14  -1
11  -3
8  1
26  0
20  -8
10  -10
21  1
18  1
25  -1
18  10
21  12
22  3
17  9
26  -3
18  11
12  0
16  2
13  -2
8  -4
15  8
25  10
20  -3
10  -11
9  2
15  -3
18  5
22  -5
18  7
17  9
7  -1
28  -3
21  0
16  -5
26  2
12  4
14  -1
21  2
16  -4
13  1
12  -5
12  4
12  3
25  8
15  5
14  -5
18  -1
30  -3
25  4
18  -1
16  -5
13  -2
18  5
20  -3
21  6
2  -6
14  -3
12  7
18  3
12  -1
19  3
11  -6
12  6
12  6
12  1
24  -2
8  -3
20  -11
15  0
15  -1
16  -2
18  7
21  4
12  -4
16  2
31  -11
13  -1
19  9
13  -6
22  -9
17  1
20  1
9  9
29  5
4  3
19  -2
12  -1
18  9
27  4
7  -13
20  -10
19  5
25  8
13  -2
16  5
11  -10
7  -4
19  9
19  0
7  -6
28  3
8  1
8  -4
25  3
16  6
16  1
14  -6
19  5
15  2
9  -1
19  2
21  0
15  3
19  9
6  -2
13  0
18  7
12  3
18  11
14  -1
12  -5
20  -4
12  -5
23  0
18  1
15  2
13  -2
21  4
12  7
14  -6
21  1
18  2
14  4
24  -4
13  3
13  -3
20  -8
22  3
15  9
23  -2
15  5
23  -5
9  3
18  4
18  3
13  2
16  3
8  -6
12  1
22  -6
20  -3
21  12
20  -6
6  1
16  -1
24  -13
9  2
31  -11
13  -7
10  -12
15  2
19  6
15  -3
18  8
16  -2
16  -1
16  5
18  2
20  -5
10  -7
16  -1
11  -13
25  5
14  -6
10  -4
25  1
14  -5
22  2
28  4
8  -11
11  -10
9  8
29  -5
13  -4
13  -2
13  0
13  -8
16  -1
9  6
8  -6
16  -1
13  1
33  1
26  2
24  -7
18  8
15  3
12  3
14  -5
27  2
14  -2
21  4
4  4
24  -8
15  1
14  1
16  6
15  1
15  2
17  12
22  -1
11  -11
14  -2
12  -1
13  -7
22  3
13  -5
22  0
16  4
28  5
26  -5
19  9
16  5
15  8
12  1
8  -2
10  -11
12  0
31  0
19  7
19  2
17  7
22  -4
14  -3
8  -1
19  0
9  11
15  -2
15  4
21  1
18  4
9  -1
12  -3
12  5
4  4
15  8
21  5
21  0
13  0
19  9
18  9
11  -5
13  -6
15  -3
14  -5
24  -8
6  -10
12  0
12  3
12  2
20  -8
7  -2
13  1
13  1
21  8
10  -3
17  3
20  -3
9  10
8  -1
14  3
18  7
4  9
8  -6
23  1
29  -5
16  3
23  -10
21  2
9  10
18  8
19  5
13  -3
20  -3
17  10
17  13
23  -11
13  -6
15  1
14  0
33  -3
20  -6
14  -5
19  8
15  1
26  5
19  8
10  -6
15  6
16  -2
23  1
15  3
19  3
18  3
18  7
21  0
17  7
13  1
33  1
15  7
7  -5
11  -3
22  2
22  -8
17  13
19  0
14  -1
23  -1
25  1
11  -10
26  -5
10  -4
16  -2
19  6
40  6
11  -10
21  11
13  1
12  0
22  2
22  -3
12  1
11  -8
19  6
17  13
10  -8
19  4
8  1
13  -3
28  3
13  -7
12  -4
9  9
21  4
12  3
21  0
15  3
29  -2
10  -4
11  -3
17  4
16  -5
17  2
18  3
20  -2
32  3
10  -1
15  -2
12  0
16  2
28  2
13  -9
14  4
24  -9
18  7
13  -4
31  0
20  1
16  1
11  -4
22  -7
10  -5
14  -2
21  3
12  1
15  9
12  3
15  -3
20  0
15  3
14  -3
24  -4
20  -2
28  5
27  10
11  -12
19  -1
31  1
19  8
10  -5
14  -7
7  -8
26  -4
23  -11
7  -3
23  -2
13  -1
24  -12
20  -3
16  6
12  0
11  -10
13  -5
11  -10
14  -1
7  -10
16  2
17  1
26  4
25  0
13  -4
22  2
40  -1
18  7
14  2
14  2
15  1
19  2
16  5
25  2
11  -2
20  -4
27  5
17  3
18  1
12  7
26  -1
12  7
18  3
5  -5
15  8
19  0
11  -1
8  1
17  6
12  -3
9  8
9  4
7  -13
27  7
17  9
24  -5
24  -5
22  -1
27  8
12  2
17  9
11  -5
7  -7
19  -2
32  6
16  0
13  -1
24  -3
20  -7
12  -2
12  0
12  2
21  9
23  -3
22  2
22  -5
29  4
21  7
18  5
17  8
13  3
9  2
15  1
15  -2
24  -10
8  -3
15  0
20  -4
17  4
14  -4
18  1
18  5
11  -5
9  8
7  -11
18  1
12  6
23  -3
15  1
13  -2
19  0
12  -1
8  -4
15  -1
19  5
21  12
10  -10
11  -12
10  -11
13  -5
23  -10
17  10
16  -1
21  4
20  -2
16  4
13  -3
17  9
30  3
16  2
15  -3
23  -1
16  -6
23  -11
12  -1
23  -2
9  -1
21  11
17  12
7  -7
11  -3
15  8
23  0
5  -6
22  0
21  6
15  9
8  -8
35  -4
19  9
12  -4
10  -1
11  -1
19  -2
13  2
13  -7
26  5
18  10
9  0
19  10
13  -8
23  -6
16  -4
19  -1
23  -4
5  -12
21  12
16  5
17  10
12  -1
27  -1
8  -10
13  3
21  12
16  -2
9  1
18  2
14  -7
15  -2
9  1
8  -3
22  1
17  3
27  9
14  0
15  -3
23  -7
28  6
14  1
16  -5
18  0
9  5
14  3
11  -5
12  1
11  -1
9  -1
16  -5
22  -5
21  5
24  -1
16  2
20  -10
14  -3
17  12
11  -9
9  5
15  5
15  0
10  -2
19  8
7  -10
14  -8
27  5
14  0
14  -4
16  1
19  1
27  5
7  -9
14  0
17  4
2  4
6  -2
28  9
16  0
11  -5
12  1
21  10
26  -4
16  2
25  5
11  -10
21  5
33  -3
13  -4
9  5
20  -11
2  0
14  -5
21  9
16  -5
9  9
8  1
14  3
18  8
8  1
20  -6
20  -5
15  8
7  -12
13  -5
24  -9
10  -12
20  -6
17  5
21  12
19  8
12  1
23  -5
10  -1
10  -5
16  5
17  9
16  -2
10  -5
22  2
16  -5
14  3
16  -1
10  -1
20  -1
18  8
13  -4
17  11
19  7
22  2
23  -2
4  1
15  2
12  -1
29  -1
16  0
22  -6
17  8
9  -1
20  -9
15  -3
13  0
14  -3
23  -10
17  4
14  0
22  -9
13  -6
19  7
11  -7
15  5
16  3
15  -1
25  7
29  3
16  5
23  -1
6  -6
21  9
27  1
8  -9
13  -3
8  -9
12  -4
14  -7
26  6
29  -5
30  5
19  1
10  -12
18  -1
24  -13
21  8
13  -2
13  -8
32  1
20  -6
5  -5
20  -9
10  -9
13  -7
24  -7
21  8
31  1
16  6
15  -1
11  -1
23  -4
11  -7
15  3
18  9
18  7
24  -7
10  -13
22  -2
8  -6
9  8
12  6
7  -6
27  5
27  1
19  9
19  9
29  3
6  -4
16  -6
15  0
10  -2
8  -5
16  4
9  4
30  0
25  10
15  8
21  9
15  -2
18  1
10  -9
19  6
10  -13
20  1
12  3
17  11
14  -7
15  9
25  1
14  1
12  4
22  -1
16  3
9  4
15  2
21  11
10  -11
12  -5
7  -8
19  1
16  -1
9  3
24  -5
14  -6
16  0
16  -2
18  10
8  -7
16  -3
10  -1
18  7
25  8
14  0
20  -6
14  4
18  3
29  -6
15  1
11  -6
