106  -2
142  -8
139  11
177  -2
158  5
137  6
108  10
147  -3
145  -6
166  -4
134  -4
125  -3
188  9
108  10
191  -6
156  -2
179  -7
158  3
144  -2
132  -5
103  7
143  -5
135  5
123  6
143  3
185  7
149  1
148  1
163  10
105  9
195  -9
140  10
159  0
170  -4
211  -3
161  4
154  -6
148  -5
121  9
153  8
137  7
108  0
164  0
90  -11
120  1
139  9
89  8
151  1
154  -5
168  12
93  -9
141  1
126  2
180  0
166  4
164  -3
120  -1
126  -2
134  -6
229  6
134  -11
137  4
170  -11
168  3
104  -6
131  1
174  1
174  0
131  -4
181  5
139  2
163  1
95  -3
190  -3
133  -2
223  3
137  -3
111  14
127  9
123  3
160  5
111  2
163  2
123  -8
183  7
89  6
165  -1
91  6
127  11
129  11
120  -4
134  3
103  3
140  5
122  7
101  -7
115  1
105  6
148  2
97  -12
180  -6
158  6
189  -5
124  0
142  -5
151  10
213  4
123  6
107  1
133  -2
120  -11
129  0
124  -5
100  1
174  1
158  13
167  5
140  11
119  3
128  8
173  12
163  2
124  3
141  -4
145  -8
124  -2
112  3
101  -8
168  12
147  -1
200  6
139  12
154  -8
111  4
178  4
116  1
132  -9
162  -4
169  -3
125  -9
116  -7
141  4
138  4
155  -6
102  -9
99  -10
164  1
130  -1
135  12
122  5
146  8
165  3
195  -13
158  6
148  -10
140  10
114  -7
101  2
177  -10
150  6
127  2
115  6
150  6
115  8
149  0
109  -13
127  4
197  2
114  -5
109  -12
97  -4
129  5
121  0
143  -1
117  4
134  -3
100  2
121  -5
121  3
109  -1
170  -7
138  7
130  6
117  3
140  7
163  -1
137  5
195  -13
137  7
137  11
146  0
120  -7
134  -2
130  1
142  3
131  -2
146  7
88  -1
141  -5
141  -3
124  1
134  -11
131  3
102  -8
174  -1
124  -7
122  5
132  -4
132  3
198  1
154  -2
126  3
186  7
122  6
110  -5
136  0
125  1
111  0
138  5
141  -2
126  8
114  -7
157  1
115  -4
58  1
102  -11
114  -11
113  7
132  -2
155  -7
73  3
111  6
155  -9
139  8
150  -4
184  7
173  12
189  0
186  -6
87  -5
125  -4
102  -3
133  4
148  -1
128  8
135  10
119  -1
125  3
162  -5
132  3
178  -5
143  1
125  -9
135  -1
103  3
145  -6
193  1
115  10
130  3
136  3
133  -1
128  4
117  1
97  0
151  -2
123  -4
128  13
156  -3
132  4
112  1
166  6
120  -9
102  -2
144  -1
142  -8
145  -1
134  -3
140  8
176  1
153  9
107  1
123  4
124  3
101  0
163  -1
92  12
140  -2
91  11
129  13
130  2
194  -2
158  11
119  -1
144  0
115  10
81  1
79  1
116  0
152  -12
141  -5
114  0
110  -7
135  -1
148  -5
126  10
198  -2
180  -1
248  -4
153  -1
161  5
105  10
107  -4
86  -2
167  -1
134  -5
108  0
130  3
157  1
127  8
170  -13
173  8
169  3
150  -7
118  5
120  -13
153  4
224  -9
167  6
119  -8
149  -8
168  11
154  -1
110  -2
138  7
121  4
185  2
113  -3
147  -10
156  -8
109  -12
109  -14
104  -4
168  6
136  5
166  -1
158  5
97  0
124  3
97  -8
139  1
165  3
106  1
145  -10
126  2
138  3
130  7
140  9
137  -2
135  7
132  -3
228  -9
147  -3
199  13
116  4
153  7
152  1
131  0
100  -1
152  -11
161  1
160  0
172  -5
163  7
198  5
109  -2
151  8
145  -2
178  1
146  9
129  6
142  3
205  13
129  1
160  -4
226  4
118  6
84  1
135  9
105  0
130  5
124  -9
147  -7
101  4
133  10
148  0
135  4
140  5
159  3
149  5
124  -4
110  2
122  4
114  -10
170  -5
122  10
138  8
108  1
193  -7
150  -7
170  -6
180  -7
119  -7
143  -5
136  4
126  5
86  -7
103  2
128  0
174  -3
155  1
116  -3
158  9
131  1
133  5
138  6
129  2
135  -1
187  -11
110  -1
134  1
140  7
163  12
143  6
94  4
123  3
125  1
133  -2
206  2
141  -7
133  -3
112  -8
131  4
104  -7
146  -1
87  -6
187  -2
169  -1
166  -4
100  5
151  -2
166  -6
118  -1
199  7
163  7
159  0
148  3
131  4
187  -10
125  1
150  4
174  8
197  2
148  -1
172  -4
123  -3
118  -4
145  3
134  -11
110  -7
115  1
120  -1
143  -6
150  0
127  13
123  2
135  8
130  -2
195  -2
142  -5
145  -5
148  -5
140  -2
112  4
172  -7
120  -10
110  -7
137  3
159  3
111  0
150  2
151  -3
130  0
128  12
93  -10
160  -8
125  -8
141  4
139  -2
145  1
128  8
111  14
108  6
108  -1
129  5
185  -7
173  12
101  3
182  7
114  -11
154  0
170  -3
129  13
167  12
175  -8
128  10
159  4
135  11
119  -4
178  2
112  -8
125  -6
100  7
91  3
177  -9
110  1
185  7
100  1
140  11
125  -2
130  2
203  -1
123  -7
163  3
132  -2
155  3
160  -4
162  -2
104  -4
143  -7
102  -7
137  -1
140  0
121  -5
164  1
79  -9
149  -2
173  13
164  -5
161  0
94  -7
142  -3
135  -1
154  2
135  8
137  7
113  -2
178  8
88  -1
151  -4
141  5
162  1
122  2
136  -2
169  7
122  8
151  -3
148  -2
110  -3
213  6
132  -5
150  7
215  7
129  9
165  2
172  3
156  -2
184  3
135  8
126  -2
162  -5
129  4
156  -11
137  6
140  7
172  -8
108  6
147  1
127  13
140  9
148  -2
82  -1
191  -9
135  2
112  -2
124  -6
123  4
131  -7
166  -6
117  12
144  -5
150  -3
134  2
115  5
113  -3
127  12
208  -1
94  -1
166  3
155  -4
204  -4
163  9
155  -9
147  -6
152  -10
121  7
117  0
105  3
160  -3
170  -8
113  6
146  5
131  -7
123  -3
197  -4
198  -2
119  -2
121  -2
138  9
185  0
160  -3
133  7
154  3
112  0
91  -2
183  10
156  -8
147  -5
132  5
128  3
103  -2
109  -11
123  -1
113  7
146  10
153  3
147  -9
171  -4
122  -2
130  8
109  -11
111  4
168  3
91  9
131  5
146  3
103  1
138  8
186  6
146  5
187  1
140  9
108  5
96  1
123  -3
120  -5
175  -6
111  4
96  10
108  4
152  2
118  -5
117  1
133  5
186  5
171  -3
125  5
142  3
108  12
116  -3
103  -2
177  -10
186  2
122  6
166  6
106  8
155  -6
163  1
146  10
131  -7
94  0
129  5
180  -7
144  -8
135  11
210  2
148  -3
193  -4
147  -6
167  8
132  -7
111  3
102  -8
122  -1
124  2
174  8
142  3
94  -3
116  1
92  5
140  8
132  4
90  -12
154  -7
140  3
99  -2
171  -8
140  4
131  -2
110  -3
132  2
120  -7
107  -2
178  -4
95  4
163  2
162  -4
114  -10
149  -7
143  6
167  0
149  -5
171  -1
151  -4
186  8
84  -4
113  7
185  -2
139  0
94  1
153  8
188  7
216  10
134  -9
93  -9
113  10
124  -9
154  -6
168  6
137  1
132  4
156  -11
168  14
142  3
136  5
129  5
156  -7
119  -5
144  -1
103  6
162  7
132  -5
114  -1
151  1
139  6
149  -3
161  10
101  -8
156  -2
195  -2
156  0
115  7
98  -6
116  -3
200  9
182  4
104  3
184  8
109  -14
153  -1
150  4
114  -2
152  -6
131  -5
191  0
81  7
143  -5
182  -2
167  2
176  2
103  -5
134  0
134  -5
148  -1
100  5
141  6
155  -3
248  5
126  4
189  3
129  13
94  2
103  -1
138  -3
167  2
107  8
150  -5
110  -9
151  9
144  4
123  0
107  9
100  3
135  2
166  -5
193  -13
200  1
145  -10
124  -11
120  -2
147  -7
154  -3
132  2
97  -9
153  9
135  7
108  12
152  -8
148  -7
150  -3
101  0
220  0
94  1
227  -4
122  7
132  1
136  -8
160  -4
123  -8
155  1
136  3
106  9
156  -3
205  9
155  -9
161  -1
135  1
100  1
127  0
114  -5
176  6
151  -4
121  4
155  -3
150  2
156  -11
120  -1
163  9
146  0
95  1
135  1
128  -1
118  -1
100  9
157  5
146  4
157  0
147  -4
146  -3
131  -5
108  0
125  -1
108  1
128  2
103  9
118  3
109  0
153  2
114  2
90  -6
114  -12
115  6
138  5
132  -5
175  -1
158  4
120  -13
168  8
123  -3
109  -4
178  -5
97  -4
173  9
153  3
134  -9
120  -1
173  14
101  -7
167  0
124  -3
145  -9
118  -2
176  1
99  -12
164  -3
158  13
119  -2
157  -9
80  -7
147  -1
194  5
114  -8
166  3
125  -9
84  8
135  4
116  3
197  -4
101  -9
110  -8
118  1
129  3
155  1
146  9
111  9
186  0
170  -6
114  -3
127  4
111  9
142  -9
120  -1
112  3
130  0
212  5
134  -3
140  8
146  2
133  10
114  -11
169  10
108  6
150  6
108  2
143  -2
158  12
154  -10
166  1
167  7
148  -4
105  11
114  -10
140  0
139  -1
238  11
176  3
148  -4
142  -5
153  3
137  -1
138  6
113  1
178  -3
112  -9
92  6
180  -12
151  -1
108  12
121  9
127  0
142  -8
125  -4
215  4
169  0
168  3
159  -1
123  -6
195  -13
139  2
140  10
142  2
113  3
133  2
108  -1
146  1
183  9
143  1
95  -4
144  -5
145  2
113  2
187  2
155  -7
118  -6
117  4
155  -5
120  1
170  -9
128  7
149  -2
90  -1
