31  -5
21  8
34  4
24  -4
16  2
40  0
32  3
61  -4
52  2
31  -6
49  1
30  1
29  3
43  -1
43  -6
40  4
42  0
44  -5
22  9
63  -3
21  3
31  -5
64  2
36  9
33  -3
41  2
42  3
26  5
24  4
38  -5
36  8
19  -1
36  3
30  2
29  8
16  3
40  -2
33  0
35  -6
24  3
27  -5
24  -4
49  -3
31  -9
37  8
27  -4
40  1
22  9
28  2
48  3
44  -4
49  0
35  -3
22  3
23  4
38  -4
65  -6
58  -2
42  -2
35  -5
23  0
25  0
37  4
31  -5
34  2
38  -1
23  2
31  -9
30  -2
24  -4
23  3
24  3
32  5
32  5
34  3
28  2
31  -8
17  -4
36  8
37  0
36  1
29  7
37  1
25  3
49  -1
31  -7
37  3
29  10
37  8
24  4
33  -7
18  1
38  -5
46  -1
40  0
39  2
30  -6
37  0
54  -9
29  8
36  3
39  1
46  4
30  0
52  2
31  -9
37  1
37  0
37  8
39  3
38  -5
36  5
52  -5
29  6
41  0
38  -4
32  11
51  -1
32  5
40  3
42  -1
22  6
48  3
41  -3
45  3
49  -1
42  -3
28  7
32  6
56  -3
41  -3
35  -5
33  -6
26  3
56  -4
30  -2
20  6
35  -4
34  5
33  -1
33  0
29  9
28  7
37  2
62  0
41  -1
42  0
38  -7
30  1
26  7
40  3
35  -2
33  0
34  5
50  5
30  2
34  6
32  6
45  -3
55  -6
38  -6
37  5
26  4
52  -1
28  8
25  3
52  -6
37  3
26  5
20  8
57  1
30  -6
28  2
32  4
34  7
25  0
27  -3
29  11
23  7
34  7
31  -2
47  4
41  4
27  -7
39  -3
30  -6
25  6
40  -1
23  2
41  3
45  -3
44  -5
14  -6
61  -4
34  5
28  3
32  8
33  0
22  3
31  -2
41  0
38  -4
33  -2
40  5
43  -7
36  5
25  -2
23  8
44  -5
36  7
24  3
32  4
19  -7
28  4
18  3
33  -7
38  -2
38  -7
34  7
46  7
35  -1
37  3
51  1
35  -6
37  3
29  4
27  -9
21  1
38  -2
18  1
46  7
21  1
54  -7
38  -3
37  2
28  0
42  -3
21  8
43  -2
31  -6
15  2
25  3
23  4
27  -11
36  3
36  1
23  2
31  -2
27  -4
40  -2
34  3
21  5
31  -5
29  8
35  -3
42  -1
24  -1
24  -4
34  7
23  0
26  5
36  5
38  -4
39  4
42  0
48  7
58  -5
37  7
36  2
49  3
43  -8
57  0
39  4
35  1
41  4
42  -3
46  1
41  -3
25  6
47  5
19  -7
27  -4
20  2
29  6
34  8
40  5
36  8
48  4
44  -2
37  7
39  4
50  0
37  0
30  -5
24  -2
28  1
52  1
32  3
35  -4
34  3
38  -3
35  -1
47  10
59  1
30  -5
27  -9
29  4
26  7
46  2
31  -4
35  -5
34  3
39  5
33  -7
33  -3
23  3
54  -4
48  1
21  1
34  2
35  1
35  -6
35  -2
25  2
15  6
29  4
34  4
19  -5
67  -2
42  1
43  -8
27  -7
33  -1
20  7
51  2
37  3
25  6
35  -7
51  2
44  -7
35  -7
19  -3
23  4
51  1
28  1
47  4
38  -7
17  -4
20  4
74  -5
40  0
41  -1
42  0
31  -1
45  1
28  5
24  -1
41  1
27  -9
17  -10
39  -3
24  -1
31  -8
39  1
42  1
31  -3
59  -5
39  -1
44  -7
51  -4
27  -8
37  8
20  8
42  -4
42  0
38  -1
32  8
27  -11
33  0
55  -5
31  -9
38  -1
36  7
30  -6
28  6
34  5
47  10
29  5
25  1
21  2
46  1
36  3
40  0
31  -8
52  -3
35  -4
42  2
29  7
26  5
47  6
31  -4
35  -5
35  1
37  2
29  7
37  1
42  4
37  7
26  9
12  -1
31  -4
23  8
31  -5
33  -2
51  0
36  4
29  5
38  -5
30  -5
37  2
32  8
41  0
54  -1
28  4
37  6
35  0
32  5
37  7
45  2
32  10
42  0
46  4
20  9
32  3
37  3
35  -6
36  6
31  -2
32  4
35  0
31  -5
36  6
51  -2
39  3
30  2
32  9
41  2
37  5
14  2
43  -5
45  1
37  2
26  7
50  1
31  -5
43  -6
54  -9
25  -1
26  10
30  -1
27  -11
31  -8
59  -3
34  1
38  -6
39  -3
31  -3
26  6
29  4
38  -6
47  9
28  4
32  10
34  1
28  1
32  3
25  5
28  7
54  -5
28  1
33  -7
26  8
27  -5
27  -6
26  2
58  -1
24  -4
18  -4
30  -1
20  2
17  -10
39  0
53  -6
38  -1
30  -6
30  2
23  8
42  -4
49  4
36  6
37  5
27  -7
21  7
47  4
20  3
37  4
28  0
17  -4
33  -4
36  9
41  3
37  5
40  4
13  3
30  -2
31  -7
20  8
24  -4
44  -5
41  -3
49  4
32  6
43  -8
37  0
23  6
41  -3
43  -1
31  -6
41  -3
17  -9
27  -5
36  9
18  3
40  -1
53  2
22  10
30  -6
16  -3
27  -9
36  4
45  1
19  -7
37  2
33  -8
43  -5
30  -1
43  -9
50  3
24  -1
47  4
31  -4
32  3
48  3
33  -1
41  0
41  -3
25  1
23  7
33  -3
49  -2
37  4
31  -7
49  -4
48  6
24  -1
34  6
30  -6
44  -1
58  -1
37  2
28  8
33  -6
34  6
24  2
44  -7
31  -7
28  3
43  -8
32  6
41  1
32  4
40  0
30  -4
32  7
22  10
72  -8
18  2
50  -2
28  3
59  -3
42  0
21  5
38  -7
34  3
22  6
28  4
40  0
30  -5
34  0
43  -7
35  -4
32  9
28  6
38  -7
28  0
32  7
30  -4
32  8
29  7
38  -1
37  6
33  -1
38  -3
40  2
31  -9
23  3
32  6
70  3
31  -3
44  -6
38  -5
34  4
42  -4
41  -3
42  -1
39  -1
18  -4
44  -4
42  1
30  -3
34  2
48  5
36  4
33  -7
19  0
33  -6
36  1
31  -5
51  2
30  -2
32  6
36  7
41  4
21  9
21  6
20  3
23  6
54  -6
38  -6
47  5
34  5
38  -6
40  2
23  0
46  2
38  0
33  -3
50  5
40  3
35  -1
41  3
25  4
29  4
21  6
31  -3
42  0
41  -1
44  -5
28  0
27  -11
45  2
23  6
30  2
21  2
33  -5
31  -7
55  -8
28  8
20  8
43  -7
33  -2
47  9
26  7
40  5
30  2
42  -3
58  -3
38  -7
24  1
46  2
41  2
79  9
55  -7
28  7
34  3
37  7
47  11
27  -3
36  2
32  9
47  7
44  -2
31  -2
24  4
32  8
50  0
47  9
43  -9
34  0
27  -7
40  0
29  10
43  -3
26  3
48  5
24  0
57  -5
25  0
31  -1
40  4
27  -9
27  -4
34  5
26  4
32  11
31  -9
41  -4
27  -11
46  1
43  -6
47  8
33  -5
45  -5
35  -5
27  -6
40  5
29  7
39  -1
46  1
26  5
18  -3
52  1
29  3
35  -4
20  9
36  8
26  10
40  4
46  5
32  3
27  -10
33  -5
33  -2
41  -4
25  6
38  -4
33  -6
36  3
36  7
31  -7
32  8
37  1
35  -4
37  8
31  -8
30  -4
34  2
42  -4
23  3
40  5
37  3
33  -1
45  -1
13  1
29  9
26  9
38  -4
22  6
30  -4
25  3
27  -6
48  1
38  -2
26  10
37  6
46  1
28  8
22  5
59  -2
31  -8
48  4
22  10
38  -8
44  -4
26  6
36  2
32  7
34  7
23  0
43  -8
43  -7
29  11
40  4
44  -7
25  0
61  3
42  -4
35  -6
36  4
32  6
30  -6
36  5
25  4
49  3
35  -7
47  10
22  3
42  -4
41  1
34  8
34  1
44  -4
26  5
40  -2
32  4
22  8
23  0
39  5
43  -5
44  -3
34  7
44  -4
42  -4
41  4
29  3
25  4
20  6
28  6
26  10
18  -4
47  10
58  -6
33  -4
49  2
31  -9
32  4
24  -4
48  4
42  0
34  1
36  8
45  3
31  -9
23  5
33  -7
32  9
57  -7
33  -2
51  -2
35  1
32  8
34  2
35  -2
18  0
28  8
30  -4
31  -6
26  6
28  0
23  5
43  -8
30  1
44  0
31  -8
69  3
33  -7
30  -2
24  -3
29  9
34  3
31  -7
53  -4
40  3
30  0
21  6
18  -2
27  -5
47  8
47  9
28  5
30  -6
42  -2
29  5
42  -1
40  4
39  0
25  2
30  -6
39  2
29  8
17  -7
35  -2
35  1
18  2
40  -2
51  1
44  -7
28  4
25  -1
44  -3
27  -8
26  5
30  -6
48  4
23  5
36  8
47  6
46  2
36  5
32  6
45  -1
49  0
52  2
29  4
57  0
22  8
34  7
26  6
20  10
42  1
44  -8
24  -3
30  -1
34  3
35  -7
46  7
51  1
35  1
26  6
47  9
11  -2
17  -10
44  -8
35  -2
49  2
42  4
16  1
37  2
23  1
36  2
32  6
26  6
28  5
24  4
29  7
56  -8
35  -4
29  8
23  0
30  -5
49  -4
54  -2
29  10
56  -2
27  -7
24  4
23  0
23  4
36  8
28  8
31  -3
41  2
31  -9
24  -2
49  2
41  4
42  4
44  -4
32  6
32  6
34  0
26  3
36  3
26  3
39  2
54  -2
33  -2
46  5
36  6
36  5
53  -6
39  -1
46  -1
40  -2
37  0
45  -2
48  2
44  -7
27  -6
27  -10
