38  6
50  5
34  5
25  4
47  6
51  4
48  7
29  2
45  -4
65  2
15  -4
46  6
43  6
37  1
61  8
32  7
42  4
22  -4
26  -2
37  -6
31  6
37  -2
36  3
57  9
59  -5
34  2
29  1
52  8
40  3
47  5
43  7
26  0
57  4
33  -9
24  -5
53  -4
50  6
38  9
31  4
35  0
59  -7
59  -7
34  6
35  -4
35  -4
41  0
36  10
38  10
37  -2
47  -1
40  1
36  10
33  -9
49  1
44  6
29  0
36  5
40  5
50  6
48  4
31  9
34  5
45  -5
41  -3
30  -4
33  -9
56  1
38  4
21  6
22  4
36  10
49  -8
42  3
30  -6
42  6
38  9
39  9
30  0
44  9
34  3
43  3
46  10
44  8
42  1
44  4
50  2
41  6
40  2
41  7
36  4
36  10
44  1
33  -3
47  -3
43  7
62  7
48  5
65  0
45  -3
43  10
40  8
28  -3
32  4
41  0
33  -3
35  -1
36  3
35  2
32  9
40  -2
47  6
55  2
47  3
56  5
20  -3
47  0
36  1
44  -1
55  -3
44  3
55  -2
33  -4
45  -7
33  -6
63  7
31  8
31  8
44  6
51  1
17  8
46  9
34  7
54  -5
40  1
36  6
42  3
38  1
47  -4
33  -2
54  0
30  -7
45  2
56  8
44  7
47  5
40  7
42  9
34  0
36  6
47  0
37  -3
29  9
26  2
57  1
34  3
60  -4
45  2
57  10
37  -3
46  8
46  7
52  11
32  11
43  5
33  -2
39  10
36  0
41  2
28  -1
46  4
42  2
32  3
41  0
45  -5
24  -8
46  5
55  -7
35  2
30  1
37  -6
19  -11
23  11
47  -1
57  9
24  -5
49  -3
23  12
38  6
33  -1
34  9
46  8
55  -5
35  -2
26  -6
50  -2
38  8
30  -1
47  2
31  0
39  8
46  3
24  -9
32  8
23  6
32  10
57  8
32  11
40  4
61  4
41  3
31  5
39  5
24  -5
58  4
37  -7
31  4
47  5
33  0
25  2
49  -4
37  2
57  7
41  -3
35  -2
38  1
49  -4
44  4
43  3
66  3
41  -2
44  3
32  8
23  8
51  9
28  1
31  1
52  8
40  -1
41  7
40  -1
31  0
50  1
48  10
52  5
35  2
38  11
37  -5
27  7
26  -3
30  0
26  -4
36  5
41  3
32  9
42  5
26  2
32  11
42  7
60  -3
32  7
40  -1
26  -6
36  2
35  3
21  4
29  8
41  -1
35  4
33  -8
23  11
54  0
40  2
29  9
58  2
42  7
40  1
32  8
31  9
23  11
32  10
51  1
42  8
60  -2
31  -1
37  -3
40  7
37  -1
29  6
41  4
46  11
49  -6
70  -9
35  4
31  5
47  5
31  6
48  2
27  3
42  8
25  8
38  1
45  -6
41  -1
34  0
30  1
43  3
36  6
35  3
44  9
32  2
47  0
43  2
44  2
47  4
27  5
50  2
47  5
45  -1
37  -7
34  7
20  -3
45  2
28  -4
40  8
41  -1
24  -3
27  6
41  -1
38  1
52  7
52  10
42  5
49  -7
42  2
54  -4
48  2
47  6
39  8
38  8
21  9
37  0
35  -3
43  4
31  2
32  4
48  2
44  9
28  3
34  7
41  -3
43  7
45  2
42  10
47  4
33  -2
44  0
38  2
35  -2
34  4
42  7
45  2
29  5
26  3
31  9
41  0
51  5
33  -8
47  -4
31  7
42  8
63  7
23  5
46  7
44  6
19  -10
42  0
35  -3
43  4
31  3
37  0
32  10
23  11
36  10
32  6
49  -6
39  8
49  -4
44  1
43  10
39  8
47  -4
35  0
40  8
52  6
47  -3
46  5
21  3
38  2
44  0
42  3
43  9
31  1
31  1
44  8
45  -6
31  1
28  5
50  -3
36  4
42  3
52  5
39  11
32  6
33  -5
34  1
42  5
35  5
58  1
45  -1
36  9
45  -6
65  -2
58  3
37  2
51  10
42  7
59  0
36  10
39  10
39  4
41  4
47  -3
34  9
51  10
42  8
29  2
42  9
52  3
39  1
53  -10
44  0
41  4
48  4
48  2
40  1
44  8
47  -3
28  0
26  -3
47  5
36  2
55  -1
39  7
33  -3
36  5
45  1
33  -8
76  -1
29  9
42  3
54  -3
35  4
50  6
25  9
36  2
42  6
38  4
40  5
27  7
39  4
45  -1
35  3
41  6
37  -8
50  1
61  11
37  -8
33  -9
42  8
35  3
26  -7
30  -1
33  -5
47  -2
35  -4
43  2
41  2
44  5
14  -9
38  11
40  7
38  10
38  5
28  -4
36  8
34  3
36  9
33  -2
45  -2
38  2
47  3
39  1
44  6
23  6
31  7
44  9
39  10
37  1
37  -1
35  6
56  8
35  4
34  7
59  -2
29  2
58  -1
47  5
54  4
29  9
23  4
36  4
34  3
34  9
37  2
55  -4
50  5
31  2
43  4
24  -1
20  -6
37  0
42  2
34  6
54  5
50  5
42  6
36  5
47  3
47  3
36  8
50  4
19  -9
41  2
26  -3
42  9
29  1
23  11
31  0
44  4
41  3
32  8
75  0
53  -5
43  3
31  3
49  -6
54  -4
43  3
39  5
33  -8
46  2
32  11
45  -1
24  -3
45  -7
33  -5
25  11
28  -1
30  -6
43  11
50  2
36  1
39  5
46  3
44  4
25  3
39  2
29  4
48  0
37  -2
27  9
27  7
34  8
39  1
23  9
45  1
33  1
45  -4
46  6
49  0
41  -3
47  5
47  -2
47  1
55  2
66  6
60  2
32  9
47  6
50  6
12  -11
47  0
41  -1
39  4
59  -2
51  4
17  0
37  -8
35  -3
34  0
25  3
38  9
35  2
24  1
42  1
36  8
37  -2
29  8
46  5
51  9
42  6
22  3
25  5
31  7
34  6
33  -1
52  5
34  6
40  6
39  5
23  9
27  2
43  5
30  -6
32  3
49  -1
47  0
33  -6
48  4
37  -3
46  12
39  11
32  11
28  4
47  -1
54  2
41  3
58  0
46  12
47  -4
40  7
49  2
34  8
42  5
26  1
38  8
33  -4
50  4
27  3
44  7
33  -6
74  2
38  3
47  -3
48  3
58  3
61  10
37  1
46  6
39  3
62  0
47  5
38  5
34  9
48  5
39  1
28  3
38  1
55  -6
54  -3
45  -5
61  3
30  2
44  6
31  -1
48  6
44  9
41  3
37  -7
57  3
49  -5
32  8
35  1
22  1
47  2
37  2
51  8
44  0
28  3
28  1
44  0
46  9
39  10
59  -1
49  -7
27  1
37  -3
32  3
42  4
28  -3
37  -4
62  6
47  -3
18  -1
43  7
58  0
31  3
36  4
41  -2
45  1
47  0
24  -5
51  9
38  9
38  7
45  -8
30  -7
29  6
41  2
46  7
41  -3
29  2
20  0
38  3
47  -2
41  1
40  0
34  3
35  -4
27  -1
46  5
49  2
34  1
41  7
58  0
45  -5
28  -3
35  5
18  3
55  -1
29  5
48  5
46  3
28  -4
41  3
43  6
72  -6
34  7
32  11
53  -1
46  10
42  10
38  11
36  6
30  -2
52  8
56  5
50  1
38  11
22  3
41  0
35  2
46  12
35  -3
40  5
47  -1
36  3
33  0
51  5
37  2
52  5
47  -1
54  2
43  6
20  -6
49  2
53  -2
46  12
26  -6
27  9
46  2
40  4
38  8
32  9
26  0
39  7
40  7
34  4
66  9
20  0
34  0
41  -1
31  -1
57  8
35  2
53  -5
29  3
40  8
44  2
45  2
27  0
43  3
38  10
39  8
34  10
22  -2
43  6
43  10
41  -1
14  -5
33  1
30  0
33  -5
52  2
64  4
41  7
36  7
52  7
48  10
51  7
49  1
36  3
41  0
29  3
36  5
53  -4
29  4
42  6
26  1
35  1
46  5
28  0
29  -1
32  6
34  9
31  9
25  8
51  3
28  2
55  -5
41  5
42  3
38  8
52  1
38  7
36  8
43  1
35  6
29  3
43  1
43  3
44  6
19  -3
34  4
52  11
34  7
43  5
41  7
27  7
27  7
31  3
52  11
34  0
47  2
38  1
26  3
43  4
34  10
42  8
51  5
21  1
42  0
28  4
48  8
38  4
58  -3
48  3
33  -6
50  5
51  8
43  6
40  3
40  2
46  10
42  5
32  4
28  2
39  10
38  4
32  2
37  -8
33  -7
22  2
45  -2
49  1
26  3
42  3
28  -4
27  0
36  7
22  -2
43  6
23  11
25  10
33  -7
33  1
45  -6
32  8
46  7
36  1
37  0
31  8
44  6
17  10
39  6
50  -3
48  8
47  -1
38  1
34  9
47  0
40  8
27  7
55  -1
52  2
18  -3
28  5
31  1
55  -1
40  -1
46  3
62  -1
36  6
29  -1
37  2
34  0
44  6
30  -5
47  2
44  0
37  -8
35  2
35  -1
50  -1
54  -2
45  -4
30  -3
29  4
43  8
40  5
53  -7
40  5
51  8
32  10
48  4
42  10
33  -5
61  6
48  4
34  6
32  12
47  3
36  0
44  5
24  -2
19  -11
30  -2
19  -10
36  8
48  0
42  9
36  1
45  -5
43  1
42  2
45  -4
42  10
26  -4
26  -2
56  7
29  -1
36  1
49  -6
44  1
39  2
37  1
41  6
40  0
56  3
39  4
