57  -9
44  -2
55  -1
67  0
61  10
35  5
50  -1
65  6
67  3
57  -6
37  -6
36  7
57  -9
51  7
54  0
50  3
56  -3
44  -10
46  0
62  2
60  -5
33  0
60  6
34  3
52  10
63  -6
37  -1
41  6
50  3
51  0
66  -7
72  -7
38  8
38  2
33  6
51  4
65  0
61  3
65  3
62  0
91  -3
90  -4
38  8
51  1
51  -2
49  10
30  -5
48  0
65  -1
71  -3
80  -7
63  -5
54  -2
42  6
55  -1
55  -6
52  8
69  -2
58  9
53  -8
66  -2
48  8
49  0
45  3
61  7
49  4
44  -3
43  2
55  -8
59  4
60  -6
47  -6
31  0
49  4
55  1
38  1
51  -1
58  7
67  -3
59  9
64  -1
67  -1
68  -5
44  -8
56  -9
50  -4
51  -5
39  -6
50  4
39  -3
63  -2
45  5
90  6
73  1
37  3
31  9
64  -7
54  -9
51  5
38  1
56  -10
44  -7
67  3
66  -1
58  0
60  6
58  6
81  1
64  2
40  -1
60  -1
53  -9
83  -1
59  6
57  -7
40  4
42  6
59  5
25  6
69  -4
45  8
39  -2
50  -5
52  11
56  -5
44  -7
67  -5
68  -7
61  13
42  4
42  0
42  9
73  1
35  0
60  2
52  8
32  2
53  -5
65  -2
42  5
69  2
69  -5
56  -1
60  6
50  -7
57  -3
60  5
39  0
46  -12
49  7
83  1
28  -4
51  3
51  7
57  -1
67  -2
60  3
57  -11
36  8
54  -3
45  -1
85  1
63  2
47  -3
50  -6
55  -1
56  -1
57  1
45  5
58  1
65  3
37  -4
51  -3
44  -12
84  2
48  8
42  7
60  -4
66  5
51  3
35  2
41  13
43  -1
48  4
63  -1
45  1
76  7
57  -8
58  0
55  -8
62  -2
39  1
67  -7
73  -4
60  0
62  -6
54  -11
42  5
75  -1
60  4
62  -4
24  -2
52  10
50  -7
59  10
42  0
41  1
70  -6
44  -1
59  1
37  -1
55  4
62  0
63  1
47  -7
61  2
66  -5
66  4
32  4
46  -2
62  3
51  -1
48  4
61  7
62  0
52  7
42  8
60  3
64  0
71  -3
39  -8
51  6
54  -5
40  5
40  -1
54  -6
52  6
45  -2
77  1
70  -7
49  3
48  6
60  -3
58  8
62  3
69  0
64  -2
59  8
70  -10
58  -2
42  6
59  7
71  1
61  2
39  3
48  10
34  7
35  -1
46  -3
51  5
41  4
68  -4
55  3
76  -1
58  7
48  7
49  4
58  6
62  2
47  -3
42  3
45  2
42  2
49  2
61  6
52  9
69  -1
44  -12
49  5
54  -1
51  2
66  3
50  4
36  7
41  10
54  -5
39  3
37  1
54  -12
89  6
43  3
58  5
71  2
57  -2
49  10
72  -5
54  -12
51  -5
25  5
62  0
54  -6
55  0
54  -3
49  8
64  -4
45  2
61  6
67  -3
49  7
36  -1
75  5
35  5
64  -1
71  -1
67  -8
52  1
39  -3
56  -9
52  4
49  3
60  -3
57  -11
48  4
58  6
63  -4
59  9
46  -12
57  -5
56  -3
62  1
44  -10
45  -1
38  3
66  -7
41  4
49  3
61  9
65  2
48  7
50  -6
53  -4
92  7
45  9
46  -4
36  3
51  -3
70  -1
62  -4
43  0
65  -3
63  -4
57  -1
53  -10
79  10
46  -6
60  5
60  6
34  0
61  8
56  -1
38  7
75  5
55  -3
52  10
45  -2
43  6
50  -7
65  -1
54  -4
41  11
55  2
38  2
46  -7
52  11
39  3
46  -7
37  5
50  -1
58  2
54  -1
59  -1
30  -1
61  8
45  8
50  -1
51  -1
45  -2
55  -7
33  -4
52  7
38  0
67  -5
55  -8
39  -5
53  -9
37  0
68  -2
76  0
44  -2
57  -4
37  -2
40  8
42  11
36  1
53  -9
50  3
38  4
65  7
54  -7
41  9
40  2
39  -1
51  -2
55  3
66  4
58  -3
61  4
54  -12
34  7
54  -4
45  -1
49  11
34  3
73  -6
52  4
73  -4
41  4
58  1
49  -1
50  -3
50  2
51  -1
53  -1
58  0
41  5
65  4
52  0
42  0
70  -5
52  7
29  6
53  -10
55  -4
51  -1
34  4
67  -4
59  8
56  -7
60  -2
44  -1
38  5
45  -1
54  -7
31  1
37  -5
52  4
60  -3
21  -2
71  1
46  -6
53  -10
44  -8
40  4
71  -2
57  -4
60  4
71  3
34  1
45  6
53  -11
64  -5
51  -4
65  5
41  1
60  3
56  -11
45  2
35  -6
31  7
57  -1
44  -3
47  -4
59  6
43  3
51  4
29  8
33  -3
69  -2
50  0
57  -1
40  7
71  0
51  6
50  -2
65  3
40  7
37  2
53  -4
45  -3
60  4
50  -3
44  -4
31  2
40  6
54  -12
58  4
52  7
41  5
64  0
75  4
49  5
44  0
53  1
36  1
61  7
89  0
49  6
45  7
42  12
44  -8
53  -4
58  4
44  -2
48  2
50  1
50  3
40  0
41  6
63  0
58  -1
42  11
46  0
47  -4
56  -3
41  9
36  4
68  0
59  6
55  -7
38  9
48  11
67  -1
52  2
72  -2
44  -8
38  10
53  -11
73  -1
49  6
66  -7
45  0
38  -1
51  -3
46  -4
43  6
56  0
40  1
39  -1
41  4
48  3
45  8
51  5
62  2
56  -12
52  7
57  -9
49  6
74  1
69  -1
44  -9
58  -1
74  0
61  3
58  4
58  5
50  3
43  4
57  -8
72  0
62  -5
34  3
70  -7
37  3
65  0
47  -11
42  8
47  -10
46  -7
68  0
54  -12
42  1
49  11
39  -7
71  5
37  1
42  6
45  2
69  0
46  -9
73  -5
38  7
54  -9
74  -7
42  9
74  -5
74  -3
53  -4
46  -4
39  -1
67  3
43  7
60  -3
63  -6
48  8
58  7
42  2
51  7
43  -5
77  -2
62  0
47  -12
38  5
41  1
40  10
45  9
61  13
39  3
46  -6
69  -7
57  -11
54  -10
51  1
40  7
37  4
72  5
53  -5
53  -4
48  3
39  2
71  0
67  -4
49  10
51  0
55  -2
60  1
53  -6
58  4
33  0
41  9
50  -3
48  8
74  0
46  0
54  -6
53  0
50  2
57  -4
38  3
52  4
50  4
47  -8
61  10
55  -5
38  6
52  4
65  7
52  6
33  -1
32  1
36  2
42  0
62  -8
59  7
29  5
55  1
63  -7
68  -10
68  -4
39  -6
45  1
47  0
76  -2
56  -4
68  -5
42  10
40  2
49  0
54  -5
59  0
40  -1
40  3
61  4
43  2
52  7
59  6
48  0
54  -1
67  -8
40  4
40  9
59  4
62  -2
56  -10
68  -6
68  -2
67  -9
72  5
48  2
67  -5
48  1
44  0
52  9
40  4
54  -9
30  -9
51  7
64  -3
32  -1
55  -1
69  4
52  0
71  2
38  2
54  -9
63  -2
53  -3
63  0
48  11
66  -7
99  2
54  -2
53  0
44  -3
52  6
43  0
49  9
48  10
53  -7
64  1
61  6
35  2
78  9
36  3
45  8
55  1
44  -10
38  10
40  9
39  -4
82  -13
43  -1
61  9
60  -6
58  -1
48  8
51  -1
57  -5
53  -10
50  2
45  6
54  -7
33  -4
32  -5
44  0
32  -1
46  -10
43  2
68  -8
70  -2
50  0
48  11
39  -3
44  -1
63  4
74  1
44  -10
44  0
57  -11
50  3
54  -3
54  -9
50  1
55  -6
58  8
50  -3
34  2
51  6
55  2
40  4
55  -4
47  -7
51  3
53  1
56  -8
54  -5
43  5
51  -2
63  -3
47  0
41  11
65  5
33  -4
75  -2
54  -1
66  -2
38  7
59  4
46  -2
39  -4
45  2
67  -8
52  4
62  -1
50  0
65  -3
51  0
75  -7
65  -3
53  -6
52  3
44  -6
60  -6
44  -12
44  -3
44  -11
37  5
48  -1
45  4
34  9
52  1
59  6
63  -2
49  9
60  6
54  0
40  0
40  9
35  -6
60  1
44  -10
62  -1
53  -10
36  0
53  -11
35  -4
57  -5
52  0
53  -2
67  2
50  -3
49  6
46  -2
49  8
63  -8
47  -8
73  -5
68  -6
53  -3
67  2
63  2
45  0
57  -9
50  -3
25  4
44  -12
65  -5
48  0
66  5
53  -4
24  3
44  -12
49  0
48  3
67  1
43  -1
65  1
35  -2
49  3
30  -2
43  1
65  -5
41  3
48  6
80  -4
57  -5
36  8
73  0
36  6
29  2
49  2
58  -2
48  1
75  -5
61  13
46  -12
33  4
56  -8
71  -4
54  -6
54  -1
49  11
39  2
58  -2
50  2
64  2
26  -11
45  5
58  -2
62  -1
40  0
65  6
54  -8
75  -5
83  -8
39  -2
48  3
32  3
31  12
55  0
51  0
61  1
60  4
39  2
48  6
55  4
58  7
57  -7
39  -7
51  -3
52  8
40  8
39  -9
38  7
95  -5
71  -3
60  0
40  11
54  0
62  -6
65  4
37  -2
50  5
53  -9
37  0
37  -1
44  -4
75  -2
54  -1
22  1
58  4
55  -4
67  1
72  -6
53  -11
39  -2
43  -2
63  3
38  6
41  4
72  -7
66  4
56  -6
56  -7
39  -7
43  7
51  -2
46  -7
49  10
47  -2
51  5
39  0
47  -5
52  9
53  -3
59  10
58  -3
65  -1
46  -4
52  4
38  -1
64  -7
54  -7
44  -3
73  -6
47  -8
43  -5
68  -1
39  3
60  2
54  0
59  8
41  12
25  2
72  -5
42  5
62  -8
57  -4
67  -8
48  5
62  2
