61  -7
69  -2
66  -10
69  0
79  10
91  -2
64  9
68  8
64  0
91  -2
55  5
111  -7
71  0
60  -3
67  10
66  -10
76  0
52  1
61  3
95  -8
44  -1
68  10
34  7
98  -7
83  -5
72  4
63  5
75  2
73  0
63  -2
59  1
77  8
65  2
58  -8
74  -7
89  -3
50  0
62  0
96  -5
79  3
59  3
88  -2
61  1
74  -12
80  7
99  -1
77  6
55  6
113  2
53  -1
122  -4
52  -7
63  -1
76  0
60  -6
80  8
97  6
86  6
67  5
79  0
70  -1
65  0
50  0
109  5
91  -1
86  5
111  -6
67  5
72  0
74  -5
90  0
81  9
77  6
66  -9
81  7
120  -1
49  4
91  -2
68  3
68  6
66  -11
69  1
80  2
82  -1
60  -5
63  8
68  10
79  2
54  9
63  -1
95  -9
72  5
72  6
64  3
81  6
97  5
86  3
64  7
80  4
58  -3
77  1
54  5
62  -5
86  5
72  0
62  -3
82  4
61  -3
69  -7
78  4
88  2
42  -6
55  10
80  1
92  -1
71  -1
87  -3
83  -2
80  7
66  -3
44  3
59  1
54  10
127  7
56  -2
60  -4
76  1
74  -7
82  4
78  4
60  -1
87  -1
87  5
78  -3
87  -5
71  4
89  -5
75  8
56  -11
87  3
81  7
91  -2
88  5
105  -5
62  -2
79  1
83  1
71  8
68  2
69  -1
71  4
108  3
87  -1
84  7
72  3
86  7
72  4
61  -1
63  -2
57  -4
81  0
87  -2
93  5
63  8
48  6
74  -9
64  4
99  1
78  2
67  6
94  2
76  -6
55  3
38  -7
61  -4
68  10
69  1
83  -4
60  -3
42  -8
79  0
74  -5
77  1
94  7
58  -6
59  0
42  -7
80  7
88  3
65  0
53  -1
94  0
62  -3
55  2
62  0
58  -7
112  0
81  5
53  -4
78  -2
65  -1
72  2
55  0
43  4
72  -2
54  2
63  6
73  -6
60  -7
54  10
54  6
84  5
85  1
78  2
66  -1
80  2
41  -4
55  9
89  0
89  -3
51  1
68  5
62  1
55  5
68  4
108  7
87  -2
65  -2
98  -5
74  -10
93  0
60  -3
66  -8
46  0
95  -3
63  -2
68  7
86  4
73  -7
66  -4
87  -1
79  7
74  -4
53  -1
103  -6
89  -3
68  4
95  -3
95  -9
90  -9
97  3
54  4
52  -7
81  0
56  -4
89  -8
100  -3
47  7
80  6
74  -3
78  1
73  0
92  -1
54  8
67  6
46  -6
88  -3
71  2
75  9
69  -5
56  -7
68  7
68  7
82  5
57  -1
60  -7
80  -1
93  -1
49  0
93  5
79  10
86  9
79  3
74  -10
92  2
66  -5
92  2
67  9
85  2
71  2
64  7
77  9
55  9
74  -7
47  7
68  7
87  -5
56  -5
79  1
58  -3
66  -1
57  1
116  -10
69  -1
60  -2
57  3
64  6
51  4
68  11
85  8
77  6
49  -4
73  -7
87  5
64  1
66  -9
73  -2
102  5
72  0
51  1
61  0
63  7
112  -2
53  -5
57  0
61  -7
118  -10
108  8
77  4
42  -2
87  -3
85  1
56  -8
92  9
71  6
93  -3
65  -3
98  0
81  3
63  0
68  3
85  8
69  2
64  7
97  -2
69  3
60  -7
105  -4
52  0
67  7
79  5
48  7
62  -2
52  -6
48  1
68  7
66  -9
85  9
77  0
90  -6
74  -2
70  1
74  -8
96  -5
75  7
56  -4
78  -6
81  -1
80  1
62  -5
70  0
61  1
89  -10
81  6
107  3
47  3
72  -3
65  -1
76  1
87  -4
56  -12
69  -5
79  3
80  3
64  1
68  4
64  2
84  -2
85  3
103  1
73  -10
59  7
48  3
72  2
105  -2
46  -10
78  -1
68  2
57  -4
100  2
68  4
84  6
53  0
99  5
77  7
70  0
90  -4
58  -1
76  0
56  -2
77  6
73  -3
73  -4
50  -2
58  -7
76  -1
38  -7
96  -4
83  1
54  3
62  -5
90  -1
94  3
66  -4
61  3
84  6
55  7
73  -2
65  2
38  -4
57  -3
75  8
70  5
85  6
56  -4
50  -4
65  -3
63  -2
99  4
88  3
93  0
103  -6
99  9
71  0
62  -5
66  -10
69  1
125  11
81  4
77  0
85  8
82  3
82  0
82  1
68  7
56  -8
46  -1
94  -2
78  -3
81  3
56  -5
103  -6
82  8
56  -8
78  2
96  -5
61  -3
66  -9
54  5
60  -2
69  1
70  6
48  3
70  1
62  -9
70  5
78  -6
50  2
73  -10
75  5
49  -4
101  -5
63  2
56  -4
103  -4
84  7
49  1
98  -2
49  -2
58  1
61  1
90  -8
85  9
61  1
104  -1
66  -8
64  1
52  -6
94  2
37  -4
72  3
58  -8
100  4
67  5
75  9
83  1
80  -1
79  4
56  -3
73  -9
63  2
64  9
78  4
78  4
80  5
82  6
89  -4
68  2
66  -11
78  -6
77  3
54  5
70  -2
47  3
98  -3
66  -8
70  2
70  -2
79  2
56  -10
79  10
70  8
61  -7
69  1
91  -6
83  -5
74  -7
84  0
77  4
56  -7
83  1
60  -9
61  2
64  5
69  1
70  7
65  7
84  -2
89  -8
49  2
53  -6
101  -8
96  -10
83  2
39  -2
58  -9
76  -6
65  1
106  10
77  5
72  4
75  9
68  1
69  -3
71  6
66  -9
69  3
101  -3
75  9
62  -6
54  8
56  -2
81  6
58  -2
52  -8
67  1
58  0
56  -5
129  -1
74  -8
89  -6
76  2
101  -1
55  0
54  7
89  -5
69  -6
64  2
85  8
74  -3
97  -1
74  -4
54  4
64  1
89  -5
64  8
102  3
70  0
82  4
123  -7
45  7
51  1
66  -4
84  7
80  2
49  0
70  -1
64  1
89  -5
76  1
65  -3
75  2
90  -8
80  4
61  -2
47  6
60  -1
72  6
82  1
57  -6
74  -9
98  -6
55  6
50  2
87  -3
60  -7
86  3
80  -2
76  -1
94  8
73  -6
79  2
64  0
65  3
75  7
61  1
89  -4
74  -5
99  5
98  -1
81  6
57  1
45  7
92  0
80  2
66  -11
68  7
61  3
57  -6
70  6
57  0
78  -4
98  -1
67  5
52  -8
72  0
69  -5
42  -11
91  -7
75  7
51  7
82  2
67  2
54  9
55  1
77  6
72  4
51  2
64  6
42  -7
59  0
77  6
76  0
50  2
83  -5
98  -8
75  2
65  4
94  8
75  0
56  -10
75  2
53  -3
96  -8
68  6
53  0
63  4
72  2
93  3
60  -2
64  5
69  -1
61  -5
78  1
81  3
60  -2
61  -2
68  6
67  2
83  3
61  0
61  -4
52  -8
70  1
71  2
79  0
68  10
62  -8
92  6
75  4
73  -9
106  8
52  -1
104  3
95  -1
82  2
91  -1
78  -5
61  -6
98  1
62  -1
77  0
69  -6
78  -3
115  -1
71  0
55  4
79  1
100  1
74  -8
80  3
62  -4
63  -2
64  9
96  -9
66  -2
56  -5
77  10
80  3
82  7
94  1
61  2
63  4
83  4
69  -6
98  -8
61  -6
88  -1
65  1
48  10
91  -1
59  5
72  5
86  10
76  -1
76  -2
61  -4
70  1
82  0
70  0
62  -5
63  4
79  4
64  7
93  -3
75  0
93  5
79  0
65  2
61  -2
36  -1
75  8
64  5
79  8
67  7
72  1
53  4
73  0
87  1
52  -6
53  -2
122  -1
50  -3
55  8
69  0
86  10
70  3
100  2
59  2
58  -9
82  3
57  -5
66  -8
59  9
56  -7
86  10
81  2
84  2
74  -3
65  -2
98  -2
61  3
101  -2
84  3
56  -10
116  -7
90  -5
76  -2
70  3
60  -2
81  4
108  2
69  -1
76  -1
77  6
65  1
54  2
66  -4
62  -7
103  1
71  4
40  11
87  -3
102  9
77  5
111  -6
67  1
69  -6
64  6
110  9
57  -1
116  -5
86  3
101  -9
75  7
74  -11
91  3
81  3
53  2
83  3
62  -6
60  -7
76  -4
62  -1
72  3
76  0
71  0
117  0
86  2
54  3
48  7
56  -10
46  -5
75  6
64  5
82  4
90  0
46  -4
81  9
57  -2
97  6
72  5
63  1
70  6
73  -10
62  -2
86  1
45  2
63  5
58  -3
85  8
89  -9
63  -1
67  2
73  -1
79  4
64  6
81  2
90  -4
60  -5
65  4
55  7
59  -1
91  1
58  -1
55  4
94  6
90  -2
65  6
89  -6
93  3
55  5
83  2
92  -1
71  6
60  0
68  5
69  -6
85  3
98  -6
77  3
93  -4
44  0
75  6
55  5
78  -4
67  9
85  4
93  1
68  3
82  3
99  6
70  7
77  5
68  5
105  -3
57  -5
77  2
77  4
64  7
74  -3
69  -3
46  -1
40  7
66  -7
81  6
100  0
75  6
50  -6
74  -6
39  -9
78  -5
93  0
88  -3
103  2
87  -3
57  -5
70  0
73  -10
91  -3
58  -4
108  10
95  -2
70  7
58  -5
75  1
86  8
90  -8
83  -3
65  1
105  -5
78  -4
74  -6
68  1
78  0
41  2
74  -12
60  -2
65  4
64  8
107  5
109  3
54  8
76  -7
96  -11
65  7
79  3
72  1
63  8
52  -9
86  11
52  -9
101  -2
68  8
78  -3
56  -5
70  0
72  -3
66  -9
72  3
91  -7
64  2
67  3
85  10
44  1
122  -5
64  3
69  0
65  -1
63  4
58  1
103  -4
106  8
36  -6
56  -4
87  -3
48  4
108  5
56  -9
71  5
