187  1
179  0
170  4
141  1
181  -1
191  -7
137  5
144  3
172  2
150  -8
111  -2
114  -5
196  6
198  0
146  -7
186  9
163  -5
132  6
151  3
122  -9
166  -4
157  -6
127  4
159  4
132  6
150  -9
171  -5
140  -6
135  0
212  3
119  2
147  -6
126  -5
97  -7
181  -3
149  3
183  -7
214  -5
114  -3
252  -6
106  0
163  -6
197  -3
151  3
151  6
186  5
165  -9
120  -1
146  -8
183  -3
143  6
155  5
157  -6
125  0
114  -6
112  4
156  -2
138  2
199  0
141  2
160  2
151  2
134  -6
217  -6
144  2
244  -3
189  3
150  -6
201  -2
124  4
148  4
118  -4
135  0
155  3
164  4
163  -5
162  -6
167  7
236  -5
132  7
132  7
144  2
157  -8
188  6
127  4
189  2
199  1
233  -2
136  -6
143  5
165  -9
102  -1
123  -4
173  5
136  -3
158  7
188  7
194  -8
189  1
158  9
140  -3
179  4
121  -2
165  -5
155  3
175  -5
143  4
157  -8
93  -7
160  6
169  -2
168  0
171  -6
176  0
107  1
204  6
150  -7
149  3
241  -6
165  -9
153  -7
166  -2
147  -8
139  -3
165  -6
153  -7
134  -7
262  4
145  0
208  2
179  4
178  -6
198  3
177  -2
135  0
123  -4
226  -1
160  3
191  -7
160  3
200  -6
119  3
179  2
158  5
176  -2
218  2
175  -1
199  1
205  -9
194  -9
168  -3
176  -1
178  -4
198  -1
109  -7
167  9
149  0
148  4
156  -1
159  4
194  -5
123  -2
156  -4
139  -5
179  1
130  0
209  1
136  -6
206  1
170  3
172  2
183  -3
155  6
178  -6
169  -2
214  -4
172  4
149  4
144  2
199  0
132  7
117  -8
167  9
144  4
81  4
159  3
136  -2
222  -2
167  7
145  -2
178  -6
118  -4
152  -1
183  -3
137  4
159  4
188  9
167  7
185  6
236  -5
107  2
131  -8
82  0
134  -7
222  -2
201  -3
177  -2
136  -3
144  3
124  1
164  4
157  -6
161  5
203  -5
150  -8
136  -4
114  -6
125  0
125  2
117  -9
145  -3
138  2
122  -6
149  1
97  -5
143  8
163  -5
125  2
205  -9
208  0
107  1
169  1
165  -5
158  8
187  -1
178  -6
168  -4
215  -4
162  -3
152  -4
167  7
136  -6
185  3
135  -1
130  -1
142  3
160  4
173  2
251  4
172  3
163  -6
145  -2
134  -3
127  8
195  1
144  1
158  5
144  4
141  2
112  3
123  0
195  5
135  0
143  6
202  -5
176  -3
141  1
109  -7
74  3
179  1
171  -5
146  -6
179  3
147  -6
188  9
160  2
162  -6
220  -3
199  -1
190  6
233  -1
150  -6
232  7
191  -6
186  7
150  -5
164  2
159  2
112  7
140  -3
159  6
169  0
183  -5
189  4
161  4
184  0
165  -9
128  7
150  -6
177  -5
216  6
182  -7
170  2
121  -5
180  1
198  0
150  -6
147  -7
119  5
172  4
216  8
186  5
165  -6
144  4
225  1
168  -2
160  2
118  -3
139  -2
107  4
152  -4
197  -2
139  -6
131  -7
237  -1
234  2
187  1
163  -7
121  -1
164  3
242  4
154  -1
107  5
234  1
219  0
141  1
173  4
195  2
166  -2
218  4
192  5
199  1
121  -4
180  -3
224  0
176  0
262  5
123  -3
132  3
115  1
166  -4
107  3
181  -2
131  -8
161  5
168  0
220  -3
133  5
134  -6
135  2
164  6
194  -6
207  5
157  -5
181  -1
106  1
121  -4
174  4
212  2
195  2
151  4
211  -5
168  -2
117  -5
143  4
200  -5
171  -8
202  -5
145  -1
202  -2
147  -4
203  -7
146  -7
157  -7
148  7
153  -5
145  -2
232  6
198  2
196  7
159  6
153  -7
144  0
149  2
113  5
97  -8
194  -5
150  -8
154  0
108  7
187  0
153  -6
142  7
128  7
208  2
150  -6
150  -6
182  -4
163  -9
127  6
175  -2
146  -9
109  -9
118  -4
179  0
192  8
125  0
131  -8
167  6
235  -1
174  2
198  -1
162  -7
171  -7
86  -3
203  -8
83  5
165  -8
177  -3
130  -4
97  -9
168  0
189  3
174  5
144  0
190  7
140  -4
163  -7
88  -3
126  -3
118  -4
266  4
114  -3
203  -6
135  1
150  -5
155  4
127  7
180  -1
136  -4
145  -1
153  -5
200  -7
203  -5
193  3
130  0
114  -3
169  0
195  3
135  0
108  7
210  -6
166  -1
173  6
198  1
154  -1
175  -2
146  -7
182  -5
180  -2
134  -5
202  -3
142  6
177  -4
168  -3
128  9
179  4
131  -9
168  -3
120  2
194  -6
163  -5
183  -6
121  -2
165  -5
99  -4
159  5
121  -5
193  5
144  0
189  1
166  -1
173  5
196  9
140  -4
203  -7
155  5
173  4
162  -6
186  7
192  4
167  9
181  -1
91  -7
181  0
147  -8
119  3
145  0
122  -5
174  3
171  -5
157  -7
184  -1
159  5
173  2
206  5
145  -1
233  -1
191  -3
146  -6
182  -6
139  -5
148  6
168  -2
184  1
155  5
154  1
140  -4
161  3
189  3
150  -6
139  -2
169  1
152  -3
179  1
142  7
180  -3
123  -3
144  0
257  -1
119  2
146  -8
163  -8
177  -2
152  -2
97  -6
164  4
139  -4
190  8
114  -4
164  2
156  -3
123  -2
184  0
134  -6
233  -1
138  6
167  8
201  -3
215  -3
188  5
181  -2
199  -1
126  -4
144  2
224  1
136  -4
170  4
169  -3
175  -3
182  -8
201  -3
200  -6
180  1
171  -6
166  -1
226  -2
158  5
145  -2
247  4
186  9
178  -5
128  9
114  -3
193  6
170  4
139  -5
159  5
209  0
165  -5
126  -3
192  5
136  -5
177  -2
83  4
144  2
140  -4
171  -8
169  1
188  9
158  6
104  -2
204  5
165  -7
143  6
192  4
141  4
175  -2
184  -3
142  7
172  2
174  4
205  -7
123  -3
165  -6
123  -2
187  0
194  -9
173  3
143  5
153  -6
146  -7
171  -7
251  4
146  -6
157  -8
176  -1
162  -5
244  -3
179  1
215  -6
139  -2
176  -2
191  -5
191  -6
108  8
152  -5
162  -7
161  3
162  -6
212  4
214  -4
155  5
162  -5
111  1
224  4
157  -9
190  7
147  -7
157  -7
194  -7
199  -1
186  7
124  3
114  -5
215  -7
160  5
161  6
156  -3
179  4
183  -3
172  4
146  -7
127  7
143  4
141  2
154  1
131  -5
201  -3
216  8
189  2
105  5
106  2
202  -5
131  -7
224  1
98  -3
178  -3
143  8
122  -9
218  6
145  -2
249  -8
136  -3
161  5
153  -5
192  5
107  2
158  5
195  2
116  -5
189  3
209  -3
139  -6
189  2
136  -6
145  0
174  6
192  4
252  -5
170  4
132  4
170  4
175  -4
146  -6
216  7
185  5
192  5
156  -4
138  6
147  -5
214  -3
172  3
145  -2
171  -4
155  3
141  4
152  -2
132  5
238  -2
200  -4
168  0
143  7
194  -9
199  0
162  -4
180  -3
171  -4
147  -5
185  6
188  9
129  -5
144  1
185  4
162  -7
118  -3
150  -6
167  9
287  3
134  -6
169  -2
129  -6
159  2
96  1
188  5
112  3
97  -7
176  -4
156  -1
154  2
244  -2
140  -4
176  -3
156  -2
138  4
223  -1
137  5
132  7
174  3
111  2
147  -7
157  -6
158  8
299  -1
177  -3
145  -3
123  -2
144  3
186  6
146  -7
239  0
126  -4
192  7
112  7
168  0
169  -1
131  -8
179  2
234  3
148  5
145  -3
189  1
140  -4
177  -3
102  2
142  3
179  0
212  4
212  2
152  -3
165  -5
167  5
225  3
149  1
98  -3
110  1
184  -1
107  5
187  -2
275  2
158  6
151  4
110  3
210  -4
202  -1
120  1
140  -7
187  -2
313  -1
215  -5
189  0
178  -3
144  2
174  5
141  2
196  8
202  -4
193  5
137  4
121  -2
94  -4
220  -4
181  -2
183  -4
202  -3
74  2
115  3
153  -4
145  -3
269  3
209  1
123  -2
187  -2
146  -6
151  6
175  -3
182  -6
101  0
172  1
196  8
194  -5
148  5
140  -4
120  -1
219  -2
117  -7
144  4
144  0
200  -7
128  6
161  4
190  6
184  -1
142  4
168  -1
125  2
111  0
135  -2
156  -2
162  -6
160  2
133  5
194  -9
195  4
167  6
149  4
172  2
185  5
124  4
125  3
149  2
169  -2
149  0
175  -5
198  1
140  -6
162  -4
160  3
182  -6
165  -7
161  7
173  3
164  2
148  5
112  6
101  -1
116  -4
122  -8
194  -9
171  -6
110  2
139  -6
111  0
142  3
176  -2
145  -2
119  6
184  -3
140  -5
131  -5
103  0
152  -3
171  -6
122  -8
172  4
135  -1
186  8
127  5
161  6
145  -4
218  2
149  0
192  6
94  -8
180  -2
153  -6
162  -3
105  5
118  -1
205  -7
153  -8
141  1
123  -1
165  -9
140  -6
112  7
202  -3
183  -7
100  0
157  -6
133  7
192  5
133  4
152  -3
186  9
126  -3
135  -1
182  -7
157  -9
200  -7
173  6
159  2
138  6
191  -6
175  -1
186  5
218  4
210  -7
164  3
131  -7
234  1
112  7
174  4
155  3
193  2
188  5
140  -4
182  -7
146  -5
189  3
196  6
135  0
148  6
171  -7
159  3
133  5
153  -8
136  -6
205  -7
210  -3
115  0
151  5
198  -1
157  -7
197  -2
118  -2
180  -3
161  5
147  -5
147  -4
205  -6
129  -7
194  -8
167  6
207  7
163  -6
166  -2
154  0
213  -4
79  8
134  -5
180  0
150  -8
220  -3
156  -5
162  -3
183  -7
100  3
155  6
154  1
