14  6
17  -2
22  -1
15  -2
24  0
20  5
23  2
17  1
32  -3
35  -7
20  2
28  -5
19  1
17  1
22  1
21  -1
22  3
24  0
15  0
25  4
21  -3
28  1
30  0
21  -8
22  3
18  -7
20  2
13  -3
24  -3
16  2
20  3
20  0
28  -2
29  1
20  -1
19  4
36  3
18  -3
22  0
28  0
21  -2
28  -2
24  1
27  -6
12  1
27  -2
20  2
23  6
16  2
20  4
38  -2
24  5
12  1
19  1
17  -1
22  -3
24  -3
25  2
20  5
10  2
40  -8
29  -4
25  2
20  -1
16  8
21  -2
22  1
29  -1
18  -8
27  -4
15  -6
26  -5
28  -5
22  1
26  -8
13  -2
31  -7
20  4
28  -1
24  5
25  -1
19  -1
28  0
16  2
35  -7
23  1
18  -7
19  -4
13  1
27  -9
25  -3
24  -3
26  -8
31  -11
23  4
7  7
25  0
23  7
12  1
22  3
23  7
25  1
29  -1
23  6
25  4
20  -2
34  5
27  -9
11  10
27  -8
19  1
21  -4
29  -5
25  -1
31  -9
23  1
25  3
17  -4
18  -8
21  -4
28  -5
32  -3
14  2
24  0
21  -3
23  2
19  -2
13  0
18  -2
23  0
25  0
16  5
23  6
15  0
20  4
15  -5
24  5
22  2
20  3
20  1
18  -7
45  -9
24  -3
18  -3
25  1
32  2
21  -1
20  -2
21  0
29  -4
18  -6
15  -2
23  7
28  -5
24  4
26  -8
32  -1
29  1
26  -4
29  -5
15  0
20  4
24  0
20  -1
16  4
18  -3
26  -11
21  -6
25  0
28  -7
24  3
23  -1
24  5
15  -1
22  4
19  1
31  -10
23  5
39  -4
27  -6
25  0
14  2
18  -5
27  -9
19  -3
27  -10
23  0
37  -7
23  6
34  1
28  -7
26  -10
28  -6
20  -2
43  4
16  7
11  9
35  -5
25  1
20  -3
35  -10
29  -2
24  0
22  -3
24  -1
22  1
23  0
12  1
13  4
20  1
14  0
28  -2
27  -8
34  6
25  2
31  -8
19  -4
31  -8
24  -3
15  -5
33  -3
20  5
15  -7
15  0
19  -3
24  5
22  3
26  -6
14  2
34  -2
38  -10
24  -3
19  1
22  -3
35  -8
14  7
18  -5
31  -10
18  -3
10  3
21  -7
27  -5
37  -9
28  -5
27  -8
31  -3
25  0
13  -3
24  4
30  -2
18  -5
30  0
31  -3
20  1
27  -5
16  6
26  -11
16  3
27  -2
34  0
28  -1
23  5
16  5
31  -4
22  -1
17  0
13  2
29  1
25  2
32  1
23  1
19  3
37  -10
11  5
41  6
27  -5
29  -6
23  1
30  -2
24  1
15  -1
27  -8
26  -4
21  -2
38  -7
26  -9
7  4
20  -1
18  -9
18  -5
17  0
20  2
12  6
29  1
18  -2
39  -3
28  1
25  2
21  -4
26  -3
25  -2
28  -4
28  1
22  2
28  0
24  5
22  -3
14  4
22  -1
21  -4
13  1
26  -3
36  11
26  -7
24  4
36  4
23  1
24  5
18  -5
17  -4
20  0
16  6
27  -9
24  3
23  5
24  -2
24  1
15  -2
40  -3
28  -3
21  -6
8  4
29  -5
22  5
15  -8
29  -6
17  -3
16  4
22  -1
43  1
25  1
24  -1
30  -4
28  -7
12  4
17  4
19  4
18  -4
13  1
32  -3
27  -3
21  -2
30  -5
18  -5
24  5
28  -7
26  -5
31  -7
29  -5
22  2
33  -5
31  -6
20  -2
22  -1
16  7
17  -4
40  -4
21  -4
17  2
27  -6
42  4
36  5
19  -3
21  -3
12  4
22  1
26  -3
17  0
21  -8
25  4
26  -8
26  -4
11  11
26  -10
21  -5
31  -4
17  -1
21  -2
25  -1
24  0
19  4
13  1
12  4
25  4
42  3
23  4
15  -2
22  3
22  5
19  2
22  5
18  -5
27  -4
30  -4
30  2
19  2
15  0
22  5
25  3
34  2
28  1
22  -3
35  -11
25  -1
19  -2
23  2
20  -3
23  5
18  -4
24  1
15  0
31  -11
15  -8
20  3
36  4
20  0
28  -4
21  -6
15  -6
28  1
24  -1
17  2
16  4
20  -2
34  4
30  -4
31  -5
18  -1
29  -3
29  -4
19  -3
31  -5
16  6
27  -6
27  -3
34  -2
37  -10
28  -7
23  6
17  0
19  -4
29  -5
24  0
20  3
26  -3
34  5
19  -2
25  -2
25  4
20  2
27  -7
31  -3
15  -3
7  4
27  -2
25  -2
20  -2
21  -5
27  -6
20  0
18  -8
22  1
31  -4
18  -8
27  -6
46  -1
23  7
24  -3
26  -9
24  -3
14  8
19  -2
25  0
21  -8
27  -10
19  -1
21  -8
22  4
12  -2
27  -5
15  -2
15  -7
19  0
19  4
29  1
17  1
28  -2
14  1
26  -4
24  3
30  0
23  1
26  -6
22  -1
25  4
25  2
18  -3
31  -8
26  -3
25  4
29  2
37  -4
11  3
24  2
24  1
23  7
24  3
17  0
18  -8
18  -4
20  -3
17  1
22  -1
25  4
18  -2
23  0
18  -3
16  7
21  -6
34  -2
36  10
16  1
17  -2
29  -6
27  -7
11  8
19  4
26  -11
19  1
17  4
26  -7
20  -1
15  -2
21  -4
19  1
26  -9
20  -1
32  1
17  3
26  -11
28  0
21  -1
25  1
20  2
11  11
20  5
26  -7
19  -2
16  8
26  -3
13  4
25  -2
20  -3
15  -7
24  3
38  -5
31  -7
23  7
23  2
25  -3
24  1
31  -6
17  2
22  4
26  -8
31  -6
24  3
32  1
15  -6
26  -6
22  0
34  5
32  3
36  5
20  2
19  -4
28  -6
42  5
16  4
32  -5
22  1
24  2
24  0
24  -1
16  5
14  2
30  2
16  4
29  0
13  2
24  1
36  3
30  0
19  4
16  8
17  2
20  -3
19  -3
21  -4
31  -6
26  -9
21  -3
20  -1
14  0
33  -2
26  -5
35  -8
17  -2
23  3
25  4
11  10
34  -2
28  -3
28  -4
35  -4
32  -1
28  -5
27  -9
20  -3
17  4
23  4
29  -3
20  2
17  -2
19  -1
23  3
27  -3
20  0
20  0
17  -4
28  -2
24  -2
20  -3
32  2
20  1
21  -7
31  -11
32  -2
21  -4
28  -1
23  1
21  -5
19  3
21  -8
11  6
20  5
11  7
16  6
39  -5
15  -4
35  -9
21  -7
27  -2
22  2
20  -2
16  3
28  0
35  -11
25  1
17  -2
30  -6
27  -2
18  -3
17  3
17  4
16  5
35  -6
12  4
22  2
15  -1
14  8
20  5
18  -2
28  -3
20  2
13  4
23  7
27  -6
21  -2
20  -1
31  -11
20  0
25  0
43  1
26  -6
15  -3
25  5
21  -8
26  -3
15  -8
15  -1
16  5
27  -3
24  1
13  -4
24  1
26  -5
16  4
29  -1
24  2
28  1
28  0
30  -3
38  -10
14  1
24  5
17  0
24  3
16  4
17  3
18  -5
23  7
24  -1
23  1
17  -2
18  -3
30  1
18  -6
25  -1
24  -3
17  2
21  0
20  3
39  -5
12  -1
25  5
7  7
17  2
16  8
21  -4
22  5
30  -2
13  1
27  -6
16  5
19  2
26  -11
25  -1
20  0
24  -1
24  5
22  3
33  0
21  -3
30  2
24  1
26  -8
19  4
15  -4
16  1
22  2
25  3
11  10
23  -1
17  -4
30  -5
22  1
20  1
32  2
27  -8
21  -4
22  -2
32  2
19  4
36  9
21  0
14  8
24  5
21  -3
21  0
35  -11
26  -11
23  1
23  1
16  6
23  7
15  0
14  7
28  -4
21  -8
22  0
21  -4
18  -1
23  2
20  -2
25  3
22  2
18  -8
15  -3
16  7
20  -1
14  2
29  2
19  -2
25  -2
22  2
28  -7
26  -4
16  4
29  0
29  2
26  -11
21  -7
23  2
15  -7
29  0
21  -7
21  -8
45  -7
29  -6
19  1
29  -3
33  -7
16  6
15  -8
15  -8
32  -4
24  5
25  5
15  -3
27  -2
27  -4
21  -8
25  -1
20  -3
28  1
22  1
14  1
21  -5
19  4
26  -11
18  -3
21  -2
27  -4
23  1
30  1
19  4
18  -1
21  -1
13  0
22  5
10  10
26  -6
30  0
7  6
23  6
18  -2
24  5
19  -2
26  -8
21  -8
29  -2
26  -11
21  -2
12  -1
28  -7
24  -2
25  -3
16  5
12  2
24  5
23  6
24  0
23  0
20  2
23  2
22  -2
23  2
11  4
25  -1
21  -6
20  1
19  1
21  -4
28  -2
30  -6
19  1
29  -5
7  3
20  5
23  1
26  -7
25  -2
26  -9
22  3
37  -7
25  2
19  -2
17  0
25  2
25  2
8  -1
16  4
20  3
24  -3
19  -4
16  1
36  9
32  0
21  -1
23  0
16  0
21  -3
23  5
27  -5
31  -8
13  -3
25  4
22  5
21  0
31  -9
26  -9
22  0
30  -6
21  -2
13  4
22  4
24  0
20  4
28  -7
17  4
31  -9
28  -3
30  -6
19  4
15  -5
24  1
19  -1
25  4
18  -7
25  -2
19  1
32  3
20  -1
17  -3
26  -10
17  -2
12  6
26  -6
20  0
21  0
26  -7
25  4
13  0
16  7
22  2
15  -2
17  -1
25  -2
24  2
16  3
30  -5
19  -4
18  -8
19  2
32  1
23  5
21  -3
23  3
32  -2
30  2
12  0
21  -8
18  -1
25  4
19  4
19  3
13  2
21  -4
21  0
10  8
19  -1
10  4
22  1
26  -7
22  2
24  0
19  3
18  -8
23  5
23  -1
31  -6
31  -11
26  -5
30  -1
26  -6
19  -3
37  -8
25  4
31  -5
