14  -6
13  0
22  6
37  5
11  -1
19  6
21  1
12  5
23  4
12  4
14  -5
10  -2
23  6
19  6
32  -2
13  1
22  5
6  5
9  -7
22  4
15  0
20  -5
15  -2
19  7
9  -7
8  3
18  3
12  3
7  1
23  5
29  4
20  -6
11  -2
19  6
17  -1
30  3
8  3
14  -6
33  6
17  0
34  2
15  -1
8  4
25  1
9  -6
19  8
11  -1
23  5
24  1
15  0
16  -6
12  3
19  6
19  6
17  -1
24  0
16  -6
9  -5
24  0
10  -1
67  -3
25  1
17  0
24  2
20  -6
13  2
22  5
18  2
17  1
17  0
8  2
13  1
23  4
17  1
36  -1
18  1
14  -7
37  4
17  -1
13  2
24  2
21  0
8  2
12  5
43  3
21  0
26  -7
22  6
22  6
25  0
12  5
18  3
23  4
15  -1
17  -1
5  0
24  2
19  7
15  -2
8  2
17  -1
20  -6
21  0
13  0
9  -6
14  -7
9  -5
23  6
23  4
52  5
10  0
3  6
7  1
5  0
22  5
6  5
23  4
15  -2
18  1
16  -8
14  -6
24  1
28  -7
20  -5
21  0
14  -5
16  -8
23  5
18  3
20  -6
14  -6
20  -7
20  -5
27  -7
16  -7
19  8
16  -8
19  6
11  -2
18  3
15  0
28  -6
35  4
16  -6
16  -7
21  0
14  -7
11  -2
11  -2
7  3
21  -1
29  2
21  1
21  -1
6  7
24  0
24  0
32  -3
20  -5
17  -1
28  -7
15  -2
10  -2
9  -5
41  3
30  5
34  3
13  1
10  -1
8  4
11  -3
23  4
14  -5
24  0
12  4
20  -5
19  8
49  -2
14  -5
15  -2
32  -3
15  -1
22  6
23  4
20  -6
17  -1
32  -3
13  1
19  6
30  4
16  -6
15  -2
25  0
40  -6
18  2
13  2
21  1
13  2
16  -7
10  -2
38  -2
23  6
32  -4
26  -8
21  1
18  3
17  -1
33  5
21  -1
13  2
29  2
18  3
24  1
7  2
18  3
10  -2
16  -6
14  -7
24  0
50  -5
37  4
26  -7
24  2
12  5
28  -6
21  -1
22  4
32  -4
21  1
23  4
18  1
39  -5
33  6
14  -5
11  -1
27  -7
11  -2
22  6
23  4
20  -6
35  5
30  4
25  0
29  3
5  1
15  0
13  0
31  -2
32  -2
8  4
43  4
19  7
11  -3
15  -1
12  4
25  1
17  1
16  -8
22  4
23  4
20  -6
18  3
17  0
17  1
17  -1
15  0
14  -5
30  5
13  0
35  5
19  7
15  0
10  0
14  -6
22  4
25  0
25  1
33  7
22  4
38  -2
22  4
25  0
25  1
15  0
16  -6
43  4
22  6
11  -3
12  3
7  2
37  4
6  7
8  4
17  -1
24  2
33  7
42  2
7  1
27  -6
17  0
23  4
23  4
20  -7
11  -2
12  5
23  6
5  -1
9  -7
25  -1
12  5
13  2
43  3
12  5
8  4
26  -6
16  -7
17  1
22  4
19  6
27  -7
8  4
19  8
14  -7
22  6
21  0
6  5
16  -6
16  -8
21  1
11  -2
8  3
12  5
51  7
12  5
35  4
11  -3
20  -6
22  5
32  -4
31  -2
12  4
23  5
7  3
26  -7
13  2
23  4
22  5
16  -8
5  1
23  5
17  1
32  -3
10  0
32  -4
37  5
26  -6
17  -1
9  -6
28  -7
16  -6
13  0
33  7
19  6
12  4
18  3
17  0
9  -6
18  3
20  -6
14  -7
25  -1
17  0
27  -5
18  3
8  4
8  2
5  1
37  5
23  6
12  4
36  -1
45  -4
14  -6
29  4
23  5
21  -1
10  -2
10  -1
23  5
7  1
32  -3
36  -2
11  -2
16  -6
13  0
17  0
11  -3
31  -2
19  6
25  0
33  5
23  6
23  4
8  2
18  1
9  -6
24  2
12  5
31  -1
26  -7
33  7
38  -3
24  0
15  -2
21  0
22  4
18  1
32  -2
19  8
9  -7
28  -7
23  4
18  2
25  0
23  5
19  7
13  0
32  -4
40  -5
14  -6
16  -7
21  0
15  -1
14  -5
23  6
16  -6
16  -8
18  1
16  -7
11  -1
26  -8
24  2
20  -6
12  3
18  3
17  0
11  -1
32  -4
15  -1
24  2
18  3
6  5
28  -5
9  -7
25  1
9  -6
22  5
19  6
10  -1
16  -6
10  -1
17  1
9  -5
16  -8
14  -5
18  3
19  6
23  4
10  0
14  -6
14  -6
33  5
16  -8
26  -7
21  0
16  -7
27  -6
6  7
22  5
24  1
30  5
28  -7
14  -7
17  -1
22  6
14  -5
16  -7
7  3
15  -2
18  1
18  2
26  -6
16  -8
8  4
10  -1
44  1
27  -7
7  2
23  6
26  -6
17  -1
25  0
29  4
28  -7
12  4
11  -2
32  -4
6  7
32  -2
18  1
7  3
35  5
22  4
20  -6
13  0
7  3
27  -5
28  -5
25  0
35  5
20  -6
38  -2
5  -1
30  3
17  -1
23  4
20  -6
7  1
17  -1
5  -1
20  -5
15  -1
5  -1
11  -3
21  1
31  -1
17  -1
26  -7
20  -7
18  2
17  1
12  4
7  3
16  -6
19  6
35  4
15  -2
47  -6
12  5
24  1
24  1
15  -1
21  0
24  0
22  5
24  1
14  -7
21  0
5  -1
26  -7
37  5
17  0
42  3
20  -6
19  7
10  -2
15  -2
13  1
27  -5
14  -5
19  7
17  -1
38  -4
23  4
41  4
17  0
26  -6
18  2
10  -2
17  0
22  4
15  0
10  -1
18  3
9  -7
29  2
20  -5
4  -6
10  0
15  -1
20  -6
15  0
21  -1
30  4
20  -7
25  0
32  -3
14  -5
11  -3
27  -7
19  6
5  0
12  5
12  5
8  2
39  -5
11  -1
28  -5
25  1
28  -5
11  -3
23  5
15  -1
17  0
24  1
20  -6
4  -7
19  8
21  -1
48  -4
16  -7
16  -6
22  6
52  5
25  0
23  6
32  -3
10  -2
16  -6
34  1
17  0
31  -2
22  4
4  -5
37  6
22  4
15  -1
30  4
24  2
6  7
15  -1
11  -1
30  4
24  1
17  1
15  -1
8  3
21  0
18  3
30  5
12  5
19  7
15  -2
12  5
19  8
18  2
6  7
6  7
23  5
13  1
10  0
29  2
12  5
25  0
19  6
11  -1
7  2
25  1
26  -8
37  5
46  0
28  -5
19  8
23  6
30  4
14  -6
18  2
20  -5
28  -5
20  -5
26  -7
26  -8
16  -6
14  -5
22  4
13  0
13  2
22  4
20  -7
17  0
17  1
9  -7
21  0
8  2
20  -5
9  -7
12  3
9  -6
20  -6
18  1
3  7
9  -7
13  1
19  6
13  1
26  -8
40  -6
15  0
6  7
8  2
18  1
13  2
18  2
13  2
23  5
23  4
9  -7
25  0
30  4
18  2
11  -1
18  2
14  -5
27  -6
35  4
19  8
16  -6
16  -7
21  -1
24  1
24  1
15  -2
35  4
22  5
37  6
23  5
46  1
14  -6
33  7
13  2
6  5
6  5
11  -2
15  0
7  2
39  -5
24  2
25  -1
23  5
15  0
24  1
29  4
26  -8
21  -1
18  1
9  -7
26  -6
40  -5
16  -6
7  1
21  1
21  1
12  4
24  0
29  4
18  1
14  -5
20  -7
15  0
24  0
19  6
23  5
20  -7
20  -5
12  5
34  1
38  -3
17  0
9  -7
25  0
30  4
42  2
18  2
35  5
9  -6
29  4
17  -1
15  -1
17  -1
33  7
20  -5
17  0
28  -7
10  -2
9  -6
8  2
22  6
15  0
30  4
27  -5
19  8
14  -5
15  -1
17  1
7  2
17  1
25  1
30  5
26  -6
19  6
32  -3
22  4
25  -1
14  -7
18  3
12  5
15  -2
17  -1
17  1
15  0
19  7
36  -1
15  0
10  -1
17  1
18  1
25  -1
24  2
5  1
31  -1
21  0
20  -5
18  3
4  -7
15  -2
9  -5
13  0
21  1
27  -6
11  -2
18  2
10  0
18  2
10  0
12  4
16  -8
17  0
19  6
37  4
23  4
20  -7
18  2
9  -5
34  1
34  2
18  3
4  -6
6  6
18  1
16  -8
19  7
22  5
29  2
12  5
16  -8
18  2
26  -8
22  5
16  -7
24  2
10  -2
12  5
21  1
30  5
12  4
8  2
24  1
13  2
17  0
13  1
46  1
24  1
27  -5
22  6
19  6
21  1
17  -1
22  6
6  5
9  -7
33  6
14  -5
10  -2
27  -6
14  -5
31  -2
31  0
33  7
14  -7
21  -1
27  -7
23  5
17  -1
16  -6
10  -2
18  2
19  6
15  0
14  -6
27  -7
27  -6
47  -7
23  6
8  4
13  2
26  -7
16  -8
15  -2
14  -5
18  3
9  -7
21  1
15  -1
13  2
6  6
17  0
11  -2
19  6
11  -1
14  -5
25  1
23  6
16  -7
15  0
15  -2
36  0
8  2
17  0
12  3
8  4
8  3
11  -2
17  1
18  1
18  2
26  -8
10  0
12  3
28  -6
28  -6
15  -1
21  1
22  6
20  -5
9  -6
11  -3
11  -1
17  -1
26  -8
30  4
13  2
16  -7
20  -5
32  -3
22  5
21  1
13  1
19  8
26  -7
12  4
32  -3
16  -8
18  2
30  3
24  2
16  -6
30  3
23  5
15  0
12  3
27  -6
8  4
16  -6
12  3
27  -7
25  0
28  -7
20  -7
42  1
8  3
20  -6
25  0
15  -2
13  1
14  -7
16  -8
22  6
24  2
18  2
10  0
