44  -3
47  -5
49  -1
42  4
41  -2
36  4
30  -8
68  -4
73  -8
50  4
38  -7
43  -6
47  -5
61  7
60  5
46  1
30  -9
25  11
38  -5
52  1
39  -5
36  -4
30  -5
45  -10
24  -1
50  2
50  -2
36  2
44  -6
46  4
75  4
49  -6
51  -5
57  -4
32  2
30  -2
50  -1
32  7
45  -10
32  9
62  8
49  -4
43  -13
50  -7
35  1
63  10
58  6
35  7
26  -10
47  -5
50  -4
50  -1
46  4
70  -5
33  -2
39  -6
32  2
60  -7
62  12
27  -8
41  1
51  -4
49  -6
50  -1
53  0
54  -3
61  10
63  5
46  0
41  5
35  13
27  -4
47  -2
40  -1
32  4
58  7
76  9
33  -3
52  0
71  6
35  13
36  2
45  -11
51  1
39  0
74  -2
20  -1
30  4
33  -4
35  3
60  -8
49  5
26  -2
109  5
53  1
56  11
66  -4
40  -11
53  -12
70  -8
65  -8
50  0
43  -10
34  0
58  1
39  5
26  -7
56  0
55  -7
14  -5
48  12
58  0
38  -3
43  -2
35  1
47  -11
36  7
34  -2
46  -6
33  -11
44  4
51  2
39  -2
50  -10
52  -4
43  -9
51  -5
30  2
58  11
29  2
39  2
70  -2
62  9
42  1
38  -4
38  6
49  -8
33  -7
45  -11
41  -3
30  -6
45  -4
69  4
40  -1
44  -7
53  -7
56  6
35  2
24  5
83  1
50  -1
42  6
39  3
50  -7
41  -2
84  7
58  0
69  -3
49  -6
57  3
56  12
56  2
33  -6
61  8
42  2
59  -4
29  -6
46  -5
55  1
55  -5
32  11
58  1
42  -3
40  -10
43  -7
34  2
63  7
46  0
25  2
57  2
44  -5
47  -6
40  -1
30  -3
24  0
47  -7
74  -6
58  0
44  5
28  -9
20  6
37  -7
32  4
55  -5
37  -3
53  -10
54  -11
29  -5
32  10
41  1
49  5
44  -7
71  12
48  10
57  4
57  5
63  9
48  4
49  1
48  9
42  4
37  2
67  -2
37  1
57  -6
49  -5
74  1
50  2
45  -9
43  -8
45  -4
49  -5
35  8
54  -1
32  13
49  -4
46  -3
49  -4
65  -1
37  3
84  -1
43  -11
58  5
39  -5
39  -1
45  -8
32  10
49  2
40  -3
49  0
47  -1
53  -8
38  0
45  -4
90  -2
61  0
49  -6
56  8
29  8
76  0
29  7
34  -2
50  -4
36  3
27  3
46  5
46  0
62  8
35  6
26  -12
29  -1
63  12
56  14
37  -8
42  4
46  5
71  6
33  -3
49  4
34  -4
45  -7
50  3
47  -8
38  2
37  -1
53  -11
45  -13
24  10
70  -5
26  -8
68  -12
80  -6
43  -11
31  -3
46  1
38  -3
27  3
17  0
49  -7
52  -1
38  7
47  -10
52  8
48  9
58  8
50  -1
46  3
46  4
46  5
47  1
57  4
41  -7
28  -10
45  0
49  -2
44  -7
64  0
29  -1
38  -1
32  2
48  13
54  -10
43  -13
52  5
54  -1
57  5
57  -5
44  -4
20  5
40  -3
26  -5
76  10
36  -3
31  -10
57  -2
52  4
55  -12
39  3
24  6
33  2
56  4
33  1
39  -8
39  -5
34  -1
32  1
32  1
42  -1
27  -8
33  2
44  -2
57  3
72  -7
40  -8
67  -4
38  -3
48  1
20  -5
75  -4
37  1
60  -7
49  -8
54  -1
36  2
44  -6
30  4
67  -6
41  6
41  -7
29  5
43  -5
33  -9
46  3
47  -9
76  7
62  2
23  6
35  4
30  4
64  0
48  7
41  1
42  7
36  -2
52  5
43  -9
54  2
37  2
38  2
27  -6
44  1
70  -11
52  6
39  -4
63  -1
40  1
20  9
65  -7
42  5
35  10
47  3
33  3
27  -3
29  -3
48  0
38  -5
65  -7
67  -3
26  1
51  -4
33  -5
73  -9
68  -2
44  7
49  -4
27  -2
47  -3
37  -8
50  -3
42  -3
47  -1
49  -4
42  5
33  -8
68  -10
53  -7
34  -2
80  -4
44  4
37  -4
45  -10
20  4
54  -2
41  7
43  -12
41  4
83  -2
37  0
32  5
50  -3
49  5
41  6
41  2
52  2
39  2
53  -7
34  -10
42  2
40  -6
36  -4
63  -2
31  -12
64  -3
47  1
47  3
33  -4
40  -9
61  3
33  2
63  -2
56  5
37  2
40  -7
73  -4
28  0
63  3
31  -2
45  -8
39  -7
49  -4
45  -13
39  0
42  6
21  3
26  -2
41  6
38  -6
46  1
51  -3
46  -2
61  -2
30  -9
39  4
28  -2
56  1
54  1
32  13
42  6
51  0
37  -7
57  -8
61  -4
60  -4
51  7
36  0
65  -8
45  -8
70  -1
29  2
49  4
42  0
65  -3
53  0
45  -7
63  9
41  4
34  -7
30  -6
42  -1
63  8
43  -11
36  -2
27  0
48  8
54  1
56  2
35  5
60  0
44  7
50  4
41  5
37  -9
41  -2
61  5
46  -3
37  -8
51  1
52  -6
60  -8
50  -8
39  1
56  4
61  -2
38  -6
52  6
45  -4
47  -9
29  8
52  3
51  -6
31  -12
17  0
47  -10
45  -5
41  0
21  5
47  1
49  5
65  -5
37  2
41  1
70  -5
60  -8
29  0
53  -12
48  1
48  10
44  -6
29  3
35  8
42  9
41  2
55  1
31  -12
34  -3
42  9
46  2
54  -10
71  -1
35  1
53  -12
45  -5
39  -3
36  2
38  2
49  -1
30  -9
27  5
29  -3
53  -11
56  6
57  -4
40  -10
49  -2
29  6
48  -1
66  -1
41  4
40  2
34  -6
50  -8
42  10
45  -14
63  1
31  -2
33  -11
61  0
66  3
26  -9
25  7
61  2
41  -3
37  3
28  -14
31  -7
56  7
40  1
35  2
46  3
29  7
34  0
58  6
19  -3
60  -5
43  -5
41  -2
68  -8
43  0
69  -1
67  -1
54  -9
46  -3
63  9
31  -2
33  -6
67  6
49  5
52  7
81  3
42  -3
31  -4
56  8
43  -2
54  -10
41  -1
59  -8
43  -6
17  2
65  -7
32  9
63  9
42  10
53  -5
47  3
48  6
32  0
38  2
34  2
36  -3
54  -2
54  -8
48  0
48  5
55  -8
56  2
46  2
44  1
32  8
28  -11
58  7
68  -6
41  4
28  -13
46  2
48  10
37  2
53  -5
42  11
43  -8
21  -1
45  -4
52  -5
45  -2
37  -7
46  -3
59  1
54  -3
19  -3
41  2
55  -10
36  -5
35  8
41  -2
58  3
41  3
52  0
39  4
50  -6
16  -4
62  12
46  6
38  -3
46  6
54  -8
50  -10
60  -8
33  -6
37  -11
40  0
46  4
46  4
38  -1
55  -7
40  -1
43  -13
50  -9
33  3
47  1
45  -12
44  7
44  6
55  1
40  -7
27  5
42  2
28  -14
54  0
46  3
46  -2
41  -3
57  -9
31  1
45  -13
56  10
39  -5
48  7
47  3
48  6
49  -4
41  -2
64  -4
54  -4
43  1
60  -1
70  -8
45  -3
56  1
62  7
34  -1
69  -8
53  -4
42  -1
44  -3
24  9
31  -8
79  -7
62  14
38  -4
31  -11
32  10
20  -5
55  -3
47  -1
71  9
39  0
34  -9
54  1
54  -11
38  2
58  1
37  -1
54  3
51  -4
38  7
37  0
40  2
34  -6
32  1
61  2
43  -3
39  -8
59  -4
43  -12
35  8
56  10
49  -5
60  6
35  6
40  -9
52  2
45  -9
49  -3
50  1
55  -4
82  -12
51  -1
46  0
42  -1
43  -12
52  0
61  -1
35  12
55  -10
53  -7
18  5
54  -4
50  -10
35  10
37  -7
69  -3
23  10
58  4
61  0
36  5
49  -7
40  1
33  -7
35  5
52  8
66  6
53  -1
49  -8
58  4
52  -5
29  6
38  3
48  11
47  -6
51  -4
51  4
39  -1
34  -4
56  8
68  0
39  1
54  -1
53  -6
49  -1
61  4
57  -5
49  -1
66  -2
55  1
39  -6
44  2
37  -11
48  6
45  -1
45  -1
43  -13
44  -2
27  1
32  12
45  0
31  -8
30  -8
46  0
45  -7
26  -2
44  -1
66  1
46  -2
26  0
53  -4
30  3
39  -7
41  5
49  3
28  -11
61  -2
26  1
20  6
68  -1
35  3
26  -6
39  4
44  -3
35  8
53  -2
72  -10
51  -1
51  7
27  -4
33  -5
45  -4
29  -1
42  3
37  -3
69  -1
48  6
53  -7
54  -11
57  5
49  -5
62  9
43  0
61  -3
49  2
69  -2
55  -8
65  1
39  6
49  3
44  -7
46  1
47  -1
44  1
43  -1
40  1
37  3
64  0
68  -13
39  2
42  10
43  -4
60  -7
43  -10
62  5
40  -10
53  -5
31  -5
58  7
49  4
38  -4
32  11
32  6
42  5
35  5
42  -3
59  -9
47  -10
37  -10
30  -4
33  -5
56  0
33  1
41  -5
35  8
26  -1
45  -7
29  6
35  11
36  -2
49  4
53  -11
46  -8
42  0
54  -3
23  6
37  -11
19  1
38  7
37  -5
53  -6
40  -7
29  6
35  6
40  -2
58  1
46  -5
38  3
34  -3
31  -4
77  4
55  -9
51  7
45  -11
50  -3
51  7
51  7
56  2
39  5
53  1
62  5
29  2
44  -3
39  -2
55  2
54  -7
40  0
48  13
25  7
32  0
33  -7
46  -8
55  -2
64  -9
43  -7
45  -14
42  9
32  7
39  -8
45  -14
48  5
35  7
37  -2
57  -1
49  -3
59  -2
48  3
31  -3
38  6
39  6
32  8
36  7
41  2
14  -1
60  -8
46  1
42  1
65  -10
40  1
49  -3
47  -4
56  14
49  -1
34  -11
39  -5
18  -6
35  8
