25  0
36  -8
31  8
28  7
45  1
35  6
40  -7
38  1
31  5
57  7
39  1
33  3
40  -1
27  1
22  2
45  0
35  8
37  -4
30  -6
47  3
41  3
30  -1
51  -5
36  -9
31  6
39  2
35  1
74  4
46  -2
35  7
32  5
32  2
53  4
38  -4
44  9
40  0
22  3
32  -1
19  -8
43  4
35  8
41  10
43  6
41  6
42  -5
56  1
30  2
46  -5
41  10
39  3
31  6
36  -7
40  -2
23  -1
44  1
39  1
30  -6
33  1
32  7
51  -4
36  -9
37  3
45  -2
48  -6
45  4
52  -5
35  1
44  2
30  -1
53  6
31  9
27  4
28  1
44  7
56  1
33  -3
36  -8
33  0
31  2
20  -4
38  2
37  3
34  -2
30  -1
45  6
47  -1
30  -5
36  -4
47  2
27  0
27  3
47  1
29  -6
53  1
46  -6
48  4
30  2
49  4
30  3
37  -2
36  -8
46  -7
52  -6
48  -4
33  -3
41  5
46  -1
53  10
41  5
35  8
43  0
34  -6
41  5
45  5
31  1
37  2
50  5
38  -8
46  -9
47  1
33  -4
37  -1
39  9
33  -5
39  2
24  -5
28  7
44  11
30  -3
43  0
39  5
33  2
47  5
41  8
42  4
35  2
38  -4
51  1
27  -2
52  1
45  5
34  -3
37  -6
35  7
33  -5
35  5
37  0
46  -8
38  -2
37  -4
41  9
56  1
39  9
32  6
42  2
41  7
37  1
36  0
33  1
32  1
41  7
53  6
56  2
36  -3
33  2
46  -3
35  6
42  -2
33  -4
34  -4
53  4
38  -7
33  3
31  9
30  -4
40  -5
40  -7
41  4
35  2
26  2
36  -3
38  0
37  2
36  -8
24  0
43  3
28  7
36  -8
32  -1
35  1
39  4
21  -12
38  -2
52  -5
43  -3
45  6
49  3
53  4
41  7
25  1
51  -6
34  -2
30  2
19  2
50  8
45  7
42  1
34  -5
35  7
30  -6
28  7
28  7
32  6
41  0
44  6
30  -2
49  3
34  3
32  0
38  1
37  -6
28  0
38  -4
44  11
28  6
38  -8
57  5
41  0
24  -3
20  0
22  5
31  8
42  -4
34  -4
48  1
30  0
42  2
39  0
46  -8
44  10
40  -1
69  10
32  3
31  -1
30  -6
42  0
35  6
31  3
60  7
39  0
33  2
42  -3
39  8
49  4
37  -4
54  11
43  1
54  6
31  8
16  6
37  0
44  2
32  8
38  -5
31  8
43  6
51  -2
28  1
51  3
40  -4
36  -1
35  2
41  7
61  7
43  1
30  -5
44  11
41  9
37  -3
43  1
20  -6
24  2
38  0
33  -1
32  8
27  0
42  2
35  6
13  0
33  2
34  1
53  9
42  2
42  -1
57  9
31  5
56  -3
55  -4
44  4
48  1
32  1
29  -5
38  -3
35  3
39  1
39  3
14  6
43  -4
29  -5
30  -3
25  4
42  2
61  0
28  8
34  1
45  8
39  0
63  -3
34  2
52  -4
47  9
33  3
49  -2
45  5
39  0
39  2
40  0
48  0
40  -5
47  7
33  -5
36  -5
34  2
50  3
19  -2
25  0
47  9
38  0
35  9
34  -3
40  -7
48  -5
42  4
27  5
27  6
26  2
37  -6
23  -3
36  -3
40  -10
23  4
40  -3
27  7
51  -6
46  -2
41  4
37  2
44  6
35  3
48  -3
38  -4
40  -2
31  4
28  5
36  -6
41  10
23  -1
36  -6
37  -1
68  4
38  -7
45  0
37  0
37  -3
36  -5
38  -5
29  -8
50  -1
59  4
38  -7
42  2
33  -1
21  -2
41  2
38  -8
54  4
35  2
37  0
38  0
49  1
40  0
34  -4
31  2
39  7
28  1
37  -4
23  5
44  11
26  12
33  0
27  -3
49  -2
40  -4
32  0
48  -1
27  -3
37  -3
27  -2
49  -3
43  1
50  -1
47  1
40  -2
25  4
52  -3
60  11
22  -2
37  -3
48  1
32  6
37  1
39  9
38  -4
25  3
41  0
42  -2
54  2
38  2
32  1
26  10
43  6
57  0
34  -1
31  2
21  -8
25  8
25  0
37  2
41  10
39  0
40  -4
47  3
36  -9
27  0
29  -4
34  -3
32  -1
42  0
43  1
55  -5
43  3
57  7
53  6
32  5
63  -4
28  5
46  -6
52  2
26  10
36  -5
47  9
41  10
43  3
27  -2
33  1
29  -4
52  -3
39  4
34  -1
26  11
38  2
31  0
60  8
33  -4
50  5
41  9
45  7
38  -3
46  -2
59  10
24  4
32  -2
38  -1
32  2
28  0
39  9
26  11
41  0
23  5
30  4
36  -1
33  -6
37  -3
30  2
49  4
43  6
41  3
37  -3
29  -9
45  6
26  12
53  3
37  -7
37  -6
48  1
31  6
38  -7
42  -1
30  -5
52  -4
51  0
51  -3
52  2
37  -5
33  2
28  3
32  7
27  3
49  6
47  4
43  1
29  -3
39  3
36  -9
35  -1
35  4
33  -7
21  -8
41  10
26  7
43  -2
32  -1
34  -2
35  9
38  -7
40  -7
49  4
31  6
32  5
29  -6
36  -4
58  3
42  3
37  3
47  9
31  6
40  -10
46  -9
37  -6
45  5
34  -6
55  3
38  -1
52  -1
41  2
25  8
30  -6
62  -5
41  5
44  3
26  5
30  -1
33  -4
52  -4
24  -6
53  1
50  -1
38  -7
46  -2
42  -2
33  -3
42  -4
35  4
49  -2
34  -1
43  0
47  -1
43  -4
44  3
28  -1
36  -1
45  1
30  -5
30  0
51  -2
25  0
51  3
34  -4
30  1
27  0
49  -1
50  6
33  1
38  -7
48  1
38  -3
48  3
44  5
49  -2
34  -5
35  3
36  -1
27  4
36  -2
50  0
52  -3
23  -4
38  -1
42  3
28  4
35  2
29  -8
31  6
29  1
27  -3
62  4
34  -4
25  7
37  -6
36  -5
37  -7
34  -3
34  2
38  1
28  8
56  -4
34  -4
33  3
41  3
40  -7
33  -6
33  -1
26  11
53  5
30  -6
49  2
29  -2
45  1
42  4
39  -1
33  0
37  -7
47  7
56  0
34  -6
34  -3
50  4
34  -7
34  -7
41  8
44  4
37  1
28  3
27  4
32  0
36  -1
28  -1
22  3
28  2
40  -6
29  -4
29  -7
40  -8
38  -4
43  6
52  -1
33  -4
41  3
27  -3
28  5
36  -2
37  -7
32  8
29  -3
50  7
48  0
38  -8
32  6
30  2
41  6
23  5
44  6
20  0
55  -5
24  0
34  -6
37  -4
50  6
23  4
31  3
24  4
37  3
50  7
40  -9
39  5
33  -5
35  6
28  7
47  3
37  1
39  9
72  -2
33  3
50  7
36  1
35  5
35  0
26  5
29  -8
51  -1
33  2
41  3
30  0
32  4
31  3
43  -2
26  10
37  -7
36  1
36  -5
59  7
46  -2
45  8
31  7
24  -3
39  5
35  0
31  8
43  -3
53  7
38  -6
25  4
44  2
46  -5
38  0
41  5
39  1
39  7
24  1
31  3
24  3
44  10
25  5
40  -2
34  3
43  4
37  -6
49  3
48  4
47  9
33  3
44  4
46  -1
47  1
46  -7
33  0
36  1
31  5
44  3
41  10
36  -1
42  5
31  5
48  -5
28  -1
23  -3
47  4
50  7
41  1
34  2
47  2
25  5
36  -7
62  3
29  -1
47  1
50  0
31  5
36  -5
33  3
33  1
40  -4
46  -11
35  8
38  -5
32  8
35  7
33  -3
31  4
31  7
37  3
36  -2
52  0
42  -3
23  3
28  9
46  -7
33  -3
24  -4
36  -6
36  -5
41  8
70  5
36  -8
57  7
37  -1
35  3
37  1
40  -7
37  -1
38  -7
32  -2
42  -5
39  0
59  7
40  -5
38  2
39  3
47  3
57  10
46  -8
41  10
31  6
18  2
44  3
31  1
32  2
40  -10
33  3
37  -4
40  -6
33  -5
37  3
38  -2
50  3
32  0
53  0
40  -3
45  -2
19  -8
55  -5
45  -1
41  7
33  -2
52  1
36  -4
49  0
39  0
35  3
46  -6
33  -4
24  -4
51  2
51  2
49  3
33  0
50  3
36  1
17  2
49  2
46  -11
48  0
39  0
42  -5
38  -6
38  -4
32  5
37  -6
31  6
40  -4
29  -9
38  0
32  7
41  7
52  1
37  1
49  -1
26  3
31  3
31  5
32  3
36  -6
34  -4
37  -7
50  5
37  1
31  1
56  -2
31  1
42  -3
34  3
46  -5
33  -3
34  -6
31  9
42  5
48  -4
53  0
48  4
47  5
43  6
40  -6
41  3
27  -2
47  6
51  3
21  -4
37  -6
37  -3
47  5
38  -6
41  9
33  -4
38  -2
41  4
42  4
45  -1
51  2
51  -4
39  9
18  1
32  8
47  1
32  8
36  -5
37  -6
34  -3
38  1
43  -3
44  10
48  3
31  3
41  7
30  4
27  -2
26  3
50  1
36  0
33  -3
47  4
38  -1
31  7
33  3
50  3
41  8
44  2
38  -8
39  3
50  0
29  -2
40  -4
32  3
45  -1
41  0
24  -2
37  3
30  1
51  -5
27  2
29  -5
35  0
34  -3
38  -8
43  -3
46  -11
46  -8
34  3
46  -10
33  -5
27  1
50  4
41  3
35  2
41  5
40  -2
51  1
37  -2
36  -9
41  5
33  -5
32  0
29  -4
22  4
50  4
36  0
49  2
34  -1
46  -11
46  -11
32  7
30  -2
25  4
26  12
29  -1
24  -3
41  2
57  8
37  0
43  0
39  7
