34  7
21  -6
48  1
22  -3
30  5
33  -6
30  2
33  0
35  4
41  -3
47  0
29  -4
39  -5
21  0
21  -2
26  4
32  -4
30  7
27  -10
31  -5
46  3
43  -1
29  -5
26  -1
27  -11
40  -1
40  4
25  -10
33  2
42  8
24  2
35  -4
27  -3
43  -2
35  1
34  3
23  -9
40  0
49  3
38  1
36  2
29  -3
22  -9
33  -7
37  1
24  -4
34  2
39  0
40  0
35  -2
32  -5
52  -10
27  -5
35  6
31  0
26  5
29  -4
46  5
19  -3
27  -5
28  5
34  2
41  -2
38  -1
36  1
27  -5
35  6
26  7
27  -4
54  1
29  1
38  6
24  -4
32  -7
37  1
22  0
23  -3
23  -4
28  1
39  -2
50  -6
29  3
34  -3
32  -7
34  1
40  6
30  6
31  -3
26  -1
41  -6
26  1
49  -1
30  10
34  -2
38  -2
26  2
27  -11
38  2
16  5
39  2
29  -3
34  -2
28  0
26  1
21  2
23  -5
30  7
38  -1
27  -11
53  2
34  5
38  1
47  -5
29  -3
31  -10
28  5
34  7
28  1
34  2
23  -5
49  5
36  -2
33  2
40  1
54  -6
29  -6
26  0
27  -10
22  -5
26  3
29  3
37  3
40  3
45  7
38  0
32  -1
31  -5
20  3
36  1
30  5
31  -6
28  -4
29  -2
31  -5
41  -7
31  -6
47  2
35  4
23  -8
31  -3
25  -5
31  -6
35  4
24  -1
32  2
16  7
24  -1
14  -1
24  -4
23  -11
27  -10
46  6
19  0
35  -3
32  1
30  2
29  -4
38  4
31  -4
20  6
38  4
25  -3
36  4
28  5
43  -2
33  2
38  -3
43  -4
24  2
37  2
28  -3
30  10
24  -1
30  3
26  7
30  10
21  2
29  3
37  0
30  2
26  4
45  6
19  0
27  -3
29  -1
40  1
50  -7
24  0
29  -2
38  0
33  0
44  -4
37  -2
40  4
42  9
28  1
50  -6
23  -3
46  2
35  -1
44  -3
24  2
25  -2
58  1
30  2
29  2
47  2
19  -10
38  4
26  3
27  -10
25  -10
26  1
33  1
56  -4
40  3
42  6
30  11
37  -3
30  4
39  1
43  5
11  -3
31  -10
18  0
23  -5
39  4
35  1
29  1
22  -6
29  -1
23  -5
25  -8
40  1
43  -4
46  9
28  2
33  -5
38  6
40  8
37  -1
19  -10
25  -4
32  -2
38  2
26  3
21  -6
25  -2
27  -9
26  -1
27  -3
32  -5
29  3
36  -2
30  5
21  -3
38  -2
53  4
26  8
38  2
31  -3
28  -3
30  7
35  4
24  -6
28  -2
19  -4
31  -9
39  -4
28  0
43  -5
38  1
26  -1
40  2
37  1
48  6
35  2
33  -2
52  -9
32  -1
37  -4
26  8
37  0
15  2
31  0
30  7
32  -7
34  -3
42  1
43  0
18  -2
32  0
38  7
34  -1
35  -4
33  -6
33  2
19  -10
32  -4
43  2
35  6
26  -1
20  0
31  0
25  -9
37  -3
36  1
39  0
36  -1
34  -1
29  -1
32  1
36  0
22  0
17  -1
28  0
39  -6
19  -2
52  -8
26  0
29  1
31  -7
37  3
36  3
28  2
17  3
35  1
36  6
23  -11
42  11
28  -3
20  1
35  -1
31  -9
34  7
19  -9
40  7
20  2
31  -6
28  1
24  -6
43  3
29  -4
16  9
32  -2
30  2
28  5
26  3
42  8
23  -6
27  -9
49  3
29  2
41  0
16  3
47  -4
31  -3
31  -8
39  -6
34  7
33  -1
32  -5
39  -2
38  -1
29  -7
40  8
27  -7
31  0
31  -1
31  -2
43  3
29  -5
34  2
32  -7
27  -11
37  -1
34  4
19  0
31  -1
43  -1
34  6
17  2
14  0
45  0
46  8
38  -3
30  11
38  -2
20  5
22  -6
27  -8
36  6
29  3
26  8
30  2
37  0
30  2
43  -3
48  1
29  -6
34  0
28  -2
25  -8
23  -7
30  3
35  -2
18  0
32  2
28  -5
28  0
31  -9
31  -2
23  -11
24  -3
33  -5
34  5
32  -7
33  -6
35  6
12  7
33  1
26  -2
23  -4
28  3
29  3
29  3
52  -2
43  1
34  1
33  0
38  -1
30  4
28  -3
42  11
41  -4
44  2
17  -2
44  -6
27  -6
31  -7
23  -9
29  -4
17  -3
40  4
34  1
30  7
27  -4
18  -5
38  -1
39  -1
29  -6
26  3
29  -6
33  -3
22  -5
40  5
51  -3
23  -10
41  -7
35  3
24  -1
28  0
36  0
27  -9
42  9
28  -4
36  5
31  -10
39  -1
26  0
24  -4
32  -8
36  6
39  -3
39  1
34  4
40  7
21  -2
27  -9
37  -6
24  0
25  -5
35  0
20  5
33  -4
29  -5
31  -8
24  0
23  -11
28  3
39  -2
29  -6
50  -7
38  4
40  9
28  -3
43  -2
27  -6
49  8
36  2
32  1
26  2
30  5
32  -2
23  -12
38  4
34  7
30  7
26  1
33  -3
28  5
23  -6
22  -1
30  5
21  -6
29  -5
43  -5
25  -8
26  8
32  -7
42  7
33  2
21  4
22  -9
47  3
34  -3
31  -1
28  0
38  4
28  4
35  5
37  -1
13  -2
28  -5
27  -5
37  3
28  3
28  -5
30  3
24  -2
35  0
23  -11
36  6
30  6
39  2
44  -3
35  1
30  2
20  0
28  1
42  7
38  6
29  -6
38  2
29  -5
29  2
53  0
34  7
26  4
30  10
40  -1
38  2
26  -2
26  4
36  5
26  2
23  -5
29  -5
34  -2
27  -5
34  3
27  -10
28  4
34  5
20  2
24  -2
30  10
37  1
25  -9
39  0
30  4
39  3
30  9
43  3
41  -8
27  -1
29  -4
48  9
44  -3
32  -7
41  -10
38  7
27  -7
31  -3
31  -2
31  0
26  6
34  5
43  5
30  8
32  -2
34  -1
23  -7
36  -2
38  1
30  8
19  -7
39  2
26  5
38  -1
25  -10
35  3
37  -1
30  7
49  4
37  -5
42  6
25  -10
17  -4
43  -4
27  -5
18  2
27  -11
22  -2
50  1
29  -3
29  -6
30  5
33  -4
22  -4
25  -2
28  -2
21  1
37  3
23  -9
38  4
27  -9
32  2
18  1
21  2
41  -7
20  -1
35  2
30  9
51  -2
29  -5
29  -2
50  -6
36  -1
31  -10
35  -3
28  -2
40  -1
19  -4
44  -5
40  5
49  7
33  3
27  -8
40  7
31  -10
26  -1
41  -3
49  2
34  2
34  -1
38  -1
22  -4
22  -8
31  -2
17  1
25  -4
29  -2
24  -1
16  9
29  -5
28  -4
20  -2
33  -7
34  -2
39  0
37  -4
44  -5
42  10
25  -3
32  -4
30  6
23  -7
31  -2
32  1
25  -2
33  -1
25  -3
37  -5
29  3
18  -6
41  -7
38  -1
37  -7
22  -1
29  -5
31  -9
34  -1
18  -2
19  -10
40  2
32  -4
34  6
31  -10
30  9
29  -7
29  -7
34  7
40  1
22  -9
29  -1
31  -6
33  -2
29  1
38  -3
35  1
20  3
27  -11
53  1
26  5
21  0
25  -9
43  2
30  4
34  -1
32  1
38  4
18  -7
37  -7
28  -5
27  -3
25  -2
43  1
29  -5
32  0
26  0
25  -8
24  -7
28  3
29  3
24  2
33  1
32  0
49  9
30  9
29  0
44  -6
34  -1
29  -1
29  -6
40  8
32  2
25  -8
28  -2
32  -1
25  -4
51  -3
19  -10
19  -3
16  9
24  -6
32  -1
34  1
25  -9
31  -3
29  -4
41  -4
31  0
42  10
31  -4
28  0
38  -1
26  3
30  1
28  5
38  3
36  -1
38  5
33  -4
27  -6
37  0
22  -4
30  2
28  0
12  8
32  0
36  5
29  2
21  2
17  -3
27  -2
28  4
37  3
19  -5
20  5
38  1
41  -3
29  -6
25  -4
31  -3
32  -4
32  1
24  -3
21  1
23  -12
31  -6
27  -3
28  -4
29  -2
30  5
42  1
34  3
35  0
33  -4
24  3
33  -6
37  -7
32  -8
43  5
37  -1
29  0
27  -1
36  -2
34  7
20  7
29  -1
21  -5
20  0
28  4
22  -1
30  11
25  -9
36  2
32  -2
28  -3
34  4
30  6
41  -7
54  -3
34  1
24  3
23  -3
23  -11
25  -5
41  -1
31  -3
31  -9
32  1
40  5
26  2
34  3
39  3
25  -6
28  -3
38  4
36  0
30  9
22  -1
33  0
40  -1
28  4
30  8
26  7
23  -11
28  -5
34  4
25  -5
26  3
43  -1
22  -5
28  -4
47  -3
33  -4
33  3
26  6
43  3
20  3
53  2
45  6
21  -3
16  7
27  -2
34  6
23  -6
25  -5
27  -3
23  -8
31  -6
28  -5
45  6
46  4
24  -4
42  3
34  -2
33  3
33  -6
48  1
35  0
44  -2
31  -4
38  -1
30  11
47  3
36  7
30  1
47  1
32  -4
20  -2
29  -5
39  -5
23  -3
29  0
41  -6
26  0
27  -2
34  -3
35  1
30  11
32  1
33  -5
18  -2
43  -3
33  -4
46  7
26  1
31  -1
30  7
39  -2
31  -9
33  -2
27  -5
29  -7
33  -5
30  3
35  -4
24  -2
25  -7
36  -1
41  -2
29  3
24  -6
24  1
39  -6
26  3
24  -1
37  -4
32  -5
27  -5
29  2
39  -2
38  7
23  -8
36  3
27  -11
33  -2
25  -5
19  -4
29  3
28  -2
26  4
43  1
47  -4
25  -2
29  -2
39  1
43  3
37  1
38  1
38  0
35  5
38  1
35  -3
51  -2
27  -9
23  -4
25  -4
41  -4
30  4
23  -12
40  1
34  1
38  -3
25  -2
37  -3
21  3
