34  -4
40  1
48  5
53  0
58  -5
65  4
37  -4
49  -2
69  6
54  -3
44  -2
52  3
48  7
47  -5
84  3
53  4
42  -3
58  -5
57  3
46  -7
42  -6
58  -6
44  1
68  -4
51  -8
60  6
34  -5
44  0
62  6
61  7
60  5
62  9
44  0
59  3
46  -8
43  5
57  3
84  4
69  6
44  -2
52  5
68  -6
49  -3
38  -4
65  6
54  -1
68  -4
48  7
79  5
58  -9
40  0
54  -1
39  -5
67  0
58  -5
42  -6
61  4
44  -2
56  -4
46  -6
56  -8
71  4
62  8
63  1
59  0
70  -1
37  -3
53  0
64  4
62  9
60  7
50  -5
44  2
47  -2
65  3
55  3
48  8
54  -3
56  -7
45  -4
38  -2
43  6
57  1
45  -3
37  -5
62  8
46  -8
43  4
56  -5
44  2
49  -1
37  -1
67  0
65  5
49  -2
37  -3
69  5
64  5
75  -1
40  2
80  -3
64  3
45  -4
31  8
59  1
38  -4
36  1
38  -2
61  4
37  -3
19  3
53  0
51  -8
69  5
52  5
82  6
60  6
73  -6
83  2
79  9
45  -1
63  0
37  -1
38  -4
46  -5
49  1
76  -7
60  8
33  0
42  -4
49  -1
29  5
69  4
59  -1
44  0
52  4
31  7
55  5
71  2
61  6
49  -2
54  0
55  6
42  -6
57  1
53  1
47  -5
54  -2
47  -5
63  -3
48  8
40  1
41  4
54  -2
54  -1
51  -5
59  0
56  -4
46  -5
48  9
64  5
59  1
59  -1
48  6
56  -5
50  -8
47  -5
49  -1
53  1
41  4
63  -1
55  2
76  -5
42  -6
71  3
34  -5
55  4
63  1
44  -1
53  2
44  0
47  -3
85  0
45  -3
52  2
48  7
74  6
61  3
58  -5
74  5
82  8
55  4
53  0
46  -5
42  -5
75  -3
54  -1
51  -9
61  3
51  -9
56  -4
69  6
39  -6
62  9
59  -1
50  -7
67  -2
47  -4
69  8
37  -4
55  2
41  4
59  2
58  -6
51  -9
56  -5
51  -5
65  7
51  -9
54  -1
83  0
53  3
35  -1
52  4
65  5
52  5
56  -7
63  -2
58  -6
40  1
46  -8
47  -5
50  -7
64  3
44  -2
35  0
49  0
57  1
37  -2
48  7
39  -5
48  5
42  -4
64  3
36  2
70  -1
49  1
26  1
42  -4
64  5
63  -1
45  -4
58  -5
59  0
53  0
48  7
56  -4
80  -3
71  1
62  9
52  2
64  1
38  0
44  2
43  7
48  9
56  -6
42  -3
39  -4
52  3
39  -5
66  -4
62  5
41  2
56  -4
62  7
58  -5
49  -3
59  2
51  -7
61  6
72  -4
50  -7
68  -5
52  4
36  1
54  -2
43  7
63  -1
59  2
45  0
47  -2
55  6
61  4
58  -6
54  -3
46  -5
73  -8
54  -1
54  -2
51  -5
60  4
63  -1
49  -2
35  1
39  -6
48  7
63  -2
37  -5
58  -8
60  6
69  6
70  -3
55  3
81  -6
28  4
62  6
53  0
71  1
61  4
53  3
51  -7
46  -8
48  7
43  4
35  1
47  -6
50  -6
38  -2
39  -6
55  4
37  -3
51  -6
47  -4
40  0
54  -1
43  4
52  2
56  -5
50  -5
66  -4
39  -5
55  6
58  -9
28  0
46  -7
67  -1
52  2
66  -1
39  -4
46  -5
53  2
61  5
44  1
36  2
64  1
51  -6
52  2
57  1
60  7
74  8
54  1
62  9
49  -1
61  5
60  8
66  -4
45  -3
56  -8
46  -4
58  -8
62  6
40  1
42  -6
40  0
57  3
41  4
49  -2
40  3
73  -9
49  -2
51  -7
56  -4
47  -2
52  2
49  0
61  6
65  3
53  0
48  6
55  4
44  0
38  -2
48  5
54  -1
52  5
67  -1
62  9
40  1
82  5
51  -7
49  -3
39  -7
64  5
48  7
58  -9
73  -9
77  -6
44  2
53  3
43  5
65  5
44  1
60  6
32  -1
37  -3
51  -6
54  0
40  2
37  -3
55  3
51  -9
40  3
59  2
33  1
66  -3
59  -1
61  6
68  -6
50  -5
76  -4
60  6
31  7
37  -5
71  1
60  5
58  -5
47  -2
38  -2
57  1
36  1
49  0
50  -6
51  -9
55  5
56  -6
47  -5
60  6
60  4
57  2
56  -6
44  1
40  0
55  5
51  -8
66  -4
39  -5
62  7
43  4
51  -6
44  -2
41  2
40  0
64  1
45  -1
60  7
56  -7
44  2
65  5
40  -1
65  3
48  7
36  2
42  -4
67  -3
42  -3
50  -6
62  7
50  -5
61  7
43  6
64  3
54  -3
44  -1
46  -5
34  -8
47  -5
44  0
69  8
60  8
38  0
44  1
46  -4
44  -1
47  -4
49  0
50  -6
65  5
49  -1
48  5
54  0
47  -6
48  5
55  2
55  6
43  6
57  2
55  6
51  -6
47  -6
43  4
50  -8
53  0
46  -4
54  1
66  -2
72  -5
62  8
41  5
60  5
56  -8
57  1
70  -3
37  -1
49  -2
53  1
57  3
52  4
66  -4
63  -3
44  2
66  -2
57  1
56  -5
60  6
43  7
62  8
52  2
38  0
65  4
45  -1
64  5
31  5
52  4
65  7
57  4
44  2
44  -2
64  3
50  -7
50  -6
48  7
60  5
63  -1
38  -4
43  8
55  4
31  5
42  -3
39  -4
71  0
45  -2
40  3
52  3
59  3
46  -5
39  -3
32  2
62  9
37  -3
43  5
45  -2
57  0
46  -6
55  4
44  -1
42  -6
56  -4
53  4
49  -1
49  1
61  5
59  1
46  -8
59  -1
46  -8
43  4
48  7
47  -5
55  2
54  -3
34  -5
54  -3
84  2
43  8
53  3
58  -7
41  5
50  -6
51  -9
52  4
29  4
41  4
56  -6
62  9
52  5
65  4
29  6
35  3
58  -9
53  3
50  -6
36  2
60  4
77  -7
45  -3
30  -7
44  -2
47  -5
54  -1
47  -5
52  2
64  4
30  -7
42  -4
34  -6
52  2
50  -8
66  -3
56  -6
45  -2
58  -9
65  7
60  7
58  -6
37  -1
58  -5
36  0
66  -3
50  -9
48  8
52  3
48  7
56  -6
70  -5
50  -7
50  -6
55  3
48  9
55  6
29  3
65  3
51  -6
55  2
56  -6
33  3
38  -2
42  -6
65  5
50  -8
52  5
53  0
73  -9
55  5
34  -5
51  -8
48  8
49  -1
37  -4
45  0
57  3
34  -7
49  1
55  6
51  -7
35  -1
74  6
82  6
37  -2
61  6
50  -6
34  -5
68  -4
69  7
47  -2
65  5
55  2
28  1
66  -3
41  5
42  -2
44  2
61  5
41  5
35  1
43  6
63  -2
70  -1
61  6
32  -1
50  -6
50  -6
41  5
67  0
46  -8
30  -8
54  -1
39  -7
39  -3
46  -5
68  -5
70  -5
52  2
47  -2
49  0
42  -3
34  -7
69  5
58  -7
47  -5
48  8
51  -5
48  6
46  -4
46  -5
39  -6
49  1
40  -1
46  -5
49  1
64  5
46  -4
44  1
32  -1
68  -6
50  -5
53  3
44  2
54  -3
52  5
41  2
51  -8
44  1
77  -6
80  -5
54  -3
37  -1
49  -3
71  1
34  -7
48  7
51  -5
69  5
52  5
53  0
53  4
51  -5
71  3
49  0
45  0
39  -5
56  -7
40  3
33  2
49  -1
60  5
82  5
42  -4
50  -9
59  0
63  -2
46  -6
38  -4
45  -1
40  2
69  7
59  -1
107  3
34  -8
46  -6
64  5
35  1
58  -5
38  0
45  -4
68  -8
48  8
50  -8
45  0
37  -2
58  -9
47  -2
43  8
48  8
67  1
53  0
41  3
40  -1
54  -1
52  1
44  1
68  -4
60  6
44  2
45  -2
43  6
69  4
34  -7
49  1
52  2
64  3
54  -1
46  -6
45  0
57  4
36  2
41  3
57  1
73  -8
51  -9
29  5
52  2
47  -3
46  -4
49  1
80  -5
56  -6
52  4
63  -3
62  5
50  -8
48  9
33  1
52  5
76  -8
45  0
44  -1
59  3
62  9
57  0
49  -1
57  0
39  -6
57  4
58  -7
49  1
59  -1
65  5
51  -8
53  1
55  3
36  0
37  -2
61  5
45  -3
52  5
40  2
41  1
47  -6
64  1
60  7
41  3
52  4
41  3
57  0
46  -8
51  -8
55  3
50  -9
54  0
57  1
36  2
46  -8
40  -1
37  -2
48  8
59  3
36  -2
46  -7
40  1
56  -6
49  1
43  5
55  6
46  -8
52  4
43  5
40  3
39  -3
47  -5
47  -2
66  -3
60  8
49  1
41  2
60  8
81  -5
49  0
55  6
49  -2
50  -5
50  -5
57  3
57  3
55  6
64  1
54  0
47  -3
80  -5
73  -6
45  -2
38  -3
51  -9
62  6
56  -6
46  -8
60  4
47  -2
49  0
55  6
53  0
49  0
39  -4
53  0
46  -8
42  -6
40  -1
58  -6
53  0
50  -5
59  2
59  1
42  -4
68  -8
44  0
50  -9
50  -7
49  1
71  2
43  5
41  4
38  -3
51  -9
54  -1
59  -1
64  1
37  -4
43  6
59  1
47  -4
66  -1
52  5
38  0
72  -8
30  -6
51  -7
55  6
62  5
50  -8
49  -3
40  3
57  2
53  2
61  6
50  -5
51  -9
53  4
53  1
60  5
51  -7
55  6
56  -7
40  1
56  -8
48  7
82  8
55  2
33  1
48  8
48  5
48  6
43  4
69  8
65  7
58  -7
46  -7
49  -2
30  -7
40  3
37  -4
55  5
38  -4
44  1
33  2
47  -6
57  0
62  5
38  0
53  4
55  6
