42  4
71  -5
45  0
59  5
63  2
44  -5
58  -4
47  -3
44  -5
81  7
63  1
59  5
54  -1
51  4
51  4
36  -7
59  5
42  3
70  1
59  5
52  -2
74  -5
66  2
68  -4
65  -3
64  -5
57  4
47  -1
49  7
47  -3
64  -5
66  2
45  0
41  4
70  2
48  -1
74  -6
71  -5
51  4
56  3
29  -8
49  7
53  5
47  -2
67  6
46  7
76  -7
44  -5
74  -7
63  0
30  -1
64  -6
63  2
52  -2
55  3
64  -6
40  8
51  4
58  -4
49  8
48  0
61  -5
41  5
45  1
67  8
54  0
51  2
75  6
78  -8
45  0
79  2
58  -4
70  0
37  -3
73  2
57  2
52  -4
42  2
70  1
52  -4
71  -5
61  -4
53  5
51  4
70  0
62  8
59  3
45  -1
56  4
63  0
72  3
60  -1
63  2
49  6
51  4
81  6
42  2
52  -3
43  2
37  -2
34  4
69  -7
31  -4
55  2
58  -4
49  6
56  4
47  -3
73  2
59  4
46  5
49  7
67  8
30  0
38  -3
78  -7
57  2
49  8
37  -2
67  6
38  -3
52  -3
44  -6
49  7
39  -2
38  -2
79  3
52  -4
51  4
59  5
53  5
59  3
38  -2
34  6
79  3
53  4
36  -8
73  3
55  2
54  0
42  4
48  0
62  6
60  1
49  7
72  3
56  5
27  -1
82  5
69  -7
61  -4
51  2
33  -1
56  4
78  -7
62  6
61  -3
52  -4
48  -1
52  -4
61  -4
48  0
60  0
71  -6
35  -1
54  0
38  -3
66  4
63  0
62  8
66  2
44  -7
58  -3
55  1
81  8
64  -7
59  5
52  -3
49  7
32  7
65  -2
40  6
41  5
36  -8
54  1
48  0
53  3
53  3
46  6
50  7
49  8
67  6
70  2
60  1
53  4
66  4
54  -1
66  2
62  8
63  2
54  1
48  -1
62  6
39  -1
66  4
72  3
31  -2
62  8
82  7
64  -6
47  -1
46  6
51  3
72  3
61  -4
47  -2
28  -4
61  -3
49  7
56  5
72  4
57  4
63  2
41  4
46  7
65  -3
62  6
55  2
60  1
42  2
61  -5
38  -4
54  -1
63  2
48  -1
64  -7
49  6
54  0
64  -6
70  1
58  -3
43  2
77  -7
73  4
45  0
55  3
49  6
64  -6
60  1
48  0
77  -7
51  2
52  -3
60  1
67  8
58  -2
45  1
88  -4
34  5
54  0
54  1
53  5
60  0
48  1
39  -2
51  2
54  0
64  -5
49  6
78  -8
56  4
56  3
56  3
54  1
46  5
38  -2
41  6
63  1
61  -5
50  5
53  3
55  1
79  4
55  1
60  1
43  2
56  5
37  -4
52  -3
49  6
47  -3
59  3
96  -1
61  -5
34  4
59  5
65  -3
45  0
58  -2
56  5
50  7
54  0
43  3
61  -4
72  3
62  6
55  3
54  -1
62  8
58  -3
55  3
51  4
65  -2
52  -4
53  5
63  0
48  0
44  -7
37  -4
45  1
58  -3
38  -2
44  -5
60  1
66  2
44  -6
70  0
58  -4
50  6
43  4
68  -3
40  8
48  1
44  -7
54  0
57  2
31  -4
61  -4
39  -3
69  -8
57  3
68  -5
62  7
53  5
39  -3
71  -4
57  3
62  7
44  -5
61  -3
35  -3
56  5
50  7
42  3
42  4
57  3
53  5
53  5
61  -3
66  4
58  -3
64  -5
52  -3
59  3
55  3
37  -2
64  -7
39  -3
62  7
72  3
56  3
44  -5
49  6
70  0
59  5
57  4
52  -2
58  -3
64  -5
50  6
89  2
82  7
64  -5
62  7
50  6
63  0
56  5
46  6
39  -3
44  -6
51  3
68  -4
56  3
48  -1
46  7
52  -3
75  6
46  7
69  -8
37  -2
82  7
50  5
56  3
63  0
50  7
57  4
62  8
71  -5
59  4
61  -3
31  -4
71  -4
55  2
46  7
73  2
52  -3
81  6
60  -1
76  -7
66  2
46  6
75  4
63  0
53  4
54  -1
56  3
68  -3
56  5
79  3
72  3
51  4
45  0
56  3
61  -3
37  -2
53  4
52  -4
41  5
49  8
40  8
63  2
47  -1
74  -7
56  5
48  1
38  -3
67  6
36  -7
56  4
45  1
55  1
49  7
45  0
51  3
47  -2
43  4
76  -6
50  5
53  3
66  4
49  8
51  3
58  -3
47  -2
78  -7
69  -6
60  -1
56  4
53  5
57  3
57  2
52  -4
40  7
52  -3
48  0
46  6
41  5
47  -1
54  0
54  -1
58  -4
61  -4
60  0
68  -5
60  1
61  -5
50  5
67  8
66  3
67  8
49  7
55  2
60  -1
45  -1
41  6
30  1
71  -6
58  -2
55  3
77  -6
56  3
82  5
68  -3
58  -2
53  3
56  4
52  -2
59  3
47  -1
55  3
50  6
42  2
51  4
63  0
70  1
61  -4
57  4
35  -1
53  3
70  1
75  4
69  -6
42  2
50  6
44  -6
47  -3
67  6
32  6
51  4
47  -2
40  6
47  -3
60  -1
29  -6
45  -1
43  2
43  4
56  4
65  -3
65  -2
76  -6
37  -3
43  4
56  4
55  1
47  -1
46  5
38  -3
46  5
47  -2
73  3
59  5
42  4
67  8
62  6
60  -1
31  -2
69  -6
98  3
63  2
61  -4
65  -3
54  0
38  -2
37  -2
51  2
71  -5
76  -5
62  7
71  -5
56  4
36  -7
50  7
62  8
58  -3
38  -4
48  -1
62  7
39  -3
61  -5
36  -8
58  -4
83  0
62  8
54  -1
49  6
61  -4
30  -1
63  1
63  0
60  0
57  4
48  0
83  0
58  -2
46  5
40  6
74  -7
40  8
49  8
69  -6
69  -7
44  -5
88  -4
38  -3
72  4
76  -5
73  3
35  -2
42  2
39  -2
37  -3
86  6
61  -5
54  0
48  -1
31  -4
49  8
75  5
80  5
59  3
82  7
58  -4
53  4
44  -5
51  4
55  1
41  6
67  8
81  8
67  7
64  -7
41  6
43  2
71  -4
55  1
41  5
54  1
65  -3
55  3
44  -5
49  7
53  3
37  -3
64  -6
49  6
59  4
62  6
64  -5
63  2
70  0
56  4
61  -4
79  3
66  2
38  -4
67  8
64  -6
45  1
51  3
50  7
75  5
71  -5
67  8
59  3
73  4
62  8
62  7
52  -2
42  2
50  6
74  -5
70  1
73  3
62  6
58  -4
35  -1
64  -7
67  6
60  1
72  3
48  -1
59  4
55  1
68  -4
69  -8
61  -3
62  8
39  -3
42  2
44  -5
59  3
50  5
47  -2
50  7
36  -6
55  3
39  -1
54  0
36  -6
67  6
60  -1
64  -7
46  6
41  5
72  4
57  3
93  7
44  -7
42  2
43  4
73  2
67  6
33  -2
55  1
75  5
46  7
72  3
42  3
44  -6
66  2
67  8
72  3
65  -2
65  -3
40  8
53  4
78  -6
60  1
76  -7
52  -4
58  -2
55  2
49  8
57  3
72  4
49  7
69  -7
48  0
35  -3
64  -5
41  6
52  -4
51  4
78  -8
52  -2
52  -2
61  -4
58  -2
56  5
45  1
48  -1
68  -3
53  4
40  7
46  6
57  2
58  -3
47  -3
64  -6
59  5
50  7
59  4
54  -1
50  6
52  -2
75  5
53  5
37  -3
42  3
76  -6
44  -5
60  0
50  7
43  2
57  3
67  8
66  2
57  4
57  3
59  4
42  2
54  0
60  0
65  -3
48  -1
45  -1
53  4
61  -4
87  -7
67  7
43  2
47  -3
46  6
59  3
61  -5
66  4
50  7
59  4
52  -4
56  3
51  3
80  5
64  -5
52  -2
58  -2
60  1
28  -4
44  -5
50  6
53  4
41  6
66  3
46  5
54  0
52  -2
56  4
46  7
46  6
75  4
47  -3
67  8
40  8
46  6
48  -1
35  -2
40  6
41  4
52  -4
41  4
56  4
44  -5
45  -1
63  0
54  1
64  -6
50  6
54  1
77  -7
52  -3
58  -4
74  -5
57  3
62  6
58  -4
43  3
69  -6
58  -2
46  5
59  4
82  5
52  -2
71  -6
65  -3
58  -4
61  -5
81  6
52  -4
67  7
59  3
47  -2
53  3
49  8
55  3
50  7
61  -3
60  1
48  -1
45  -1
54  0
52  -2
37  -3
65  -3
63  2
50  7
62  8
49  7
60  1
60  0
23  -2
56  3
45  1
58  -3
69  -6
55  2
47  -1
72  3
52  -4
62  6
34  5
41  4
69  -7
40  7
57  2
28  -5
39  -1
44  -5
51  2
78  -8
33  -3
62  6
42  4
69  -6
60  1
40  7
57  2
48  0
71  -5
81  6
68  -5
72  5
63  1
60  1
51  4
65  -2
66  2
51  2
65  -3
77  -7
51  4
42  4
53  4
39  -2
53  4
58  -3
64  -5
86  5
66  3
56  4
41  6
57  3
58  -3
46  6
55  1
42  4
36  -8
45  -1
53  5
58  -2
59  4
60  -1
63  1
56  4
42  3
60  -1
49  8
52  -3
64  -7
51  4
69  -8
72  5
34  4
70  2
61  -5
57  2
55  1
46  5
35  -3
74  -5
42  4
41  5
69  -6
56  4
68  -5
48  0
55  2
43  4
86  5
26  -4
94  4
62  6
67  6
62  6
69  -8
55  3
53  5
39  -1
58  -4
65  -4
45  0
52  -2
26  -3
66  3
66  3
50  7
48  0
40  7
59  3
81  6
47  -1
47  -2
48  0
35  -3
61  -5
46  6
62  8
29  -6
68  -5
52  -4
50  7
