15  5
13  0
22  3
23  3
31  3
35  -4
18  6
43  -1
10  7
28  6
20  -3
27  5
30  3
34  -4
19  -2
26  -3
40  0
28  9
30  3
24  3
19  -2
19  2
23  0
21  -2
20  -3
24  3
25  5
24  5
27  8
29  -1
26  0
27  5
25  4
30  2
27  7
7  -5
23  3
33  -4
21  -6
14  -4
31  1
32  2
11  6
23  2
43  -3
19  1
34  -4
17  -1
19  -1
28  9
39  5
26  -1
19  -1
21  -6
17  -3
14  -1
32  3
11  7
23  3
27  5
24  3
28  9
23  -1
20  -3
27  8
28  8
26  -3
27  4
22  3
33  -5
18  6
40  4
25  3
15  4
24  3
23  -1
14  -3
27  5
13  -1
33  -5
20  -1
26  -4
20  0
23  3
30  3
16  4
26  -1
32  1
29  -1
30  1
22  2
18  5
37  -7
17  0
23  1
22  5
16  2
24  3
29  3
13  0
18  7
13  0
20  -3
12  -4
28  6
19  2
22  3
32  3
19  2
23  2
21  -5
29  -1
24  3
9  -3
28  6
22  5
26  -2
30  2
23  3
24  6
27  7
30  5
29  2
27  6
40  2
19  1
21  -5
20  1
23  0
23  0
18  8
21  -6
31  4
23  1
27  5
23  2
39  7
28  5
28  8
14  -3
29  3
21  -3
35  -5
32  4
31  3
23  0
13  2
29  0
26  -3
19  -2
21  -6
21  -3
28  9
35  -3
24  3
32  2
21  -6
39  4
23  3
11  3
16  1
20  0
39  4
27  5
19  -2
21  -2
26  -3
30  2
23  -1
20  1
18  8
21  -5
17  -1
24  4
18  6
19  -1
15  5
29  2
14  -5
24  4
23  -1
27  7
20  -3
31  4
13  -1
34  -4
40  0
35  -2
16  5
28  6
29  3
18  5
22  1
37  -6
31  4
36  -8
26  0
14  -1
17  0
24  3
21  -6
16  5
19  2
29  2
28  7
39  7
24  4
22  3
21  -4
31  1
20  1
39  8
25  6
17  0
36  -7
16  4
32  3
15  5
15  5
27  6
20  -1
23  0
21  -5
24  6
23  3
32  3
22  1
27  7
27  8
30  5
22  3
27  4
22  2
44  -4
16  2
24  2
19  1
27  8
28  7
29  0
23  -1
21  -2
28  9
34  -4
16  4
28  5
16  5
23  -1
41  -1
11  6
21  -6
22  5
21  -6
19  1
25  6
33  -5
28  8
18  6
19  0
14  -5
20  1
28  9
17  -4
33  -4
19  0
42  -8
29  2
15  7
18  4
24  2
27  5
23  -1
14  -3
22  5
33  -4
22  1
34  -7
22  2
23  -1
17  -3
34  -6
18  6
24  2
27  4
23  3
10  6
19  0
18  5
30  1
25  6
24  6
26  -1
26  -2
31  2
25  5
17  -2
28  5
34  -4
27  4
26  -2
27  7
23  2
26  -1
29  2
24  5
15  7
23  3
19  1
33  -3
19  -1
22  3
23  2
28  9
20  -1
18  7
25  5
27  7
24  6
38  -7
13  3
23  2
28  8
30  3
25  7
28  5
22  3
16  4
24  3
32  1
19  2
24  2
24  4
27  6
26  -2
29  2
17  -4
24  5
25  7
26  -2
25  4
24  2
19  -2
26  -4
29  -1
21  -5
15  4
17  -4
21  -2
21  -3
22  5
12  -2
32  2
21  -2
23  2
18  7
21  -5
21  -6
24  3
56  2
24  6
31  1
19  2
24  5
25  7
23  1
26  -1
27  7
27  8
32  1
39  8
33  -6
12  -1
27  5
24  2
33  -6
18  4
27  5
32  0
26  -1
18  5
44  -8
30  5
24  5
26  -3
20  -3
29  0
17  -1
24  3
22  5
31  1
20  -2
18  7
32  3
32  0
15  7
26  0
23  1
21  -4
18  4
35  -2
19  -1
14  -4
29  3
22  4
27  6
22  4
22  4
25  3
27  6
22  1
26  0
14  -2
26  -3
28  8
19  2
23  1
25  3
28  6
31  3
24  3
14  -1
23  1
23  3
22  3
34  -7
18  4
21  -5
8  -1
23  -1
24  3
29  3
34  -7
20  -1
15  6
28  5
36  -6
21  -5
16  5
17  -2
24  6
22  3
15  3
29  -1
26  -2
24  4
25  5
28  8
34  -4
20  1
36  -5
26  -1
19  -1
23  3
30  4
25  3
15  3
34  -8
22  4
22  2
29  3
32  2
22  5
26  -4
21  -6
16  4
25  6
20  1
19  -1
31  5
18  8
25  5
17  0
33  -4
27  8
25  5
25  5
27  8
15  4
18  6
23  -1
9  -4
20  0
18  6
26  -2
24  3
17  -3
22  5
22  5
39  7
21  -4
25  4
37  -7
26  -3
14  -2
20  -3
15  3
29  0
26  -1
18  5
15  6
25  4
30  2
38  -8
17  0
18  7
30  3
27  5
14  -3
17  -3
18  7
17  -2
24  3
12  -2
12  -1
17  -1
27  5
28  5
29  0
27  7
19  1
13  -1
21  -5
18  6
32  0
28  7
29  3
24  3
24  2
26  -2
26  -4
26  -4
19  2
13  -1
30  1
19  0
24  2
21  -2
22  2
18  4
28  7
30  5
18  8
32  0
23  2
19  1
32  1
27  8
23  2
24  2
24  6
35  -1
30  3
17  -3
27  5
32  1
20  -3
29  1
20  0
19  2
31  3
29  1
18  5
20  -1
37  -6
17  -2
35  -3
28  8
31  5
21  -3
15  7
36  -8
18  5
23  -1
29  1
33  -5
15  3
22  2
30  3
22  1
26  -2
27  4
17  -3
23  2
30  3
29  0
17  -4
31  3
34  -6
27  8
38  -5
29  0
27  6
15  3
34  -4
28  9
31  1
28  5
33  -3
20  -1
29  3
34  -6
24  4
51  5
26  0
19  -1
21  -2
27  6
17  -1
18  5
27  4
25  3
25  4
21  -5
27  5
42  -8
26  -2
32  4
24  6
27  8
26  0
22  5
26  -4
20  -1
23  2
28  7
24  6
21  -4
29  3
15  5
24  6
37  -4
38  -9
32  1
22  4
36  -8
28  8
26  -2
20  -2
15  5
31  5
32  4
24  3
24  4
19  2
19  -2
33  -4
23  0
25  5
16  1
24  4
29  3
21  -4
23  0
33  -6
31  5
22  1
19  -1
39  6
17  -1
22  5
26  -3
33  -4
20  -3
15  3
21  -3
26  -3
15  7
24  6
33  -3
17  0
13  0
13  -1
28  9
9  -2
39  8
31  5
18  7
17  -2
14  -1
16  5
22  5
23  -1
23  1
28  9
28  5
37  -4
27  8
17  0
19  1
18  6
29  2
26  0
11  7
17  -2
17  0
22  3
30  5
28  7
20  0
19  1
19  1
31  4
12  -3
30  1
20  -1
17  0
18  5
18  7
12  -3
31  2
18  8
20  0
18  7
25  5
25  7
28  7
38  -7
19  2
32  4
13  0
31  5
28  5
21  -5
14  -4
27  6
15  3
23  0
30  4
20  0
13  2
22  2
31  2
25  6
19  2
21  -3
25  5
22  4
30  5
25  5
20  -1
23  -1
21  -6
25  4
24  3
21  -3
23  -1
31  1
25  7
27  5
36  -8
25  7
12  -3
24  3
23  2
19  -1
27  5
17  0
21  -6
19  2
25  4
36  -5
34  -5
32  2
24  2
26  -1
34  -7
23  -1
17  -2
24  3
29  3
15  5
25  4
27  4
18  7
23  0
16  5
22  1
42  -8
15  4
28  7
23  3
22  5
18  6
21  -6
17  0
27  7
28  7
19  1
31  3
25  6
17  -3
27  6
20  -1
26  -3
24  2
36  -6
24  2
25  4
29  3
27  8
26  0
20  -3
23  0
28  7
16  1
19  1
26  -4
32  2
28  5
28  8
18  7
25  7
24  3
20  -3
29  -1
20  -2
22  4
26  -2
37  -8
23  -1
17  0
21  -6
23  2
18  6
21  -6
17  -3
22  1
11  6
21  -3
24  4
27  6
28  5
19  -2
17  -4
22  2
34  -8
18  7
17  -2
20  -2
26  -1
37  -5
24  6
21  -5
24  2
28  9
30  3
41  0
22  5
34  -4
28  5
31  5
31  1
36  -9
14  -3
34  -5
24  5
19  2
22  4
29  -1
31  4
13  3
28  7
28  5
24  2
19  2
30  1
22  4
29  1
22  5
25  5
34  -6
23  2
32  2
28  8
32  1
19  0
21  -3
28  6
27  4
26  -2
25  5
34  -7
23  3
32  1
26  -3
19  1
24  6
29  2
12  -4
17  -4
27  7
20  0
14  -2
32  1
23  -1
29  3
23  -1
20  1
21  -4
21  -2
23  1
16  1
28  9
30  2
21  -3
15  5
12  0
27  4
29  2
24  4
30  1
27  6
24  4
17  0
21  -6
25  3
27  5
27  7
12  -2
22  1
21  -2
23  1
18  6
23  -1
12  -2
25  7
31  2
24  6
22  4
22  1
29  2
18  7
27  6
26  -2
22  2
21  -3
34  -6
23  2
19  0
23  1
27  8
12  -3
27  5
28  9
27  6
20  -1
25  7
26  -1
25  6
28  7
32  3
30  2
30  1
23  1
19  1
31  4
21  -5
23  3
25  7
15  5
22  3
23  -1
19  2
28  7
27  5
14  -1
25  4
16  5
29  1
26  -3
15  6
26  -1
28  5
33  -3
33  -4
29  2
26  0
23  3
32  0
22  4
25  4
25  7
30  4
36  -6
18  5
24  2
27  5
24  5
16  4
27  4
20  1
23  3
25  6
24  5
16  5
30  4
34  -7
16  4
29  3
30  1
