5  -12
10  7
12  4
7  -2
16  3
13  0
11  -2
19  4
11  6
7  1
15  1
10  2
10  7
14  -3
7  -1
6  3
5  -7
8  3
9  -10
17  -9
7  -5
10  7
7  1
14  -4
7  -4
9  -10
11  4
9  -10
15  1
9  -8
12  4
15  6
7  0
9  -13
11  6
11  -2
11  3
7  4
11  7
12  6
12  -4
14  -6
13  0
9  -2
10  2
8  0
10  1
8  -5
4  -3
14  -1
9  -10
8  -4
4  -1
8  1
11  7
10  7
14  -11
7  0
14  -3
4  -2
4  -7
9  -13
10  12
6  4
9  -11
8  6
9  -7
13  -9
9  -8
11  -3
9  -5
14  1
11  -5
10  0
12  2
5  -1
13  1
9  -6
6  -2
9  -7
13  2
9  -13
10  7
15  3
8  5
2  -5
10  1
13  -9
16  8
11  1
6  2
5  -6
12  5
6  2
13  1
7  5
10  2
4  2
13  -7
9  -5
7  5
4  0
14  -11
17  -5
12  -2
10  7
5  -3
15  4
12  2
5  -2
15  0
5  -13
10  8
13  -3
9  -1
8  1
4  1
11  -3
16  2
10  5
13  -5
13  -7
12  8
5  -11
11  6
3  10
10  6
5  -10
15  6
6  4
12  5
2  -5
7  0
4  -5
7  -1
11  6
12  -4
13  -5
10  0
10  6
11  -3
6  -4
14  1
20  6
14  -2
13  2
6  -3
5  -10
9  -1
8  2
8  0
2  -4
9  -8
8  2
13  1
13  0
5  -3
13  -7
11  2
5  -6
7  -3
16  8
16  -2
8  -5
5  -1
12  2
10  9
8  3
14  -8
10  0
6  -5
12  5
15  -1
12  -2
19  1
5  -10
3  6
9  -13
14  -3
11  5
20  4
9  -6
5  -13
8  2
10  5
13  -8
11  -3
6  -4
10  4
8  1
16  10
7  -2
10  4
18  5
9  -8
8  4
14  -3
7  -1
12  1
10  8
12  2
8  -2
2  -10
8  -2
21  -6
14  -6
12  2
2  -3
8  0
16  4
6  -2
3  4
14  -9
13  -1
11  -1
18  1
16  6
4  -5
5  -11
4  4
9  -13
9  -9
8  0
10  0
7  7
10  10
11  -2
8  4
10  0
14  -9
14  -1
20  3
13  2
10  8
14  -1
4  -4
7  5
12  3
10  7
9  -10
16  0
5  -5
9  -10
12  -4
9  -1
7  1
12  2
10  3
15  4
10  0
7  2
12  6
5  -11
7  1
12  0
7  -4
9  -8
10  0
6  -7
15  1
10  8
9  -11
13  -3
8  -5
11  3
8  -3
6  5
10  6
12  8
12  1
8  -1
16  7
7  0
8  -2
12  4
8  4
20  1
14  -7
7  -5
15  10
14  -6
10  3
11  -1
6  2
12  -2
10  3
9  -12
9  -10
9  -13
8  -4
11  2
6  -7
9  -5
8  7
8  -3
6  1
9  -1
16  3
13  0
13  -2
10  4
10  8
18  11
12  4
7  0
7  3
15  1
14  -1
13  -4
14  0
10  2
13  1
7  0
11  7
11  -3
11  1
12  1
11  -3
5  -7
9  -10
15  7
11  5
14  -7
11  -5
15  11
12  0
6  -2
8  -1
5  -2
11  -3
11  0
7  -2
10  1
8  -3
11  5
7  5
14  -1
7  -3
15  5
16  8
8  1
9  -4
12  4
12  8
22  5
11  3
10  11
16  0
10  12
6  1
5  -12
7  -3
12  -3
7  0
11  2
19  7
16  0
13  1
7  0
9  -5
13  -4
11  -5
11  7
10  7
16  8
18  2
9  -2
9  -1
6  -6
12  2
13  3
19  5
15  6
9  -6
12  2
4  1
8  -3
11  -2
11  1
9  -1
9  -6
9  -5
10  1
6  4
10  4
6  0
5  -9
11  4
11  0
17  -6
8  -1
12  -1
8  -4
6  -5
13  -6
9  -9
11  7
9  -5
6  -2
8  3
5  -11
10  7
10  11
6  3
12  -2
7  6
10  8
5  -6
15  11
11  6
13  -1
13  -4
6  1
14  0
18  2
5  -7
6  4
13  2
8  4
5  -13
9  -13
15  6
9  -2
12  5
8  3
12  3
12  1
10  4
8  2
14  1
16  6
7  1
3  10
13  0
11  -3
6  -6
13  0
7  6
4  1
4  -1
8  -3
15  1
8  0
9  -2
8  4
13  2
9  -10
18  2
5  -10
12  8
11  7
9  -11
4  1
11  -1
5  -9
10  5
12  -2
10  10
9  -13
11  0
9  -5
9  -5
13  0
3  9
10  11
9  -5
13  1
6  -4
13  3
12  5
11  -4
9  -8
15  10
9  -2
11  1
11  -4
9  -10
11  -4
11  4
11  -3
8  5
8  -4
6  2
3  5
7  4
12  1
7  -2
8  2
7  0
12  2
11  2
2  -8
6  5
8  -4
17  -10
13  1
13  -1
7  2
9  -6
16  5
9  -10
12  1
10  3
25  9
14  -1
7  7
6  -3
10  9
10  1
16  4
7  6
10  5
4  3
8  -4
16  3
8  -4
7  -4
7  3
3  12
8  3
7  -2
13  -3
14  -6
10  9
9  -1
10  11
10  3
7  5
4  -3
3  4
14  -5
16  0
17  -10
8  2
7  -4
10  9
12  -1
8  -4
9  -1
5  -6
9  -5
11  -5
7  -3
9  -13
8  -5
10  8
10  1
10  7
14  -1
13  -8
6  -6
11  0
8  4
10  3
14  -1
11  7
12  -2
17  -8
11  5
3  12
8  1
9  -12
9  -13
8  7
7  6
12  3
7  -5
8  7
10  10
13  2
10  8
11  -5
11  5
9  -2
10  3
9  -6
12  8
18  7
12  5
5  -3
7  4
5  -3
3  4
10  12
11  1
7  3
5  -9
17  -3
15  10
7  0
13  -9
3  5
14  -9
8  -3
7  3
9  -2
11  7
6  -6
12  -2
9  -11
20  10
8  -2
6  3
10  6
9  -10
6  -7
9  -11
15  1
5  -2
7  -1
13  3
9  -5
12  8
8  -1
15  3
12  3
12  -1
15  3
9  -12
11  3
10  10
7  -1
5  -2
6  -4
25  5
9  -6
10  9
9  -9
11  4
11  -1
11  1
15  3
12  0
19  5
10  5
2  -3
12  0
14  0
14  -6
14  0
11  3
9  -2
12  8
9  -12
11  7
10  7
5  -1
10  10
10  1
12  -3
8  4
9  -11
8  5
11  6
8  6
6  -4
11  4
12  7
8  -3
9  -7
15  -1
11  7
11  -1
13  -9
20  -2
7  -5
10  9
4  -1
10  7
12  -1
11  5
9  -9
8  -3
9  -5
5  -9
1  -5
5  -1
13  -6
8  -2
6  -5
11  3
15  7
8  7
14  -10
10  3
14  1
10  2
7  6
8  -3
11  -1
15  1
9  -4
7  2
19  2
17  -4
10  11
15  -1
11  -2
13  0
13  3
7  -2
10  5
10  7
17  -2
7  0
12  -2
20  9
11  0
11  -4
10  6
12  0
14  -3
17  -4
10  8
7  1
11  3
9  -13
7  -1
8  2
13  2
10  1
5  -1
7  -4
10  10
12  -2
11  7
7  0
8  1
14  -5
13  -1
12  -3
6  -1
17  -12
8  1
13  -5
9  -6
10  7
7  1
12  -3
11  -4
8  0
16  -2
11  -1
10  1
5  -1
8  -3
9  -10
6  -1
6  3
10  7
7  0
10  5
15  3
9  -8
21  2
11  3
9  -1
20  1
21  -5
5  -10
12  1
10  3
12  -4
12  2
11  -3
11  -1
11  1
7  -1
9  -3
12  1
5  -3
14  -10
25  13
14  -7
9  -2
10  9
3  2
9  -10
9  -11
6  4
7  0
5  -9
14  -7
11  0
7  4
12  -1
5  -3
7  7
13  -8
8  -4
9  -13
5  -2
15  0
8  4
14  0
10  6
10  6
14  -5
12  -2
20  7
6  3
12  2
11  -5
18  11
7  5
11  4
6  -5
13  2
14  -3
15  3
12  6
6  4
8  -4
17  -6
7  3
16  7
10  8
8  3
7  -2
10  5
9  -8
5  -10
8  -1
12  -4
9  -10
17  -13
6  0
12  6
4  -1
15  5
9  -4
18  6
16  -1
5  -1
12  4
7  -2
9  -3
7  4
8  4
12  3
12  -4
20  9
9  -1
14  -7
8  4
7  2
7  -1
8  1
8  6
9  -1
12  3
9  -12
8  7
13  -9
16  5
15  9
4  1
8  -1
14  -8
14  1
11  5
10  0
9  -2
11  0
6  -1
7  1
4  -4
10  8
11  -3
13  3
7  4
3  8
11  -5
8  4
9  -8
12  -2
9  -2
12  3
12  5
8  1
11  6
14  -3
7  -2
8  1
3  6
11  2
6  -6
16  10
10  3
7  -3
13  0
13  1
10  4
12  4
8  -5
6  -4
9  -12
17  -4
5  -6
6  -5
15  1
15  0
15  9
10  8
11  2
9  -2
11  0
17  -7
9  -3
7  -3
13  0
4  -2
9  -1
13  -3
21  -3
10  11
12  8
11  -1
12  3
10  6
18  -1
9  -9
8  -1
7  1
7  -5
3  5
8  3
12  -2
10  3
11  2
13  -3
10  4
14  -4
8  -5
10  2
8  6
4  -4
11  -2
9  -4
11  6
9  -2
7  6
8  -3
10  8
12  -1
7  -2
7  7
9  -11
12  -2
18  6
13  -1
7  -4
9  -8
9  -11
10  10
6  0
6  -3
14  -6
7  4
12  7
4  1
10  5
21  -4
10  11
12  0
11  -1
17  -7
7  -4
14  -5
12  2
9  -10
9  -11
7  5
12  -1
5  -11
10  6
3  7
6  -6
14  -8
10  7
8  0
10  9
4  3
9  -8
10  11
13  -4
7  4
11  1
9  -12
12  -2
16  -2
11  -1
7  4
7  -3
5  -10
9  -7
7  4
16  10
13  2
9  -8
