155  3
88  9
166  0
126  1
81  -4
161  3
159  1
135  7
145  -6
134  3
93  0
103  1
141  -6
112  11
106  5
129  2
108  4
104  -6
123  0
155  11
160  0
142  1
117  -1
104  3
125  9
125  10
107  -5
120  -6
156  7
141  -8
86  7
104  3
130  -3
126  4
100  6
108  9
143  -7
106  10
152  -1
144  8
176  -6
138  2
95  -5
208  10
126  5
154  -10
126  -3
78  4
119  0
128  7
149  -3
123  -3
149  2
126  -3
91  -6
92  3
143  -2
166  0
110  3
142  8
118  6
87  6
174  8
115  9
100  5
107  -7
166  2
155  6
90  0
137  -3
138  2
135  8
97  -11
134  4
132  3
120  -9
106  6
136  4
140  -7
141  0
86  1
148  -2
131  12
165  -5
133  1
159  6
209  -5
111  -7
111  -7
77  -8
117  0
131  8
186  -1
140  4
153  -3
168  6
183  5
107  3
93  -6
136  -4
87  7
140  -5
158  -9
109  3
115  -1
109  4
140  -4
132  8
138  -9
101  7
121  -2
131  1
60  2
164  5
142  1
95  3
125  8
172  -1
173  6
100  8
119  6
157  -1
82  -2
136  0
140  1
70  -10
90  0
99  -6
158  1
81  4
130  -3
118  0
98  4
85  -1
114  1
121  5
118  0
141  2
110  4
140  5
192  -1
115  7
96  -2
95  0
130  2
108  5
111  -4
143  2
148  2
86  -2
160  -1
126  2
156  9
113  4
143  -7
198  9
107  -5
98  -5
76  -7
191  10
75  -2
109  1
133  7
113  -1
124  -1
185  -3
125  2
128  7
162  2
177  6
99  -7
80  5
120  0
132  5
141  -4
89  5
142  4
148  4
124  -2
190  -2
104  -6
130  -3
179  -12
111  -9
132  3
90  6
161  3
112  9
124  -1
108  5
144  10
110  2
162  -1
81  -3
129  5
143  0
120  3
112  0
178  3
125  12
115  5
115  0
96  -4
91  3
161  -4
110  -4
127  -4
153  -7
143  0
128  5
164  4
135  -3
102  -7
128  -3
167  -7
139  -2
109  6
117  -7
215  -11
116  -6
130  4
104  -4
85  1
123  -6
137  -10
146  5
94  3
146  2
168  10
141  -5
135  7
105  0
101  -2
157  -5
149  -6
127  0
108  7
170  -2
162  2
90  7
122  3
171  3
191  6
141  -4
80  5
164  -1
134  0
107  -5
100  -4
131  4
102  -1
111  -7
126  -1
124  -7
133  8
200  -2
177  4
166  6
121  8
78  1
164  -3
141  -9
107  -5
122  6
92  -5
110  7
115  6
190  0
117  -1
118  9
124  -6
120  -5
134  -8
140  1
130  3
161  1
121  4
132  2
113  7
144  -1
152  3
159  -3
138  -5
190  6
94  -1
80  6
104  -2
126  1
167  -7
87  3
119  1
141  -10
202  4
105  -1
110  5
156  5
84  3
136  4
135  0
152  9
109  -2
136  -6
149  -6
116  -1
126  -1
144  4
82  -6
98  0
109  -3
139  -5
160  9
59  3
171  4
69  2
83  1
160  2
112  7
133  -3
153  -10
113  2
142  11
117  -12
121  0
104  -3
126  3
85  2
133  5
115  -2
166  5
139  0
120  -5
126  1
123  -6
156  12
160  6
172  0
137  -10
144  1
145  0
154  -6
165  -8
115  6
83  9
107  5
153  -1
167  -10
164  4
83  5
135  8
173  6
184  7
175  0
151  7
100  4
106  11
77  -8
161  2
91  -2
143  4
122  0
117  0
176  1
159  -3
121  6
90  -4
157  -6
98  -2
136  -4
150  -6
111  -12
111  -3
91  3
110  6
140  1
126  0
149  -7
115  -1
106  9
153  -6
148  -3
156  10
100  2
150  -5
103  1
100  7
108  -2
109  3
121  8
127  -10
121  4
118  10
134  4
153  -8
125  3
134  3
101  7
163  4
131  5
120  -6
135  8
106  10
152  -2
142  0
123  -4
136  2
96  -8
132  5
128  8
178  -8
170  -4
203  -2
133  3
127  -2
83  4
141  -6
126  -2
83  8
125  6
105  -3
145  4
154  -4
180  -6
108  -3
105  0
124  1
160  8
142  6
114  2
139  4
161  -2
113  9
98  -5
97  -1
100  1
152  8
120  -8
166  3
107  5
143  -4
116  -2
132  11
106  5
132  8
111  -7
186  -6
104  0
128  -1
112  4
94  8
121  2
108  8
86  3
159  2
192  -8
151  10
160  10
146  5
134  -1
72  -1
107  -7
109  7
96  -8
137  -3
150  -3
163  -5
116  6
101  5
209  -12
116  1
112  10
130  8
130  1
140  -2
151  7
110  3
108  4
149  -3
145  -3
133  4
152  4
110  3
174  11
93  -5
115  10
109  -5
139  -1
107  -6
139  -3
172  6
133  6
78  10
131  5
112  1
148  0
128  6
118  3
112  0
103  5
225  5
132  10
120  -7
99  1
109  7
158  0
126  3
174  7
97  -12
80  3
161  1
133  1
174  4
148  0
131  11
160  2
118  5
141  -4
148  -5
131  8
121  -1
143  -2
107  -6
137  -5
144  11
118  11
88  8
116  6
112  8
114  7
150  -10
120  -2
95  5
158  -7
103  -1
137  -3
75  -9
91  3
116  -2
146  4
64  2
87  7
186  -4
100  -4
101  5
170  -6
127  -12
154  -4
101  6
158  3
181  2
91  -3
111  -9
155  6
147  -1
148  1
167  2
203  -6
103  7
99  -9
210  -1
110  2
106  9
151  1
100  2
144  10
149  -3
109  2
120  -8
129  7
141  -5
151  4
147  -9
71  -3
149  2
85  8
87  3
149  -6
107  1
124  -5
105  -7
108  -2
125  2
149  -6
179  -8
112  2
124  -4
143  -4
170  -1
175  -2
72  -5
106  4
123  -9
127  -8
105  -2
138  2
162  -4
118  10
122  -6
90  -4
152  5
161  -1
110  4
136  -6
131  4
142  8
130  -4
135  6
169  9
140  2
98  4
113  2
173  8
117  -9
122  3
85  -1
174  5
84  -2
135  6
161  -1
91  5
118  9
134  -5
112  3
175  -10
121  -2
155  0
138  -3
94  9
170  0
105  -4
148  -1
114  8
117  -4
128  7
144  8
142  3
173  -4
94  4
109  -5
173  1
137  -10
156  5
102  -3
123  -11
117  -3
92  -6
139  -4
110  2
126  3
167  -5
130  6
127  -9
147  -5
121  5
176  -3
148  0
130  -3
152  1
116  3
118  5
129  -3
173  7
140  -4
99  0
169  6
117  -4
98  4
154  -1
120  -1
73  3
80  11
114  7
108  6
131  2
141  -9
86  3
113  0
147  -5
119  -3
139  0
114  1
118  2
142  0
135  -4
127  -1
135  3
106  10
111  -7
106  6
114  3
102  1
164  -2
111  -12
136  1
150  -9
148  -2
98  0
103  5
98  2
133  -4
119  7
98  -2
126  0
128  2
171  -4
184  8
117  -9
143  -5
105  -9
115  6
183  -3
131  13
94  0
170  1
176  -3
159  3
124  -2
122  3
107  -7
93  0
164  0
161  7
105  3
120  -9
77  3
105  -9
131  10
140  4
85  -3
104  -7
127  -10
157  -2
112  3
132  3
79  -9
111  -12
139  -2
123  -9
157  -9
116  0
120  -7
128  -1
139  1
188  9
124  -10
152  6
159  3
119  6
120  -1
160  -1
154  -6
88  8
146  4
107  -4
131  9
139  -1
113  3
128  1
137  -2
128  4
162  -4
86  -2
98  0
121  -2
74  2
89  6
109  6
163  -5
175  -1
111  -4
128  -1
162  -2
194  10
205  -8
132  6
125  8
106  0
173  4
122  2
173  7
100  -1
130  2
111  -11
149  -6
176  1
109  1
160  5
140  0
118  -1
188  8
166  1
121  8
130  -3
152  3
126  1
110  -2
121  1
129  -4
139  -4
108  1
125  2
134  -2
112  2
118  -1
147  -8
157  -5
112  -1
144  0
104  -7
128  -3
160  4
129  4
156  4
172  7
150  -11
183  -5
129  -1
121  3
124  1
111  -12
93  1
166  0
150  -7
179  -7
100  -2
130  7
137  -7
98  -1
115  8
61  -1
177  -3
135  -3
72  -8
112  4
111  -9
79  -3
157  -1
111  -4
114  1
143  0
164  -5
124  -2
132  7
123  -1
147  -2
91  2
96  1
126  -1
90  7
156  6
148  1
180  -12
105  -7
129  -1
149  1
147  -12
151  2
102  1
145  -7
76  -11
136  1
145  -2
102  -4
107  3
148  4
138  -2
151  5
86  4
136  3
105  -1
129  5
83  -2
129  7
152  5
122  -5
139  2
150  -7
98  2
66  -6
139  5
130  6
140  5
110  4
152  1
120  1
197  -2
138  -9
153  -4
131  3
112  -1
135  -4
155  12
186  6
95  -3
158  -6
137  -2
125  10
134  -5
168  3
133  0
124  -7
110  -3
143  2
92  0
120  0
138  -2
165  -8
118  4
128  -1
114  5
129  5
111  -12
90  1
112  4
100  5
146  3
120  -6
110  -3
127  -9
98  1
131  7
128  2
138  -3
179  -3
142  4
103  9
162  -8
134  1
157  -12
198  6
141  1
121  4
131  2
134  -8
172  -1
173  7
87  8
187  -3
97  -4
147  -8
117  -3
122  -5
148  3
81  6
124  -5
103  9
116  1
156  11
164  4
155  0
146  3
153  -4
149  -1
110  3
165  -2
140  1
127  0
91  -1
158  3
96  -2
142  8
139  5
209  -12
130  0
171  4
109  2
109  6
109  6
90  7
116  5
132  0
124  -2
111  -12
160  5
130  7
157  -4
138  -1
97  -5
160  8
166  6
87  1
103  -2
117  -11
142  7
101  0
128  0
112  3
131  10
129  2
148  -2
121  8
119  -4
105  -1
113  -1
131  9
138  0
150  -5
117  -11
92  -2
121  1
121  9
