33  8
62  1
43  -4
119  -8
98  -3
61  -5
79  4
41  8
68  10
70  -6
60  -5
84  3
59  0
92  5
48  -5
32  4
47  1
63  -2
52  -8
46  -3
61  -5
55  3
82  10
60  -9
55  4
25  -3
85  2
61  -3
50  5
54  -2
42  -3
64  4
65  1
37  -1
46  -6
66  5
54  2
57  3
48  0
69  -4
63  -1
60  -6
66  9
42  -2
41  8
27  5
79  3
47  -1
59  -4
55  6
40  2
45  -3
53  -1
40  6
50  5
73  -7
47  1
43  0
58  -5
69  -2
38  10
49  -3
46  -3
62  6
77  -4
55  8
41  5
43  -3
44  -7
53  4
77  -1
45  -6
73  -7
76  9
55  3
40  6
59  -3
49  -5
32  5
35  0
63  -4
52  -8
58  -1
67  -6
31  0
50  4
74  -2
62  1
50  4
58  -2
49  -7
79  7
41  5
55  6
42  -8
48  -1
49  -3
80  9
37  0
50  6
67  -1
57  7
61  -4
55  2
35  6
28  7
43  -1
64  5
63  0
65  1
36  -2
48  -5
49  -5
50  6
49  -8
72  7
59  -4
62  5
80  6
70  -3
58  -5
33  10
71  2
34  -2
36  1
37  2
46  -4
82  7
25  -6
33  7
44  -8
46  -8
44  -3
37  4
38  7
48  -4
33  8
42  -7
61  -7
58  -2
55  4
28  9
45  -4
32  2
73  -1
57  4
74  2
57  7
39  5
70  -6
87  7
52  -3
69  -1
50  5
69  1
68  8
50  3
53  -1
34  -1
29  -1
49  -5
61  -6
38  4
45  -5
51  2
27  4
73  -7
44  -6
41  4
39  3
41  4
54  1
39  3
42  -7
46  -4
46  -5
35  5
64  5
62  0
44  -3
54  0
59  2
52  -4
45  -7
40  5
61  -8
84  3
43  -2
40  4
65  -1
42  -8
56  -7
78  -6
43  -3
54  4
66  9
46  -9
44  -8
72  7
55  6
69  -2
48  -5
72  10
55  6
60  -5
50  2
36  -2
59  -2
69  -1
67  -7
41  10
55  5
52  -2
41  8
46  -5
50  1
50  3
30  6
33  6
45  -5
95  0
35  0
66  5
29  -4
45  -1
45  -6
59  -4
48  -3
64  7
40  3
72  7
63  -5
69  0
51  0
47  1
77  1
49  -3
63  0
63  0
57  5
39  9
65  -2
71  1
31  1
42  -7
80  3
52  -8
73  -3
58  -6
37  2
56  -7
38  6
73  -6
47  4
82  5
64  2
65  -2
49  -7
64  8
43  2
38  8
42  -3
46  -7
68  9
70  -6
36  1
32  7
72  8
52  -2
46  -6
69  -4
50  5
51  -2
46  -4
64  2
63  -6
65  1
79  5
25  -1
38  5
44  -8
44  -6
32  1
40  1
47  1
58  -7
51  -2
75  9
43  1
17  -6
37  3
68  10
56  -6
61  -3
51  -1
66  4
51  0
50  1
78  -6
59  1
61  -7
47  -1
43  -1
64  2
70  -2
59  -1
62  3
70  -4
52  -7
51  2
63  -3
63  -6
50  1
63  -1
52  -2
85  -2
42  -6
57  7
38  7
51  -2
56  -7
46  -8
41  5
62  1
52  -5
59  -2
44  -5
50  5
64  6
28  7
49  -2
69  -1
65  2
53  2
89  -8
93  3
64  8
85  -2
28  3
50  5
50  7
54  1
86  1
49  -6
40  1
62  2
34  0
50  6
52  -5
57  3
65  -2
65  2
64  8
62  1
69  -3
27  6
42  -8
56  -3
33  8
55  3
25  -6
44  -7
49  -3
90  0
53  3
28  9
42  -6
61  -6
58  -2
49  -3
39  8
25  -3
30  8
64  4
41  4
48  -3
53  2
52  -5
34  1
44  -8
48  -6
51  -4
38  4
44  -5
38  10
51  1
38  10
65  1
33  10
65  1
43  1
33  10
78  -6
50  6
33  5
43  1
35  3
47  -1
43  -1
45  -5
58  -4
46  -8
60  -7
52  -3
68  5
32  1
49  -3
39  9
70  -6
53  2
43  0
53  2
58  -1
60  -10
42  -7
37  4
56  -3
43  0
36  -1
32  1
66  3
53  0
71  4
44  -6
35  5
50  4
47  1
79  7
59  -4
23  -1
45  -7
30  5
41  6
57  3
68  7
47  -1
55  8
63  0
59  -3
55  2
44  -3
90  -6
73  -4
40  1
56  -3
71  1
32  4
76  4
39  6
37  2
61  -5
58  -2
54  1
78  -5
73  -5
77  2
76  6
71  -1
38  4
86  2
49  -7
40  4
33  6
47  -1
48  -3
57  8
72  7
44  -6
73  -6
62  1
67  -2
52  -3
50  1
52  -2
28  8
56  -3
55  5
49  -8
42  -8
41  7
46  -9
67  -5
89  -8
38  8
33  10
49  -6
62  3
62  5
55  5
57  9
42  -5
50  6
51  1
31  1
86  4
47  -1
52  -5
41  8
64  4
70  -7
59  2
85  -3
36  -1
34  3
73  -2
59  2
23  -1
68  6
72  4
52  -5
36  2
52  -4
60  -9
66  6
51  -2
44  -8
59  -4
36  -2
30  3
54  1
43  -2
40  2
63  -3
51  -1
59  -4
33  8
36  -2
42  -8
31  1
65  -4
76  10
61  -5
29  -1
41  9
64  8
36  1
32  7
28  8
62  1
87  6
36  0
53  2
72  8
75  6
63  -2
54  0
47  1
44  -3
53  1
64  4
60  -8
36  -2
42  -2
46  -7
50  6
42  -8
74  -1
35  5
57  7
76  8
63  -3
56  -5
38  10
28  7
68  4
44  -7
32  2
55  8
57  8
55  3
42  -8
52  -6
34  4
47  2
47  2
77  0
60  -5
73  -4
52  -2
42  -5
50  5
51  1
36  -2
41  4
44  -3
35  3
49  -6
40  4
50  7
44  -7
69  -3
42  -2
39  5
36  -1
63  -3
39  7
63  -2
53  3
53  -1
55  6
50  1
62  5
54  -1
53  0
55  3
65  -4
51  1
48  -3
40  4
69  0
48  -5
75  3
20  5
42  -3
59  0
56  -1
55  3
41  6
53  4
40  5
41  9
47  0
38  6
42  -2
32  3
63  -5
33  6
55  8
32  2
52  -4
54  1
53  3
35  5
61  -5
62  5
47  -2
48  0
38  5
48  -2
46  -9
42  -2
21  -8
52  -6
57  5
53  1
45  -5
83  -6
39  4
60  -7
56  -4
50  1
78  -9
64  5
34  -1
82  7
37  2
46  -8
66  7
35  0
65  -3
24  -6
53  -2
27  0
82  7
62  6
59  2
71  0
67  -1
55  6
41  6
35  4
68  4
37  4
45  -3
26  9
24  -8
45  -1
49  -4
49  -5
54  1
62  5
43  -2
37  3
53  -2
34  4
64  5
48  0
66  8
55  3
61  -6
48  -2
41  6
45  -1
58  -6
61  -7
56  -1
73  -5
44  -5
60  -5
55  2
53  -1
47  4
61  -4
47  1
42  -4
48  -5
53  -1
66  6
56  -7
49  -6
52  -5
59  -3
44  -8
44  -6
53  2
66  5
77  -1
69  -4
62  5
63  0
45  -2
78  -5
51  -3
54  -1
51  -2
43  1
77  2
63  -3
45  -7
43  0
43  1
68  6
33  6
34  -2
43  -3
44  -7
26  5
62  1
40  7
57  8
43  0
44  -6
63  -6
45  -6
64  8
39  4
63  -4
70  -6
50  4
67  -6
67  -7
66  7
49  -4
62  5
44  -5
42  -4
50  7
56  -1
37  4
29  -4
55  8
59  0
45  -5
59  0
53  0
49  -2
53  3
52  -5
60  -6
49  -5
63  -2
61  -8
57  6
42  -3
42  -7
30  5
45  -5
45  -1
60  -10
40  7
56  -5
44  -7
59  -3
73  -7
79  7
33  10
42  -2
57  8
65  -2
40  4
39  5
66  6
60  -6
38  7
58  -2
60  -10
54  1
37  3
43  -4
37  -2
71  2
48  -5
65  2
35  5
58  -7
43  1
51  -3
47  1
47  4
59  -2
59  0
52  -4
31  -1
41  4
70  -6
60  -6
67  -5
41  8
50  1
52  -8
84  1
91  2
67  -5
34  2
51  2
68  10
55  5
56  -3
74  0
49  -7
39  6
49  -8
55  4
53  1
71  -1
55  7
53  3
45  -6
54  2
53  -2
50  1
41  8
40  4
46  -5
44  -7
79  2
61  -7
39  6
42  -7
53  3
52  -5
32  6
55  5
72  10
77  -4
74  2
62  0
60  -10
52  -5
64  5
46  -6
56  -2
43  0
67  -7
62  0
69  -1
55  7
69  -2
36  -1
58  -4
54  2
41  7
41  6
66  9
43  0
71  -1
56  -5
38  10
83  -4
41  4
57  8
63  -1
38  6
45  -1
62  5
62  2
57  7
63  -3
58  -1
48  -6
47  4
51  1
60  -10
51  2
62  4
57  6
54  4
52  -4
52  -3
62  6
58  -4
57  9
64  3
48  0
32  5
50  5
32  2
35  6
60  -8
32  3
43  0
47  -1
46  -9
50  7
35  4
43  -4
37  -2
64  3
62  2
61  -8
31  -3
54  -1
48  -5
33  8
53  -2
83  -6
50  2
80  3
36  2
79  6
61  -5
47  4
71  -1
54  4
67  -4
47  2
47  3
70  -7
37  0
27  4
51  -3
61  -9
46  -5
42  -7
62  0
61  -8
59  1
57  6
48  -1
71  3
51  -3
53  0
60  -8
42  -8
70  -6
74  3
38  5
67  -2
27  0
63  0
45  -6
43  1
48  -6
90  -1
34  0
53  4
46  -4
44  -9
44  -5
48  0
60  -7
52  -8
47  -2
49  -3
47  4
44  -9
50  2
32  2
38  4
43  2
42  -2
50  3
58  -2
73  -6
42  -7
51  -2
56  -4
75  6
78  -7
59  0
48  -5
55  5
51  1
62  4
63  0
39  8
52  -6
27  2
65  -3
42  -3
