51  2
36  -6
50  -8
63  0
35  -2
34  2
26  2
30  3
53  -6
35  -1
31  -3
42  0
32  -2
42  -2
31  0
31  1
14  5
31  -3
64  4
47  -4
59  -7
50  -4
34  1
63  -2
48  -1
31  0
39  5
57  6
31  1
23  -4
39  3
28  1
21  -4
32  2
46  6
41  5
45  -4
47  -6
58  -3
30  4
27  -5
41  5
53  -1
18  -2
44  7
46  2
48  -2
32  4
40  4
33  -6
40  6
47  -7
28  5
44  9
31  1
36  -3
37  1
43  5
32  -1
63  -5
41  5
44  7
36  -3
50  -5
37  1
55  -5
34  -2
49  4
26  -1
42  -5
42  -5
23  1
48  -1
29  -6
39  5
36  -6
24  -1
55  -2
57  7
28  1
26  1
38  -3
40  5
29  -7
44  4
33  -6
26  3
39  3
37  4
29  -5
25  -6
28  5
42  1
33  -6
42  -2
17  3
45  -7
28  0
31  -3
24  0
39  5
42  0
28  -1
33  -4
50  -6
27  -8
37  0
30  2
37  -1
41  0
25  -9
35  -6
25  -4
36  -3
39  4
26  2
32  2
41  0
41  4
51  2
42  -5
23  -2
65  7
41  4
35  -2
16  1
49  6
29  -6
49  10
41  1
24  0
32  4
35  -7
26  2
34  1
32  4
29  -2
59  -8
54  -5
56  2
31  -3
37  2
33  -5
18  3
25  -4
54  -6
35  -6
33  -4
32  0
29  -5
31  1
31  -3
55  -6
27  -3
42  0
32  0
20  -6
40  6
32  1
42  -5
34  0
36  -7
34  -1
20  -7
35  -6
41  6
41  4
42  -2
39  0
55  -6
37  2
30  4
59  -6
31  -4
37  -2
37  3
28  5
39  3
49  10
36  -9
47  -6
28  2
39  2
31  -1
41  1
43  7
22  -7
38  -7
40  8
38  -5
47  -5
50  -6
42  -2
23  -1
23  -1
38  -9
46  2
33  -4
41  1
42  -1
44  4
64  1
54  -6
26  -1
34  -4
32  0
43  1
23  -4
26  4
33  -2
38  -6
38  -3
26  1
37  2
19  4
46  1
31  -3
32  4
57  4
41  3
48  -2
41  5
42  -2
37  4
34  0
33  -3
45  -5
38  -5
35  -2
24  -1
35  -6
28  3
48  1
38  -7
29  -3
26  5
38  -3
26  -1
19  0
41  0
27  -4
33  -5
41  0
39  3
34  0
36  -7
42  -5
47  -3
46  3
21  -2
34  -2
47  -8
27  -7
48  -2
42  1
33  -3
26  0
42  -3
16  2
25  -10
49  6
44  10
33  -2
33  -8
39  5
35  -7
24  4
42  1
41  3
42  -3
48  -1
52  -2
41  3
34  -2
30  4
32  3
30  0
25  -7
42  -2
22  -4
37  4
14  2
28  4
42  -5
29  -7
29  -5
53  -1
38  -4
33  -6
34  1
35  -1
38  -4
31  -2
38  -8
27  -4
35  -1
14  2
46  6
37  2
50  -6
33  -6
65  6
47  -7
34  -4
19  6
39  4
40  8
16  5
27  -7
33  -5
23  -1
29  -4
46  3
36  -6
51  3
37  2
25  -4
32  4
58  0
27  -5
28  5
36  -5
47  -7
36  -8
37  2
38  -3
24  3
34  -3
36  -6
34  -1
34  -3
30  4
28  -1
40  4
35  -1
30  3
48  1
28  2
37  3
42  0
33  -6
36  -3
43  7
18  -1
30  0
38  -6
18  3
37  2
29  -6
48  -2
35  -7
62  8
55  -5
57  7
24  2
37  0
21  -4
65  4
38  -3
37  4
25  -4
29  -5
44  7
26  -1
48  -4
25  -8
50  -10
39  5
49  7
25  -5
53  -1
40  5
20  -5
35  -3
26  3
30  3
47  -6
48  -4
33  -6
57  4
57  3
26  4
35  -2
46  5
32  0
39  0
34  0
46  2
29  -4
47  -6
26  5
60  -6
45  -4
41  3
39  3
24  2
40  6
50  -7
35  -4
47  -6
42  0
21  -6
47  -5
46  1
55  -2
22  -1
29  -1
27  -5
25  -9
57  5
27  -6
26  5
40  7
24  1
48  -4
26  1
43  2
31  -3
41  0
35  -3
36  -7
28  0
44  7
35  -5
35  -5
43  6
43  7
30  6
42  -4
29  -1
52  0
42  -2
34  -2
29  -6
33  -7
32  -1
40  9
42  -2
36  -8
31  1
32  -1
16  1
28  -1
31  -1
34  -3
22  -1
34  0
23  1
25  -6
50  -7
35  -1
53  -1
40  6
39  1
32  3
25  -8
43  3
50  -10
43  7
56  2
33  -4
43  5
27  -8
44  5
16  3
58  0
32  -2
37  3
31  -3
31  -5
43  5
49  5
34  2
50  -9
30  3
47  -3
51  6
39  0
29  -5
26  4
31  -1
15  5
28  -1
46  6
41  1
35  -1
26  3
19  6
17  7
37  4
51  2
38  -6
50  -7
26  1
20  -7
65  7
45  -2
51  7
31  1
21  -3
34  -3
46  3
43  5
38  -6
40  7
35  -1
30  1
27  -6
20  -4
27  -7
52  -2
24  3
37  -2
31  -2
43  2
37  0
53  -6
56  5
27  -3
28  3
45  -5
40  8
23  1
50  -7
29  -7
29  -4
23  -5
21  -6
32  -1
21  -6
21  -2
31  -5
49  7
32  2
32  -1
44  9
30  2
25  -9
43  7
31  -4
30  4
43  6
43  7
46  3
43  2
38  -8
34  -4
37  3
29  -5
40  3
25  -6
27  -6
52  0
41  1
41  6
33  -4
72  -5
32  -2
24  4
65  5
45  -5
36  -3
53  -2
32  0
25  -9
33  -5
28  5
57  5
44  4
39  6
36  -8
33  -8
39  3
53  -6
35  -5
29  -4
43  4
46  3
47  -8
34  -4
35  -7
55  -3
26  -1
30  0
39  3
44  10
31  -2
55  -2
28  -1
27  -4
30  6
30  1
30  3
34  -1
38  -9
39  3
33  -8
34  0
24  0
32  3
39  0
24  4
46  4
47  -3
39  3
45  -3
34  0
30  6
48  -4
35  -5
41  0
27  -3
52  -1
45  -5
44  5
51  7
54  -6
31  0
39  2
28  0
55  -7
44  7
24  1
26  -1
28  2
42  -3
29  -6
42  -4
31  0
56  1
40  4
29  -3
31  -4
36  -3
49  5
28  3
44  8
50  -10
56  2
36  -8
32  0
47  -4
35  -3
32  4
33  -6
43  3
28  3
48  -3
20  -1
20  -3
15  5
61  6
23  -1
50  -5
36  -9
35  -4
29  -6
40  7
44  10
50  -5
21  -5
46  5
31  -2
30  1
24  4
29  -6
37  -2
45  -3
21  -8
33  -5
33  -4
25  -9
38  -3
30  2
36  -8
33  -7
31  -4
21  -7
23  -5
51  1
35  -7
34  2
48  -1
41  3
31  -3
29  -2
18  4
43  1
47  -5
17  2
33  -5
40  8
48  1
35  -1
34  1
24  2
43  7
33  -4
34  1
39  2
39  1
41  0
40  3
50  -8
52  -3
41  1
38  -4
45  -7
40  6
51  1
34  -1
37  2
43  4
31  0
33  -5
30  0
30  5
49  5
43  4
30  1
37  -1
31  1
49  10
27  -3
35  -6
41  3
52  1
26  0
47  -4
54  -5
37  3
46  2
44  10
41  4
33  -8
45  -2
33  -5
35  -4
31  -4
40  9
29  -3
47  -7
47  -3
37  3
42  -1
52  2
36  -7
33  -5
48  -1
32  4
52  -3
46  4
32  1
44  10
24  1
26  -1
31  -2
40  4
47  -8
26  3
37  0
36  -7
26  1
52  2
49  10
51  1
50  -6
43  3
52  -2
46  7
35  -5
34  -2
33  -7
38  -4
52  0
36  -5
20  -3
39  2
33  -5
35  -5
41  4
25  -10
33  -3
32  1
20  -5
36  -6
40  8
55  -3
30  0
34  -2
29  -1
26  4
49  4
32  2
39  2
28  1
31  -5
24  2
35  -7
30  6
37  0
38  -8
36  -8
31  1
36  -6
37  -1
33  -8
56  4
25  -5
34  -4
34  -3
22  -7
40  7
37  4
22  -4
41  3
29  -3
21  -8
32  1
25  -9
54  -9
39  2
67  4
38  -3
53  -5
50  -5
45  -4
38  -7
32  0
35  -7
44  7
54  -9
29  -2
27  -5
52  -2
45  -4
37  3
28  1
17  2
36  -8
33  -2
28  3
38  -5
42  -1
60  -5
22  -1
21  -5
26  -1
61  6
30  3
42  1
38  -6
39  4
40  5
39  3
50  -4
30  3
37  -2
42  -5
32  3
38  -8
47  -9
69  -3
37  1
35  -7
21  -6
39  3
45  -4
48  0
29  -5
34  2
25  -10
35  -6
65  7
34  -3
32  -2
44  5
46  4
41  6
30  6
46  4
41  1
35  -6
21  -7
24  5
21  -4
35  -7
51  5
45  -3
56  1
34  -2
51  1
33  -3
28  4
48  -5
25  -6
35  -1
33  -3
33  -8
31  -5
29  -7
34  2
32  4
36  -7
28  0
22  -2
32  4
34  2
50  -8
27  -4
41  4
40  6
27  -9
42  -5
33  -3
36  -3
28  0
37  4
39  4
52  -1
25  -9
34  0
42  -5
41  4
42  -4
20  -3
52  1
35  -6
33  -6
33  -6
37  0
52  1
46  7
30  6
22  -5
39  6
51  5
39  2
43  4
22  -3
26  3
34  -3
25  -10
43  6
51  2
52  -4
29  -5
44  8
53  -1
31  -1
35  -2
22  -1
41  2
43  1
49  4
45  -7
37  0
25  -8
40  5
47  -6
42  -5
40  8
28  4
39  1
51  5
53  -1
27  -9
39  4
44  8
38  -3
36  -7
35  -6
30  0
49  4
44  4
49  9
33  -6
40  3
43  4
30  6
41  4
30  4
23  -1
45  -5
43  6
40  6
38  -5
42  -4
20  -2
35  -2
45  -7
24  -1
33  -3
48  -3
33  -5
43  5
31  -4
33  -4
32  -2
43  1
