21  -3
21  -4
28  -3
23  -5
27  -5
15  -2
20  0
11  -5
26  3
28  -2
17  7
18  -1
27  -5
28  -3
24  -1
17  7
17  5
22  -4
10  2
27  -5
31  -4
27  -6
22  -2
21  -5
24  0
26  2
21  -3
16  -4
13  1
17  5
18  -1
17  6
27  -7
20  2
20  0
11  -3
13  0
26  3
20  0
22  -4
26  4
22  -4
13  0
7  -6
17  6
11  -5
17  7
13  0
17  7
22  -2
11  -4
16  -5
18  -2
37  0
12  2
16  -6
22  -4
16  -6
19  -7
22  -3
11  -3
9  -8
17  5
21  -3
19  -6
22  -2
20  1
26  3
26  4
23  -7
13  0
17  7
21  -4
24  0
14  -6
12  2
27  -5
27  -5
23  -6
36  5
17  5
13  1
13  2
18  -1
24  -1
22  -3
35  -2
19  -6
32  -7
25  3
16  -4
18  -3
26  3
19  -6
14  -6
20  2
16  -6
14  -6
10  1
18  -3
19  -6
18  -2
22  -3
18  -2
14  -5
18  -3
25  2
14  -6
20  2
31  -4
15  -2
19  -7
14  -5
18  -1
24  0
22  -4
27  -5
15  -2
19  -6
13  1
11  -3
19  -6
17  5
26  3
27  -7
10  2
24  0
14  -6
17  6
16  -4
35  -2
23  -7
15  -3
24  0
29  0
24  -1
23  -7
14  -4
22  -3
33  2
15  -2
24  0
19  -7
21  -5
18  -1
44  0
19  -5
28  -4
26  3
11  -3
16  -5
19  -6
27  -5
25  3
15  -2
27  -5
12  2
24  0
27  -6
19  -6
11  -3
21  -5
18  -2
11  -3
17  6
15  -1
31  -3
14  -6
16  -5
19  -5
25  3
8  -3
25  2
17  6
13  2
20  1
14  -4
32  -7
17  5
25  3
30  4
16  -5
23  -5
20  1
27  -5
9  -6
22  -3
18  -3
12  2
15  -3
11  -4
20  0
13  1
14  -4
24  -1
31  -3
31  -5
27  -5
28  -4
14  -5
27  -7
18  -1
17  5
22  -2
28  -4
20  0
31  -4
29  2
29  2
13  0
14  -4
11  -5
31  -4
24  -1
9  -7
13  2
29  0
21  -4
23  -5
23  -7
20  2
17  6
23  -5
21  -3
16  -4
18  -3
15  -1
25  2
14  -6
13  0
19  -7
23  -6
22  -4
14  -6
16  -5
20  1
20  2
16  -5
16  -5
14  -4
13  1
13  1
14  -6
18  -1
19  -5
12  0
12  0
10  0
23  -5
19  -6
21  -3
14  -4
24  1
21  -3
24  -1
20  0
15  -2
23  -6
24  -1
19  -6
31  -5
27  -5
29  0
15  -2
24  -1
10  0
18  -1
23  -5
9  -6
25  3
19  -5
22  -2
24  -1
21  -5
13  2
9  -7
26  4
30  3
38  5
28  -3
27  -6
23  -7
21  -5
20  1
18  -3
13  1
25  3
22  -3
9  -6
13  0
18  -1
9  -8
17  7
21  -3
26  2
13  2
33  3
19  -7
16  -4
24  0
21  -3
24  1
23  -6
23  -6
38  5
15  -3
19  -5
27  -6
24  -1
16  -4
30  2
20  2
12  1
19  -6
16  -4
27  -5
27  -6
23  -7
23  -6
21  -4
10  0
17  5
21  -4
21  -5
13  0
19  -7
25  1
11  -3
26  3
33  3
15  -1
11  -3
24  0
28  -2
18  -3
24  -1
16  -5
31  -3
20  0
20  2
21  -4
24  -1
23  -7
29  0
27  -5
22  -2
23  -7
13  0
26  4
17  7
13  2
20  1
17  6
20  0
27  -7
14  -4
23  -6
17  6
14  -5
27  -5
14  -6
22  -3
25  2
24  0
18  -2
19  -7
24  1
6  2
19  -7
20  0
35  -3
18  -2
14  -4
19  -6
20  1
18  -3
24  0
17  5
20  1
36  4
21  -4
14  -4
21  -4
12  0
21  -5
21  -4
17  6
17  5
29  0
22  -4
27  -5
25  1
17  5
21  -4
36  4
31  -4
20  0
14  -4
16  -5
16  -6
23  -5
14  -6
15  -2
17  5
26  3
21  -4
29  1
23  -5
13  0
23  -5
21  -5
24  1
13  0
14  -4
26  3
18  -1
18  -2
28  -3
23  -5
24  -1
22  -4
17  5
25  3
9  -8
15  -1
28  -3
18  -1
33  2
16  -5
24  1
14  -4
21  -4
19  -7
18  -3
21  -3
20  2
26  2
16  -4
13  1
21  -5
14  -6
14  -4
26  2
15  -2
27  -5
24  0
14  -4
25  3
21  -3
26  2
17  7
22  -4
21  -4
28  -3
23  -7
23  -6
21  -4
22  -2
15  -1
17  5
11  -3
28  -3
18  -1
22  -3
21  -5
12  0
25  3
19  -6
16  -4
10  2
14  -5
20  0
20  2
25  1
26  3
23  -5
13  0
13  2
19  -5
18  -2
24  -1
19  -7
13  2
15  -2
12  1
18  -1
20  1
25  3
11  -5
16  -4
16  -6
19  -6
29  2
23  -5
26  2
22  -3
24  0
20  0
9  -6
13  0
19  -7
24  1
13  1
22  -4
13  2
28  -2
19  -6
21  -3
18  -3
18  -3
19  -6
17  7
12  1
25  3
12  0
13  0
24  1
13  2
14  -4
22  -4
15  -1
9  -6
24  0
16  -6
22  -3
21  -4
14  -6
23  -5
17  7
14  -6
31  -4
25  1
16  -5
14  -4
19  -6
31  -3
18  -2
10  0
23  -7
18  -2
15  -2
13  1
23  -7
31  -5
29  0
33  1
15  -2
24  1
14  -6
16  -4
21  -4
35  -4
16  -4
19  -7
14  -5
20  0
16  -4
25  1
15  -3
14  -6
13  2
24  -1
26  3
25  1
12  0
15  -2
16  -4
24  -1
23  -6
29  0
26  2
14  -5
26  3
15  -2
16  -6
31  -3
15  -2
25  2
16  -5
14  -4
18  -1
19  -7
20  0
30  4
22  -2
15  -3
26  2
14  -6
15  -1
21  -4
19  -7
17  7
35  -2
17  6
25  2
16  -5
22  -3
20  2
25  1
20  0
33  2
13  0
16  -4
30  3
24  1
23  -6
26  3
12  0
22  -2
17  7
25  2
29  1
21  -5
24  0
19  -5
21  -4
29  1
18  -1
33  2
17  5
26  2
19  -6
18  -3
15  -1
24  -1
34  -7
15  -2
31  -5
24  -1
24  1
24  1
20  0
22  -4
21  -4
17  7
21  -4
14  -4
29  2
12  1
12  2
25  1
16  -5
24  1
20  1
24  0
29  2
23  -5
26  4
23  -6
14  -4
18  -2
18  -3
17  5
15  -2
22  -2
18  -1
28  -4
14  -4
20  0
23  -5
17  7
18  -3
20  2
32  -7
19  -6
18  -2
23  -5
21  -3
26  2
19  -7
23  -7
23  -7
32  -8
20  2
17  7
15  -3
19  -7
14  -4
9  -8
19  -6
13  0
18  -1
27  -7
22  -4
20  0
23  -7
16  -4
17  5
9  -6
18  -1
17  7
14  -6
32  -8
24  0
21  -5
14  -6
20  2
15  -1
13  0
14  -5
19  -5
28  -4
5  -3
22  -2
16  -4
23  -5
18  -2
31  -3
21  -3
12  1
18  -3
19  -6
23  -5
20  2
17  6
24  -1
14  -4
22  -4
14  -6
28  -3
15  -2
18  -2
23  -5
25  3
30  4
24  0
22  -3
12  0
17  6
13  2
20  0
14  -4
24  1
17  7
20  2
12  2
25  1
22  -2
23  -7
17  7
29  1
18  -2
17  7
30  4
12  0
12  2
29  2
19  -7
21  -4
25  3
13  1
14  -5
30  2
16  -6
11  -5
34  -7
25  2
30  3
25  1
11  -4
21  -5
34  -7
23  -7
20  0
17  6
21  -5
27  -5
33  1
18  -2
24  -1
23  -5
16  -5
19  -7
23  -7
26  2
14  -6
18  -1
16  -4
25  2
23  -5
18  -3
18  -3
25  1
23  -7
23  -5
22  -4
14  -6
17  6
26  3
21  -3
19  -5
16  -4
28  -2
19  -5
21  -5
22  -4
11  -3
24  -1
19  -5
17  5
13  2
22  -4
15  -1
26  3
29  0
29  1
17  5
35  -2
15  -3
10  2
20  2
16  -5
20  0
17  7
17  5
19  -5
16  -4
17  5
19  -6
28  -4
18  -1
34  -8
22  -4
15  -3
15  -2
13  2
18  -2
31  -3
23  -6
19  -7
18  -2
17  7
36  6
13  0
20  2
14  -4
29  0
17  5
21  -3
26  3
16  -5
22  -4
32  -8
21  -3
19  -6
14  -6
26  2
14  -4
28  -2
6  1
19  -7
19  -6
19  -6
19  -7
15  -3
22  -3
20  0
25  3
16  -4
16  -6
22  -3
33  2
24  1
16  -4
21  -4
17  7
18  -1
17  6
20  0
33  1
23  -5
16  -6
15  -2
27  -7
12  0
17  7
24  -1
27  -7
21  -3
31  -4
21  -4
20  2
23  -5
23  -7
29  0
25  2
17  5
26  3
19  -7
26  2
18  -3
25  1
20  1
11  -3
11  -4
24  1
20  0
14  -5
30  3
20  2
15  -2
20  0
25  1
19  -6
10  0
19  -5
25  2
27  -5
12  0
16  -5
14  -6
6  1
24  1
17  6
22  -3
16  -4
18  -2
21  -3
13  1
20  2
29  0
19  -7
10  1
28  -3
12  0
16  -6
20  0
14  -6
19  -7
19  -5
30  3
20  0
17  6
23  -5
21  -4
21  -3
15  -1
31  -3
21  -3
13  2
26  4
22  -2
9  -7
23  -7
23  -6
13  2
16  -5
28  -3
19  -6
33  3
12  1
20  0
21  -5
32  -6
12  0
25  3
21  -3
13  2
7  -4
21  -4
16  -6
28  -4
25  1
26  3
16  -6
29  0
12  0
30  2
14  -4
10  2
20  2
28  -3
16  -6
24  -1
16  -6
18  -1
23  -5
35  -2
30  2
21  -4
21  -5
13  2
29  0
22  -4
30  3
7  -6
22  -3
21  -3
23  -5
14  -5
23  -6
26  4
25  2
17  5
19  -5
32  -8
16  -6
19  -6
31  -3
15  -1
