15  2
4  -10
39  -2
2  -8
5  -3
29  1
10  1
3  -7
11  -8
13  2
25  4
15  -3
16  -1
4  -9
11  -12
4  -6
9  4
16  1
42  -10
10  -3
13  3
13  -1
13  -2
18  4
59  7
29  -1
12  3
20  -5
6  -3
15  6
22  4
24  -1
6  -3
13  -5
6  -3
18  6
30  -7
19  -5
25  4
50  -1
10  1
26  -6
9  3
4  -4
9  2
5  -4
6  4
15  5
2  -10
13  2
17  3
17  6
10  2
1  -7
13  2
47  -7
19  -7
9  8
17  5
16  -3
26  -1
10  -1
0  7
5  3
8  2
22  -1
19  -3
15  -3
21  3
8  5
12  7
19  2
34  3
1  -11
17  10
30  -6
15  0
2  -7
14  2
8  7
14  1
6  -5
24  6
7  -9
15  -3
6  3
24  6
29  2
3  3
19  -2
16  -2
10  -1
26  -4
12  10
22  1
11  -8
9  -1
17  7
14  -2
30  -3
8  11
33  -7
10  1
4  -1
32  -4
13  -5
21  1
6  4
19  -4
8  12
18  0
7  -9
21  -2
8  11
6  -3
5  -6
17  4
20  -8
18  -1
17  3
20  -3
13  -5
6  -3
22  4
25  -3
18  2
2  -12
7  -8
17  3
24  4
9  5
13  -5
3  -3
19  -1
16  -1
36  -6
11  -11
6  -4
8  4
25  1
16  5
1  -11
22  4
4  -5
3  -3
18  7
6  4
12  6
3  -4
18  6
54  -1
8  4
1  -5
23  -4
8  3
7  -5
2  -10
5  -6
2  -5
12  10
10  -4
8  5
17  5
6  -4
9  3
8  5
14  0
11  -5
41  2
23  3
10  -3
3  2
14  -2
15  -3
4  -4
14  2
14  7
4  -7
23  3
20  -8
11  -4
7  -6
41  7
13  -3
4  -2
4  -4
12  2
2  -3
11  -2
29  -1
13  3
12  5
11  -9
13  2
5  3
16  2
12  6
13  0
11  -2
12  7
9  8
6  5
29  2
3  -1
13  1
3  -2
12  8
5  3
4  -7
2  -9
24  -3
12  11
29  3
9  3
7  -7
24  4
9  4
2  -7
13  1
27  3
7  -3
3  -5
5  4
6  -4
7  0
15  5
9  6
10  -5
4  0
6  -3
5  4
20  -2
10  -4
7  -10
6  1
15  4
15  1
8  8
11  -6
2  -7
5  -6
10  -1
16  0
11  -8
6  -3
16  3
24  7
7  -9
25  3
20  -7
12  7
7  -1
8  7
10  1
11  -8
8  8
13  2
11  -12
7  0
19  2
7  -1
20  -8
7  -3
7  -3
9  1
10  -1
4  0
57  -5
23  1
22  1
17  1
19  2
8  9
4  -8
11  -6
33  -3
14  0
21  0
13  -7
3  0
17  4
8  9
6  -2
14  -1
11  -9
10  2
3  -1
24  0
5  1
14  1
9  5
13  2
13  -2
16  1
6  -2
19  3
8  3
14  2
17  4
26  2
6  0
9  0
20  -10
20  -8
20  -5
5  -4
8  5
11  -3
4  -10
7  -5
33  -10
9  6
2  -12
29  3
38  -1
6  -3
3  -1
12  7
43  8
37  -11
13  -1
9  0
12  4
16  1
7  -2
1  -11
3  0
3  2
23  1
13  2
13  -6
24  0
6  4
3  -4
33  -6
23  -4
1  -10
21  -2
14  4
3  -7
47  1
6  -1
4  -8
26  -4
28  -3
10  -8
24  3
12  6
6  -5
7  -1
2  -4
35  -6
6  -3
9  6
4  -10
8  5
21  3
4  0
4  -5
7  -8
15  6
4  -6
4  -4
8  7
13  2
9  2
8  3
27  4
21  7
11  -10
14  5
9  4
23  3
9  6
8  11
15  -4
4  0
19  3
13  -7
9  5
22  6
1  -10
13  2
30  -11
9  8
10  -6
15  -1
21  6
17  5
6  -2
37  -3
18  1
11  -9
16  4
13  -4
25  2
13  -1
7  -7
25  1
9  5
29  6
6  0
17  10
7  -3
11  -7
2  -3
19  2
0  8
10  -1
3  -5
11  -6
19  3
2  -4
16  3
7  -3
13  1
11  -12
13  2
16  -2
13  2
54  1
11  -7
35  -11
5  4
8  5
14  4
9  3
8  2
6  -4
2  -4
37  -6
9  -1
20  -8
21  3
46  -4
20  -6
9  0
0  -1
14  4
4  0
37  -1
17  4
15  4
6  0
14  3
9  6
11  -12
21  3
12  9
12  2
4  -1
13  -6
26  -1
8  6
14  7
15  5
18  8
2  -7
23  -5
10  -4
14  7
11  -8
32  -2
18  1
4  -3
5  -2
23  -4
6  -4
2  -5
6  -1
6  4
20  -9
19  -5
7  -1
2  -2
10  -5
17  9
18  6
13  -2
14  -1
28  -1
13  0
32  -3
12  11
8  3
8  6
21  0
5  4
15  -4
6  3
19  3
36  -5
30  -8
26  -4
29  1
4  -8
14  2
39  4
6  0
3  2
17  10
17  3
13  -2
8  8
15  2
34  12
12  12
6  -3
21  4
19  -2
28  5
15  5
26  -6
25  6
7  -6
3  -3
14  -1
24  4
13  0
43  1
12  4
6  1
35  -2
14  5
15  -1
22  1
15  4
5  0
10  0
12  9
16  3
11  -9
26  -1
8  6
14  -2
35  -8
6  -5
8  6
16  3
13  -2
11  -7
5  1
3  0
5  0
25  -2
4  -4
7  -1
8  3
17  4
8  3
18  7
5  -4
5  3
2  -6
4  -2
9  -1
14  3
25  -1
13  -3
18  -2
16  -4
26  -8
42  -9
4  0
6  5
7  -7
4  -7
23  -1
14  -2
14  2
10  -3
11  -4
21  8
20  -11
12  3
5  -2
11  -12
16  -2
19  0
11  -4
17  7
6  -3
12  3
29  9
2  -2
3  1
26  2
4  -1
11  -6
19  -2
23  -5
23  -4
9  6
8  5
12  10
33  -7
15  -2
12  9
17  1
8  3
7  -5
9  3
7  -2
15  -4
7  -1
4  -10
22  1
11  -9
3  -7
17  4
7  -10
32  -2
15  0
21  4
17  2
13  -3
11  -10
4  -2
20  -1
26  -4
61  -2
26  -6
19  -6
15  0
27  3
6  0
21  -2
7  -8
9  4
17  6
10  -2
2  -9
23  -3
14  2
8  8
22  7
21  6
11  -12
14  -2
11  -4
18  3
4  -4
17  2
29  -1
11  -7
28  5
12  2
16  1
11  -2
33  -5
7  0
20  -4
24  5
27  7
9  8
20  -2
10  0
7  -7
15  6
15  3
26  -4
7  -1
28  0
31  -2
7  -3
5  -4
11  -7
30  -12
3  -4
17  8
17  6
2  -4
6  3
6  1
9  -1
13  0
6  2
22  3
19  -6
10  0
18  5
20  -5
12  7
12  7
2  -9
7  -6
38  -3
4  -1
22  2
11  -12
21  -1
13  1
50  1
12  9
1  -5
4  -5
11  -12
8  6
14  -3
10  -7
7  -3
12  3
5  -1
5  0
28  6
9  1
16  2
8  10
11  -2
11  -9
9  1
19  -7
11  -8
6  -1
1  -5
21  2
9  2
12  6
3  1
15  5
13  1
1  -12
13  -4
4  -9
9  8
19  -1
9  3
12  5
20  -9
11  -4
22  2
5  -2
11  -9
10  -4
33  -1
9  7
12  4
9  5
16  -4
26  -3
18  8
8  12
13  -1
15  1
10  -8
21  -2
7  -2
3  -7
17  4
20  -8
7  -8
7  -7
7  -5
5  3
25  6
5  3
17  5
17  8
19  -7
12  5
11  -10
6  -2
16  2
14  3
2  -7
9  1
10  -7
22  4
5  -4
17  11
14  0
8  3
11  -8
35  -6
3  3
0  9
11  -11
13  -1
6  1
12  7
16  -4
2  -11
3  -7
11  -12
6  -1
15  -4
21  5
14  -3
9  4
11  -3
22  -1
10  -2
5  1
8  6
3  0
32  -8
17  9
17  11
10  2
20  -7
36  -7
20  -7
1  -10
11  -4
25  -2
16  -3
20  -1
18  7
6  2
3  2
14  6
10  0
15  1
21  4
7  -4
4  -6
21  7
16  5
5  2
4  -7
4  -2
31  -11
34  3
11  -7
26  -1
21  6
12  11
15  -2
17  6
17  8
13  -3
22  1
17  9
15  -4
39  -3
20  -8
13  0
9  8
10  -5
12  3
7  -10
7  0
19  -4
10  1
9  3
27  8
41  11
8  7
10  0
3  0
9  5
15  3
9  6
13  -6
3  3
7  -2
15  -4
20  -11
12  12
4  0
13  0
19  -7
18  -1
8  3
4  -3
18  5
8  3
3  -7
12  12
7  -1
16  -2
25  2
10  -4
10  0
16  -1
13  -2
4  -7
5  -5
10  -7
22  4
6  -4
7  -9
17  1
16  3
3  -6
22  2
16  -4
4  -10
17  7
6  -1
15  2
23  -4
24  -1
2  -5
27  10
14  -2
7  -3
18  3
21  5
8  7
5  -5
14  0
13  2
32  -9
39  -5
8  9
13  -7
4  -5
8  11
3  3
7  -8
16  -2
15  0
18  7
28  1
8  12
18  5
9  2
2  -5
39  -3
14  0
27  4
5  -6
20  -7
6  2
1  -8
8  7
13  2
14  2
31  -12
28  1
32  -10
1  -8
14  -2
16  1
5  -4
1  -4
17  2
16  -2
11  -9
30  -6
11  -9
6  4
12  9
27  5
3  3
25  1
18  -1
3  2
19  3
5  -4
17  7
23  -1
12  5
5  0
12  6
7  -6
8  11
9  1
14  5
27  3
6  0
17  6
16  4
9  1
5  -3
24  6
13  -3
5  -6
11  -10
11  -9
28  -4
24  4
36  -6
20  -10
8  6
26  -3
12  10
5  -1
15  -3
18  1
10  -1
26  -3
13  3
4  -6
12  10
14  4
24  -1
5  4
11  -10
13  -4
8  7
2  -5
24  2
24  3
25  5
22  7
14  7
20  -4
32  -5
