40  -2
62  -6
71  0
52  3
35  0
78  7
69  4
49  -6
28  3
40  -4
61  -4
38  3
47  -6
39  -3
55  7
59  -2
59  -1
40  -4
32  8
16  -5
39  -3
45  1
35  2
49  -5
53  4
44  4
52  2
56  -7
43  3
31  6
33  4
51  -6
48  -6
51  -5
31  7
63  2
49  -4
74  0
64  3
49  -5
25  7
22  5
69  2
44  5
38  1
24  -1
30  2
56  -5
41  2
38  1
37  -1
56  -7
34  0
34  -2
84  4
28  1
42  -4
62  -5
57  5
48  -4
73  5
37  -1
46  -1
72  2
22  5
49  -6
44  5
40  -3
48  -6
47  -4
55  5
32  8
49  -5
47  -5
67  1
49  -4
48  -5
43  3
61  -2
53  5
54  5
42  -5
43  4
26  -4
59  0
36  -3
55  7
52  4
51  -5
55  5
34  0
36  -5
47  -6
42  -5
25  6
55  6
74  2
60  4
33  5
84  4
46  1
65  4
32  6
45  2
70  6
53  6
51  -5
33  6
64  4
42  -5
32  8
65  3
47  -6
29  -3
33  6
55  7
44  3
51  -6
55  5
67  0
51  -6
36  -4
52  2
50  -3
89  -5
59  -2
61  -4
44  4
52  4
55  6
23  0
68  -6
48  -6
50  -2
31  7
62  -6
59  -2
42  -3
34  -2
37  -1
50  -2
43  4
32  6
84  3
36  -4
63  1
82  -3
50  -1
63  1
52  4
24  0
49  -4
80  1
46  1
38  3
64  5
39  -3
46  1
40  -4
44  4
43  3
54  5
53  5
56  -6
27  2
31  5
43  4
66  8
42  -4
42  -3
35  2
53  5
49  -4
45  3
51  -5
46  1
34  0
30  1
39  -3
55  7
51  -6
56  -5
30  0
67  1
60  3
59  0
42  -4
55  6
37  -1
31  5
51  -4
62  -6
49  -4
25  8
32  7
38  3
79  3
47  -6
64  3
31  6
44  5
47  -5
72  3
39  -4
38  2
40  -3
38  1
42  -4
46  1
36  -4
52  2
16  -7
46  1
49  -5
52  3
32  8
62  -5
55  5
31  6
57  4
31  6
57  6
55  5
34  -2
67  -1
51  -5
44  4
54  5
41  4
64  5
80  2
32  8
41  2
21  3
44  3
34  -2
44  4
48  -4
56  -6
35  2
32  6
43  3
46  1
41  3
39  -3
60  4
42  -4
33  4
41  3
47  -5
60  4
56  -6
65  2
43  4
35  1
76  -1
36  -4
38  2
72  3
24  -1
26  -4
60  4
28  2
66  7
35  2
26  -4
35  0
48  -4
29  -4
51  -6
42  -4
45  3
31  7
61  -4
54  4
52  2
44  3
33  4
36  -3
42  -5
56  -6
29  -4
37  -1
21  4
63  0
36  -4
52  3
33  6
38  3
31  7
32  7
65  3
49  -6
77  -1
43  5
34  0
60  4
30  1
34  -1
45  3
58  -1
46  1
47  -5
34  0
47  -5
39  -2
37  0
42  -5
53  5
61  -4
44  4
46  -1
55  6
39  -4
40  -3
43  5
39  -3
32  8
46  1
58  -3
55  5
20  7
67  -1
50  -2
36  -4
50  -2
63  0
46  1
34  -2
55  7
50  -1
61  -4
36  -5
39  -2
46  -1
24  0
46  1
38  3
70  6
56  -5
67  1
58  -1
51  -4
29  -4
58  -1
34  -2
45  1
62  -7
52  3
29  -5
58  -2
43  3
64  4
54  4
54  4
25  7
53  6
53  5
27  4
46  1
55  5
24  0
54  5
64  4
33  5
36  -3
77  -3
39  -2
78  8
50  -3
59  -1
57  5
21  3
44  3
51  -5
25  8
58  -2
68  -5
20  6
38  1
38  2
30  0
50  -3
74  0
28  3
25  7
51  -6
39  -4
77  -2
33  6
42  -5
65  2
29  -3
51  -6
57  5
61  -3
37  1
19  -2
23  -1
43  4
68  -4
68  -4
47  -5
21  4
45  1
26  -6
41  3
50  -3
33  5
46  1
43  5
36  -3
47  -5
21  4
77  -2
40  -4
54  5
40  -4
55  7
50  -3
31  6
61  -3
26  -6
32  7
63  0
55  5
59  -2
41  2
38  3
28  1
58  -2
44  3
49  -5
38  1
67  1
49  -6
73  5
40  -2
59  -2
29  -3
44  5
53  4
30  0
39  -4
78  7
58  -1
63  0
42  -5
40  -4
61  -3
34  0
33  6
75  3
70  7
30  1
30  2
41  2
57  5
55  7
21  4
45  1
57  5
46  1
55  7
68  -6
32  6
33  5
68  -4
36  -4
48  -4
48  -6
64  5
44  3
41  2
39  -2
41  4
66  7
26  -5
50  -3
33  4
46  1
37  1
72  3
38  3
30  2
50  -3
30  1
54  5
38  1
25  7
28  3
45  2
38  2
45  3
56  -6
28  1
40  -2
41  3
42  -5
51  -4
44  3
51  -4
45  1
32  7
51  -4
78  7
88  3
38  1
36  -3
48  -6
56  -5
73  3
57  6
49  -4
60  3
67  1
101  4
94  -5
67  -1
24  0
70  6
50  -3
56  -7
38  3
64  3
47  -5
70  7
77  -2
49  -5
35  1
35  2
44  3
41  4
28  3
45  1
51  -4
69  3
49  -6
60  3
59  -1
55  7
77  -1
57  4
51  -6
22  6
34  -2
37  1
53  6
59  0
58  -2
64  4
54  6
31  5
31  6
40  -2
94  -5
41  2
46  -1
72  1
61  -3
37  -1
35  0
27  3
59  -1
54  6
58  -1
45  2
48  -6
53  5
27  2
38  3
54  4
66  7
43  5
43  5
63  0
27  2
25  7
39  -3
29  -3
57  5
34  -1
49  -6
49  -4
54  5
46  0
34  -1
18  -7
24  1
36  -5
36  -5
50  -1
70  7
74  2
51  -6
52  2
35  2
64  3
28  1
45  3
43  3
52  3
24  -1
45  2
48  -5
45  2
38  3
42  -5
32  8
105  -3
57  6
64  3
30  0
39  -2
50  -1
50  -3
42  -5
32  6
32  7
53  6
46  0
51  -4
35  2
51  -5
44  5
58  -2
40  -2
53  5
30  1
52  4
65  4
26  -4
62  -7
60  3
37  1
31  6
35  2
41  3
41  2
35  0
36  -3
48  -5
27  3
28  2
29  -4
59  -1
41  4
78  7
29  -5
26  -6
32  8
38  3
47  -5
59  -1
53  5
41  3
50  -3
68  -6
34  -1
44  3
23  -1
49  -6
37  1
46  0
62  -6
47  -6
50  -1
48  -5
62  -7
37  1
35  1
66  6
68  -5
43  3
41  3
68  -5
52  2
31  7
61  -2
47  -6
43  4
50  -2
71  -1
43  3
25  7
85  -5
39  -4
54  4
49  -4
42  -5
45  3
42  -4
54  6
45  1
47  -5
52  2
49  -6
32  8
25  7
40  -2
41  2
41  2
25  6
36  -5
46  1
25  8
48  -4
39  -4
48  -6
59  -2
40  -3
55  5
47  -4
96  4
29  -5
54  5
40  -4
47  -4
29  -5
50  -1
52  3
43  3
58  -1
43  4
39  -4
53  6
41  4
55  5
50  -1
55  7
77  -3
42  -5
38  1
38  3
26  -4
53  6
59  0
45  2
33  5
52  3
32  7
50  -3
45  1
53  5
32  6
61  -4
45  1
46  -1
32  8
69  2
47  -5
51  -6
38  1
32  7
31  5
46  -1
62  -5
34  -2
54  4
59  -2
87  0
41  3
73  4
26  -5
37  1
41  2
42  -4
55  7
47  -6
47  -6
37  0
63  0
38  2
35  2
20  5
71  0
57  6
37  -1
43  3
60  4
42  -3
54  5
40  -2
34  0
45  3
27  3
42  -4
40  -2
45  3
37  0
54  6
49  -4
57  4
72  1
30  0
45  2
43  5
62  -7
36  -3
47  -4
28  2
28  3
60  4
26  -5
39  -4
47  -5
33  4
34  -2
19  -3
39  -4
51  -6
68  -6
34  -2
48  -4
48  -5
77  -3
43  4
58  -3
45  1
60  3
54  5
33  5
62  -7
63  2
38  1
40  -2
22  5
76  1
45  3
34  -1
57  6
55  6
29  -4
59  -2
51  -6
31  5
62  -6
38  1
30  2
53  6
56  -6
47  -4
62  -7
65  2
56  -7
93  -7
66  8
49  -4
41  3
36  -3
30  0
59  0
36  -3
33  6
63  1
41  2
34  0
41  2
43  5
57  4
35  2
44  4
49  -5
55  7
34  0
47  -5
42  -3
51  -4
30  2
37  1
50  -3
35  2
32  8
37  -1
43  4
42  -3
26  -4
60  4
54  5
43  3
48  -4
70  6
66  8
33  6
53  5
31  6
66  6
44  3
40  -4
65  3
46  0
45  2
59  -2
37  -1
34  0
53  4
37  0
70  6
58  -3
32  6
54  6
63  2
52  2
60  5
48  -4
41  4
49  -4
54  4
53  6
39  -3
28  1
28  2
35  2
44  3
53  5
59  0
24  1
50  -3
19  -1
45  2
47  -6
37  0
45  2
41  4
48  -4
47  -4
70  7
50  -3
33  4
42  -4
64  3
45  1
34  -1
46  1
65  3
103  -2
27  2
46  0
49  -4
13  -3
41  3
35  2
33  5
33  4
40  -3
40  -4
63  1
36  -4
26  -5
48  -4
62  -6
55  7
79  3
65  3
63  1
27  3
48  -6
24  1
37  1
21  4
46  0
59  -2
53  6
38  1
56  -5
47  -5
41  3
57  4
44  3
46  1
50  -3
66  7
44  5
25  7
37  0
28  1
31  6
33  6
37  1
36  -4
53  4
54  6
28  1
36  -4
50  -1
61  -2
48  -6
63  1
55  5
32  8
47  -6
56  -5
77  -1
47  -6
32  7
60  3
42  -3
43  4
46  0
25  6
