57  6
89  3
95  -6
70  -5
60  -2
75  7
106  2
74  0
61  -6
69  -7
82  7
113  -4
97  2
81  -3
72  -1
88  -1
81  -4
111  -6
46  -2
101  1
94  7
93  3
53  0
75  7
61  -6
82  7
104  -6
86  6
51  4
57  8
80  5
72  -1
52  6
126  1
82  7
103  4
60  -2
78  0
46  -3
91  -6
84  5
86  7
120  -4
50  -8
60  -2
79  5
115  5
49  -2
77  -2
79  5
106  1
59  -3
80  5
68  -4
66  2
92  6
83  5
72  -2
98  5
98  6
72  -1
70  -5
59  -2
79  4
112  -1
48  3
66  0
70  -6
49  -2
86  5
73  0
66  0
117  6
85  -5
66  0
75  5
165  -7
105  2
75  6
99  -7
77  -3
86  6
71  6
69  -7
61  -7
49  -3
114  -2
91  -7
76  2
71  6
91  -8
85  -5
75  7
121  -5
58  4
76  1
73  -2
62  -2
98  6
82  8
86  5
39  -2
79  4
101  1
34  4
104  -6
66  1
62  -1
67  -3
83  3
106  1
61  -6
60  -3
87  5
82  7
61  -6
57  8
75  7
46  -4
81  -4
62  -2
66  1
47  -7
51  5
65  3
44  0
53  2
25  4
69  -6
65  3
95  -5
96  -4
89  2
67  -1
84  3
106  1
112  -1
70  -6
64  -7
57  7
116  6
98  5
58  3
70  -6
91  -7
78  0
97  2
91  -7
59  -3
43  -1
59  -1
78  -2
136  7
77  -2
67  -2
89  2
57  7
79  4
81  -5
48  1
88  0
113  -5
84  4
51  3
113  -4
88  -2
76  3
44  -1
67  -3
75  7
72  -2
89  3
121  -5
84  5
101  1
78  0
93  2
71  6
67  -1
72  -3
58  2
64  -7
55  -2
82  7
94  8
81  -4
83  4
49  -2
70  -5
83  5
54  8
144  6
53  2
91  -8
87  6
33  4
119  3
91  -8
98  4
72  -2
40  0
84  5
62  -1
78  -2
71  7
66  0
115  5
59  -2
82  6
95  -5
70  -4
94  8
37  4
87  6
95  -5
77  -3
53  2
90  3
58  4
57  6
60  -2
77  -4
80  5
77  -2
74  1
63  -1
57  8
79  4
87  5
81  -3
81  -5
61  -7
71  7
74  1
81  -5
98  6
69  -5
74  1
81  -5
106  1
65  1
37  3
121  -6
64  -8
67  -2
67  -1
92  6
96  -4
70  -6
74  0
111  -6
74  0
98  4
91  -6
59  -1
66  2
89  4
74  0
96  -4
66  0
56  2
110  0
59  -3
93  3
71  6
82  7
63  1
62  -1
56  1
82  6
69  -5
67  -1
110  0
78  -1
89  2
61  -7
46  -3
112  0
89  4
97  1
42  3
62  0
54  7
59  -2
88  0
91  -7
89  4
94  8
93  2
55  -2
63  1
60  -4
47  -6
76  2
91  -8
50  -6
56  3
68  -4
64  -8
96  -3
105  4
95  -6
85  -6
77  -4
63  1
78  0
73  0
59  -1
76  3
91  -7
104  -7
76  1
72  -1
45  6
69  -6
96  -4
73  -2
55  -2
58  4
41  4
102  3
111  -6
75  5
85  -7
54  7
81  -4
50  -8
50  -8
59  -3
81  -5
49  -2
47  -5
52  4
85  -7
57  7
78  -2
94  7
69  -7
71  7
31  3
82  7
76  3
140  6
44  0
52  5
55  0
85  -7
68  -5
81  -5
105  4
67  -3
77  -2
49  -3
124  7
82  8
119  1
77  -4
74  -1
56  2
71  7
90  1
78  -1
55  -1
83  4
79  5
26  -1
103  5
130  3
115  4
104  -7
49  -1
79  5
68  -4
58  4
79  3
65  2
74  0
106  2
61  -6
101  3
64  -7
45  5
97  1
87  6
71  8
55  -2
85  -6
51  4
76  1
83  5
60  -2
57  6
49  -1
80  3
96  -2
74  -1
77  -3
56  3
71  6
113  -6
123  -1
90  1
75  6
101  2
54  7
56  2
66  1
62  -2
83  5
119  2
59  -1
74  1
80  4
67  -1
58  4
42  3
105  3
69  -5
36  -4
48  2
65  1
87  7
64  -8
67  -3
69  -6
82  8
58  4
104  -7
55  -2
66  0
48  2
76  2
52  5
84  5
37  3
36  -3
86  5
57  6
93  4
60  -3
103  3
67  -3
107  -4
90  3
98  4
66  1
87  7
72  -2
64  -8
34  5
94  7
69  -7
88  -2
101  3
98  4
44  -2
94  6
75  7
74  1
82  6
54  8
86  7
57  7
70  -4
57  6
50  -8
86  7
73  -1
42  2
97  2
59  -2
67  -1
113  -4
82  8
75  5
61  -8
78  -2
67  -3
131  1
56  1
70  -6
71  7
101  3
80  5
72  -3
123  -1
129  3
87  5
75  6
61  -8
87  6
76  1
94  7
84  4
82  8
66  0
115  5
104  -8
50  -8
86  7
90  1
95  -6
84  5
70  -6
117  6
81  -5
70  -5
105  3
71  6
58  3
74  1
108  1
68  -4
59  -1
109  4
117  5
44  -1
63  0
128  1
61  -7
90  3
83  5
61  -7
69  -5
106  2
59  -3
49  -3
96  -3
65  3
89  3
67  -2
129  3
56  1
51  3
98  6
88  -2
89  4
82  7
75  5
71  6
98  6
93  2
42  3
96  -4
88  -1
114  -2
53  2
75  6
73  0
71  7
66  0
45  4
68  -4
52  4
85  -5
95  -5
77  -3
61  -8
92  5
119  1
94  6
68  -5
74  1
56  1
80  5
97  1
89  3
98  4
83  3
58  3
73  -2
112  1
47  -5
71  7
92  5
72  -2
89  4
99  -5
43  -1
81  -5
53  0
57  8
91  -6
86  6
111  -6
66  0
68  -4
55  -1
71  8
42  2
56  1
61  -8
35  0
35  -1
75  7
118  -3
49  -3
84  5
94  6
82  6
60  -2
58  2
91  -7
59  -1
84  5
94  7
64  -8
77  -4
73  0
67  -2
49  -3
93  3
71  6
70  -6
110  0
83  4
98  5
88  -2
50  -6
94  8
92  5
52  6
118  -2
61  -6
67  -1
103  4
44  -2
85  -7
70  -5
93  4
62  -2
56  2
49  -1
55  0
38  -7
60  -3
83  5
97  1
112  1
85  -7
87  7
67  -2
80  4
82  6
78  0
89  4
97  2
58  3
86  7
80  4
81  -5
81  -3
98  6
80  3
123  0
62  -1
116  6
87  7
58  4
69  -6
45  4
58  4
115  3
66  0
61  -6
96  -3
93  4
115  4
60  -3
69  -7
79  4
59  -2
54  8
63  1
80  5
81  -3
88  -1
80  4
83  5
86  5
115  4
57  6
78  -2
30  -6
51  5
97  2
71  6
105  3
98  6
114  -1
63  0
61  -6
72  -1
57  6
44  0
75  7
45  6
77  -2
105  2
42  2
83  3
113  -5
79  3
114  -2
109  5
83  5
52  6
67  -1
84  5
45  5
80  3
57  7
69  -5
81  -3
114  -2
67  -3
65  3
57  6
62  -1
44  0
101  2
98  4
77  -4
100  8
69  -7
69  -5
85  -7
71  8
85  -6
73  -2
44  -1
103  3
67  -2
101  3
85  -5
80  5
58  3
72  -1
55  -1
75  6
74  -1
66  0
52  5
66  0
46  -3
47  -7
39  -2
69  -6
63  0
51  5
67  -2
95  -4
86  7
48  3
92  6
48  1
65  1
82  7
48  2
60  -4
73  -2
85  -7
101  2
88  0
64  -7
96  -3
48  3
91  -8
56  3
62  -1
75  5
85  -6
89  2
42  1
73  0
72  -2
69  -5
59  -3
85  -6
63  0
44  -1
71  8
75  5
72  -1
77  -4
94  7
96  -4
118  -3
68  -4
80  5
61  -7
89  4
79  4
59  -2
66  1
63  -1
107  -4
68  -6
51  3
112  0
78  0
45  4
75  6
93  3
74  0
67  -3
109  3
74  0
64  -6
63  1
76  2
54  8
117  5
49  -1
68  -4
57  6
93  2
86  5
88  0
73  0
64  -8
116  6
81  -5
68  -6
80  3
61  -6
76  2
113  -4
99  -5
58  4
99  -7
45  5
92  6
67  -3
98  5
70  -5
83  3
129  5
64  -6
102  1
93  3
59  -1
72  -2
83  5
62  -1
107  -3
99  -7
90  2
92  7
91  -6
76  2
123  -1
80  5
55  -1
47  -5
70  -5
72  -1
68  -6
78  -1
67  -2
66  0
48  1
80  3
105  4
68  -5
44  -1
69  -5
67  -2
67  -2
94  6
93  2
82  6
104  -8
60  -2
49  -1
62  0
104  -6
79  3
79  3
61  -7
94  8
40  -2
57  8
104  -7
87  6
86  6
83  3
50  -7
52  5
51  5
60  -2
93  3
69  -6
93  3
119  1
67  -1
70  -5
66  2
72  -3
96  -4
70  -5
76  1
91  -7
93  2
67  -3
115  4
79  5
89  3
48  3
76  2
63  1
121  -7
51  5
100  8
60  -2
88  -1
70  -5
69  -7
93  3
88  -2
60  -3
109  4
112  1
73  -2
64  -8
92  5
96  -4
95  -6
92  5
96  -3
91  -7
58  4
70  -4
80  5
84  4
106  1
54  8
75  7
72  -1
59  -1
67  -2
86  6
67  -3
59  -1
90  3
87  6
86  6
95  -4
48  3
78  -1
59  -2
83  4
83  3
74  0
51  3
47  -6
96  -4
62  -2
77  -3
74  1
70  -6
71  8
72  -1
96  -2
107  -4
96  -2
64  -6
85  -5
84  5
74  -1
77  -2
76  3
79  5
85  -6
118  -2
69  -5
66  1
78  -1
66  1
123  -1
85  -7
64  -7
43  -1
85  -6
91  -8
84  5
92  6
58  4
51  5
64  -8
93  4
72  -3
77  -2
75  7
112  -1
63  1
73  0
86  6
42  3
102  3
