62  0
71  -13
60  7
110  11
91  7
78  -5
75  2
63  1
93  -5
72  -8
89  -7
70  10
72  -8
88  -10
82  -9
81  3
58  3
72  2
90  3
69  -2
80  7
92  3
57  1
72  -4
54  0
80  4
64  2
57  -8
73  5
105  -2
70  0
100  -3
76  -2
99  6
68  -3
88  -2
89  -5
62  -5
99  2
77  8
71  -3
89  -2
119  3
70  7
88  -13
63  6
58  8
118  8
89  -3
56  6
84  -2
56  7
84  1
81  4
65  9
79  1
59  7
91  1
60  4
73  -2
80  7
63  11
133  5
84  -9
70  5
84  -1
90  -8
71  -13
111  -6
79  1
110  12
92  5
104  10
56  5
72  -4
89  4
86  -1
79  8
121  -8
70  8
94  -5
82  -9
55  4
60  -2
76  1
72  -1
60  1
85  3
91  6
92  3
119  5
93  6
58  4
73  5
103  1
60  4
64  -4
90  3
79  10
64  -5
87  0
66  12
82  -10
81  2
79  7
74  0
92  6
72  -4
102  2
76  -1
108  2
60  -2
47  9
106  -2
94  -1
59  6
82  -1
100  -6
69  4
86  -8
71  -5
113  -9
85  2
71  -3
59  1
86  -8
61  3
76  -7
84  -3
62  1
93  -5
76  -10
79  7
65  4
74  5
95  -8
48  8
107  -2
72  -6
90  -1
63  7
69  -4
96  12
61  -1
90  -2
80  4
87  -3
67  4
76  0
55  3
85  -3
84  -6
67  -1
58  6
56  7
71  -7
86  -5
74  -3
84  -8
82  -5
67  -5
89  5
62  -3
63  8
66  7
71  -2
77  10
77  -1
100  -6
73  -4
68  6
83  -4
89  -6
88  -1
83  -3
72  -6
82  -2
84  -6
82  -5
73  0
56  8
70  4
82  -10
117  5
86  -6
80  8
76  -4
63  4
74  7
86  -4
63  13
75  8
76  0
78  7
64  -6
72  -7
76  -1
60  3
80  10
99  1
72  -9
91  8
60  7
73  -6
103  8
83  -7
79  11
64  2
71  -6
46  0
68  3
114  -3
59  3
109  -3
77  9
84  -5
54  -3
81  2
80  5
67  3
72  0
72  -5
109  -7
81  5
81  6
83  -10
79  10
123  -6
80  8
56  2
78  -1
72  -3
88  -12
98  6
108  7
60  -4
72  -5
65  7
111  -8
79  11
98  1
53  4
102  2
72  2
109  -6
80  7
90  -6
73  1
77  10
84  3
66  11
64  1
83  -9
87  -3
74  5
98  2
59  7
101  -4
78  0
80  5
76  1
63  3
92  1
83  -9
89  5
85  5
59  0
75  3
67  3
106  -4
81  -6
80  9
84  -8
75  10
96  4
85  4
56  1
78  5
89  -4
89  -7
66  8
109  -7
92  0
79  0
99  6
37  4
83  -9
81  -5
80  4
82  -3
82  -3
67  6
80  6
76  -6
71  -6
117  3
90  -9
84  -3
111  -4
74  2
64  -5
83  -13
92  0
79  2
106  -2
86  -7
90  -1
77  9
66  13
79  6
93  1
91  7
86  4
100  -5
74  -4
63  13
54  -7
73  -2
60  7
68  5
64  0
73  -5
59  2
70  -2
62  -9
86  3
82  -3
76  -4
104  0
76  -4
47  8
70  -1
84  -9
118  -2
68  1
86  3
91  4
77  7
94  -7
87  -5
69  -6
123  -6
126  -8
74  5
62  -2
83  -5
102  2
63  6
83  -6
71  -8
98  9
98  4
67  -6
88  -10
65  5
69  -2
69  4
95  -3
67  0
78  3
64  2
83  -13
100  -3
57  2
86  3
84  -7
54  -6
82  -1
70  -1
76  -11
68  6
63  11
112  0
85  -1
78  -1
79  11
115  -1
72  -6
80  1
70  5
72  -5
79  10
96  3
72  -6
75  3
108  4
79  0
98  9
77  2
49  -1
80  12
66  9
80  3
67  1
74  -3
64  -6
115  1
95  -4
77  10
67  2
48  9
82  -10
75  9
75  11
103  1
73  -2
81  6
71  -5
74  5
81  1
79  9
82  -3
75  3
55  1
70  6
92  1
72  -6
89  4
73  1
70  7
70  3
50  7
84  -6
86  0
95  3
120  5
106  0
94  -10
66  3
64  0
76  1
92  11
76  0
81  6
72  -5
59  2
56  10
72  -2
64  -3
90  -4
84  -4
83  -13
60  -2
101  1
111  -7
80  1
64  -3
48  2
105  -9
61  0
89  4
84  2
90  -6
69  -5
76  1
109  1
69  -3
81  0
70  8
92  9
55  -5
43  -3
80  8
92  10
54  -8
75  3
61  3
75  -1
56  4
85  -4
79  3
85  -6
79  10
107  -7
65  0
84  2
85  -4
80  11
69  -4
68  7
79  6
72  -7
71  -6
102  1
102  4
87  3
85  -2
93  -2
77  5
86  -2
59  5
114  4
74  1
86  -1
83  -13
81  3
71  -9
88  -10
69  -7
89  -7
102  4
71  -4
68  5
71  -5
72  -5
69  2
79  3
59  2
57  -5
67  3
97  -8
50  7
82  -4
95  -4
118  -1
68  0
54  2
73  6
62  -3
89  -6
79  9
94  -6
53  0
75  9
72  -4
94  -8
69  3
73  -6
77  2
82  -8
92  0
93  1
51  1
112  -8
70  6
61  2
76  -5
62  -7
76  -6
73  1
73  2
81  -3
104  9
91  6
75  3
75  1
69  -3
76  -9
80  12
88  -13
79  11
102  2
117  5
70  4
97  3
104  6
123  -6
86  -4
76  -7
78  -1
73  6
88  -3
125  9
65  3
89  5
62  -8
69  -7
95  3
62  -6
52  11
62  1
98  1
71  -1
65  9
99  8
61  1
99  -3
102  6
70  3
75  5
116  -4
141  6
87  -2
63  10
67  -6
80  11
92  1
94  1
79  0
76  -3
75  6
67  5
63  4
58  7
105  -6
80  2
71  -2
89  5
90  -1
106  3
71  -10
82  -3
68  5
74  2
75  -1
82  -4
67  0
66  2
61  -1
74  1
66  12
53  7
77  -1
81  -1
87  -3
80  11
76  -7
78  -3
75  -1
91  1
75  7
66  4
110  4
69  2
77  3
68  -3
84  -7
67  -2
79  0
101  -2
67  1
117  -3
78  4
69  1
86  -2
58  -2
76  1
118  1
67  4
67  -2
72  -5
65  10
92  9
114  -3
102  9
70  10
98  11
49  -1
69  5
72  -5
66  12
88  -7
81  2
61  2
110  3
86  -6
106  0
89  4
41  -6
101  -1
57  2
75  11
96  6
98  4
76  1
84  -7
82  -7
52  7
93  0
110  6
98  3
82  -10
108  4
63  5
80  12
64  2
77  5
67  -5
82  -8
73  2
77  6
59  6
109  -8
110  9
84  2
76  -11
73  -6
80  4
80  10
118  2
73  2
87  2
73  1
92  0
78  7
72  0
91  5
87  0
47  -2
56  9
76  -3
96  3
87  -2
125  8
78  -4
78  5
89  -6
107  -2
96  3
91  -4
58  5
89  2
123  -6
75  2
73  6
76  -11
94  -3
80  0
89  -7
88  -11
90  -4
95  -7
91  -2
76  -2
81  -4
77  7
94  1
76  -7
85  6
86  2
36  2
97  -4
89  0
68  6
81  0
100  -10
78  5
87  6
96  12
102  10
75  5
79  5
76  1
61  -3
73  -5
67  -3
95  -5
111  -7
90  1
72  -4
69  -3
94  -6
89  -1
82  -8
69  -7
75  4
74  1
88  -6
80  12
81  2
87  7
112  -8
90  -3
69  0
95  -1
85  4
93  -5
119  1
111  1
83  -10
81  -2
95  -8
84  -3
76  -2
68  -3
80  8
69  -2
94  -1
56  1
101  -2
101  -2
75  3
86  -8
82  -6
68  5
75  7
67  -3
75  2
77  2
82  -2
75  4
87  0
95  -1
74  2
59  2
105  -5
106  3
72  0
54  -1
68  -2
64  0
108  4
94  -3
69  1
84  2
105  -11
67  -6
72  -1
94  -5
56  1
85  1
102  9
74  -4
100  -13
73  4
73  3
67  1
64  -3
80  3
94  -2
70  6
76  -6
81  -2
79  10
111  -8
62  -5
77  6
62  0
80  11
81  1
68  4
94  -4
84  -2
56  8
69  4
89  5
74  0
91  7
79  9
90  1
90  2
85  -1
96  6
91  -2
71  -8
71  -8
93  4
91  -2
96  4
80  10
78  7
116  -11
83  -11
68  0
73  -4
114  5
73  0
77  1
67  -6
79  0
103  9
83  -4
97  -1
74  5
39  -4
64  -7
63  12
119  5
72  -6
66  7
104  11
87  5
67  5
99  7
66  10
95  3
82  1
73  6
94  -10
76  -2
70  -2
67  0
93  0
38  3
90  -5
65  8
99  0
65  7
70  0
65  6
70  -1
75  10
99  5
81  -4
71  -2
60  5
61  -1
89  3
56  6
57  2
89  -7
83  -7
81  1
52  4
87  3
72  0
81  -3
87  6
76  -11
83  -12
79  8
78  -2
87  -5
80  11
72  2
97  -4
72  -2
55  -6
80  10
67  5
76  -8
75  1
98  2
61  -2
101  -1
75  0
79  6
97  -4
77  6
105  -8
68  0
122  3
104  3
100  -3
65  12
68  -2
68  8
82  -11
66  1
78  3
81  -6
80  10
75  3
73  2
83  -8
88  -12
87  7
72  -5
68  -2
68  1
68  6
77  -2
97  -6
70  8
91  1
73  2
92  1
116  -10
81  -5
64  3
77  9
65  3
63  4
83  -11
84  2
112  -2
77  3
70  6
77  1
93  1
81  -3
76  -6
76  1
83  -10
92  10
72  -6
77  3
98  1
68  8
72  -7
82  -5
63  11
65  8
83  -11
80  4
73  -5
75  8
66  13
64  -9
70  1
52  11
69  -3
94  1
99  -4
50  -1
83  -4
114  -3
75  6
87  0
84  -9
