4  -1
17  -6
16  -2
16  -2
14  -1
10  1
13  6
12  -1
15  4
9  5
7  4
14  -1
6  6
13  5
13  5
13  4
14  -2
10  2
11  0
13  5
11  2
19  2
8  -7
16  -1
20  0
19  3
12  0
18  6
4  1
21  -2
19  1
5  -7
11  0
19  3
13  5
12  -1
9  6
13  4
11  2
9  4
11  1
19  2
17  -8
8  -7
20  2
13  6
14  -1
17  -7
13  5
12  -1
17  -6
17  -6
14  -1
12  -2
14  -3
13  6
9  4
7  5
10  1
11  0
12  -1
24  1
15  4
14  -3
10  3
19  3
14  -3
6  6
9  4
15  3
12  0
12  0
16  0
14  -1
12  0
19  3
16  0
22  -4
16  0
4  0
13  6
26  1
6  4
14  -3
19  1
14  -3
23  2
11  0
10  1
18  6
15  2
18  6
7  4
14  -3
18  5
21  -1
13  5
18  5
16  -2
18  6
9  6
20  2
14  -3
13  4
15  4
16  -1
24  1
14  -1
18  4
14  -1
17  -7
14  -1
26  1
16  -2
17  -7
19  3
3  1
12  -2
18  4
7  6
11  1
16  0
11  2
12  -2
11  0
11  1
13  4
10  2
17  -8
10  1
15  2
21  0
17  -7
11  2
10  3
17  -6
15  2
17  -7
12  0
14  -2
16  -1
20  0
15  2
13  4
13  5
10  2
10  2
11  0
14  -1
9  5
15  2
17  -7
9  6
19  3
16  -1
13  6
9  5
6  5
9  6
15  4
12  -2
10  2
12  -2
19  1
15  2
14  -2
9  6
14  -2
20  1
9  4
18  6
14  -2
8  -7
7  5
14  -3
16  -1
7  5
17  -7
17  -7
20  0
20  2
11  1
16  -2
10  2
14  -2
9  4
12  0
15  2
17  -8
7  4
10  3
16  -2
10  1
14  -2
13  6
11  0
11  2
12  -2
15  4
6  5
11  1
19  3
7  6
13  4
17  -8
21  -1
10  2
6  6
22  -6
8  -5
18  4
12  -1
29  8
8  -6
7  6
11  1
8  -6
15  3
12  0
18  5
22  -4
10  1
13  5
17  -7
30  -3
16  0
14  -2
12  -2
7  6
15  3
15  3
15  4
7  4
12  0
14  -2
16  -1
15  4
11  1
12  -2
15  4
13  5
10  2
8  -7
7  5
8  -5
13  4
12  -2
13  5
12  0
14  -1
13  4
13  5
15  3
11  2
11  0
14  -1
8  -6
23  1
14  -2
13  6
25  1
17  -7
14  -3
24  2
12  -1
14  -3
12  -1
15  2
10  3
14  -2
14  -2
10  2
13  6
20  2
18  5
18  5
13  5
14  -3
18  4
14  -1
15  3
16  0
9  6
15  4
18  5
10  1
16  -2
13  6
21  -2
11  1
19  1
17  -8
7  4
15  3
18  5
12  -2
19  2
11  0
10  2
16  0
19  3
14  -2
13  6
17  -7
18  4
13  4
14  -3
10  1
16  -2
12  -1
11  1
16  -2
7  4
8  -5
23  3
15  2
10  1
22  -4
15  2
20  2
12  -2
13  4
21  -2
13  5
18  4
15  3
13  6
17  -6
16  -2
10  3
11  2
13  6
10  1
10  1
12  0
18  5
12  -1
16  0
16  -1
16  -2
17  -8
8  -6
18  4
17  -7
21  0
13  4
15  3
17  -8
18  4
12  0
7  6
17  -6
15  3
15  3
14  -3
18  6
20  2
11  0
15  3
11  2
19  3
11  1
12  -1
15  4
10  2
25  3
11  2
9  4
7  4
9  5
9  6
18  6
22  -5
13  6
20  2
15  4
15  4
9  4
22  -4
14  -3
11  0
15  2
14  -3
15  2
18  4
19  1
12  -2
23  2
11  2
17  -8
25  2
12  -1
24  3
15  2
13  5
15  3
8  -5
11  2
13  6
11  0
10  2
10  3
8  -6
16  -1
14  -3
17  -7
10  1
11  2
13  4
20  2
20  2
7  5
13  4
8  -7
15  4
13  4
13  5
10  1
16  -2
20  0
17  -6
14  -2
14  -2
9  5
9  4
10  2
14  -3
13  4
9  5
10  3
15  3
8  -7
18  4
12  -1
10  2
28  8
17  -7
18  5
9  5
14  -3
18  6
14  -2
19  1
10  3
16  0
10  3
10  2
13  6
11  1
18  4
12  -2
17  -8
17  -7
9  6
31  -4
14  -3
14  -2
13  6
20  1
10  3
14  -3
11  0
18  5
11  0
13  4
9  6
13  6
19  1
12  -1
13  4
10  2
10  1
13  5
16  -1
12  0
10  3
18  5
16  -1
12  -1
18  6
11  2
14  -1
16  -2
15  2
16  -2
15  3
13  4
16  -2
10  2
22  -5
23  1
19  1
17  -8
8  -6
24  2
16  -2
9  6
18  4
11  0
15  4
12  -2
17  -7
14  -1
16  -2
11  0
13  4
10  1
11  2
11  0
8  -7
12  -1
10  3
18  5
10  1
16  -1
19  2
12  0
14  -1
15  3
19  3
9  5
12  0
12  0
7  6
17  -8
18  6
27  -3
19  3
15  3
12  0
10  1
13  6
10  1
21  0
21  -1
16  0
15  4
14  -2
12  -2
21  0
17  -7
14  -2
10  2
12  0
16  0
9  4
14  -2
12  0
11  0
14  -2
14  -1
9  6
13  4
12  0
15  2
10  3
13  4
16  -1
10  1
16  -2
22  -4
15  3
8  -7
16  0
10  2
13  5
16  -2
11  2
14  -3
15  3
10  3
11  0
23  2
4  0
16  -1
11  1
12  -2
15  2
9  4
11  2
13  6
13  4
10  3
14  -3
21  -2
11  0
11  1
12  -2
13  5
11  1
11  2
18  6
9  4
12  0
12  0
16  0
15  2
11  2
15  4
15  2
15  2
14  -1
17  -6
12  0
10  2
13  6
20  1
9  6
22  -6
7  5
17  -7
15  3
13  5
16  0
14  -1
10  1
5  -6
12  -2
10  1
14  -2
17  -6
12  -1
9  5
14  -1
14  -1
14  -3
8  -6
11  2
8  -5
12  -2
15  4
21  0
18  4
13  6
16  0
17  -6
17  -6
15  3
14  -3
15  4
25  1
15  4
6  4
16  -1
21  0
11  1
12  -2
13  5
13  5
16  -2
17  -6
25  2
18  5
11  0
16  -2
17  -8
14  -3
8  -6
12  0
16  0
9  4
7  5
11  2
7  4
16  0
12  -1
12  -1
12  -1
9  6
14  -3
14  -3
8  -6
18  5
13  5
18  6
13  4
15  4
16  0
14  -2
17  -8
15  4
14  -2
14  -3
15  2
9  6
11  2
16  -2
9  4
12  -2
9  6
11  0
10  3
11  0
12  0
12  0
16  -1
16  -1
5  -6
10  3
14  -2
10  3
16  -2
13  5
11  1
16  -1
16  0
8  -6
13  5
12  -2
13  6
12  -2
10  1
14  -3
8  -5
11  2
10  1
8  -5
13  6
14  -1
10  1
16  -2
17  -8
14  -3
16  0
12  0
11  2
19  1
7  6
21  -2
16  0
16  -1
16  -2
9  4
12  0
10  3
19  1
9  4
7  5
14  -3
8  -5
17  -6
17  -7
10  2
13  6
9  4
13  4
16  0
16  -2
10  2
22  -4
18  6
14  -1
15  3
18  5
19  2
11  0
16  0
14  -2
9  5
19  2
16  0
14  -3
7  6
13  4
20  2
9  5
13  6
7  4
17  -8
15  3
9  4
9  4
12  0
10  2
7  5
9  6
13  5
17  -6
14  -1
23  2
16  -1
19  1
11  2
10  3
16  -2
16  0
16  -2
14  -3
19  1
9  4
11  1
14  -1
22  -6
7  4
16  0
14  -3
8  -7
14  -2
14  -1
16  0
18  6
16  -2
14  -1
15  3
10  3
15  4
15  3
17  -6
16  -1
10  3
15  4
15  4
10  1
7  5
18  4
21  -2
19  2
11  2
7  5
14  -3
26  3
9  6
11  0
7  5
15  2
14  -2
15  4
16  -2
13  6
15  4
12  -2
19  3
23  2
9  4
12  -2
11  2
17  -7
18  4
15  2
13  4
13  6
18  5
16  -1
18  6
25  3
12  0
8  -5
6  4
10  3
9  5
8  -7
8  -5
15  2
7  5
20  1
13  6
9  5
21  -1
19  3
19  2
7  5
7  4
5  -6
13  4
14  -3
13  4
16  0
12  0
20  0
16  -2
19  3
20  1
19  1
19  3
15  2
13  5
15  3
18  5
13  5
15  3
19  2
16  0
15  2
8  -5
9  4
9  6
18  4
17  -8
10  3
10  2
10  1
18  4
14  -2
24  2
25  1
13  5
16  -2
12  -2
14  -1
9  6
14  -2
12  0
12  -1
16  -1
21  -1
16  -2
8  -7
15  4
16  0
10  2
12  0
13  4
19  1
14  -3
9  5
11  1
15  4
17  -8
22  -5
20  2
15  3
12  -2
13  5
10  3
10  1
18  4
15  3
11  1
14  -2
13  6
20  1
11  2
16  -1
16  -2
18  4
8  -6
16  0
8  -7
13  5
12  -1
16  -1
11  1
17  -8
16  -1
12  -2
13  5
4  -1
12  -1
14  -1
23  1
22  -4
12  -2
9  6
15  2
15  4
13  5
18  6
16  -1
17  -8
11  2
9  4
16  0
6  5
17  -7
9  6
12  -1
13  6
14  -2
12  -2
8  -7
18  6
13  5
3  2
12  -1
12  0
10  3
10  1
20  2
8  -7
10  1
12  0
7  5
15  4
22  -5
18  5
15  3
24  2
12  -2
12  -2
14  -3
24  2
14  -3
13  6
26  1
6  6
14  -1
8  -7
15  2
17  -8
14  -2
