48  -8
82  8
74  11
59  -10
62  0
73  1
60  -1
77  -7
16  -2
88  -4
59  -12
68  -3
78  -2
63  6
67  4
46  2
63  3
58  -4
77  -2
66  2
58  -7
93  2
56  -6
78  -9
54  1
67  -3
66  11
91  -9
81  1
71  -5
46  4
64  1
61  5
54  -1
57  0
31  6
75  2
42  -11
70  3
54  5
49  5
60  -8
53  4
55  5
42  -1
63  9
50  4
81  6
93  0
58  3
60  -5
65  2
87  6
55  7
65  8
67  0
49  10
73  0
66  6
69  0
35  -5
65  -1
54  8
67  0
42  -3
65  -2
55  2
52  12
65  0
70  -2
69  -8
57  -4
61  9
86  -5
60  -4
46  0
55  1
70  -4
80  -5
88  2
63  6
62  -1
43  -4
73  -6
58  3
35  3
64  -2
71  -2
49  6
52  10
73  -8
64  1
52  9
44  5
63  7
91  -6
61  6
81  5
70  4
55  0
66  11
65  -2
79  -5
67  5
67  3
42  -2
78  -7
46  2
75  3
59  -5
62  0
59  -7
75  0
56  -7
57  3
48  -6
64  -8
52  8
55  3
63  11
73  0
63  7
87  10
85  7
64  -7
61  3
74  3
42  -2
59  -9
68  -8
75  1
55  6
62  1
64  0
83  3
48  -5
78  -8
58  2
66  5
77  -7
69  2
65  0
88  -5
49  7
78  -2
84  -1
78  -1
89  1
62  0
60  -8
67  7
66  11
56  1
48  -3
44  1
57  6
49  3
61  1
75  6
44  -3
55  6
52  6
83  7
85  7
76  -1
48  -2
81  1
77  -7
64  1
72  -1
61  6
54  -2
58  2
66  9
84  -2
45  3
57  2
59  -4
67  6
49  4
66  11
69  -1
63  11
49  5
51  -1
75  0
46  -2
66  6
59  -10
48  -10
77  -8
71  -4
64  -1
59  -4
54  -2
59  -8
55  5
70  2
72  3
60  -2
64  -1
94  5
34  -11
81  8
71  -4
84  0
54  6
44  5
71  -5
88  -4
79  -2
66  9
47  3
73  -1
55  6
83  0
80  -7
57  -2
54  6
47  7
70  -3
56  -3
69  -2
82  4
51  0
47  -2
61  1
49  8
64  0
41  5
68  0
71  -2
56  0
58  -5
82  11
63  4
49  3
73  -1
47  4
65  4
58  -7
69  -6
56  -1
54  8
53  6
64  -9
53  -1
50  1
52  3
66  5
46  -1
53  5
56  -1
62  -2
56  0
76  -1
53  9
76  -6
67  6
66  5
65  7
59  -2
65  8
85  4
73  -2
63  8
56  -6
76  -8
62  1
72  -5
61  10
60  -1
60  -3
77  -9
53  1
60  -5
63  1
36  -10
39  -4
86  -1
79  4
53  2
72  3
73  0
45  3
70  2
54  0
70  -4
55  10
56  -7
67  2
41  -2
66  9
68  -5
88  -6
42  -8
72  2
47  0
53  5
59  -7
39  -8
49  8
55  1
63  7
102  4
49  5
68  -7
59  -7
72  3
70  -4
72  -4
66  10
37  -4
68  -10
53  3
66  6
58  0
90  -4
68  -2
69  -8
69  -8
63  6
60  1
87  0
71  3
49  12
86  -2
87  3
51  1
79  -2
57  6
91  -8
78  -10
69  -4
69  0
79  -3
61  7
59  -6
59  -5
69  -4
65  3
60  -8
68  -5
60  -2
68  -5
58  -5
63  6
68  -1
62  0
70  -4
51  -3
74  9
40  -3
78  -5
64  -5
67  7
74  4
47  1
53  -1
45  7
45  7
61  4
58  -3
63  5
70  1
58  -4
76  1
60  -1
70  -5
61  2
51  -1
58  -1
47  3
53  2
79  -6
48  -8
67  -3
78  -3
73  -9
33  -2
69  -5
61  11
69  -1
78  -10
68  -6
51  -3
61  5
59  -6
44  4
47  2
63  7
86  -5
73  0
67  6
52  10
69  1
51  -5
60  -4
56  -3
59  -6
50  -3
55  1
67  6
78  0
82  11
79  1
68  -10
88  1
57  -3
62  0
65  8
73  -4
53  6
77  -5
58  -7
47  4
60  -2
49  3
68  -3
58  -4
93  2
51  -1
83  2
36  -8
63  6
66  7
55  9
43  0
64  -1
80  -8
35  -6
80  1
58  -4
45  10
49  10
55  9
59  -6
42  -7
86  -1
53  4
47  -2
41  -2
69  1
55  10
38  3
71  -5
62  -1
74  7
73  0
58  2
71  4
79  4
45  7
66  5
57  1
51  -2
72  4
59  -11
62  2
68  -7
78  0
40  -4
47  5
71  -5
62  -2
86  -11
51  0
66  12
68  -2
48  -2
58  2
79  -4
69  -6
75  3
63  2
51  4
70  -2
59  -9
74  3
45  6
68  -7
77  -3
33  -1
64  -9
67  0
49  5
54  0
73  -8
61  3
41  -1
62  0
64  -8
65  4
56  -2
48  -6
47  2
66  7
75  7
56  -5
63  1
53  2
80  -7
83  4
79  2
53  1
56  3
57  2
54  -2
52  12
40  3
78  -5
41  5
77  -6
52  2
71  -2
57  -2
68  -10
70  5
69  1
57  2
79  3
64  -3
58  -5
58  -3
68  0
66  10
52  3
55  6
36  -11
56  -3
54  1
85  5
51  2
68  -2
84  -2
57  -4
69  -6
63  7
83  -2
82  4
72  1
50  2
68  -10
63  5
68  -9
48  0
63  7
77  -2
65  3
53  1
53  8
57  -1
76  0
71  3
56  1
96  3
45  4
78  -2
58  -5
44  5
62  -3
79  -6
83  7
64  -8
51  3
42  -1
48  -10
64  -4
56  -1
54  1
49  2
66  7
71  -2
52  11
58  0
56  2
85  5
68  -10
57  2
54  3
54  4
71  3
44  1
62  1
68  -9
79  -5
55  0
59  -12
54  5
55  1
56  3
78  -2
59  -8
73  -7
98  -4
55  3
57  -3
69  -6
58  -3
53  0
91  -2
43  -3
49  11
73  -6
59  -7
45  7
44  0
107  -6
57  0
69  -7
54  6
57  -3
69  -4
69  -4
56  -1
67  6
66  10
80  1
63  2
50  1
59  -11
43  -3
76  -5
72  -1
67  6
55  3
73  -2
71  3
91  -9
73  -6
60  -6
72  -1
60  -6
62  0
83  3
65  -1
61  9
64  -8
60  -9
50  -2
58  -5
64  -9
64  -5
55  1
62  2
39  -1
56  -7
43  -1
51  -2
54  3
67  4
71  -5
59  -9
70  0
52  11
56  1
60  -7
49  11
52  3
55  10
89  10
61  4
63  6
52  9
72  4
68  -6
76  -9
68  -1
80  -7
73  -7
67  -2
59  -8
42  -9
73  -6
65  -2
56  -4
54  3
55  2
43  -8
43  -5
54  2
60  -1
57  4
54  -2
81  5
69  -6
56  -3
95  -3
52  8
45  7
83  -1
65  2
76  -6
67  6
71  -5
91  -10
69  1
49  9
58  2
36  -5
77  -8
92  7
81  6
55  6
62  -5
57  3
52  5
66  7
71  4
57  6
73  -8
65  3
79  4
70  2
57  3
61  2
82  2
70  -4
76  -1
58  -5
97  3
86  -1
56  -3
41  -4
77  -2
61  6
56  2
69  -3
34  -8
97  12
52  9
80  -1
78  -7
45  4
56  -6
62  4
78  -3
57  -4
51  0
62  -3
68  -5
44  3
67  4
58  -4
70  2
42  -2
66  12
85  5
69  -6
51  -6
66  12
60  -9
61  6
68  0
64  0
57  -4
68  -10
61  2
51  2
49  3
69  -5
54  2
57  -4
68  -2
51  -1
60  -1
78  -10
82  5
71  2
95  -10
80  2
77  -10
70  -3
77  -2
21  8
45  10
56  -4
54  -1
73  0
80  -8
95  -10
67  -2
47  -1
73  0
44  1
60  -9
72  -3
57  3
59  -5
75  7
61  5
61  11
45  1
76  -8
53  8
44  5
67  3
57  -1
82  4
46  1
55  1
55  4
61  6
71  -6
74  4
46  4
68  -3
67  5
59  -7
40  -5
84  -6
61  1
58  -3
87  9
71  -2
55  5
72  -1
68  -8
74  5
48  0
65  1
66  4
65  0
79  -3
58  -1
58  -2
82  8
60  -8
65  7
52  9
46  5
33  -3
62  0
46  -2
70  1
73  -9
46  7
74  3
51  -5
51  -2
61  3
60  -7
41  -1
38  3
60  -8
63  9
71  -5
68  -5
66  3
69  -5
48  -4
55  10
65  4
49  9
71  -2
58  -2
65  -1
55  4
53  9
56  0
59  -4
44  0
69  0
69  -5
62  3
82  10
59  -4
61  8
52  11
80  0
51  0
93  0
76  1
46  5
65  3
54  6
50  2
42  -7
45  7
65  -1
60  1
59  -6
85  3
52  5
59  -3
67  2
60  -7
69  -5
40  -5
69  -4
74  4
59  -3
74  7
54  6
76  0
96  0
49  7
61  9
47  2
69  -5
43  -6
54  5
51  -6
71  0
75  3
63  4
88  -6
66  11
67  3
54  -2
34  -6
63  8
59  -10
72  -1
57  6
80  -6
64  -8
65  8
48  -3
59  -7
60  -2
48  -2
66  11
68  -6
54  0
58  -7
70  3
46  -1
77  -8
66  7
58  2
63  2
58  -5
33  1
51  -5
54  4
63  11
64  -3
66  9
55  9
45  0
84  4
75  10
66  6
44  3
37  -7
55  10
60  -5
60  -1
71  -1
63  5
51  -5
74  10
69  -5
50  -1
45  3
65  -2
58  3
74  10
63  7
87  0
56  0
53  2
85  9
33  -6
54  -1
79  -1
74  11
56  -4
67  0
48  -8
57  1
61  9
64  -6
62  1
51  -2
74  10
50  3
68  -9
50  -2
52  9
68  -8
67  6
57  1
48  -9
58  -5
50  -1
66  12
64  -1
56  -2
55  6
45  9
63  3
53  6
52  7
74  10
59  -3
92  8
92  1
66  7
