33  -3
33  -3
28  -11
23  -7
17  2
18  -2
32  -2
19  8
19  3
26  -3
48  4
27  -8
35  3
14  2
25  9
36  -2
12  1
41  -10
34  0
24  -4
12  -5
31  -2
37  0
62  -1
29  2
34  0
13  10
25  0
25  9
16  0
30  6
24  -2
37  1
18  2
37  3
20  -10
22  -5
19  7
28  -9
49  3
38  1
45  -9
26  0
27  -3
21  13
28  -2
22  -3
26  -8
19  2
10  0
23  -6
30  -3
20  -10
26  -7
15  3
34  -2
43  4
33  0
32  2
26  -3
16  -5
26  -9
30  6
23  2
35  6
32  -1
24  -9
24  -3
34  0
21  9
23  -5
34  6
29  2
19  0
29  9
33  -4
28  -4
25  2
38  12
16  -8
33  -12
22  0
29  0
37  10
25  1
21  4
23  -8
26  -7
20  -9
26  -7
24  -4
27  -2
30  9
17  4
36  -11
26  -8
24  -6
38  3
23  -3
24  -9
29  11
37  8
22  -8
17  1
27  -3
26  -2
29  11
19  7
30  0
29  5
33  -10
23  2
17  3
16  -8
18  2
27  -1
42  -5
23  -2
29  11
23  -4
44  5
32  6
23  -9
31  -10
13  2
26  -11
21  8
20  -10
34  4
23  -1
34  7
20  -11
16  -2
25  10
33  -12
43  2
46  -9
25  -1
33  -7
35  4
27  -5
27  -1
26  -11
29  6
22  0
35  10
28  -11
47  -7
17  0
35  1
17  3
31  -12
18  -2
20  -11
46  -11
25  8
32  1
46  -9
27  -4
11  -4
26  0
30  0
21  10
36  -1
25  11
25  5
24  -5
41  -9
27  -1
19  6
25  10
24  -2
27  -6
24  -5
18  -2
29  7
41  -12
16  0
14  -4
31  -1
23  1
29  7
20  -4
28  -1
30  9
32  3
18  5
34  10
32  -2
18  3
31  -9
26  -9
30  -1
16  0
26  -9
21  11
21  2
21  13
19  7
33  -1
20  -9
28  -8
23  -7
23  3
24  -1
24  -2
21  2
36  -6
39  -1
39  1
23  -3
41  -9
39  -6
32  2
45  -5
22  1
30  6
39  2
23  -8
24  -4
37  8
31  -7
21  8
44  5
31  -11
25  3
18  -6
16  -10
24  -1
29  7
29  10
18  6
25  7
32  5
24  -5
21  8
25  2
34  0
23  -8
37  5
38  1
34  3
17  5
15  -3
27  -11
39  -7
28  -5
33  -3
24  1
37  4
17  -4
26  -1
34  3
19  3
27  -3
25  -1
30  4
28  -4
35  8
20  -6
38  6
21  7
13  0
27  -5
30  -1
32  -3
37  11
25  1
34  0
24  -8
23  3
19  7
29  9
30  2
25  -1
22  -5
33  -11
29  6
27  -6
41  -2
33  0
23  -3
27  -6
23  2
25  6
28  -13
37  5
21  8
16  -10
26  -7
35  1
28  -11
34  2
24  -1
22  -9
18  -2
23  -6
49  -2
34  9
36  -9
32  -1
21  9
28  -4
25  0
26  -2
35  1
33  -5
15  5
24  2
29  1
10  -2
24  -3
25  4
28  -2
28  -9
32  -4
27  -10
16  -6
24  -1
41  -8
30  -2
26  -1
17  6
14  -1
23  3
19  10
34  10
20  1
26  -7
22  -7
27  -4
28  -5
26  -7
29  9
29  7
29  5
29  7
42  -10
28  -13
27  -11
42  -4
17  -1
34  2
26  1
37  12
22  -6
27  -7
21  3
42  1
19  5
18  3
18  0
24  0
28  -1
31  -11
23  -5
37  4
27  -2
23  2
21  5
32  6
47  0
27  -8
18  -2
26  -7
43  10
31  -10
42  -8
15  -3
22  -9
38  9
34  0
29  11
25  8
23  -1
23  -3
26  -8
30  5
23  -9
17  5
23  -2
21  11
41  -2
29  8
14  -4
26  0
26  -1
29  3
43  9
12  4
16  -2
21  4
46  -5
26  -3
29  4
21  4
18  2
26  -2
34  1
10  1
28  -4
25  0
34  7
32  -2
27  -6
36  -11
32  6
18  5
38  13
42  -1
31  -4
20  -11
24  -8
28  -2
25  10
30  4
17  0
30  1
29  10
25  -1
30  5
22  -8
21  4
32  -4
30  -2
14  -4
20  1
26  0
37  9
27  -10
42  -5
32  -3
15  -5
22  1
14  8
29  5
24  -3
15  -3
30  3
19  9
25  7
22  -9
25  6
28  -13
19  8
14  4
40  -3
33  -8
24  -10
31  -9
30  8
27  -4
26  -2
33  -11
25  11
33  -9
33  -6
20  -3
50  5
26  -10
42  -3
19  10
20  -11
27  -7
25  4
22  -4
28  -4
39  2
20  -6
24  -6
21  4
26  1
30  7
33  -3
19  10
20  -10
12  -4
23  -4
35  6
39  -8
25  1
24  -4
31  -5
20  -3
36  -13
41  -10
32  1
18  -2
32  -6
18  -5
27  -3
28  -2
39  -4
29  11
21  5
24  -1
24  0
28  -11
33  -8
28  -7
22  0
18  2
21  1
21  9
26  -5
14  -2
37  9
34  7
24  -1
28  -1
41  -8
24  -4
29  11
19  9
35  9
30  -3
24  -7
24  2
33  0
23  -4
25  5
18  -6
11  1
41  -4
33  -3
16  -5
28  -11
28  -12
25  11
22  0
30  -2
28  -13
36  -2
31  -8
16  -3
15  -5
21  11
29  3
38  2
32  2
24  -6
22  -11
32  2
22  -8
46  -13
25  0
40  -9
21  2
22  -11
31  -3
21  13
30  -3
24  -6
25  8
23  -9
25  9
32  6
30  6
23  -9
23  -9
25  10
27  -1
26  -3
31  -7
20  -11
40  -12
33  -5
28  -2
32  -4
38  4
33  -4
23  -2
26  -3
25  4
34  3
27  -11
31  -1
16  -9
19  9
34  3
23  3
15  0
28  -4
35  5
22  -5
26  -4
39  -5
29  7
22  -6
22  -1
25  9
40  -7
11  2
23  -3
44  7
19  -1
49  -1
16  -9
34  10
41  -4
27  -10
34  0
37  4
27  -10
30  5
22  -8
22  -6
19  3
37  3
22  -7
26  0
14  5
18  2
31  -11
19  4
29  3
19  2
25  9
29  5
24  -7
16  -2
23  -4
27  -9
31  -3
33  -1
40  -8
37  10
31  -1
19  11
25  2
37  11
28  -1
41  -2
31  -4
31  -9
25  10
26  1
26  -5
42  -1
25  2
24  -1
46  -9
31  0
24  -8
18  6
25  5
27  0
33  -8
19  7
20  -5
22  -7
29  -1
27  1
26  -7
22  -10
29  10
16  0
27  0
26  -4
40  -3
22  -10
38  4
23  1
26  0
30  9
37  9
31  -3
26  1
23  0
25  4
34  5
25  9
23  -3
37  5
32  5
22  -6
14  -2
41  -6
29  9
31  -4
31  0
37  10
29  5
34  10
31  -1
31  -9
25  8
33  -4
27  -5
43  10
15  4
37  7
18  1
25  11
38  6
11  -2
28  -8
12  -1
33  -5
29  4
23  1
56  -3
31  -3
22  -9
25  5
32  -4
35  13
33  -4
37  11
28  -2
33  -1
22  -4
20  1
17  -3
24  -8
22  -4
31  -5
22  -6
23  -2
28  -7
22  -6
26  -10
37  4
28  -4
26  -11
28  -13
35  2
32  1
32  -2
20  0
37  5
28  -8
18  6
28  -11
31  -12
25  0
18  -4
33  -9
45  -4
26  -1
24  -9
25  5
16  1
27  -5
18  1
18  5
27  0
18  -5
33  -3
35  6
31  -1
43  7
27  -11
29  4
26  1
25  2
18  4
33  -1
29  1
26  -1
19  2
23  -7
25  4
33  -11
26  -5
23  -4
25  7
23  -7
39  -5
24  1
25  5
31  -8
20  -3
26  -8
11  -2
34  6
17  5
25  3
20  -8
25  2
27  -6
37  10
39  -1
21  6
34  6
39  -4
21  3
34  9
15  7
19  8
28  -12
29  5
32  -5
22  -3
38  10
33  -7
24  -7
20  -5
24  -5
17  -4
28  -11
27  -4
32  1
24  -10
18  -4
22  -1
26  -7
18  4
18  -1
29  9
28  -5
32  -4
34  3
27  -9
30  -1
31  -7
39  -1
30  3
22  -7
22  -6
24  2
43  3
23  3
25  2
31  -1
31  -5
44  10
32  1
19  4
32  0
20  -6
25  0
18  0
29  2
36  -6
23  -4
24  -4
29  11
26  1
21  10
21  4
25  7
24  -3
21  9
18  4
18  5
37  4
43  6
26  -9
39  2
31  -4
42  -3
28  -11
27  -3
28  -11
22  -1
22  0
33  -6
18  -3
37  2
27  -7
29  3
19  1
25  3
29  0
30  5
30  4
30  8
32  5
30  0
25  1
32  6
34  9
29  -1
43  12
15  -1
25  7
25  6
29  0
9  -2
35  2
33  -2
24  -3
26  -2
22  -9
25  6
22  0
30  8
32  -1
29  10
26  -11
23  1
11  -9
45  -10
13  9
23  1
16  -5
33  -10
24  -9
21  3
30  6
32  4
17  5
22  -8
29  -1
6  4
26  -7
18  5
23  -2
35  11
33  -8
32  5
22  1
25  7
31  -2
45  2
48  4
25  0
33  -8
56  0
24  -10
35  12
34  0
35  1
33  -10
30  2
17  4
29  4
30  7
44  4
32  3
27  -1
25  -1
24  -1
21  1
29  -1
23  3
29  7
34  -2
27  -6
37  12
26  -8
45  -1
17  -5
30  5
22  -1
28  -3
44  10
27  1
19  9
54  4
32  6
18  4
27  -8
31  0
40  -13
36  -6
26  -2
29  9
19  1
37  10
18  -4
29  7
22  1
15  -4
29  11
37  2
22  -6
22  -9
26  -11
34  4
7  0
28  -8
28  -12
21  6
31  -2
28  -6
22  -8
39  -8
41  -12
22  -4
35  10
29  8
24  -1
32  -5
35  10
22  1
23  2
30  6
21  10
27  -6
27  -11
28  -9
44  -2
22  0
28  -6
32  -2
36  -7
25  8
31  -4
