22  9
18  -7
10  -2
21  1
12  -5
15  -7
13  6
12  -2
15  -8
20  2
25  -5
7  0
17  -1
8  3
11  5
18  -4
18  -8
13  3
16  3
11  7
10  1
15  -3
11  5
12  -7
6  4
16  9
19  -1
17  0
15  -3
14  4
20  3
12  -7
22  10
15  -4
11  6
13  9
15  -3
10  -1
9  -4
11  3
9  -1
15  -8
15  -9
23  0
14  2
14  4
23  -5
12  -8
11  6
13  9
4  -1
16  5
16  4
15  -4
20  0
7  2
22  6
11  2
22  10
11  7
15  -5
11  7
10  -1
17  -1
21  -2
13  5
18  -2
28  0
22  9
5  -8
15  -5
14  7
12  -8
21  2
14  3
13  3
24  -5
15  -6
18  -7
11  3
12  -8
23  -1
12  -2
7  4
17  3
17  -3
11  7
16  4
14  5
16  7
18  -2
16  4
9  -4
17  -3
16  7
22  5
10  -2
10  -4
22  8
6  1
21  -3
16  9
17  2
18  -6
11  3
16  6
10  -3
21  -1
13  5
18  -7
5  -8
12  -2
12  -5
13  7
14  6
14  5
8  0
13  9
17  0
15  -4
16  8
15  -8
13  8
13  9
19  2
22  4
15  -6
20  3
16  4
19  -1
15  -8
16  3
23  -4
9  -7
15  -7
11  2
19  4
15  -3
21  1
19  -1
21  3
11  4
14  5
10  -4
8  0
16  4
6  4
9  -6
20  3
24  -2
20  1
11  7
14  7
10  0
15  -6
13  6
18  -2
18  -8
16  6
25  -5
14  3
11  4
12  -5
17  -3
14  3
17  -2
15  -6
20  2
13  3
28  -3
12  -8
21  0
10  -4
15  -9
17  -2
13  6
10  0
14  1
16  3
12  -8
15  -3
12  -7
16  3
15  -7
18  -8
26  5
9  -1
12  -2
11  6
10  1
9  -3
19  0
13  6
9  -1
15  -9
11  5
27  -5
12  -6
10  -1
13  4
15  -6
31  -3
17  -2
12  -8
14  7
15  -4
9  -2
20  1
13  3
13  7
14  7
7  0
18  -3
2  -7
17  1
10  -2
22  7
21  -3
17  0
20  2
10  -5
19  -1
13  6
27  -8
14  3
18  -6
15  -7
14  4
15  -9
25  -1
7  0
19  -2
10  -2
9  -7
8  4
24  -3
17  3
14  2
20  3
20  1
9  -1
17  2
7  5
18  -8
12  -8
15  -6
20  1
18  -6
17  -3
21  -1
12  -5
10  -5
15  -6
10  1
9  -1
14  3
13  9
16  9
12  -3
10  0
13  6
13  6
15  -3
10  -4
20  -2
18  -3
7  5
11  2
7  1
12  -4
22  6
18  -6
9  -1
13  4
8  -1
9  -4
19  1
19  -2
17  2
7  1
24  -5
17  -2
31  -1
10  1
13  8
5  -3
4  -7
14  1
18  -6
12  -6
22  8
15  -5
13  5
13  4
12  -2
18  -6
21  2
18  -2
13  3
13  4
16  7
18  -5
14  5
26  6
27  -7
9  -3
10  1
10  -2
12  -7
9  -3
20  -1
19  1
14  2
16  8
19  4
24  -4
20  -1
20  -3
11  2
7  0
17  3
5  -5
22  4
10  -1
10  -4
23  0
10  -4
18  -8
17  -2
20  -2
17  -2
12  -2
18  -4
10  0
15  -9
12  -8
16  7
12  -2
10  1
24  -4
20  -2
15  -9
17  3
23  -5
10  -4
17  3
11  4
15  -7
7  1
18  -5
20  1
17  0
13  9
14  7
17  -2
10  -1
16  5
7  3
17  -3
10  0
9  -4
15  -9
18  -6
9  -5
13  7
10  -4
14  1
15  -3
8  5
19  0
14  7
12  -3
11  4
10  0
16  4
8  5
13  4
22  6
17  0
8  0
11  3
14  6
18  -6
9  -6
9  -4
15  -9
10  -1
15  -9
17  1
18  -4
20  -3
8  0
14  7
15  -7
20  3
10  -1
8  3
11  2
23  -1
10  -3
15  -5
14  1
13  6
8  4
8  5
22  10
16  5
16  4
10  0
16  5
12  -8
20  -2
20  2
11  7
17  2
15  -7
10  -2
15  -4
16  3
15  -7
15  -3
10  -2
26  4
16  4
4  -7
21  2
14  7
20  2
11  5
8  0
14  6
18  -8
16  6
14  5
17  -2
12  -5
22  10
9  -6
8  5
12  -6
18  -2
16  8
18  -4
9  -3
13  5
10  -2
17  3
11  4
18  -4
18  -6
8  -1
18  -7
9  -5
9  -5
6  1
13  4
14  4
21  -1
17  -3
10  0
19  1
11  5
25  -1
18  -6
13  4
14  1
13  3
5  -7
12  -6
9  -7
17  1
17  1
17  -3
14  1
13  6
15  -3
15  -3
12  -6
19  -2
13  4
20  2
20  0
11  6
20  0
11  6
10  1
14  6
11  3
13  9
16  9
19  3
10  -5
11  3
3  0
8  5
8  3
14  1
14  4
8  -1
13  5
13  5
8  4
18  -2
12  -8
16  4
16  3
23  -4
9  -2
13  8
17  2
15  -5
13  4
22  4
8  4
15  -7
23  0
16  6
12  -8
11  7
15  -8
14  2
14  6
25  -7
6  -1
24  -6
12  -6
12  -3
17  -3
27  -2
19  2
20  0
15  -5
12  -4
13  4
13  6
16  5
26  6
18  -8
16  7
7  5
21  3
9  -7
16  6
15  -3
19  0
26  3
20  3
13  8
15  -5
20  0
14  2
16  7
6  1
14  6
16  7
6  0
10  0
18  -7
9  -3
20  1
14  1
16  3
9  -4
14  5
11  7
9  -2
15  -6
10  -4
16  5
13  3
11  6
11  3
18  -6
12  -7
10  -3
5  -7
16  3
7  -1
12  -5
15  -5
14  4
25  -1
10  -3
20  -2
4  -1
10  -5
14  5
13  4
24  -1
14  4
12  -3
11  7
9  -7
14  6
10  -5
19  -2
13  4
12  -4
16  3
11  2
11  5
17  2
13  7
28  1
11  5
9  -5
11  1
19  -2
14  7
21  0
8  1
17  1
10  -1
16  8
17  -2
15  -7
8  2
18  -5
15  -3
20  2
23  -1
15  -8
14  1
14  6
12  -5
10  -3
20  -3
15  -7
14  5
9  -6
11  6
11  6
14  7
11  6
13  6
12  -6
11  5
11  7
11  4
14  3
24  -2
17  -3
11  3
15  -5
12  -3
11  4
18  -5
11  7
24  -4
11  4
11  1
15  -9
22  5
13  9
14  5
9  -6
13  5
19  1
15  -6
15  -3
20  0
19  0
13  9
17  1
22  7
15  -6
13  8
11  3
15  -3
13  4
19  2
10  -5
12  -2
18  -3
23  -5
13  3
12  -6
12  -2
12  -2
23  -3
12  -2
15  -3
10  -4
20  1
10  1
14  3
12  -3
17  -2
17  -1
13  5
24  0
14  1
19  3
13  6
17  -3
16  5
23  -4
14  1
17  3
9  -2
21  -1
13  5
11  6
17  3
8  2
13  7
11  7
8  5
21  -2
11  4
14  1
12  -4
4  -3
10  -5
19  3
14  6
16  8
11  7
12  -8
11  2
22  4
6  -1
10  -5
10  -4
15  -8
20  -1
14  4
18  -2
19  4
16  9
10  1
14  6
10  -5
12  -3
19  -1
19  -2
14  1
14  5
16  4
15  -5
22  8
13  3
18  -3
12  -2
14  6
12  -2
15  -8
14  6
13  5
8  3
11  3
14  4
12  -2
14  1
14  7
8  -1
18  -3
11  4
16  6
11  5
21  -1
22  4
19  4
8  1
11  5
19  1
16  5
20  0
14  1
15  -9
19  2
17  2
16  8
13  7
6  1
16  5
13  6
11  3
12  -3
14  3
17  -1
12  -8
10  -2
14  7
8  -1
13  3
20  2
13  4
15  -3
10  -1
16  8
17  -2
14  1
10  -3
15  -4
6  0
13  6
23  -1
15  -7
17  -3
19  -1
20  -2
10  1
15  -5
15  -7
13  5
18  -4
20  0
6  -1
11  7
15  -5
18  -7
22  6
10  0
28  -1
13  4
19  2
24  -3
20  -1
8  5
16  7
22  9
17  0
9  -7
12  -6
14  5
10  -2
15  -4
21  0
17  -2
12  -4
14  3
19  2
6  1
16  6
15  -9
9  -4
19  2
24  -3
14  7
12  -7
14  4
13  3
10  -2
23  -2
18  -7
12  -6
13  3
18  -6
13  6
6  0
13  5
18  -3
13  8
15  -8
14  7
10  -2
14  2
14  7
12  -8
8  0
21  0
11  1
11  3
16  8
22  10
20  3
11  6
20  0
18  -4
16  4
16  7
17  -1
10  -5
14  6
15  -6
12  -4
10  -4
10  -1
18  -4
10  -3
13  7
11  5
14  5
15  -8
6  3
21  0
15  -5
12  -6
20  2
9  -1
5  -4
20  -2
10  0
21  -2
16  9
25  -1
9  -2
18  -6
13  4
7  5
13  4
17  1
18  -7
9  -6
24  0
14  6
15  -7
16  7
20  1
12  -4
14  1
11  4
18  -5
6  0
17  3
12  -2
13  4
17  0
11  3
15  -9
14  3
12  -3
13  8
21  -1
16  4
12  -7
17  -1
12  -8
22  4
13  7
9  -6
14  1
14  2
9  -4
12  -4
9  -4
11  1
16  6
11  2
13  4
10  -1
11  3
14  3
8  3
13  4
15  -4
12  -2
11  4
23  -3
11  4
11  7
11  1
15  -7
11  2
7  1
13  3
19  3
19  1
21  -1
12  -2
21  0
19  -2
21  3
10  0
11  7
12  -6
14  3
14  4
16  4
14  3
17  -2
11  1
11  7
12  -3
8  2
19  3
23  -4
24  -5
14  3
17  -1
23  0
11  3
18  -8
15  -5
19  4
14  5
13  5
11  5
11  5
6  5
20  3
13  5
18  -7
16  3
12  -3
15  -7
17  2
8  2
4  -7
