15  3
10  2
21  -2
17  4
18  -8
32  -1
26  -4
16  -1
21  -1
16  -3
15  3
12  -4
23  -1
22  -1
31  8
21  0
11  3
16  2
12  -4
31  8
14  0
25  -7
19  5
20  -8
21  -1
11  1
12  -4
21  -2
14  4
11  2
15  7
9  -6
28  2
17  1
18  -6
28  -3
16  -2
19  7
19  6
11  1
14  3
18  -8
6  4
10  -4
14  -1
21  -3
20  -5
20  -4
16  -1
16  -3
10  2
24  2
13  2
12  -3
20  -8
20  -9
12  -1
20  -6
11  5
28  3
12  -2
18  -3
20  -10
18  -8
21  -3
17  1
12  -2
19  9
18  -4
18  -7
14  0
31  4
19  9
21  3
18  -5
23  0
13  2
16  -2
33  4
17  6
15  8
23  1
25  -4
16  2
22  -2
18  -8
26  0
24  3
19  4
14  4
20  -6
21  -3
8  -3
16  -4
20  -8
16  -3
13  1
16  1
23  -1
14  3
15  8
25  -6
13  -2
19  4
13  2
22  -5
13  0
13  2
14  -1
20  -9
18  -8
21  3
19  6
10  -3
22  -1
17  5
20  -9
21  -3
24  2
17  0
16  -3
21  1
14  1
19  9
23  -4
19  6
14  2
17  0
19  4
18  -4
16  1
19  5
22  -5
20  -5
12  -4
16  -2
18  -7
21  2
14  3
30  -1
31  4
18  -5
24  2
7  5
13  -2
22  1
10  -3
26  -4
18  -6
22  -5
16  -4
16  -4
19  8
12  -4
21  -1
13  1
13  4
21  1
11  1
21  3
16  -3
13  -1
7  3
18  -4
17  2
10  -3
17  0
8  -3
22  -3
13  2
18  -5
29  -7
15  6
12  -2
15  3
13  4
20  -6
21  -3
9  -6
21  2
17  4
17  2
12  -4
19  5
24  2
25  -9
20  -9
19  10
17  5
19  6
24  0
13  4
20  -10
24  4
9  -4
23  -3
16  -1
20  -10
18  -5
15  8
20  -10
15  7
18  -6
29  -4
22  -1
22  -2
14  -2
15  5
11  2
15  3
24  -2
12  -3
17  0
17  2
20  -5
19  8
9  -4
10  -1
19  5
19  10
15  6
18  -2
19  4
14  -2
18  -6
22  1
16  -3
23  -1
14  -1
23  -2
17  6
17  5
15  4
21  2
17  2
19  7
15  8
15  4
18  -2
22  -4
16  -2
17  4
22  -3
23  1
14  0
18  -8
24  -2
17  4
20  -8
20  -7
8  -3
20  -5
16  2
15  9
11  2
11  1
19  8
17  6
19  9
14  1
8  -5
24  -2
27  0
18  -7
14  3
23  1
17  3
23  -1
12  2
12  -3
23  -2
15  6
7  7
10  1
19  8
17  4
17  3
19  5
15  3
18  -7
25  -6
14  1
26  -3
13  3
11  5
16  -4
24  -2
14  -2
14  2
16  -1
29  -10
19  10
22  -3
13  -1
18  -8
17  2
13  2
19  4
14  -1
14  -1
18  -3
15  8
18  -2
15  6
14  3
11  7
7  2
19  6
23  -4
19  6
18  -6
18  -7
11  3
7  1
16  -1
24  4
10  -3
8  -3
14  -2
9  -4
14  1
7  2
15  3
17  0
22  0
14  2
21  1
30  -2
12  -1
9  -9
17  6
25  -7
22  -4
18  -8
23  -4
9  -6
22  -5
11  1
19  9
14  0
17  3
12  2
19  6
23  -1
18  -7
15  8
14  2
11  6
12  -4
16  2
16  -3
23  -3
8  -2
23  0
25  -7
22  -3
25  -6
15  3
17  0
22  1
14  4
22  -4
23  0
12  -4
22  -5
15  8
15  7
16  1
13  2
26  -2
17  4
21  -2
19  5
34  8
12  -1
28  -2
35  -6
17  2
11  4
20  -7
12  -2
20  -7
23  1
12  -3
14  3
12  -1
19  7
13  1
16  2
18  -7
17  1
18  -7
17  0
15  9
10  -2
14  3
19  8
15  7
16  -3
21  0
18  -8
19  5
31  7
16  -3
24  3
14  4
13  -1
15  3
28  3
21  -1
17  5
23  0
14  2
11  3
22  -1
16  -1
14  2
27  0
17  3
34  6
15  6
15  9
14  -1
19  8
11  6
19  8
26  -1
15  9
15  7
20  -10
15  8
24  -2
24  0
16  2
14  -1
15  3
15  6
20  -8
21  1
13  -1
16  -1
21  3
20  -4
24  -1
8  -3
26  -2
14  4
11  4
17  5
6  9
16  -2
21  0
24  2
24  1
18  -5
10  -1
13  1
22  0
18  -4
21  -1
13  -2
25  -4
13  1
22  1
17  5
13  2
25  -8
25  -5
20  -5
21  -3
18  -4
17  2
15  8
16  -4
20  -6
12  1
20  -5
26  -4
28  -3
11  6
10  0
15  3
12  1
11  5
12  -1
20  -10
19  4
13  3
12  -1
19  4
8  -5
15  3
18  -2
13  2
6  4
21  -3
8  -6
17  4
18  -8
25  -6
17  4
25  -4
8  -7
16  2
22  -3
23  -2
11  1
18  -4
15  9
17  4
25  -9
28  3
16  -2
13  4
22  -3
15  3
20  -10
17  2
16  0
15  4
12  -1
13  -1
22  -5
16  -2
19  7
24  -2
14  3
25  -6
24  3
11  2
21  1
13  -1
19  8
20  -5
12  -2
17  1
17  6
16  -3
12  1
15  4
24  4
15  4
21  -2
18  -5
18  -6
25  -5
19  5
7  4
20  -7
16  1
21  1
20  -6
7  6
18  -8
18  -2
19  7
20  -4
14  -1
25  -8
4  3
17  4
17  3
21  -1
17  1
17  2
16  0
27  3
10  -4
9  -4
28  2
21  1
23  -4
15  3
10  -2
20  -4
19  7
13  -2
17  2
15  6
18  -6
19  6
23  0
22  -3
9  -8
12  -1
11  6
12  0
25  -8
19  4
15  9
26  -3
24  -1
16  0
15  9
20  -4
13  1
7  7
14  1
17  0
10  -2
13  1
12  -2
20  -9
10  2
15  5
15  9
22  1
14  1
23  -1
11  2
28  -3
22  -2
23  -5
18  -6
15  3
18  -4
24  -1
17  5
17  3
17  5
17  3
12  -3
24  -2
13  -1
27  1
18  -5
15  9
14  0
10  2
10  0
17  4
15  8
16  -2
12  0
29  -10
19  5
18  -5
15  9
26  0
26  -1
13  3
20  -5
34  4
23  1
7  5
16  -4
16  -2
14  0
27  5
14  3
19  8
14  -2
20  -9
22  -5
24  1
23  -2
18  -7
14  0
17  3
15  7
16  1
9  -8
15  9
33  6
25  -4
17  0
12  2
20  -5
16  -1
20  -4
24  3
30  3
23  -2
27  0
20  -9
17  3
19  7
25  -5
22  -1
11  7
13  -2
24  -1
21  -1
21  -1
21  -2
19  9
20  -6
12  1
23  -2
15  7
31  3
14  2
16  -4
13  -2
23  1
17  3
18  -2
23  -4
16  -4
14  -1
14  3
23  -4
16  0
28  1
17  3
21  -1
21  3
20  -6
18  -5
20  -7
34  3
7  7
16  -3
11  2
24  4
25  -6
23  -5
14  4
27  2
30  -1
19  8
24  -2
15  4
20  -7
20  -7
16  -1
27  1
24  -2
22  -4
14  -2
20  -6
13  0
12  -3
15  6
21  1
23  -4
19  6
23  -2
25  -8
12  2
17  4
18  -8
14  0
15  7
30  0
7  6
15  5
23  0
16  -4
16  2
7  6
15  3
16  2
18  -8
21  0
15  4
17  4
15  6
19  10
13  -1
14  0
17  5
21  3
13  -1
18  -8
36  -4
14  -1
19  10
15  7
28  0
13  -1
15  9
19  10
16  -4
22  -2
20  -5
21  2
25  -7
18  -2
12  2
28  -2
12  1
16  -3
20  -10
27  4
17  5
16  -3
19  5
25  -3
14  -1
13  2
19  5
13  1
18  -6
11  5
19  7
21  0
21  -3
16  -1
19  10
17  0
16  -2
21  -2
16  -1
15  4
20  -5
25  -5
8  -5
19  9
25  -9
15  7
39  0
16  -2
16  0
12  -3
23  -2
16  -2
8  -6
6  8
21  2
12  2
17  0
13  4
14  1
13  3
15  8
18  -2
23  -2
28  0
15  6
21  0
22  -3
17  0
16  0
21  0
31  9
29  -9
13  3
18  -6
13  -1
13  1
30  -1
21  -3
15  3
17  2
18  -8
10  -2
14  0
14  3
22  -2
12  -1
28  -1
15  8
22  -4
24  2
11  1
16  2
22  -5
38  -5
14  4
29  -8
13  3
17  6
17  0
25  -5
25  -3
10  0
29  -8
22  1
22  -3
12  1
13  1
24  2
20  -6
10  2
17  6
24  0
11  7
19  8
16  -3
19  8
20  -4
22  -1
21  -3
19  5
21  1
11  2
24  -1
26  -2
17  0
24  2
14  -2
16  -2
11  4
20  -4
24  1
18  -5
16  0
14  -2
20  -9
19  6
23  1
23  -3
11  1
19  7
25  -7
16  -4
13  0
28  -2
23  -3
23  -1
14  -2
14  4
13  -1
24  0
7  3
26  -3
17  4
21  0
18  -8
19  6
18  -8
13  -1
9  -3
20  -9
18  -6
16  -3
25  -9
17  0
21  -2
14  4
12  2
23  0
16  -2
14  -2
14  2
16  -3
14  1
10  -4
10  0
17  3
16  -1
12  -1
15  6
21  -2
10  -2
16  1
21  -3
16  1
23  -3
27  3
21  0
18  -2
17  4
18  -8
20  -7
15  5
14  -2
22  -5
18  -2
18  -4
26  -4
26  0
17  2
14  0
17  0
15  7
24  4
16  -3
28  0
14  4
22  -3
15  5
15  7
25  -6
18  -8
17  0
23  1
19  7
21  0
20  -9
16  -4
18  -3
26  -5
17  5
20  -4
21  -3
21  0
23  -3
21  3
25  -8
17  4
14  2
21  3
23  0
17  0
19  6
21  -3
15  4
25  -7
