77  -3
62  -1
82  -4
84  6
73  -4
80  3
77  5
115  0
92  -10
78  -2
62  -12
97  -7
58  -2
96  3
82  1
63  5
110  3
88  -4
97  -1
77  7
75  -9
86  -8
109  4
93  4
56  6
112  3
70  3
77  6
94  6
107  -1
87  -7
78  1
81  -3
72  2
77  6
102  3
95  -8
102  4
81  5
51  0
104  0
74  -2
62  -4
93  9
85  9
64  0
88  -2
82  -3
100  8
65  4
92  -4
71  1
69  6
94  -4
67  8
64  6
74  -1
64  5
110  1
99  3
71  10
53  -2
100  13
66  -3
100  13
66  -9
74  0
109  1
81  -7
72  3
63  4
82  5
95  -11
71  -2
69  -2
97  -1
66  -4
94  3
74  7
98  -7
96  -2
68  4
115  -2
87  -9
73  -7
102  3
93  12
98  0
92  -1
98  -4
58  -4
120  11
79  -3
83  0
95  -1
92  -6
82  -5
88  2
82  0
82  -7
48  0
82  -2
64  6
85  -1
99  8
97  -2
50  1
84  0
61  3
79  -2
80  4
81  -2
101  0
89  6
120  3
93  4
68  2
75  -10
78  6
67  4
88  -3
77  0
103  -3
59  -1
90  11
92  0
77  -2
80  -5
90  4
74  -2
98  -2
65  7
95  -10
71  2
89  11
89  11
72  8
108  -4
77  5
62  -5
82  5
82  5
80  -6
117  2
63  -2
92  0
111  -4
109  0
82  1
70  4
91  -1
105  9
66  -6
67  3
85  9
94  0
95  0
78  -4
77  5
65  6
90  6
87  -2
77  5
66  -5
93  11
85  4
115  -8
63  2
86  -4
88  -8
77  5
91  0
98  2
110  -5
90  2
90  3
82  -4
89  0
60  -1
73  -7
85  6
67  1
54  -12
76  -7
94  1
85  1
122  8
92  -9
87  -13
72  -1
71  7
48  -8
92  -3
86  -4
68  4
77  -2
106  -2
84  5
83  -6
74  1
69  -3
117  -4
77  3
53  5
57  6
68  9
89  10
104  -10
121  -10
99  11
88  2
85  3
84  3
111  -6
77  4
111  2
92  -12
60  2
105  7
91  -2
88  -1
85  6
81  0
81  3
86  -8
87  -11
52  -3
96  -4
43  -6
79  4
69  1
72  -4
78  -3
81  4
101  -6
62  -9
78  -2
62  -8
87  -4
96  -7
80  -7
85  5
76  -3
84  5
71  -2
100  8
101  -6
72  3
133  2
117  3
88  4
91  -1
116  -2
86  0
102  3
107  4
86  2
74  -2
111  -5
94  4
81  1
83  -6
66  -3
82  -3
121  -2
57  8
81  3
92  -1
94  3
60  5
91  0
100  2
94  -1
101  1
88  -2
101  2
110  -2
91  -6
57  6
81  3
90  4
76  -3
76  -7
92  -9
80  4
82  3
96  1
117  0
90  6
76  -7
92  -10
81  -1
88  3
77  4
145  -3
83  -3
99  10
82  4
55  9
96  -3
58  -8
110  1
91  -6
113  2
104  -4
80  2
73  -9
69  0
92  -5
67  9
96  4
134  -11
50  1
79  9
91  4
83  1
116  -1
94  -2
91  -2
92  -4
92  -9
52  3
72  1
102  -4
87  -12
78  4
98  5
71  1
104  -6
56  1
40  -11
81  4
89  0
77  7
92  -7
101  -2
95  -3
52  1
71  6
116  -4
66  -13
95  -6
81  5
105  3
98  -4
87  -8
93  12
105  7
123  -7
61  0
103  -8
48  -5
75  -12
97  -4
80  -1
89  -1
60  -3
65  3
75  -6
67  9
98  -2
87  -4
63  1
88  -4
90  6
81  -5
85  10
82  -1
97  -9
117  6
77  2
82  -6
85  7
81  -5
76  -3
83  -5
100  12
54  -13
73  -2
88  0
55  5
76  -7
79  1
85  3
81  -2
106  2
65  9
86  1
61  0
54  -11
102  -1
91  -8
104  -1
81  5
90  8
75  -2
84  7
93  0
76  -5
67  0
108  -13
86  -1
118  -11
94  2
89  10
91  -3
105  4
98  -2
69  9
89  2
88  -8
89  8
74  9
78  5
83  1
92  -7
83  1
75  -8
83  -1
72  1
75  -9
90  11
131  -2
102  3
83  0
65  12
113  12
79  3
65  4
87  -2
65  9
77  1
122  -2
100  10
87  -8
95  -12
95  0
67  3
61  8
60  4
78  1
76  -4
70  1
79  -3
92  -11
66  -1
84  1
122  10
46  9
104  -11
69  4
66  -6
91  0
88  4
45  6
96  -1
86  -7
89  10
102  -2
67  9
66  -6
82  1
76  -1
79  1
66  -6
76  -6
90  8
103  -3
82  -2
76  1
92  -4
99  -1
114  1
85  9
51  -9
78  3
75  -3
101  1
93  9
64  10
58  -11
60  -7
96  3
111  -6
62  -8
99  7
71  10
74  9
70  2
82  -7
80  -5
86  -8
95  -6
92  -1
92  0
85  7
77  6
98  2
88  -6
73  -4
88  -7
84  -1
82  4
97  0
83  -1
75  -5
108  -11
75  -2
74  2
83  -9
104  -7
76  -4
60  -7
110  -5
78  2
90  3
66  -4
111  4
93  12
82  -2
78  6
121  -6
76  0
79  7
87  -10
90  5
112  4
77  -1
69  1
101  5
70  7
114  9
108  -8
94  0
98  -2
81  0
83  -1
69  5
92  -6
65  2
73  -11
63  0
66  -2
68  10
80  -8
85  -2
76  -7
56  10
54  -3
88  2
82  4
83  -1
76  3
86  -5
71  -1
69  -3
80  -3
73  -2
92  -8
92  -2
102  -3
81  3
70  8
84  -2
115  0
73  -6
101  5
100  4
68  5
89  7
95  -3
83  -2
85  3
66  -12
72  6
83  0
76  0
84  -3
92  0
66  -1
108  -13
82  1
80  -1
115  -5
81  3
99  2
75  -1
60  -3
75  -11
75  -13
93  6
97  -4
100  10
84  4
95  0
81  -5
82  0
90  5
109  -2
73  -3
93  7
81  3
105  1
81  5
76  0
91  -7
80  -4
73  -8
128  -3
74  9
56  0
112  8
86  0
82  -1
89  7
70  8
64  5
71  -2
59  -2
89  -1
144  5
109  -2
103  -11
92  -7
77  5
79  -2
101  -6
111  -6
103  -6
105  12
87  -7
93  12
74  4
89  0
83  -11
68  7
100  5
127  4
86  -4
84  3
87  -1
36  3
99  6
82  -7
94  2
100  5
86  -2
75  -4
86  -3
75  -2
72  7
77  0
98  -1
106  9
109  1
99  6
82  -6
89  5
107  6
64  1
105  12
92  -12
93  3
69  6
78  1
117  2
89  4
70  4
80  -3
84  -2
67  2
102  -2
68  7
102  -1
102  -1
91  -3
104  -2
80  -8
72  0
86  -7
82  4
83  -10
107  0
97  -3
97  0
110  7
80  -6
77  9
60  1
90  1
53  3
116  0
120  -1
76  -3
67  8
80  4
55  3
92  -6
96  -8
106  2
100  3
76  -5
91  -6
70  4
81  -6
68  6
84  3
106  -1
73  -8
88  0
100  6
56  5
128  -7
81  -5
52  -2
74  9
94  5
72  -3
72  3
79  2
49  0
69  2
93  1
124  -10
78  -1
77  2
78  4
74  9
81  -5
101  -7
101  2
77  5
79  6
90  9
82  0
97  -7
56  8
59  -2
82  0
73  -7
109  5
82  -1
99  5
65  5
74  1
95  -10
116  -3
88  -7
87  -1
69  -2
63  -6
75  -7
60  -2
105  9
80  4
65  3
80  1
89  0
69  -1
67  9
82  -3
76  -2
76  -7
83  -7
98  0
70  2
99  5
109  1
111  -6
88  -3
113  1
65  5
84  -4
125  6
93  0
88  2
68  4
100  11
70  6
63  1
89  5
71  5
86  -5
92  -3
87  -3
82  5
89  2
92  -8
121  -6
55  2
89  2
99  1
75  -2
97  -7
75  -1
81  0
122  8
80  3
69  2
60  1
104  -11
80  -2
53  -1
121  -6
68  1
83  -7
72  8
81  -6
69  -2
77  7
95  -5
86  -2
73  -11
100  9
107  7
86  -8
89  4
88  3
86  -2
69  8
89  5
69  7
51  0
62  -3
97  -3
71  -2
85  -2
66  -10
80  3
93  7
65  3
98  -3
74  4
68  5
84  3
75  -9
94  6
79  6
79  5
108  -6
114  5
87  -13
75  -3
94  -2
86  -2
78  4
87  -4
100  5
103  -2
143  -9
108  -7
77  -1
106  -1
107  1
63  -5
79  3
92  -1
99  9
109  -4
92  -11
105  2
101  4
75  -7
70  7
84  -2
104  -1
92  -12
68  4
77  -1
105  8
72  3
77  2
97  -5
79  3
92  -12
63  -3
65  7
67  -1
67  5
83  -6
84  4
80  -1
97  -4
66  -1
61  7
63  1
82  -7
67  -1
106  2
108  -5
90  1
98  -7
92  -5
76  -1
66  -10
103  -11
104  -7
100  3
97  -7
65  2
91  -1
83  -5
69  0
70  6
72  0
78  -4
63  -2
90  4
73  -2
60  -5
115  -2
83  -3
88  -6
99  3
86  1
101  -4
65  8
128  -3
70  6
72  -2
84  7
65  4
79  9
77  4
56  6
86  3
103  -8
95  -3
92  -1
94  4
104  1
89  7
107  -5
78  2
65  11
84  3
101  -4
91  -8
91  -7
91  -4
98  5
69  5
95  -2
110  0
127  -4
95  -8
111  -1
98  -6
78  2
89  7
62  -2
105  11
71  5
73  -2
78  -4
92  -5
78  0
83  -11
63  0
77  5
110  2
75  -13
109  7
95  -9
80  1
95  -10
60  -3
92  -5
116  -8
86  -8
79  9
80  0
80  2
71  4
87  -8
83  -9
68  7
79  -3
100  12
72  2
98  -1
79  3
72  -3
89  0
87  -3
63  1
84  5
61  -2
70  3
83  -3
77  -3
75  -5
79  -2
81  -1
65  0
72  3
64  8
69  -2
110  -1
94  7
