21  -10
13  4
19  0
20  0
22  -9
22  -2
13  4
22  0
20  -2
18  8
23  -3
26  -9
19  -1
17  -8
21  -8
18  1
23  -1
16  6
14  0
34  3
20  -6
28  0
11  1
10  -2
25  0
26  -3
16  1
17  -6
6  -7
17  -2
16  2
22  0
18  7
12  8
25  4
13  9
16  6
22  -9
20  2
22  -3
25  -2
14  -1
16  9
25  3
14  -2
25  -2
21  -1
25  4
13  -1
19  8
20  4
25  8
20  3
19  3
23  0
15  2
19  4
25  2
22  -8
9  7
21  -9
25  5
26  -8
21  -8
21  -10
15  -6
24  5
24  4
15  3
19  6
17  -7
30  -6
15  -9
8  -3
26  -5
11  12
12  9
12  8
16  1
13  8
8  -5
28  -1
14  -4
13  7
16  1
29  5
24  -1
12  8
14  -3
29  -7
9  8
14  1
29  -4
24  4
17  -8
26  -5
19  8
20  5
25  5
11  10
19  6
18  -4
17  -12
14  2
13  -2
22  1
11  2
17  -10
25  5
25  4
21  0
18  -1
14  -1
20  1
14  8
25  1
21  0
16  1
28  6
17  -11
16  13
14  1
16  6
20  -1
15  -9
17  -8
17  -5
16  1
15  -2
20  5
29  4
16  12
17  -5
18  6
19  4
19  1
10  0
15  -1
20  4
17  -3
14  -1
26  -5
22  -8
18  7
8  -9
20  4
14  0
15  -8
16  2
22  -10
26  0
16  12
21  -9
11  3
17  -11
19  -4
13  2
21  -9
18  3
25  -1
19  7
19  7
18  7
21  -6
17  -8
16  3
23  -9
21  -5
19  4
14  0
15  -8
24  -3
30  -6
26  -8
20  -5
20  -6
24  5
29  -6
8  2
17  -11
19  2
24  -3
17  -11
9  4
25  7
16  13
20  5
11  5
18  -1
16  10
20  -2
20  1
18  8
18  -3
15  -1
23  3
23  -8
20  -7
25  4
22  0
24  1
12  6
27  4
26  -3
12  0
13  2
12  6
19  -2
19  -1
28  0
8  0
24  -2
29  -6
18  0
23  -6
14  -1
8  2
23  -4
16  10
28  5
16  13
12  12
21  -9
17  -12
18  -3
29  -2
16  6
17  -10
23  -1
20  -2
15  -9
18  3
11  7
14  -4
23  -7
18  -2
13  3
19  5
17  -8
12  12
21  -4
26  -10
15  2
7  -7
26  -1
15  -8
15  -7
19  8
15  -4
24  5
11  8
16  3
21  -4
14  7
15  -5
18  3
17  -8
19  8
26  -3
25  4
11  4
21  -2
25  2
20  -6
17  -5
20  5
17  -7
11  10
15  -3
20  -1
17  -1
15  -7
15  3
19  1
25  -4
19  -4
31  -7
16  7
17  -6
14  0
19  4
21  -4
20  2
14  3
19  5
21  -11
21  -8
23  -2
21  -8
21  -2
22  -2
9  9
19  7
13  -2
30  -3
18  7
13  3
11  7
20  -2
19  4
17  -7
15  3
19  4
17  -6
19  3
24  -4
12  3
32  1
17  -7
18  1
24  -1
31  0
12  0
13  0
22  -9
10  -5
23  -3
25  3
12  1
18  5
9  8
14  4
16  11
18  3
14  4
26  1
13  6
21  -1
17  -8
19  1
21  -2
18  -1
30  0
16  10
24  4
24  4
17  -12
28  11
12  6
17  -2
27  0
24  5
18  5
23  -9
19  3
22  -9
19  5
21  -9
15  -9
13  7
11  9
22  -9
21  -5
21  -8
12  11
32  5
18  5
18  2
27  7
18  -3
15  -4
15  -2
19  4
14  0
27  1
17  -10
11  5
11  11
8  -7
22  -4
23  -8
20  -5
25  8
12  8
20  2
19  8
33  2
19  -2
16  9
18  5
28  6
15  -1
19  -2
22  2
23  -6
22  -8
23  -2
22  -2
23  -7
27  6
20  2
10  3
27  0
22  -3
33  5
13  -2
21  -10
19  2
24  -3
7  -12
17  -2
26  -8
24  -6
21  -7
16  9
8  -5
26  -6
20  -6
20  2
13  6
17  -3
21  -11
13  4
28  6
28  9
28  10
29  -7
12  12
25  -1
22  -10
11  11
10  -7
12  9
13  -3
17  -9
24  1
17  -4
20  2
17  -13
8  -10
25  6
18  3
15  0
16  13
17  -13
16  7
21  -2
11  8
15  -3
26  -2
25  7
25  8
20  -5
22  -4
15  2
21  -11
22  -1
19  7
25  5
14  2
16  11
10  3
23  1
17  -12
11  4
20  1
8  -8
26  -4
22  -5
14  -2
26  -10
20  -5
20  0
20  5
16  10
21  -6
17  -10
23  -6
12  2
15  -7
8  -9
6  -1
23  3
16  5
17  -4
10  2
9  8
17  -4
16  12
10  -5
16  6
18  6
12  9
23  -2
22  -7
14  -3
11  7
30  4
19  2
11  3
25  6
14  3
27  -1
20  -2
12  7
18  -2
18  4
17  -3
24  3
15  -7
7  -5
18  1
23  -8
22  -9
9  9
16  11
15  -8
24  6
23  -4
24  4
13  3
24  0
8  -10
9  6
17  -6
16  4
15  1
25  3
20  0
16  7
19  8
18  4
19  -2
24  4
25  3
21  -1
18  3
24  -1
18  5
20  -4
16  6
21  -7
18  2
19  -2
17  -8
28  6
31  -2
18  7
19  -1
32  4
16  1
16  6
13  6
17  -4
15  -5
25  5
16  2
13  -3
19  0
9  5
17  -1
19  7
21  -7
24  5
19  -3
20  5
22  -1
9  1
19  -3
13  4
9  4
16  10
21  -2
21  -9
19  -1
33  9
21  -9
27  -2
13  -2
8  0
13  7
14  4
13  8
13  -3
26  -4
15  -2
18  -4
29  2
25  -2
24  -2
33  6
31  -6
9  2
23  -9
21  -12
15  -9
12  4
25  4
17  -11
24  1
15  -8
27  3
13  5
26  -4
34  6
14  -3
19  4
29  -4
25  -4
15  -6
19  2
15  2
16  3
14  -1
15  -8
16  1
20  0
13  2
23  2
15  -1
16  1
25  2
17  -10
29  -5
29  5
28  3
16  3
18  0
22  -9
17  -8
21  -2
30  3
27  -4
22  -7
23  -2
14  1
22  -7
25  -3
18  1
23  2
13  6
24  -3
26  0
13  -3
25  -4
17  -7
24  5
26  1
23  3
28  11
18  3
13  6
19  8
19  6
18  0
22  -10
20  2
14  -4
22  -9
23  -8
14  6
18  -2
23  3
9  -2
17  -1
25  7
17  -11
16  9
14  5
13  5
16  11
23  -3
16  1
24  1
19  5
27  -3
11  2
22  -1
21  -12
17  -9
21  -9
24  1
14  2
11  4
19  5
23  -8
33  4
20  -1
19  -2
24  -4
25  -3
21  -7
20  -6
22  -3
35  11
18  7
13  -1
12  6
30  5
12  7
18  7
26  -6
21  -12
10  -6
17  -8
29  4
25  5
26  -2
18  0
14  3
11  5
16  3
14  -3
17  -12
13  0
22  -6
17  -5
19  6
17  -6
21  -2
22  -4
12  3
18  2
19  -1
22  1
15  -6
21  -4
23  2
23  -5
25  5
20  3
21  -2
27  7
27  2
13  3
21  0
11  8
18  3
23  0
20  5
17  -10
6  -1
14  6
20  0
9  9
19  -2
10  -7
20  -4
22  -1
21  -5
21  -2
11  1
23  -1
14  5
13  -1
24  -6
19  8
23  3
13  -3
19  -2
10  -1
14  1
24  3
15  -3
11  7
13  5
20  1
18  -4
18  2
22  -4
14  -1
23  1
24  -1
19  -2
26  -4
20  0
19  5
24  -3
16  5
18  6
23  -6
18  0
11  12
19  0
22  -10
22  -5
16  7
12  5
11  4
12  3
19  -4
15  -1
10  2
12  1
26  -1
15  3
20  -5
17  -12
18  4
22  -5
35  10
16  4
20  -3
13  -1
14  -2
22  1
16  11
28  10
18  7
17  -5
13  2
17  -4
16  7
12  10
12  8
41  -3
17  -3
14  0
26  -8
22  -9
11  7
13  4
24  6
22  -5
13  0
21  -7
14  2
19  0
15  -6
24  0
25  -2
14  8
17  -4
20  -6
18  5
17  -6
28  4
14  7
38  9
20  0
16  11
13  5
14  5
13  5
30  6
23  -6
17  -1
20  -6
29  -1
22  -10
28  5
23  3
14  8
23  -3
17  -4
16  8
29  -7
18  -4
23  -9
31  0
17  -5
19  0
20  -4
21  -11
12  11
23  -1
16  2
25  8
15  -2
17  -2
15  -9
25  0
20  -2
20  1
13  9
20  -5
13  0
13  2
20  4
16  5
22  -8
21  -3
14  5
14  -4
17  -6
25  2
12  9
18  4
22  -10
23  -6
22  -10
17  -13
15  0
15  -5
26  1
18  -4
13  8
19  2
19  6
12  8
12  5
15  2
18  1
14  6
19  -1
11  10
10  4
19  6
19  5
19  3
21  -7
7  -10
23  -8
25  7
25  -2
23  -5
15  3
24  5
18  3
21  -5
16  13
20  1
23  -3
17  -3
18  0
17  -3
18  -2
13  0
27  -4
17  -7
13  6
16  7
20  -7
12  5
22  -4
21  -5
21  -2
18  8
19  3
16  9
19  8
28  6
25  -1
14  -3
10  -4
20  2
14  -3
22  -3
17  -11
23  -6
26  -9
10  -2
6  -9
18  8
22  -2
28  10
18  3
17  -4
21  -8
15  -3
14  5
20  0
12  2
14  -3
21  -1
14  -4
14  4
23  -3
17  -11
20  5
18  5
13  1
15  -8
20  0
23  -4
22  1
14  -1
6  -9
16  5
22  -6
23  2
19  4
14  4
19  8
23  -6
19  0
21  -3
24  2
18  -4
9  2
17  -1
18  -1
12  1
23  3
19  7
24  4
22  -10
16  11
22  -4
20  -6
8  2
18  0
19  5
11  5
13  7
25  -4
13  1
14  2
13  0
15  -8
