169  0
134  2
154  1
119  1
127  4
160  4
137  -2
149  7
130  1
233  0
164  -1
159  2
223  5
180  -3
184  2
171  -6
138  7
102  1
161  0
114  -5
130  3
180  -2
134  2
92  -5
193  -3
203  -2
100  -2
147  4
165  -2
170  6
154  -1
217  5
162  -4
137  -2
131  3
193  -3
271  -5
223  6
123  0
175  4
178  1
204  3
144  5
153  -7
127  5
141  8
145  -7
239  1
133  -7
171  -6
92  -7
181  -2
106  -5
129  8
180  -3
144  5
176  0
117  -3
123  0
247  -4
158  1
233  1
156  5
176  -2
90  -6
94  -2
142  -1
101  -3
151  -6
171  -8
185  -3
177  -1
157  -6
179  0
133  -6
196  -4
156  4
161  0
179  0
133  -5
121  -7
156  4
131  1
167  3
132  2
143  2
147  4
115  1
194  8
176  -2
169  2
227  0
169  2
111  7
120  -2
175  2
141  8
160  4
166  -3
96  0
136  -5
156  4
140  -5
142  -2
184  2
115  -1
147  5
200  -5
224  3
178  1
168  -6
146  0
201  -6
151  -6
162  -6
161  -1
130  1
183  -6
150  -5
156  3
144  5
98  -5
170  7
135  -4
114  -5
107  -5
119  2
200  -7
179  -1
125  1
144  4
158  2
177  0
169  2
119  2
99  3
119  3
183  -4
221  3
169  1
180  -3
163  -5
176  0
126  -2
171  -7
189  1
183  -6
134  2
138  7
160  3
135  -2
147  4
193  -1
164  -3
181  -4
155  -6
137  -2
103  -2
171  -6
187  4
178  -1
132  4
167  5
137  -4
238  -5
169  1
195  1
140  -5
140  -3
168  -7
109  -5
149  7
178  0
126  -3
182  -2
207  6
143  3
161  1
199  2
117  -2
131  2
232  7
199  3
144  4
174  0
144  4
164  -2
161  -1
194  6
175  4
183  -4
147  6
192  2
118  -6
137  -3
190  4
150  -4
164  -2
152  4
169  0
197  -6
214  4
184  3
215  3
176  -2
183  -6
139  -2
125  1
160  3
164  -3
159  1
161  0
104  -1
209  5
152  4
168  -5
129  8
166  -3
175  3
106  -4
159  2
151  -7
139  -2
220  0
161  0
197  -6
175  4
168  -7
163  -6
206  2
128  -3
146  0
208  -8
166  -3
258  -4
195  2
148  -2
126  -4
168  -7
221  3
174  -1
211  0
134  2
142  0
187  4
178  1
164  -3
153  -8
119  3
198  5
170  6
201  -8
133  -5
153  -6
147  5
161  1
172  3
178  -1
217  6
113  -6
137  -4
191  -4
142  -2
123  -1
174  -1
146  2
205  2
119  2
152  5
210  -5
145  -5
222  -8
170  7
188  -7
194  7
165  -4
153  -7
117  -2
204  4
167  4
188  -8
201  -7
150  -6
169  1
156  5
166  -3
135  -2
176  -2
117  -3
159  1
134  0
172  4
220  0
135  -3
169  1
151  -7
196  -4
114  -5
105  -2
189  -1
155  -8
149  8
220  1
113  -7
150  -6
195  3
145  -6
118  -5
153  -6
168  -7
156  3
159  1
127  6
161  0
140  -4
171  -8
119  3
157  -6
129  7
101  -3
147  5
157  -5
142  -2
130  2
114  -5
129  7
258  -5
160  4
112  5
168  -6
177  1
121  -6
143  1
141  7
150  -4
235  2
137  -4
149  6
148  -2
144  5
155  -7
186  8
135  -2
132  4
149  7
116  4
140  -3
135  -3
99  2
160  2
195  1
161  1
110  -2
190  4
82  5
150  -4
156  3
147  6
161  0
117  -3
145  -6
171  -7
117  -2
152  5
207  8
161  -1
162  -4
247  -5
177  0
120  -2
170  6
122  6
149  7
118  -5
166  -4
166  -2
222  -6
202  3
117  -3
178  0
167  3
219  6
174  -1
182  -3
160  2
167  3
151  -5
116  4
206  1
133  -6
150  -6
146  2
138  7
139  -4
220  -1
136  -3
156  3
138  8
133  -6
162  -6
134  0
93  -3
118  -6
89  5
149  8
114  -6
141  8
116  4
202  2
152  3
155  -6
106  -5
193  -1
177  -1
185  -2
184  2
179  1
176  -1
166  -2
154  0
152  5
98  -4
132  2
212  1
142  -1
180  -4
137  -4
125  1
173  -4
155  -7
142  -1
184  3
188  -7
208  -8
144  5
175  2
173  -5
184  3
151  -7
141  8
94  -3
150  -4
206  0
132  4
90  -8
148  0
185  -3
122  5
135  -3
224  3
207  8
173  -5
141  7
181  -4
141  6
213  -1
154  1
113  -7
165  -2
172  4
139  -4
188  -8
127  5
152  4
119  3
170  7
143  3
134  0
198  6
180  -2
110  -3
167  3
208  -6
126  -4
124  0
145  -7
200  -6
121  -6
194  6
123  -2
89  5
160  2
153  -7
144  4
138  6
142  -2
140  -4
170  8
157  -4
212  1
201  -6
156  3
240  3
107  -3
195  3
152  5
113  -5
195  2
167  4
142  0
177  0
219  8
131  1
136  -3
158  1
145  -5
122  4
129  6
168  -6
212  0
113  -7
147  5
163  -4
172  3
188  -6
120  -2
153  -7
177  1
127  5
137  -3
127  5
190  3
240  5
144  6
111  6
165  -3
263  -6
159  1
136  -3
153  -6
165  -4
179  0
164  -2
147  6
147  5
136  -3
206  1
156  5
142  0
135  -2
178  0
162  -6
150  -4
113  -6
233  2
136  -5
177  1
157  -6
167  4
136  -4
189  1
194  7
148  -2
227  -1
173  -6
166  -2
144  5
159  2
157  -6
143  3
169  0
189  0
102  1
171  -8
125  -1
165  -2
92  -7
183  -6
136  -5
138  8
177  0
136  -3
201  -8
233  0
251  -1
212  2
187  4
212  0
132  3
194  6
116  3
147  4
169  2
126  -4
124  -1
138  6
160  2
132  2
148  0
208  -7
197  -6
96  0
178  -1
197  -5
139  -2
189  -1
154  -1
149  8
197  -4
110  -2
223  6
155  -7
158  1
167  5
168  -7
109  -3
206  0
148  -2
140  -5
165  -2
175  4
173  -4
154  1
155  -7
188  -7
233  2
180  -4
181  -3
141  7
150  -6
183  -6
181  -3
178  -1
138  8
155  -6
224  3
140  -4
128  -1
143  1
138  8
119  1
148  -1
192  1
118  -5
180  -4
190  2
227  0
147  4
167  4
164  -2
137  -3
158  2
176  -1
120  -2
135  -3
196  -5
178  0
173  -4
173  -5
187  3
161  -1
128  -2
170  7
165  -3
160  2
148  -1
235  2
162  -4
129  6
220  0
195  1
123  0
129  7
131  1
205  3
179  0
219  7
151  -7
179  1
117  -3
180  -4
171  -8
195  3
135  -3
146  0
160  3
209  3
165  -2
179  0
105  -4
197  -6
138  6
162  -5
196  -6
138  6
172  2
163  -6
131  1
137  -2
191  -3
162  -5
113  -6
126  -2
128  -3
192  1
168  -7
179  -1
178  1
168  -6
183  -5
184  2
182  -2
181  -3
152  4
166  -2
145  -5
168  -7
90  -8
160  2
127  6
181  -2
160  3
121  -8
188  -7
176  -1
148  -2
191  -4
174  0
148  -2
123  -2
183  -6
159  0
194  6
132  3
185  -3
163  -5
155  -7
172  2
223  5
181  -2
152  3
128  -1
197  -5
197  -5
138  8
169  2
156  3
163  -5
184  3
154  1
139  -4
170  6
144  6
146  2
93  -4
156  5
130  3
185  -4
166  -4
139  -3
148  -2
187  2
152  4
137  -2
200  -5
137  -3
143  1
155  -8
189  0
113  -5
159  2
98  -5
150  -5
224  3
121  -8
118  -6
162  -5
161  1
208  -8
155  -8
177  0
147  5
196  -6
138  8
138  6
184  2
184  4
121  -7
178  1
162  -4
178  0
197  -6
163  -5
146  1
95  1
150  -4
117  -3
140  -5
168  -5
139  -4
156  5
92  -6
123  -1
200  -6
145  -5
127  5
132  3
183  -6
171  -6
114  -6
123  0
139  -3
158  3
139  -4
127  5
160  4
162  -5
161  1
158  3
148  0
188  -6
195  3
149  6
159  0
170  6
155  -8
171  -8
148  -1
179  -1
190  4
138  6
187  4
115  -1
174  -1
170  8
181  -2
124  -1
202  3
121  -6
133  -7
167  3
154  -1
123  0
102  3
155  -6
132  2
162  -5
170  6
115  0
132  4
99  1
144  5
151  -6
205  3
235  1
150  -4
147  6
154  1
179  -1
138  6
129  7
178  0
155  -7
134  2
141  6
146  1
133  -7
144  5
127  5
187  4
134  1
156  3
113  -6
186  8
147  6
143  1
165  -4
135  -2
121  -6
159  1
133  -7
162  -5
203  -2
134  2
143  1
94  -1
178  -1
166  -4
175  2
205  3
146  1
182  -1
233  1
216  4
205  4
175  3
219  7
127  4
173  -4
117  -4
139  -4
129  8
176  -1
151  -6
129  7
139  -4
190  3
140  -3
131  3
184  3
204  4
192  2
162  -6
164  -3
212  2
166  -2
166  -4
119  1
186  7
173  -6
188  -8
231  -3
179  1
136  -5
103  -1
176  0
132  3
198  5
98  -5
155  -8
120  0
127  6
169  1
163  -6
163  -4
139  -4
126  -4
130  2
183  -4
119  1
169  0
155  -7
137  -3
210  -5
226  -4
178  1
132  4
135  -3
178  0
261  6
156  3
195  3
187  3
179  0
127  6
135  -3
166  -3
140  -3
129  8
193  -1
177  0
118  -5
92  -6
96  1
232  6
230  -3
112  5
239  3
159  2
142  -1
170  8
131  3
128  -3
174  -1
110  -1
118  -4
148  -2
104  -3
182  -1
134  1
154  1
178  -1
203  -2
153  -7
189  -1
151  -6
89  5
114  -6
109  -5
164  -2
143  3
156  4
133  -7
173  -6
125  1
135  -4
153  -7
131  2
140  -5
181  -3
183  -6
207  7
126  -4
103  -1
134  2
132  3
134  2
197  -4
156  5
134  0
