22  0
30  4
29  6
28  6
25  -3
19  -5
24  -5
32  5
26  -6
20  5
18  1
23  7
27  0
16  0
29  5
29  7
16  -1
26  -4
19  -7
15  7
21  -8
24  -4
24  -6
45  -3
30  5
14  -7
19  -6
38  -2
25  -2
15  6
25  -1
23  7
23  7
26  -4
28  8
27  1
25  -3
28  8
21  -7
23  5
36  6
31  -6
23  7
20  4
31  -6
25  -1
12  3
24  -5
23  7
15  6
16  0
20  5
13  -4
23  7
22  -1
33  -2
23  6
22  0
26  -5
12  1
22  1
32  7
24  -4
23  5
30  4
15  6
16  0
9  1
18  -1
17  -7
27  1
27  1
20  5
27  -1
24  -5
38  -2
18  0
18  1
31  -5
32  6
23  6
17  -8
16  0
12  1
21  -6
17  -6
20  5
19  -7
18  -1
31  -6
28  6
28  6
15  5
10  7
29  7
14  -8
24  -6
18  -1
21  -8
20  5
27  -1
20  6
21  -8
29  6
22  -1
23  5
24  -4
26  -4
25  -3
21  -6
25  -3
16  0
20  5
16  -1
35  1
21  -7
22  -1
22  0
31  -7
27  1
16  -1
28  7
28  8
19  -7
32  6
25  -2
29  6
30  5
19  -6
26  -5
25  -1
28  8
23  7
24  -5
32  5
25  -2
21  -6
30  4
14  -8
26  -4
18  0
24  -6
26  -5
25  -1
15  5
36  7
24  -6
14  -6
29  7
21  -6
28  6
21  -8
20  5
35  0
34  5
22  -1
18  0
21  -6
20  6
26  -6
21  -7
19  -7
21  -6
19  -7
31  -7
30  5
18  1
17  -6
21  -8
26  -5
30  4
18  0
22  1
18  -1
46  -1
19  -7
21  -8
29  5
21  -7
25  -1
27  0
17  -8
24  -5
22  1
22  0
26  -5
23  6
25  -2
28  8
23  6
39  0
23  7
21  -8
35  -1
28  6
9  1
32  5
45  -3
25  -2
22  1
17  -7
31  -5
33  -3
27  1
17  -6
33  -3
21  -7
23  5
23  6
24  -5
27  1
25  -2
30  5
21  -7
22  -1
16  -1
26  -5
18  0
22  1
23  7
14  -6
22  1
29  7
30  6
24  -6
27  -1
23  5
30  4
24  -6
18  -1
34  6
29  7
26  -4
27  -1
23  5
28  8
31  -6
18  1
28  6
26  -5
27  0
25  -1
18  -1
30  4
23  6
28  8
26  -5
17  -8
16  -2
25  -2
27  0
33  -4
24  -5
22  1
24  -4
15  6
25  -1
21  -7
25  -3
23  6
18  -1
22  1
28  7
43  6
27  0
31  -6
36  8
27  0
30  4
27  0
30  4
17  -6
26  -5
36  8
28  6
32  5
22  -1
16  -1
20  6
27  0
23  6
23  7
23  5
27  1
27  -1
19  -6
15  6
32  6
12  2
37  -4
22  0
12  3
24  -4
25  -2
35  0
24  -6
22  1
33  -3
33  -2
37  -3
17  -8
11  2
36  6
30  4
35  0
36  7
18  1
26  -5
17  -7
23  7
25  -2
27  -1
26  -4
19  -5
33  -2
22  0
35  0
25  -3
32  7
27  0
19  -6
21  -8
21  -7
26  -6
23  5
33  -4
23  7
24  -6
20  5
24  -4
27  0
35  1
33  -2
27  0
17  -8
30  4
28  6
28  7
21  -8
33  -3
44  4
18  -1
17  -6
38  -2
27  1
20  5
26  -4
31  -5
11  1
22  0
22  0
18  -1
35  1
31  -7
25  -3
23  7
28  7
20  4
27  -1
21  -7
18  1
24  -6
18  0
13  -4
31  -5
25  -2
22  -1
20  5
25  -3
23  7
28  6
35  0
22  1
18  1
27  -1
19  -6
14  -6
17  -8
31  -7
29  5
23  5
29  5
37  -3
23  6
21  -8
29  6
42  -2
28  7
19  -6
18  0
32  6
24  -4
31  -5
18  1
28  7
34  4
33  -2
25  -2
29  5
19  -7
18  1
16  -2
18  -1
21  -8
33  -3
28  6
29  5
21  -6
22  0
29  6
28  8
18  -1
37  -2
22  1
25  -1
20  6
14  -8
19  -5
27  -1
32  5
24  -6
30  5
22  0
21  -8
21  -8
23  7
34  5
22  0
23  5
19  -5
24  -6
27  -1
25  -3
27  0
17  -8
19  -7
21  -6
31  -7
28  8
16  -1
29  7
33  -3
31  -7
16  -1
23  7
20  6
26  -6
34  6
33  -4
12  3
34  4
25  -1
37  -4
28  7
36  6
10  5
36  8
25  -3
31  -7
19  -7
31  -7
28  6
22  0
18  1
27  -1
24  -4
32  7
27  1
26  -4
18  0
30  4
30  4
23  5
26  -6
23  7
22  -1
38  0
44  4
18  0
26  -6
27  1
20  5
23  6
31  -6
23  6
26  -6
18  1
44  3
18  0
15  6
26  -4
28  8
31  -7
21  -8
36  7
20  6
25  -2
28  7
23  7
23  6
22  1
31  -6
18  -1
18  0
22  -1
28  8
35  1
21  -8
13  -5
16  -2
31  -7
27  0
18  -1
17  -7
18  0
34  4
26  -4
17  -7
30  5
34  4
35  -1
38  -2
16  -1
21  -6
29  6
25  -1
37  -4
28  6
18  0
27  -1
26  -6
32  5
28  8
15  6
15  6
29  6
27  0
19  -5
27  -1
28  8
25  -2
9  0
25  -1
16  -2
24  -6
25  -2
24  -4
27  1
22  1
26  -6
19  -5
24  -6
20  4
34  4
32  5
18  0
26  -4
30  5
25  -3
27  -1
20  5
20  5
26  -5
26  -5
18  0
22  1
19  -5
24  -6
29  5
28  6
26  -6
26  -4
31  -7
23  5
30  6
33  -4
31  -6
26  -6
18  -1
20  4
26  -6
34  6
16  -2
19  -5
28  6
19  -6
29  7
28  6
20  6
16  -1
19  -7
29  6
32  5
27  -1
37  -3
19  -7
18  -1
28  7
25  -2
23  7
25  -2
35  -1
19  -6
32  5
21  -7
32  5
23  5
32  5
22  -1
27  -1
27  0
27  0
22  1
25  -2
10  6
10  5
12  2
26  -6
30  4
34  6
26  -6
36  6
19  -5
10  6
23  5
16  -1
30  6
12  3
25  -3
38  -1
26  -4
24  -6
12  3
23  5
32  5
29  7
24  -4
19  -6
15  6
33  -3
22  -1
28  6
29  6
23  6
27  1
28  7
30  4
18  1
16  -2
43  7
22  -1
27  0
20  6
29  7
23  5
37  -2
17  -7
15  7
29  5
29  7
22  -1
17  -6
22  1
17  -6
21  -8
16  -1
23  6
22  0
23  7
25  -1
18  0
24  -6
30  5
29  5
22  0
14  -7
25  -2
20  4
17  -8
20  4
22  1
17  -6
26  -4
31  -7
25  -2
19  -5
17  -6
26  -4
28  6
13  -3
34  5
22  0
20  5
20  6
14  -6
24  -6
29  5
36  7
22  -1
18  1
19  -5
27  1
24  -6
22  0
21  -8
18  -1
26  -5
26  -5
28  6
33  -3
25  -2
25  -2
19  -7
15  7
27  1
15  7
26  -6
29  6
26  -5
25  -2
33  -4
19  -5
25  -2
20  4
22  1
18  1
25  -3
24  -5
29  7
19  -5
20  6
17  -6
22  -1
31  -5
15  5
23  5
24  -4
13  -4
29  6
16  -1
27  -1
23  7
20  6
19  -5
36  7
18  -1
21  -8
15  5
22  -1
30  4
21  -6
26  -5
27  0
29  7
28  8
26  -5
29  6
22  1
32  5
16  -1
22  -1
30  6
28  8
17  -8
23  6
26  -5
26  -6
16  -1
27  0
28  7
28  6
25  -2
21  -8
22  1
18  0
21  -6
27  0
21  -6
16  0
17  -6
31  -6
23  6
18  -1
27  1
31  -5
23  6
33  -4
28  8
20  5
27  0
19  -6
35  0
17  -7
16  -1
25  -3
27  1
26  -5
21  -8
19  -7
23  5
26  -6
29  5
29  6
15  7
19  -5
20  4
26  -5
26  -6
22  1
13  -4
28  6
25  -3
26  -4
36  7
26  -6
27  1
23  5
32  7
16  -2
27  0
28  7
16  0
24  -4
23  6
29  6
25  -3
16  -1
32  6
24  -5
25  -2
25  -2
29  6
26  -5
16  -1
23  5
41  -5
19  -7
18  -1
35  1
30  6
19  -7
31  -7
34  4
28  7
21  -8
29  6
20  6
24  -5
34  4
26  -4
32  7
21  -7
14  -8
15  6
18  -1
35  1
24  -5
32  6
25  -2
17  -6
19  -7
17  -8
28  8
28  8
23  5
35  0
15  7
32  6
25  -3
19  -5
24  -4
34  4
24  -4
24  -6
27  1
32  6
29  5
27  0
20  4
34  5
15  5
17  -7
34  5
20  5
20  4
21  -6
30  4
25  -2
20  5
23  6
20  6
25  -3
26  -6
21  -7
24  -4
29  5
25  -2
14  -6
31  -5
29  6
31  -6
22  0
34  6
24  -4
26  -4
26  -4
15  5
10  6
32  5
23  7
27  -1
21  -6
30  6
22  -1
17  -7
30  5
36  7
30  6
21  -7
22  0
20  6
26  -5
19  -5
30  5
23  7
14  -8
20  5
32  6
32  5
32  7
23  5
29  6
31  -6
24  -6
27  1
24  -6
23  7
24  -5
27  0
40  -4
17  -8
30  5
21  -7
40  -3
25  -3
24  -6
26  -5
20  5
18  0
23  6
25  -1
25  -3
27  0
19  -7
20  5
23  7
20  4
26  -4
21  -7
28  8
22  1
15  6
25  -3
24  -5
26  -5
29  7
26  -4
27  -1
16  -2
13  -3
18  1
17  -7
20  5
9  -1
22  -1
45  -3
30  5
21  -8
30  6
15  5
18  1
18  0
35  0
19  -5
15  6
24  -4
19  -7
19  -5
24  -5
23  5
19  -7
35  -1
31  -5
24  -6
16  0
15  5
27  -1
23  7
21  -8
25  -2
