20  2
30  -1
16  1
35  0
24  5
29  2
14  4
37  2
19  -5
26  -1
31  -2
20  5
21  -3
22  -3
19  -5
25  0
23  7
21  1
20  2
20  5
26  -5
35  -5
19  -8
30  -1
30  -3
24  5
17  5
24  6
18  7
28  3
24  7
32  -5
34  9
23  4
23  4
21  -2
25  0
32  -8
26  -3
18  10
30  -5
37  3
26  -3
27  -1
19  -5
26  -5
19  -6
33  1
27  -5
21  -2
17  2
32  -4
18  7
32  -6
21  -1
28  2
18  5
13  -6
31  -4
22  -3
26  -3
36  -2
22  -3
23  5
16  1
22  1
21  -3
17  1
22  -1
24  4
27  -1
24  5
19  -7
34  8
29  5
30  1
27  -3
22  -3
19  -9
29  7
22  2
12  4
38  5
20  1
32  -6
21  1
17  5
14  3
17  4
15  -3
26  -2
25  -3
22  -3
36  -1
25  -3
24  7
11  5
20  2
14  3
37  -1
22  3
20  7
29  1
27  -1
38  5
23  7
27  -2
26  -1
23  7
22  2
19  -6
27  -2
24  3
21  -3
32  -10
22  3
28  3
27  -5
23  5
23  2
22  3
23  3
20  4
24  4
33  -1
30  -4
26  -5
25  -2
19  -7
41  5
31  -1
18  7
18  9
26  -4
28  7
20  3
26  -3
17  4
16  2
25  0
37  2
29  4
31  -7
25  0
43  -6
18  7
24  3
19  -8
34  10
28  3
17  4
25  2
31  -5
27  -1
18  7
25  -2
32  -5
37  -2
23  1
15  -2
23  5
24  5
24  4
27  -3
26  -2
23  2
24  7
26  0
19  -9
18  9
35  -2
41  0
31  -4
31  -1
21  1
24  7
39  2
24  7
22  0
22  -3
20  2
18  10
27  -1
42  -1
21  -1
40  -2
25  -2
25  0
27  -1
23  7
26  -4
23  3
36  -3
34  10
35  1
20  7
30  -4
23  3
25  -3
24  8
27  -3
28  5
41  6
24  8
30  -2
29  5
20  1
36  -3
22  0
17  0
19  -4
18  7
19  -4
36  -4
35  -1
18  5
35  -4
28  8
27  -2
28  6
25  1
14  9
9  2
15  -1
21  -4
11  2
22  0
31  -2
15  1
20  4
15  -2
26  -3
30  -1
40  -8
26  0
31  -5
14  6
37  -3
17  5
24  3
18  8
28  6
18  5
27  -3
28  5
25  1
23  5
23  1
27  -5
29  5
34  5
16  4
37  1
23  4
18  8
27  -6
21  -4
30  0
22  2
27  -4
23  1
11  5
33  2
24  9
23  7
35  -3
45  7
38  8
21  0
34  6
20  5
28  7
27  -6
23  3
28  7
27  -3
23  5
28  5
37  3
24  6
14  3
21  0
15  -5
20  3
18  5
29  6
33  1
26  -4
30  -4
17  4
27  -4
25  -1
24  7
23  5
13  -4
22  1
29  1
19  -4
28  5
23  3
12  3
28  6
27  -1
32  -6
29  6
23  6
26  -5
26  -1
32  -4
23  5
21  -3
30  -1
26  1
25  -4
15  -2
23  4
20  1
38  7
22  3
23  1
27  -4
37  3
28  2
35  -5
16  4
16  2
24  7
17  2
36  2
20  3
20  6
24  5
25  -2
26  -1
22  1
18  4
19  -7
23  2
17  2
25  0
32  -9
16  0
22  2
18  9
22  3
22  -3
30  -3
29  5
25  0
20  4
24  9
23  1
27  0
15  -2
21  1
27  -1
35  0
33  2
28  5
27  -4
35  0
34  8
36  1
26  0
30  -5
31  -4
25  1
21  2
21  2
18  5
28  3
17  0
38  5
26  0
27  -2
26  1
21  -1
17  0
38  9
19  -4
21  1
17  2
30  -2
19  -7
26  -3
35  -1
16  -1
29  2
22  -1
8  4
29  7
33  2
28  3
30  0
23  1
28  2
29  3
22  0
29  6
12  0
21  -1
17  0
33  0
20  3
20  7
18  4
17  3
24  8
24  7
30  -5
28  4
32  -8
31  -7
24  9
27  -1
24  6
19  -9
21  1
31  -4
26  -4
24  3
19  -3
20  3
18  4
28  5
32  -4
26  -2
21  -1
27  -5
33  -1
30  -4
29  7
21  -2
25  -4
19  -6
17  6
14  8
35  -4
16  -2
28  8
25  -4
22  -3
30  -4
22  3
24  5
33  0
25  -2
11  0
23  3
12  0
23  1
21  0
23  4
24  7
13  -10
24  3
30  0
16  -2
40  -4
15  -3
14  8
30  -4
35  -5
29  2
18  9
27  -1
22  3
32  -7
24  6
21  -2
16  -2
17  2
21  -2
25  0
20  2
21  1
26  0
16  -2
18  5
31  -6
18  8
11  5
28  8
31  -4
28  8
21  -1
42  -1
21  1
22  2
23  6
25  0
34  7
35  -5
24  5
19  -5
20  4
21  -3
28  4
24  7
23  2
15  0
14  3
23  6
29  7
28  5
21  -1
16  2
20  6
38  6
16  2
25  -1
18  9
31  -1
19  -8
18  4
22  -3
30  -4
21  1
25  -3
19  -5
24  4
26  -5
26  0
25  -3
29  5
33  -2
31  -3
31  -1
16  -1
19  -9
33  2
17  4
20  7
30  -5
20  6
32  -4
19  -6
27  -4
19  -5
19  -4
26  1
30  0
23  2
24  4
18  7
36  -4
34  10
23  5
25  -4
27  -5
13  -7
29  3
19  -9
34  6
34  9
29  6
25  -3
32  -7
27  0
26  -4
35  -5
18  9
23  2
13  -8
37  2
16  4
26  1
28  2
23  5
25  -2
15  -2
19  -8
27  0
29  7
19  -4
28  8
19  -7
18  9
23  2
20  1
22  2
42  2
23  3
20  3
32  -5
32  -4
18  9
31  -4
31  -5
25  2
23  5
28  2
26  -3
18  4
30  -5
33  2
24  8
20  1
29  6
30  0
33  1
24  3
12  6
20  5
18  9
16  1
33  -4
7  0
14  7
34  9
30  -1
19  -8
12  1
19  -4
30  -4
12  4
16  1
24  7
29  4
26  -2
27  -1
23  3
19  -6
22  3
31  -4
15  -4
26  -4
20  4
32  -5
33  -1
26  -5
23  3
28  4
31  -3
33  -4
27  -4
37  -3
28  3
18  8
32  -10
24  8
27  -3
27  0
20  5
30  0
31  -3
33  -4
30  1
22  1
26  -5
15  -5
24  5
20  4
32  -10
23  5
19  -8
21  2
34  10
31  -5
35  -5
23  3
33  0
29  1
21  1
24  6
22  -1
38  3
21  0
18  5
21  -3
17  2
34  5
19  -7
17  2
25  2
18  5
17  1
21  -3
25  -4
25  -2
20  6
22  1
23  7
38  8
24  3
19  -8
25  -3
32  -10
32  -6
21  0
18  8
20  1
28  4
36  0
22  2
19  -4
22  2
36  1
23  7
25  2
19  -8
17  2
42  -2
23  5
27  0
15  1
12  1
33  1
49  -1
22  1
23  1
26  -2
18  9
35  -4
19  -7
29  6
29  3
16  3
31  -5
36  -4
21  -3
15  0
23  7
14  3
46  1
19  -6
15  1
35  -1
18  8
25  1
37  -1
18  4
22  -3
28  5
23  3
18  10
19  -5
19  -9
24  5
23  1
20  6
31  -4
36  -1
15  -1
33  -4
35  -2
28  4
31  -1
30  0
13  -9
20  1
11  4
26  -1
25  -2
23  3
24  8
34  9
20  4
38  8
26  -2
30  1
30  -4
19  -8
14  3
14  4
19  -6
26  -4
24  5
31  -2
31  -1
24  6
32  -5
21  -2
19  -9
17  4
16  1
20  4
22  3
27  -1
29  3
14  9
15  -2
28  4
32  -6
32  -8
33  -2
22  2
17  0
28  6
20  7
34  8
28  8
25  -4
13  -10
25  0
29  6
27  -6
18  10
13  -6
24  6
29  3
25  2
21  -4
28  5
23  4
29  2
25  -3
31  -6
20  5
16  -1
28  5
28  3
22  0
19  -3
14  3
42  -3
18  8
19  -3
26  -1
27  0
27  -4
25  -3
23  5
38  8
23  6
28  6
27  -6
28  7
22  1
15  -5
30  -5
24  4
21  1
32  -5
42  -1
26  1
20  2
27  0
31  -1
44  1
20  1
17  5
21  -3
20  4
25  1
14  5
42  -3
9  0
18  9
17  3
35  -2
22  3
28  8
23  6
40  -3
26  0
27  -5
28  4
29  2
16  -2
35  -4
29  4
24  8
35  0
46  0
12  3
29  7
16  2
27  -4
25  -4
30  -4
27  -4
20  3
29  4
20  2
28  4
19  -5
26  1
11  3
29  5
27  -1
30  0
28  4
37  1
34  8
23  7
31  -7
21  -2
30  1
29  2
17  1
32  -10
36  -3
14  4
25  1
18  5
22  -3
35  -5
14  8
29  4
43  -4
25  -1
34  7
32  -10
20  1
36  2
22  -2
36  0
30  -3
25  -2
29  5
28  7
31  -7
24  3
28  4
14  4
25  -3
17  2
14  3
19  -4
22  -3
30  1
41  1
31  -1
21  -3
29  2
23  5
28  6
17  5
24  3
22  -2
24  4
26  1
22  -3
21  -2
20  5
29  1
16  -2
21  -4
27  -3
19  -4
24  8
20  3
30  -2
41  5
20  4
25  0
29  6
28  3
23  4
20  2
37  3
27  -6
19  -6
32  -7
28  8
29  3
27  -5
21  1
21  -1
16  2
18  10
19  -8
23  2
26  -2
29  1
21  -4
23  7
27  -2
27  0
24  7
33  1
19  -4
28  3
28  5
28  5
23  3
36  -4
30  1
19  -3
26  -1
28  5
23  4
18  4
27  -4
40  -3
23  6
17  4
24  9
21  -1
16  -1
34  9
29  2
11  4
27  0
22  1
33  -3
22  1
45  4
25  1
