27  -4
32  -8
16  -1
50  -10
27  0
30  1
29  -1
38  -2
17  -1
29  -8
31  -2
21  -1
21  2
38  -1
24  -2
36  5
30  2
20  4
25  1
18  -3
31  -6
14  -3
38  5
25  -6
26  8
42  -1
27  2
16  -3
28  -3
32  -8
17  -4
35  7
35  7
28  3
25  -2
42  -8
41  -7
33  7
27  2
34  -3
39  9
45  -1
37  0
27  1
24  0
27  -6
24  -2
45  -3
33  1
26  8
21  2
28  1
24  1
35  9
31  0
25  -5
37  3
33  4
32  -2
38  -1
14  -1
25  1
33  5
42  -4
27  -4
41  -8
37  -4
37  1
22  -5
25  -4
17  -9
30  -1
30  0
30  3
35  4
23  -7
24  0
34  -8
35  7
23  -7
22  -4
31  -4
26  10
30  -2
27  -6
29  -6
28  1
31  2
39  4
36  -1
24  -3
35  2
15  8
38  -1
34  -7
24  -2
42  -1
41  -6
32  -8
32  -6
36  4
43  5
28  0
38  3
39  11
20  -2
34  -5
20  -3
21  2
34  -1
25  -2
20  -2
34  -1
36  5
13  4
21  0
25  -5
29  -8
38  6
25  -5
19  6
33  4
23  -6
15  8
38  -1
26  2
25  -6
27  -3
31  -1
54  0
32  -6
20  -3
36  2
21  -1
28  5
42  -5
14  2
28  -2
30  4
19  8
44  6
31  -6
33  9
27  2
38  6
13  1
28  0
33  5
22  -1
30  3
32  -6
32  -8
27  -3
42  -4
31  2
12  -10
29  -2
36  7
23  -11
29  -3
26  2
17  -2
23  -9
23  -6
25  -6
42  -5
33  1
20  -1
33  7
22  0
27  2
29  -3
21  2
22  -7
29  -1
32  -5
21  -3
27  -3
53  6
29  -9
40  -4
25  0
34  -4
30  -2
20  0
21  -1
23  -5
25  2
29  -9
25  2
18  0
47  -7
41  -3
21  1
34  -2
41  -5
32  -10
36  5
32  -2
34  -7
24  1
29  -7
48  4
16  -2
40  -4
27  -2
27  0
20  -4
43  8
29  -2
36  7
23  -9
38  6
33  8
41  -8
37  -2
33  5
32  -4
17  -1
32  -8
29  -8
33  8
45  -4
15  7
24  -1
38  2
33  5
45  -2
28  3
23  -7
23  -3
36  4
24  0
12  -10
31  2
29  -8
37  -5
30  -2
48  7
33  1
41  -6
41  -2
38  3
33  5
25  -1
40  -5
22  -5
37  -4
28  2
24  -4
36  5
44  8
37  0
29  -7
37  -5
23  -4
39  9
20  -4
34  -5
25  -5
34  -2
22  -2
35  6
28  -3
32  -4
31  -6
53  2
41  -2
57  8
18  -4
34  -6
35  2
32  -10
35  7
37  -3
41  -2
37  -5
27  2
30  4
53  10
25  -3
29  -9
32  -2
11  11
28  -2
52  -7
44  7
26  2
30  5
26  10
23  -8
29  -4
26  3
40  -6
22  0
42  -5
31  -5
41  -4
38  6
32  -4
25  1
36  5
35  4
34  -2
27  -5
29  -2
21  -2
23  -3
36  2
37  -2
28  -1
29  -9
42  -1
34  -3
31  2
47  -4
16  0
38  -2
24  -3
19  6
30  5
44  4
19  5
23  -8
34  -5
29  -4
23  -10
14  -2
30  -2
23  -10
29  -4
31  -4
35  2
36  7
18  1
39  8
20  2
25  -4
23  -10
26  4
19  0
32  -2
32  -2
35  5
33  4
23  -9
47  0
33  9
24  4
23  -8
11  5
22  -2
31  2
35  4
23  -4
18  -3
43  6
42  -7
41  0
30  4
18  1
30  2
31  -2
35  3
25  2
25  0
26  3
20  3
19  5
24  2
9  0
32  -5
30  0
43  9
30  6
51  1
21  -1
20  -4
27  -1
27  2
22  -5
27  1
31  -2
24  -2
30  4
21  4
15  7
29  -4
30  4
42  -6
27  -5
28  -2
39  6
33  4
26  7
36  -1
25  -5
39  10
38  6
22  0
31  -6
25  -6
35  9
27  -2
13  1
33  3
35  3
31  -6
23  -7
41  -8
29  -4
35  6
29  -7
20  -2
32  -7
23  -5
48  6
30  -2
21  4
26  9
65  -4
24  4
29  -5
26  2
24  -4
25  -6
32  -2
18  -2
20  -4
44  7
38  0
37  1
24  2
32  -6
26  5
33  1
38  -1
35  5
21  -3
35  2
27  -1
38  5
36  6
29  -8
28  5
28  5
41  -5
30  2
22  -7
45  -8
32  -9
22  -7
24  -3
31  1
17  -3
38  1
17  -3
29  -4
23  -3
21  -3
19  5
31  2
22  -5
34  -8
27  -6
28  4
26  5
19  4
21  1
30  -2
23  -7
50  -7
31  -4
23  -10
31  0
11  4
45  -7
40  -6
34  -6
33  4
13  4
21  5
17  -2
26  10
48  4
26  9
53  2
50  -9
28  2
35  2
53  4
41  -6
38  3
31  -5
25  -5
22  -4
24  -2
31  -3
54  0
39  3
32  -9
33  6
34  -9
20  2
42  -6
28  0
25  -2
30  6
40  -2
18  -2
20  1
36  7
49  5
30  4
25  -3
29  -2
31  1
21  -3
9  -1
30  2
37  -1
47  -8
35  3
19  7
40  -3
31  2
29  -7
26  6
36  0
26  8
29  -5
35  2
32  -7
25  -5
40  0
26  7
27  1
21  -2
28  0
16  -2
21  -2
27  1
19  5
29  -5
37  0
33  8
44  4
24  4
24  -4
36  4
16  0
32  -5
22  -1
20  0
22  -6
36  6
39  5
41  0
21  5
50  -3
17  -4
38  2
29  -3
41  -5
27  -5
25  -4
29  -6
27  -4
33  9
24  -4
36  4
36  5
48  0
45  -1
19  0
34  -5
29  -6
26  10
33  9
28  0
31  2
36  2
21  1
32  -4
37  -4
24  3
36  3
43  8
33  9
29  -5
21  -1
39  4
25  -6
39  10
33  9
41  -4
21  1
32  -10
45  -5
38  5
19  6
32  -2
19  0
34  -7
16  3
23  -3
21  1
37  0
32  -7
11  10
35  2
40  -4
26  8
33  7
20  -3
31  -1
30  3
46  10
15  4
23  -3
21  4
35  4
19  6
38  5
48  6
27  -3
28  -2
29  -2
28  5
11  4
31  -3
22  -2
33  8
29  -6
36  5
41  -4
16  3
31  -3
32  -2
23  -9
27  -5
29  -9
54  -2
20  2
26  6
38  3
21  4
35  8
33  4
43  9
30  -2
19  0
46  5
39  10
28  -3
35  9
42  -3
32  -6
42  -2
29  -1
36  7
26  7
49  10
22  -2
23  -9
18  -3
52  -7
36  7
35  9
34  -1
21  -1
18  4
22  -4
36  4
33  7
39  5
16  1
25  1
30  4
21  -3
25  -6
30  -1
61  4
22  -5
22  -1
25  2
34  -1
44  1
39  3
21  5
58  -7
16  -2
28  3
31  -1
26  8
20  2
32  -2
22  -1
20  1
28  2
25  -6
14  0
28  3
18  -1
21  3
16  -2
27  -6
39  5
32  -2
24  4
28  3
35  6
45  -4
27  -3
24  -1
23  -11
19  3
34  -1
34  -5
44  3
38  -2
31  -3
36  0
25  -1
29  -7
19  2
25  2
26  2
23  -11
16  2
16  3
21  3
52  -2
25  1
20  3
37  -4
19  4
34  -6
25  -2
24  -2
26  3
51  7
29  -2
17  -5
23  -4
15  9
29  -7
23  -8
36  7
32  -8
28  1
28  5
19  6
49  6
30  4
21  5
53  2
20  -3
31  -1
29  -2
32  -3
43  3
28  4
19  0
51  8
25  -5
40  1
35  4
37  -3
37  -5
30  5
32  -2
34  -1
21  3
26  8
12  -7
24  2
39  8
31  0
37  3
33  4
14  3
32  -10
30  1
18  -3
28  5
38  0
23  -4
17  -4
37  -5
40  -1
20  -2
28  1
34  -3
20  -1
29  -8
31  -1
21  4
70  -7
42  -2
37  -4
29  -8
24  -2
27  -4
28  1
15  3
25  1
17  -7
25  -5
44  9
21  4
43  9
28  -1
27  -1
34  -3
25  -5
26  6
43  2
33  2
21  3
37  0
38  -2
28  3
34  -5
15  3
17  -1
31  -3
11  3
21  4
31  -6
29  -4
48  2
37  3
41  0
33  6
22  -5
39  4
45  -5
21  -3
33  4
15  3
27  1
42  -5
26  6
51  2
29  -5
30  5
24  -4
43  3
35  7
19  5
35  4
25  -5
22  0
11  11
24  -3
27  -1
19  0
23  -3
26  8
28  4
23  -5
51  2
38  3
19  7
33  4
39  9
13  7
31  -5
21  3
41  -6
19  5
31  -1
24  -2
20  -3
32  -5
24  3
25  -3
34  -1
27  -6
24  3
30  4
23  -3
27  -4
30  -1
33  1
10  5
30  6
42  -9
19  8
24  -2
10  3
25  -6
39  10
26  3
25  -4
37  -1
27  2
45  -1
34  -6
39  11
20  2
36  -1
50  -7
28  3
43  3
30  -1
28  5
42  -4
34  -4
17  -5
24  -2
50  -7
35  1
34  -3
22  -7
42  -6
23  -7
25  -2
27  0
28  5
36  1
40  -5
28  0
40  -5
15  3
37  -5
21  -1
20  -2
33  5
19  1
16  -2
48  0
32  -9
17  -4
29  -5
24  -2
42  -2
31  -1
29  -9
26  6
27  -1
40  -2
29  -7
17  -5
25  -3
22  -3
19  7
44  7
22  -3
46  7
32  -6
14  3
25  -3
18  1
26  4
38  6
44  4
45  -1
34  -2
40  1
43  8
24  -1
27  -6
25  -6
20  3
35  5
48  2
27  -2
41  0
39  9
22  -1
16  0
24  3
41  -1
17  -2
36  4
22  -7
21  -2
34  -5
33  3
23  -10
21  -3
19  3
25  -4
35  1
21  4
37  -1
16  -4
11  5
32  -8
35  4
36  2
34  -4
25  2
21  -2
38  -1
33  9
29  -7
22  -4
