18  -1
11  -5
8  2
8  3
13  4
13  6
8  3
10  -8
14  -6
10  -8
10  -6
11  -5
13  4
11  -5
9  -6
12  0
17  -3
7  -4
4  5
6  -7
10  -7
14  -8
9  -7
8  2
13  6
21  5
7  -4
14  -7
13  5
8  2
14  -6
15  3
15  3
10  -8
11  -5
9  -7
12  1
20  5
11  -7
10  -7
7  -5
4  5
14  -6
15  5
8  2
17  -3
14  -6
15  5
11  -5
18  0
24  4
19  -7
11  -6
10  -7
13  6
11  -5
3  -4
13  4
10  -8
8  1
14  -8
4  5
12  1
8  2
14  -8
14  -6
23  5
12  0
13  4
12  0
12  2
17  -4
18  0
12  2
14  -8
3  -6
12  0
17  -4
13  4
7  -5
14  -7
10  -6
18  -2
13  5
20  6
16  -5
17  -4
15  4
12  2
6  -6
20  6
15  3
10  -8
11  -6
11  -5
16  -3
12  1
17  -4
11  -6
24  4
13  4
16  -3
10  -6
8  2
11  -7
14  -8
10  -7
15  5
18  -1
13  4
8  2
11  -6
19  -6
8  3
11  -6
17  -3
8  3
5  -7
16  -4
9  -6
10  -8
15  3
19  -7
10  -6
17  -3
15  5
8  2
14  -7
13  6
6  -7
3  -6
9  -8
3  -5
17  -4
15  4
15  4
10  -6
11  -7
11  -6
18  -2
12  0
9  -8
11  -5
16  -4
7  -3
13  4
8  3
15  5
9  -6
17  -4
15  4
12  1
10  -8
21  6
7  -5
9  -8
20  5
8  3
9  -6
13  6
15  4
20  5
21  5
6  -7
23  5
17  -4
13  6
15  3
6  -8
11  -7
12  1
9  -8
11  -7
19  -6
13  5
17  -5
11  -5
14  -6
4  5
9  -7
9  -7
18  -2
22  -2
13  6
5  -7
18  -1
6  -8
25  -5
17  -3
15  5
7  -5
21  5
18  -2
11  -5
13  6
10  -6
17  -3
6  -8
16  -3
15  3
14  -6
9  -7
8  1
16  -3
12  0
10  -8
16  -4
14  -8
21  6
6  -8
4  4
11  -6
9  -8
8  2
10  -7
10  -6
14  -6
7  -5
19  -5
10  -7
18  -2
8  1
10  -6
17  -3
8  2
14  -7
13  5
16  -4
6  -6
14  -7
8  1
12  0
15  4
11  -5
15  4
6  -8
16  -3
17  -5
5  -6
22  -1
11  -7
11  -6
16  -5
6  -8
18  -2
14  -6
26  2
22  -1
7  -5
15  5
18  0
2  0
11  -5
17  -5
11  -5
17  -5
16  -3
5  -6
18  -2
12  1
12  0
11  -7
13  5
12  2
14  -8
3  -4
17  -5
7  -4
21  5
10  -7
7  -5
18  -1
10  -7
10  -8
4  4
9  -6
17  -4
13  6
8  1
13  5
15  4
9  -8
10  -6
16  -4
8  1
21  4
19  -6
14  -6
11  -6
6  -6
6  -8
13  6
12  0
6  -8
7  -4
3  -5
17  -5
17  -4
17  -4
17  -3
6  -6
18  0
18  0
17  -3
19  -6
5  -6
15  5
10  -7
16  -4
6  -7
8  3
6  -7
11  -7
25  -5
6  -6
19  -6
24  4
12  0
22  0
25  -5
14  -7
11  -5
14  -8
13  4
19  -6
9  -6
8  3
12  1
17  -5
21  6
4  4
16  -4
8  2
10  -8
16  -4
20  7
18  0
8  1
14  -7
13  4
16  -3
10  -8
19  -7
16  -4
18  -2
23  7
18  0
11  -5
21  6
9  -8
12  1
8  1
27  3
11  -5
12  0
14  -8
12  1
1  -1
10  -7
13  4
6  -6
16  -5
17  -4
9  -7
12  2
21  6
5  -7
18  -1
11  -5
19  -7
13  5
8  3
12  1
20  7
13  6
21  4
14  -7
18  -1
12  2
4  5
17  -4
12  2
9  -6
15  5
17  -4
13  4
3  -5
6  -8
16  -4
16  -5
8  1
13  5
15  5
19  -5
3  -6
20  7
11  -5
15  4
9  -6
11  -7
8  3
5  -7
22  -1
12  0
12  1
18  -2
12  2
10  -7
23  6
21  6
21  4
11  -7
18  0
8  1
11  -5
21  4
6  -7
9  -8
13  4
9  -6
14  -6
5  -5
15  3
7  -4
11  -6
16  -4
12  0
7  -4
7  -3
14  -6
13  5
9  -7
13  5
9  -7
6  -7
6  -7
11  -7
10  -7
2  0
13  4
21  5
15  5
11  -7
8  3
21  5
6  -8
19  -7
12  0
16  -3
13  6
13  5
20  7
7  -5
8  2
7  -4
7  -5
8  3
15  4
20  6
15  4
15  4
15  3
9  -7
7  -4
14  -6
14  -6
24  4
25  -5
8  3
7  -5
23  7
20  6
14  -8
20  6
7  -3
12  1
16  -5
18  -1
8  2
3  -4
17  -5
17  -3
19  -5
15  4
19  -6
15  3
15  4
17  -4
8  3
16  -4
6  -8
9  -7
11  -7
13  5
27  4
13  6
8  1
18  -2
15  4
10  -8
9  -6
12  0
27  2
11  -7
6  -7
36  -4
12  1
8  2
6  -6
10  -7
7  -5
13  4
13  5
4  5
9  -7
16  -4
7  -4
27  3
23  6
7  -3
11  -5
14  -6
17  -5
14  -7
6  -8
13  5
8  1
15  3
6  -7
5  -7
14  -8
18  -1
17  -4
22  0
7  -4
18  -1
13  6
13  4
13  4
16  -3
23  7
16  -4
24  3
21  6
13  5
9  -6
13  5
7  -3
8  1
9  -6
18  0
11  -7
22  0
14  -8
18  -1
12  1
12  2
16  -4
18  0
3  -6
16  -3
14  -6
10  -7
9  -7
6  -7
14  -7
8  2
11  -6
8  2
8  1
15  4
10  -8
15  5
5  -5
6  -7
12  1
5  -5
21  6
16  -3
11  -5
13  4
14  -7
7  -5
6  -6
21  4
22  -2
16  -3
21  6
10  -6
4  3
15  5
11  -5
9  -8
12  2
19  -7
18  -1
8  2
8  3
8  1
13  5
11  -6
16  -5
10  -8
12  2
22  0
14  -8
6  -8
13  6
5  -7
18  -1
9  -8
18  -1
11  -6
15  5
9  -6
18  -2
22  -1
5  -7
10  -6
11  -7
11  -6
25  -4
6  -6
14  -7
14  -7
12  2
14  -6
9  -6
8  3
20  6
18  0
23  7
21  4
16  -4
12  0
10  -7
11  -5
12  2
17  -3
19  -7
4  5
12  0
19  -5
20  6
7  -3
11  -7
26  2
10  -8
9  -8
5  -6
15  5
12  0
5  -7
19  -7
8  1
6  -6
13  4
7  -4
12  2
12  0
22  -1
10  -8
9  -7
22  -1
19  -5
14  -6
8  1
17  -5
10  -8
15  4
13  5
7  -3
15  5
18  0
15  4
19  -6
11  -5
23  5
15  4
7  -4
6  -7
15  4
11  -6
11  -5
12  1
22  0
14  -6
13  5
11  -6
12  2
13  5
15  4
12  0
7  -4
14  -7
16  -3
15  3
10  -8
13  6
21  4
14  -6
13  4
7  -5
7  -4
20  5
5  -7
12  0
11  -7
11  -5
7  -4
11  -6
13  4
13  4
8  1
5  -6
14  -8
16  -3
14  -8
8  3
20  6
19  -7
26  2
9  -7
19  -7
9  -8
24  3
10  -8
10  -8
13  6
17  -3
13  6
2  0
6  -6
14  -7
7  -3
8  3
18  -2
20  6
17  -3
15  3
12  2
14  -8
15  4
11  -7
7  -3
13  5
4  4
15  4
18  0
16  -3
16  -4
7  -5
10  -6
10  -8
13  5
14  -7
13  6
18  -2
15  4
6  -7
12  0
8  2
11  -5
3  -4
18  0
33  5
6  -7
16  -5
21  5
6  -7
16  -3
14  -8
15  3
17  -3
14  -8
10  -6
5  -5
20  5
9  -8
13  5
13  6
12  1
16  -3
31  -2
17  -5
8  1
18  -1
7  -3
7  -5
14  -6
14  -8
16  -4
18  -2
14  -8
16  -4
15  3
12  0
5  -6
12  2
16  -5
5  -7
22  -2
20  6
13  5
16  -4
17  -3
18  0
14  -8
13  6
14  -8
14  -8
11  -6
10  -7
9  -6
10  -8
10  -6
15  4
8  2
9  -7
8  2
5  -7
15  3
4  3
13  5
9  -8
17  -4
8  3
23  7
16  -3
8  2
21  5
10  -6
10  -6
18  -1
14  -6
23  5
2  0
5  -7
19  -6
16  -3
7  -3
11  -6
5  -6
15  5
20  5
5  -7
16  -3
11  -7
9  -7
13  4
15  5
21  4
10  -8
16  -5
5  -7
18  0
6  -8
17  -3
20  7
6  -8
16  -4
9  -7
10  -8
17  -3
14  -7
14  -8
26  3
29  1
10  -8
8  3
16  -4
9  -8
4  4
9  -6
13  4
10  -8
11  -6
13  6
7  -4
17  -3
11  -7
10  -6
2  0
13  4
8  1
16  -3
5  -6
9  -8
11  -7
12  1
9  -8
15  4
9  -8
16  -3
10  -6
10  -8
10  -6
6  -6
13  5
13  5
11  -6
8  1
14  -6
10  -8
11  -5
13  6
16  -3
12  1
5  -6
10  -6
14  -7
9  -7
8  1
13  4
16  -3
15  3
8  2
5  -6
19  -5
19  -6
20  7
5  -5
13  4
6  -8
9  -7
8  1
16  -5
19  -5
15  3
7  -3
19  -6
6  -6
7  -4
22  0
6  -8
6  -6
19  -7
5  -6
10  -7
16  -4
13  6
8  1
18  0
12  2
16  -5
13  6
11  -5
8  3
15  5
25  -6
8  2
8  2
24  3
15  3
10  -7
5  -7
11  -7
5  -7
13  4
8  2
21  6
25  -5
12  1
4  4
16  -5
14  -7
10  -7
13  6
6  -8
11  -6
8  1
14  -6
8  1
14  -6
12  1
12  1
9  -6
22  -1
18  -1
13  4
8  2
5  -6
21  5
11  -7
9  -7
20  6
20  5
13  4
12  2
14  -8
7  -5
12  0
16  -4
13  4
20  6
22  -2
17  -3
14  -7
10  -6
12  0
