49  -1
98  2
76  2
83  6
62  7
107  3
69  -6
55  0
69  -3
57  -1
70  -6
71  -5
68  6
62  6
93  4
87  3
82  6
88  -3
99  -9
58  -5
65  -1
97  -4
67  -1
79  4
81  4
75  2
93  6
61  -3
69  -6
113  6
44  -2
81  4
73  1
93  4
91  -5
80  -2
78  -4
69  -6
99  -8
69  -6
100  8
64  -2
87  3
88  -4
74  0
62  3
57  2
77  -4
59  -6
81  6
84  -2
86  7
71  -6
73  0
62  4
71  -5
98  2
89  0
79  5
50  -5
88  -7
73  1
82  6
98  2
102  -5
105  0
80  0
80  -1
80  0
87  4
64  -3
86  8
90  -4
82  5
65  1
63  -2
101  -3
72  1
91  -5
89  3
91  -3
74  2
90  -2
87  7
83  3
58  -6
87  5
91  -3
95  4
47  2
56  4
66  -3
73  3
44  -2
51  -3
57  1
44  -1
78  -8
72  3
98  4
82  2
59  -4
83  4
83  6
58  -4
89  1
101  -3
80  -4
60  5
95  4
75  2
59  -6
66  -4
94  4
78  -5
72  1
78  -5
75  -1
63  0
63  0
80  -2
81  4
55  -2
66  -4
70  -8
75  -2
62  4
75  2
68  4
66  -2
85  -3
73  0
56  5
80  -1
67  -3
63  -1
71  -9
60  5
62  6
84  -2
105  -1
74  0
59  -6
97  -4
99  -7
63  -3
85  -4
69  -2
55  -1
107  4
57  -1
82  2
85  -3
95  5
78  -5
58  -6
92  5
54  -4
100  7
63  -1
71  -7
76  1
71  -6
97  -3
57  1
62  6
67  -3
62  5
80  -2
58  -6
61  0
74  2
65  1
79  8
76  0
96  0
65  2
45  3
97  -5
59  -5
68  4
101  -1
106  -3
80  -1
71  -8
84  -2
67  -1
86  5
101  -1
84  1
85  -5
65  1
74  3
63  -3
81  5
73  1
79  6
78  -6
75  2
61  -3
99  -6
73  -1
85  -4
78  -7
93  5
68  3
89  1
54  -6
56  4
40  -2
77  -5
75  -1
101  0
78  -7
75  -1
65  1
71  -7
101  0
82  5
69  -5
99  -6
126  -5
73  2
74  -1
55  1
82  6
92  3
82  3
61  0
73  2
111  1
100  5
51  -2
81  4
93  3
56  1
79  7
89  2
97  -2
63  -4
92  2
93  3
80  -1
69  -5
71  -6
59  -7
101  -3
104  2
75  1
75  -2
67  1
79  6
68  7
75  0
75  1
77  -7
56  1
48  -9
88  -4
77  -6
59  -6
95  4
60  4
72  4
84  0
66  -3
71  -6
85  -3
94  4
84  -2
49  -1
111  3
85  -3
51  -1
61  -1
85  -5
56  1
80  0
79  4
68  7
98  4
73  -1
79  7
48  -6
92  2
72  1
65  3
63  -3
64  1
81  2
74  0
59  -8
63  -4
87  7
85  -3
61  -1
77  -7
95  6
103  -3
80  -3
89  1
70  -5
92  6
79  8
88  -4
81  3
48  -7
56  2
76  3
110  -5
71  -7
65  1
55  -3
42  6
100  5
77  -7
60  3
71  -9
88  -7
98  4
92  5
92  6
70  -5
92  3
78  -8
71  -6
81  2
66  -5
73  2
116  8
122  2
71  -5
81  5
82  2
103  -7
58  -7
108  -9
50  -6
45  3
48  -7
68  7
74  0
89  3
73  0
74  -1
90  -2
65  2
82  2
79  8
79  6
93  2
71  -7
84  0
95  8
62  4
61  0
59  -6
79  7
71  -5
74  0
65  -1
77  -4
81  2
81  5
126  -5
72  1
89  4
49  3
79  4
105  -2
79  8
89  2
89  0
66  -4
83  3
85  -3
68  6
82  3
32  6
62  5
58  -5
99  -5
84  0
82  4
72  4
80  -3
84  0
111  2
61  -3
74  2
80  0
88  -3
108  -7
77  -4
54  -4
75  2
129  5
100  8
82  3
80  -2
79  4
59  -8
91  -4
69  -5
62  4
60  7
70  -8
80  -3
96  1
78  -5
75  2
69  -2
83  5
61  -4
90  -3
89  2
72  5
62  4
52  5
72  4
92  3
81  2
89  1
72  2
63  -2
65  3
71  -9
84  -2
101  -3
88  -7
66  -5
72  2
69  -5
53  -1
70  -6
71  -5
107  2
59  -5
79  6
65  3
61  -4
104  0
62  6
114  -5
84  -1
99  -8
79  4
52  7
54  -3
92  3
68  6
69  -5
65  1
67  -1
63  0
67  1
78  -4
110  -3
73  2
65  2
78  -6
65  2
90  -3
80  -2
70  -6
53  -3
65  3
97  -2
82  3
57  2
80  0
82  6
99  -8
91  -5
59  -8
83  5
64  1
63  -1
67  -1
107  4
71  -5
103  -6
92  2
88  -6
62  3
65  2
84  0
98  3
100  7
65  1
102  -5
80  -2
58  -6
69  -6
83  2
65  2
77  -3
79  8
50  -9
60  3
51  -3
75  2
84  -2
61  -4
57  3
64  0
78  -5
76  0
82  2
71  -5
99  -9
84  0
81  3
72  3
46  3
75  0
85  -2
67  -1
57  3
96  1
81  3
79  6
60  4
72  3
76  1
77  -6
70  -8
72  3
70  -7
52  6
87  7
86  9
61  -3
73  1
46  3
84  0
85  -2
76  0
58  -6
102  -3
82  3
67  -3
101  -1
80  -2
67  -3
82  2
93  4
71  -7
73  0
63  -4
69  -6
101  -1
80  -3
69  -2
93  4
95  4
57  1
52  6
59  -5
70  -6
78  -5
78  -4
88  -3
53  0
72  1
99  -5
57  2
87  5
115  -1
59  -7
55  -3
64  -1
65  -1
84  0
68  7
96  -1
50  -5
77  -5
81  2
68  4
89  1
64  1
80  -1
56  1
69  -2
78  -7
65  2
69  -2
87  3
89  0
101  -1
53  -3
73  -1
77  -3
81  2
72  4
75  0
67  -1
69  -3
66  -1
50  -5
79  4
62  3
63  -2
73  0
58  -4
68  4
77  -3
84  -1
106  -2
69  -2
75  -1
63  -1
68  7
109  -6
79  5
90  -3
85  -1
79  8
98  4
89  2
102  -4
91  -3
109  -7
72  1
99  -8
72  3
71  -9
72  1
61  -1
57  0
56  3
83  6
61  -4
69  -3
76  2
88  -3
61  -4
108  -7
70  -4
65  -1
74  3
52  7
73  0
75  2
82  4
66  -4
85  -1
52  8
48  -7
67  -3
90  -1
95  4
77  -5
69  -3
76  4
71  -9
55  1
67  -1
89  2
116  7
79  6
71  -8
51  -2
102  -2
88  -7
66  -1
79  6
75  0
52  5
47  1
91  -7
89  3
81  3
75  0
93  3
78  -5
49  1
73  3
85  -3
92  5
71  -9
84  -2
95  4
87  3
97  -1
62  6
80  -1
61  -1
67  -1
99  -6
73  3
82  3
54  -4
78  -8
49  3
90  -1
68  6
49  1
63  -2
95  4
95  6
95  7
51  -3
83  4
62  4
61  -3
68  6
77  -5
89  4
73  3
76  2
65  3
77  -5
63  -4
80  -2
87  4
64  -2
93  3
109  -8
74  1
96  -1
85  -2
88  -6
75  2
106  -1
83  3
87  7
86  9
86  6
90  -4
53  -2
70  -5
89  0
106  -5
109  -6
116  6
85  -4
75  0
79  7
74  2
93  3
54  -4
41  6
81  4
64  0
74  -1
70  -7
85  -4
107  0
81  6
73  0
87  7
82  4
62  5
60  4
120  -5
72  5
70  -6
81  3
78  -6
78  -6
59  -4
85  -1
71  -6
82  3
75  2
69  -5
69  -5
60  3
101  -4
91  -7
71  -6
68  3
71  -7
75  -1
72  2
78  -8
63  -2
75  2
69  -3
83  2
59  -8
62  7
79  7
88  -3
80  0
60  7
65  2
64  -3
67  -3
63  0
58  -5
109  -7
49  0
77  -4
88  -5
88  -6
54  -5
75  2
78  -6
81  4
78  -7
77  -6
77  -7
61  -4
58  -5
74  2
83  5
94  6
56  4
69  -4
77  -5
74  2
86  6
79  8
63  -4
82  2
78  -7
87  5
61  -1
107  1
83  6
85  -4
97  -3
65  2
52  7
53  -2
97  -5
74  2
121  2
73  3
63  -4
93  2
73  3
78  -8
62  6
90  -2
74  3
84  -3
64  -3
65  -1
69  -4
85  -3
62  3
90  -2
82  4
77  -5
94  3
109  -5
69  -6
47  1
87  3
68  4
69  -3
70  -5
80  -4
64  -2
90  0
69  -5
61  -3
66  -2
92  3
60  3
90  -3
76  3
85  -5
69  -6
88  -7
88  -5
76  4
99  -5
69  -5
89  3
87  7
87  5
68  6
96  1
70  -8
87  4
69  -2
83  4
70  -4
83  3
45  1
80  -3
50  -7
102  -2
62  5
69  -4
72  4
71  -9
81  5
81  4
63  -3
69  -3
92  5
83  2
103  -3
83  3
91  -7
69  -2
71  -6
65  3
80  -4
68  5
67  1
80  -3
66  -3
84  -3
66  -5
59  -5
58  -4
57  2
61  0
81  2
95  7
78  -8
74  0
56  4
96  0
90  0
63  -2
52  6
75  -1
66  -2
93  6
95  4
57  -1
74  -1
70  -8
68  3
79  6
79  5
94  6
85  -4
82  4
117  5
83  3
72  5
90  0
82  6
85  -3
64  -2
95  5
59  -5
103  -6
59  -8
92  5
81  3
101  -1
80  -2
72  4
81  5
64  -3
90  0
87  3
84  -2
84  -3
124  -2
71  -9
78  -5
92  2
61  0
68  7
60  4
99  -6
50  -9
80  -3
109  -5
64  1
65  2
88  -5
52  5
69  -2
81  3
104  1
71  -6
61  0
51  -5
81  3
54  -3
94  2
56  3
114  -6
65  -1
85  -5
72  1
85  -4
69  -3
89  2
85  -5
79  6
75  -2
65  2
67  -2
60  4
86  7
56  4
66  -2
