93  -3
105  6
94  -1
94  -1
55  5
106  -3
98  8
95  -4
76  5
90  6
111  4
86  0
111  4
87  -1
79  -1
102  -2
89  -1
86  -2
98  7
89  0
80  6
114  5
90  8
59  3
106  -5
69  -3
65  5
123  -8
85  4
74  1
74  1
98  8
79  -1
89  -1
84  -7
92  1
119  1
86  -1
66  -2
65  6
88  -4
87  0
62  -8
117  3
127  -1
102  -2
82  -5
77  0
88  -4
110  -3
101  -2
60  7
100  -7
105  4
96  -5
78  5
95  -3
87  0
109  -2
69  -3
110  -3
70  -4
49  8
69  -3
100  -6
68  -2
99  7
78  5
86  -2
84  -5
75  -8
96  -6
83  -5
68  -2
124  1
128  3
82  -5
87  -2
98  7
88  -3
60  6
81  1
71  4
84  -7
98  6
80  6
82  -5
89  -2
99  7
77  -2
75  -8
129  6
80  6
73  -3
95  -2
105  6
82  -6
49  8
51  -7
69  -3
115  -1
89  -2
73  -3
69  -4
73  -4
80  6
94  -1
62  -7
85  6
62  -6
103  -8
102  -3
74  1
55  4
84  -7
75  -7
90  8
80  6
84  -7
108  7
91  6
63  4
77  -2
63  4
79  -2
83  -7
74  2
55  6
141  1
127  -2
70  -5
98  7
91  8
89  0
53  7
67  0
108  6
98  8
88  -5
66  -3
96  -7
137  -8
70  -4
93  -3
82  -5
85  6
80  7
90  8
77  -1
67  2
99  5
98  8
81  -1
85  5
75  -6
90  8
103  -8
73  -5
88  -3
93  -4
70  -3
100  -7
97  5
85  4
62  -6
89  -2
56  1
98  8
104  -4
79  -1
88  -5
95  -2
79  -1
90  7
110  -5
72  -1
104  -6
90  7
99  5
104  -4
127  -1
99  5
94  -2
82  -4
97  4
101  -3
62  -7
72  1
87  -2
89  0
70  -5
65  4
129  8
88  -3
107  -1
55  4
109  0
105  5
111  4
103  -7
78  6
110  -4
80  8
90  8
114  3
105  4
123  -6
56  0
71  3
77  0
117  4
83  -7
78  4
70  -5
87  -2
92  2
86  -1
84  -5
98  6
66  -4
72  0
67  2
152  4
77  -2
89  -2
108  7
96  -6
99  5
83  -5
78  6
90  6
81  0
69  -3
110  -5
85  6
80  6
90  6
73  -5
54  -1
96  -5
56  1
92  2
62  -6
109  0
78  6
127  -2
72  0
148  -6
77  -1
72  -1
100  -7
65  5
106  -3
105  4
51  -5
69  -4
116  -1
93  -3
78  4
79  0
84  -6
81  -1
96  -7
84  -6
101  -1
100  -7
100  -6
101  -3
89  0
76  5
106  -5
99  7
127  -1
79  0
76  7
62  -7
78  6
71  4
73  -3
89  -1
71  5
94  -3
109  -1
86  0
81  1
94  -1
106  -5
89  -2
67  1
121  6
103  -8
76  7
106  -4
75  -8
73  -4
80  6
95  -4
84  -7
70  -4
89  0
92  1
100  -6
99  5
109  -1
73  -3
108  5
82  -6
95  -3
88  -4
89  -1
66  -4
86  0
89  0
118  2
107  0
85  5
77  0
97  5
93  -4
92  2
78  6
66  -3
80  7
52  -1
98  6
77  -1
78  6
105  5
97  6
107  -1
64  -2
125  2
99  7
50  -5
83  -5
93  -4
94  -1
115  1
57  -5
94  -3
76  7
49  8
90  8
101  -1
83  -5
62  -7
82  -4
83  -7
94  -2
110  -3
59  4
73  -4
143  5
108  7
75  -8
94  -3
106  -4
98  8
96  -6
91  6
64  -1
85  6
87  -2
73  -5
124  1
93  -3
83  -6
73  -5
94  -2
59  4
89  -1
84  -6
63  5
122  3
83  -6
79  -2
98  7
97  6
76  5
73  -4
83  -6
73  -4
58  -3
73  -5
86  -2
112  -4
94  -1
71  4
93  -3
78  6
94  -1
66  -3
85  5
80  6
129  6
88  -5
98  8
61  -3
88  -5
118  4
96  -5
77  -2
104  -4
76  7
66  -2
92  1
79  -1
93  -4
75  -6
90  6
89  0
83  -5
142  7
67  2
91  7
85  6
100  -5
57  -3
117  4
121  5
109  0
105  5
62  -8
90  7
75  -7
109  -1
137  -6
92  0
70  -5
107  -1
86  -1
65  5
102  -2
90  8
89  -1
97  5
103  -6
76  6
100  -6
93  -5
121  4
87  -2
76  7
86  -2
69  -3
65  5
81  -1
91  7
104  -6
82  -6
113  1
109  -1
66  -4
58  -3
86  -1
75  -6
63  5
106  -3
125  1
72  0
82  -6
71  3
127  -1
73  -3
92  0
114  5
71  3
105  4
105  4
82  -5
76  6
78  5
85  6
96  -7
71  5
107  -1
79  -1
67  1
112  -4
74  2
72  0
120  -4
63  5
75  -6
78  4
91  7
109  0
71  4
102  -4
86  -1
76  5
101  -1
80  8
79  -2
59  3
68  0
76  5
61  -2
82  -4
114  4
76  6
91  7
55  4
77  -2
69  -4
96  -5
90  7
75  -6
88  -5
95  -3
125  0
73  -4
78  6
106  -5
81  0
90  7
77  -1
86  -1
61  -3
101  -1
96  -7
42  5
96  -5
86  -1
57  -4
85  5
49  8
67  1
80  7
64  -1
67  1
96  -7
104  -6
94  -3
84  -5
86  -1
92  0
72  -1
97  5
106  -5
77  0
84  -7
102  -4
90  7
103  -7
89  -1
84  -6
81  1
78  5
90  7
81  -1
98  7
78  6
85  4
89  0
83  -7
51  -6
112  -5
92  2
82  -5
135  -3
78  5
82  -5
59  3
106  -5
71  5
110  -3
83  -7
93  -5
104  -4
82  -5
104  -4
73  -3
79  -2
89  -1
100  -7
91  6
118  3
78  6
101  -2
103  -8
57  -5
104  -4
103  -6
67  2
73  -4
90  8
66  -4
140  4
101  -2
108  6
95  -4
84  -7
70  -5
86  -1
62  -7
105  6
115  -1
87  -1
64  -2
72  1
79  0
91  7
72  0
112  -5
90  6
100  -7
99  5
79  0
108  6
88  -3
129  6
89  -1
64  0
89  0
92  1
86  0
88  -3
77  0
96  -6
90  6
75  -8
78  6
78  4
91  6
85  6
58  -1
112  -6
90  6
81  1
111  3
58  -3
74  2
121  5
66  -3
72  -1
68  -1
102  -4
87  -2
61  -1
95  -2
73  -5
89  -1
99  5
84  -7
75  -6
68  -2
71  4
51  -7
70  -3
90  6
91  7
73  -4
83  -5
64  0
95  -4
96  -5
101  -3
71  4
117  2
86  -1
89  0
102  -3
71  3
57  -5
87  0
90  8
59  4
83  -6
75  -7
85  4
92  0
101  -1
89  -2
75  -7
60  6
117  3
101  -3
70  -3
115  1
53  6
71  5
98  6
77  0
102  -2
92  0
64  0
71  3
114  4
88  -5
95  -4
97  5
66  -3
82  -6
85  6
58  -1
103  -7
105  5
56  1
80  8
89  0
93  -5
99  7
70  -4
88  -4
105  6
112  -4
79  -2
87  0
58  -2
114  4
72  0
79  0
81  0
65  5
64  -1
117  2
114  4
63  5
83  -5
74  1
104  -5
67  2
75  -6
94  -3
72  -1
80  6
63  3
90  6
76  6
76  5
73  -4
60  7
108  6
97  5
79  -2
66  -3
135  -3
95  -2
89  0
91  8
104  -4
80  6
71  4
71  4
68  -2
102  -4
91  6
89  -1
74  1
80  8
85  4
91  6
65  6
68  0
76  5
83  -6
72  -1
61  -1
97  4
68  0
86  -1
111  4
78  6
54  -2
71  5
88  -3
118  2
79  -1
79  -1
116  0
87  -1
77  0
72  -1
71  5
74  3
100  -7
109  0
53  5
68  0
74  2
113  2
95  -2
73  -5
116  0
87  -2
59  3
74  1
73  -4
78  4
60  6
91  6
102  -3
75  -6
80  7
64  -1
69  -4
75  -8
86  0
116  -1
103  -8
74  3
111  3
111  3
110  -5
47  4
86  0
89  -1
98  6
95  -2
78  4
98  8
72  0
90  6
70  -3
91  6
61  -3
93  -5
70  -5
80  7
74  3
86  0
70  -5
117  4
108  5
78  4
93  -5
70  -4
88  -3
56  0
78  4
81  0
104  -6
74  3
73  -5
70  -4
95  -3
129  6
77  -2
138  0
118  2
96  -7
74  3
95  -2
59  2
59  2
85  4
103  -7
102  -3
111  3
99  6
80  7
100  -5
122  3
82  -5
71  4
88  -3
90  8
104  -4
69  -5
82  -4
101  -2
117  4
68  -1
77  -1
87  0
76  5
85  5
88  -3
88  -3
55  6
92  1
110  -5
82  -6
102  -3
110  -5
114  3
83  -6
100  -6
120  -3
67  1
72  -1
116  -1
80  7
75  -8
118  2
79  -2
74  2
80  6
72  1
101  -1
59  2
106  -3
102  -2
95  -2
70  -4
58  -1
99  5
86  0
65  4
125  1
100  -7
87  -1
64  -2
86  -2
127  -1
92  0
102  -2
93  -3
86  0
75  -7
52  -3
109  0
70  -4
63  5
90  7
107  -2
76  7
84  -5
83  -5
72  -1
84  -7
104  -4
73  -4
86  0
62  -7
95  -2
71  5
125  1
63  3
59  4
83  -5
95  -2
131  -3
61  -3
124  -1
69  -3
83  -7
101  -2
95  -2
86  0
60  8
70  -3
100  -6
72  -1
92  2
73  -3
103  -7
72  -1
84  -6
89  -1
110  -4
102  -3
107  0
65  5
91  8
69  -3
69  -4
83  -6
114  4
102  -2
70  -4
79  -2
65  4
89  0
70  -4
126  7
71  4
54  -3
100  -5
111  3
73  -3
98  6
93  -3
99  5
113  1
93  -4
65  5
92  0
90  6
95  -4
87  0
106  -3
102  -2
103  -8
52  -2
80  8
101  -3
88  -3
95  -2
97  6
101  -2
54  -3
90  7
44  7
65  5
103  -8
128  3
108  5
78  6
