243  -7
185  8
104  12
211  -9
251  -5
135  -4
159  4
236  0
211  -7
168  2
133  3
226  2
180  6
176  5
202  8
168  0
188  7
124  -3
179  -4
128  -3
181  2
188  -3
119  3
168  -8
136  9
170  5
146  8
199  -1
124  -3
130  1
174  11
171  9
206  -4
140  3
141  -3
194  -2
163  -11
175  -4
211  -4
180  8
183  -8
171  6
185  9
169  0
151  5
142  2
136  1
199  3
242  -8
162  -5
176  2
157  8
136  2
135  -4
179  4
163  -10
147  -7
190  6
176  9
135  -3
98  -12
154  -5
193  2
192  -9
211  -7
194  -5
163  -1
157  1
183  -8
199  5
177  1
108  -2
138  -7
156  -2
225  0
159  -1
230  -5
157  1
177  -1
156  0
166  2
154  1
121  -10
153  -7
140  2
184  -3
132  -5
133  1
236  1
190  3
190  1
159  -1
151  3
146  11
174  8
163  -1
201  2
180  2
135  -12
150  3
169  5
149  7
194  3
177  -3
108  -1
230  -3
106  2
200  -5
203  1
202  8
189  11
111  3
145  -6
169  -3
147  -4
196  -8
167  2
198  -5
247  4
170  11
178  -4
185  2
136  7
187  -4
155  -4
131  -6
193  2
208  6
151  -2
168  -1
237  -10
196  -5
183  -6
126  3
202  8
201  4
196  -8
166  0
169  2
221  -6
185  9
175  -2
209  7
248  -9
218  7
169  -3
240  -5
191  -10
193  -3
127  -5
193  -2
191  -4
180  8
234  -6
153  -3
174  3
178  -3
238  -3
176  9
179  -1
140  4
172  -2
202  3
254  -5
168  -3
156  -6
172  -4
161  2
118  8
168  0
241  4
139  -7
155  -7
150  4
144  7
200  -7
208  8
138  1
151  -1
168  -8
240  -9
181  1
141  -10
215  6
121  -3
171  6
132  -10
164  5
204  9
138  -7
165  11
250  4
170  12
157  5
185  9
178  -3
124  -3
199  5
156  -2
136  4
164  -1
212  -8
187  -4
173  4
213  -3
177  -6
109  5
152  -1
166  4
156  -7
166  4
164  4
174  4
240  -2
249  1
179  6
135  -3
195  3
228  -3
139  -3
170  4
233  0
153  -10
128  1
159  7
131  1
202  4
199  1
215  1
177  1
131  -8
198  -4
171  10
147  0
164  -4
147  1
195  -2
197  10
123  10
195  -2
108  2
181  0
161  4
136  7
179  5
156  -7
227  3
161  3
162  -8
152  7
266  -3
132  -9
165  8
168  -5
145  -3
125  7
212  1
174  6
138  -5
196  -2
159  4
145  -1
180  1
184  2
124  3
136  9
175  -3
152  -2
178  -6
155  -1
190  6
165  12
184  4
207  1
124  3
190  9
143  -9
131  -5
154  0
195  -7
121  -4
161  3
189  3
133  -2
179  4
125  2
164  -1
172  -5
173  -2
171  9
134  -5
150  -2
180  5
218  8
185  3
168  -3
90  0
189  6
193  0
169  0
149  2
198  -2
250  2
147  -4
187  -5
134  2
217  2
221  -9
155  -9
219  4
178  -7
146  8
212  -4
191  -2
182  -8
175  -2
174  2
179  6
125  7
171  4
151  2
151  -4
178  -6
166  6
136  9
154  3
131  -3
183  -7
221  1
178  -6
157  2
263  9
136  6
188  5
190  11
190  4
178  -5
144  5
156  -2
138  -2
140  0
150  5
124  0
139  -6
179  0
152  8
159  -1
182  -8
211  -10
182  -12
213  -1
199  2
188  5
188  -2
253  4
179  1
145  -8
207  -2
142  2
182  -12
191  -11
161  3
176  5
144  5
180  4
158  -1
147  -2
209  9
185  3
171  6
170  12
191  -11
186  4
149  12
228  -1
186  -2
151  -5
192  -5
162  -7
137  -1
136  1
189  6
157  4
245  2
175  5
152  2
176  4
187  -9
221  -4
211  -3
158  -3
134  1
203  -5
155  -1
167  6
121  -5
235  -4
195  -1
176  10
192  -4
174  10
154  -4
122  5
214  -7
133  6
134  -4
163  -9
156  -3
188  3
198  -5
165  8
195  -1
212  2
186  2
175  -3
128  3
168  -2
191  -5
152  2
114  2
167  10
162  -1
179  5
150  -2
166  -1
165  3
116  -1
147  -1
196  -5
219  -4
192  -2
253  5
160  1
208  0
222  0
132  -3
164  6
154  -6
198  -3
212  -4
159  4
159  6
145  -5
230  -6
197  8
182  -3
194  3
156  -2
173  0
161  -1
140  5
201  -1
171  9
154  0
177  -5
182  -5
177  -6
202  3
140  8
188  1
126  -2
206  4
139  -11
208  4
153  -6
139  -8
166  7
116  3
220  -7
121  -3
179  -2
166  1
171  8
192  -4
181  -3
134  5
146  5
200  -8
154  -3
220  -7
208  0
172  -5
245  -5
169  -3
192  -3
176  7
159  7
148  -7
167  2
146  2
140  -1
173  1
241  -5
150  6
169  4
180  10
147  -7
194  -5
261  9
174  3
217  -1
177  -3
168  -5
153  -5
191  -10
140  8
129  -9
180  8
201  2
168  2
131  -6
172  -6
153  -3
176  2
167  8
201  0
131  -7
162  -2
139  -2
223  6
192  -4
143  -3
138  -6
108  4
158  -6
117  -3
193  6
158  -7
187  -3
200  -1
156  -1
109  3
173  -3
156  -4
242  1
204  4
211  -8
160  2
167  10
212  0
210  -6
106  1
127  -3
136  -1
158  -3
203  -3
182  -4
160  4
139  -5
174  4
155  -5
161  -3
199  8
206  3
182  -5
141  -5
158  1
207  1
132  -6
163  -5
147  -1
194  1
164  1
165  7
154  1
196  -1
172  0
177  0
160  5
161  3
212  -3
201  7
115  10
190  10
213  1
160  10
200  2
175  4
185  10
183  -4
138  1
212  -6
212  -6
121  -9
200  -1
201  2
144  12
131  -8
196  -4
202  9
152  -1
198  -3
170  10
173  6
186  1
197  11
188  3
182  -6
177  2
146  4
171  7
205  4
161  7
237  -6
208  0
146  4
126  -4
155  -1
178  -4
114  7
186  6
120  -1
176  8
149  4
178  -8
184  -3
192  -5
175  2
164  1
127  -1
188  6
154  2
178  -8
217  5
149  7
189  2
186  0
202  8
174  8
216  -7
153  -4
153  0
217  5
147  1
147  -5
148  -6
168  -4
164  0
154  4
202  1
219  -1
179  4
181  -1
147  -8
130  -6
202  5
201  -3
144  4
170  5
130  -4
147  0
164  0
178  -3
175  4
129  0
157  4
133  -2
148  -4
234  -2
146  6
151  4
198  -10
135  -7
175  -4
191  -8
194  1
188  6
246  -2
175  6
222  -8
204  6
148  -6
229  3
189  8
158  1
200  -5
152  6
170  12
200  2
183  2
153  -2
174  3
197  3
163  -8
180  7
187  0
160  5
181  0
154  -6
203  -8
222  -7
133  3
174  6
228  -9
155  -6
245  -5
168  1
197  11
175  0
159  0
150  5
211  -9
157  2
192  -4
130  -5
237  -9
155  -2
217  4
158  -4
163  -9
175  0
130  1
168  -4
167  1
164  -2
187  -7
205  4
154  3
162  -7
164  -4
183  -2
136  4
216  -1
188  -2
154  4
201  -1
280  -4
157  11
120  8
137  -1
147  -7
210  -10
160  1
178  -9
160  8
197  5
142  -8
164  2
201  2
158  -4
147  -1
224  7
113  1
166  -1
211  -7
183  2
168  -8
164  0
109  2
131  -7
162  -10
161  3
200  1
165  12
173  1
159  1
153  0
125  -1
250  4
176  9
188  2
128  2
112  -1
232  -4
170  10
217  2
131  -1
145  -2
188  -1
141  -10
179  -4
137  -9
212  -1
178  0
95  -5
188  3
144  5
145  -7
116  -2
196  -6
216  -9
144  7
182  -3
173  4
293  1
139  -7
182  -4
238  -1
120  2
199  7
156  -4
155  -1
185  2
149  12
140  5
166  3
242  -4
227  2
163  -6
105  -6
156  -5
103  7
187  -5
152  6
145  -10
158  1
151  4
123  11
288  -2
169  4
235  -4
180  2
168  1
198  -5
199  9
197  3
187  -8
168  -3
160  10
250  3
132  -3
188  -1
186  2
147  -2
198  -3
168  0
205  10
179  -1
177  1
234  -3
200  0
164  4
207  -7
104  3
127  -6
125  9
138  -9
170  11
165  9
179  6
152  -2
175  1
199  3
158  -4
145  -9
177  -3
155  -9
199  0
179  0
237  -8
140  2
153  -4
161  -1
178  -9
138  -3
100  7
208  7
200  -3
207  -6
174  3
150  2
224  0
167  9
153  -9
149  2
168  2
140  8
211  -12
193  -1
175  5
153  -6
118  5
143  -6
160  0
138  -4
169  4
166  8
183  -1
197  4
159  2
196  -7
193  1
185  9
180  1
186  2
164  5
157  11
107  -3
133  -3
146  6
208  8
178  1
206  4
186  0
212  -6
174  8
181  5
200  -1
202  8
203  -2
171  4
109  3
175  2
161  1
228  -1
124  -5
114  1
197  12
210  -10
168  -4
196  -7
239  -3
152  0
136  5
213  -2
177  -4
145  0
192  -8
140  8
155  0
173  -2
199  0
155  -10
166  9
183  -6
143  -9
163  -10
156  0
230  -2
171  10
179  2
145  -10
152  -2
192  -3
206  2
201  4
190  6
162  -6
230  -7
154  3
112  4
182  -2
158  -4
140  5
234  -1
161  -1
117  -6
225  7
110  -5
213  4
159  3
164  2
231  7
189  9
188  7
197  9
224  7
172  -7
185  4
200  -7
248  -3
131  -5
154  0
214  -9
142  -3
197  12
108  3
195  -3
228  -8
172  -4
228  -8
178  -5
165  9
154  0
182  -3
210  -10
177  -6
165  3
138  -5
151  5
195  3
205  11
158  -1
115  9
191  -3
167  1
205  4
194  -7
173  5
209  3
177  -3
150  0
202  11
145  -3
190  11
158  -2
201  5
119  6
180  9
130  -9
