81  3
98  -1
78  5
106  -1
102  2
134  1
44  -7
85  13
88  5
49  -10
74  -4
85  10
54  -13
103  1
79  8
74  -2
133  -10
70  3
99  4
74  1
126  7
98  8
95  -2
87  -2
133  -1
97  -8
93  -4
65  2
84  -4
79  8
77  8
86  13
124  -12
63  -4
198  8
79  0
87  -5
53  -4
76  -8
83  0
106  0
100  -7
148  -14
93  -8
105  -1
64  -5
116  12
74  2
88  5
52  -1
106  -3
65  -5
82  5
124  -8
97  -3
79  9
117  -3
50  6
76  -3
95  -4
89  -6
59  1
111  11
97  -5
56  -2
95  -3
72  -8
137  14
61  7
67  -4
99  -2
38  1
80  -11
66  -10
57  -7
77  13
110  -1
110  -8
65  0
49  -2
66  -4
80  -9
149  5
142  -10
50  2
70  7
149  2
76  0
54  -8
53  -11
112  -2
116  4
76  1
55  -8
114  -3
100  -3
106  -1
80  -7
96  -3
95  -1
71  -3
96  -6
56  0
73  -1
95  -5
60  3
88  7
96  -5
44  0
48  -3
75  12
45  4
125  10
52  -1
94  0
149  6
117  -2
114  0
73  0
58  -6
98  4
103  -5
85  11
66  -3
82  -1
74  2
103  -7
104  4
77  6
98  11
79  12
94  -3
56  -3
86  12
81  4
106  -3
93  6
115  9
106  2
115  14
56  -1
71  0
109  -4
105  -2
78  7
107  -5
51  0
94  -8
88  7
87  0
76  -3
88  11
84  0
98  9
67  3
95  -11
99  1
52  5
72  -5
86  4
90  1
94  2
96  -1
66  -4
64  -6
85  1
93  -6
91  -6
116  3
68  0
96  0
154  6
68  8
97  -6
85  0
65  2
100  -3
87  -10
92  -6
97  -5
30  -5
111  3
93  0
65  -10
88  7
49  -7
89  7
75  13
95  -7
76  1
63  -5
65  -7
51  -6
86  2
110  -5
78  -4
106  -6
63  -3
108  8
94  -6
35  -8
98  1
107  5
63  -4
85  0
63  4
78  3
120  -5
88  3
118  2
74  -2
72  -4
84  -4
94  -5
75  6
91  5
111  6
73  -3
114  -5
79  13
68  11
73  -3
85  7
37  8
84  0
101  8
47  8
101  0
60  -8
85  4
77  8
100  -7
82  -7
58  -8
60  -4
77  10
66  -6
44  -7
121  0
99  7
52  2
95  1
55  -5
157  -7
119  2
55  -4
89  3
81  -3
121  0
122  3
94  -3
61  0
106  -3
119  -2
63  1
111  12
74  6
88  12
72  3
104  -5
108  3
139  -3
109  3
74  8
76  -6
85  1
98  -1
96  0
103  0
69  0
55  0
63  3
95  -12
92  0
88  3
108  0
70  10
87  -12
92  1
125  6
60  -4
72  -8
58  0
87  -10
68  11
96  -3
81  1
55  -13
120  1
92  6
86  11
60  -3
95  -2
143  -13
183  -11
95  -3
67  -3
73  3
111  0
71  -6
89  0
73  0
83  -8
61  0
79  6
130  -3
85  3
70  8
144  -10
82  1
77  1
77  5
89  1
62  2
79  10
98  0
72  2
89  -5
123  0
116  11
95  -11
48  -4
105  7
104  7
134  -6
70  10
45  3
96  -7
81  7
61  13
74  -3
66  -2
90  9
101  1
92  -3
50  2
163  -4
49  -6
56  -2
71  -3
109  3
97  -5
85  13
99  5
98  12
90  1
131  -3
129  -2
37  2
134  -9
57  1
88  2
67  1
96  -3
78  3
107  2
69  -5
138  0
85  11
73  -1
122  4
87  -3
90  9
93  -5
54  0
43  -6
107  -2
114  -3
132  12
73  2
98  7
103  -4
120  4
135  -9
113  -2
156  0
78  0
92  2
108  -5
72  -2
78  -2
63  -1
57  -9
92  1
80  -14
88  7
41  -6
72  3
84  -1
92  -6
47  5
93  -6
109  -4
100  -2
165  3
123  12
88  -1
82  -7
92  8
82  1
98  1
96  -2
128  -4
104  3
94  -1
95  -8
104  6
67  8
77  8
101  -4
96  -7
84  -11
73  3
89  -1
63  4
99  5
118  -6
111  7
104  -5
149  5
82  2
62  0
104  1
64  -9
123  3
86  9
127  -3
85  0
55  0
103  -5
104  4
61  6
68  11
64  -5
89  2
137  11
81  4
80  -6
93  -1
65  -6
101  2
71  -2
91  8
60  0
93  4
91  -6
78  8
77  -1
78  0
100  -8
83  1
53  0
54  -12
86  8
110  -5
68  -1
108  2
95  -13
85  12
143  -12
66  -9
95  -10
77  11
77  12
95  0
115  2
137  0
95  -11
63  3
64  -1
71  -7
84  -9
74  3
69  -3
97  -6
77  13
43  -1
81  -3
43  0
108  4
93  4
97  -13
71  2
123  7
98  12
55  -2
119  9
119  9
50  4
66  -11
93  4
67  0
79  13
123  1
111  -1
96  -4
93  0
92  -3
73  -2
92  8
65  -5
55  -12
57  -11
122  -5
68  11
100  4
96  6
85  12
99  10
53  -11
71  6
78  8
109  -1
60  3
70  8
67  9
81  -5
75  8
47  3
76  2
59  9
81  6
97  0
86  11
61  9
56  -8
65  4
67  3
106  -2
133  -2
67  -1
74  -3
86  0
114  6
70  4
85  8
63  5
114  0
118  -10
93  2
69  3
118  -9
42  0
60  -4
75  8
98  6
117  -3
106  -8
107  7
96  -8
122  -2
78  9
73  -8
102  -1
81  -1
71  7
65  0
82  -7
128  3
61  13
93  -1
65  -6
72  3
70  2
67  4
89  -7
67  3
149  12
91  7
112  -1
64  -2
120  -4
51  -1
84  -5
50  6
56  -11
83  -6
94  -3
126  0
93  1
76  -12
60  -5
107  1
93  -3
61  8
98  0
60  -4
84  -1
50  -1
78  2
69  6
93  -2
71  -1
56  -6
62  3
123  8
128  -4
94  3
99  1
82  6
108  0
94  2
79  10
79  1
96  5
124  -5
82  2
109  2
89  4
119  9
67  -3
92  5
170  -3
98  -1
91  -1
57  -6
65  -4
96  -1
80  -7
45  -5
90  12
71  -5
72  4
163  -1
71  -5
76  -12
98  8
93  6
80  -3
101  1
120  -1
80  -4
130  0
44  -5
67  7
83  -10
86  -1
95  -12
71  6
105  5
118  1
122  -6
103  -5
92  7
68  3
99  7
86  4
90  7
71  -4
92  -5
52  6
112  0
82  -3
39  9
49  4
91  6
155  -1
62  -1
72  2
113  0
108  -4
67  -3
82  -8
83  -13
68  2
133  -3
122  3
80  -11
83  -11
87  -8
77  12
58  1
52  8
131  -1
48  -10
82  0
85  1
72  -8
96  2
44  1
92  0
45  -4
125  11
80  -9
103  -13
93  -5
113  3
78  -3
99  11
66  -3
60  4
89  0
78  5
91  6
84  -4
48  -4
65  4
87  -13
73  0
76  -7
57  -5
121  -10
99  4
70  10
105  5
79  3
81  -6
83  -3
133  3
96  1
92  7
93  5
87  -1
101  -5
60  -8
90  0
112  4
108  -6
133  -7
70  5
100  -10
117  2
53  -3
96  1
86  12
74  -5
78  7
69  -7
51  2
55  -11
62  -3
80  -4
98  9
70  1
97  -13
124  -10
121  -12
97  -6
85  4
89  -3
153  -6
88  12
89  5
97  -12
103  -8
111  6
69  2
74  8
81  -1
131  -7
100  -6
94  -6
108  -2
148  -3
61  13
101  -4
75  0
140  -1
157  -3
95  -1
106  -3
86  -1
105  8
126  5
126  0
90  8
165  6
66  -7
123  4
104  7
155  9
99  -1
90  5
85  7
56  -3
95  -1
114  2
132  4
93  -8
91  -6
114  0
141  -6
133  -8
91  -5
110  -7
70  1
67  5
49  -9
80  -6
101  1
76  -4
86  6
34  8
101  7
54  -2
101  0
93  -5
63  -3
81  -5
68  -1
120  -1
80  -10
127  6
80  -3
133  3
83  -4
135  -4
74  -4
85  7
101  9
106  -2
137  7
142  2
134  -9
78  5
76  -1
82  4
92  3
156  0
117  -2
96  -5
92  1
77  -1
64  -6
102  4
124  -2
107  -7
71  1
80  -13
113  5
102  -1
35  -11
85  4
67  -4
80  -9
72  -7
70  14
83  0
56  0
86  11
78  10
102  -9
122  -1
92  2
78  10
119  7
78  0
64  1
72  4
74  2
86  11
101  6
74  2
82  -6
113  10
90  9
68  11
128  7
70  10
87  -11
75  1
70  1
130  -3
95  -6
70  2
59  7
105  10
73  1
119  6
59  5
75  1
87  -6
138  3
49  4
71  4
80  -5
55  -8
70  13
117  4
74  9
64  1
63  -8
103  -4
82  -3
70  12
141  -8
73  -5
82  6
133  -4
68  -1
78  9
74  3
65  0
83  -4
53  -3
85  1
89  1
92  7
83  -12
75  4
144  -10
79  10
33  -1
81  6
86  4
142  -11
56  -8
71  5
56  -6
133  -9
82  -4
56  -13
72  -4
74  1
100  -7
108  2
100  -5
92  7
61  1
58  0
66  -1
80  -1
72  -2
89  1
83  1
79  10
158  5
74  8
64  -7
44  -6
92  -3
77  9
88  12
100  -6
111  5
78  6
109  -7
81  -1
70  7
76  -1
99  9
47  7
67  3
75  0
110  3
112  3
130  -5
75  0
82  0
53  -1
45  6
120  0
78  -1
62  4
77  8
85  6
91  -5
97  -3
95  -4
65  -4
107  -3
95  -11
109  0
159  -1
107  4
123  14
84  -4
108  1
120  4
132  2
97  -12
77  8
83  -7
61  9
101  3
92  -4
92  3
106  1
120  7
89  -5
78  2
98  0
105  7
91  -6
81  -4
114  -3
107  1
85  13
93  -1
72  0
102  4
99  11
126  -3
89  0
133  -3
69  2
119  8
92  -4
81  7
85  5
