107  4
69  7
108  3
108  10
113  -6
86  5
80  -3
123  -1
113  -7
84  -2
77  -6
78  -4
93  9
129  -4
87  -3
85  -3
111  0
82  -5
75  1
100  -7
108  10
63  6
125  2
102  0
102  -1
76  -6
131  -10
113  -3
82  -1
94  3
144  7
88  -10
96  6
128  -1
132  -11
72  -5
112  -2
93  7
107  10
70  -3
68  6
98  3
87  -6
116  6
82  -3
108  11
102  -3
75  7
95  3
117  4
104  -3
85  -3
121  3
84  -1
81  1
127  -10
107  10
126  -5
118  1
114  -5
94  4
116  6
107  7
93  5
102  0
118  -5
92  -4
114  -2
125  0
106  3
128  -5
119  4
101  1
98  -1
110  -2
79  3
126  -11
121  1
92  -3
121  0
97  6
129  -1
104  -7
78  -1
76  -1
102  0
109  -1
71  -2
119  -3
85  -10
89  -5
106  8
94  5
116  -1
131  -4
97  4
96  7
81  -5
121  2
78  -5
100  -10
82  -4
113  -6
100  -10
70  -2
99  1
129  -2
72  -3
109  -3
132  -11
148  10
103  1
85  -5
93  6
149  2
129  -5
93  6
90  -4
112  -3
105  -5
81  -7
89  -3
83  4
119  -1
80  -11
72  0
106  4
77  -1
115  4
123  0
108  9
105  -6
83  9
88  -6
72  -1
158  -1
96  4
77  -4
96  4
99  -2
116  -1
100  -10
103  3
104  -7
125  -3
93  3
121  5
124  6
156  10
137  -2
93  4
116  -1
115  -1
116  2
104  -5
108  5
116  4
107  5
89  -6
124  6
94  7
94  1
98  -3
123  -1
137  -9
70  -3
89  -3
110  5
102  -3
102  -1
148  5
90  -5
105  -4
115  0
140  4
125  2
112  -7
98  -1
100  -3
83  10
134  -4
166  1
124  3
108  6
102  -5
89  -3
128  0
86  4
95  2
85  -9
73  1
70  -6
89  -9
116  3
102  -6
88  -6
87  0
112  -7
94  9
99  5
84  0
131  -11
77  0
77  -6
104  -3
117  3
154  3
98  -1
97  1
86  5
80  -3
117  -2
107  8
89  -3
129  -7
71  0
101  0
142  -1
97  0
128  -8
88  -4
118  -7
127  -9
118  -5
72  -1
135  6
129  -3
93  5
108  3
97  3
86  4
87  -2
117  0
86  1
89  -2
85  -7
100  -7
65  5
114  -2
111  -5
83  8
87  -6
112  1
105  -4
104  -5
88  -10
118  -5
130  -3
106  3
95  -3
100  -3
73  3
107  8
127  -6
95  0
85  -6
92  -1
101  1
75  8
119  -1
96  8
112  -3
111  -6
126  -11
95  1
88  -6
111  -1
101  5
100  -5
107  4
96  8
117  4
45  -3
131  -10
104  -7
106  2
83  7
75  1
178  8
126  -3
104  -9
86  4
99  3
97  -1
94  4
160  3
96  10
108  7
112  0
120  3
80  -4
136  3
123  5
95  0
95  1
77  -7
108  7
95  -5
148  9
113  -6
128  -3
146  8
82  -3
135  5
94  4
102  -6
96  5
116  -2
91  0
148  10
111  -3
83  3
90  -1
94  6
135  8
99  -2
91  2
115  2
100  -8
99  6
99  6
119  -2
91  3
131  -9
93  7
127  -11
78  3
84  -2
87  -7
99  5
137  -2
90  -4
66  -2
173  11
97  1
119  3
73  4
76  -5
86  4
105  2
69  5
105  1
102  -5
102  1
77  -6
76  -5
80  -4
118  0
100  -7
119  -1
59  -6
114  -1
75  1
119  1
113  -5
91  6
149  3
90  -6
122  4
91  2
110  -3
94  4
87  0
85  -4
135  9
121  -1
105  1
78  3
96  9
67  1
93  7
62  4
103  -3
78  -3
87  -3
86  -2
88  -9
81  -5
93  2
97  6
86  -1
97  4
94  8
84  0
80  -3
69  4
101  5
99  1
106  10
131  -4
120  9
108  11
92  -7
91  3
105  0
106  8
139  7
117  3
144  4
86  5
95  -5
117  -4
95  -1
91  3
129  -8
98  -3
95  -3
84  -7
105  1
98  -1
84  -1
92  -3
92  -9
119  -1
86  2
69  3
97  0
107  2
115  3
77  -6
56  9
118  -4
90  -1
86  -2
88  -4
92  -9
145  -6
113  -7
111  -4
136  6
153  2
122  11
80  -9
73  0
145  0
143  5
101  4
102  -2
107  5
101  4
92  -8
88  -7
74  0
119  3
139  2
88  -7
81  -4
113  -5
96  3
112  -7
109  -6
88  -8
107  7
111  -1
81  -5
121  6
114  -8
95  -5
68  2
61  -3
92  -5
80  -9
106  8
98  -3
87  0
124  3
135  3
64  3
106  5
91  3
147  3
73  -1
73  -3
89  -10
120  5
119  -3
130  -4
127  -3
84  -2
82  -3
90  -5
100  -6
94  9
95  -3
103  -3
115  -2
113  -9
116  3
104  -3
67  3
103  -2
79  -2
126  -6
78  3
93  1
97  2
113  -7
76  -9
132  -3
93  3
114  -7
106  7
129  -8
94  7
117  2
142  7
84  -7
117  1
139  6
67  3
106  3
80  -3
93  7
98  3
82  1
96  11
109  -3
131  -10
83  2
108  4
82  -3
118  -1
117  3
107  7
96  7
131  -9
99  3
131  -7
109  -7
88  -7
122  11
79  0
68  4
98  4
78  -2
113  -1
119  -1
86  -1
80  -8
113  -8
86  -2
116  1
71  -2
84  -4
84  -4
101  7
115  0
119  -2
112  0
104  -4
113  -6
94  6
87  -5
108  9
98  2
115  0
112  -3
106  3
94  6
81  -6
96  7
92  -7
101  1
86  2
125  2
73  -4
131  -11
111  -5
116  5
112  -3
97  2
90  -4
109  -6
96  10
144  4
92  -1
118  -4
85  -9
89  -3
132  -6
124  8
114  -1
81  -1
116  -2
136  5
119  2
119  1
99  0
91  4
70  -1
107  9
109  -7
99  2
90  0
103  -4
87  -6
118  0
102  1
98  -3
74  4
98  0
111  -5
131  -6
133  -11
87  -2
136  8
72  1
119  -2
121  2
90  -6
131  -10
117  -1
130  -5
116  3
86  4
97  4
116  -2
86  -2
103  3
94  6
75  7
93  9
119  2
95  -1
106  7
120  11
88  -2
87  1
73  3
82  0
101  1
132  -4
107  9
99  3
93  4
143  3
146  9
93  2
102  0
66  2
95  -2
156  8
105  -3
100  -8
93  7
115  6
69  7
134  -5
136  3
72  -4
97  -1
86  5
97  3
106  5
94  3
122  6
97  2
103  0
106  2
79  -4
120  9
116  -1
112  1
121  7
81  -7
90  -8
99  0
105  -5
89  -8
81  -7
87  1
87  -5
133  -5
112  -4
76  -4
127  -10
121  6
97  4
155  -6
101  6
76  -7
104  -5
109  -6
83  5
122  5
106  8
86  3
130  -2
73  -2
86  4
123  0
113  -5
85  -3
119  -2
76  -4
92  -7
155  -5
120  5
91  2
122  10
85  -8
114  -2
95  1
105  2
110  1
120  7
91  5
116  1
109  -4
116  4
114  -8
108  9
112  -6
93  4
102  -1
180  -6
73  2
98  1
95  0
88  -10
100  -11
83  10
98  4
116  1
107  10
99  3
116  -2
103  -1
141  -1
77  -7
110  2
82  -1
88  -2
110  5
100  -5
105  -4
87  -7
81  1
104  -6
107  3
107  4
111  -3
128  0
140  4
117  -2
141  4
118  -7
81  -2
58  -2
94  9
72  0
82  -3
95  -5
93  6
94  8
110  2
92  -3
78  -3
72  -1
102  -5
71  0
96  11
86  -1
75  7
90  -1
133  -8
108  4
98  -3
110  5
80  -5
72  -1
111  -2
99  0
103  2
107  5
98  2
119  3
107  4
132  -3
116  -1
87  1
76  -5
68  2
95  -3
160  -1
75  5
83  4
148  5
103  2
115  0
121  3
116  5
128  -8
108  8
105  -6
104  -3
89  -7
114  -8
128  -7
113  -3
101  1
89  -2
134  -1
89  -4
95  1
121  2
136  8
84  -4
105  -2
114  -6
130  -9
99  4
112  1
99  4
108  8
107  10
101  6
108  4
107  5
117  -4
114  -7
74  4
114  -7
91  1
122  5
108  10
99  4
82  0
93  3
133  -10
105  -4
129  -1
63  6
91  0
116  4
94  7
110  -2
102  0
100  -9
85  -6
96  9
97  4
104  -7
122  9
115  6
145  1
116  6
109  -9
130  -4
116  4
51  4
106  5
54  11
111  -7
97  4
136  9
75  5
95  -1
95  -2
75  7
79  1
123  1
86  -2
132  -8
142  3
87  -3
119  -2
115  1
99  3
101  4
134  -2
102  1
76  -1
99  4
99  4
71  -4
105  -1
103  -2
61  -4
113  -3
96  8
109  -1
101  5
79  3
137  -5
111  -1
105  0
118  -6
93  8
76  -3
69  9
95  -2
104  -1
110  3
80  -11
128  -7
96  5
77  0
82  -2
134  -4
107  4
105  -1
108  3
127  -7
81  -6
89  -9
104  -8
86  -2
84  -4
96  6
112  1
98  4
108  4
144  6
98  2
94  7
82  -2
163  -4
57  -10
118  -1
99  3
110  -2
90  -8
128  -6
68  6
123  2
92  -8
123  3
87  0
94  2
97  6
89  -8
71  -3
108  11
77  -1
89  -7
102  -1
94  3
100  -9
115  -1
110  2
107  10
78  -2
95  0
102  1
76  -4
130  -5
105  -5
143  -1
100  -5
84  -1
103  -3
88  -7
74  8
108  4
66  4
92  -8
90  -5
92  -5
111  -6
122  11
141  0
155  -10
82  -3
109  -4
126  -11
79  0
115  6
119  -4
135  3
102  1
116  -1
106  9
157  6
74  5
56  3
122  3
99  3
82  -1
63  7
88  -7
95  -2
103  -2
97  -1
73  -4
101  8
182  0
87  -5
131  -5
98  -4
91  1
144  2
100  -10
172  7
125  1
119  -3
120  10
159  0
101  8
102  -4
