54  4
59  6
62  4
53  -7
57  5
55  2
58  0
88  -8
67  -1
31  -5
58  2
80  7
67  0
55  3
52  2
43  4
69  5
48  -6
89  7
34  4
59  8
56  2
46  -6
65  -5
70  -4
69  7
82  4
56  4
77  4
59  5
59  7
52  3
46  -5
46  -9
48  -5
71  -5
53  -3
47  -2
80  9
59  9
76  4
47  0
55  1
58  -1
59  7
56  2
44  -1
55  1
68  -2
49  -2
48  -5
56  3
50  -3
75  2
55  0
50  1
59  6
45  1
61  -8
81  4
67  1
53  -7
48  -4
73  2
49  -1
55  3
56  4
93  -6
51  6
49  2
57  5
56  1
72  -5
47  1
44  2
33  1
51  3
40  -7
71  -5
63  4
70  -6
50  0
60  1
49  0
63  5
60  4
69  4
65  -7
35  -7
42  -5
61  -9
59  7
31  -4
64  6
62  3
62  4
63  6
64  9
73  2
64  5
44  0
72  -7
43  1
80  5
52  1
52  1
59  6
68  -3
66  7
42  -6
62  1
47  -2
54  5
42  -4
74  4
57  6
71  -7
63  5
49  2
55  2
67  -1
55  1
70  -2
46  -5
81  3
62  4
56  4
66  4
71  -3
66  4
40  -4
64  9
44  2
64  5
69  5
67  2
47  1
67  0
77  5
59  9
64  8
54  4
60  2
57  5
76  2
52  5
60  4
78  7
82  5
47  2
46  -7
35  -6
52  1
58  3
104  3
60  4
43  5
49  2
59  5
33  -1
47  2
51  5
64  7
66  4
35  -4
70  -3
63  8
76  3
85  4
62  4
51  7
45  0
64  9
39  0
62  2
78  7
46  -7
45  1
81  1
44  -1
75  2
66  7
45  -3
74  0
69  7
54  7
60  1
62  4
42  -6
71  -6
56  4
58  3
48  -5
58  3
65  -5
54  6
63  7
46  -5
47  2
64  7
56  1
51  5
66  6
52  4
37  -1
44  -1
47  -1
69  5
63  5
65  -7
42  -6
59  6
44  -1
48  -6
43  1
70  -3
49  1
55  3
62  0
31  -7
53  -3
69  3
61  -8
53  -3
71  -7
72  -6
58  -1
53  -7
37  -2
53  -6
74  1
69  3
46  -9
72  -5
54  7
56  2
47  2
48  -3
49  1
46  -7
34  6
78  7
43  4
50  1
53  -6
62  3
64  6
49  -1
44  3
58  0
65  -5
58  2
55  0
77  1
71  -7
68  -2
93  -5
46  -7
75  1
57  4
60  2
56  3
71  -4
49  1
61  -6
56  4
89  3
52  1
58  1
52  5
85  3
55  0
98  -5
48  -6
78  8
63  6
75  0
65  -5
69  6
58  0
83  1
65  -6
54  3
59  7
63  8
66  4
47  -1
65  -5
40  -4
71  -6
47  -1
40  -5
77  2
72  -4
60  4
53  -4
41  -3
66  7
54  4
63  4
76  4
52  5
49  -2
38  6
61  -6
74  0
86  -2
45  1
47  1
69  7
56  2
57  3
57  6
82  4
41  -3
57  5
52  4
49  1
62  4
74  3
73  0
43  1
46  -6
61  -8
55  2
76  6
54  5
30  7
66  6
40  -4
46  -6
51  4
62  1
37  -1
78  8
54  5
46  -5
49  0
39  1
46  -5
59  7
61  -5
48  -4
60  5
61  -6
69  4
36  1
60  2
64  8
61  -7
65  -5
48  -6
46  -7
53  -4
53  -4
49  1
64  7
74  0
58  1
95  3
75  3
58  -1
56  4
64  7
65  -8
79  -5
62  0
62  0
54  5
57  4
66  6
51  3
52  5
60  2
78  4
47  2
41  -4
77  3
49  -2
62  0
39  2
48  -5
66  6
67  -1
51  4
69  3
75  0
59  9
48  -3
99  5
54  7
69  5
93  -4
43  1
52  1
73  1
62  0
65  -7
72  -6
70  -6
75  3
57  5
85  6
53  -4
73  2
56  3
79  -6
55  1
59  6
53  -6
52  1
67  -2
40  -3
78  7
40  -6
51  5
55  2
55  0
58  2
82  5
54  4
49  -2
43  4
67  -2
63  8
63  6
41  -4
52  5
81  2
49  0
71  -7
65  -7
51  5
32  0
55  1
62  0
63  6
58  -1
63  6
72  -3
55  3
53  -4
55  2
47  -1
49  -2
52  5
56  2
76  5
59  9
55  0
51  5
61  -6
64  9
61  -7
59  9
56  3
72  -6
64  8
53  -6
53  -6
63  8
50  1
40  -7
63  7
74  1
77  1
58  -1
44  -1
79  -3
49  -2
65  -8
80  9
68  -2
55  -1
61  -7
46  -8
68  -3
40  -7
39  -1
71  -6
71  -3
58  0
76  4
53  -4
57  6
88  -9
55  3
66  4
56  3
40  -6
41  -5
44  1
68  -5
67  -1
76  3
65  -7
45  1
72  -4
52  3
69  5
60  4
48  -6
38  5
54  7
67  -1
44  1
55  2
43  2
79  -3
43  2
55  -1
43  5
56  3
46  -9
47  -1
43  5
56  1
72  -4
65  -9
39  1
66  7
57  4
61  -9
44  3
56  3
50  -2
60  3
43  3
49  0
54  7
59  8
58  -1
63  7
49  -1
66  4
72  -5
55  3
80  8
49  2
50  0
43  4
63  6
53  -7
33  -1
57  6
33  -3
61  -6
68  -2
76  3
51  4
91  -7
75  -1
67  -2
78  8
60  3
61  -9
62  2
71  -6
47  2
65  -8
56  3
37  -2
70  -5
64  9
50  -2
58  -1
65  -8
51  5
66  5
40  -7
70  -6
50  -1
50  0
62  0
89  3
47  1
60  2
67  -2
35  -8
80  8
46  -8
66  3
50  -1
51  6
51  4
58  0
40  -6
51  3
53  -5
61  -9
50  0
58  -1
93  -5
62  0
74  0
61  -9
58  0
54  4
73  2
76  5
57  4
50  0
62  2
49  2
53  -3
73  3
58  0
60  2
82  6
56  1
75  0
68  -2
55  0
49  1
52  2
54  4
57  2
47  -1
63  8
53  -5
53  -6
49  -1
58  0
43  4
63  6
49  2
54  4
75  3
44  -1
43  2
84  0
75  0
72  -3
66  5
46  -8
48  -5
46  -6
81  2
55  3
56  3
59  6
46  -7
32  2
82  7
64  8
35  -4
63  6
65  -9
45  0
61  -5
70  -2
61  -9
51  5
45  1
39  -1
60  4
57  3
91  -5
60  5
44  0
62  3
76  2
47  1
55  1
37  0
66  6
72  -7
54  5
40  -6
51  3
56  3
47  -2
73  3
36  1
31  -7
57  4
39  -2
58  3
69  3
58  3
75  -1
52  1
70  -3
52  4
76  2
59  8
55  -1
53  -3
68  -5
59  9
51  6
41  -2
47  -1
55  0
50  0
39  -1
54  3
60  1
60  1
54  3
41  -5
72  -7
51  6
63  8
80  8
61  -6
52  3
54  3
48  -4
55  -1
44  -1
66  5
64  6
49  -2
50  -1
50  -2
49  -1
61  -6
43  4
39  1
52  2
60  1
65  -7
46  -7
53  -6
51  3
86  0
44  0
46  -7
69  5
39  -2
51  3
69  5
50  -2
71  -5
58  3
61  -8
60  3
73  0
55  -1
52  5
42  -5
67  2
69  6
56  5
79  -3
58  -1
53  -5
49  0
60  1
66  4
48  -3
63  5
61  -7
50  -2
73  3
74  2
64  8
60  1
59  5
50  1
50  -3
55  3
47  0
56  4
37  -3
77  2
66  6
41  -5
55  0
45  -3
49  -1
64  6
60  3
54  7
82  5
59  5
56  3
53  -7
46  -6
53  -7
72  -5
47  2
41  -4
57  3
58  2
40  -6
56  2
56  3
58  2
68  -3
70  -4
46  -9
45  -2
74  0
60  4
50  0
89  3
51  7
70  -2
55  0
75  3
59  9
54  4
86  2
48  -5
46  -9
53  -6
77  2
47  1
60  5
80  8
83  5
53  -5
52  3
40  -4
36  -2
53  -5
48  -3
64  9
71  -4
47  -2
81  3
58  -1
45  0
55  1
40  -4
51  5
53  -3
63  8
54  6
63  6
50  0
64  5
59  9
55  -1
62  3
77  3
64  9
67  2
59  8
82  4
53  -7
72  -4
77  2
51  4
69  7
63  8
55  2
49  2
78  4
58  0
66  6
85  4
87  6
58  2
53  -4
48  -7
54  4
65  -5
76  5
69  3
72  -4
46  -7
71  -4
52  3
48  -7
53  -3
84  1
61  -8
53  -3
80  9
34  5
39  -1
42  -3
60  3
62  3
49  -1
39  2
67  1
52  4
77  5
48  -5
56  1
78  4
49  1
52  5
60  4
71  -5
63  8
57  2
60  3
62  4
46  -5
74  3
66  6
69  7
62  2
49  0
68  -4
65  -7
70  -5
80  6
83  3
58  1
60  3
74  0
43  1
48  -6
53  -6
68  -4
59  7
79  -4
47  2
84  3
48  -4
52  3
63  8
37  0
65  -8
43  1
57  2
69  5
52  3
42  -6
71  -7
66  5
37  -2
79  -3
68  -4
63  6
82  6
56  3
78  6
71  -6
57  4
44  2
48  -6
63  7
62  2
61  -8
51  4
61  -7
49  2
74  2
59  9
56  2
64  9
65  -8
40  -4
91  -3
52  5
51  4
69  3
81  1
70  -3
52  2
55  2
48  -5
62  4
41  -2
48  -4
52  1
55  1
54  5
49  -1
57  5
68  -3
59  5
40  -4
51  5
69  4
66  5
68  -6
47  2
50  1
53  -3
50  -1
56  2
62  3
40  -4
79  -7
81  3
68  -4
54  7
59  6
58  -1
73  -1
60  3
75  1
54  5
44  1
47  1
48  -4
82  4
65  -6
61  -9
61  -7
46  -6
55  0
