233  -1
195  -4
224  6
180  -7
218  -6
136  -7
232  0
183  -1
187  2
153  3
182  -3
193  -4
229  -5
102  -1
183  -1
194  2
233  1
170  -7
156  2
147  0
213  -7
205  -4
154  -1
193  -5
214  8
174  -3
189  -5
171  2
197  8
211  -9
178  -4
151  3
162  -4
216  2
232  1
202  -3
185  -4
168  2
249  -7
207  0
133  -4
219  -3
125  -2
193  -5
187  2
154  0
156  1
149  6
230  -1
164  1
222  1
174  -2
154  3
172  -1
147  0
199  -2
157  -5
159  -2
154  -1
226  2
188  5
125  1
214  6
192  3
117  -3
153  1
139  1
158  -2
135  1
154  2
173  0
149  6
171  5
202  -3
216  -2
153  1
174  -1
133  -5
195  -4
289  -6
203  -5
215  2
184  5
187  2
156  2
167  -8
212  -1
203  -6
148  1
200  0
180  -8
121  7
166  -2
178  -3
167  -8
130  -7
197  7
183  -2
190  3
184  6
236  6
229  -6
198  -2
218  -4
214  9
210  -4
236  6
171  4
221  7
164  -3
213  -5
166  -3
203  -5
211  -6
211  -6
221  4
193  -4
240  5
166  0
217  -4
207  -1
206  2
160  -4
196  -1
155  3
339  -6
241  -1
162  -5
156  3
177  -1
167  -7
164  -2
231  2
212  -4
155  2
175  -3
185  -4
165  -8
241  1
174  0
216  2
198  -3
169  6
269  3
193  -5
177  -2
167  -7
178  -3
170  -8
130  -5
170  -6
166  0
209  0
184  3
212  -1
227  3
221  6
153  3
283  -1
255  4
237  6
138  4
148  2
187  2
246  -7
189  -7
228  -4
151  3
157  -5
178  -2
151  2
161  6
147  0
235  3
185  -4
179  5
233  2
199  1
157  -8
185  -1
201  7
205  -3
171  2
209  2
211  -8
163  -5
193  -3
192  4
191  7
184  5
207  -1
178  -2
174  -1
157  -5
204  5
214  8
154  -1
225  -2
198  -2
218  -5
152  2
211  -5
244  1
207  2
173  -1
138  8
186  -2
158  -5
270  2
212  -5
185  -1
216  2
311  -5
149  4
114  -8
195  -5
185  -2
253  -5
220  7
175  -6
199  -1
193  -5
164  -1
171  4
200  -1
175  -6
251  -9
132  6
199  -2
181  -6
224  7
196  0
176  3
203  -4
177  -1
135  4
236  4
219  -2
145  -3
138  4
202  -1
245  -1
171  3
177  -5
217  -3
162  -4
244  5
198  -2
269  0
236  7
215  -1
160  -4
165  -8
210  -1
260  -4
150  2
139  0
188  5
223  2
179  2
152  0
168  0
192  3
172  -2
146  -6
163  -6
175  -5
216  -1
139  -1
185  -3
125  1
129  -3
196  -1
228  -4
244  2
196  1
124  3
205  -3
184  6
170  -5
170  -8
197  8
168  -1
189  -3
232  3
160  -3
191  5
121  5
147  3
169  2
162  -3
237  2
247  -3
186  -2
189  -7
228  -6
146  -6
186  -2
170  -6
157  -4
180  -9
249  -5
149  4
123  3
249  -7
192  3
161  2
261  8
170  -7
165  -8
131  -1
200  2
200  2
217  -1
272  -5
183  1
149  5
130  -8
123  2
197  4
218  -6
168  1
255  5
183  -2
161  2
165  -4
160  -5
180  -5
195  -2
196  0
181  -7
181  -6
138  8
181  -5
177  -1
201  6
208  8
230  -2
153  1
203  -4
206  -1
184  5
305  -5
228  -4
230  -1
199  -2
199  -2
171  2
190  -1
161  3
185  -2
193  -6
133  -4
212  -3
169  5
203  -6
193  -6
197  5
135  4
219  -4
163  -8
213  -7
195  -4
184  6
181  -3
160  -3
162  -6
149  4
279  6
157  -7
219  -2
229  -5
164  -1
202  -2
180  -6
230  -3
223  2
230  1
135  5
136  -6
138  8
228  -5
192  5
223  2
223  5
187  2
178  -5
174  -2
165  -5
137  4
150  0
190  2
156  3
233  -2
195  -4
164  -3
207  0
138  8
134  -5
182  -3
181  -6
200  2
161  5
170  -6
171  5
195  -3
167  -8
213  -6
216  0
204  7
158  -5
178  -4
175  -7
226  0
171  5
221  6
142  0
195  -3
208  6
211  -7
176  3
151  3
198  -1
145  -2
179  1
191  7
225  -1
187  6
166  1
148  2
228  -7
232  3
201  5
154  3
192  4
198  -3
225  -1
240  4
208  6
229  -3
149  6
203  -8
223  2
66  -3
206  1
173  3
186  -1
181  -6
173  1
252  -8
211  -9
190  0
143  5
174  0
203  -5
148  -1
158  -2
174  0
156  4
176  7
190  3
217  0
175  -7
143  8
219  -4
126  4
111  -9
255  1
177  -1
152  -1
143  6
198  -2
204  9
187  3
197  7
235  4
215  -1
156  5
166  -1
134  -9
247  -6
239  0
216  -2
100  6
142  0
147  3
196  0
249  -8
202  -1
195  -5
191  4
197  7
253  -8
161  4
135  4
263  -5
206  2
195  -2
203  -7
133  -5
226  1
138  7
171  5
128  7
118  5
238  2
234  -2
145  0
188  5
219  -1
210  -3
261  6
102  0
230  0
237  6
133  -2
218  -6
161  2
184  5
142  0
253  -5
239  0
161  2
211  -8
278  -6
171  6
148  -2
196  2
128  7
229  -7
169  6
185  -5
227  3
159  -2
249  -8
189  -6
138  6
261  5
184  5
154  3
142  1
278  -6
179  5
275  -2
174  -2
126  8
178  -3
200  2
139  0
178  -4
134  -7
193  -2
192  3
171  3
150  2
158  -4
261  8
202  -2
147  0
179  5
191  6
184  5
136  -7
150  1
173  0
172  -1
182  -3
287  5
216  -1
172  2
209  0
177  -1
195  -3
189  -3
237  5
154  2
201  5
227  0
184  5
182  -2
148  2
157  -8
221  4
267  5
148  1
188  7
183  0
249  -6
156  5
228  -6
165  -6
139  1
186  -3
249  -8
172  1
250  9
297  -5
180  -8
146  -7
167  -7
226  0
218  -6
163  -5
182  -6
164  -3
176  4
254  -2
234  -1
235  4
227  1
158  -6
227  2
159  -1
297  -6
194  0
162  -3
172  1
135  4
149  4
156  2
204  5
258  -3
135  4
243  6
159  1
162  -3
178  -1
129  1
117  -3
222  2
159  2
191  4
173  3
174  -3
151  1
175  -3
152  2
129  -2
174  0
183  -1
136  -7
189  -6
191  7
248  -4
216  -2
230  0
233  0
157  -4
140  -5
143  8
196  0
153  4
155  6
146  -5
236  8
136  -4
108  4
269  4
134  -7
192  4
182  -6
185  -5
190  1
173  -1
207  0
164  1
122  -1
228  -7
140  -3
184  4
288  0
125  0
215  -1
200  -1
167  -5
220  9
97  -9
206  0
220  5
157  -4
168  -1
207  1
223  5
134  -9
151  1
139  0
242  5
181  -7
154  -1
133  -5
161  3
215  -2
211  -7
160  -5
181  -7
182  -3
181  -7
138  5
151  -1
136  -5
150  0
183  -1
112  -4
152  -2
138  6
170  -8
192  2
213  -7
222  2
182  -2
146  -5
146  -3
202  1
150  2
154  2
153  1
184  3
191  7
178  -1
189  -6
157  -4
134  -8
223  2
133  -4
136  -5
166  0
224  5
189  -6
229  -4
173  0
233  -2
131  1
268  -3
160  -3
189  -3
218  -6
136  -5
157  -7
174  -4
190  1
139  -2
198  -4
205  -2
211  -6
139  1
251  -9
172  2
148  -1
154  1
186  -4
204  9
178  -1
245  1
226  2
183  -2
192  3
157  -8
175  -6
200  0
173  2
194  1
180  -5
234  -1
170  -8
185  -3
181  -6
153  5
227  2
191  4
199  -2
150  1
206  -2
252  -6
222  2
158  -4
133  -2
190  1
231  1
167  -6
264  5
198  -2
221  6
131  2
223  5
157  -8
139  -1
135  5
166  1
243  6
209  2
174  -3
142  2
174  0
175  -6
136  -3
217  -3
196  -1
186  -1
151  1
235  5
198  -2
159  -1
186  -4
215  -1
209  3
205  -2
199  -3
230  1
181  -4
136  -3
211  -7
217  -1
149  5
159  -1
223  5
231  2
232  4
167  -6
118  7
134  -7
131  3
251  -7
173  3
188  8
263  -7
228  -6
176  4
162  -2
170  -4
140  -2
175  -4
169  4
203  -5
172  1
148  1
195  -6
170  -6
135  4
226  3
155  3
185  -1
142  1
197  6
196  2
168  -2
181  -4
174  -2
168  0
253  -7
249  -5
138  7
200  0
137  3
151  -1
152  2
202  -1
155  6
184  5
181  -7
194  0
176  4
222  1
186  -5
223  4
179  2
152  2
170  -6
221  7
173  3
162  -5
197  7
157  -5
187  4
167  -6
172  -2
167  -4
169  5
189  -4
163  -5
239  0
133  -4
235  2
200  1
221  7
186  -2
224  6
191  4
139  -3
186  -1
194  -1
228  -6
177  -5
208  5
209  0
126  4
225  0
215  -1
210  -4
204  9
187  4
250  7
160  -7
133  -3
163  -9
200  1
228  -8
191  6
161  6
125  1
202  1
227  2
224  8
223  3
158  -6
167  -5
194  1
174  -3
169  6
176  5
124  2
235  1
194  2
207  -1
177  -2
214  7
180  -7
211  -7
253  -5
183  0
245  -1
191  6
159  -2
212  -4
245  2
147  2
211  -8
116  -3
151  3
150  0
169  5
136  -3
241  -1
144  -7
173  2
257  8
176  6
164  0
195  -4
144  -5
277  4
180  -8
213  -5
244  4
222  -1
179  5
251  -8
209  1
195  -5
158  -5
170  -6
171  4
136  -6
176  4
192  1
218  -6
195  -3
281  4
165  -6
132  8
134  -8
139  -3
170  -8
188  5
233  2
147  2
165  -6
189  -6
136  -6
135  5
165  -8
146  -5
232  4
139  -2
240  5
175  -4
188  8
181  -6
106  3
136  -6
225  0
251  -8
184  3
177  -4
162  -5
236  4
180  -8
161  6
227  3
157  -4
176  3
