45  -5
83  -7
79  -5
75  8
81  4
59  -2
81  4
83  -9
98  -3
94  -4
93  -2
76  7
95  -4
71  -4
79  -6
73  4
59  -1
63  -5
56  -2
65  0
66  0
101  -3
74  4
85  -5
107  6
92  8
44  3
103  -3
62  3
65  2
74  5
82  -5
74  5
69  -5
72  0
92  7
59  1
64  8
75  7
87  4
80  -5
66  2
85  -7
64  7
92  6
53  -5
87  5
88  4
98  -3
105  -8
92  9
65  3
102  2
97  4
65  3
55  -4
70  -7
91  -4
74  5
55  -4
51  -8
78  2
51  -6
76  6
85  -7
65  4
69  -3
66  0
55  -3
90  7
56  -2
65  1
102  0
77  1
81  6
95  0
69  -5
78  5
106  3
130  -3
71  -2
92  6
78  6
70  -5
80  -4
52  -3
63  -5
66  3
61  3
94  -3
51  -5
61  4
92  5
122  0
85  -8
47  -5
62  5
57  8
62  4
98  -1
95  0
99  -7
80  -5
79  -5
129  -1
86  7
98  -2
89  -9
85  -4
73  3
81  8
86  5
44  0
47  -5
113  -5
88  7
77  0
70  -7
66  1
84  5
70  -6
59  -1
89  -5
76  4
102  1
69  -7
49  -7
49  -4
75  8
60  5
74  2
68  -5
95  -4
51  -5
85  -7
99  -6
111  -1
71  -4
66  2
98  -1
76  8
88  6
46  -4
70  -5
99  -5
72  4
87  1
93  -4
87  5
106  4
63  -5
93  -3
81  7
84  2
86  7
55  -4
91  -3
54  2
54  2
102  3
59  1
88  7
58  -7
57  6
61  3
88  5
105  -8
62  4
118  7
55  -3
94  -2
57  8
100  -4
116  1
82  -7
87  4
71  -4
54  2
52  -7
54  1
90  6
60  6
101  -1
54  -2
55  -6
72  1
112  6
73  2
71  -2
69  -4
72  0
78  4
73  2
72  0
60  9
45  -6
49  -3
109  -3
83  -9
64  6
61  5
112  9
103  -2
67  -9
73  3
45  -9
95  -2
91  -5
73  4
77  -1
73  5
75  8
61  3
90  7
64  4
64  6
55  -6
87  2
65  3
97  3
117  5
80  -5
98  -3
63  -6
75  9
87  4
75  5
76  8
98  -2
99  -4
87  4
78  3
83  -8
56  -3
125  -3
66  3
70  -3
69  -5
115  -9
72  1
105  -6
66  2
55  -5
88  4
113  -7
108  0
60  6
110  5
60  5
77  0
57  6
61  4
60  7
109  1
63  -4
76  4
108  -3
105  -6
55  -4
65  4
83  -5
101  -3
66  2
74  3
67  -5
69  -4
132  1
75  8
85  -6
82  -4
59  0
66  1
101  -5
91  -2
64  5
95  -4
105  -5
88  7
70  -4
82  -3
65  4
55  -4
76  4
93  -1
63  -5
102  3
109  1
105  -4
90  4
93  -4
80  -3
89  -6
90  4
98  -4
65  2
82  -3
98  -1
109  1
64  8
99  -4
125  -3
99  -5
74  1
38  3
64  5
103  -3
107  8
78  3
89  -7
94  0
91  -2
80  -4
88  4
101  -1
88  5
105  -8
94  0
79  -6
77  -1
100  -7
106  7
68  -6
133  5
37  -4
106  3
62  7
95  -2
96  -1
48  -2
63  -6
91  -5
61  4
71  -4
81  7
97  4
97  3
100  -5
75  7
74  4
62  4
73  4
62  3
78  4
62  5
92  7
71  -6
54  2
73  3
66  0
62  5
92  7
31  -5
78  3
56  -5
58  -8
72  4
68  -5
41  2
53  -5
98  -3
72  1
82  -7
55  -3
94  -3
53  -2
58  -6
48  1
73  3
58  -6
70  -3
71  -2
104  -5
55  -2
99  -3
61  2
104  -4
63  -6
88  6
79  -6
66  0
46  -5
63  -2
106  4
71  -3
59  -2
89  -7
106  7
117  9
61  1
92  8
59  -2
79  -6
91  -3
47  -5
79  -8
88  4
73  4
110  8
73  3
64  6
67  -5
74  4
65  1
85  -8
86  8
97  2
66  1
74  2
80  -5
78  3
47  -9
77  1
64  5
76  7
101  -5
71  -4
82  -5
62  3
64  5
62  5
87  4
76  8
73  5
62  6
64  4
69  -6
84  3
84  5
57  7
74  4
108  1
42  3
61  5
99  -6
77  1
89  -9
66  0
50  5
107  5
94  -3
109  -3
92  9
105  -7
66  1
75  8
74  5
68  -6
83  -5
53  -6
106  4
69  -7
91  -4
72  2
87  1
66  0
101  -1
60  8
75  9
59  -2
74  5
91  -3
67  -6
83  -7
79  -7
73  4
53  -3
115  -6
77  1
58  -6
84  3
88  4
68  -3
64  5
92  8
64  6
104  -5
75  8
89  -6
105  -6
69  -7
86  8
74  5
109  -2
75  8
83  -6
49  -3
97  3
97  2
101  -1
96  0
87  5
83  -8
75  8
65  1
81  7
85  -6
60  6
53  -6
117  8
81  6
104  -3
93  -3
50  4
77  -2
62  6
87  4
96  0
85  -5
64  6
83  -5
84  3
98  -1
67  -7
81  6
64  4
66  -1
113  -8
82  -3
68  -3
77  0
54  -2
72  0
78  4
112  5
72  0
82  -3
62  5
56  -2
77  -1
67  -6
73  3
69  -6
63  -2
79  -5
87  3
97  3
103  -3
132  4
103  -1
117  5
97  0
81  6
78  6
51  -7
78  6
65  2
78  3
73  3
68  -6
83  -9
76  7
86  7
100  -7
78  2
65  2
61  2
72  0
76  4
74  3
75  7
79  -7
65  1
71  -6
83  -8
82  -7
76  7
92  8
76  7
51  -4
110  5
78  5
81  6
68  -4
85  -4
72  3
74  1
65  3
67  -7
74  1
85  -4
78  2
95  -1
97  4
72  2
68  -3
68  -3
74  3
75  5
70  -3
78  5
96  1
87  4
118  7
56  -5
152  -8
59  0
87  1
60  6
59  1
113  -4
84  3
98  -4
71  -4
86  7
79  -5
81  6
93  -1
85  -5
95  -3
96  0
88  7
80  -7
60  5
74  3
61  3
126  -9
73  4
65  3
87  3
88  7
94  -1
65  0
93  0
112  8
84  5
74  2
112  6
111  -2
55  -2
51  -4
86  8
42  2
74  5
77  1
66  2
61  1
70  -5
58  -6
107  6
84  3
92  8
70  -7
85  -7
73  3
95  -2
97  0
74  3
82  -6
53  -5
74  5
107  6
75  8
55  -5
61  4
83  -8
72  3
88  7
99  -3
121  4
98  -4
73  2
64  7
80  -6
128  6
64  4
77  1
64  7
92  8
72  1
72  1
86  7
41  2
98  -4
88  4
79  -8
124  -7
80  -3
137  4
55  -3
99  -4
80  -7
52  -4
81  5
97  0
71  -6
56  -2
90  6
80  -7
71  -4
43  -2
64  5
82  -6
69  -5
29  -2
88  7
76  4
74  3
101  -5
71  -6
76  4
84  5
79  -4
59  -1
68  -2
88  5
99  -5
58  -8
71  -4
69  -6
100  -5
89  -6
89  -7
79  -4
65  1
55  -3
112  8
105  -4
73  1
45  -7
76  8
98  -2
75  7
82  -4
68  -3
82  -6
74  1
105  -5
69  -3
84  4
103  -2
113  -5
103  -1
83  -9
97  3
88  4
143  -3
82  -7
89  -6
61  1
75  6
89  -8
69  -3
91  -1
92  7
74  4
79  -5
67  -5
63  -2
88  3
81  5
68  -4
62  6
74  5
68  -4
73  4
61  4
99  -6
48  -2
81  5
82  -3
91  -5
52  -7
51  -7
79  -8
87  2
52  -5
87  3
75  5
62  7
72  4
64  6
61  4
78  2
88  3
93  -3
45  -8
54  -2
84  5
64  4
60  6
88  5
77  0
64  4
69  -6
116  2
86  9
89  -9
80  -7
65  3
62  5
53  -3
77  -1
69  -4
62  4
70  -4
83  -6
103  -5
68  -2
78  2
75  7
100  -6
106  3
62  3
76  8
71  -6
79  -7
50  7
68  -2
101  -1
87  3
64  8
65  0
103  -2
74  1
66  3
92  8
101  -4
46  -4
78  4
57  8
76  5
89  -5
97  4
37  -3
77  -1
54  2
63  -2
57  6
61  1
72  0
72  3
63  -5
99  -5
80  -4
114  1
46  -7
62  7
65  0
73  1
95  0
64  7
97  0
65  3
51  -6
100  -6
71  -2
77  -3
69  -7
90  4
90  6
66  1
70  -7
94  -3
59  1
79  -8
64  6
84  4
68  -6
80  -4
77  0
66  2
98  -1
71  -4
95  -1
67  -5
72  0
62  3
110  6
73  5
77  -2
83  -7
90  6
86  9
66  1
53  -5
63  -3
74  5
77  0
76  8
78  3
75  9
81  5
77  -1
80  -4
81  6
70  -5
56  -3
85  -5
79  -4
63  -2
72  0
68  -3
86  8
92  6
82  -4
84  2
93  -3
78  5
60  6
64  8
66  0
69  -7
56  -6
99  -5
102  1
78  3
75  9
72  4
65  2
77  -1
68  -6
83  -7
74  2
105  -4
86  9
91  -1
85  -6
72  3
96  1
128  7
84  3
72  1
61  5
80  -7
51  -7
86  8
96  -2
60  8
78  3
108  -2
75  5
103  -5
67  -6
103  -1
87  4
68  -2
77  -2
55  -4
39  -1
53  -3
67  -8
101  -5
57  6
62  5
98  0
72  2
85  -5
77  1
86  6
71  -5
96  -1
85  -4
72  4
84  5
58  -9
84  2
91  -2
81  7
83  -7
84  2
103  -2
100  -8
95  -4
66  -1
89  -6
54  -1
102  1
61  4
108  1
82  -5
47  -7
76  5
48  -1
83  -6
90  5
96  0
47  -9
78  2
89  -6
88  5
46  -5
77  -2
53  -3
68  -2
66  0
72  0
80  -7
91  -1
81  8
74  2
75  7
68  -3
73  4
55  -5
97  1
83  -7
64  6
61  1
69  -3
73  2
