10  9
13  -4
16  -6
28  5
16  -7
13  2
25  4
9  0
41  6
14  -4
13  -7
21  -3
11  -2
14  -4
12  -3
13  2
22  11
20  -9
13  -7
9  2
17  0
15  6
8  -2
16  -4
6  -5
7  -4
16  0
16  1
10  7
18  3
14  -3
14  -6
18  5
11  -3
29  -8
19  1
25  -1
17  -3
17  -1
12  2
15  -3
20  -5
35  -10
28  0
17  -4
8  -2
8  -5
21  -1
11  -4
24  -7
27  -9
17  -1
19  4
15  0
26  5
15  3
12  -5
27  -11
30  -8
17  3
14  -2
17  5
18  9
16  -1
24  -4
11  -2
8  -10
8  -8
9  -2
10  6
13  3
15  0
10  11
10  3
11  -6
13  -2
12  -1
18  -1
18  -1
14  -9
13  3
11  4
23  -6
6  -8
18  9
16  1
11  -5
18  0
12  0
10  3
16  -6
5  -4
21  2
14  -11
15  2
20  -2
20  -12
18  3
18  3
7  -4
7  2
18  2
6  -9
8  -8
11  -1
10  3
12  2
7  4
17  -2
10  4
10  7
9  6
30  -2
17  5
18  9
30  -8
14  -11
18  4
20  -5
37  5
8  -10
8  -5
9  6
17  -4
19  10
10  3
15  2
23  -4
11  -2
14  -1
21  -5
14  -4
19  9
18  0
16  1
9  2
18  4
15  1
22  6
12  3
27  -3
13  1
13  -5
13  -3
17  1
13  -5
40  -3
17  2
17  0
17  -1
13  2
15  4
14  -6
16  2
12  1
12  3
6  -7
16  -6
12  -3
10  12
21  -2
28  5
19  0
19  0
6  -6
11  -4
15  -4
12  -6
10  6
15  -4
13  -3
8  -1
14  -3
9  -2
21  -5
17  3
21  3
20  -5
15  -3
10  6
11  0
15  3
17  1
25  1
25  5
6  -7
19  7
15  -1
4  7
15  1
21  -2
16  -4
18  1
15  5
7  2
16  2
23  -1
22  5
7  4
31  8
6  -6
11  2
26  5
15  1
9  6
18  6
20  -11
10  11
11  4
11  -4
14  -3
17  3
5  -5
18  8
17  4
12  0
23  0
27  -7
13  1
10  2
7  3
19  0
12  4
24  -10
11  4
20  -12
15  1
14  -2
20  -10
16  -5
12  -5
18  1
12  -5
6  -5
12  -1
13  -4
21  0
15  -1
14  -2
10  9
18  8
8  -2
5  -2
17  -2
29  -6
30  -12
14  -10
7  4
15  4
20  -11
5  1
14  -3
19  8
16  -4
5  2
11  -5
4  8
26  -4
12  -1
13  -2
10  4
7  -1
13  -7
25  1
5  -4
17  -1
13  -5
21  -6
14  -1
11  4
8  -9
16  -3
21  2
12  2
5  -2
18  0
13  -3
7  -5
13  -7
14  -1
13  -4
15  5
16  3
5  2
23  3
13  1
6  -2
20  -4
18  8
17  2
18  4
8  -11
5  -6
11  -2
16  -5
9  5
10  6
12  -2
14  -5
16  0
6  -9
10  9
9  1
31  11
22  9
11  1
16  -3
24  -9
10  7
20  -11
20  -2
19  1
7  2
13  3
13  -5
6  -4
13  3
18  2
13  -3
16  -2
12  -6
10  4
14  -11
10  6
18  7
3  4
20  -9
12  1
8  -11
13  -5
33  -10
17  -5
8  -6
10  12
10  9
18  9
10  2
16  -5
12  0
16  -7
26  1
16  3
24  -3
12  -5
17  -1
13  -3
15  4
14  -11
21  -6
18  0
7  0
13  -5
11  1
9  3
11  0
10  11
13  2
19  10
12  1
15  -1
14  -3
12  -5
31  12
8  -9
16  -4
28  -4
20  -10
15  0
27  -6
7  -6
9  2
26  -4
21  2
16  0
14  -3
16  -5
17  0
27  -1
12  -2
11  -5
5  -1
10  10
22  9
9  1
13  2
16  1
12  -5
10  12
12  -5
13  -7
13  1
17  1
7  -4
9  6
14  -2
10  4
14  -5
19  7
5  -7
5  -2
20  -8
13  -5
3  7
13  -4
17  -3
28  6
16  3
16  -7
28  -1
8  -7
14  -4
17  4
8  -3
20  -11
11  -2
11  1
12  -3
12  -3
22  4
20  -10
13  -1
19  3
6  -6
8  -5
16  -6
13  1
10  5
14  -1
7  -5
22  12
11  4
8  -3
10  5
17  1
20  -3
21  -5
12  4
9  4
2  7
20  -11
9  7
16  -4
14  -9
5  -7
17  3
10  4
10  2
27  -11
16  -7
24  -12
11  -2
17  -3
13  1
10  8
10  5
9  5
17  1
25  0
19  7
6  -7
18  7
22  10
4  6
16  -2
25  7
13  -3
11  -2
13  -4
12  -1
17  5
13  3
7  -4
11  2
16  -5
10  9
18  9
15  0
10  11
14  -1
19  1
13  -1
20  -9
7  -3
11  -2
14  -9
8  -10
18  6
18  7
25  -2
17  -2
11  -4
10  7
19  0
13  -1
9  0
17  5
28  6
15  4
18  0
25  -3
11  -6
6  0
20  -2
29  -5
11  1
7  -1
18  9
14  -10
10  11
6  -3
6  -5
32  -1
10  10
8  -5
11  -4
20  -3
11  -5
24  -5
10  11
12  0
1  1
10  12
17  4
7  2
23  -2
14  -3
10  7
20  -2
11  0
13  -6
5  0
10  9
13  -3
9  7
11  -3
24  -8
14  -4
11  -2
11  -1
13  0
15  5
13  -4
13  -1
8  -6
8  -8
6  -6
15  -3
15  -4
15  -2
21  3
22  5
8  -1
15  -3
13  -5
10  2
15  -1
28  -3
16  -1
17  1
13  -7
25  7
8  -10
10  8
7  -3
10  11
18  8
7  0
9  0
11  -3
23  0
12  -6
20  -9
15  -3
13  -6
17  -5
10  7
8  -4
14  -8
12  1
11  -2
13  -1
8  -4
10  8
21  2
9  0
14  -1
11  4
13  -6
19  2
13  1
14  -4
15  -2
25  0
31  3
17  2
8  -6
23  3
15  1
24  -7
20  -12
12  -3
23  3
14  -4
13  -3
23  1
19  8
17  0
13  -5
7  0
14  -8
12  4
23  2
14  -3
13  0
25  3
11  1
14  -11
15  1
17  -4
19  9
12  0
17  0
22  2
7  -5
9  -2
8  -10
37  1
11  -6
7  -5
21  -2
16  -6
11  -2
15  1
24  -3
20  -5
19  4
17  3
10  10
9  -3
18  8
18  2
12  -4
21  -6
14  -2
15  -3
26  -3
10  12
9  -3
21  1
23  1
4  11
14  -8
19  5
19  10
18  -1
17  2
13  -4
15  6
6  -5
13  0
16  -5
15  1
24  -10
5  -3
20  -11
17  2
16  -4
23  -1
7  2
26  3
14  -9
27  -2
15  -3
17  -1
12  2
11  -6
11  0
16  -7
11  -5
18  0
8  -7
11  2
3  2
24  -7
5  -8
11  1
18  2
10  8
10  5
10  12
12  -1
13  3
12  3
5  0
12  2
19  8
10  3
17  3
23  -4
11  -1
9  2
11  -5
27  -8
16  -1
13  0
12  0
15  2
11  -3
11  2
9  6
28  3
14  -1
11  -5
9  -2
5  -1
15  -4
8  -1
10  2
7  -2
29  -3
8  -9
13  -6
13  -3
8  -11
18  4
14  -6
19  6
17  -1
15  1
20  -2
10  2
23  2
28  -4
24  -8
15  -1
23  -1
14  -9
12  3
11  2
8  -2
22  12
23  -1
6  0
9  2
12  -1
14  -11
21  -4
12  -2
21  2
9  6
19  3
26  -3
10  7
7  2
18  4
11  4
19  4
7  -2
14  -10
12  -1
6  -6
23  -2
14  -7
4  11
14  -1
22  11
20  -11
11  -6
14  -4
11  4
15  1
11  4
6  -6
11  1
10  6
14  -7
11  -3
14  -9
6  -8
11  -1
27  -6
18  9
12  3
24  -3
12  4
14  -6
20  -2
16  -1
10  10
10  10
16  -1
13  -1
18  3
24  -7
14  -6
16  1
8  -8
10  10
20  -9
8  -11
11  2
22  12
10  6
18  2
14  -10
15  5
14  -1
9  4
26  3
13  -2
15  3
11  0
7  0
25  -3
13  2
14  -1
13  -7
13  -2
14  -1
22  4
5  -8
16  3
6  -1
14  -2
4  5
10  8
27  -2
8  -7
10  5
10  11
11  1
14  -7
13  -5
11  -4
13  -1
16  -3
11  1
11  -4
20  -7
8  -10
22  7
12  -5
24  -10
16  -6
19  2
24  -6
12  -4
22  7
13  3
13  -4
9  1
17  5
8  -6
9  -3
21  2
11  -2
26  3
12  0
23  -1
21  -6
12  -5
10  5
28  1
8  -1
8  -10
22  2
21  -6
19  0
22  7
18  9
11  1
25  3
6  -7
5  -7
12  -4
11  0
9  4
8  -10
12  -6
19  2
19  5
15  1
8  -3
7  -3
8  -7
13  -5
7  0
17  -4
15  3
15  -2
15  -3
17  -2
18  8
14  -1
11  -4
25  -2
24  -4
4  7
12  -6
11  -2
21  3
26  1
11  3
11  -3
15  6
15  4
26  4
12  1
19  3
26  -5
6  1
10  8
21  -6
24  -6
8  -7
9  1
16  -5
16  -4
15  1
18  9
14  -6
10  2
15  -1
8  -8
24  -2
14  -5
17  5
12  -2
11  -1
12  1
16  -2
12  -4
13  0
9  6
15  4
12  -2
18  5
21  -3
18  3
11  2
22  7
17  -4
8  -6
6  0
24  -9
10  3
17  5
26  1
13  -2
12  0
9  2
19  4
5  -7
23  -5
8  -5
12  -6
10  5
15  2
22  2
14  -5
18  4
11  1
12  -2
27  -10
14  -2
9  3
11  -4
14  -8
13  -3
10  5
13  -4
12  1
13  3
19  1
20  -6
20  -9
22  11
11  -1
13  1
11  -6
17  2
9  6
21  2
15  -1
15  -1
13  -7
19  7
9  -1
13  3
13  -2
10  5
25  3
10  8
5  -6
10  8
28  1
7  3
12  -4
22  3
10  10
