55  10
81  -2
43  -2
49  12
109  -3
35  5
60  -7
104  7
73  7
42  -1
63  1
87  -4
59  7
32  8
68  -8
67  -8
56  -7
66  3
79  2
46  -10
90  9
49  14
47  6
66  -1
51  -1
84  4
61  9
90  7
68  -8
31  -3
24  -10
71  2
66  -1
54  -4
68  -8
101  -4
33  -7
78  -3
33  0
55  8
55  9
110  4
73  -6
51  2
24  -3
72  -11
72  -3
89  -1
80  12
63  4
57  5
49  3
44  4
96  -11
111  -4
49  8
59  -6
68  0
57  1
87  2
93  2
55  11
51  1
29  -4
51  -3
102  -3
85  4
75  -6
69  0
57  -3
76  -2
82  7
81  4
61  -1
76  2
49  7
78  -2
67  4
60  -10
88  1
70  10
57  -4
65  -5
45  -3
78  -3
47  9
60  -4
103  5
71  10
60  -3
70  11
37  0
20  8
53  -9
62  6
77  7
80  10
65  -6
37  -7
68  -7
60  -7
87  1
105  1
87  -4
49  2
43  3
45  -5
63  3
53  -8
77  -3
74  -5
45  2
77  9
58  10
54  -3
87  5
46  -4
109  -4
79  3
54  7
36  2
98  1
119  7
63  6
71  4
75  2
29  6
44  6
67  -2
71  8
52  2
57  1
85  4
48  -1
105  -4
42  0
40  -11
104  3
71  3
55  8
84  2
37  -3
77  1
58  0
84  6
57  7
100  -2
60  3
55  10
58  4
74  -10
68  -8
126  -4
100  -5
30  4
62  4
70  3
75  -5
66  -1
66  -11
56  -8
25  6
27  -3
50  -1
33  -7
117  -3
36  2
82  3
72  -6
47  6
47  -2
76  -5
111  -1
91  -2
62  3
59  7
57  7
59  2
99  0
56  -2
70  11
54  -4
71  2
86  -3
58  7
59  0
70  12
73  1
89  1
44  1
48  0
55  -2
69  0
100  7
81  6
33  2
74  -5
54  3
88  4
28  2
44  -3
67  -4
40  -1
55  -3
107  -3
100  0
48  -5
48  -3
85  -1
75  -2
85  0
78  -4
68  -1
40  -2
79  -9
54  -4
83  7
42  10
93  9
56  -7
60  -1
89  -2
58  7
79  0
69  1
69  -1
91  -7
38  -8
26  4
66  -1
73  -2
52  3
64  0
97  -2
84  4
72  -11
87  1
51  -8
68  -9
61  -5
115  2
84  -1
78  -4
61  5
38  -5
56  -3
83  9
50  3
55  3
36  2
72  -2
84  6
63  12
97  2
161  -5
69  0
65  3
77  9
59  2
78  -9
73  -3
37  -7
64  3
71  6
108  -13
48  -4
74  -9
60  3
53  -7
47  -1
45  -4
55  4
78  -5
85  9
108  -7
75  -2
84  5
126  -5
32  2
35  -4
114  -2
24  -6
34  -1
116  2
59  2
96  -13
67  -4
26  3
83  1
62  7
66  -8
51  -6
86  1
23  -1
23  -2
54  0
124  14
45  -5
48  -13
94  -4
81  6
78  -10
33  -9
89  8
47  12
47  0
59  1
35  7
65  -8
108  1
53  -4
76  8
60  -10
56  -3
98  4
80  6
66  -4
82  -2
88  -4
61  -1
50  -1
75  -4
90  7
67  6
53  -9
80  8
34  5
62  -4
53  -9
61  -5
39  -1
61  -5
46  -1
90  9
67  -5
71  -2
58  3
84  -3
118  -1
69  -4
92  3
66  -5
134  -3
70  11
52  -4
67  3
56  3
57  -7
37  0
74  -4
45  -11
38  -8
80  6
59  0
108  -10
61  3
20  -5
68  -7
98  -3
47  7
70  3
87  -1
51  -1
71  -2
49  8
39  2
78  -1
49  4
112  3
79  -9
60  -6
103  0
69  9
60  3
66  1
31  -5
96  0
81  -4
73  -1
45  -10
61  0
71  -2
28  7
48  -7
43  -3
82  3
56  -5
65  -9
106  -4
53  0
60  -10
66  -5
84  7
107  3
89  5
82  9
51  -3
55  10
45  -8
82  1
60  -1
69  -1
95  -4
60  3
99  -12
42  -1
67  -3
90  9
92  -1
73  -5
47  3
105  1
51  -3
60  -7
86  7
44  1
76  -6
32  -2
119  8
43  8
49  2
49  14
48  -11
39  -6
73  -7
109  -8
61  -1
84  0
56  1
94  2
59  -3
49  8
61  0
121  9
55  11
83  -1
41  -3
49  1
64  0
94  7
66  1
67  1
63  3
107  -6
86  5
46  -7
74  -11
48  -8
74  -2
63  10
77  -3
71  7
67  5
75  -1
37  -11
79  1
93  7
117  -6
59  2
72  -9
70  3
68  -6
79  -5
52  -3
72  -12
92  1
71  3
71  5
45  -11
104  -1
75  -10
105  5
56  0
29  4
74  -2
77  -2
71  1
67  -2
39  3
64  -10
52  -3
92  2
111  -1
43  -2
55  8
111  -5
42  8
98  -3
90  12
37  -1
63  2
60  1
64  1
67  -2
63  5
67  0
63  12
34  7
46  -3
59  4
82  5
81  -5
82  2
72  -6
79  5
59  -6
71  3
58  4
64  -3
70  11
95  2
48  -6
81  3
59  7
97  -4
67  5
45  -2
69  0
75  -10
60  -1
60  4
52  1
70  14
45  1
64  -1
101  -10
65  1
36  1
57  0
98  5
68  -1
37  -1
61  -4
76  4
100  1
30  12
76  -1
62  7
94  1
71  -3
45  -4
72  -6
48  -7
68  2
89  9
57  0
63  6
51  3
54  7
87  -1
51  -3
78  -13
70  1
101  -2
79  -6
51  -1
104  6
61  -4
81  -8
54  5
103  12
57  -5
102  -4
45  1
93  3
63  13
48  -5
50  3
55  1
38  -5
95  1
45  -2
86  -5
50  -2
34  8
88  6
84  7
44  -3
48  -3
132  11
80  3
51  3
44  0
86  2
49  14
67  -6
47  -2
30  5
88  -8
55  8
53  -12
111  4
46  -10
97  6
95  4
97  4
38  -1
84  5
55  7
60  3
114  -3
79  3
36  6
57  -1
83  1
40  -4
86  -4
40  -1
87  -2
72  0
64  -3
53  -13
75  0
49  10
70  10
79  1
70  10
56  -7
48  -6
49  9
55  0
47  -2
103  0
83  2
81  6
48  -12
52  3
133  8
76  -3
70  1
49  9
74  -5
109  5
73  3
54  -6
72  -3
81  4
115  0
42  2
64  3
38  -8
83  -1
45  2
66  -1
66  -4
65  0
80  2
58  0
52  5
81  -2
60  -2
59  -3
136  4
61  3
44  8
53  -10
93  11
99  -3
37  -12
92  8
56  -8
72  -13
76  -4
49  4
42  7
71  3
95  4
48  -2
98  -2
50  6
79  -8
53  -6
48  -5
27  -3
63  9
45  -3
68  -5
63  4
37  -12
84  2
62  -2
63  2
100  -1
73  -3
87  4
49  14
72  -13
56  -6
93  -1
62  2
43  9
59  -6
98  8
80  10
62  8
102  -8
41  3
75  -2
52  2
74  -10
57  -1
76  -4
57  6
79  4
126  -12
79  -7
91  -6
49  4
44  -4
48  -1
66  -9
26  9
67  5
51  -4
38  0
94  3
88  2
58  10
60  -2
70  8
86  -2
71  10
133  -2
63  7
112  1
35  -4
40  -2
86  1
51  1
55  7
73  6
51  -1
97  2
92  3
29  -1
97  -3
56  -2
80  6
71  -1
98  5
52  7
39  -2
74  0
74  0
76  0
52  -2
80  10
95  0
76  -6
60  4
97  -3
66  -9
52  1
46  -8
61  6
67  -5
51  -1
83  1
100  3
42  4
49  13
51  -8
70  12
92  -4
106  -10
66  0
80  3
34  2
45  -4
62  1
67  0
67  -2
46  -2
100  -1
54  5
42  12
82  -3
62  -1
88  -7
83  7
42  13
67  4
73  -4
79  0
68  -3
59  0
59  -1
78  -7
50  3
69  9
46  -11
56  -8
100  -4
103  8
83  7
28  6
59  -7
62  -3
96  -11
60  -1
38  -1
55  -1
47  7
68  -7
36  5
66  3
46  1
62  1
49  12
45  2
46  -5
65  1
33  0
38  -8
53  -10
52  7
95  -5
74  -13
106  -4
52  1
68  -7
63  4
40  -2
53  0
71  4
130  12
49  8
70  10
55  -1
65  4
45  -7
67  4
27  -2
97  5
44  5
54  -3
82  2
41  -4
61  0
59  -5
91  -7
61  -5
51  -5
86  4
64  -2
53  -5
59  -7
72  -4
34  2
86  4
84  6
49  5
49  7
106  -4
42  12
76  3
68  -1
55  5
68  -8
50  6
84  -2
62  6
37  -11
50  8
42  2
65  -2
62  0
43  3
88  -4
57  -7
52  2
62  -2
86  -3
91  -11
93  10
53  -12
35  8
77  6
35  6
29  2
132  -2
63  6
76  2
68  -8
84  -2
64  0
26  1
36  -1
62  8
46  -10
78  -14
82  -1
67  0
101  -4
93  10
66  -3
46  -4
49  9
44  -4
104  3
75  -9
42  11
89  11
81  -7
44  8
53  -3
93  0
80  0
83  9
101  -4
68  -4
69  -4
98  5
72  -12
84  -3
43  -3
61  9
49  10
72  -7
37  -13
109  3
73  6
74  0
72  -2
92  8
27  -4
77  -5
46  1
53  -7
74  -13
60  -8
50  -3
71  8
104  9
71  2
49  14
42  8
46  -9
63  11
57  0
72  -11
74  0
63  13
93  9
66  3
57  0
52  1
67  0
122  -3
89  10
60  2
47  5
64  -7
75  -2
50  -1
56  5
68  -2
60  -8
133  5
66  -7
50  -1
22  10
55  10
76  1
37  0
81  1
51  -3
45  -5
53  -11
71  4
52  2
70  10
94  -1
60  -4
87  0
30  3
53  -12
78  -3
87  10
51  -5
49  5
38  -4
91  -13
51  -4
57  -5
60  -7
69  9
115  3
62  0
93  12
31  -4
56  0
61  4
66  -11
57  6
26  0
36  3
35  -5
55  1
77  -4
