69  -4
67  6
89  8
101  -3
68  0
79  0
98  -4
69  -6
68  0
68  1
105  -1
66  -3
79  -5
72  -2
113  2
65  -6
57  -7
100  -5
90  8
64  1
72  -4
97  2
99  0
61  -9
51  7
65  -7
59  -8
65  -7
87  -2
67  3
87  0
77  1
59  -7
81  -5
71  2
87  -3
47  -4
74  5
42  2
61  -7
52  0
54  -1
83  5
99  4
89  5
79  -5
88  7
76  -5
51  7
85  -2
69  -3
65  -10
69  -4
58  -7
80  -3
80  -2
57  -8
71  3
90  5
111  0
103  5
82  4
83  0
83  0
86  4
80  -1
61  -5
72  -2
125  1
91  2
83  -1
49  -1
67  4
79  -2
75  9
79  0
64  -3
70  -2
100  -3
122  2
46  -1
80  -1
58  -4
80  -2
73  3
78  -2
88  6
45  -4
98  -5
62  -1
84  -6
100  -3
60  -7
84  -7
84  -4
64  1
64  0
84  -4
55  -9
54  0
73  7
78  -4
106  -8
56  -3
83  1
59  -6
71  -1
53  -8
81  -7
87  -3
67  6
89  7
67  1
55  -5
92  5
104  -1
56  -8
77  3
84  -4
61  -8
67  4
58  -6
83  3
59  -10
82  3
109  3
67  0
80  3
65  -7
62  -3
69  -5
38  -9
62  0
67  6
64  -3
75  8
86  3
104  -1
77  5
94  -2
58  -5
83  -1
92  4
52  0
96  -3
62  -6
77  3
98  -7
46  3
86  5
66  -8
94  1
74  1
63  -4
90  6
56  -4
52  0
97  8
74  2
98  -7
77  4
92  2
105  0
65  -6
99  1
111  3
65  -4
69  -1
68  1
72  -1
71  0
68  -2
41  3
119  -3
119  -3
71  2
107  4
100  -7
79  -4
83  4
106  -5
108  -3
91  1
118  -1
53  -3
100  -7
99  2
53  -4
96  -3
65  -9
69  -2
53  -8
76  -1
94  -3
91  2
72  -5
83  0
65  -9
86  5
75  8
74  5
103  6
101  -4
76  0
80  -2
82  0
59  -5
78  -1
83  4
89  5
81  -8
101  -5
65  -10
92  3
89  9
80  0
46  -3
65  -9
98  -8
74  1
54  3
57  -3
68  0
73  7
51  8
84  -6
93  2
45  -7
92  2
62  0
67  2
65  -6
54  0
84  -8
62  -3
72  -3
66  -6
90  6
77  0
78  -1
129  5
74  1
74  2
55  -8
64  -4
87  0
69  -4
103  6
93  4
80  -3
84  -7
81  -6
56  -8
78  0
86  5
103  5
90  4
87  0
58  -2
78  2
61  -6
58  -6
72  -4
62  -6
86  7
89  4
40  -8
55  -5
67  2
81  -10
90  9
69  0
98  -4
117  3
117  1
92  4
83  4
66  -6
77  0
109  3
88  8
48  6
102  -2
95  -1
72  0
73  8
62  -5
70  -3
61  -9
47  -7
62  -6
97  6
74  3
84  -7
122  4
92  3
63  2
80  -1
70  -4
104  -5
88  5
125  -5
78  -4
102  -1
105  2
73  7
62  -5
88  3
121  1
49  0
54  -1
85  -3
91  4
78  -2
65  -7
93  5
58  -6
60  -5
96  0
73  5
93  2
47  -10
107  1
65  -6
65  -10
86  1
87  2
92  3
64  -2
72  -6
75  9
102  -1
85  0
76  -4
84  -8
53  -4
78  0
98  -4
103  3
65  -9
95  -2
86  4
82  2
77  1
77  6
63  -2
102  2
95  1
73  8
77  1
93  3
56  -8
54  5
60  -6
77  4
113  -1
80  2
77  1
82  4
81  -9
100  -8
118  3
85  -3
67  1
89  5
112  1
107  3
43  9
92  4
93  6
93  2
84  -9
88  7
87  1
93  3
51  3
103  2
90  7
73  3
68  -5
76  0
78  0
101  -4
65  -10
67  5
70  -4
72  -4
35  4
78  -1
75  9
48  7
65  -7
58  -3
63  1
72  -3
94  0
43  3
57  -8
110  2
58  -3
119  -2
95  -1
46  3
67  0
59  -7
68  -1
83  0
70  -4
68  -5
107  1
67  4
119  0
93  6
73  8
76  -2
109  3
102  2
90  4
65  -10
84  -7
94  -5
51  9
93  1
54  2
59  -10
70  -3
65  -10
74  0
74  5
59  -7
86  4
100  -3
89  5
45  -8
51  4
73  6
45  -4
57  -6
34  3
73  6
67  0
55  -4
72  -6
59  -5
86  3
63  -3
75  7
71  -1
98  -5
66  -7
90  8
44  -9
96  0
71  0
80  0
77  0
74  5
75  6
65  -10
89  4
62  0
119  -5
46  -2
100  -7
64  0
70  -6
56  -8
70  -2
74  2
70  0
57  -7
64  1
72  -2
95  1
76  -3
51  9
87  2
62  -3
80  0
72  -5
78  -3
66  -4
53  -2
90  8
46  3
107  1
80  1
56  -6
83  5
93  4
73  6
63  0
86  2
68  0
65  -4
92  7
65  -7
83  2
96  2
73  8
66  -7
65  -6
65  -7
89  3
35  3
71  3
58  -4
87  1
70  -1
83  4
57  -2
81  -8
74  5
75  6
76  -5
96  -1
77  1
89  5
91  5
65  -5
115  3
79  0
62  -1
68  -4
56  -7
72  -3
79  -1
98  -4
93  4
101  -5
92  3
83  1
84  -7
56  -5
61  -4
80  -1
70  -5
59  -4
50  6
86  5
81  -10
70  -5
99  5
90  5
73  6
110  3
75  5
81  -8
53  -8
91  5
63  -3
67  3
108  -3
80  3
51  8
111  -1
83  0
43  7
79  -6
62  -4
84  -9
110  2
110  -2
76  0
83  1
58  -2
72  -1
98  -8
82  3
58  -6
117  2
58  -1
77  3
71  -3
68  0
73  4
57  -7
68  -5
113  -3
104  -2
57  -6
74  1
66  -3
48  7
84  -9
80  -1
76  -3
86  5
78  2
78  -3
90  4
82  0
92  2
81  -4
120  2
54  -1
87  2
75  5
75  5
95  2
103  4
63  2
75  3
90  10
100  -6
54  1
80  1
83  1
75  7
62  0
85  -2
88  4
79  0
75  4
64  -1
70  -1
110  -3
73  6
64  1
74  -1
51  5
54  -1
59  -4
112  4
86  6
90  9
91  3
95  0
69  -3
66  -8
87  3
81  -8
84  -6
89  3
80  -2
85  -1
63  -4
71  2
59  -9
83  -1
60  -1
73  8
42  3
63  -2
54  4
93  1
72  -4
106  -8
94  1
50  2
73  2
65  -5
87  2
72  -4
54  3
96  -2
65  -8
78  1
84  -9
104  -1
53  -5
68  -4
93  3
106  -8
95  -1
79  -4
69  -3
85  -3
67  3
94  -4
84  -6
76  -4
61  -5
77  6
85  -1
91  6
86  7
77  6
88  5
59  -7
78  1
66  -4
69  -3
84  -10
82  -2
81  -9
99  1
50  1
95  3
65  -7
72  -6
86  1
84  -6
101  -3
61  -8
66  -4
93  2
99  3
84  -9
61  -10
76  -1
67  3
88  3
54  4
93  6
84  -5
55  -7
47  -7
73  6
74  2
119  -3
65  -5
69  -1
57  -8
86  2
76  0
68  -5
74  4
78  -3
74  1
72  -3
70  -5
84  -6
62  -1
90  10
96  -2
90  10
85  -4
63  0
64  -5
64  1
39  2
76  -4
100  -4
71  3
60  -2
65  -7
88  3
66  -8
71  3
70  -3
77  2
94  -1
90  8
105  0
93  5
65  -9
37  0
38  -4
64  -1
72  0
83  4
47  -8
53  -4
66  -7
65  -10
62  -1
71  -2
69  -2
135  10
100  -4
94  -2
80  -2
64  1
59  -5
72  -6
80  -2
167  6
75  7
79  -5
107  1
118  3
47  -8
111  -2
73  5
56  -8
67  2
79  0
105  4
68  -5
83  3
105  5
81  -4
65  -9
91  2
69  -4
62  -4
92  1
52  1
64  1
59  -8
59  -5
65  -6
49  1
56  -6
86  5
63  -3
58  -4
55  -7
81  -8
61  -4
78  1
98  -4
122  4
96  1
75  9
73  4
90  4
56  -9
80  2
69  -5
89  6
64  -4
69  -6
136  -5
61  -7
88  9
59  -5
97  5
70  -4
77  6
85  -5
78  -4
102  1
57  -7
85  0
97  8
65  -7
106  -5
90  9
92  6
99  6
67  5
107  1
73  2
110  -3
107  7
79  -2
70  -6
107  2
65  -4
67  6
71  1
60  -5
75  7
57  -7
80  0
54  0
87  0
58  -2
56  -9
58  -4
76  -6
72  -6
56  -7
48  3
65  -9
92  3
64  1
86  3
114  0
111  0
78  1
77  3
100  -8
75  5
74  3
63  1
104  1
83  0
79  0
41  -1
44  -6
80  -1
103  7
91  2
70  -1
89  3
69  -4
57  -6
91  1
106  -6
63  -2
85  0
84  -5
64  0
99  3
101  -3
54  5
76  -6
69  -4
54  4
65  -4
96  0
99  5
73  6
85  -3
66  -3
80  -1
106  -5
78  0
60  -1
76  -4
94  -5
64  -5
113  0
54  1
77  5
60  -2
84  -8
76  -3
63  -2
74  2
76  0
66  -7
58  -2
45  -7
77  6
79  -3
90  6
101  -6
60  -7
63  -3
65  -6
63  -3
68  1
85  -4
65  -8
103  2
54  5
83  4
60  -3
62  -4
53  -3
78  0
95  2
69  -3
67  2
102  0
66  -8
63  2
90  8
62  -3
68  -1
93  4
61  -8
68  -5
87  3
93  3
68  1
106  -3
61  -10
72  0
74  1
85  -5
96  -2
63  -1
63  -4
73  7
73  2
71  -2
75  5
74  2
94  -1
63  -1
91  4
59  -7
73  8
108  -2
60  -6
124  2
69  -4
85  -4
110  -1
85  -4
100  -4
75  7
62  -3
67  5
97  2
54  -1
88  3
88  5
85  -1
97  2
79  -6
111  -2
29  6
60  -6
92  5
62  -2
122  2
73  5
61  -9
120  -1
50  1
105  1
82  3
104  -3
60  -6
