24  -3
29  6
41  -3
41  -1
43  -7
36  2
33  -4
26  -7
26  -5
36  2
26  -7
23  5
35  0
22  -3
29  8
16  3
25  -3
23  3
31  1
31  1
30  3
20  -6
48  -1
17  -6
34  -1
17  -8
38  6
23  5
20  -6
21  -2
37  -2
22  -3
41  0
31  4
31  2
17  -6
35  0
25  -2
29  9
26  -5
22  -4
17  -7
28  1
27  -6
14  -2
23  5
30  2
20  -8
26  -6
25  -2
36  2
34  -2
26  -5
27  -8
22  -5
26  -7
23  5
34  -1
16  2
34  -2
33  -3
27  -5
39  0
27  -9
31  4
28  -3
36  4
26  -8
45  -6
37  2
27  -5
25  -2
37  -2
28  1
38  9
37  -2
27  -7
22  -1
48  -1
24  0
38  7
22  -1
22  -1
26  -7
27  -9
30  5
34  -1
19  -3
37  2
30  1
24  -3
38  6
36  5
19  -5
31  3
29  6
38  6
31  1
25  -2
25  0
38  6
20  -5
23  2
43  -6
38  7
32  -2
41  -2
22  -4
37  2
25  -2
25  -3
32  -3
33  -3
13  -4
26  -4
22  -1
49  -2
23  3
48  0
20  -7
31  4
24  -2
30  5
28  0
24  0
23  6
27  -8
28  -1
35  0
33  0
24  -2
30  4
51  -4
24  -3
29  9
27  -5
23  4
34  1
36  3
27  -5
37  0
34  -2
26  -4
42  -1
18  -2
21  -1
26  -6
30  3
23  2
26  -5
26  -6
33  0
27  -7
33  -4
25  -2
36  3
45  -5
49  -3
33  -2
16  3
37  1
25  0
25  -3
38  8
40  -6
31  2
29  5
29  5
19  -2
30  5
34  -2
17  -4
22  -2
42  -3
35  -1
36  5
29  7
33  -2
36  4
32  -3
32  -3
36  2
23  2
34  1
21  -2
53  5
26  -6
29  6
36  5
14  -1
21  -4
32  -1
44  0
34  -1
30  1
34  -3
31  4
23  6
42  -4
32  -2
26  -6
24  -2
29  9
27  -8
32  0
26  -7
29  5
48  -2
34  1
30  3
15  8
39  0
27  -8
43  -6
36  3
34  1
40  -4
23  3
32  -3
28  0
24  0
25  0
28  -3
21  -3
21  -4
36  5
20  -6
20  -9
25  0
21  -3
27  -5
30  4
30  3
24  0
24  -4
17  -6
28  1
29  7
35  -4
26  -5
31  2
37  -1
28  -3
47  -4
20  -6
25  -4
32  -2
26  -4
40  -5
29  5
39  -1
30  1
30  2
43  -7
34  0
37  -1
22  -5
28  -2
41  0
30  2
46  -5
21  0
22  -3
24  -2
38  5
34  -2
36  5
28  -3
29  5
24  -1
28  -3
15  8
32  -3
42  -4
26  -4
31  1
37  1
31  3
27  -7
43  -9
33  -3
26  -8
35  -4
34  -2
32  -3
29  8
21  -4
36  1
18  0
43  -9
39  -2
37  1
29  5
30  5
33  -2
22  -5
27  -9
14  -1
27  -6
25  -1
20  -7
35  -1
29  6
27  -9
18  -1
23  5
22  -5
25  -3
23  4
23  6
31  3
29  6
34  -1
31  4
38  7
34  -2
34  -2
28  -2
48  -1
40  -3
38  5
35  -2
25  0
24  -1
27  -5
34  -2
23  5
22  -2
21  -3
42  -4
39  1
23  4
33  -2
32  0
28  -1
38  9
41  -1
27  -6
18  -4
28  -1
20  -9
27  -8
28  -3
26  -5
37  0
22  -2
34  -3
23  5
17  -7
27  -6
27  -6
32  1
19  -4
18  0
26  -7
28  -2
29  6
29  7
23  3
35  -1
31  4
38  9
34  0
29  6
22  -3
32  -2
36  3
27  -9
26  -8
29  8
29  7
40  -5
25  -1
34  0
46  -8
30  4
24  0
23  2
19  -3
39  -1
38  9
25  0
25  -3
21  -1
29  9
25  -3
31  1
33  -2
37  -1
37  0
20  -5
35  -1
25  0
35  0
27  -8
30  4
27  -5
30  4
25  -4
18  -1
18  -4
39  -2
35  -4
23  4
26  -6
22  -2
37  -2
30  3
45  -5
40  -7
22  -4
29  5
23  6
31  2
22  -2
23  5
18  -3
22  -5
25  -4
30  5
55  3
27  -7
42  -4
38  6
30  1
17  -5
27  -7
44  -2
43  -9
24  0
28  0
39  -2
41  -3
24  0
23  4
28  0
27  -6
29  5
36  4
35  -4
25  0
23  2
32  1
30  5
20  -5
38  8
34  -2
24  -2
23  6
41  1
23  4
26  -7
27  -8
32  -3
14  -5
33  -3
38  6
14  -5
44  -1
31  1
26  -8
31  4
31  4
35  0
35  -1
32  -2
30  1
24  -2
28  0
20  -9
26  -5
24  -3
38  5
33  -4
23  3
16  3
29  7
37  2
41  -2
13  -5
30  1
29  7
30  2
28  -1
32  -2
25  0
36  3
36  1
20  -9
26  -4
29  5
22  -4
20  -6
21  -1
38  9
51  -4
25  -4
24  -1
19  -2
34  -2
33  -3
17  -8
22  -1
45  -5
15  5
33  -3
25  -3
25  0
26  -8
31  5
38  5
18  -1
35  -4
27  -9
21  0
37  -1
34  -3
35  -2
20  -7
40  -7
14  -4
21  -3
28  0
30  4
26  -5
42  -1
16  0
20  -9
30  5
40  -7
43  -5
34  0
38  8
28  0
27  -9
13  -8
36  2
34  1
26  -4
28  -2
33  -4
34  -3
22  -3
24  -2
38  7
29  6
39  -2
30  2
31  4
21  -3
25  -4
31  4
28  1
32  -1
31  4
25  -1
44  -1
20  -7
20  -7
35  -3
35  -2
33  -1
31  3
29  8
27  -6
27  -6
42  -1
41  -2
26  -4
19  -5
25  -1
38  9
31  2
32  0
18  0
13  -7
31  2
22  -2
28  -3
41  -2
29  6
21  -3
29  6
34  0
41  -2
28  -1
30  2
35  -2
22  -2
27  -6
36  4
26  -6
22  -3
34  1
19  -5
28  -3
37  -2
33  -2
27  -7
29  9
17  -8
31  1
36  4
21  -3
33  -1
32  0
31  5
47  -2
41  -3
26  -4
33  -2
30  4
21  -2
32  1
32  -1
22  -2
20  -5
23  3
39  -2
41  1
30  2
31  5
27  -5
31  1
27  -8
43  -8
30  3
17  -5
16  3
28  -3
29  6
25  0
22  -1
31  3
25  -4
38  7
26  -5
26  -6
24  -3
29  8
28  1
29  9
34  -3
25  -2
23  2
27  -8
32  0
23  2
35  -4
20  -8
12  -9
22  -4
27  -9
17  -7
29  5
24  -4
23  3
37  -2
36  5
39  -2
33  -4
27  -8
51  0
31  4
36  1
31  3
32  -1
32  -2
36  4
24  0
35  -2
44  2
42  -4
27  -6
27  -8
27  -8
34  -3
36  4
39  -2
23  2
39  1
29  5
57  1
39  -2
36  4
21  -3
21  0
19  -5
32  0
44  2
23  6
31  3
34  -1
26  -8
39  -1
43  -7
19  -3
28  -2
25  -3
34  -2
35  -2
32  0
46  -4
29  9
29  7
32  0
29  7
24  -1
23  2
25  -1
26  -6
28  0
33  -2
33  0
24  -2
23  6
23  6
23  6
38  9
19  -1
22  -3
40  -7
42  -1
24  -3
30  2
33  -1
34  -3
19  -3
23  6
25  -2
20  -7
32  1
26  -5
29  9
48  0
31  2
31  3
23  5
17  -6
33  -2
25  -3
40  -5
31  1
24  -1
31  4
25  -2
40  -4
54  -5
32  1
30  5
23  6
42  -2
25  -3
31  2
27  -8
32  0
35  -1
32  -2
33  -2
26  -5
29  7
20  -8
38  8
29  5
23  5
21  0
24  -3
17  -6
19  -1
29  9
19  -2
29  6
37  -1
31  3
36  5
20  -8
22  -3
19  -3
32  -1
36  5
22  -2
21  -1
24  0
30  2
25  -3
29  8
39  -2
34  0
23  4
30  3
32  -2
30  4
34  1
38  8
37  2
32  -3
43  -9
29  8
32  0
25  -1
39  -2
29  8
24  -2
38  8
25  0
28  -2
32  0
33  0
24  -3
34  0
28  -2
21  0
26  -5
22  -5
39  -2
28  0
30  5
25  0
29  8
36  3
27  -6
24  -3
30  2
37  1
20  -6
19  -3
40  -7
25  -3
28  0
27  -5
25  -3
38  5
21  -2
27  -5
33  -2
27  -7
32  -2
34  -2
29  8
23  2
33  -4
36  5
32  -1
23  2
38  7
30  3
28  -1
31  5
17  -4
19  -3
26  -7
34  0
35  -1
35  -3
26  -5
28  1
42  -2
28  0
24  -1
16  0
39  -2
37  1
36  3
26  -5
25  -2
33  -3
12  -6
26  -5
27  -9
28  -1
32  -1
31  2
27  -5
30  4
33  -2
27  -8
19  -3
31  2
52  6
21  -3
25  -2
19  -5
14  -3
27  -8
21  -3
32  0
29  6
48  -2
29  7
32  -1
34  -1
31  2
47  -4
21  -1
36  4
34  -3
36  3
22  -1
37  -2
27  -7
21  -3
16  0
29  8
38  8
38  6
37  2
29  7
20  -5
37  -2
35  -4
13  -8
38  9
36  2
32  -3
37  2
32  -2
39  0
30  4
32  -2
33  0
28  1
35  -3
11  -5
23  6
28  1
18  -4
17  -7
27  -7
30  2
44  2
18  0
39  1
42  -3
35  -3
38  5
37  1
47  -5
27  -8
29  8
25  -1
36  1
38  6
32  0
19  -5
55  1
46  -8
25  -2
30  4
26  -6
52  8
23  6
24  -4
23  2
22  -2
31  1
29  8
27  -9
35  -2
34  -1
37  -1
33  0
26  -8
19  -2
42  -4
34  -1
18  -1
31  1
36  1
36  4
20  -6
18  -4
33  -3
16  4
22  -3
28  -1
27  -8
27  -8
29  7
27  -9
22  -5
35  -2
20  -9
24  -2
38  7
48  -1
27  -7
33  -2
32  -2
40  -4
42  -1
25  -4
34  -1
15  6
30  4
26  -5
29  8
45  -6
27  -7
37  1
37  2
