253  -3
176  -3
250  -2
300  -7
211  0
265  3
188  -5
279  -7
212  1
162  0
257  6
293  5
231  10
266  1
303  -7
200  -1
297  5
206  -7
195  -3
276  10
174  -5
331  8
170  9
262  6
198  -6
351  0
254  11
262  6
260  1
242  -3
196  -2
268  7
272  -3
234  -6
267  9
280  10
229  -2
211  8
206  0
217  -9
298  12
205  0
198  -9
236  -3
244  -5
311  -8
283  -6
273  2
215  3
189  7
255  -5
255  2
259  0
296  -6
252  6
226  2
242  3
192  4
289  0
276  9
255  1
315  5
211  11
210  -1
264  4
282  11
228  -4
259  1
246  4
203  -3
254  2
231  10
293  -1
273  -6
220  -3
214  -1
288  10
215  -1
232  5
166  11
219  3
279  -5
331  2
341  -5
325  0
281  -11
223  -4
286  -6
292  -13
221  -9
213  -7
223  -1
318  5
264  -5
299  7
199  -14
252  9
218  2
307  0
323  7
301  -9
259  -6
160  -2
236  -9
194  3
302  2
212  -6
247  -10
192  -3
221  1
223  0
373  -7
253  -3
254  13
272  7
344  -2
266  5
270  2
218  -9
257  -4
268  -1
187  -1
217  -3
251  3
345  -12
222  5
200  6
219  4
251  0
224  -3
258  -5
248  -6
232  5
250  4
235  9
227  5
227  12
299  -3
242  3
256  5
246  -4
271  13
230  -5
302  11
224  0
303  3
351  -1
317  -1
299  -3
197  7
205  2
286  -7
227  -1
205  9
227  4
196  0
230  -8
347  6
259  -9
189  2
301  -10
228  -13
176  4
269  -4
247  -5
247  -2
246  1
247  -5
242  -3
309  10
229  -3
240  -6
317  -13
264  3
186  -6
227  3
232  -2
212  5
248  -3
206  -5
165  1
305  3
255  -6
204  8
209  4
302  4
191  2
184  1
235  6
282  6
190  -1
137  -9
300  2
228  -5
290  0
331  12
234  -6
250  9
244  -8
212  -5
188  -8
225  -10
242  7
165  0
196  4
295  7
318  3
250  6
171  7
271  10
229  -11
214  -2
220  -9
214  3
268  7
150  -7
317  0
168  3
160  -12
276  14
253  -6
234  -7
191  -6
154  -2
228  -7
144  -1
277  -2
191  2
278  8
223  -6
224  -8
202  6
225  0
158  -11
330  0
359  -1
228  -13
250  3
257  -2
218  0
256  8
265  -3
257  5
209  4
229  -1
162  0
213  5
259  1
166  3
297  -7
293  -4
163  3
284  -3
219  1
237  1
194  1
248  -6
280  -1
283  -1
307  -4
242  2
238  -4
249  0
243  6
217  -5
238  -3
181  -1
171  0
207  8
199  -5
217  -5
186  -4
308  5
229  -9
220  -2
201  3
205  -1
185  1
375  1
301  -5
254  6
182  0
205  -1
276  5
174  -3
194  -2
307  9
258  0
233  4
232  -3
223  -11
276  12
201  -5
241  -6
167  -1
211  9
213  0
236  -11
250  3
209  5
214  -8
242  1
275  -8
226  8
270  11
206  -7
204  2
246  9
338  -1
173  -8
249  8
192  2
297  -5
204  4
249  10
202  3
169  0
282  2
308  -6
377  -9
220  1
196  5
221  -6
275  -7
274  -7
355  -10
243  -1
271  9
246  8
207  4
238  -1
227  2
265  -6
152  1
253  0
219  3
221  -7
341  -9
240  1
251  -7
308  5
162  -2
229  -11
169  2
212  -7
234  -1
250  0
261  6
221  -6
228  -6
266  0
294  -4
226  9
251  1
187  -1
293  -2
298  1
214  -9
148  -6
316  1
248  -5
223  -5
330  -4
256  12
218  -9
167  -11
244  2
295  3
312  -1
228  -6
211  6
219  5
221  2
273  -8
292  -7
260  -2
285  10
310  1
269  0
255  -8
227  1
248  1
246  10
300  2
261  0
222  -3
146  13
220  4
273  1
244  -2
306  -5
229  3
215  -3
157  0
193  5
274  3
250  9
209  10
222  1
256  -1
346  1
264  3
222  9
320  -12
317  -3
214  -4
258  -13
250  9
280  10
262  0
223  -3
230  -5
334  -4
271  5
232  -6
332  2
291  1
271  10
212  1
234  0
208  7
200  -6
247  -11
225  -5
181  -5
285  3
312  -3
249  9
265  6
245  3
217  -7
167  -1
274  -9
326  3
259  -3
195  -5
170  -2
199  -2
228  -3
168  1
300  -9
194  5
276  1
183  3
218  3
246  5
264  -8
210  3
239  14
236  -1
228  0
260  -1
270  1
216  -7
264  -8
194  -1
159  10
313  3
237  3
215  -7
184  -3
247  -8
185  -2
251  -6
198  -4
146  9
176  -5
243  5
225  -13
210  8
309  1
188  -6
251  1
216  -2
208  -6
175  -6
244  5
248  -2
205  5
203  -4
212  4
282  -3
260  -1
234  -3
245  3
234  -14
239  5
180  -9
241  5
358  2
162  -6
210  -2
264  5
300  -11
284  -2
288  2
194  -8
196  -1
147  1
280  4
207  4
243  -5
258  1
217  0
255  -8
173  -6
196  8
207  13
293  0
169  10
309  1
170  0
238  5
246  4
258  -2
276  8
251  -7
254  14
298  9
235  7
238  -6
175  -8
232  -4
226  3
283  7
232  7
166  6
251  -6
333  10
283  -4
228  -5
242  0
304  -6
220  -4
249  12
238  1
256  -1
219  3
215  -8
170  -3
258  -10
234  -11
206  -12
311  -10
191  -2
241  6
344  5
257  -4
258  -11
212  4
262  6
214  -1
230  -9
184  -1
231  4
219  -3
233  3
251  -2
247  -3
262  5
226  11
194  -3
225  -1
204  2
255  3
259  -10
275  1
142  3
300  -4
231  0
230  -4
318  9
233  2
280  -1
229  -3
233  10
309  1
242  9
277  -2
241  -4
195  5
326  12
271  9
303  -6
170  7
161  -11
335  11
235  -1
230  -10
256  8
269  9
241  4
197  7
202  9
258  1
247  -12
265  5
218  3
188  -10
261  1
210  0
211  12
191  5
316  4
303  -2
223  -7
192  1
203  1
339  11
191  -2
245  -2
270  7
258  -6
235  9
309  6
357  -1
207  1
379  -4
269  8
305  -2
242  -1
210  -2
283  6
255  -8
310  -13
284  -13
244  5
216  1
297  -3
240  3
234  -3
201  1
194  -4
238  2
290  -2
162  1
188  3
306  -9
214  -4
242  4
192  2
131  2
211  6
225  -1
256  2
262  8
169  13
225  -8
289  2
210  11
197  10
177  -6
240  -8
240  6
300  -11
222  3
302  -3
165  -6
263  4
255  -5
187  3
283  4
156  -2
265  -6
283  6
247  -2
262  3
214  2
236  -14
233  13
181  -13
245  4
207  12
311  -11
255  -3
277  -4
258  -2
228  -9
315  5
214  -1
191  8
232  -2
285  5
304  2
210  4
198  2
218  5
235  3
233  6
297  2
285  1
228  -2
266  -4
175  -2
216  -9
264  2
220  1
231  7
249  1
237  2
233  7
259  -2
278  7
188  -9
230  -4
208  7
214  -5
234  -2
286  -3
227  9
233  12
225  -2
172  -10
272  4
203  -1
243  -8
215  -1
228  -1
260  -10
226  6
290  1
243  1
228  -3
249  1
245  10
207  9
262  -1
278  4
277  5
215  -5
254  11
257  -1
281  -12
283  6
212  -8
187  1
265  4
258  -11
303  -1
211  4
277  7
152  -10
262  12
281  -12
223  -10
263  -8
225  -13
294  -2
227  1
201  -2
200  1
316  7
203  -10
250  -5
289  2
265  5
267  13
313  14
233  2
278  2
191  -6
268  1
294  -1
232  1
246  8
275  4
185  -10
247  -11
213  4
230  -5
328  5
225  -4
270  -2
175  -8
258  -4
254  5
262  10
248  5
227  2
266  -2
207  10
274  4
265  -6
291  6
230  -1
217  3
279  -11
285  -2
234  -8
200  -2
226  5
253  -11
249  1
212  6
191  -6
165  -2
324  4
248  4
253  -3
223  -8
208  7
212  3
219  9
214  -1
195  1
258  0
261  5
229  0
241  2
197  5
214  1
245  3
206  2
239  10
199  -8
221  -9
252  1
173  -3
206  2
203  0
291  5
202  7
273  -9
225  -4
227  6
185  0
211  14
166  3
245  8
214  3
249  4
192  4
206  -8
310  -2
206  -5
255  -7
252  12
284  -7
302  5
266  8
255  -3
199  -1
219  3
220  1
216  -11
236  -9
308  -2
218  -9
186  -10
281  -4
265  6
250  -3
219  -5
215  -4
240  0
215  -1
196  -4
214  -4
241  -2
327  -5
205  4
193  9
321  0
155  7
333  1
310  -9
251  4
203  -5
209  -4
191  -2
254  3
258  -12
234  0
241  -6
230  -2
204  -3
181  -7
287  3
227  2
196  10
193  8
288  9
307  4
226  14
208  1
249  0
179  9
181  -13
259  -2
293  7
328  6
257  -3
312  -3
290  5
249  6
238  -2
239  11
207  12
177  0
147  -5
179  -1
266  -3
306  -13
318  3
298  13
247  -1
196  8
185  0
229  -8
176  2
182  -4
160  -13
274  -1
206  -1
226  4
222  8
233  10
216  1
252  11
300  -6
186  -3
263  -8
255  -2
232  0
199  -7
264  4
309  3
300  -6
307  -4
255  3
254  4
309  8
250  -1
272  3
215  -4
199  -13
174  -5
192  1
318  5
250  -5
210  11
233  5
199  -14
255  -7
171  7
313  4
216  -2
255  0
203  -5
282  11
248  2
211  13
225  -14
321  8
287  9
200  -6
336  -8
220  -3
293  -3
290  5
195  3
254  6
245  2
288  11
230  -12
230  -5
265  2
188  -5
291  0
178  -10
258  -4
209  10
200  -1
319  -10
298  5
225  -4
247  0
202  -3
258  -13
223  -2
191  6
204  7
232  3
236  -9
219  3
309  0
223  2
206  -12
253  -4
260  -1
277  -6
220  2
264  -3
283  -4
231  3
285  -3
229  0
284  -14
348  -9
239  2
