13  -2
5  -2
20  2
6  1
7  -10
5  6
13  -11
4  0
12  4
1  -6
23  -3
8  -1
6  5
7  -6
6  -2
12  7
7  -2
13  -11
11  6
10  1
13  -2
5  4
17  -4
13  -8
5  5
10  0
16  7
13  -5
6  1
8  -7
22  3
14  3
4  -1
22  3
4  -5
9  6
2  3
5  6
17  1
3  -5
6  0
7  -4
4  -2
7  -3
15  1
6  1
8  -9
13  -1
8  -1
6  5
14  -5
5  2
10  -1
14  -2
9  2
19  2
9  -3
8  -4
6  4
9  -2
15  7
12  11
13  -5
7  -5
24  -5
15  3
13  -10
19  1
8  -7
6  6
17  -3
10  0
11  3
10  -2
12  10
8  1
14  4
16  3
14  0
3  -6
12  12
9  -3
13  -11
14  2
16  1
11  6
9  -1
12  5
11  12
10  2
4  -7
13  -1
3  -7
4  -5
14  4
6  2
19  9
14  -1
6  4
6  4
21  -4
12  5
8  -8
9  1
9  5
3  -7
10  8
22  10
15  3
11  4
15  2
12  2
6  3
14  -6
9  5
7  -6
18  -3
4  -9
7  -2
13  -11
10  1
0  0
14  3
7  -5
12  6
6  7
7  -1
7  -8
18  -3
17  0
6  2
11  7
11  8
20  3
20  10
7  -8
3  -1
13  -1
6  1
26  6
12  10
8  -7
4  -8
25  -3
4  -3
15  3
7  -10
10  6
7  -5
14  -4
12  3
15  -1
17  -2
7  -2
11  3
4  -7
11  4
27  -1
17  5
14  -2
8  1
14  -5
7  -10
8  1
1  -6
10  3
18  0
11  5
12  2
9  2
18  3
7  -1
6  2
10  7
10  7
12  3
13  -1
17  3
18  4
16  6
6  4
9  4
14  -2
9  -3
24  -2
7  -9
6  3
13  -6
10  3
7  -5
17  6
12  9
13  -3
8  -7
8  -8
16  1
16  0
14  0
12  7
5  3
11  11
6  -2
20  6
11  2
13  -8
11  11
5  0
13  -1
11  8
19  6
17  4
18  -6
21  -2
15  3
8  -2
13  -1
12  8
5  7
24  -1
1  -6
32  2
5  1
8  -4
7  -8
20  1
2  1
7  -8
7  -7
7  -1
16  4
13  -6
7  -1
11  3
7  -3
6  3
5  4
31  -5
10  -2
19  4
9  3
11  8
11  9
11  2
23  -3
17  -3
11  10
16  4
7  0
11  9
16  9
12  11
9  5
2  -1
5  5
18  -4
12  3
4  -8
11  9
7  -1
25  0
15  1
11  6
6  -2
4  -10
13  -7
19  4
12  6
8  -6
18  4
10  -2
17  2
19  1
16  7
7  -2
8  -5
9  0
12  2
9  1
12  10
20  4
17  2
19  6
9  -4
11  5
4  -8
5  3
8  -1
3  -1
5  2
10  7
11  9
19  9
12  5
12  10
10  0
19  2
8  -7
7  -1
13  -5
13  -4
17  -3
19  2
17  4
9  4
3  -6
13  -2
20  10
22  4
18  -1
14  0
9  0
11  8
13  -10
8  1
18  4
9  4
8  -8
12  11
11  10
7  -4
20  1
23  -8
5  3
18  -4
6  6
23  -4
25  1
3  1
10  -2
10  7
15  2
8  -9
3  -1
4  -1
6  7
12  3
13  -8
7  0
12  3
20  5
16  1
20  2
22  9
12  8
15  -3
6  5
14  -3
7  -10
11  6
13  -11
16  8
4  -8
10  1
6  2
10  4
15  2
5  7
2  -2
3  0
22  4
9  2
4  -5
19  2
22  2
3  -9
16  4
9  -2
19  6
12  6
8  -3
4  -4
9  3
19  4
23  -8
6  8
9  -1
6  5
4  -3
14  -5
33  -6
9  1
3  -9
2  -3
4  -8
15  2
13  -6
11  5
18  -3
7  -5
15  5
8  -2
11  8
9  6
18  -4
8  -7
14  -2
15  -2
27  2
6  6
11  5
6  1
25  -6
24  2
8  -7
8  -1
15  7
23  -4
14  4
13  -3
5  8
19  2
5  -1
8  0
9  3
3  -7
3  0
20  2
7  -2
14  4
15  -3
10  2
19  1
7  -3
18  -1
8  -9
15  1
10  7
13  -8
8  -2
27  -5
3  -7
5  5
17  -1
11  4
7  -8
14  2
14  -2
5  4
13  -10
22  3
18  3
15  -1
7  -9
5  2
13  -6
18  -4
6  3
4  -2
10  1
11  6
14  -6
9  -3
18  0
21  1
6  2
17  5
5  -1
15  -2
9  1
7  -5
19  7
20  3
18  1
18  2
12  10
7  -10
13  -6
17  -3
10  5
21  -8
3  -2
19  3
5  0
15  0
8  -7
7  -5
22  7
19  1
6  0
8  -1
7  -1
17  4
6  -2
16  5
10  8
6  2
14  -1
10  7
4  -6
10  1
8  -7
7  -6
9  0
14  2
5  1
18  -4
10  -2
10  5
11  5
6  3
13  -6
11  4
10  0
4  -7
11  6
9  3
9  -4
10  -1
12  11
9  2
9  5
16  0
17  -1
3  1
1  -6
7  -2
21  -3
22  9
18  -3
8  -4
4  0
7  -1
28  -8
24  3
4  -3
3  -4
16  4
11  6
24  3
7  -9
6  2
4  -2
4  -7
11  9
2  -1
6  2
22  3
21  -5
9  2
9  -2
15  4
7  -1
12  10
12  10
9  5
7  -2
24  4
5  6
32  -4
22  3
8  -9
10  -1
12  10
4  -9
19  10
7  -10
6  3
8  -5
6  1
3  -4
16  9
6  5
10  8
10  8
11  9
9  -4
7  -5
5  -2
7  -9
5  3
17  -3
20  9
9  -3
5  0
11  11
24  3
19  8
8  -2
13  -9
5  7
10  3
4  -6
3  -9
15  3
9  6
14  -3
5  6
3  -9
7  -8
0  5
16  1
6  7
8  1
2  -1
5  6
12  4
12  9
7  -1
13  -5
15  6
8  1
14  0
7  -5
17  -3
11  6
22  2
10  8
2  2
3  -5
8  -9
14  0
25  -6
12  2
8  -1
20  11
12  3
12  10
16  6
4  -1
4  -9
14  -3
16  7
7  0
13  -3
12  6
5  5
9  1
10  8
13  -3
19  3
8  -2
11  3
8  -2
9  -4
9  6
15  2
13  -10
14  -3
8  -4
15  7
17  -2
6  3
8  -2
5  -2
14  -4
8  -6
9  -1
14  -4
11  10
8  -1
13  -2
12  8
11  12
13  -3
14  1
11  6
15  2
13  -4
8  -5
4  -10
8  -1
9  -3
12  11
15  0
12  6
11  12
20  5
14  -5
14  -5
8  -1
10  1
14  -2
7  -3
20  3
13  -3
14  -4
7  -9
13  -1
15  -3
10  8
7  -3
5  4
3  -5
12  8
7  -8
6  -1
25  1
5  -1
13  -4
4  -3
14  -1
13  -4
20  11
18  2
2  -3
7  -7
17  -3
14  3
15  6
5  0
9  4
7  -10
16  2
14  4
11  4
13  -9
16  9
5  -1
4  -3
15  -1
8  -4
15  7
10  1
6  8
11  2
13  -2
13  -2
4  -8
13  -10
19  5
13  -1
6  1
22  5
11  7
9  2
10  7
4  -7
8  -1
8  0
3  -7
14  4
16  8
13  -3
26  -2
14  -4
9  1
9  4
10  4
19  2
2  5
4  -9
11  6
12  6
7  -3
5  2
19  5
16  6
13  -2
13  -9
27  -4
9  2
14  4
21  -4
8  -3
11  12
11  5
14  -4
9  0
13  -9
10  1
15  0
7  -5
5  3
14  -4
11  11
13  -6
20  10
7  -5
11  9
18  0
14  0
11  7
9  4
17  5
7  -5
19  8
8  -6
26  5
10  -1
9  -3
5  8
20  8
5  8
10  -1
17  6
23  0
6  7
20  2
9  1
6  3
8  -3
7  -3
7  -5
20  8
9  4
11  3
8  -2
10  -2
15  4
5  1
6  4
8  -4
10  7
15  3
14  -1
7  -6
17  -4
6  -1
10  4
19  5
12  5
18  1
13  -2
11  11
7  -7
17  4
10  -1
20  4
10  0
3  -5
20  11
10  7
11  12
8  -3
19  0
16  3
15  0
5  -1
4  -7
11  3
13  -3
27  -2
14  -5
16  8
12  11
10  8
16  6
15  5
8  0
8  1
24  1
5  1
16  1
12  9
10  -1
15  3
15  -2
15  3
1  -6
11  2
8  -3
5  6
15  3
22  1
20  9
7  -7
6  0
15  6
8  -9
12  4
6  -1
14  -2
9  -4
11  4
16  2
5  -2
12  11
6  7
16  5
16  7
26  2
27  0
23  -5
11  2
5  2
5  0
5  4
8  -7
7  -6
20  10
8  -7
12  2
5  1
5  3
15  3
2  3
10  6
17  5
10  -2
21  -1
24  1
18  -2
16  9
4  -2
4  -1
3  -5
5  -1
6  -1
11  8
5  1
5  0
6  5
5  3
11  9
9  0
16  1
4  0
2  3
5  2
9  -3
11  10
8  -2
7  -7
20  6
29  11
12  3
27  -2
13  -2
5  2
7  -3
17  -1
3  -8
16  0
12  11
13  -6
11  3
9  3
22  9
7  -3
5  2
15  6
12  9
8  -8
14  -1
5  -2
11  10
11  8
11  2
12  10
15  4
3  -3
6  1
10  1
9  2
2  -3
10  7
9  1
13  -3
8  -1
6  3
21  -1
8  -8
21  -4
9  1
5  -1
8  -3
10  7
7  -1
23  -10
17  -2
14  4
10  6
26  -2
17  4
12  8
9  -4
4  -1
10  5
8  -8
16  6
5  8
5  3
15  4
11  3
14  -5
15  6
24  -4
11  5
27  3
13  -1
13  -10
5  -2
18  -1
11  5
19  8
8  -6
9  -1
19  2
15  6
14  -4
8  -1
7  -9
12  10
14  -4
23  0
9  0
7  -6
28  -7
19  4
9  -2
