54  11
67  -4
48  -9
48  -9
61  -3
43  -3
65  -8
85  8
52  4
64  -11
57  -4
32  5
53  -1
68  10
88  -13
63  -6
55  -8
60  -12
45  2
44  -7
57  8
34  7
41  12
55  -8
67  -7
64  -1
48  -8
60  -8
43  -8
50  -5
66  2
60  -9
79  -4
75  -6
60  -9
49  -2
41  7
82  11
51  -3
63  -1
59  1
70  8
33  2
37  -10
58  -5
43  6
71  -11
42  -9
64  -3
42  0
66  7
49  -6
38  2
61  -8
41  10
24  -8
61  -3
46  7
62  8
47  2
71  -4
55  -7
37  1
60  -5
43  -1
33  13
57  -4
28  -6
74  -9
53  1
68  8
76  -11
39  5
44  0
33  8
44  -5
50  2
56  4
40  -11
45  4
61  -7
71  -6
41  9
56  -4
80  3
49  3
63  2
65  -4
36  -5
57  8
64  -10
86  0
57  0
62  0
40  -7
56  1
65  -9
46  9
48  -10
61  0
62  10
56  6
79  -3
44  -8
50  -2
45  4
58  -5
47  6
52  -6
48  -9
69  -4
74  -8
38  -1
51  0
42  -6
61  -6
67  -4
66  -1
39  8
55  -6
50  -4
72  4
47  -3
46  -5
62  1
59  6
54  12
67  -10
58  -5
88  1
50  5
56  -1
47  8
57  4
51  -8
50  1
53  2
58  4
53  -2
34  -5
55  -3
51  -1
49  -10
49  -11
47  4
63  3
39  -1
43  -3
48  0
58  -6
51  1
76  -11
69  6
46  6
72  5
53  -8
61  -3
63  -5
54  1
58  3
68  -1
56  9
58  2
42  -11
50  2
36  0
71  -6
65  -7
49  3
56  7
33  3
45  12
45  6
47  1
44  -3
60  -12
47  7
51  -10
61  -8
50  -7
77  -5
57  8
48  0
52  2
49  1
61  -2
58  1
56  -1
59  2
62  6
77  2
66  -4
55  -4
62  -3
54  13
49  1
55  -9
41  4
64  -3
63  0
64  -2
62  -2
58  -1
55  3
60  -5
55  -3
65  0
71  -4
47  5
40  -10
67  -3
56  -1
51  -3
50  -1
62  4
65  -11
60  -11
64  -9
60  -11
49  -1
72  4
40  -9
55  -3
47  2
61  -4
66  6
65  -1
58  -7
42  -5
44  -8
41  3
57  -2
38  1
45  9
33  9
51  -5
55  -3
61  -1
44  -5
37  0
41  4
54  1
54  14
31  -6
45  4
48  -2
60  -7
62  8
50  7
56  4
54  11
54  0
68  5
53  2
46  -1
37  -1
53  -6
61  3
68  10
53  -12
55  5
53  -2
45  6
56  1
52  -2
51  -2
53  -11
54  9
68  1
58  6
35  6
47  3
54  4
56  10
66  6
54  8
55  -5
49  -1
48  -3
55  -1
48  -3
41  6
54  6
46  3
47  -6
74  -13
61  2
54  5
52  -7
58  -5
50  1
69  -5
48  -8
40  0
79  8
76  -7
63  -2
37  1
47  8
58  7
55  -2
41  12
52  4
93  -11
53  -4
60  -11
63  4
52  -3
39  12
40  -9
78  -1
35  2
44  -8
45  1
59  -6
49  -5
64  -2
36  1
52  -2
35  -5
36  6
45  3
56  -3
40  -2
51  2
55  -8
34  6
63  7
57  -2
72  0
65  -1
85  -1
43  4
41  12
54  10
72  0
31  4
52  -1
31  -6
67  -8
46  -1
59  3
42  -3
58  7
87  13
47  7
49  -7
65  -4
63  6
74  0
45  8
50  -1
56  -2
44  -1
40  -5
49  3
67  3
27  0
64  -4
61  6
55  -5
47  3
57  6
62  4
69  4
74  1
64  -6
34  -3
36  -3
57  -3
63  -2
49  -6
65  -12
38  1
53  -2
38  -5
35  2
59  -6
52  4
69  -5
65  -11
46  0
64  -9
62  4
49  -8
58  5
47  -4
64  -9
47  -2
73  7
57  8
39  5
52  -1
51  -5
49  3
49  -2
45  1
61  2
81  -6
66  7
58  0
49  -9
72  -1
50  3
66  6
60  -9
30  2
41  9
53  -5
47  5
64  -3
46  0
71  0
69  4
40  -2
50  -4
45  3
56  6
58  -4
41  11
44  -8
56  0
60  2
34  2
52  5
56  -4
48  3
59  7
49  1
73  -2
53  -5
47  -6
55  -3
43  -3
62  0
46  3
67  3
55  0
72  5
35  1
73  4
66  4
53  -4
53  -12
51  -7
79  10
50  1
41  5
52  0
82  9
52  5
66  -2
49  1
35  -3
55  -2
43  -2
76  -6
58  -5
62  -1
54  6
93  0
45  7
59  4
57  3
62  0
50  5
35  7
77  0
56  8
54  0
53  2
46  1
37  -7
52  3
47  -2
52  3
60  -2
47  -4
49  -9
72  8
53  -11
78  7
80  1
54  0
61  3
49  -1
44  -1
51  -2
65  -8
50  -4
74  -3
54  6
77  -5
76  -1
54  0
62  0
52  -1
58  6
47  0
52  -4
29  1
42  -1
40  -8
55  -4
45  3
63  8
68  9
44  -8
48  -8
55  -4
45  4
49  1
49  -10
51  2
32  -1
44  -4
63  -6
64  -8
74  -10
50  0
33  1
62  2
66  9
69  3
55  -7
54  0
50  -4
50  4
57  3
45  0
29  10
70  -2
74  -1
49  -4
60  -10
52  -2
48  -2
45  0
56  -1
71  -10
50  -7
46  3
40  1
68  6
74  -1
55  5
47  -2
48  -2
46  -3
81  0
40  -10
43  -5
83  -8
68  0
71  -7
75  -6
63  -4
53  -9
62  -2
56  -2
49  -2
43  -4
41  9
62  10
53  -11
73  8
44  -13
63  4
51  -4
58  -4
41  6
38  3
57  9
68  2
52  4
76  -1
40  0
45  4
71  -11
45  1
53  -12
47  -3
42  -12
43  -8
60  -7
51  -3
62  11
46  0
69  6
51  -6
41  7
63  -5
49  3
65  -4
56  -1
65  -3
67  -10
34  0
42  -13
42  -13
51  1
53  0
41  4
73  -1
45  7
57  7
42  -6
56  10
49  -11
91  -3
44  -11
53  -8
72  -4
84  1
20  4
48  2
56  3
38  2
45  8
45  1
68  4
57  7
49  -3
50  4
35  6
46  -5
58  7
65  -6
60  1
59  5
74  -1
48  -1
43  1
66  6
48  -9
60  -1
59  -4
61  -2
48  1
76  -5
64  -6
71  -9
61  -4
87  11
60  -1
76  -14
67  -10
52  -5
53  -5
51  -6
48  -7
54  6
51  -8
67  -7
58  7
30  5
52  3
60  -4
67  -9
49  1
42  -12
51  0
48  -5
57  10
59  0
60  -4
47  -5
45  9
55  2
56  3
39  9
58  1
51  -5
60  1
52  -2
67  2
39  3
45  5
61  5
58  -5
49  -9
55  4
59  1
59  6
45  12
52  -9
54  8
45  2
58  3
60  -2
54  13
54  1
65  -7
78  3
48  -6
48  -5
37  -8
56  1
51  0
73  -5
55  4
52  5
50  0
36  -4
61  4
46  -5
64  -11
67  -10
73  4
55  -6
41  2
51  -9
44  1
52  0
54  7
44  -12
63  7
64  -1
56  1
65  -12
46  -5
50  -3
49  -8
83  -11
54  8
58  -1
59  2
47  -1
55  -5
39  8
63  -6
73  2
46  8
59  2
64  0
76  -4
58  1
58  -5
47  -4
61  5
67  3
54  12
42  1
51  -2
63  3
52  -3
42  -11
51  0
51  -6
30  12
48  1
65  -1
46  5
75  -8
42  -10
55  -9
53  -2
48  -1
49  -5
60  1
42  -10
71  -1
38  -6
63  -1
54  13
47  3
55  -6
50  2
45  4
58  -1
49  -1
46  -3
24  -6
59  8
87  5
44  0
48  2
63  7
66  -5
50  3
73  -3
47  -4
49  -9
45  5
62  -2
41  11
55  -7
72  -2
50  4
40  -10
50  5
53  -8
60  -1
64  -2
48  -4
70  -1
48  2
56  4
40  -8
48  3
70  5
60  -12
72  6
56  4
58  6
52  4
58  -4
40  -12
45  8
73  7
43  -4
56  -2
58  2
44  -6
61  -1
51  -4
52  -3
45  10
56  2
52  4
44  -10
41  7
55  0
51  -6
52  1
63  1
62  9
53  -3
43  -5
45  2
70  -2
53  -4
37  -2
44  -7
54  10
45  3
55  -4
39  -2
44  -12
58  -7
70  -1
61  5
39  6
48  1
62  7
52  -4
48  -3
63  7
53  -12
51  0
43  -4
60  -4
47  -3
61  2
46  3
60  -10
43  0
58  2
33  5
60  -12
54  13
38  -1
50  4
44  -8
43  -6
41  12
45  4
63  7
58  7
43  -3
49  -5
36  -5
45  4
68  -4
53  0
72  -6
54  9
46  9
34  -4
46  5
72  4
58  -4
42  -12
52  -2
50  -1
57  7
40  -6
47  5
46  6
57  9
42  -2
45  -1
28  -7
64  -4
52  -9
42  -1
51  -5
44  -12
67  -4
46  8
42  -6
69  -8
41  5
56  4
59  8
35  9
49  -6
33  8
61  -7
65  -1
66  7
51  -3
56  9
53  0
40  -11
49  -9
49  -3
59  7
45  1
29  -1
67  -5
52  -4
56  2
62  0
59  -6
80  6
61  -7
65  -4
76  -3
56  9
58  7
72  -6
68  8
47  8
35  1
68  5
44  -2
32  7
55  -3
59  -5
56  2
54  6
55  -6
58  -5
45  7
46  2
53  -5
48  -2
53  -9
80  -6
51  -8
56  -1
49  -9
75  -5
52  -8
71  1
64  -1
54  4
61  6
77  -2
44  -9
36  -8
42  -7
56  -2
53  -9
54  4
55  -9
51  -5
46  3
58  4
55  -9
48  -9
45  3
61  1
40  1
53  -5
51  -2
52  -4
47  3
73  -3
54  2
77  -3
48  -9
47  6
33  10
62  4
45  0
59  5
46  5
32  3
49  -9
59  6
48  -5
56  9
61  -4
70  4
55  5
97  6
42  -5
49  -5
