34  3
73  -3
55  2
33  6
53  -4
58  4
43  -3
48  2
40  8
37  -9
56  -3
22  -4
40  6
62  -7
59  -7
28  -3
33  3
54  -5
56  0
36  2
29  -1
39  1
33  8
55  2
60  -1
42  1
47  -2
35  -1
30  1
39  -1
34  -2
41  -3
58  1
59  -6
57  0
44  -10
46  6
48  3
57  0
41  -4
54  -8
61  -5
37  -6
51  -10
54  -7
37  -9
36  -2
30  -2
43  -4
89  10
43  -2
28  -2
22  2
29  1
34  -2
33  7
46  2
62  -9
57  -2
34  3
48  3
71  0
41  -6
55  5
30  -4
43  -5
49  7
58  2
56  -2
56  -1
50  6
61  -5
44  -8
78  -1
60  -1
39  1
72  0
44  -10
51  -7
52  0
59  -8
63  7
52  0
48  2
51  -9
48  2
39  2
51  -6
41  -6
58  5
62  -3
49  4
90  -8
33  4
50  7
57  -1
37  -4
45  -1
59  -5
29  -5
59  -5
54  -5
64  -4
49  7
50  7
51  -7
51  -10
50  5
52  0
42  1
36  2
59  -9
22  2
37  -5
45  1
34  0
48  2
27  -1
45  5
33  3
41  -9
59  -6
59  -10
46  7
30  -5
52  0
33  7
42  -2
52  0
43  -5
62  -4
42  4
31  -2
56  -1
48  3
47  -4
49  2
58  2
75  -8
65  3
30  1
55  2
47  -7
49  2
91  -5
50  4
54  -4
63  6
45  0
62  -9
38  10
31  -6
45  0
87  1
56  -4
50  7
41  -5
52  5
53  0
61  -1
49  3
52  -1
52  2
41  -9
59  -10
40  5
59  -6
69  4
34  -1
48  0
30  -4
42  1
55  3
55  1
40  4
36  -1
39  0
53  -2
49  1
81  5
57  -1
55  5
32  -2
22  -1
45  4
40  5
33  2
75  -6
54  -4
51  -7
45  0
53  -2
59  -7
38  7
41  -3
50  4
41  -7
38  4
43  -1
51  -4
59  -9
54  -2
35  3
41  -6
38  9
54  -7
51  -4
42  2
45  1
31  -6
53  -3
40  4
65  8
31  -3
51  -6
64  -7
33  5
75  -7
68  2
50  5
30  -5
49  1
39  4
56  -3
64  -5
39  3
53  -2
61  -7
39  0
25  2
58  7
38  5
49  3
34  2
58  2
50  10
76  -6
32  -3
35  -1
60  1
64  -8
33  7
50  7
61  -5
48  -1
33  4
55  3
58  6
49  2
53  1
36  0
71  2
48  0
49  1
57  0
45  4
69  4
39  5
53  -3
54  -4
36  -2
49  5
30  -5
74  -7
51  -10
41  -7
63  3
50  7
54  -6
61  -6
45  5
41  -6
38  6
49  5
34  1
42  3
64  -6
22  -1
45  1
54  -6
42  1
20  -5
49  3
72  4
37  -5
43  -1
32  1
53  2
57  -5
44  -5
42  2
43  0
54  -2
40  3
31  -3
99  1
35  3
49  1
41  -8
83  5
29  -2
46  4
62  -6
48  -1
23  5
40  4
55  3
45  5
50  9
50  4
55  6
80  -4
50  4
54  -2
31  -2
37  -8
48  4
40  4
68  -1
41  -4
46  3
37  -4
48  0
54  -5
59  -6
57  -1
59  -4
39  3
52  4
40  5
66  0
63  9
52  2
37  -9
49  3
66  -2
55  6
29  -2
46  6
68  -3
38  10
56  -5
35  4
36  4
51  -7
24  -7
60  -3
64  -5
79  2
91  -6
47  -3
55  4
25  4
58  3
42  -1
31  -3
48  2
35  1
56  -5
59  -10
68  2
73  -7
55  1
55  0
42  3
64  -10
44  -4
37  -7
43  -5
44  -8
62  -3
43  0
51  -8
58  7
58  2
61  -7
59  -8
64  -8
56  0
35  -1
62  -6
48  2
48  3
45  4
44  -6
45  1
42  -2
37  -9
28  -1
40  5
44  -6
59  -9
58  5
63  3
57  1
58  5
36  2
37  -5
55  4
59  -7
61  -4
54  -2
33  6
75  -9
45  -1
58  1
46  3
63  5
31  -4
45  5
50  6
43  -1
67  -5
49  6
63  6
43  -1
40  6
39  3
53  -4
56  -4
54  -6
48  1
48  1
59  -7
55  0
52  0
50  6
62  -9
49  4
76  -6
38  4
43  1
37  -8
44  -8
49  1
58  5
69  1
41  -7
60  -2
65  5
50  9
43  -3
33  2
43  -1
37  -6
47  -7
57  -4
53  2
49  4
50  7
66  1
44  -10
71  -1
28  -3
54  -7
38  4
28  -2
62  -3
34  -1
64  -9
59  -6
43  -2
63  3
46  4
42  4
48  -1
45  5
50  5
63  3
49  1
49  7
65  5
58  4
45  -1
45  4
60  2
47  -2
45  5
43  -4
24  -4
46  5
37  -6
33  7
54  -7
36  0
49  2
50  4
33  2
37  -8
42  -1
30  1
37  -6
40  9
48  4
62  -5
65  8
40  5
91  -10
38  10
69  3
56  -1
48  2
40  8
41  -5
54  -8
45  3
31  -2
40  3
46  3
22  -4
49  3
50  10
39  1
42  2
40  5
72  4
28  -2
54  -5
46  8
49  2
60  -2
50  8
60  -3
66  -2
38  5
38  7
72  4
64  -5
38  4
34  0
56  -2
46  8
26  -5
41  -7
30  -3
41  -4
32  -2
54  -7
59  -6
38  5
39  3
61  -3
44  -9
47  -2
58  5
60  3
63  7
63  4
54  -7
53  -3
63  8
51  -9
32  -1
43  0
49  2
74  -1
59  -10
45  2
61  -1
46  2
60  2
57  -3
38  7
25  4
73  -2
41  -4
42  3
33  2
51  -9
74  -4
47  -6
49  4
41  -6
65  8
69  1
40  6
47  -4
51  -6
26  -5
67  -5
36  3
36  4
81  0
36  4
30  1
44  -6
54  -7
27  0
52  3
53  2
69  2
43  -4
47  -3
50  5
60  0
57  1
37  -4
73  -3
70  -5
39  3
54  -7
33  8
50  6
56  -4
58  3
63  5
46  6
40  8
34  3
48  1
71  1
39  2
37  -4
72  1
37  -9
62  -9
69  3
35  0
28  -1
43  1
20  -2
33  3
25  0
26  -2
35  0
33  7
41  -9
48  -1
27  0
63  3
47  -3
24  -4
23  5
50  6
61  -1
58  2
31  -5
63  4
58  5
33  5
57  -2
43  -4
38  7
56  -1
48  2
33  5
54  -3
54  -8
50  4
47  -6
30  0
44  -8
51  -9
50  4
49  6
47  -6
42  0
31  -2
45  3
33  5
43  1
35  -1
63  7
30  -4
58  4
28  -1
45  -1
50  5
66  -2
41  -5
59  -5
46  6
50  9
34  2
41  -9
31  -2
49  7
33  8
33  6
41  -7
41  -7
74  -1
69  3
21  -4
53  2
72  0
71  5
59  -9
26  -2
40  9
35  0
37  -8
46  2
40  6
46  3
65  4
33  5
30  -5
46  6
34  3
57  -1
57  -1
53  -2
59  -10
42  -2
41  -9
54  -2
52  2
44  -5
41  -8
40  9
62  -9
58  5
33  8
39  4
39  3
64  -10
54  -2
54  -8
75  -8
49  2
48  -1
21  -8
35  1
36  -1
78  -4
61  -3
50  7
34  0
91  -7
34  1
55  1
40  7
40  5
27  -3
57  -3
42  0
69  2
40  7
32  -1
44  -9
75  -6
18  -1
33  2
51  -4
53  -1
38  6
44  -10
40  3
92  9
30  -3
28  3
48  0
51  -5
43  -2
65  2
44  -7
34  0
59  -7
47  -3
60  1
52  2
49  2
41  -4
44  -10
56  0
56  -2
43  -2
43  0
57  0
34  1
45  3
36  4
75  -4
34  -1
57  -3
34  2
24  -5
33  2
53  -2
59  -7
49  2
69  3
69  2
34  0
44  -6
40  9
47  -3
65  2
56  -2
57  -1
47  -6
48  -1
47  -7
49  7
45  1
28  -2
60  1
55  4
32  3
51  -7
45  3
50  10
41  -5
49  3
61  -1
53  0
73  -6
28  -1
84  -4
37  -9
77  -7
69  0
47  -2
42  4
26  -8
45  1
67  -1
45  4
34  2
55  1
57  1
35  -1
82  1
52  2
57  -2
38  6
70  -5
35  2
44  -4
48  0
38  7
35  4
54  -3
51  -9
57  1
48  5
37  -4
55  6
25  2
49  3
57  1
62  -9
53  2
57  -4
76  -6
74  -7
39  5
41  -4
36  4
47  -3
23  0
46  4
66  4
39  4
49  6
37  -10
63  3
55  6
66  -2
41  -8
83  10
41  -7
42  0
34  0
41  -5
55  6
42  2
63  7
45  2
48  2
43  -5
44  -5
43  -2
35  -1
47  -6
52  2
46  6
68  -3
56  -4
39  5
52  0
46  3
50  8
63  5
44  -6
43  -5
43  1
51  -9
103  7
63  4
59  -10
37  -5
84  -2
67  -1
51  -7
63  7
57  -5
75  -9
65  2
50  10
46  7
82  -3
39  5
61  -5
45  0
33  3
46  6
69  -1
75  -6
82  3
66  -1
52  2
39  0
36  2
26  -2
79  -1
34  -1
28  1
54  -5
35  4
54  -8
70  -6
48  5
30  0
60  -1
70  -3
59  -10
42  2
57  -2
36  -1
48  1
73  -4
33  7
59  -5
75  -8
76  -3
59  -8
29  -5
50  9
79  5
38  10
46  3
35  -1
52  5
45  2
49  6
45  5
77  -3
30  1
59  -9
41  -8
57  -5
45  2
81  5
25  6
58  5
81  0
49  6
79  1
50  5
45  -1
69  3
44  -8
49  7
43  -2
62  -5
56  -3
55  4
62  -3
34  0
55  4
41  -8
48  3
41  -8
59  -8
32  1
22  2
51  -7
54  -7
36  0
66  -1
74  -7
60  3
23  1
49  1
25  4
51  -7
34  4
68  -2
36  -2
50  9
45  1
33  3
40  8
36  -1
43  -4
48  0
66  4
85  -2
