27  6
15  1
15  -6
33  -5
18  1
22  8
20  -7
23  -10
18  1
14  1
25  -1
19  -4
21  -3
22  9
31  10
10  -6
25  1
22  8
15  -5
15  -3
23  -9
17  -7
12  4
22  1
23  -10
19  -5
18  3
22  1
24  0
18  1
22  1
25  1
25  1
24  -9
17  -7
30  7
15  -1
20  -4
16  -9
19  -5
30  4
28  6
26  -3
13  -10
30  5
24  -8
11  -2
20  -6
11  -1
21  -4
15  4
18  3
18  -1
16  -1
22  8
31  4
16  -10
15  -2
18  6
11  -2
21  -4
13  -8
19  -8
34  6
24  -9
15  4
29  2
26  -4
23  0
23  -5
19  -11
11  4
18  5
24  -1
16  -11
13  -2
19  -4
30  13
21  1
15  -1
29  11
20  -1
22  8
17  -1
11  10
30  13
13  -9
26  -10
10  -1
17  -5
27  2
23  -6
21  -1
18  1
19  -12
31  1
21  -9
20  -8
24  -7
17  0
10  6
24  1
22  2
31  10
18  -3
18  2
25  -6
21  -9
31  10
10  3
21  -5
29  5
30  2
17  -6
18  0
12  -2
25  0
33  0
23  -2
17  -9
14  -2
10  5
21  -9
19  -2
18  -4
30  7
21  -7
12  -2
10  1
16  -5
21  -6
24  -3
17  -9
15  -1
13  -3
20  -2
25  -1
25  -3
31  8
7  -1
16  -5
29  4
18  6
31  3
28  -3
17  -5
18  -4
27  6
20  -9
15  -5
17  3
15  6
20  -3
14  2
17  1
14  8
26  -11
19  -7
17  0
17  -1
33  -3
18  7
22  -2
20  -2
9  -11
17  1
21  -5
13  -3
14  -1
24  0
14  8
18  5
19  -12
10  -4
21  -10
15  -4
23  -7
31  6
16  -8
14  -3
25  -8
13  -11
18  0
14  7
14  -1
17  -3
16  -2
22  5
25  2
6  -4
17  0
15  5
15  -3
9  -4
16  -1
12  -4
8  -8
23  -2
16  -8
16  -8
10  6
14  6
17  -1
27  5
14  -2
9  -13
22  9
6  -2
10  0
32  -2
20  2
16  -1
24  -1
33  1
33  3
25  -6
26  -2
19  -5
17  -6
17  -4
14  3
13  -11
24  -4
16  -9
18  6
24  -1
21  -11
14  5
15  1
15  -2
28  4
25  -6
22  1
17  -3
24  -9
14  5
10  3
24  -7
15  4
30  1
13  -5
14  9
22  1
35  2
15  5
20  -4
13  -6
18  -1
14  -2
15  6
20  -6
17  -5
15  -3
24  -8
12  7
20  2
17  -4
28  8
16  -11
28  4
25  -7
21  -3
20  -5
11  6
5  -4
18  7
19  -11
24  -1
18  3
18  1
17  -3
23  -10
19  -3
18  3
18  0
25  -8
20  -1
16  -8
14  -3
14  9
22  5
21  -6
20  -8
15  5
28  5
15  4
11  8
29  4
12  2
17  1
21  -3
10  2
22  1
29  9
12  2
25  -3
27  -1
28  -3
13  -4
22  4
16  -13
14  4
16  -1
20  0
26  1
17  -5
9  -8
11  0
27  2
18  6
11  1
19  -7
13  -10
13  -11
19  -7
10  -3
16  -1
15  -2
16  -5
27  -1
17  1
22  -3
25  1
19  -5
14  -2
28  2
14  3
27  4
21  1
29  6
16  -13
16  -1
16  -13
21  -8
16  -6
13  -12
14  -1
26  1
21  -1
17  -6
21  -11
31  6
16  -4
14  8
11  7
16  -7
33  2
25  1
13  -12
14  4
14  3
21  -6
27  0
23  -7
23  -11
10  -3
27  8
20  -8
17  0
20  -1
18  -4
20  -7
15  6
17  0
17  -9
16  -12
17  -1
17  -3
16  -12
27  11
22  0
23  -8
20  -9
17  -5
20  -7
18  1
24  -1
16  -11
20  3
11  9
22  9
25  -5
26  0
12  0
18  6
30  13
28  5
23  0
23  -10
10  -6
17  -8
19  -9
16  -12
13  -6
27  5
19  -3
22  0
22  1
19  -1
13  -13
17  -5
13  -4
24  -9
20  -9
23  -8
26  1
22  5
8  2
20  0
26  0
16  -9
25  -9
9  -12
14  9
14  4
24  -5
20  -3
18  1
27  7
13  -3
22  7
18  0
30  6
22  -1
18  3
13  -1
24  -10
20  -1
20  -4
26  -8
18  7
21  0
19  -3
27  2
22  9
25  1
17  -3
21  -9
19  -7
18  -1
21  -11
16  -3
20  -1
15  -2
18  7
20  0
21  -8
18  -1
16  -8
26  -1
24  -10
15  3
15  1
26  -9
19  -10
34  -3
20  -2
16  -9
23  -4
19  -3
15  2
17  -6
15  0
21  -2
22  4
14  7
13  -6
15  -6
7  -6
26  -9
9  -11
19  -2
15  5
21  -8
16  -12
13  -10
34  4
25  2
15  1
19  -1
26  -1
20  -6
7  6
16  -3
13  -13
15  -5
34  8
22  7
25  -6
18  -4
13  -1
23  -5
16  -11
20  2
12  -1
15  -2
13  -12
32  0
11  8
24  -11
14  6
26  -11
17  -9
22  1
20  -8
22  1
25  -10
18  -2
18  3
22  1
14  5
13  -3
11  4
24  -8
17  -7
19  -2
15  -3
17  1
27  6
16  -11
26  0
14  2
25  -3
18  1
21  -4
18  5
17  -2
21  -2
23  0
24  -10
29  1
18  6
16  -7
27  10
13  -6
17  -9
14  0
20  1
21  -1
24  0
26  -3
20  1
21  -8
24  -1
20  -8
22  8
20  2
10  1
14  3
17  -2
25  2
9  -3
24  -10
19  -10
18  3
20  -6
17  -4
16  -9
19  -6
21  -6
31  13
15  6
24  -3
17  1
19  -5
25  -6
28  3
11  2
12  -4
25  0
16  -9
20  -8
13  -7
21  1
18  -1
36  -6
14  0
18  6
16  -12
23  -3
18  -4
18  5
19  -5
15  -6
18  2
19  -8
13  -13
24  -2
12  7
29  11
14  -3
20  -3
19  -1
18  -3
31  6
16  -4
24  -9
22  -1
18  2
33  -3
12  1
17  -1
10  -2
19  -13
25  -1
22  6
18  -1
17  1
19  -3
10  1
23  0
8  -7
21  -3
14  3
30  2
18  2
15  5
31  10
15  -3
20  -3
14  9
27  10
33  -2
18  -3
18  4
25  -2
23  -2
20  -5
14  2
27  7
19  -4
20  -1
31  9
24  -6
18  3
21  -9
13  -8
11  -2
10  -5
18  7
14  -1
17  -8
16  -5
14  2
17  3
18  5
20  2
17  3
11  3
11  1
25  -6
19  -1
30  6
23  -3
15  -5
15  -5
27  7
16  -3
32  4
27  7
23  -6
20  -8
15  -3
16  -8
21  -1
25  -7
24  -8
12  7
13  -9
22  6
25  -1
20  2
28  8
29  6
15  -5
22  7
20  1
22  5
27  11
20  -2
24  -8
18  4
18  -1
18  -2
18  7
18  -2
31  9
34  -2
27  -1
20  -8
28  2
11  9
8  1
16  -8
19  -7
19  -6
32  -4
22  -3
13  -12
27  9
35  11
18  -4
16  -3
25  -5
19  -2
27  4
19  -8
17  0
14  8
17  -6
21  0
19  -4
23  -7
24  -1
19  -2
23  -4
14  1
11  -1
17  -1
11  2
16  -12
21  -8
20  -9
17  -5
14  6
23  -2
24  1
24  -2
15  0
19  -9
27  2
27  3
18  8
14  -2
34  9
19  -9
18  0
21  -5
28  8
20  -5
20  3
19  -3
22  4
16  -12
20  -8
12  7
20  -1
14  1
30  7
9  -3
24  -4
17  -4
17  1
31  10
20  2
23  -5
25  -5
13  -3
24  0
16  -12
19  -2
29  8
24  -10
30  12
16  -11
19  -5
19  -1
16  -9
28  -1
16  -7
21  -3
28  2
12  -1
21  -11
24  0
27  10
15  -5
21  -4
8  -8
16  -8
17  -2
20  -5
17  -5
19  -5
20  -8
14  1
13  -5
17  -4
25  -1
26  -3
17  -9
16  -10
16  -5
18  -2
27  11
14  -3
21  -8
23  -5
27  4
16  -7
24  -1
17  2
17  -2
17  -7
11  -1
20  -3
33  -5
21  -4
9  -10
11  -1
24  -5
23  -3
27  4
27  2
25  0
15  3
26  -6
17  -9
25  -2
11  4
10  -6
16  -11
14  6
22  9
23  -3
24  -1
20  -1
24  1
18  -1
13  -5
24  -10
15  -4
14  8
20  -3
23  -3
16  -12
28  6
15  1
23  -1
11  6
20  0
17  3
19  -5
18  3
21  -2
24  -4
27  10
14  -3
15  -3
14  9
18  8
12  1
25  -3
16  -12
12  6
16  -4
20  -9
21  -4
14  8
20  1
22  8
18  -4
15  1
25  -5
13  -4
19  -13
17  -8
26  -3
17  2
18  0
15  -2
19  -1
18  2
12  5
16  -13
21  1
14  -2
20  -2
18  -4
19  -9
21  -10
18  -4
15  -2
12  -3
29  6
24  -5
34  -3
36  6
18  -1
31  6
18  -4
27  7
25  1
31  8
22  1
15  5
9  -12
28  8
22  9
23  -9
18  2
10  4
16  -13
18  -1
14  6
21  -8
20  2
22  7
27  7
20  -9
17  -5
26  -5
23  -1
24  -11
12  -2
32  6
14  -1
23  -12
15  5
22  0
32  0
15  5
17  -2
24  -7
21  1
27  1
21  -9
12  0
18  0
16  -8
26  -8
21  -4
12  5
21  -3
26  1
20  -2
12  -1
26  -4
15  -4
22  2
20  2
28  -4
30  9
29  8
13  -7
15  -6
12  -3
31  1
18  -4
20  -9
21  -4
21  -10
24  -5
24  -9
14  -1
28  7
12  2
24  -8
18  -3
22  5
23  -12
20  0
20  1
13  -1
8  -4
19  -9
18  6
24  -7
19  -1
23  -8
29  6
28  8
12  -4
18  3
29  1
19  -5
12  6
15  -5
12  -5
14  -2
16  -11
24  -10
16  -12
21  -8
16  -13
8  2
17  -3
16  -4
23  -6
21  -3
15  6
28  6
17  -9
26  -2
11  8
22  9
32  -3
21  -6
12  -1
20  -7
