26  -3
30  0
29  4
29  3
14  3
44  -4
31  -1
21  -5
27  6
16  4
33  -6
26  -2
39  4
21  -4
22  2
23  0
20  8
26  -4
52  -6
17  -6
33  -7
37  -8
33  -7
21  -5
33  -6
29  2
55  2
29  2
28  -2
37  -8
27  6
34  -6
40  -4
37  -8
30  2
45  5
17  -6
34  -6
30  1
21  -4
24  6
31  0
24  8
21  -4
37  -7
18  -3
9  8
20  6
36  3
31  -2
15  8
32  -4
35  0
25  5
15  7
38  3
51  -5
24  7
25  4
28  -3
23  1
21  -5
39  4
36  2
18  -2
25  5
33  -6
40  -4
18  -4
40  -4
38  2
25  5
38  3
46  -4
42  3
45  4
40  -3
25  6
15  6
31  0
32  -2
46  -4
21  -3
34  -5
26  -3
23  1
39  2
32  -3
38  3
29  2
35  0
64  -2
23  1
27  6
29  2
36  1
25  5
23  0
42  3
40  -5
11  7
38  3
33  -6
46  -4
33  -8
40  -4
38  4
39  3
25  4
21  -4
39  2
30  0
41  -7
37  -8
34  -7
19  2
43  -1
18  -3
45  5
38  4
29  3
50  1
18  -4
25  5
39  4
50  0
30  1
30  0
20  8
47  5
51  -3
27  6
37  -7
28  -3
30  2
35  1
28  -2
28  -4
20  6
24  6
28  -2
46  -4
32  -3
39  4
44  -5
44  -4
25  5
25  5
24  8
25  4
34  -7
18  -3
35  0
33  -7
29  4
37  -6
19  1
41  -6
14  1
35  -1
31  -1
19  0
26  -2
26  -2
39  2
34  -6
43  0
48  -1
25  5
23  1
44  -5
15  6
26  -4
33  -6
41  -5
20  8
32  -2
26  -2
45  3
26  -2
29  4
36  2
20  6
36  2
38  2
30  2
36  1
37  -7
21  -3
34  -7
29  3
33  -7
22  3
29  3
45  5
40  -4
26  -2
23  1
37  -6
49  -3
19  1
28  -2
38  2
40  -3
34  -5
35  0
20  8
33  -8
11  7
27  5
45  5
20  8
36  3
38  4
35  -1
29  2
64  -2
34  -5
26  -3
40  -5
17  -6
33  -7
33  -6
17  -5
14  1
29  4
37  -7
27  5
32  -4
51  -4
21  -5
41  -6
42  5
26  -3
43  -1
25  4
21  -4
23  -1
30  0
24  7
46  -5
47  5
43  0
21  -4
20  7
22  1
39  2
45  3
40  -4
21  -4
18  -2
42  5
36  2
24  8
51  -3
34  -7
28  -4
44  -6
41  -6
24  6
27  5
39  4
30  0
44  -4
29  2
25  5
20  6
28  -3
26  -3
40  -3
34  -6
32  -3
43  -1
29  2
18  -4
16  2
25  6
23  1
21  -4
28  -3
30  2
14  2
19  0
20  6
26  -2
37  -8
24  7
17  -4
30  2
46  -5
33  -6
40  -5
49  -2
43  -1
28  -3
24  7
36  3
21  -5
46  -3
27  7
39  4
14  1
29  4
34  -5
41  -7
34  -6
12  -5
32  -4
40  -5
21  -3
53  2
39  3
52  -6
38  3
26  -3
23  -1
32  -2
41  -6
21  -5
37  -8
37  -7
22  2
41  -6
42  5
18  -4
22  3
10  7
28  -2
35  -1
41  -5
30  0
26  -3
37  -8
17  -5
28  -4
27  7
64  -2
27  6
25  5
21  -5
29  3
38  3
32  -2
22  2
35  -1
29  4
40  -5
20  6
25  4
24  8
52  -7
23  -1
31  -1
27  5
39  2
11  7
23  0
34  -5
13  -3
34  -5
61  -5
22  1
24  8
56  4
18  -4
34  -7
64  -2
40  -3
28  -2
29  4
51  -4
37  -8
21  -5
34  -7
35  0
35  0
22  2
27  7
34  -6
24  7
32  -2
21  -4
26  -4
21  -3
23  0
17  -6
51  -4
39  3
18  -4
24  8
23  1
10  7
37  -7
23  0
39  3
23  -1
31  0
24  8
31  0
27  7
28  -2
24  6
12  -5
51  -3
33  -8
48  -1
25  5
32  -4
29  2
16  2
24  7
28  -4
22  2
39  3
34  -6
39  4
42  5
26  -4
52  -7
33  -7
29  3
20  8
29  2
38  3
34  -6
46  -4
33  -6
47  4
24  8
31  -2
26  -3
25  6
17  -5
21  -5
45  3
25  5
29  4
33  -8
30  2
21  -5
18  -4
39  2
24  8
21  -4
19  1
37  -8
24  8
31  0
45  3
23  -1
44  -5
45  5
17  -5
20  7
36  3
42  4
18  -4
40  -5
24  7
26  -2
57  2
25  5
23  0
38  3
33  -8
19  2
26  -3
28  -3
48  -1
27  6
25  4
36  2
29  4
35  -1
38  4
26  -2
31  0
29  2
17  -4
27  6
27  6
36  2
17  -6
43  -1
34  -6
30  1
31  0
23  0
26  -3
20  8
24  6
40  -3
33  -7
28  -2
38  2
42  5
53  2
32  -4
30  0
29  2
52  -7
41  -5
40  -3
27  7
30  2
37  -7
28  -4
25  6
23  0
29  2
19  2
27  7
28  -2
42  3
32  -2
35  -1
26  -3
43  -1
59  -3
55  3
23  -1
26  -4
9  6
53  2
28  -4
38  3
26  -4
44  -4
28  -4
14  1
33  -8
45  4
25  4
32  -2
31  -1
47  4
24  8
27  7
48  -1
33  -7
21  -5
44  -6
36  2
34  -5
40  -4
36  2
40  -3
25  5
35  0
44  -4
22  1
26  -3
44  -6
38  4
48  -2
19  2
32  -3
35  1
20  7
29  2
36  2
30  2
21  -3
34  -6
47  5
31  0
27  7
35  -1
40  -3
36  1
29  3
28  -4
35  1
14  1
40  -5
34  -5
36  1
32  -2
27  5
24  6
34  -6
18  -3
31  -2
27  5
41  -7
40  -4
25  4
32  -3
23  -1
29  2
38  2
20  7
34  -7
36  1
21  -5
25  4
12  -5
40  -4
37  -8
57  2
21  -5
49  -2
49  -3
37  -6
63  -3
27  6
27  6
42  4
14  3
26  -4
37  -8
34  -5
24  6
22  2
22  2
40  -3
37  -7
22  2
27  6
48  0
23  0
50  0
33  -7
35  1
31  -2
37  -8
23  0
29  4
25  4
32  -3
23  0
26  -3
43  -2
23  -1
25  4
37  -6
44  -4
19  0
30  0
40  -3
30  1
27  5
34  -6
30  0
34  -6
32  -4
27  6
39  3
29  3
28  -2
19  0
35  -1
26  -4
23  1
37  -7
24  6
21  -4
20  8
37  -6
31  0
25  4
39  4
29  3
21  -3
44  -5
37  -8
15  6
19  2
32  -2
48  -2
47  5
19  2
26  -3
36  3
40  -5
35  -1
34  -5
47  5
19  1
27  5
36  2
29  2
14  2
21  -5
49  -2
14  2
23  0
26  -3
37  -8
42  4
29  4
27  6
29  4
25  6
24  6
25  6
18  -4
30  1
25  6
37  -8
14  3
19  2
35  0
30  0
33  -7
31  0
22  2
32  -3
20  8
26  -4
24  6
41  -5
22  2
44  -5
21  -5
37  -8
58  8
29  2
36  2
37  -6
30  2
21  -4
33  -7
24  7
44  -5
15  7
15  8
28  -4
24  8
37  -7
34  -6
50  0
22  3
36  1
34  -6
29  2
31  0
49  -1
41  -6
33  -7
31  -1
18  -2
25  6
26  -4
25  5
30  2
43  -2
33  -6
17  -5
28  -3
46  -5
58  8
19  2
39  4
27  7
22  3
24  8
25  4
29  2
39  2
47  4
34  -6
17  -5
47  3
20  7
29  2
38  2
13  -3
28  -2
23  1
32  -4
24  7
28  -4
40  -5
46  -3
43  -1
22  1
18  -3
50  -1
26  -2
59  -2
33  -6
22  3
34  -6
23  -1
15  8
39  2
33  -6
31  0
42  3
49  -3
19  0
48  0
17  -4
36  3
45  3
14  1
18  -4
29  3
26  -3
27  6
30  1
26  -3
30  1
26  -4
33  -7
34  -5
24  7
28  -3
36  2
44  -6
38  2
24  7
25  4
46  -4
26  -4
33  -8
44  -6
28  -4
26  -2
20  8
56  5
36  3
24  7
24  8
37  -8
16  2
32  -2
28  -4
27  5
13  -2
39  3
32  -3
16  3
26  -2
32  -2
49  -3
25  5
40  -4
14  3
27  5
23  0
22  3
35  1
33  -6
31  -2
12  -5
24  6
34  -5
33  -7
25  4
27  7
15  8
46  -5
21  -5
34  -7
20  8
29  2
36  1
42  3
26  -4
45  4
29  4
29  2
37  -6
29  2
41  -6
31  -2
26  -4
30  1
15  6
49  -3
30  1
28  -4
32  -4
22  3
32  -2
22  1
27  7
28  -4
35  1
30  0
36  2
35  1
31  0
20  7
37  -8
31  -2
58  8
22  3
24  7
19  2
38  4
23  0
44  -6
21  -4
29  2
30  0
27  7
25  4
41  -7
39  3
36  1
57  3
25  4
34  -5
26  -3
37  -8
24  6
22  2
32  -3
26  -4
23  0
59  -3
16  4
42  4
32  -2
32  -4
20  8
38  2
32  -4
23  1
38  3
26  -4
36  3
24  7
45  5
42  5
32  -4
40  -3
28  -3
21  -4
30  1
34  -5
36  3
24  8
56  5
51  -3
41  -5
39  2
30  2
19  0
13  -1
34  -5
35  1
19  1
33  -8
15  7
49  -3
31  0
45  3
21  -4
29  2
27  6
35  1
41  -7
34  -5
20  7
28  -3
28  -2
30  0
30  0
56  4
35  -1
27  5
17  -4
25  5
30  2
57  2
23  -1
26  -2
19  1
33  -6
24  7
25  4
42  3
37  -7
21  -3
27  7
20  6
27  7
49  -1
35  -1
24  6
24  8
30  0
29  4
36  2
31  0
23  1
18  -3
21  -5
27  5
27  5
31  -1
62  -5
9  7
25  4
23  0
40  -4
