13  5
11  2
12  -6
6  1
6  1
9  -3
12  -5
5  -4
8  -3
13  6
10  7
13  5
15  -7
10  8
12  -6
4  0
13  6
9  -3
18  6
9  -3
15  -5
9  -1
7  3
7  2
9  -1
11  0
10  7
11  2
16  -1
10  8
8  -2
16  -3
13  6
7  3
7  2
17  7
6  0
22  -4
15  -5
8  -2
8  -2
13  7
6  1
10  8
10  7
4  0
9  -3
6  1
7  2
9  -2
11  1
9  -3
12  -5
7  2
10  7
9  -2
6  2
13  6
10  6
10  7
12  -4
11  0
11  1
16  -1
13  7
8  -3
13  5
8  -2
8  -2
8  -3
9  -3
7  2
11  1
5  -5
21  1
6  1
7  2
6  0
9  -3
7  3
5  -5
12  -4
11  0
12  -4
9  -2
10  6
12  -6
14  -4
9  -3
6  0
11  2
13  6
6  1
9  -2
10  6
4  2
11  1
11  1
10  6
8  -2
7  2
13  7
16  -3
7  1
5  -4
11  0
17  5
13  5
13  5
5  -5
14  -5
9  -1
7  2
8  -1
15  -7
4  1
16  -1
10  8
4  0
6  2
5  -6
6  1
6  2
8  -2
10  8
7  3
23  -4
8  -2
6  2
8  -3
15  -5
11  2
21  1
14  -6
13  7
6  2
12  -4
3  0
4  1
7  2
6  1
6  1
10  8
7  3
11  0
13  7
8  -1
14  -4
6  0
10  8
10  8
14  -6
14  -5
3  0
16  -3
10  6
11  2
17  7
7  3
15  -6
21  -1
15  -6
10  8
8  -3
10  8
9  -2
8  -2
19  1
4  0
8  -3
4  2
5  -6
10  6
10  7
16  -1
2  5
7  3
11  0
11  2
11  2
10  7
21  -1
11  1
8  -1
12  -4
19  1
11  0
14  -4
15  -7
12  -6
12  -5
7  2
7  2
6  0
8  -3
13  6
11  0
16  -1
6  0
9  -1
8  -3
9  -2
10  8
11  2
12  -6
15  -6
9  -1
10  8
7  1
15  -7
4  1
11  2
15  -5
9  -3
12  -4
8  -2
8  -2
9  -2
9  -3
8  -1
9  -1
12  -5
10  7
12  -5
9  -1
7  3
14  -4
15  -7
4  0
6  0
10  8
9  -1
7  2
9  -2
14  -6
4  0
10  8
10  7
20  -6
5  -5
8  -3
13  5
8  -1
19  0
4  0
6  2
9  -3
12  -5
11  1
9  -2
9  -1
12  -5
11  0
9  -3
9  -2
20  -5
15  -7
5  -4
12  -5
4  1
10  7
6  1
8  -1
11  2
10  7
9  -3
6  1
7  1
10  6
6  1
6  2
9  -1
10  6
5  -5
9  -3
4  1
11  0
12  -4
5  -5
6  0
5  -5
10  7
17  7
19  2
14  -4
10  8
11  2
12  -6
7  2
5  -5
22  -5
7  1
9  -2
11  2
9  -2
12  -5
9  -1
5  -5
14  -5
11  1
7  2
13  5
9  -1
17  6
9  -1
12  -4
10  8
14  -5
8  -2
12  -6
15  -7
15  -5
13  5
3  0
8  -3
14  -6
14  -5
8  -3
8  -1
4  1
16  -1
9  -2
6  1
6  2
7  2
19  1
17  7
7  3
10  7
6  1
10  6
5  -5
16  -2
15  -7
10  7
9  -3
6  0
12  -5
4  2
7  1
15  -6
12  -4
8  -1
12  -6
13  6
10  8
5  -4
10  7
13  5
12  -4
9  -2
13  7
16  -3
11  2
8  -1
12  -6
8  -1
15  -6
10  6
10  7
10  8
9  -3
14  -6
8  -2
11  2
8  -1
4  2
4  1
14  -6
10  7
10  7
11  1
6  0
12  -4
10  6
7  3
11  2
18  6
8  -1
14  -4
8  -3
5  -6
7  3
2  7
18  5
11  2
12  -5
12  -5
7  2
14  -5
7  2
9  -3
11  2
13  6
15  -5
8  -2
6  2
5  -5
9  -2
9  -1
9  -1
10  8
15  -6
8  -1
5  -4
6  0
5  -5
7  2
7  3
15  -5
14  -6
16  -2
9  -2
8  -3
8  -3
7  1
15  -5
12  -5
7  1
10  8
13  5
10  8
7  2
6  0
15  -7
7  2
12  -6
11  0
3  1
22  -6
15  -7
2  5
10  8
10  6
8  -2
3  1
9  -3
8  -2
18  7
7  3
10  7
12  -4
7  2
9  -3
10  7
11  2
7  1
7  2
9  -1
4  1
12  -6
8  -1
13  7
8  -1
10  6
8  -2
16  -2
14  -4
11  0
11  1
9  -2
12  -6
10  7
7  2
7  1
16  -2
8  -1
9  -2
4  1
10  6
20  -6
7  3
9  -2
18  6
10  7
15  -5
12  -4
13  7
7  3
7  1
10  7
6  2
10  7
9  -3
10  7
8  -3
12  -5
11  0
12  -5
9  -3
8  -3
9  -3
11  1
6  1
13  5
9  -2
7  2
7  1
6  0
5  -5
12  -6
7  1
11  2
10  7
10  7
12  -5
6  0
11  0
16  -1
5  -4
10  6
14  -5
5  -5
9  -1
13  6
7  2
18  6
17  6
11  0
11  2
17  7
9  -2
17  6
2  7
7  3
7  1
11  0
9  -1
10  6
10  8
7  2
16  -1
7  3
13  5
12  -5
4  0
8  -3
21  1
8  -2
8  -1
5  -4
3  -1
14  -5
13  5
13  5
14  -4
12  -6
6  1
17  5
18  5
6  0
18  5
8  -2
17  7
12  -6
18  6
16  -3
16  -1
8  -2
5  -4
13  6
23  -2
18  5
6  2
13  7
7  1
13  7
9  -2
6  0
10  8
10  8
12  -6
12  -4
8  -3
9  -2
16  -1
3  -1
16  -1
9  -3
9  -3
9  -3
12  -6
6  1
12  -5
8  -1
11  1
9  -2
6  2
13  7
17  6
9  -3
8  -2
9  -3
8  -3
10  7
13  5
6  1
9  -2
5  -4
8  -3
11  0
13  7
14  -6
15  -5
8  -2
14  -5
9  -2
10  6
12  -5
5  -6
2  6
10  6
12  -4
9  -3
5  -5
14  -5
7  2
7  2
4  2
7  2
7  2
8  -1
15  -5
10  6
10  6
8  -2
10  7
9  -1
8  -1
8  -3
6  0
11  0
12  -4
3  0
8  -2
8  -3
14  -5
7  3
12  -5
9  -3
4  0
9  -2
11  0
3  -1
9  -3
11  1
10  8
7  1
8  -3
12  -4
8  -3
13  5
9  -1
9  -1
11  1
9  -1
4  2
14  -6
11  1
7  1
10  8
12  -5
18  5
6  0
7  2
11  2
12  -6
10  8
13  5
17  7
17  7
12  -5
12  -4
18  7
10  8
7  1
12  -6
9  -2
7  2
8  -3
15  -7
6  1
16  -1
7  3
8  -2
13  5
13  6
9  -1
8  -1
20  -7
12  -6
12  -6
6  2
8  -1
18  6
8  -3
15  -5
4  2
8  -3
9  -3
16  -2
11  2
8  -2
9  -1
11  0
12  -4
8  -3
14  -6
10  7
15  -5
12  -6
7  3
11  0
15  -5
15  -5
9  -3
10  7
6  1
9  -1
10  6
11  0
13  7
4  1
6  0
17  5
11  1
13  7
9  -3
13  6
10  6
9  -3
7  3
7  3
10  6
11  2
3  0
4  0
12  -6
6  0
4  0
19  1
6  2
5  -4
5  -4
11  0
8  -1
2  5
7  3
10  7
14  -4
8  -3
13  7
3  0
7  3
12  -4
8  -2
4  2
13  5
11  0
13  6
7  1
13  5
8  -3
7  2
4  1
9  -2
5  -6
10  6
6  2
11  1
3  1
12  -4
5  -6
7  3
8  -1
9  -3
8  -2
20  -7
11  2
13  7
7  3
19  0
3  1
13  7
14  -6
4  0
20  -5
7  1
6  2
9  -2
11  1
9  -2
17  6
6  1
8  -2
8  -3
13  5
11  1
4  2
13  7
13  7
8  -1
10  7
16  -3
12  -5
19  0
8  -2
8  -1
11  2
5  -5
8  -3
14  -4
9  -1
6  1
6  0
12  -4
5  -5
7  1
7  1
11  1
7  2
6  0
7  1
13  7
10  6
17  5
16  -3
1  -4
10  7
5  -4
7  1
9  -2
11  2
12  -5
10  6
8  -3
16  -3
3  1
8  -3
4  1
13  7
8  -1
10  6
11  0
17  6
10  6
12  -6
19  1
7  3
5  -5
9  -1
10  6
13  7
10  6
11  1
5  -4
9  -1
13  6
9  -3
14  -6
11  0
12  -5
9  -1
12  -6
7  1
14  -4
6  1
8  -1
10  7
10  6
13  6
12  -6
10  7
12  -4
6  2
9  -1
9  -3
9  -3
11  1
14  -5
15  -5
8  -1
10  7
11  2
7  1
8  -3
7  3
12  -4
4  2
13  7
5  -6
9  -3
14  -6
6  0
8  -2
11  1
1  -4
6  0
7  2
14  -6
6  2
16  -1
6  2
8  -2
12  -5
13  6
6  1
15  -6
8  -1
6  1
13  7
15  -5
17  5
8  -2
10  8
8  -1
6  2
6  1
14  -5
8  -2
6  2
6  1
8  -2
10  7
3  -1
11  2
14  -4
11  2
10  6
14  -5
6  2
14  -6
8  -3
13  5
8  -3
14  -5
10  6
17  6
9  -2
8  -3
14  -5
17  5
10  8
9  -3
10  7
14  -6
9  -2
17  6
8  -1
10  7
16  -3
12  -5
8  -1
12  -5
9  -1
11  1
7  1
5  -5
10  8
13  7
3  0
9  -3
5  -5
8  -3
13  5
14  -5
9  -2
8  -1
12  -5
4  1
11  0
10  7
12  -5
8  -1
11  0
9  -2
10  8
15  -5
10  6
4  1
5  -5
7  2
10  8
20  -6
5  -4
9  -3
10  8
7  2
10  8
12  -5
8  -2
4  0
8  -1
11  2
11  0
11  1
10  8
6  0
9  -2
5  -5
