19  -5
26  2
15  4
26  6
30  -2
26  7
33  -9
19  -3
23  -5
24  5
8  4
12  -5
22  -3
23  1
17  11
16  -1
14  -2
23  -7
23  -5
31  -7
35  4
23  -2
19  1
22  -6
15  5
19  1
33  -1
18  -3
25  -6
16  0
16  4
11  -6
14  -5
23  -2
29  -7
23  -1
15  -2
20  11
18  1
20  10
20  3
20  5
15  3
31  -8
21  6
30  0
20  6
19  -4
18  -4
18  -4
18  0
22  0
35  11
28  3
22  0
24  6
15  1
25  -3
23  -5
26  7
20  11
23  1
9  3
28  5
22  0
9  5
20  6
18  0
25  -3
17  4
12  -7
20  9
21  1
16  5
20  6
22  -3
15  -3
25  -5
20  5
19  -4
32  3
24  1
20  10
28  11
27  -4
21  6
28  11
23  -4
16  -2
23  -4
17  8
33  -7
25  -1
19  -3
20  9
15  5
33  -8
32  -1
26  8
24  6
29  0
30  2
28  11
24  3
19  -1
23  -3
20  6
23  -2
20  7
17  6
16  0
22  -2
44  -1
27  -1
25  -1
28  7
34  -2
20  3
21  5
24  8
16  3
22  -2
27  -4
13  0
22  -7
40  -9
31  -5
28  3
25  -2
25  -5
14  -3
26  5
26  8
28  6
28  4
19  -3
10  -8
31  -5
15  -3
25  -5
25  0
26  5
21  1
25  -7
41  9
24  8
26  4
24  1
31  -6
16  4
21  -1
29  -3
16  5
21  4
15  -1
19  -7
21  3
17  3
24  4
26  0
20  11
25  0
19  -6
11  -2
18  2
19  -1
24  4
28  4
17  3
21  1
28  10
12  -3
29  -6
22  -7
15  -2
17  11
26  6
15  5
19  -7
21  5
20  4
13  7
15  4
18  2
26  2
15  0
28  8
19  -6
21  3
26  0
20  8
31  -2
27  -7
20  7
18  3
16  5
21  7
24  7
17  4
24  1
17  8
11  -1
12  -4
24  9
33  -9
16  6
20  10
19  -6
17  3
24  1
24  9
22  -4
28  3
18  -2
11  -2
24  6
22  0
33  -3
16  2
24  8
21  7
32  -1
27  -1
15  3
37  -2
23  0
17  3
25  0
24  1
29  -8
24  4
19  -5
28  3
18  3
27  -3
31  -1
16  -2
12  -4
23  -1
24  6
28  3
28  5
23  1
16  1
22  -4
18  -1
23  -7
31  -4
23  1
25  -6
29  -2
13  7
27  -3
15  4
15  -2
25  -1
21  7
24  6
25  -4
32  1
22  -7
11  -1
16  5
13  2
27  -2
16  0
11  -3
44  -1
26  6
22  -5
27  -4
20  6
31  0
15  2
26  6
20  6
18  4
21  5
36  5
19  -6
13  8
26  0
24  3
8  4
26  2
28  11
24  8
26  7
24  1
24  4
14  -8
31  0
19  -4
19  -4
42  0
29  -3
31  -3
26  3
25  0
17  7
16  4
21  0
22  -8
22  -6
21  1
30  -1
34  -4
23  -2
32  1
13  6
26  6
21  5
33  -9
22  -2
18  3
27  -6
25  -7
26  6
25  -3
40  -11
22  -7
23  -4
17  4
21  5
26  1
18  0
20  6
32  4
20  4
17  3
21  6
15  3
18  4
32  5
20  6
19  -2
20  6
22  -5
11  -6
18  -3
11  -5
31  -3
28  11
20  7
22  -6
28  11
17  11
28  9
32  7
16  0
15  0
26  0
15  3
25  -7
27  -6
12  -2
21  5
14  -3
13  4
32  3
16  5
29  -1
21  1
24  8
25  0
25  -8
20  9
30  1
24  9
24  4
28  7
22  -6
20  5
12  -9
19  -5
18  3
25  -5
17  8
25  -6
23  -1
26  8
17  10
23  -4
31  -2
24  4
23  -7
20  4
27  -6
24  2
25  0
22  -5
22  -5
21  3
33  -6
19  -2
22  0
20  9
16  -1
20  9
30  -3
22  -1
17  3
40  -9
21  6
21  1
22  -2
26  0
24  7
15  1
17  9
12  -6
24  1
17  5
13  0
17  10
20  3
24  5
20  7
31  -2
35  6
25  -2
27  -7
38  4
9  2
23  -4
26  7
21  -1
26  2
30  2
20  9
29  -1
19  -4
25  -5
16  4
31  -2
12  -1
19  0
26  1
12  -6
21  3
19  -1
18  -3
20  9
27  -6
29  -3
22  -5
16  0
14  -1
24  3
25  -2
22  -1
19  -1
16  5
27  -1
22  -5
28  7
23  -6
17  6
24  5
17  10
14  -2
24  8
27  -6
33  -5
23  0
34  -10
18  -3
24  2
23  -6
24  2
20  6
16  3
24  1
16  -2
21  7
28  5
27  -1
17  8
24  3
17  7
18  -4
42  -1
34  -8
19  -3
26  4
22  -8
32  -1
16  5
24  5
24  8
19  0
26  2
14  -7
23  -4
40  -7
25  -1
21  1
20  7
18  -1
15  -1
25  -5
20  7
36  8
18  -4
16  0
18  -3
28  10
21  5
32  6
25  -2
20  9
22  -3
26  8
23  1
30  2
20  6
20  6
16  -1
23  -2
26  6
25  -8
19  -7
19  1
21  1
28  9
20  7
17  3
21  -1
28  3
25  -1
22  -4
25  -2
23  -5
23  0
29  0
24  3
24  2
18  -2
22  -1
33  -8
30  -5
21  1
21  3
18  -2
19  -6
35  4
21  6
25  -4
27  -4
20  7
27  -1
34  -4
23  -7
23  -5
21  5
25  -4
28  6
27  -5
19  -6
26  7
26  6
20  4
26  6
21  5
24  9
15  2
10  -8
26  4
19  -5
28  5
26  0
12  -8
14  -5
39  -10
23  1
11  -1
19  -1
24  5
11  -3
40  -5
18  -4
33  -4
25  -4
26  4
18  -2
26  6
29  -1
31  -6
29  -5
15  2
24  9
28  5
25  0
13  1
28  3
18  -2
16  -2
13  1
22  -5
19  -6
14  -4
16  2
20  3
24  6
27  -4
26  2
33  -9
19  -7
17  5
24  6
23  -2
14  -6
28  10
18  2
25  -2
27  0
19  1
20  5
24  3
19  -6
33  -4
23  -6
22  -6
24  8
14  -4
21  5
37  -6
31  -7
19  -6
15  0
30  -1
32  7
28  11
15  -3
19  -4
14  -1
20  11
24  3
18  0
21  4
18  -4
31  -4
19  -1
19  -5
30  -2
15  -3
22  -3
21  1
15  0
25  -5
21  7
20  11
22  -6
17  8
24  3
20  5
22  0
9  1
18  -4
30  1
30  -4
29  -3
27  0
23  -1
17  5
13  1
19  -4
20  4
30  0
17  11
20  7
26  6
30  -2
36  4
35  7
20  11
27  -3
20  3
26  2
20  5
25  0
27  0
13  4
25  -1
17  3
20  7
16  0
16  5
35  9
19  -1
27  -1
18  -4
32  0
20  10
33  -1
22  0
18  2
28  8
18  -3
14  0
18  4
30  -5
14  -8
31  -4
22  -2
33  -9
16  -1
28  6
13  3
34  -8
19  -3
17  4
21  -1
21  4
26  4
21  -1
17  10
12  -1
21  7
38  9
15  5
24  9
38  5
32  6
31  -6
13  3
25  -5
22  -6
28  6
24  6
33  -1
21  2
32  2
18  1
21  5
21  1
29  -1
14  -5
44  1
25  -8
17  7
14  -7
18  1
35  8
27  -7
23  -3
24  8
38  3
26  1
27  -3
29  -8
15  5
17  5
34  -3
29  -4
30  1
30  1
24  7
24  8
16  6
20  6
18  -1
23  -2
30  -6
20  11
36  4
33  -9
20  10
20  6
29  0
15  -3
29  0
24  2
11  -3
22  -3
21  2
19  -5
17  8
15  -3
18  2
22  -1
30  -2
17  7
24  5
24  7
38  6
26  2
19  -6
27  -8
14  -8
25  -1
24  4
27  -5
21  2
31  -3
20  3
19  0
29  -3
24  4
30  2
31  -2
29  -8
36  6
33  -2
32  0
31  -1
14  0
21  2
30  -2
25  -6
38  4
25  -6
29  -6
21  -1
25  -7
15  3
20  8
19  -6
35  3
19  -6
8  0
30  -4
17  7
18  -3
15  5
25  -7
30  -4
31  -1
17  10
29  -5
21  3
22  -6
22  -4
26  5
21  7
23  0
24  4
22  -5
29  -5
17  10
19  -7
13  1
25  -4
32  7
29  0
18  0
31  -7
24  6
26  7
26  8
18  -1
19  -6
18  0
26  0
20  10
27  -5
31  -8
28  11
33  -6
22  -7
26  4
22  -1
21  6
27  -4
22  -7
25  -4
31  -1
17  7
25  -6
44  -2
25  0
24  7
19  -2
30  -6
28  4
27  -2
25  -5
21  2
15  3
25  -4
30  0
19  -4
30  -4
19  1
16  3
15  3
22  -8
20  8
14  -2
29  -3
23  -7
26  0
26  2
17  7
33  -6
22  -8
35  8
26  2
25  -5
22  -8
21  2
19  -2
16  2
19  -1
34  -2
23  -2
18  -3
22  -7
28  7
25  -5
18  -2
27  -8
23  -5
13  7
23  -7
23  0
21  2
16  4
13  6
23  -4
30  -5
24  8
26  3
31  -4
21  0
30  -4
26  7
26  4
21  2
23  1
23  0
16  0
10  -4
21  4
26  3
27  -4
22  -6
25  0
20  5
17  8
21  7
24  2
32  1
13  1
31  -4
16  0
30  -1
29  0
26  0
19  -7
23  0
16  4
20  7
16  6
24  5
17  9
12  -2
28  10
16  5
19  -2
27  -1
24  5
17  6
19  -6
42  4
16  5
24  9
24  6
15  -1
20  10
27  -2
20  6
29  -7
24  9
14  -2
28  5
16  2
20  11
20  4
23  -3
31  -7
22  -7
33  -2
24  4
9  1
10  -4
21  7
33  -4
33  -8
31  -4
28  3
25  -1
10  -1
13  1
19  -7
20  8
36  6
38  7
29  -5
16  0
