24  6
23  4
25  7
23  10
39  -9
23  10
30  8
37  1
25  3
13  -2
7  5
21  6
14  3
20  8
34  3
12  -9
17  10
15  -2
24  6
26  -5
20  3
21  11
32  6
34  11
14  3
24  0
54  0
11  4
17  0
19  -8
17  4
15  -3
30  12
29  2
37  1
17  2
36  8
21  8
29  2
27  6
31  0
18  -5
20  7
22  5
43  -6
26  -7
13  -1
26  -9
30  11
22  1
31  2
30  6
29  6
17  3
24  -1
17  7
25  3
28  -3
17  6
23  8
19  -5
17  8
18  0
21  8
16  -1
13  -6
31  1
17  4
24  6
12  -10
31  2
28  -8
27  11
16  2
27  10
36  5
22  2
19  -1
28  -4
33  -8
32  2
31  10
31  3
28  -7
13  -9
23  0
26  -7
30  7
26  -6
29  0
20  6
24  1
34  3
42  -6
27  9
22  2
28  -6
20  4
32  7
26  -3
28  0
21  8
14  2
27  5
36  2
24  6
28  -3
18  -3
15  -1
22  -1
23  6
30  2
22  -4
17  2
15  1
19  -4
8  0
37  -1
17  8
24  6
22  1
28  -7
26  -8
26  -6
29  4
14  3
15  -4
27  7
26  -3
11  10
23  6
24  -1
18  4
15  2
23  4
12  -1
33  -3
22  4
21  8
33  -4
23  4
20  10
24  5
21  9
17  5
24  6
29  0
23  1
27  4
32  4
18  3
22  2
13  -2
32  8
24  2
21  8
26  -3
26  -3
31  6
25  10
22  -2
26  -6
26  -2
23  0
36  9
23  8
16  1
27  8
26  -7
26  -3
24  6
21  4
19  -5
35  -5
29  6
28  -6
29  8
14  0
17  2
29  2
17  7
37  2
23  7
39  -8
17  7
13  -2
16  2
16  5
18  3
18  5
40  -3
33  -11
33  -7
27  5
25  5
36  2
21  7
19  -9
23  6
31  7
25  1
19  -3
36  11
32  10
26  -8
20  9
30  2
21  8
24  9
16  0
20  5
41  -11
30  11
20  8
29  -1
18  5
19  -6
29  1
26  -9
19  -4
22  3
21  9
22  0
22  0
21  2
23  6
20  0
8  -2
17  2
34  7
29  9
38  8
33  -8
13  -2
28  -3
15  -7
15  2
18  -5
18  3
24  4
25  6
25  5
31  0
16  -4
13  -8
27  11
18  -5
21  11
34  12
28  -2
15  -8
31  2
27  6
34  6
16  1
20  9
14  -4
31  6
17  3
32  2
14  -1
27  1
34  2
26  1
15  -7
26  -4
34  3
19  -3
28  -3
19  -8
25  7
27  2
23  10
16  1
19  1
22  2
23  0
22  -3
24  6
23  10
16  4
26  -5
30  10
31  4
19  1
34  2
14  0
25  1
22  4
39  -7
26  -7
31  6
20  3
28  -1
33  -5
9  0
15  -7
26  -1
21  6
30  4
24  -1
31  1
11  6
36  3
29  -1
22  3
22  4
37  4
20  7
14  -4
27  9
18  3
33  -6
31  1
49  4
16  -4
24  -1
28  -7
12  -4
28  -3
43  -6
4  -10
13  -8
23  6
21  8
24  -1
24  8
21  7
13  -8
17  2
21  5
24  9
17  5
28  -3
24  7
18  -5
27  8
33  -3
24  3
23  0
28  -8
21  9
22  4
8  -5
14  -5
18  0
7  3
25  6
25  3
17  6
14  2
13  -2
20  9
19  -3
23  4
13  -9
22  5
32  9
43  -10
17  6
26  -5
17  8
28  -7
20  1
28  -5
21  4
32  2
9  4
35  -7
17  7
32  11
29  4
37  3
17  9
24  2
27  9
30  9
11  5
30  6
36  3
23  1
29  8
23  0
28  -9
27  2
12  -7
24  6
18  2
18  -1
23  5
22  -4
14  0
26  0
14  -1
13  -2
35  -4
21  11
27  1
30  11
37  -1
32  6
28  -7
26  1
17  10
28  -8
41  -5
26  -4
35  -4
30  8
19  -5
23  0
25  3
18  3
21  6
21  3
13  -8
21  3
9  3
14  -4
18  -4
12  -11
24  -1
33  -7
27  8
15  -7
20  3
22  4
27  6
32  4
16  -5
32  2
22  6
21  11
17  5
11  6
28  -8
40  -8
29  2
20  7
32  5
29  7
31  5
19  -9
29  1
28  -9
28  -10
26  -4
24  5
31  8
26  -9
16  5
21  9
22  -2
34  10
39  -10
14  -6
21  4
27  4
22  4
35  -3
23  1
29  7
39  -7
35  -11
24  1
29  1
17  7
27  8
23  2
14  -6
36  8
36  2
28  -3
32  2
25  5
33  -8
32  2
20  3
31  4
25  9
30  2
30  8
28  -6
15  -1
23  2
23  0
34  6
25  10
31  6
19  -6
18  0
30  2
8  -5
19  -9
14  2
22  -2
19  -2
61  1
25  5
19  -1
31  6
24  0
36  6
22  6
36  8
11  1
24  7
32  3
26  1
38  11
24  -1
41  -6
21  6
14  -2
25  9
20  10
17  9
18  1
24  9
22  6
22  -3
30  4
12  -4
17  5
20  7
26  -8
23  3
20  2
20  4
26  0
31  6
23  9
18  2
13  -9
16  1
21  8
22  1
19  -6
35  -6
29  4
11  4
30  4
21  2
34  11
18  1
27  7
29  7
37  2
10  -4
15  0
16  -2
40  -4
23  8
35  -8
29  6
28  -4
34  5
16  -2
38  5
35  -1
32  2
22  -2
23  2
32  10
20  2
19  -9
12  -1
22  0
27  9
24  4
23  3
40  -5
28  -10
28  -3
26  -3
22  -1
31  4
18  1
32  11
10  -6
14  -2
37  4
28  -5
28  -9
12  -5
20  2
18  3
22  6
30  4
26  -6
24  -1
20  10
21  10
15  -7
18  1
10  -3
22  4
41  -7
20  2
22  -1
34  4
51  5
24  3
30  4
27  9
20  3
31  8
48  9
44  -1
12  -4
33  -8
23  1
13  -11
28  0
12  -2
30  6
21  1
24  5
26  -1
25  1
30  6
26  0
16  -1
18  5
23  5
25  0
19  -2
25  7
19  -2
18  1
29  -1
19  -1
20  6
17  1
35  -8
22  0
29  6
29  2
29  2
25  5
27  5
13  -4
39  -9
13  -9
23  9
39  -4
22  0
36  12
32  7
18  -3
24  3
17  1
26  -9
25  8
11  4
18  4
33  -11
32  5
31  5
29  0
22  3
26  -5
14  3
12  -5
21  6
22  -3
17  9
17  4
26  -1
29  2
37  2
22  -3
28  -8
32  4
18  5
28  -3
24  6
23  4
13  -4
20  2
18  -4
13  -9
26  -6
24  9
40  2
21  5
29  -1
31  5
28  -2
26  -8
27  2
22  -1
31  3
27  3
21  2
27  8
28  -2
25  1
24  4
39  -9
30  4
46  -7
16  0
33  -10
25  7
33  -3
19  -2
22  1
20  5
14  -6
28  -9
34  8
32  2
22  1
26  -7
13  -1
19  -1
21  3
39  -3
25  8
11  1
7  8
30  7
22  -1
25  6
34  6
25  4
17  7
29  3
30  2
14  2
24  3
35  -3
29  3
30  10
29  8
28  -6
36  9
23  7
20  8
23  7
19  -3
18  -4
13  -10
31  8
21  6
36  12
25  9
14  -2
20  1
32  3
23  4
28  -3
11  10
13  -1
21  11
18  0
29  2
33  -3
17  7
30  10
25  8
20  9
25  2
33  -2
27  7
12  -11
25  5
22  0
29  2
21  3
36  10
33  -7
21  11
23  1
28  -9
35  -6
30  7
30  2
19  -2
19  -3
12  -7
14  1
21  9
9  0
18  -3
23  9
25  7
35  -5
8  4
14  -5
18  1
27  5
45  -5
20  2
38  12
12  -10
20  3
17  6
21  3
30  5
23  5
37  6
16  0
19  -3
36  2
24  3
36  7
19  1
16  4
31  5
27  11
14  -2
15  -8
26  1
31  4
30  11
35  -8
22  -4
28  -10
17  5
29  5
28  -1
31  9
31  1
23  8
34  3
25  4
28  -6
13  -10
24  2
32  10
19  -9
19  1
47  -3
19  -8
24  6
26  -5
16  5
14  3
18  -5
25  8
42  -5
21  10
18  -4
33  -10
28  -6
25  8
19  -9
28  -4
25  6
17  10
28  -4
49  3
21  8
25  4
23  6
26  0
31  10
25  10
31  5
9  3
32  10
25  3
24  2
26  -2
36  11
21  3
13  -5
29  4
33  -8
14  -2
28  -9
29  7
16  0
21  9
36  6
22  3
28  -9
16  -4
19  -8
26  -7
20  7
22  1
23  7
28  -5
23  6
41  -8
11  2
24  9
23  9
21  10
23  8
22  5
29  3
21  8
18  -1
31  0
14  1
26  -6
28  -6
26  -5
15  -6
17  2
14  -4
37  7
27  6
20  6
36  10
14  -5
15  -4
27  7
17  9
22  3
29  0
28  -1
16  5
30  12
11  8
29  6
14  -6
42  -1
30  6
32  5
35  -10
15  -8
26  -8
32  6
18  3
5  5
13  -1
14  -7
17  3
22  3
25  4
24  -1
23  7
10  0
28  -4
25  0
42  1
18  -5
34  12
32  6
35  -4
36  6
21  4
23  2
27  7
32  11
10  -2
23  8
20  2
30  10
39  -10
37  4
21  6
30  8
21  9
33  -9
18  -4
22  -4
17  8
36  11
23  3
37  2
26  -1
23  10
22  4
14  -2
16  -4
22  -2
13  -8
18  -1
14  -2
20  6
18  5
27  10
24  9
23  9
13  -8
23  3
25  0
29  -1
23  10
22  5
32  8
21  5
9  -4
15  -4
23  8
25  3
16  1
26  0
25  2
36  9
33  -1
26  1
21  3
33  -7
