25  3
30  6
21  -7
14  -10
13  5
23  -1
31  7
14  -9
24  3
30  10
14  -5
18  5
22  -5
20  -2
26  10
22  -7
26  8
25  3
24  3
25  0
23  1
30  6
39  -7
29  5
24  0
22  -5
23  -6
22  -9
25  0
19  10
26  7
19  8
22  -6
29  6
26  7
16  1
16  6
14  -6
14  -2
30  9
25  0
26  9
18  1
15  6
26  11
17  -7
23  0
24  2
27  0
22  -6
13  4
20  0
13  8
24  -2
22  -8
33  2
19  4
22  -2
19  11
24  -3
14  -9
23  1
16  5
26  3
18  0
30  3
19  11
17  -7
33  1
31  4
22  -8
16  4
17  -7
23  -3
15  0
17  -2
20  -4
26  9
30  5
20  -6
23  -2
21  -6
25  -3
21  -1
15  2
22  -7
17  -2
23  -1
23  0
20  -7
18  2
21  -4
20  -2
14  -3
20  -3
27  0
18  3
13  11
18  2
9  -3
13  5
23  -3
16  5
14  -10
18  0
15  5
33  -2
25  1
12  -8
26  9
24  -4
26  5
23  -3
26  4
20  -5
24  -1
21  -7
12  -5
24  4
23  -1
19  3
15  3
18  6
12  -2
22  -9
17  -7
19  8
17  -2
17  -2
16  4
28  -3
11  -6
20  -2
17  -5
22  -4
28  -3
13  7
24  -1
20  -6
14  -10
15  6
18  3
22  -10
36  -4
23  2
14  -2
17  -8
16  4
30  6
22  -5
12  -4
16  0
32  -8
21  -8
17  -3
26  4
22  -2
13  8
29  4
31  7
11  -2
25  4
11  -6
26  9
14  -7
16  -1
39  -3
15  0
13  9
14  -2
19  9
23  -4
22  -8
21  0
23  -6
16  5
22  -3
16  6
10  5
24  4
32  -6
24  2
18  4
23  -1
23  -6
24  0
12  -9
11  -5
19  4
35  1
35  4
23  -5
7  4
26  6
23  -1
8  -4
13  10
16  3
23  2
27  6
29  10
23  0
15  5
24  1
20  -8
23  -5
13  7
17  -4
17  -6
21  0
26  10
17  -9
29  4
12  -2
19  6
20  0
13  7
28  1
29  3
13  11
21  -8
22  -6
19  9
18  5
31  2
16  -1
24  -1
22  -2
20  -6
16  7
26  3
23  0
26  8
22  -10
15  1
21  -2
18  5
34  -6
25  -4
22  -3
12  -6
16  2
16  0
13  5
17  -6
28  1
30  6
16  4
15  6
25  4
18  2
19  9
13  5
18  -1
22  -6
19  7
20  -1
37  0
15  5
27  -1
19  10
18  0
25  -4
17  -2
13  4
20  -4
23  -2
18  -1
26  11
18  6
32  -5
23  1
33  -2
20  -3
17  -7
23  -2
29  5
18  5
32  -4
28  -3
9  1
23  -1
28  -1
25  -2
19  7
16  5
23  -1
30  5
27  -1
26  3
18  3
23  2
19  11
19  3
12  -3
34  -7
22  -10
36  -4
15  0
15  4
17  -10
14  -6
32  -1
22  -9
22  -9
12  -5
20  -5
15  6
20  -5
24  -4
18  4
9  -3
13  3
26  6
18  4
22  -9
22  -7
22  -6
25  -1
14  -10
20  -5
19  9
34  -7
20  0
14  -7
38  -8
24  -1
22  -4
19  8
18  5
27  6
22  -3
28  1
23  0
9  -4
28  -5
22  -8
26  5
37  -1
25  1
26  6
18  6
16  1
24  -3
17  -4
21  -8
19  11
26  7
23  0
27  4
10  2
16  -1
14  -8
26  9
35  2
28  1
15  4
18  3
21  -8
25  -3
31  4
23  -1
21  -3
24  -1
31  1
21  -2
28  -5
16  3
15  -1
24  3
27  1
31  -1
20  -8
16  7
16  2
12  -4
18  6
24  3
17  -4
53  4
20  -8
22  -5
14  -4
22  -2
14  -4
14  -10
16  3
20  -1
29  5
22  -5
21  0
26  6
19  4
31  3
32  -2
30  10
26  3
23  2
24  -2
22  -5
14  -9
33  -2
17  -6
10  7
32  0
22  -10
16  0
18  3
17  -3
19  7
19  10
27  0
16  6
22  -5
30  8
10  10
10  2
17  -9
17  -2
20  -4
14  -6
15  4
11  -9
34  -3
13  8
22  -4
23  0
19  4
25  4
38  -8
29  7
23  -1
19  11
24  -4
15  0
22  -5
18  0
23  -4
27  4
23  2
26  3
22  -9
28  1
24  -3
14  -2
20  -4
23  -1
14  -9
28  -1
20  -4
29  2
21  -5
15  -2
18  -1
15  -1
21  -3
21  -2
25  1
10  8
20  -4
35  1
18  2
36  -3
19  8
17  -9
31  0
24  -3
20  -2
24  4
26  11
14  -7
26  8
15  4
16  1
9  0
19  10
18  7
16  7
22  -10
20  -2
26  3
22  -8
22  -9
22  -3
15  0
15  2
10  7
16  7
16  3
20  -7
17  -3
18  0
26  3
19  8
19  3
19  11
22  -5
12  -2
21  -5
19  9
16  4
30  10
10  7
19  7
31  7
12  -7
28  -1
22  -3
40  -4
14  -9
25  -2
35  2
11  -5
16  0
24  3
22  -10
20  -1
21  -3
16  -1
14  -10
19  11
27  5
22  -9
18  -1
16  6
20  -2
29  2
25  4
21  -5
20  -7
28  -1
17  -6
21  -7
42  11
12  -10
29  7
12  -10
32  -1
16  6
19  7
32  -1
18  6
24  3
21  -3
21  -3
20  -7
21  -1
15  -2
13  9
14  -9
9  -5
21  0
18  1
29  7
25  -3
25  1
21  -7
24  4
33  -3
22  -10
18  4
13  3
23  0
23  2
16  1
33  -4
12  -5
22  -7
23  0
27  -2
24  -4
34  -2
30  10
18  1
13  9
22  -3
15  3
27  5
25  2
20  0
21  -5
40  -4
13  6
24  0
27  5
31  4
17  -4
23  1
5  9
36  2
28  -1
26  6
30  3
19  4
16  7
12  -7
19  8
11  -10
14  -8
24  -4
23  -6
15  -1
11  -4
26  5
19  10
32  -5
39  -7
22  -8
26  7
11  -7
17  -2
22  -5
17  -10
21  -2
24  -1
16  6
22  -7
21  -5
21  -3
19  4
19  9
22  -8
15  0
20  -2
19  8
18  3
30  7
16  1
24  -1
21  -2
25  4
22  -8
36  -1
22  -7
18  1
17  -5
26  6
17  -2
26  3
39  -8
32  -4
14  -6
22  -7
30  2
17  -5
14  -8
17  -4
9  -5
19  6
14  -4
14  -3
27  4
18  -1
25  -2
17  -10
18  0
19  4
22  -2
17  -4
21  -1
18  3
13  7
10  2
15  6
13  8
18  7
20  -1
14  -10
34  -2
37  -1
30  6
16  2
23  1
12  -5
26  4
25  2
18  3
19  3
18  4
19  3
34  -5
23  -6
23  -1
25  -4
14  -8
24  0
26  11
18  2
28  -1
23  -1
25  3
26  7
24  0
22  -7
22  -5
14  -9
22  -3
32  -6
14  -10
18  0
20  -2
28  -3
19  4
23  1
12  -4
32  -2
12  -10
30  5
13  7
30  3
15  1
17  -10
22  -7
19  4
17  -9
32  -2
18  2
10  9
31  -1
27  5
24  -3
22  -5
18  2
25  4
36  1
19  7
25  3
17  -7
24  3
21  -3
13  10
22  -8
9  -2
13  9
25  -2
37  1
25  4
16  1
21  -7
27  -2
23  -4
18  1
18  6
22  -4
34  -1
22  -7
34  -1
8  -2
16  6
23  -5
32  -7
25  0
22  -7
20  -5
30  7
25  4
18  5
24  2
35  1
18  2
22  -7
24  4
33  1
26  8
12  -6
11  -5
18  4
14  -9
20  -6
17  -4
17  -3
23  -6
27  3
14  -8
18  5
18  4
27  0
20  -5
30  5
21  -3
10  3
24  3
27  5
22  -8
21  0
19  3
17  -4
31  7
18  3
14  -5
25  -2
9  2
35  4
22  -3
20  -2
23  -5
14  -4
17  -3
13  6
28  -3
18  4
16  3
23  -4
10  9
21  -1
20  -5
26  10
23  2
13  8
22  -6
28  -4
28  -4
13  8
20  -6
25  -1
21  0
21  -7
15  -1
17  -7
21  -5
29  10
10  9
18  7
20  0
32  -2
14  -7
19  3
41  7
25  2
21  -4
33  1
16  3
7  1
23  1
25  -1
21  -7
15  6
15  5
26  10
23  0
12  -7
18  5
26  10
15  3
26  5
25  3
15  4
32  -5
14  -2
16  1
24  0
21  -8
16  4
22  -6
20  -1
16  4
18  4
22  -10
16  1
24  2
18  0
23  -2
17  -5
31  5
23  -4
16  5
30  10
14  -3
15  6
27  6
31  6
20  0
18  -1
17  -2
25  -2
22  -10
15  2
18  6
26  9
17  -9
16  3
13  3
21  -6
13  6
22  -5
19  8
16  -1
11  -5
24  -4
21  -4
24  -2
22  -9
33  -5
27  5
21  -4
16  0
16  5
18  7
34  -5
36  -5
15  4
18  4
24  -2
19  4
35  1
22  -5
23  0
18  7
17  -3
21  -3
14  -5
27  5
11  -4
30  7
29  4
21  -4
32  -3
9  -6
10  3
21  -1
12  -2
16  4
25  -3
15  -1
23  0
10  8
20  -1
33  2
30  2
13  8
24  -3
20  -2
24  3
21  -4
23  -2
17  -6
16  1
30  9
23  -3
18  7
12  -3
36  -4
15  -1
23  -1
21  -2
27  -1
17  -8
30  7
12  -6
16  0
17  -4
26  4
15  6
15  5
20  -5
20  -3
22  -4
20  -2
15  1
16  7
20  -8
20  -5
17  -8
17  -6
18  6
14  -9
23  -4
28  -1
11  -6
21  -3
23  1
14  -3
25  1
18  7
16  0
31  4
31  7
30  7
22  -9
22  -10
17  -4
13  11
17  -6
34  -5
22  -4
23  1
28  2
18  -1
21  -3
29  10
21  -8
22  -2
22  -10
12  -6
29  4
38  -8
28  -1
14  -5
27  2
14  -2
