29  -2
18  2
14  -6
28  4
17  -5
21  -5
33  0
18  5
16  6
33  -3
21  -6
31  -3
18  0
23  2
20  -5
12  3
26  5
26  8
22  0
23  -8
21  -2
19  11
29  10
20  0
26  5
29  3
20  -9
18  -2
17  -9
20  -1
18  6
16  8
27  4
20  -5
29  3
24  1
21  5
18  5
22  5
25  1
13  -9
24  0
26  3
20  -5
21  -7
34  -3
20  -9
29  -1
18  8
22  -4
27  4
14  -4
18  8
19  10
18  7
21  2
26  1
17  -1
16  11
17  -5
25  0
22  6
23  -6
24  7
25  0
25  5
22  2
18  5
14  -5
21  5
27  9
12  -1
17  -12
24  6
19  8
17  -5
20  2
17  -5
20  -6
22  -5
27  13
19  5
9  -9
16  0
20  -3
27  13
21  -2
26  5
17  -7
21  -3
22  6
27  8
17  -3
21  3
25  11
18  -1
30  2
17  -13
18  3
18  -2
18  8
12  3
28  6
17  -7
19  11
18  -1
21  -7
16  6
16  12
27  4
24  0
16  8
31  0
18  1
15  -8
38  -4
14  -6
17  -9
18  9
26  11
19  10
19  2
24  1
19  5
7  -2
19  11
30  5
25  8
26  2
19  3
11  3
25  0
24  6
18  -3
29  4
22  6
27  12
21  5
19  4
18  2
24  -2
21  2
18  0
28  1
23  -1
31  -4
10  -10
17  -10
19  4
27  2
28  6
19  10
19  13
12  5
16  12
31  -6
22  -3
25  8
31  -5
25  10
17  -7
23  1
28  8
17  -7
19  7
37  -8
16  7
18  2
21  2
9  -2
15  0
22  -5
34  5
20  -7
33  -5
18  8
21  3
30  -3
26  2
12  -5
22  5
27  10
12  6
26  11
24  -3
23  -7
20  -6
17  -5
16  11
28  10
31  4
24  0
20  -8
17  -9
19  6
17  -13
18  6
28  5
11  -4
28  9
14  -3
17  -9
12  -1
23  -6
12  1
27  2
21  5
31  6
13  -5
21  -5
23  1
21  5
17  -13
22  -6
10  2
24  -5
23  -5
24  0
25  6
14  -8
17  -9
22  -1
21  -7
20  1
27  7
28  11
13  -1
25  7
24  1
17  -12
20  0
25  4
20  -8
17  -4
25  11
15  1
19  10
27  8
21  2
14  -3
20  -8
20  -8
21  4
25  1
31  5
22  -2
13  -5
23  -6
24  -5
25  6
32  -6
23  -4
11  4
27  12
27  9
21  -2
22  5
23  0
19  4
19  6
19  3
19  6
16  11
18  9
23  -3
22  -3
14  -2
36  1
35  9
22  -2
32  -8
28  9
21  -7
21  4
14  -11
24  1
21  3
22  -1
23  0
19  13
25  5
28  6
19  2
22  -2
27  10
24  1
17  -9
21  0
16  1
18  -3
23  -3
20  2
8  -10
18  5
26  10
20  0
20  -5
26  10
23  -5
25  11
21  3
21  -6
21  2
24  4
19  9
21  1
22  -5
25  1
33  5
17  -1
20  -4
20  -4
32  1
24  -5
13  -11
28  8
22  -4
22  -5
20  -1
16  8
11  -2
20  -2
24  7
25  8
23  -8
18  7
20  2
28  8
21  -5
27  12
18  7
19  4
24  -3
17  -3
14  -12
15  -9
31  -1
20  -5
36  2
24  0
22  -4
32  -6
18  2
17  -10
18  3
18  -1
17  -13
29  6
14  -2
22  6
18  5
27  12
22  6
21  2
26  5
16  3
13  -10
30  3
19  11
18  3
13  1
17  -3
29  6
10  -9
44  5
18  3
22  6
16  11
19  8
27  10
15  1
20  -7
20  -9
16  10
32  -4
26  -1
26  2
12  0
19  11
29  10
19  3
26  3
14  -7
34  0
16  1
21  3
29  4
19  8
15  -7
23  -6
17  -3
16  12
34  5
21  3
20  -4
28  11
22  5
13  -8
24  0
22  -1
32  2
25  2
19  1
19  8
19  1
24  -5
18  7
14  -7
31  -2
19  11
15  -5
15  0
19  12
17  -1
23  0
22  1
21  -3
26  2
13  -4
14  -6
16  2
19  2
13  -2
21  3
15  -3
19  8
28  7
27  8
17  -6
20  -2
26  4
19  3
11  -4
29  5
30  3
21  3
24  -5
19  11
23  -3
20  -3
26  10
27  4
22  1
16  3
14  -5
25  3
18  2
28  11
14  -2
23  -1
26  4
34  3
16  5
19  6
23  -5
24  3
19  10
12  5
18  8
17  -9
21  1
22  -5
21  -4
28  8
18  7
32  3
16  12
19  1
28  0
29  3
24  0
19  4
19  5
21  0
19  7
22  -6
30  1
17  -3
33  -5
18  1
13  -6
20  -10
23  2
31  0
21  -4
24  4
37  -7
36  -3
25  8
18  3
22  3
9  -6
23  -4
17  -8
16  5
19  1
20  -10
21  -5
27  7
24  0
23  -1
19  9
29  4
19  5
25  12
14  -10
10  -3
23  -5
31  3
25  7
24  -2
24  -2
18  1
18  9
38  -8
13  -5
28  6
32  -3
23  -5
40  -6
17  -3
18  -2
25  8
26  10
23  -3
20  -4
20  -5
19  2
32  4
18  2
26  4
20  2
20  -7
24  0
16  6
19  2
20  -2
29  -1
28  4
16  8
18  6
27  13
19  5
23  -3
19  6
17  -9
28  11
29  10
28  0
29  8
14  -1
12  -1
26  3
18  -3
25  3
33  2
28  7
21  -5
13  -2
28  0
23  -8
27  6
12  6
21  -7
26  8
13  -2
21  -2
17  -3
22  3
20  -1
23  -1
28  5
31  -4
21  -4
35  9
32  3
20  -3
14  -5
22  0
11  3
23  1
22  1
27  8
24  7
27  3
19  9
17  -5
20  -5
23  4
28  12
25  7
23  -6
29  10
21  -7
20  -3
19  2
17  -2
17  -12
17  -13
21  0
23  3
18  2
21  -2
31  0
23  0
19  2
16  5
18  7
20  -3
24  5
12  6
25  0
13  1
15  -4
20  -5
25  2
24  6
27  6
25  10
23  -4
25  10
19  13
25  12
27  5
22  6
30  2
26  7
23  -4
22  0
20  -1
23  -3
12  5
18  -2
9  -1
18  -3
28  1
33  -1
19  2
27  10
14  -9
14  -2
19  2
15  -9
21  2
23  -5
12  4
18  0
23  -7
21  -3
17  -1
26  5
19  7
21  -7
21  2
15  -8
29  0
29  6
23  -5
27  13
26  5
50  10
17  -3
16  2
23  3
22  6
23  -4
15  -6
26  7
17  -13
28  9
13  -10
27  9
27  5
10  2
25  11
13  -1
24  4
21  -6
24  -2
30  -4
26  7
22  2
21  -3
12  -1
24  7
18  9
16  8
28  9
25  3
21  3
23  -2
22  -1
22  -1
16  6
23  3
24  5
22  1
18  9
27  8
20  -1
15  -8
12  4
25  6
25  4
20  -4
13  -10
11  -3
31  3
20  -9
22  1
16  12
16  11
22  3
37  -6
13  1
28  3
12  -5
23  -8
15  -1
23  -2
27  12
15  -11
22  -2
23  0
18  9
16  4
21  -3
24  5
20  -10
15  -4
14  -3
18  -2
23  4
21  3
15  -7
21  4
25  7
26  9
20  -9
28  3
27  11
16  8
27  1
31  -4
31  -5
24  -3
22  2
24  6
32  -7
26  0
22  -3
15  1
21  -2
30  -1
22  -4
27  11
19  2
35  7
18  2
19  11
19  1
18  -2
27  11
8  -9
20  -7
17  -7
27  5
19  9
18  5
23  0
25  8
21  2
27  3
14  -9
16  12
24  1
34  -2
32  2
19  3
18  1
23  -5
13  -10
21  5
23  -3
27  8
17  -6
26  11
18  9
12  2
19  7
30  -1
19  11
23  -5
23  -6
26  10
15  -8
10  2
14  -9
21  -5
22  3
18  8
26  1
24  -5
18  1
28  7
21  -5
24  6
21  -5
27  4
27  13
26  6
31  -4
27  4
34  -4
27  9
33  4
20  -1
19  8
18  4
21  -7
31  0
21  -5
18  -2
21  -5
18  8
24  3
20  -8
25  8
23  -5
15  0
16  8
15  -9
16  0
36  2
18  4
19  6
21  -6
17  -13
23  -5
18  5
26  0
25  7
15  -3
22  -3
22  -3
23  4
15  -1
13  -4
24  -4
19  2
21  -5
18  -1
20  -5
26  8
23  -1
24  4
16  4
20  -2
22  0
16  0
22  1
23  -6
32  -7
15  1
19  7
27  6
20  -6
13  -8
26  2
21  -5
13  -5
18  8
17  -10
17  -4
25  3
23  4
26  7
19  6
25  0
20  -9
25  1
14  -3
24  -3
21  0
21  0
14  -8
18  -3
18  -1
14  -11
34  -4
29  8
32  0
29  -2
29  5
17  -1
25  0
24  0
17  -12
23  0
15  -10
24  3
17  -6
25  0
22  4
31  3
29  8
26  0
19  2
22  -3
29  -2
27  9
23  -6
25  1
18  -2
17  -11
17  -10
24  4
21  3
24  -5
16  6
18  2
23  -6
21  3
12  1
19  8
17  -11
15  -8
29  7
10  -5
19  7
32  -6
34  -1
17  -8
18  -3
15  -7
32  0
16  11
17  -9
10  -1
23  -3
15  -9
20  1
17  -1
19  3
34  -4
23  -4
15  -5
9  -7
17  -5
18  4
19  9
18  0
20  -5
27  4
21  5
19  2
13  -11
20  -10
9  -12
20  0
31  -3
11  -7
17  -2
15  0
17  -1
20  -1
14  -4
25  8
31  -3
23  -7
19  1
26  10
14  -1
22  -6
27  13
16  8
22  -2
14  -7
27  6
40  -7
26  0
19  4
17  -4
23  -7
18  9
13  -7
23  -2
18  1
19  2
9  -5
28  8
19  13
22  4
26  2
17  -3
21  -5
16  3
31  -1
17  -11
28  8
