72  -5
52  -3
83  11
52  -9
49  -4
68  -1
63  4
64  5
59  -5
64  7
61  -10
65  2
45  2
45  0
61  -7
47  -4
36  4
67  -4
46  1
71  -6
60  -8
57  7
65  -9
55  -5
51  0
82  -2
43  2
55  -3
71  -7
65  4
53  8
61  -14
93  -10
73  4
51  9
84  -1
80  -4
67  7
47  0
57  8
63  0
68  -4
68  -3
65  -9
72  -2
77  -1
70  -1
84  -2
86  4
70  -4
62  8
62  7
79  9
66  6
58  1
43  2
58  1
52  0
60  -9
72  -13
80  -3
52  -11
50  -7
71  -11
67  -1
61  -12
61  -6
60  -10
71  -8
46  12
41  -1
71  -1
58  -3
57  7
77  -2
71  -4
39  -1
46  12
49  -7
55  -3
69  4
76  8
54  -4
47  0
56  -6
72  1
75  -12
64  10
102  3
49  -4
70  -2
48  -2
57  10
62  -2
64  14
48  8
66  -5
63  -3
100  -8
62  -1
69  -1
43  4
59  2
89  6
71  -7
99  -7
59  -2
68  -4
42  1
82  2
56  -2
49  -4
68  -4
45  12
47  4
48  3
67  9
41  -3
75  1
65  -7
56  -6
79  2
71  -10
69  -2
51  13
69  0
57  2
45  9
42  5
56  -2
55  -4
67  7
60  -11
69  5
57  -1
57  12
67  1
58  -6
60  0
59  -9
53  4
77  1
46  1
85  -2
71  2
49  -5
65  -10
48  8
64  2
65  -2
68  -1
62  -2
69  -5
60  -12
62  2
68  3
47  -4
52  -4
63  -5
51  5
64  9
72  -10
51  6
38  7
44  0
76  5
52  -9
61  -9
30  7
62  -1
104  -3
42  0
70  -6
58  8
60  -6
60  -1
80  0
48  -4
48  0
58  5
60  -1
40  -6
55  7
90  -2
87  -3
53  6
49  -10
74  2
58  -4
88  11
47  -6
68  -6
60  -5
47  -1
71  -2
68  3
79  5
73  10
62  2
82  0
66  8
60  -11
78  -5
48  -3
38  4
66  5
61  -9
46  10
70  -6
64  6
61  0
35  0
51  0
55  4
56  -12
74  8
57  13
48  0
45  4
55  -6
54  -8
39  1
48  9
86  1
52  -5
63  3
84  0
57  10
52  -5
67  -1
64  13
43  7
59  -4
48  3
55  8
71  -11
72  -9
53  0
50  -3
75  -6
66  -2
60  1
78  0
60  -2
57  8
75  -4
61  -2
51  9
75  -4
75  -13
60  -6
60  -10
57  6
56  -13
68  0
46  13
68  -9
49  -6
56  0
51  7
51  8
67  -4
55  8
46  13
65  0
64  1
58  1
59  -5
81  10
66  -6
73  6
68  -10
66  -4
51  0
53  7
69  4
74  12
73  6
72  -1
49  -4
53  11
59  5
38  4
52  0
41  0
32  -2
62  11
58  1
83  11
52  -8
55  8
67  -1
68  -4
61  -9
70  -6
64  8
71  -9
81  -1
65  -6
53  0
57  -1
63  -5
44  -2
62  3
76  6
60  -12
80  -4
84  -2
73  1
76  1
91  -4
56  -9
43  2
60  -9
98  -4
62  11
59  -2
52  -7
67  1
55  1
84  -4
59  -9
67  7
52  0
74  13
93  3
56  1
47  -1
53  9
80  -5
67  0
35  0
66  0
66  -4
49  1
55  -4
68  -2
75  -13
52  -13
64  10
67  4
57  10
52  0
64  7
55  1
63  -2
43  0
56  -13
56  -6
63  2
70  1
65  -6
53  5
64  1
63  6
57  11
66  -6
71  -10
43  1
70  2
66  -3
66  3
59  1
75  -13
57  2
65  -6
75  0
51  1
82  2
45  3
66  -5
57  8
67  -1
69  1
48  9
61  -14
52  1
71  -11
51  5
81  4
64  9
48  6
41  3
63  -8
62  4
71  -6
60  -9
68  -7
64  5
75  0
62  1
50  3
57  0
47  1
53  1
87  9
42  6
68  -1
61  -4
78  -2
84  -1
72  -12
47  -1
100  -2
64  7
91  -6
69  0
35  1
79  8
51  3
61  -5
95  9
49  -3
71  -6
70  -1
58  7
61  -14
67  10
84  8
49  -8
65  0
76  9
44  -9
51  10
71  2
53  5
48  2
57  12
50  4
61  -6
61  -10
81  10
55  -4
88  -1
52  -2
68  -2
47  -5
67  5
96  -7
65  -2
55  -6
73  10
44  -5
55  5
46  12
51  1
48  7
78  -6
61  -1
76  0
40  -7
54  2
90  -1
66  6
50  2
46  9
39  7
33  -12
65  4
69  8
55  -5
60  -8
44  -6
60  0
61  -14
49  1
57  4
49  0
62  4
57  3
66  -6
72  -6
85  -4
69  7
81  7
59  2
74  6
55  -3
67  2
53  2
81  11
56  -8
39  11
59  -5
54  -10
80  1
54  0
44  3
57  1
46  10
54  -4
54  -3
72  -2
57  11
52  -7
68  0
45  5
67  -1
67  -1
45  11
65  2
84  1
62  0
47  7
94  -6
72  -11
61  -7
51  8
58  3
67  -3
43  6
53  0
61  -12
52  -11
56  -4
57  13
57  9
59  0
69  -5
78  -7
75  -11
80  -6
85  1
62  9
54  -10
54  -4
74  6
54  -5
74  4
53  11
93  -4
92  11
52  -11
79  5
49  -4
45  11
44  -8
66  5
71  -2
78  4
97  -9
52  -9
63  -6
64  7
43  10
75  -3
72  -3
74  6
58  4
43  -3
73  9
62  7
86  9
64  6
79  9
67  0
54  -6
72  -5
87  4
48  9
50  -5
61  -6
72  -1
55  1
76  5
62  6
47  5
64  0
63  4
90  -5
62  4
69  1
49  -6
69  8
50  4
77  -3
46  4
68  0
51  8
54  -4
71  -2
79  12
68  0
84  4
69  3
53  -2
54  -5
61  -6
67  0
57  2
51  9
60  -4
45  7
58  -6
64  2
58  5
43  4
63  -7
63  5
64  0
94  2
73  -3
53  12
59  -2
44  2
63  -5
59  4
52  -5
75  -12
67  5
60  -2
51  6
89  -3
62  0
49  3
46  3
60  -12
60  -12
47  -2
39  5
76  2
63  4
49  3
66  -5
53  -2
52  0
69  0
48  -1
72  0
85  -6
88  8
99  -5
54  -5
52  0
67  6
62  12
68  -4
47  4
59  1
61  -6
63  3
55  -5
59  1
66  -1
65  0
49  -9
43  -3
64  7
58  5
59  5
60  -8
46  14
65  -5
51  12
53  9
52  -12
57  11
62  3
53  12
51  0
58  -1
61  -12
65  -1
54  -3
48  -5
63  -6
50  -5
45  -1
65  -6
66  6
70  6
86  8
98  -2
79  -1
40  -8
54  3
49  -9
54  -6
71  -10
57  11
62  10
89  -1
81  12
46  10
57  0
77  -2
69  -3
56  -2
78  0
68  4
84  8
66  3
67  6
41  2
56  -5
51  2
70  -6
39  6
52  -6
57  2
60  0
70  -3
60  -11
47  4
34  1
71  -3
55  -1
78  -3
42  10
40  1
59  -8
58  -1
52  -7
59  -8
64  12
59  -7
60  -12
43  5
44  -2
71  -7
38  3
67  -3
70  -6
79  3
77  -2
48  7
84  -2
53  7
68  -10
47  0
63  -1
96  -2
72  -12
64  3
40  3
55  6
51  12
52  -1
57  0
60  -10
43  8
49  -1
68  4
76  1
59  -5
85  -2
55  -1
74  0
63  -5
36  10
53  2
42  3
70  2
39  0
73  5
58  1
54  2
72  -10
50  -7
75  1
68  -1
81  -1
69  -4
67  6
55  0
42  4
80  -3
47  1
86  8
70  -2
50  -7
60  -5
55  6
76  -2
67  5
56  -12
43  11
45  7
41  1
77  -3
59  -9
77  -2
50  -9
56  1
46  9
64  12
70  -2
61  -1
68  -1
62  11
71  3
65  1
90  6
69  7
54  2
57  7
49  4
61  -1
42  6
68  -8
57  2
77  -10
58  7
65  -5
46  3
51  5
67  -2
93  -2
73  5
73  8
70  8
51  14
83  -2
50  -8
57  0
103  7
45  12
81  0
49  -9
65  -7
59  -5
64  14
42  12
76  8
58  4
80  5
55  6
52  -6
70  -3
90  0
33  -7
74  14
57  1
56  -7
80  -4
61  -5
66  8
69  -6
39  5
66  0
53  7
65  -5
70  -4
67  9
53  8
71  -8
59  -8
66  8
76  8
93  2
49  -6
73  1
52  -8
70  6
55  -5
55  -5
65  -1
65  -8
55  7
66  6
38  5
72  -9
46  2
47  -2
43  10
57  0
73  0
38  10
58  6
66  5
61  -8
64  13
68  -6
78  -7
69  2
44  2
57  2
55  6
55  -4
59  -7
74  9
47  -5
68  -6
50  -10
63  -8
66  -2
79  11
51  11
89  3
67  0
61  -13
85  -3
61  -5
64  7
67  1
46  4
68  -1
57  11
43  5
67  -2
70  1
83  -2
57  9
50  2
33  0
57  6
86  10
43  10
68  -5
61  -5
65  -1
46  6
75  -13
40  0
56  -13
57  11
70  4
64  12
59  4
49  1
68  -9
47  -4
46  10
40  -4
46  8
75  -6
77  -9
80  -3
64  10
56  -12
48  -1
62  6
56  -6
69  -5
73  2
99  -7
97  -6
54  4
72  -7
54  -2
47  -1
65  -2
59  -2
53  10
43  -3
60  -7
67  1
49  3
82  8
55  -2
58  2
60  2
60  -12
57  13
57  7
70  6
46  0
83  3
55  4
89  0
39  12
62  1
47  7
56  -9
62  2
69  0
70  1
46  5
67  9
79  10
63  3
56  -8
60  -2
69  6
63  -5
69  3
67  0
75  -6
65  2
57  13
74  13
40  -5
62  3
78  6
78  7
60  2
63  -3
56  -10
47  2
45  -1
61  -13
45  8
78  1
51  9
36  9
62  10
46  14
64  7
61  -8
55  -3
