122  -8
86  -6
88  6
99  2
153  -6
95  3
70  6
87  -2
100  7
103  -2
84  4
70  3
128  6
74  6
94  -2
82  -2
47  -3
86  -7
64  -9
63  -2
89  -4
128  0
79  3
81  -10
83  4
83  0
110  2
119  -5
91  -4
88  5
108  2
91  -7
107  -6
103  -3
116  2
70  6
74  6
50  2
106  -6
49  -2
76  -8
60  3
75  3
54  1
83  0
144  7
94  -1
112  -3
96  -1
85  5
67  2
102  5
103  -4
64  -4
62  0
67  5
95  5
77  2
80  2
97  6
50  2
83  1
67  5
93  6
76  -4
76  -8
72  -2
122  -8
62  0
135  10
94  0
92  6
121  -3
86  -2
72  -6
79  8
79  6
94  1
74  6
62  0
94  -2
80  3
87  -3
79  4
82  -7
113  2
80  3
78  2
88  2
152  10
122  -6
86  -5
58  9
77  6
65  3
66  -4
39  6
86  -4
66  -1
97  5
80  -1
88  6
102  7
69  5
88  2
70  6
97  7
89  -6
131  -3
91  -3
52  1
148  3
87  0
86  -5
61  -7
74  6
106  -4
48  4
53  -4
131  -2
140  2
38  -9
48  6
83  2
77  2
67  4
59  3
54  4
74  2
95  3
96  0
81  -9
53  -4
79  8
94  1
56  4
94  -4
60  1
92  9
104  -7
77  5
115  5
68  -5
118  -6
68  -9
59  1
75  1
111  -2
127  -9
98  -4
89  -1
81  -4
110  5
73  1
103  0
82  -7
97  6
58  4
99  4
61  -3
77  6
109  4
66  -2
85  6
93  5
83  6
114  -4
123  7
57  1
51  0
86  -8
67  7
100  5
119  -6
104  -7
93  8
67  4
57  0
100  5
54  0
89  -3
75  1
101  -3
71  -3
74  4
61  -4
116  2
89  -1
62  -1
130  -4
115  6
67  4
108  2
70  7
81  -10
71  -7
62  5
60  1
74  3
41  1
44  -4
78  7
74  1
91  -2
88  6
81  -10
127  -10
65  0
110  6
74  4
52  3
97  6
60  3
109  3
76  -2
59  0
63  -2
76  -7
109  4
86  -3
136  -2
68  -4
39  4
100  4
101  -2
91  -4
81  -5
83  2
87  -2
107  -2
81  -9
112  -4
61  -8
99  5
72  -5
51  0
75  -1
49  -4
77  3
105  1
92  5
91  -6
79  4
132  -7
74  3
62  2
81  -6
64  -8
80  4
106  -3
92  10
66  -4
85  9
67  3
112  -7
98  -8
128  4
124  5
80  1
96  -1
126  8
119  -8
67  4
82  -4
84  10
95  4
96  2
133  2
99  3
69  3
53  -5
93  8
119  -6
90  -5
72  -6
88  3
76  -3
75  4
71  -8
88  4
125  -6
91  -5
83  5
71  -6
79  3
66  -3
113  0
73  2
97  2
61  -9
74  7
97  2
58  5
60  0
56  3
112  -3
84  10
74  4
98  -9
90  -4
79  3
67  3
99  1
100  7
93  8
83  0
52  0
67  6
68  -4
118  -8
117  -8
59  -3
91  -5
78  2
66  0
100  1
84  9
53  -1
65  3
86  -8
134  -6
108  3
89  -3
73  -2
98  -7
93  7
56  5
81  -5
109  4
82  -1
49  -5
66  -3
90  -8
53  -2
93  7
79  4
72  -3
95  5
88  6
76  -7
93  3
97  5
74  3
63  -1
91  -5
145  7
88  7
103  -6
101  1
139  -6
86  -8
101  -2
75  1
96  1
75  5
91  -2
112  -8
76  -2
88  6
109  7
90  -8
97  5
67  3
142  2
65  1
75  0
79  8
123  8
85  9
50  0
86  -6
96  4
60  2
57  -2
87  -6
150  -6
109  7
76  -3
44  -3
68  -5
65  -2
90  -8
88  4
63  -5
93  8
72  -5
53  0
89  -4
98  -5
85  4
120  0
77  4
99  2
96  4
87  -5
83  0
126  8
116  2
52  4
90  -3
72  -3
86  -3
87  -6
132  -3
113  0
75  0
110  2
77  5
72  -3
65  1
84  8
120  5
85  7
62  2
67  2
79  5
115  6
58  3
86  -4
80  3
77  5
82  -6
91  -6
53  -1
47  -3
83  1
78  5
88  7
105  4
87  -1
94  -4
79  3
81  -8
71  -8
95  6
121  -4
102  4
83  6
90  -9
97  4
109  5
46  0
58  6
70  6
122  -5
100  2
55  -1
122  -6
122  -9
44  -5
110  1
148  5
101  -1
94  -2
71  -4
87  -5
87  -2
80  1
56  8
75  -1
108  3
117  -4
84  4
81  -7
69  3
85  7
69  8
109  2
56  2
75  5
70  6
85  8
114  -4
88  6
93  3
112  -3
128  3
85  9
73  3
92  4
90  -3
103  -6
75  2
93  7
56  3
76  -7
86  -8
90  -6
92  6
75  4
63  -2
110  3
54  4
66  2
111  -2
109  3
82  -4
79  8
75  -1
62  4
58  5
90  -7
85  10
93  7
103  0
73  3
115  0
100  2
68  -4
73  2
103  -5
95  3
96  1
99  7
99  7
88  6
94  -2
85  4
112  -4
78  2
147  6
82  -6
162  -8
82  -4
89  -6
52  3
51  -5
59  3
106  -5
94  -3
70  6
80  2
60  4
90  -6
83  1
71  -9
106  -3
107  -5
61  -4
59  -3
62  3
103  0
63  -5
69  5
91  -7
71  -3
79  6
63  -3
81  -4
103  -2
85  5
77  6
88  6
73  0
81  -10
114  -6
87  -3
61  -6
103  0
100  1
85  5
71  -9
92  10
54  -2
79  2
95  7
105  2
113  -1
95  5
98  -5
101  -3
66  -2
71  -9
63  -6
103  -6
105  3
55  1
114  -5
76  -2
55  -1
90  -8
120  5
73  0
95  2
103  -3
82  -2
79  2
86  -8
106  -3
60  1
102  2
82  -2
58  3
58  9
88  4
86  -2
123  3
69  2
69  3
68  -6
75  -1
79  4
125  -2
81  -9
64  -9
79  2
87  0
93  4
98  -7
90  -3
63  -4
87  0
82  -7
68  -6
105  0
91  -2
64  -8
95  4
104  -4
76  -2
68  -4
92  9
68  -5
105  1
108  4
75  4
110  7
85  4
86  -7
105  -1
88  1
69  3
88  3
78  6
77  5
76  -6
105  -2
103  -5
90  -3
139  -5
57  0
71  -6
98  -9
70  3
61  -3
89  -4
78  5
96  -1
94  2
105  -1
81  -7
58  6
75  0
96  -1
100  5
62  1
110  4
75  -1
108  2
123  6
82  -6
115  5
87  -3
86  -8
81  -5
66  -3
78  6
69  3
109  6
79  4
76  -8
166  -2
104  -2
89  -4
109  7
130  -2
99  3
84  6
82  -1
109  2
78  6
92  7
75  4
95  4
104  -4
70  6
88  6
59  -2
123  7
62  2
64  -5
87  -4
115  6
117  -3
91  -2
88  3
68  -7
44  -6
53  -2
60  4
97  4
83  2
70  5
81  -6
70  5
87  -6
122  -6
128  4
109  7
101  -1
54  -1
81  -10
72  -5
89  -4
138  -4
103  -5
85  4
90  -4
119  -7
93  9
79  2
114  -4
88  2
66  -3
94  -4
84  4
79  4
76  -5
85  5
101  -2
86  -7
71  -8
57  -1
96  -2
96  4
126  4
128  5
95  7
92  10
72  -5
144  6
60  1
64  -6
75  3
65  1
86  -2
107  -3
98  -8
64  -7
97  5
85  10
95  1
58  7
76  -4
158  -1
127  -8
64  -4
58  5
91  -4
140  0
114  -4
60  3
73  4
98  -9
49  -4
129  -2
110  5
78  4
42  4
44  -6
99  5
74  6
106  -5
51  -1
81  -4
67  2
94  2
72  -3
91  -4
75  -1
104  -2
91  -4
82  -5
96  -2
89  0
79  5
119  -4
83  5
122  -5
95  3
123  9
105  3
120  5
98  -8
71  -3
66  -2
83  2
111  -5
88  3
95  5
81  -7
89  0
73  2
79  8
85  9
101  2
71  -3
81  -5
135  8
66  2
73  0
77  5
48  0
84  6
115  0
75  3
89  0
87  -6
111  -3
83  1
81  -5
86  -5
113  0
105  2
103  -5
69  3
123  5
100  1
50  1
118  -4
63  0
69  8
112  -7
67  8
72  -7
98  -6
106  -6
88  6
90  -7
105  -1
104  -4
94  -1
84  5
49  -5
90  -3
80  5
102  2
110  5
105  3
99  1
117  -7
44  -6
93  9
56  2
78  5
54  0
86  -2
69  6
91  -4
63  -5
118  -3
95  1
95  3
73  0
45  -3
85  6
97  8
59  1
138  -4
110  3
71  -8
64  -6
67  8
86  -5
77  4
88  2
100  1
60  0
124  6
97  4
84  6
61  -7
124  2
91  -7
87  -2
90  -3
91  -5
76  -2
55  5
71  -9
106  -5
73  4
91  -3
90  -7
70  6
94  1
70  9
149  1
123  3
109  7
86  -7
84  6
107  0
108  3
104  -1
162  -9
79  2
103  -5
63  -5
56  2
108  -1
89  -3
92  9
107  -6
98  -6
70  4
90  -8
71  -6
107  0
69  8
96  -2
71  -4
99  3
106  0
101  0
81  -10
113  -1
80  4
125  -5
69  2
96  -2
90  -8
77  4
119  -2
90  -9
64  -5
95  2
98  -7
95  3
64  -5
93  8
105  -1
94  -3
105  2
56  4
88  5
70  7
93  8
84  10
94  -4
94  -1
117  -4
58  4
101  -1
98  -4
77  7
61  -3
95  2
89  -2
80  5
59  1
110  1
89  -3
98  -6
93  5
95  1
82  -1
66  1
122  -5
65  2
91  -6
56  8
93  7
132  -9
105  3
115  4
114  -7
140  -1
59  2
91  -3
110  7
86  -6
104  -4
133  5
126  2
93  3
83  5
94  1
90  -6
92  9
73  -1
67  3
105  3
75  2
98  -5
47  -2
60  2
97  6
55  1
111  -4
