167  -7
167  -5
114  -9
177  -3
134  -1
159  3
214  2
175  -3
175  -8
172  -8
130  2
127  10
174  0
128  1
218  7
197  0
152  -7
153  -3
199  -1
217  -1
152  -9
206  6
210  1
159  8
138  -5
132  11
104  4
168  -11
116  -3
165  2
200  -4
176  -7
180  0
171  4
165  9
134  0
139  2
143  -12
176  -5
148  -3
169  -5
148  -11
164  6
155  -1
110  1
99  -3
148  -3
183  -6
147  8
147  3
191  1
147  5
104  2
125  3
119  -2
165  4
169  -2
177  4
119  -1
146  7
137  -3
123  0
231  -1
195  -8
168  -9
127  12
239  2
172  -8
250  3
195  -5
214  7
186  2
153  -5
186  -1
167  -3
121  -7
138  -3
158  1
139  1
129  4
159  -1
191  -8
157  -2
183  -12
172  -11
158  6
193  -3
170  -3
97  3
222  2
188  10
186  -3
206  8
156  10
175  -4
179  -10
123  3
152  -2
153  -8
129  3
149  1
190  -10
141  1
218  -1
145  -8
164  3
219  4
159  1
166  -11
182  -4
175  -7
192  -2
180  -9
172  -3
191  0
161  3
151  -6
118  6
137  -5
159  3
213  4
154  2
169  -8
178  -2
145  0
198  -7
144  4
93  5
184  8
129  -2
139  0
187  -4
170  -6
159  -1
132  4
149  1
136  -1
181  -6
184  7
105  -7
183  -8
183  -2
150  4
167  -4
148  -11
167  -6
202  5
165  8
120  0
179  -1
185  4
106  -1
161  11
172  -11
117  -4
141  -5
148  -11
202  0
97  -3
178  3
180  -2
151  -9
158  5
138  -2
161  6
114  -2
156  3
176  -6
178  -4
185  -1
176  -8
98  -6
118  -3
176  -6
205  2
143  -3
157  -1
196  1
164  6
144  -3
62  -7
143  -9
186  3
157  6
181  -6
125  5
175  -8
182  -7
161  9
174  6
143  -7
138  4
215  -3
170  -3
126  -4
212  -3
134  1
219  6
245  -1
208  3
215  1
139  5
191  -4
147  3
146  0
106  -2
241  6
176  -7
164  2
190  -7
156  5
167  -7
155  -5
193  -3
133  2
146  7
148  -12
210  5
161  3
179  -8
183  -9
134  5
178  1
159  5
135  6
181  -9
181  -9
147  10
142  -10
216  9
96  10
226  0
204  -7
170  1
147  12
143  -8
132  6
160  -3
141  -5
138  -1
213  8
140  -11
201  2
154  -1
176  -1
200  -8
135  2
186  1
180  -10
190  -3
126  -2
140  -4
180  -4
219  0
101  4
85  2
198  -4
212  4
165  1
149  0
124  0
175  0
201  5
97  2
207  -2
119  2
157  3
131  0
130  4
195  -9
163  4
134  8
163  2
171  3
223  0
157  0
172  -7
161  3
190  -4
196  1
108  -12
177  4
167  -7
118  -2
176  -10
174  4
264  -6
149  -3
151  -1
165  9
152  -1
185  -5
159  -1
234  2
198  -7
146  3
133  10
201  8
151  -5
138  -2
190  -10
191  -2
173  5
148  -2
193  3
152  -4
187  0
154  5
203  -3
201  0
159  2
233  -2
125  12
135  -3
139  -2
157  5
160  0
112  5
135  0
129  2
161  5
166  -3
152  -4
185  3
212  0
103  -7
236  7
147  9
174  2
156  8
116  -5
131  -3
171  2
134  3
175  -2
176  -2
257  -6
192  -8
181  -8
116  2
161  3
101  4
189  1
175  -4
184  4
169  -4
192  -1
155  -1
107  -9
132  7
117  3
172  -9
169  -9
108  -11
130  0
106  7
158  4
222  0
129  -6
152  -4
186  -5
198  -7
195  -2
136  9
199  6
180  -3
157  -3
175  -3
170  -7
152  -8
139  5
231  2
173  2
177  2
122  3
176  -1
209  12
157  -3
210  2
112  1
133  8
158  6
216  9
137  2
174  9
136  3
112  2
100  0
146  0
157  6
135  2
184  2
178  4
147  12
171  9
150  0
137  -1
184  6
152  -1
174  0
242  4
129  -2
123  8
100  6
169  -11
154  -2
122  -2
215  1
137  -1
129  -2
158  -1
107  -4
146  1
168  -9
158  -3
181  -6
168  -4
205  9
179  -7
152  -4
151  -9
150  -1
159  3
185  1
186  1
167  -7
144  4
182  1
232  -5
212  4
169  -10
132  8
159  -2
163  5
230  -3
170  -6
186  2
161  4
180  -3
155  -4
142  -2
152  -9
196  -2
133  11
205  11
124  0
126  -3
225  3
160  -1
150  3
186  -6
150  0
180  -2
116  -4
154  3
151  -6
140  -10
122  3
115  -6
193  0
206  9
158  3
154  4
161  8
196  -6
172  -12
178  2
155  -7
171  8
118  -3
146  5
128  4
167  -5
132  10
139  6
159  8
160  1
111  -8
142  -3
148  -4
127  4
192  -10
226  -1
168  -6
162  -4
144  -1
203  0
148  -10
151  -5
183  -2
168  -3
149  -6
161  4
160  -4
126  2
140  -1
133  3
191  0
180  -5
188  9
223  0
207  5
105  -3
106  7
169  -11
154  1
164  3
183  -9
124  8
147  10
134  0
139  -3
179  -7
177  3
193  7
150  5
157  2
171  9
214  -1
195  -5
155  -11
179  -1
165  11
157  0
160  -2
136  2
137  1
191  -2
219  10
154  -2
175  -2
129  -5
166  -10
129  -2
139  -4
188  9
157  4
144  -2
136  1
168  -9
145  -6
126  2
154  -1
160  -6
116  -5
159  7
156  10
171  11
152  -7
167  -6
188  2
177  3
202  6
163  3
211  3
160  0
170  2
173  5
158  0
196  -5
137  2
140  -2
158  -2
179  -6
135  -1
176  -2
172  -8
148  -12
192  -9
173  5
173  1
177  6
183  -12
196  -1
197  -9
255  9
151  -9
127  12
223  3
143  -9
162  1
129  -1
117  -1
179  -11
179  -6
229  -10
198  -9
183  -4
163  0
195  -5
231  -2
112  3
132  1
202  -3
154  -3
146  2
100  -3
164  6
216  4
165  8
130  1
175  -3
172  -2
156  4
155  -1
128  2
144  3
139  1
156  0
116  3
122  -7
135  -4
145  0
137  1
141  2
161  11
116  3
155  -8
216  6
212  2
195  -9
128  4
169  -11
155  -5
169  -2
137  -2
167  -2
151  -7
130  2
94  -6
195  -7
146  8
114  -2
181  -3
180  0
136  5
145  -2
136  9
125  9
145  -2
170  2
183  -2
158  3
203  0
167  -8
194  2
123  10
178  4
187  1
201  2
151  -2
170  0
215  1
149  0
215  1
163  9
147  3
155  -11
181  -2
158  0
152  1
155  -9
163  6
238  0
198  -2
132  8
206  7
137  -1
126  -1
121  -3
174  7
186  3
156  5
137  -6
175  0
130  4
144  0
151  0
161  5
112  4
123  9
184  0
184  -2
94  0
165  6
167  -7
152  -1
145  2
124  9
119  3
157  1
133  10
112  -1
134  6
249  -10
107  -7
150  3
128  4
156  2
148  -6
218  1
155  -6
112  7
152  -7
151  -3
131  2
163  1
166  -7
155  -9
160  -9
174  5
171  2
161  12
149  -5
120  -5
166  -5
203  4
207  0
214  1
271  -2
152  0
139  5
156  3
107  -5
126  5
165  11
176  -7
179  -3
170  -2
163  3
109  9
158  6
154  -3
195  -11
177  0
188  5
168  -11
170  2
186  0
142  -1
260  -6
77  1
153  0
141  -4
177  -3
230  -7
183  -12
153  -7
184  3
197  1
150  -1
107  -5
178  4
135  3
170  -1
146  8
134  7
168  -10
180  -2
177  4
154  6
203  -5
170  -2
146  -2
172  -9
129  -2
234  8
161  6
173  7
194  7
126  3
166  -2
196  -7
152  -7
157  0
161  12
159  0
119  -3
133  9
193  6
143  -8
136  7
121  2
181  -2
110  1
136  7
169  -3
147  5
179  -8
154  0
178  -1
124  5
148  -10
153  -1
121  3
210  8
117  0
224  2
186  -6
135  2
207  -1
250  5
146  -2
198  -1
134  1
192  -10
187  -8
152  -7
166  -8
165  2
123  2
153  -4
149  -5
154  0
208  4
155  -5
125  9
170  -4
131  3
151  -10
172  -3
174  0
235  4
141  -2
85  2
146  2
146  2
157  2
163  3
146  -1
190  -2
168  -3
151  -7
131  -5
140  -4
103  -4
131  -4
103  -9
167  -1
161  3
167  -1
208  5
170  -5
182  -2
160  -1
191  -5
169  -3
163  5
183  -9
147  2
130  3
162  -6
166  -4
116  -2
138  -6
195  -10
146  -2
172  -10
136  4
131  -6
147  4
114  -3
166  -6
154  -2
144  -2
130  8
132  9
228  9
183  -5
105  -8
115  -2
132  8
125  4
120  -2
206  6
177  -2
144  -1
216  5
151  -3
171  6
197  -3
193  0
210  7
92  2
163  8
145  -8
121  -6
170  -8
150  0
127  3
130  8
157  1
142  0
157  4
195  -9
131  -3
179  -10
120  -5
178  5
206  8
149  -4
176  0
146  8
161  11
149  -5
138  -4
176  -3
148  -2
135  -4
153  -6
179  -5
157  4
186  0
172  -5
105  -6
170  0
209  2
143  -12
137  -4
186  0
198  -7
163  1
146  -1
184  6
133  8
142  -2
175  1
129  4
120  -5
158  -2
150  3
134  -1
225  3
183  -3
170  -3
261  -3
179  -10
159  4
136  5
174  10
169  -1
182  -9
171  7
195  -2
112  1
207  2
167  -2
267  -4
171  5
143  -8
136  0
109  8
142  -3
187  0
139  0
173  5
175  1
88  -8
189  -7
173  6
143  -2
138  -6
129  -1
141  -1
186  -2
194  4
149  -7
173  1
112  1
168  -6
148  -3
137  -2
119  3
132  8
105  -7
151  0
167  0
151  -8
173  1
209  8
164  4
180  -5
169  -4
179  -7
143  -9
194  -1
116  -6
113  3
148  -11
151  -10
129  1
169  -9
152  -3
181  -2
156  5
222  2
178  -3
134  7
186  2
136  4
