325  3
210  2
263  -10
228  0
252  1
248  4
269  -4
292  1
331  -6
230  9
203  -1
202  -8
282  -3
258  1
197  3
265  -2
339  -6
226  10
181  2
275  -7
202  -5
219  -1
263  -4
168  -4
240  -2
325  5
181  4
175  10
303  2
205  10
241  -9
259  0
272  -1
207  0
265  -2
223  -1
229  -3
307  8
207  1
285  2
220  -3
225  7
283  3
234  -8
322  -5
302  -4
285  -3
280  0
354  10
224  -2
212  1
307  1
309  4
284  -4
177  7
204  -5
151  -1
241  -3
238  -12
320  -2
241  -9
289  -1
207  -4
198  -4
175  4
125  10
213  6
323  5
196  -8
235  -7
232  0
241  -5
172  -5
214  -7
238  -5
267  2
231  4
297  -3
310  -4
231  5
218  -1
244  8
237  -6
226  11
264  9
218  -1
346  10
296  1
294  7
269  -5
313  12
237  -6
264  10
212  4
277  -9
259  8
204  3
191  -6
285  2
320  -4
224  -2
263  -4
298  -5
221  -3
264  11
263  -2
195  6
231  3
318  5
221  2
288  -1
205  7
259  0
182  -3
253  -1
321  -6
278  -5
215  -5
249  -2
210  2
212  6
273  -7
267  1
178  -6
283  1
284  -4
207  1
196  -7
268  2
245  -11
195  2
270  0
240  1
223  -2
213  6
296  4
262  -9
358  4
211  2
212  0
305  4
195  2
265  -6
222  8
185  -10
292  7
189  2
195  1
227  -9
345  9
178  1
269  -4
268  2
226  8
309  7
235  -3
250  4
411  8
265  -8
273  -1
290  -8
291  10
332  -7
243  3
267  -3
220  6
262  -6
230  0
222  6
305  7
176  2
239  -6
245  -8
266  6
206  2
196  -5
222  6
308  2
198  -1
223  -6
380  -4
251  4
284  -10
235  -10
216  1
298  -3
245  -7
276  10
164  -6
287  3
228  0
191  -7
240  1
262  -8
221  0
252  8
227  -5
235  -7
193  4
291  8
247  0
280  -8
200  -2
246  2
200  -2
307  1
282  -1
287  3
239  -2
255  -6
255  -9
299  3
277  -6
277  1
281  -2
167  6
222  0
207  -1
224  -2
231  6
174  9
324  -1
274  2
245  -10
241  -1
222  3
278  -4
256  -1
174  2
243  3
234  -5
308  9
209  4
266  2
178  -2
273  0
258  4
261  -4
226  11
175  12
220  0
270  0
248  1
342  1
228  4
214  -6
203  -1
234  -8
209  4
230  4
344  4
227  -4
268  -5
257  1
265  -3
185  -3
364  4
283  5
207  -6
237  -1
325  6
241  -2
246  10
263  -8
245  -3
285  -7
267  3
306  12
316  -11
342  5
211  1
176  1
329  1
212  -1
235  -3
253  -1
247  -2
245  -8
210  0
285  2
219  5
271  4
180  3
197  3
216  3
183  6
269  -3
249  -6
244  5
191  0
204  -4
203  -4
198  -2
325  3
252  3
211  -1
202  -7
269  -1
299  0
263  -12
352  -2
228  0
203  -1
287  1
210  -2
184  9
344  -4
270  4
226  7
247  2
278  -5
199  -11
267  3
253  -1
260  4
250  -1
245  -9
330  11
315  5
281  -2
227  -10
203  3
225  2
241  1
299  3
240  2
299  -3
177  7
295  -9
323  4
306  9
206  3
218  5
214  -9
189  1
281  6
282  3
181  2
216  6
255  -11
189  -2
181  2
264  2
319  0
180  -1
324  -3
269  -4
257  -6
249  -4
225  -1
271  3
261  -12
239  -10
279  1
304  3
280  -4
227  -4
219  2
254  10
259  -2
193  2
310  -10
269  5
287  3
256  -1
220  6
271  5
210  3
231  2
287  2
241  -9
247  1
192  -7
225  9
279  -6
245  -7
190  5
262  -6
239  -12
265  -2
216  8
241  -4
224  -11
195  3
279  -7
293  1
235  -5
191  0
240  2
207  -3
302  -2
167  2
344  -1
220  0
297  4
234  -6
328  -1
292  5
223  -3
232  2
262  -3
334  -5
233  5
253  3
224  -7
233  4
239  -6
239  -2
224  -5
259  -2
295  -4
207  2
276  3
225  6
208  -6
267  2
221  0
253  1
231  9
247  3
271  5
207  -5
243  6
265  -10
281  3
239  -7
272  1
196  -4
214  -11
263  -6
215  -3
257  -7
244  1
267  2
282  -5
205  3
280  0
164  -7
244  0
178  -7
222  4
277  -4
282  -4
204  -3
202  -3
267  4
197  4
177  4
207  -2
207  -8
239  -6
267  1
285  -1
227  -6
231  11
294  2
255  -2
230  0
169  2
202  1
259  0
197  4
226  1
263  -4
184  2
245  -11
201  1
299  -1
200  2
341  -2
257  -3
277  -7
285  1
260  3
259  5
236  6
262  -1
213  7
217  0
281  5
297  -1
174  2
179  3
258  -2
238  -12
317  1
202  -4
245  -10
241  -6
252  6
389  3
258  -3
212  5
276  8
254  5
296  6
294  3
198  -3
225  6
222  3
272  7
251  6
291  10
228  7
254  9
277  -4
246  11
240  -2
257  -4
268  -1
283  0
239  -5
265  -9
181  -4
220  1
279  -2
267  2
260  5
431  4
264  11
298  -2
224  -11
157  1
297  1
318  -4
235  -4
262  -8
194  12
270  -2
236  0
291  12
221  2
255  -5
240  -6
269  1
256  2
257  -4
337  -10
322  -5
242  12
189  3
240  3
223  -6
220  2
224  -6
192  1
287  6
223  -3
245  -6
195  6
287  5
256  0
217  -8
244  6
217  0
314  8
225  6
234  -7
208  -10
230  6
200  -7
198  1
224  -10
271  2
232  0
231  11
176  8
271  1
227  -3
222  3
196  -3
205  3
221  4
220  4
210  2
316  -7
274  8
295  -1
250  5
193  3
296  5
253  -5
278  -2
243  5
208  -5
190  11
236  -1
217  -7
216  2
354  8
301  0
266  4
248  -1
233  0
242  6
310  -9
275  -7
267  3
281  4
194  5
278  -3
297  1
196  -3
276  4
241  -1
228  10
261  -2
283  0
268  3
251  5
210  5
186  -7
286  -1
285  -3
196  -6
210  -4
212  6
303  -2
256  -7
237  -9
259  2
193  4
265  -1
245  -3
250  2
292  0
279  -4
247  -1
250  3
401  -11
356  10
305  8
283  1
240  2
203  1
142  9
186  -4
251  4
300  -5
298  -3
298  -9
334  -5
283  -1
261  -10
249  -1
329  1
298  -8
250  -1
209  6
165  9
320  -2
271  8
191  -4
295  -6
385  2
208  -5
273  1
247  0
258  4
357  -6
288  2
323  3
219  0
269  2
268  -5
195  4
265  -8
315  1
158  3
294  4
322  -4
217  -5
229  -3
192  -2
244  7
258  6
254  10
244  -2
307  7
282  -7
255  -9
266  -3
173  5
305  6
180  5
288  -1
202  -3
222  -1
185  0
231  3
190  10
204  -3
194  8
257  -9
272  6
323  12
256  -1
192  -8
218  2
229  1
254  9
262  -2
256  -3
209  8
256  -8
211  0
252  5
211  1
248  -4
284  -9
203  0
201  4
252  5
257  0
199  -4
205  9
252  1
252  1
312  9
302  2
293  -1
270  0
277  -4
261  -10
314  4
265  -5
225  8
268  -6
253  3
231  8
233  3
322  3
214  -1
242  8
230  7
243  7
253  -5
248  -4
248  4
231  7
173  5
248  -1
213  11
284  -11
142  1
231  3
188  -1
234  -6
184  12
249  -5
257  0
242  8
192  -5
258  6
194  12
189  -2
228  5
253  -6
201  8
237  0
231  8
206  4
164  -6
240  -3
292  6
339  0
268  3
206  -1
247  7
268  -1
239  -9
285  -2
226  5
330  11
264  11
214  -3
205  4
280  -4
251  3
212  0
169  4
302  -4
227  -5
208  -10
206  -2
235  -7
237  -1
294  6
250  -2
369  2
322  -1
239  -5
281  4
254  8
229  -3
195  1
337  -8
208  -7
272  -3
257  -5
249  1
203  1
227  -10
270  -2
212  6
221  6
250  6
196  -2
298  -7
212  8
242  11
337  -6
200  -5
312  1
213  8
152  2
245  -3
212  5
248  4
304  4
261  -6
169  1
272  1
285  -6
262  -10
219  2
232  3
204  -5
218  3
234  -7
270  5
344  -5
265  -6
287  4
226  1
238  -3
211  2
278  -4
204  -4
228  9
172  -7
324  -6
218  2
190  11
237  0
269  1
213  1
270  1
261  -7
234  -5
312  6
290  -7
220  5
378  -7
230  -1
215  -1
247  1
260  5
302  -3
205  1
227  -7
321  -4
224  -3
224  -1
298  -10
181  0
236  4
268  -3
304  2
201  1
290  -2
193  5
271  5
230  1
263  -7
255  -9
299  1
242  5
271  4
301  6
347  -3
261  -5
229  0
289  -8
232  4
332  -3
146  3
271  9
290  -4
262  -8
178  -4
235  -9
343  12
296  1
287  7
261  -5
240  -1
251  7
284  -9
264  7
313  2
325  -2
271  0
224  -10
201  -2
265  -9
163  -11
192  -4
220  7
384  -2
282  -4
215  1
220  -2
205  8
221  2
200  -4
222  0
212  -1
254  11
201  -2
236  -3
279  -5
257  0
210  -3
353  4
232  0
263  -8
215  1
265  -5
402  7
220  -1
240  -6
255  -6
242  7
272  2
235  -9
369  8
324  0
215  -7
234  -2
301  -1
246  4
230  -1
267  4
182  3
298  0
283  7
211  -8
285  2
270  2
265  -10
283  5
278  -3
251  -2
262  -7
228  10
307  0
295  1
333  -9
304  7
232  3
291  10
225  -1
239  -4
217  -6
337  -6
230  3
227  -11
207  -4
305  9
205  5
234  -4
227  -3
229  -1
222  5
268  2
183  7
328  5
232  0
211  -4
291  5
239  -7
251  -1
225  3
195  4
301  -1
314  11
206  -3
306  9
259  6
200  0
253  3
253  -7
279  -5
248  -2
244  0
183  1
220  7
256  -1
202  -8
