18  -5
8  1
12  1
28  -1
17  1
10  1
21  6
20  1
21  9
9  6
22  -3
16  -7
20  4
20  4
18  2
19  -5
23  5
22  3
18  -5
11  7
31  7
13  -1
11  -1
18  -5
17  3
27  -4
25  0
20  2
19  7
19  6
21  12
9  2
16  1
19  -5
12  3
27  -2
16  3
11  10
11  7
12  6
13  1
20  9
16  5
20  9
24  -6
20  6
22  -1
14  -6
17  -1
7  0
20  4
9  5
17  9
14  -8
5  1
12  10
25  11
24  0
24  4
32  0
24  -6
20  10
23  8
19  1
20  7
17  -2
16  -4
10  2
10  0
18  -5
15  -4
20  8
19  -3
7  10
16  0
9  4
11  6
19  -4
27  -1
17  10
16  5
23  9
28  -12
17  2
19  -1
21  5
15  -1
13  -4
19  6
14  -4
17  9
18  3
12  8
22  -3
15  2
22  -2
16  5
23  1
8  -6
16  1
24  -5
16  -4
15  5
32  -7
31  1
11  0
24  2
16  4
12  9
11  10
21  10
13  -3
20  10
20  9
19  4
17  0
15  -3
17  9
16  -2
13  -2
16  -5
11  6
18  3
18  -7
20  10
13  -4
16  3
15  -3
17  0
13  -3
29  8
12  8
12  1
16  -7
12  6
27  4
18  -8
33  13
18  -7
15  5
15  -1
12  8
21  12
15  -7
14  -3
19  -4
14  3
22  3
20  2
26  -8
36  10
24  -3
22  -2
16  -2
21  9
25  8
15  -6
17  8
15  -7
13  -7
11  5
27  -1
27  1
29  5
19  -4
23  5
18  -4
17  -2
9  5
23  4
17  5
17  9
26  -7
10  1
12  4
15  -6
14  4
17  10
31  0
21  12
18  -9
21  10
17  1
15  -6
22  -2
10  5
17  1
15  -6
17  -2
16  0
26  -7
15  4
12  5
25  8
16  0
13  -3
17  5
15  2
26  0
19  2
18  -1
19  3
18  -1
18  -2
19  2
19  4
20  6
21  12
15  -6
10  5
19  -5
10  9
13  -3
14  -6
21  0
16  -6
21  4
19  0
19  -1
11  11
15  -3
18  1
15  5
20  5
27  -2
11  1
17  7
11  5
15  -5
17  0
14  0
9  9
14  -5
9  1
17  3
13  4
16  4
19  0
20  8
20  11
6  -6
11  2
15  -5
14  -7
17  9
13  0
18  -5
15  -3
15  -1
32  -9
15  -2
14  4
28  -8
12  12
18  -3
16  -2
22  4
28  -12
16  -7
16  0
17  9
20  11
14  3
15  -7
14  -8
23  -3
12  0
19  3
12  2
14  -5
16  -2
25  2
25  1
31  7
11  6
15  5
24  0
15  4
10  12
22  -5
23  -3
19  -3
8  2
20  6
14  -5
20  -1
22  3
17  7
19  2
8  -1
23  2
17  8
21  4
22  0
32  0
29  13
9  5
16  4
26  0
11  9
12  6
16  -4
32  -7
19  3
14  -5
16  0
25  3
21  12
18  -5
28  -9
10  5
18  -4
19  2
9  2
23  -3
13  -2
28  -6
24  6
12  12
14  3
21  2
13  -4
11  11
26  -11
18  -1
21  6
24  -2
18  -7
23  9
15  0
21  12
18  -3
23  5
21  7
14  -7
24  4
21  6
25  5
13  1
22  7
12  11
13  -1
21  5
17  10
22  0
13  4
27  5
18  3
11  5
12  4
14  -1
12  10
21  0
23  5
19  3
15  3
23  4
20  10
13  -3
11  -1
15  -1
13  -1
24  0
25  11
14  3
13  -4
15  2
17  -2
16  -1
18  -6
19  -4
16  -5
16  -2
18  -9
17  8
18  -2
14  -3
18  -4
15  -2
12  6
23  -3
12  7
13  2
12  9
15  -4
23  4
16  -6
26  -4
18  -1
18  -2
16  -5
21  3
24  -6
18  -4
22  0
9  3
18  -2
17  6
12  1
21  10
30  5
20  0
18  -4
25  1
24  5
24  4
20  2
16  1
13  -5
21  3
16  2
16  5
26  -4
17  0
16  -5
27  2
15  3
9  6
27  0
18  -3
7  2
27  -1
26  0
20  1
11  2
17  1
10  12
30  1
22  -5
20  5
15  4
18  -2
18  -9
19  -5
17  -1
11  -1
13  3
19  6
30  12
19  -1
14  1
16  -4
27  -5
20  4
11  -1
13  1
20  4
13  -4
14  -3
22  -3
22  -2
21  9
19  6
26  -7
17  2
20  -1
23  -2
12  3
21  3
20  7
20  11
12  11
17  2
14  1
18  -5
18  2
21  10
13  1
20  -1
28  -10
24  0
37  5
14  -7
17  9
22  -3
21  5
13  1
22  -4
16  0
16  -1
24  4
8  -6
16  3
10  4
19  4
23  1
20  5
11  11
28  -12
16  -6
21  12
21  0
14  2
10  11
15  -7
25  5
19  -1
18  -2
20  11
12  3
13  -8
19  -5
27  -5
11  6
13  -3
19  -5
12  0
15  -3
21  10
18  -9
20  9
16  3
19  4
20  9
17  9
11  2
23  6
22  5
17  1
23  6
11  0
11  10
13  -4
29  11
29  10
15  -3
16  1
23  -1
19  5
13  4
17  -2
19  7
16  0
13  -6
20  5
13  4
21  1
19  7
10  9
16  -2
21  8
13  1
16  0
15  1
15  -5
21  2
15  3
17  1
14  -2
9  6
21  0
14  -1
14  -4
17  8
15  4
18  1
16  -3
27  1
24  -2
18  -7
24  -4
20  7
17  3
11  1
30  1
15  2
21  12
28  0
12  1
15  -7
8  -7
13  -8
19  3
17  7
13  -7
17  6
17  5
22  5
13  -1
16  1
24  -1
17  -2
9  1
18  -1
10  9
22  0
18  -2
8  3
18  -5
13  -2
19  -2
22  4
12  8
20  5
22  -3
26  -2
23  -2
13  -5
28  -3
11  11
20  11
16  1
15  3
18  1
10  1
20  -1
18  2
12  11
24  6
14  -6
22  -5
19  4
10  9
12  5
13  -7
22  -3
19  1
16  4
14  -1
18  -7
17  6
27  2
20  5
13  -7
17  3
16  5
16  -1
28  -8
14  -8
9  11
14  3
27  1
22  -2
26  -5
16  -3
22  7
8  1
11  4
19  0
21  6
5  2
18  -1
19  6
23  9
15  -5
11  3
20  10
19  -3
18  -3
22  2
13  -1
21  1
17  1
17  -1
19  3
15  -6
22  3
17  -1
23  9
17  0
20  -1
13  0
15  0
16  -2
20  3
12  9
22  2
22  -1
29  3
17  10
9  6
20  -1
19  3
11  2
21  0
25  3
22  4
18  3
28  -7
22  -1
13  -6
18  2
14  0
21  7
17  9
22  7
20  1
19  0
14  -1
16  -7
23  1
15  2
30  2
8  1
16  2
23  5
17  1
24  -2
18  -8
15  0
10  10
17  1
25  7
16  0
19  0
15  5
16  1
13  0
7  4
15  0
17  6
24  -4
24  6
17  6
27  -4
20  11
21  4
24  0
18  2
10  10
17  6
17  2
17  0
24  0
8  2
12  3
19  -1
22  -4
8  3
22  3
16  -4
10  6
23  9
10  6
20  11
25  11
14  -8
20  0
28  -11
15  -6
18  -4
19  -4
18  -2
22  -2
25  3
14  3
20  4
13  1
13  -2
19  -1
22  2
21  12
28  -12
13  2
15  2
22  1
20  2
21  4
20  3
12  7
10  7
25  2
24  -6
18  2
14  -4
16  2
18  0
26  -1
16  -5
16  -4
15  2
25  2
21  9
22  3
20  6
18  -1
20  -1
10  5
20  9
14  1
17  10
15  3
30  0
23  3
17  -2
24  -5
18  -9
16  -4
17  -1
16  -3
18  -4
22  3
16  -6
17  2
23  -2
21  8
19  3
16  -7
21  0
12  11
28  -4
23  2
20  10
13  -4
23  -2
21  9
22  -3
18  -6
24  -6
18  -6
21  1
20  6
17  2
27  -4
16  -5
15  0
17  7
20  8
18  -9
16  -2
35  -6
19  -5
18  -3
10  8
23  9
14  -2
14  -2
20  3
20  4
17  5
24  4
26  -5
18  -5
26  -1
16  -2
19  4
19  3
21  5
24  5
11  9
18  -3
23  -2
19  4
16  -7
21  5
18  -1
15  -1
16  -3
15  -2
16  -6
19  0
14  -2
16  4
14  -2
18  -9
6  -4
12  12
16  3
33  12
19  1
9  8
18  -4
15  -2
14  -7
15  -2
27  -1
14  -5
14  1
20  10
15  1
27  -5
14  -5
18  -6
6  4
14  2
15  4
18  -6
11  4
20  11
20  7
15  -2
18  -1
25  3
18  1
17  0
14  3
23  2
13  -5
22  5
9  13
21  12
20  2
24  0
15  -4
16  -6
20  7
8  4
22  -5
16  0
15  -6
19  4
21  12
19  4
23  3
17  2
21  3
17  0
16  -4
23  3
21  10
26  -4
20  5
26  -7
11  4
24  -2
21  1
12  7
19  3
12  5
21  0
14  -3
23  7
21  3
12  11
10  4
16  0
19  -4
11  6
21  5
34  1
22  6
30  7
16  -7
25  1
21  8
17  -2
19  -4
20  6
20  8
22  6
17  0
12  8
15  2
21  3
18  -5
12  6
15  -4
20  1
21  4
21  8
15  -7
20  6
11  6
19  6
16  3
15  -2
29  1
23  7
26  -6
17  2
11  3
9  2
21  7
18  -1
16  -6
18  -9
14  -7
23  8
26  -4
17  3
17  7
13  -7
20  4
23  2
19  0
16  2
18  -9
20  9
13  4
19  7
20  7
21  3
16  4
14  3
12  3
22  7
14  -2
15  2
15  4
13  -4
12  1
21  5
22  -3
14  -2
18  -4
20  8
18  -8
19  1
27  2
27  3
