42  1
80  6
26  4
51  5
45  2
44  6
33  -5
30  -5
46  4
43  -6
42  1
62  -3
45  3
56  -4
30  -7
28  7
33  -6
68  -1
56  -5
48  -2
38  8
60  3
35  -4
41  -1
37  -4
47  3
43  -6
37  -5
34  -1
57  -6
47  4
45  3
54  4
39  2
30  -7
47  4
46  6
56  -3
61  -2
40  5
20  -4
43  -7
59  -6
59  -6
46  4
33  -7
35  -2
37  -4
47  5
52  2
48  -3
55  -6
48  -3
65  -7
41  0
44  6
54  5
30  -6
40  5
55  -6
51  5
37  -6
40  4
38  8
29  -3
49  -2
48  -1
35  -4
74  6
43  -6
28  7
45  1
44  6
44  7
31  4
44  6
46  5
36  2
52  2
59  -5
38  7
39  4
45  3
46  6
55  -7
72  -4
50  7
39  2
36  3
44  6
55  -7
33  -7
34  -1
33  -5
57  -7
23  2
58  5
36  2
37  -4
49  -3
37  -6
39  2
39  4
59  -6
65  -8
62  -2
30  -5
68  -2
63  -3
49  -3
55  -7
63  -4
47  5
52  2
35  -4
38  6
33  -6
45  2
46  4
59  -6
49  -1
39  2
40  4
67  -3
49  -1
40  3
70  1
31  4
43  -6
40  4
30  -7
62  -2
44  5
50  7
66  -5
38  7
45  2
29  -1
29  -3
48  -2
57  -6
55  -5
49  -1
27  -3
41  0
61  -3
48  -1
56  -3
42  1
31  4
49  -2
41  0
43  -7
55  -6
33  -6
50  5
37  -5
49  -1
51  4
51  3
58  6
49  -2
57  -8
36  3
64  5
37  -5
35  -2
47  4
45  2
41  -2
40  3
62  -1
33  -7
51  5
36  1
70  0
77  6
62  -1
51  3
43  -7
35  -3
28  8
52  2
27  -3
20  -5
58  6
56  -5
47  4
44  6
43  -6
35  -2
58  6
39  4
62  -2
48  -1
53  2
33  -7
51  5
33  -6
31  4
49  -3
31  4
52  1
56  -3
51  3
46  6
38  6
53  2
51  5
64  3
47  3
61  -3
53  3
38  6
35  -2
38  8
65  -6
32  4
41  0
53  4
67  -3
50  6
47  3
50  6
40  4
35  -4
40  3
25  3
46  5
49  -1
44  6
25  3
48  -2
45  1
60  3
61  -4
37  -5
39  3
31  4
35  -3
53  3
71  5
62  -1
58  5
45  1
45  1
47  5
59  -6
35  -2
53  4
53  3
58  5
49  -1
54  4
67  -4
61  -3
75  0
38  6
51  5
32  3
61  -4
40  5
60  3
85  -5
61  -4
33  -5
53  3
64  5
42  1
48  -3
31  5
49  -1
46  5
55  -7
49  -3
56  -5
44  6
50  6
39  2
28  8
58  4
58  5
39  3
34  -2
44  5
46  5
33  -6
36  3
42  1
60  5
46  5
46  4
45  2
85  -3
62  -3
43  -7
38  7
51  3
37  -5
36  1
52  2
35  -3
46  5
41  -1
36  3
42  0
59  -6
51  4
52  2
40  4
46  6
41  0
34  -1
30  -6
35  -2
31  3
33  -6
55  -7
38  7
49  -2
56  -3
37  -6
67  -3
44  7
38  7
62  -1
48  -3
29  -3
31  3
47  4
42  -1
64  3
38  7
28  7
27  -4
55  -5
51  5
46  5
56  -5
45  2
35  -2
63  -4
48  -3
48  -2
39  4
50  5
36  1
52  3
34  -1
46  5
30  -6
60  5
48  -1
46  6
53  2
58  5
45  1
31  3
23  2
30  -7
51  4
51  5
44  5
36  3
44  6
46  4
50  7
39  4
53  3
54  5
48  -2
49  -2
51  5
60  4
49  -1
45  1
75  1
45  3
26  2
41  0
48  -2
52  2
42  1
57  -6
60  3
50  5
68  0
46  6
61  -4
38  8
43  -8
60  4
63  -4
31  5
45  2
35  -3
42  0
40  5
59  -6
55  -5
66  -7
49  -3
49  -1
61  -2
42  -1
44  7
47  3
24  -4
46  6
41  0
44  5
43  -7
44  5
36  2
43  -6
42  0
52  2
39  4
74  8
45  1
58  5
46  5
29  -3
38  6
48  -2
53  3
57  -8
46  6
40  4
43  -8
51  5
29  -1
38  8
48  -1
44  5
40  4
45  2
28  8
52  1
35  -3
42  -1
19  -5
40  3
39  3
45  3
53  2
40  5
36  3
43  -6
25  2
48  -3
34  -3
41  0
29  -2
51  5
50  6
45  2
36  3
37  -6
39  3
41  -2
43  -8
31  4
48  -2
41  -2
35  -2
34  -3
53  4
37  -4
35  -3
50  5
35  -4
40  5
56  -5
50  5
48  -2
50  6
54  5
33  -6
43  -6
41  0
56  -5
45  1
48  -2
51  3
39  3
51  4
31  3
50  5
37  -4
35  -3
42  1
47  4
56  -3
45  2
55  -5
36  1
53  4
30  -5
45  2
61  -4
46  6
42  0
30  -6
56  -3
35  -4
39  3
44  5
38  8
64  5
43  -8
61  -2
55  -6
33  -6
54  3
35  -3
40  4
45  2
50  5
39  4
35  -3
53  2
32  4
53  3
38  6
32  4
45  1
39  4
45  1
55  -5
48  -2
36  2
40  3
41  -1
51  3
56  -3
33  -5
45  1
43  -8
64  5
39  2
45  1
40  4
41  0
66  -7
36  2
77  6
46  6
37  -5
88  -6
28  8
62  -2
72  -5
48  -2
39  3
46  4
24  -3
39  2
50  5
37  -6
44  6
59  -6
34  -2
52  3
60  4
27  -3
48  -2
57  -6
28  6
55  -6
20  -5
52  1
35  -3
58  6
57  -8
49  -3
65  -7
38  8
49  -2
51  4
53  3
26  3
48  -1
42  0
65  -6
65  -8
55  -5
26  2
23  2
45  1
68  -2
56  -5
27  -4
33  -5
42  1
62  -3
28  8
58  4
25  1
38  8
36  1
55  -5
49  -1
39  3
40  3
36  1
45  2
40  5
22  -1
43  -6
38  6
34  -2
50  6
41  0
58  4
33  -5
50  7
34  -2
53  3
49  -3
42  0
65  -6
49  -2
60  5
35  -4
65  -7
43  -7
40  5
45  1
43  -8
34  -2
59  -5
48  -2
41  -1
28  6
43  -6
22  -2
43  -8
57  -6
27  -3
50  5
53  2
46  5
38  8
34  -1
56  -4
71  3
57  -8
33  -6
36  2
69  -4
31  5
47  3
49  -1
48  -2
49  -1
47  5
37  -5
55  -6
39  3
48  -2
40  5
51  3
46  6
47  3
54  4
69  -4
66  -6
48  -2
43  -8
15  3
76  6
30  -7
59  -5
52  2
62  -2
57  -8
52  1
56  -5
45  1
46  5
55  -6
40  5
34  -3
75  -1
44  7
49  -1
49  -2
45  2
42  -1
37  -5
29  -2
47  4
35  -3
48  -3
47  3
47  5
34  -2
55  -6
46  6
52  3
33  -7
48  -1
64  4
41  -2
55  -6
39  2
46  5
55  -7
44  5
29  -3
45  1
63  -3
41  -1
39  3
43  -8
30  -6
50  6
50  7
39  4
60  4
37  -4
43  -6
42  -1
46  6
20  -4
15  5
68  -2
59  -6
30  -5
57  -8
56  -4
21  0
38  6
46  5
41  -1
41  -1
45  2
28  6
41  -2
34  -2
33  -6
63  -4
61  -4
53  2
37  -5
57  -6
37  -5
56  -3
44  5
43  -8
36  2
63  -2
43  -8
23  2
40  4
66  -7
29  -1
44  5
53  2
70  2
33  -7
67  -4
47  4
34  -3
55  -6
74  7
45  1
28  8
56  -5
47  3
44  5
56  -4
40  4
45  3
49  -3
30  -6
29  -2
34  -1
31  4
65  -7
40  5
47  3
49  -1
45  2
57  -8
33  -6
37  -4
77  4
31  3
56  -4
41  -1
46  4
49  -1
48  -1
51  5
61  -3
40  4
48  -3
25  3
45  1
53  3
61  -4
73  0
53  3
61  -3
61  -3
46  5
49  -3
41  -2
44  6
59  -6
61  -3
34  -3
46  6
48  -1
35  -2
84  4
29  -2
39  3
49  -2
45  3
40  4
47  5
41  0
52  1
36  3
33  -6
46  5
53  3
24  -3
45  2
59  -6
28  6
50  7
52  1
34  -2
25  1
30  -7
22  -2
68  -1
45  2
36  3
42  0
59  -7
52  3
51  4
33  -6
45  1
50  6
54  4
51  3
51  4
59  -5
51  3
38  7
38  8
46  4
61  -2
40  4
73  0
32  5
42  -1
36  2
48  -1
42  0
40  5
58  6
44  7
54  3
49  -2
34  -1
26  3
31  4
44  5
47  5
71  5
46  4
38  6
52  3
49  -2
67  -4
41  -2
59  -5
37  -4
19  -5
42  -1
60  5
47  4
39  2
56  -5
53  3
54  4
46  6
43  -7
37  -4
61  -4
30  -7
45  2
34  -3
46  4
35  -4
35  -3
48  -1
51  5
31  3
30  -5
46  6
52  2
42  -1
44  6
31  3
39  3
52  1
52  2
67  -4
37  -5
62  -3
44  7
58  4
35  -2
70  1
48  -2
53  3
42  -1
37  -5
59  -7
73  -2
32  5
45  2
40  5
43  -8
58  4
54  5
42  0
58  5
51  4
46  4
35  -3
51  3
48  -3
33  -6
38  7
42  0
46  5
39  4
62  -3
38  7
65  -7
39  4
55  -5
57  -6
42  0
40  5
53  4
44  6
58  5
50  6
53  4
43  -7
57  -6
50  6
38  8
55  -5
53  4
33  -5
30  -5
47  3
49  -2
27  -3
36  3
28  6
49  -2
35  -4
47  5
43  -7
42  0
44  5
51  4
42  0
44  7
36  3
43  -7
51  5
54  3
70  0
57  -7
36  1
52  3
56  -5
38  6
44  7
54  4
67  -3
51  5
31  5
36  1
29  -3
70  0
48  -2
