107  -2
74  -3
71  -10
84  6
83  1
75  -11
121  -7
70  0
74  7
85  0
85  9
73  7
71  -8
90  -1
96  -3
86  12
69  6
63  -1
68  -13
61  0
85  7
98  7
105  -6
90  -6
51  10
162  7
68  -10
83  -7
89  -5
93  3
98  9
94  7
120  -11
71  -5
65  -3
77  -10
76  -3
48  -4
94  -1
56  -4
115  -3
79  0
100  2
88  -2
78  -8
105  6
107  -8
83  -7
102  7
96  -2
57  9
83  -1
86  13
76  3
66  -4
81  5
99  1
99  -3
76  -3
86  10
66  -2
70  7
71  -11
64  8
80  3
81  13
127  8
68  -2
81  10
116  7
114  -4
94  -4
62  11
114  -8
71  -3
70  8
44  -3
105  6
68  0
50  7
60  -2
73  5
111  -6
111  -7
93  11
82  4
70  11
40  8
79  6
62  6
65  -9
80  -4
42  2
84  3
101  -7
120  -10
83  -8
95  -7
54  -5
72  0
77  -4
83  -8
81  11
61  -2
83  -10
71  -6
129  -9
102  8
75  -5
92  1
67  -2
63  0
97  5
88  1
61  5
106  -7
62  1
64  -1
91  6
95  -14
88  -8
48  -2
90  -2
98  1
78  -8
67  -5
83  -3
92  -4
109  6
59  4
77  -8
111  -2
78  4
77  -9
65  -7
77  -6
54  5
44  2
92  0
74  2
97  7
60  2
94  4
80  6
101  -10
94  0
56  3
83  -6
87  1
87  2
75  1
51  0
116  -6
67  -3
69  -4
89  -10
49  1
103  -6
91  6
90  6
86  8
83  -2
58  9
95  -6
94  8
85  2
78  -2
96  -7
83  2
83  -7
101  -4
119  3
79  10
62  0
96  -11
69  -6
70  -3
134  -3
90  8
66  0
48  -11
82  -2
73  1
89  -7
98  12
95  -14
78  -3
70  0
51  3
99  -1
74  -1
83  -3
78  -8
87  4
44  -2
51  11
99  -9
78  -2
80  -4
89  -7
57  7
88  -1
122  1
64  -2
80  3
79  0
70  3
48  -7
78  4
83  1
57  -3
99  -5
74  3
66  -3
68  -9
79  -3
77  -7
112  0
92  -4
88  -2
56  -1
76  4
72  4
65  0
92  5
97  1
68  -10
69  2
98  2
94  6
70  10
112  2
87  5
86  13
73  2
99  -4
58  10
81  3
90  -1
91  -2
84  11
57  -3
92  4
68  -4
86  11
101  1
41  7
76  2
75  1
87  5
94  10
118  -2
90  -1
97  11
76  0
48  -7
61  4
49  4
76  -2
88  -6
101  -9
62  11
76  -4
81  4
97  13
89  0
67  -3
78  -4
86  14
79  6
46  -3
75  -2
70  3
58  -3
118  -8
75  2
80  3
78  -5
77  1
73  2
73  10
89  -2
74  6
59  2
78  -9
78  -1
65  -3
99  -10
73  5
84  10
54  -5
60  3
80  4
108  -5
84  3
95  -10
79  1
47  -12
59  -7
69  5
113  -4
118  0
68  -8
110  -4
49  -3
112  -2
77  -10
67  -1
93  7
102  3
134  -3
74  2
118  6
87  7
83  -9
87  0
84  1
82  5
93  10
103  -8
51  6
86  4
95  -11
88  -6
69  -7
70  3
76  -2
73  3
55  -4
58  4
86  5
84  13
98  3
94  7
99  3
84  2
111  -5
91  -1
97  10
92  2
91  -1
80  -1
82  10
78  0
94  -1
81  7
83  -1
78  -2
53  -1
67  3
95  -9
78  4
97  13
97  6
130  4
92  8
102  6
58  2
103  2
62  5
87  3
84  2
83  -6
75  -10
77  -8
92  1
74  1
57  9
64  4
71  -3
87  1
91  -4
66  3
79  6
97  4
77  -1
123  -8
106  2
86  6
86  7
80  -3
101  4
97  3
90  4
85  1
48  -9
77  -5
97  3
77  0
69  -2
77  1
77  -10
88  1
60  -2
87  3
84  3
74  -1
53  0
81  -1
95  -3
108  5
84  10
114  -10
90  1
60  2
91  3
54  3
66  -1
112  9
85  7
79  4
47  -7
122  0
97  1
79  5
83  -5
90  -5
85  7
128  3
69  -5
68  -11
108  -6
80  -3
73  4
104  -5
48  -8
129  4
81  5
122  -7
69  7
46  0
79  5
60  -1
68  -5
78  1
129  -2
87  7
83  -1
92  2
61  -5
100  5
74  -4
82  3
105  -6
75  -6
54  -4
93  3
72  7
79  1
75  1
74  1
61  1
44  2
61  -8
74  4
113  -6
128  6
71  -4
39  2
62  5
77  1
64  12
102  -1
102  4
70  2
104  -14
72  7
75  -3
84  3
87  -3
90  1
80  -4
69  4
84  2
48  -4
100  -6
88  3
92  4
75  -5
146  0
114  -8
134  1
99  -6
74  -4
97  7
93  7
94  -1
45  -4
69  3
90  2
82  2
98  11
80  2
64  5
119  0
94  8
54  -6
96  0
71  -9
75  -2
72  -4
109  -7
124  -9
76  -9
99  -10
86  13
99  -8
93  -1
67  1
91  4
103  -2
30  3
82  10
79  -4
111  -10
55  5
101  3
80  4
70  -3
81  6
56  7
138  10
74  -4
43  -11
58  -4
116  5
84  8
108  -6
69  -7
65  -5
87  1
75  -3
92  3
119  4
69  6
70  8
62  11
55  4
70  9
39  3
123  0
65  -1
103  -2
74  -2
66  -4
80  6
68  -13
55  5
62  -1
86  6
70  9
87  -2
121  -12
56  -1
100  -6
92  8
44  0
73  9
59  -5
59  -4
104  -13
72  0
63  -7
104  -1
83  -7
90  2
129  2
106  3
65  -2
78  -6
71  3
154  -3
68  -8
80  5
92  -4
92  7
84  4
41  2
78  -10
69  0
62  -2
99  0
65  -2
89  2
97  11
72  6
107  0
64  10
58  4
68  -8
92  3
64  10
56  4
51  3
53  4
67  -2
76  -2
101  -10
64  6
71  -7
106  -4
92  8
82  7
88  -6
102  7
108  2
72  5
94  7
69  -1
100  3
85  0
91  1
63  -4
109  3
102  11
78  -6
72  3
58  5
102  5
67  -7
93  6
132  6
72  0
51  -1
64  0
67  -2
76  -8
82  12
70  3
69  2
94  -1
63  6
82  12
62  1
85  4
115  2
76  0
96  -10
90  -5
117  8
51  12
137  6
58  -1
80  2
101  -6
108  1
81  -1
58  -2
59  -6
101  -8
101  -10
83  1
42  -7
111  -5
96  -5
112  3
61  5
84  1
83  0
68  -3
70  1
102  3
107  0
69  -6
89  -10
81  9
59  4
92  -6
70  5
63  7
67  -5
63  7
55  3
68  -6
61  -6
115  11
75  -1
106  5
68  -6
90  3
114  -13
86  1
78  -6
101  -3
88  2
63  -6
81  13
82  -2
88  -1
75  -5
56  -2
79  7
81  9
101  -7
115  8
66  2
72  7
70  -1
69  6
96  -5
69  1
95  -5
90  8
94  2
97  3
109  -4
75  -9
54  -2
59  -8
70  7
80  -5
67  -4
85  3
68  -5
76  -1
100  -2
66  4
79  -4
83  -4
61  -4
93  11
116  3
90  -2
53  -7
98  4
83  -11
76  -9
52  -3
121  -1
37  -3
104  -6
80  1
55  8
88  3
75  0
92  -5
117  -1
96  -5
50  7
100  5
111  -4
75  2
97  11
85  9
57  3
81  6
61  -3
96  -8
61  6
71  -6
100  -8
111  -11
78  0
63  6
69  -1
68  -3
85  10
98  5
83  2
84  3
57  4
101  1
62  7
72  8
71  0
112  -1
89  1
79  6
71  0
76  3
88  4
77  -6
90  1
43  2
77  -7
65  -12
53  -5
72  6
105  -8
100  1
98  0
70  5
60  0
101  -3
112  7
80  -2
62  4
93  12
111  -6
137  3
87  6
78  -2
71  -1
82  5
97  13
138  11
71  -3
65  1
104  -1
85  6
66  -2
71  -10
91  -1
72  -2
98  5
114  -12
74  6
82  11
69  7
87  3
75  -7
95  -12
75  3
52  -3
87  -5
82  3
53  -2
51  5
76  -7
65  -2
51  6
48  -6
50  -6
94  -4
80  6
98  4
102  -1
66  1
64  0
41  6
90  -5
84  4
85  6
54  -3
88  -3
87  4
60  7
81  9
95  -11
77  -11
109  3
105  -7
76  -9
58  2
68  -14
68  -11
65  -5
76  -9
66  -4
60  1
83  -6
101  -4
87  -5
75  -5
63  1
58  5
119  -10
85  7
66  5
84  2
80  -3
52  -5
105  4
117  0
93  7
117  4
95  -13
104  -7
89  -6
75  -6
45  -4
84  7
60  -2
97  13
39  9
101  -7
95  0
91  -5
50  6
99  0
95  -12
60  2
87  5
94  3
92  -5
73  6
87  -2
102  10
69  -7
79  0
72  7
74  7
103  -1
81  13
76  -3
90  -2
80  -2
93  12
49  5
74  -5
80  3
97  12
76  5
73  10
72  1
94  8
114  0
63  -4
75  -3
105  6
48  -6
61  -3
57  4
57  -2
70  5
100  -4
81  2
99  -8
95  -7
105  1
89  0
88  -4
61  5
105  1
99  -6
79  0
82  -2
77  -6
93  3
80  -5
76  4
87  -2
161  -6
84  6
107  1
65  -1
106  -3
62  3
54  4
99  -10
65  -9
66  5
59  0
49  -7
116  -3
80  4
106  -1
104  -8
90  4
98  4
78  -1
65  -13
89  -11
79  -2
95  -11
29  -10
94  5
63  -3
101  4
65  1
52  2
108  -6
64  12
70  -1
60  -1
73  9
71  -8
61  5
70  -2
75  -7
83  2
81  11
54  4
88  1
88  3
72  7
93  6
96  -1
55  0
100  5
119  0
70  9
79  2
97  9
62  11
111  -6
86  7
53  -8
110  0
95  -4
103  -2
73  4
75  -2
101  -10
96  -9
110  0
95  -2
78  -5
83  -4
91  7
