163  11
282  1
173  3
194  3
188  4
208  12
173  1
136  -1
142  6
177  0
89  5
201  2
105  -8
182  7
248  0
90  1
211  11
129  3
178  3
186  5
161  -3
188  4
127  4
245  4
107  1
146  1
147  0
155  -5
134  -6
202  -8
150  -3
116  -1
279  0
118  -2
143  7
115  -9
133  -4
139  -2
194  -1
138  0
235  -13
142  -2
159  -1
190  2
126  -1
144  10
227  -12
145  -5
159  -2
206  8
132  -2
174  11
231  7
199  -7
126  -2
201  6
148  10
146  -3
114  -12
105  0
153  5
89  -1
148  5
150  4
135  0
194  8
189  -8
241  8
140  1
160  1
77  -2
158  -9
266  -9
142  1
190  4
118  9
127  -3
162  -7
157  0
146  0
190  4
116  -6
125  0
152  -6
211  0
163  10
162  -8
217  6
212  -11
109  -5
239  -8
180  4
169  -2
128  8
178  -3
129  2
175  3
143  7
128  12
141  3
178  -3
191  -1
148  9
149  4
245  -4
220  -7
158  -5
171  -5
151  10
176  1
143  5
167  -8
172  -11
139  9
223  0
164  -3
151  6
127  0
225  -3
149  1
175  1
239  1
139  0
207  0
157  3
143  6
172  0
156  7
177  12
130  -2
160  -1
141  3
232  4
136  -5
181  3
229  -2
153  0
133  -2
154  1
171  -8
202  -2
110  0
152  -9
217  3
137  -5
140  -4
148  4
106  -1
129  4
192  -8
193  3
118  2
181  12
146  3
135  1
132  1
211  6
180  3
139  1
163  4
154  -2
225  4
153  -3
147  6
108  1
184  3
190  3
142  -2
188  2
132  -4
227  -11
180  -7
127  5
172  -5
184  1
160  5
240  2
174  11
157  2
168  2
137  -1
142  3
136  1
162  3
157  1
166  -3
153  1
102  2
145  8
103  -3
140  -6
154  2
162  -1
190  10
135  12
124  -12
266  -1
141  3
170  13
130  -6
152  0
184  8
189  0
142  7
172  -9
116  1
124  -5
174  8
99  -4
160  4
160  5
173  6
70  10
256  1
139  2
128  9
153  1
157  7
174  1
163  1
102  -10
149  -1
111  -12
176  5
135  -1
131  10
132  3
160  8
140  -7
175  2
158  1
248  -10
139  -2
164  8
139  3
154  -2
196  -8
147  4
219  5
234  -2
153  4
141  8
203  1
196  -6
126  3
122  -1
149  -2
131  13
149  4
141  4
237  0
143  -1
161  -1
174  9
134  -9
155  -4
143  -5
119  8
144  4
191  1
117  3
144  8
97  -7
106  1
149  3
91  12
191  5
196  -7
201  7
152  -9
183  -5
204  -10
156  0
154  8
180  -6
193  -6
147  2
144  3
140  -8
150  -5
143  -1
152  -9
226  -9
156  2
175  0
193  1
167  -1
125  4
175  10
168  2
162  -6
119  13
162  -8
223  -7
223  -4
150  2
143  3
176  -2
121  -1
139  0
176  1
154  6
162  5
240  1
196  -7
125  -7
167  1
184  8
216  -9
211  5
151  6
145  -2
239  -6
94  -1
174  5
212  1
162  -2
119  0
223  -2
205  0
156  1
124  -4
147  -1
189  3
184  -2
111  1
150  1
143  7
153  5
134  -7
106  -1
137  0
228  -2
215  -5
137  -4
210  11
159  6
89  -3
206  7
164  -5
149  -1
163  0
156  -6
154  9
141  12
189  -1
169  -1
155  1
160  6
178  -5
115  1
155  -6
132  3
167  -10
120  -6
158  -8
173  3
214  -4
187  1
166  -2
216  -6
168  1
189  2
167  3
220  -7
178  8
104  6
176  -1
183  -12
137  3
182  7
146  -11
161  -13
214  2
225  5
146  -4
161  -9
135  0
178  -3
106  0
148  6
178  2
168  9
153  -9
181  8
150  -1
200  -2
197  -3
172  -1
124  -11
163  10
114  -12
166  0
231  -1
155  -3
228  -1
198  -3
137  1
98  1
186  -1
141  2
196  -4
133  -2
191  -5
165  -4
163  0
219  2
162  -6
161  -3
142  -2
155  -2
152  -6
214  2
156  0
203  -2
145  5
194  -1
212  -9
176  -1
142  3
211  11
160  0
154  11
152  -11
185  5
193  3
158  -4
140  5
182  11
122  3
112  13
137  -1
180  5
177  5
144  6
165  -5
159  3
191  -6
173  1
175  10
87  -1
159  6
167  -9
125  1
129  -4
157  -7
130  -8
162  5
155  0
100  2
133  6
172  -9
140  -6
159  0
135  -1
178  -2
162  -1
183  -8
146  -9
125  -5
173  1
95  -10
149  -5
142  -3
159  -3
198  -7
176  11
213  -5
180  1
96  -5
189  -10
100  6
170  0
173  -3
160  0
171  -4
166  4
216  -10
178  1
104  6
179  0
172  1
190  4
162  -8
161  -9
106  6
126  2
138  -4
154  10
208  7
243  5
122  -2
196  -6
185  -1
139  6
108  10
109  -4
188  -7
205  2
186  -4
210  4
182  1
193  -6
149  -2
157  -7
120  2
110  -4
139  8
143  -4
114  -1
143  -1
155  -1
181  -1
147  6
229  -2
202  -4
136  1
164  6
149  -4
161  -10
150  -1
187  -10
130  -2
161  -2
166  4
195  2
146  -7
128  9
155  -3
156  -1
218  1
155  2
145  -3
136  4
203  6
134  -3
270  3
156  0
160  2
155  -3
168  3
177  10
237  -1
138  9
210  -1
208  13
139  4
211  2
256  -6
151  5
197  -4
226  2
125  3
142  2
123  2
190  10
274  -6
204  -9
167  4
159  10
85  2
191  -8
295  -7
212  -1
137  3
92  -5
156  -7
157  0
138  1
171  -6
154  2
172  -8
223  -8
156  -1
125  -9
88  -1
128  0
161  -5
180  -8
178  2
165  -7
161  -4
180  -2
156  -3
187  0
105  -9
145  5
171  -9
169  -5
164  6
222  3
180  5
196  -1
160  8
164  -3
166  -5
221  7
181  3
117  -2
180  -9
193  -3
201  10
155  -6
158  -11
122  -6
219  8
202  -7
122  -7
127  -1
190  6
128  11
156  -7
177  12
219  14
159  6
180  3
166  5
200  3
192  -5
152  -12
196  -4
173  4
229  -1
165  -7
112  0
143  3
118  9
142  2
193  4
163  2
120  -1
129  0
161  0
213  -6
243  3
127  5
184  10
147  6
152  -14
214  -1
191  1
108  10
183  -2
171  -4
100  8
145  2
175  4
122  -1
168  10
122  -2
115  -13
140  -9
247  1
136  8
136  8
185  8
156  3
138  -3
153  1
200  -1
185  8
115  -2
226  -3
122  -3
170  0
119  13
120  0
101  0
87  3
121  2
234  7
149  -6
167  -5
155  0
174  4
198  -13
252  -1
190  2
170  4
162  -8
117  -3
202  5
184  9
157  -7
96  -5
145  2
140  -8
110  -2
201  8
197  8
239  -3
178  7
194  12
174  1
193  -3
87  3
116  -5
170  9
191  -8
97  -5
173  0
253  -1
167  1
117  -6
127  9
170  13
146  2
214  0
132  -4
192  0
141  3
131  11
164  3
154  12
145  4
225  4
186  -8
200  7
114  -12
151  12
170  8
108  6
163  1
160  -2
181  7
153  -6
132  -2
162  -1
166  2
130  -7
122  -4
133  -4
141  1
129  -7
141  -1
171  -8
185  0
176  10
126  2
167  -10
158  -4
120  4
168  3
141  1
165  0
169  -12
147  -2
160  0
130  -12
131  12
133  1
212  -5
115  1
179  -11
194  10
283  0
198  -3
192  0
135  7
157  5
145  1
118  6
188  -9
219  9
205  2
139  2
125  3
129  -5
163  1
163  8
119  4
139  0
299  2
220  4
158  3
110  7
143  -6
174  8
133  -3
249  -5
141  13
173  3
192  5
211  2
178  -3
146  -7
211  2
156  -2
242  -1
190  10
107  -7
210  12
186  4
148  0
95  -9
138  1
153  0
208  6
144  0
133  8
119  0
147  2
132  4
158  3
78  -3
225  -5
130  -5
246  -1
136  0
178  5
122  -3
95  -14
91  9
114  -12
105  -11
149  -4
193  1
175  11
148  8
183  -10
83  3
79  5
154  7
142  2
100  1
169  -12
225  2
141  -1
156  -2
177  1
192  0
259  -3
144  3
193  -3
210  3
262  6
87  -5
171  -9
168  11
127  6
161  -12
139  0
173  2
193  -7
150  -9
145  -5
137  -1
141  0
143  -4
114  -1
180  -5
107  -5
222  6
104  -2
93  -1
172  -6
181  12
179  -2
125  -2
162  -8
182  10
144  5
152  -6
142  2
189  -6
151  9
273  7
182  11
173  0
86  -1
104  -3
129  2
118  -1
140  -5
194  2
156  5
209  8
242  0
234  6
160  1
125  1
102  -9
171  -6
127  5
64  2
159  4
193  0
152  -11
167  -9
134  -5
232  5
150  -1
118  6
161  0
119  11
144  3
138  -5
146  -10
167  -10
137  2
203  4
126  -1
128  1
201  5
132  5
167  0
160  -4
195  -8
131  12
174  7
121  10
191  -4
147  9
148  5
171  -4
146  -9
129  0
237  3
192  5
161  -6
229  3
101  -3
141  8
258  0
123  2
180  -2
246  3
118  -4
178  -4
199  -3
166  5
187  -2
159  4
151  -2
118  10
259  -4
180  -1
182  0
206  6
138  6
148  0
87  5
179  -4
216  2
136  -3
175  2
174  11
147  6
175  13
205  7
139  7
99  -12
81  7
130  -9
173  1
102  3
122  -7
138  -2
185  3
170  11
159  5
186  -2
122  3
188  -6
169  -1
153  -4
130  -12
88  -2
253  -5
163  -1
198  -8
138  8
114  -1
173  -8
195  -1
127  -4
129  -6
151  -2
124  -8
229  2
154  4
166  8
164  0
183  -1
164  4
116  0
207  -13
202  -4
163  6
161  -10
181  8
160  -1
210  1
194  4
195  -8
118  7
256  0
169  -1
124  -5
171  -8
