266  1
207  1
173  -3
208  -1
119  3
243  -1
278  1
191  6
204  2
191  9
221  -1
193  0
205  4
186  9
139  -8
142  0
194  4
163  -10
153  6
147  4
150  2
158  -1
162  -2
151  -9
181  9
165  -1
198  -6
151  -4
155  -2
162  0
203  -4
168  -3
153  4
245  -8
182  0
221  -1
236  5
166  -4
204  -1
230  2
157  -4
131  5
148  11
266  8
179  4
145  3
199  -3
225  5
126  3
144  -6
144  -5
197  1
195  -7
225  7
215  0
135  -6
196  3
168  -5
265  8
186  2
148  4
199  -9
154  10
193  3
150  -2
173  -8
172  -3
303  -10
214  -6
153  4
193  0
218  0
155  -5
156  1
219  4
169  2
186  5
165  -3
202  -6
148  5
148  4
206  1
211  -6
159  -1
211  -9
151  -3
195  -7
175  6
205  0
193  0
162  0
257  -1
181  10
208  4
113  1
176  5
167  -3
166  1
182  -4
246  1
209  2
229  6
282  3
160  4
238  -2
256  -3
212  6
189  0
158  -1
145  -3
166  -1
175  0
177  -9
184  -2
251  7
111  4
188  -8
125  -6
196  5
211  -9
162  -4
262  -7
184  -4
203  -7
206  -3
171  7
172  -7
172  -5
171  9
169  2
211  -4
216  2
176  4
167  -2
198  0
176  2
247  3
204  6
246  6
156  6
221  -2
156  6
195  -8
227  -4
146  0
214  -5
164  -1
223  -2
201  1
232  3
166  -5
165  -6
200  1
186  8
204  6
219  4
176  2
206  0
143  -2
154  11
134  -3
180  -8
228  1
168  -6
163  -8
178  2
221  0
199  -2
165  -1
168  -10
173  -2
134  -4
152  10
175  7
250  -6
158  -4
225  6
139  -7
168  -10
197  1
199  -4
174  6
182  -2
124  8
200  2
197  6
170  3
178  4
206  3
171  11
182  -3
217  1
225  5
193  2
176  5
172  -10
202  -4
176  3
199  -5
173  -5
202  -2
209  1
261  6
230  5
138  -5
199  -8
170  4
183  6
199  -3
174  3
151  -3
277  -4
194  2
221  -2
184  -2
192  -3
196  7
148  9
138  -2
181  4
183  6
138  -8
196  5
124  6
150  -3
209  -5
171  7
174  1
230  10
217  4
184  -8
181  6
139  -9
233  1
157  2
215  -3
152  8
152  10
174  1
150  -1
126  2
178  7
190  -4
125  -7
156  5
171  9
170  3
154  3
232  4
218  3
161  3
256  -3
152  2
155  -3
193  1
149  -6
173  -3
187  1
167  -4
161  1
158  -5
160  2
194  2
173  0
229  5
138  -3
158  -5
141  4
116  10
140  0
186  8
176  1
168  -3
194  4
186  1
189  -4
202  1
179  6
196  0
138  0
251  7
171  4
200  -5
208  0
190  0
223  3
180  -2
185  3
139  -7
253  -7
139  -11
182  -8
158  -5
189  -1
197  3
201  -5
164  -7
176  7
247  4
231  0
156  2
229  -1
167  -8
134  -7
114  8
176  2
148  5
183  9
183  10
222  -1
210  -11
170  0
236  9
214  -4
201  1
169  -2
209  -5
221  -1
222  -3
143  1
190  -1
186  3
140  0
205  -2
220  10
172  -6
174  5
165  -4
137  -5
202  -5
184  -5
245  -4
141  6
161  2
219  1
154  5
241  2
183  7
195  -8
128  -1
162  0
133  -3
129  8
207  2
132  5
153  10
162  -6
121  -5
163  -6
230  7
222  1
187  3
186  1
223  -4
271  5
224  0
194  4
185  8
196  3
207  5
199  -3
148  9
199  -5
140  1
161  2
198  -6
184  -4
186  6
175  6
149  -5
165  0
207  6
137  0
185  10
239  4
257  -7
187  2
188  -9
215  -3
192  -6
163  -6
196  5
221  -1
147  7
147  7
223  -2
146  -3
186  4
164  -5
159  0
148  5
184  -7
179  10
175  4
196  3
199  -3
179  7
150  -3
156  6
108  -3
237  1
174  5
176  5
187  -1
198  1
204  2
164  -7
174  2
147  0
181  11
203  -5
218  6
187  2
123  -6
153  3
175  1
172  -8
193  1
202  -3
167  -5
163  -5
189  -3
140  -2
202  2
140  2
182  -3
220  11
234  2
194  7
136  -6
157  -2
159  5
161  5
159  -3
172  -10
212  2
172  -9
135  -3
136  -8
223  0
137  0
169  -1
159  -1
200  1
193  3
197  0
178  2
124  8
146  1
150  -4
244  -11
149  -4
218  2
150  0
166  -5
151  -10
192  -1
158  -5
189  -3
181  11
162  1
130  7
191  9
117  -1
193  4
166  0
212  2
177  -7
126  3
164  -4
152  9
241  0
172  -10
156  3
138  -5
180  -2
164  -2
183  5
153  4
215  -6
131  6
154  4
193  2
113  4
258  -1
152  10
180  -9
170  2
188  -6
166  -4
179  6
186  8
157  4
197  4
170  -2
210  -4
187  3
176  6
178  1
129  7
132  8
120  2
204  3
179  4
175  -1
150  -4
164  -9
198  -3
213  0
221  -3
172  -6
178  5
166  -1
188  -2
212  6
204  -1
181  3
160  2
221  -8
154  7
132  10
217  2
247  6
186  9
172  -4
155  1
174  7
151  -4
198  -5
168  -5
158  -3
271  10
161  6
158  0
224  3
217  -2
174  3
212  10
182  -7
188  -3
179  5
196  5
225  5
200  -2
212  6
132  8
143  -4
162  -2
173  0
175  1
145  -1
276  0
171  10
144  -5
188  -3
171  3
229  3
109  -1
178  2
153  9
200  0
153  3
185  10
124  3
164  -8
166  1
165  1
231  -2
148  7
153  8
124  8
181  7
188  -2
124  4
192  -8
175  2
131  11
161  9
185  4
151  -7
177  -8
145  -1
182  -8
181  6
175  4
145  2
225  5
207  4
211  -8
152  6
178  3
151  -9
134  -7
177  -6
225  2
208  0
193  6
146  -3
185  7
172  -4
202  1
170  0
136  -7
235  -3
219  4
225  7
191  2
169  2
173  -4
160  -1
201  -3
181  3
170  2
191  9
142  -2
194  2
212  8
222  -1
213  6
196  5
204  1
164  -1
161  4
102  0
120  5
179  3
177  -6
161  6
196  7
179  11
171  10
111  8
193  5
218  3
168  -10
177  -6
169  2
162  2
135  -2
136  -7
168  -8
161  6
262  -2
227  -4
157  0
145  -3
235  -11
274  2
173  -6
170  4
176  0
205  0
141  0
189  -1
219  5
230  7
205  0
263  0
215  -4
188  -10
145  2
181  4
178  2
178  3
177  -9
218  1
180  -4
142  -5
143  -4
231  0
176  7
172  -7
162  1
140  4
155  -3
117  -1
213  7
192  -4
169  -2
177  -4
189  -1
161  5
181  3
146  5
169  2
201  -3
246  8
182  -4
152  3
170  -1
211  -11
135  -8
110  3
215  -2
136  -8
207  2
165  -4
139  -9
151  -9
109  -4
174  7
232  4
147  1
158  -6
241  -3
154  3
204  2
184  -3
223  -4
142  -3
231  4
204  5
191  3
178  4
178  0
265  6
186  4
223  1
132  9
190  -5
167  -7
187  3
164  -2
229  3
256  -2
218  0
188  -4
190  -8
201  2
216  5
182  -8
242  -3
176  4
205  0
149  -7
185  7
141  5
223  -3
272  -9
203  -1
187  6
193  1
198  -4
127  -3
293  -4
152  7
246  6
197  -1
171  6
146  1
169  6
170  2
256  0
184  0
174  5
143  -4
187  2
195  -3
153  11
101  3
148  10
208  1
172  -7
166  -4
224  -3
184  -4
156  5
161  1
152  3
177  -3
202  -3
183  5
197  5
213  6
167  -8
201  -1
216  4
173  -7
213  8
192  -8
157  -2
183  8
205  2
173  0
166  -3
156  1
204  1
151  -7
250  -11
162  -2
259  1
242  2
188  -6
238  -1
112  -5
145  3
234  0
162  -4
179  3
164  -6
174  7
115  3
195  -5
215  -1
165  -4
222  -3
136  -10
169  0
164  -2
133  0
153  6
233  4
188  -2
161  5
148  11
226  -9
165  -1
211  -8
260  -2
180  -3
195  -2
182  -5
171  9
233  -1
177  -6
140  0
147  5
182  -1
195  -10
186  6
131  4
216  1
156  1
272  -2
156  6
127  -2
182  0
131  6
185  8
224  0
173  -5
134  -7
225  8
165  0
187  2
178  6
151  -5
185  9
233  1
172  -4
191  9
159  -1
119  3
190  -7
194  4
123  -3
175  6
178  4
164  -6
213  7
151  -5
174  5
118  4
143  3
187  -1
197  7
217  2
226  -4
163  -3
172  -9
162  2
140  -2
146  4
99  3
136  -11
197  5
217  1
140  2
244  -3
201  -5
166  3
130  6
169  6
174  2
165  0
206  1
179  10
211  -10
198  -3
186  9
245  -9
172  -10
155  -6
181  8
214  0
154  10
149  -5
220  3
159  -2
201  -5
220  6
170  -3
143  0
169  6
180  -3
230  4
161  4
130  2
230  6
242  -3
214  -1
172  -2
155  -3
191  7
185  9
172  -10
176  7
193  6
156  2
149  -5
179  6
253  -3
185  10
180  -8
158  0
201  -2
174  1
194  3
133  1
189  -4
163  -3
153  7
218  2
187  1
164  -5
143  -2
146  -1
152  9
220  3
195  -4
188  -2
194  6
145  1
223  -3
200  -1
250  -8
199  -5
154  5
164  -7
205  2
182  -7
155  1
243  -2
164  -6
191  1
203  -2
140  -3
229  5
189  -5
182  -5
180  -3
102  0
206  -1
185  7
166  0
218  6
153  8
193  2
201  2
222  -5
240  1
137  -3
131  11
192  -3
269  3
214  -5
179  10
154  6
225  8
194  7
226  -3
165  1
186  2
167  -10
192  -9
195  -10
227  -5
167  -9
133  3
179  7
123  -8
169  -2
166  0
175  0
220  4
146  4
230  3
158  -1
163  -7
195  -5
