130  -3
117  3
97  5
98  4
134  2
148  -4
99  -2
99  -1
107  5
114  -9
116  2
145  11
126  -2
83  4
100  0
122  -2
109  -5
132  5
130  -4
137  2
82  -2
127  -5
65  3
110  0
76  -5
82  -5
102  -1
71  1
114  -3
104  0
70  6
98  1
76  -6
105  -2
83  0
154  7
112  4
150  5
83  0
82  1
98  3
116  2
91  5
93  -7
98  2
115  -4
141  5
115  -3
64  5
102  -2
103  -2
109  -3
94  5
96  6
165  3
85  -4
96  3
93  -6
143  0
79  -2
97  5
109  -8
80  1
126  3
148  -6
129  -3
90  -5
122  -5
89  -3
110  -4
149  4
73  4
99  1
74  8
89  3
102  1
109  -10
76  -3
123  -3
98  1
98  -1
82  -7
75  0
107  6
136  4
143  -1
104  1
72  3
66  3
117  -2
103  -8
128  0
57  -3
104  1
113  2
143  1
94  3
123  -4
79  3
97  8
104  -6
131  5
109  -11
120  6
76  -1
121  -2
108  -7
148  -5
81  -1
124  2
95  2
99  -3
72  0
139  -5
116  -3
114  -6
118  -11
188  -9
84  -5
93  -7
80  -3
115  2
83  2
86  1
133  9
89  -3
131  7
104  -6
101  -1
110  -5
106  -6
91  9
95  6
112  4
70  3
116  1
94  3
126  1
96  -1
111  2
107  6
132  7
89  -1
100  -3
116  3
112  4
139  -2
85  -4
117  0
110  -1
107  5
114  -2
117  6
96  4
101  0
115  -3
74  6
105  -2
85  -4
123  2
110  -4
77  -8
132  8
93  -4
91  11
92  -4
115  1
100  0
97  2
120  3
147  -3
125  2
134  7
134  0
141  4
119  1
135  -3
107  5
109  -9
108  -4
102  -2
106  -8
111  5
127  -2
124  10
79  5
94  5
107  1
92  -1
131  10
76  -2
104  -2
133  9
82  -4
88  -5
77  -8
135  -7
111  -2
74  4
112  2
147  -6
107  2
66  1
92  2
139  1
108  -4
148  -3
132  5
163  -3
151  -4
131  10
114  -1
144  3
139  3
133  9
120  6
129  -3
91  5
124  2
129  -4
164  0
152  -3
122  -4
86  -6
110  -3
138  2
136  2
81  -6
128  0
117  -1
92  1
121  -7
136  7
120  6
94  3
110  -4
96  3
113  9
101  0
99  2
83  1
92  3
74  1
133  8
112  -1
140  1
126  2
78  0
132  9
119  -5
144  6
77  -7
105  2
123  3
109  -7
92  3
129  -6
156  3
96  4
172  3
152  -3
121  -2
132  9
107  7
118  -6
142  2
107  3
108  -2
133  7
109  -10
134  5
120  3
88  -2
53  -3
120  0
83  -3
118  -5
100  -1
77  -7
137  5
88  -1
109  -5
94  5
105  2
106  -2
109  -10
68  0
93  -4
111  1
88  -8
111  5
120  2
123  -4
107  4
127  -1
176  5
84  -6
112  2
123  2
83  3
109  -7
122  1
82  -3
148  -8
112  5
122  -1
92  3
76  0
95  8
106  -1
98  2
114  -6
145  11
129  -3
90  -4
71  1
109  -8
83  0
97  6
83  5
134  4
82  0
109  -7
98  7
85  -6
65  4
87  6
107  2
97  6
118  -8
116  0
119  2
86  -3
130  -1
94  6
108  -3
104  -2
121  -2
97  4
115  -3
91  4
112  -2
123  -2
83  4
120  1
147  -4
85  -5
86  -4
85  -2
94  3
114  -2
86  -3
124  6
80  -1
109  -10
105  1
82  -6
76  -3
83  5
125  2
117  5
105  -5
106  -2
115  -4
151  -8
97  7
96  1
99  1
102  -2
96  2
113  2
133  7
76  0
98  -1
119  -4
98  4
91  10
78  0
98  -1
151  -11
169  11
85  -8
111  4
105  3
113  6
96  4
111  2
82  -5
128  0
121  0
111  5
80  2
116  -2
176  3
128  -2
90  -1
107  8
99  -3
124  10
88  -8
112  -2
159  3
104  -3
57  -3
129  -5
74  5
164  -4
140  2
109  -6
125  7
114  -4
114  -1
123  2
92  -2
101  -6
99  3
160  1
151  -10
91  9
97  1
152  1
110  0
109  -3
95  5
115  -4
99  -1
108  -5
108  -4
133  7
102  -3
119  2
70  1
97  7
97  7
117  4
111  -1
91  6
119  -2
95  7
119  -2
109  -5
125  5
105  3
83  3
70  6
104  -4
89  -5
123  2
108  0
124  5
96  5
101  1
115  -3
101  0
154  6
136  9
87  2
123  3
98  7
109  -10
80  1
78  7
74  4
91  8
85  -1
111  0
124  6
131  4
100  0
129  -7
107  2
121  -4
101  -5
116  2
81  -6
85  0
84  -4
97  2
132  5
104  -2
124  4
99  -4
96  4
142  1
154  3
143  -1
143  -4
84  -1
108  -2
101  -6
80  -1
132  2
123  -1
121  -3
118  -3
95  8
112  0
89  0
97  1
73  -3
117  0
101  -2
106  0
113  7
101  -5
90  -6
137  4
93  -4
98  5
82  -7
84  -4
110  -3
149  3
82  -5
106  -8
136  3
145  5
83  -1
114  -7
79  0
71  -4
147  -6
160  4
109  -9
88  -7
91  7
117  0
74  2
132  2
87  4
90  -2
100  -7
96  0
73  4
127  -3
115  -2
106  -7
117  4
101  -2
162  -11
100  -2
136  8
76  -5
88  -2
92  -2
100  -4
104  -6
94  8
119  2
110  -5
108  -4
91  6
61  6
112  5
79  -3
142  2
105  3
128  2
92  0
77  -7
101  0
112  -3
101  -1
115  -1
73  4
151  -5
78  6
80  -1
101  -4
116  0
100  -8
118  -11
116  1
112  1
87  4
124  7
97  4
121  -2
122  -7
103  -5
95  7
144  4
98  0
110  -1
78  7
100  -2
84  -3
120  -2
95  2
86  -7
118  -6
66  2
73  1
98  -1
104  -5
102  2
122  -2
129  -7
86  -7
147  -4
98  6
94  5
110  -2
142  -2
96  -1
104  -2
107  3
100  -7
87  4
101  -5
128  1
102  1
89  -2
107  5
95  5
118  -5
98  0
82  -6
131  8
76  -7
100  -4
118  -11
97  4
85  -2
94  2
112  -1
101  -7
94  0
113  8
108  -7
98  2
144  4
146  5
99  -2
99  0
121  -4
128  -1
119  0
117  4
116  -1
80  -2
92  -4
86  -5
84  1
79  1
124  7
88  -1
109  -7
127  1
90  -6
136  2
120  2
57  -1
92  2
75  5
111  -1
82  -7
107  5
89  -5
91  4
128  0
120  5
140  4
104  -2
126  -2
102  -1
123  -1
110  -6
97  7
117  0
81  -5
110  2
101  -4
50  3
88  -2
121  -2
100  -2
118  -7
131  8
74  8
121  -6
91  6
116  -2
85  -7
133  4
120  0
89  -3
113  5
103  -8
72  4
147  -2
69  -1
114  -1
116  0
120  -1
98  1
72  2
80  -4
131  4
110  -2
100  -4
113  10
123  -1
90  -7
87  10
132  9
87  3
102  2
129  -1
114  -4
64  5
129  1
96  4
105  0
100  -2
131  3
87  6
70  1
115  -4
89  3
90  -8
102  2
143  0
100  -8
98  7
142  0
112  -1
122  -3
121  -5
125  3
114  -5
96  3
113  9
100  -1
97  1
93  -4
105  -1
146  9
106  -5
127  2
89  1
94  0
90  -2
97  1
84  -7
110  -1
105  -2
106  -3
134  5
136  10
114  -4
89  2
132  9
114  -9
112  3
85  -7
79  -1
96  1
88  -7
143  4
111  -3
95  6
106  -6
89  -1
108  -2
112  4
140  1
122  -7
94  6
93  -4
98  -1
127  -4
124  9
90  -5
83  3
127  -6
112  -1
80  2
117  3
67  9
131  6
97  0
109  -5
63  -1
107  1
76  -4
95  3
92  -3
153  -6
145  7
101  -7
103  -4
158  7
85  -2
96  3
116  -3
132  10
138  3
134  6
81  -2
92  -2
67  8
122  -1
111  5
101  1
70  -1
122  -2
106  -3
101  -7
124  7
112  -1
115  1
103  -10
151  -3
113  10
85  -1
100  -6
92  3
131  3
115  4
116  3
85  -8
113  3
126  0
113  5
80  1
108  -7
130  -8
158  2
166  2
93  -6
98  0
87  10
80  1
51  1
119  -3
76  -6
74  0
147  -4
110  -2
87  3
140  -4
102  -4
93  -5
120  3
140  2
128  -2
145  11
93  -4
65  3
79  5
129  -7
124  3
90  -8
112  2
85  -6
81  -3
106  -6
89  -2
97  5
149  -2
111  4
143  -1
136  3
111  0
141  0
110  0
90  -2
131  9
113  10
117  2
84  -4
94  3
111  2
80  1
106  -8
96  1
96  7
96  2
110  -2
97  5
168  -2
99  1
97  4
62  3
82  1
111  -2
150  4
113  2
107  1
127  -1
116  -1
119  2
128  -5
89  -5
119  0
139  -2
88  -6
125  7
133  3
111  -1
107  1
122  -6
90  -8
103  -8
81  -8
120  0
114  -1
112  -3
100  -5
132  4
119  -1
97  0
118  -6
140  2
95  3
82  -2
84  -4
111  2
100  -7
103  -2
97  7
98  5
134  -1
142  -2
102  1
82  -5
124  6
132  10
65  6
98  0
104  0
105  1
102  -4
100  0
106  -4
134  1
101  -5
75  2
110  -4
142  1
139  2
137  0
84  -4
118  -10
121  1
147  -3
94  7
117  5
104  1
87  5
115  0
78  8
62  8
128  -1
83  -2
114  -3
195  2
107  2
117  4
91  6
66  1
108  -7
140  0
128  -4
100  -8
99  -3
103  -8
75  4
113  8
91  11
82  -4
90  -4
94  4
122  -4
99  1
128  -2
117  3
104  -5
89  2
115  -4
111  3
98  0
70  4
98  3
110  -3
74  7
87  5
135  -3
116  -3
95  5
125  2
135  -8
82  -1
124  4
118  -11
106  -6
79  2
83  3
116  -1
