40  -6
23  -2
33  3
42  -1
58  2
23  -3
24  6
41  -8
26  4
39  0
29  0
25  1
36  7
25  6
20  7
42  -1
41  -6
28  1
35  -1
35  5
33  2
45  -4
25  6
15  -6
50  11
22  -8
30  -7
23  -4
48  -5
20  8
35  6
56  1
31  -3
27  2
31  -6
41  -2
31  1
39  3
37  7
40  -3
41  -4
21  -1
19  0
36  5
21  -5
43  -10
25  3
42  -3
53  3
32  -7
25  11
38  -4
37  11
43  -3
52  -6
30  -6
33  10
34  1
20  10
27  1
36  8
25  8
40  -5
53  5
53  0
19  6
43  -7
23  -3
39  10
35  8
31  -7
30  -2
45  -5
31  0
49  3
33  9
34  -3
39  7
33  8
42  2
39  6
25  8
42  -3
41  -3
33  6
34  0
23  -9
31  1
36  8
33  3
36  5
23  -10
42  2
33  3
25  7
27  -5
40  -3
63  8
41  -7
45  -2
45  -4
41  -3
42  -1
31  0
35  0
30  -4
23  -9
27  1
38  -5
41  1
29  3
41  -1
33  7
33  1
32  0
25  9
26  1
37  1
18  0
36  8
23  -5
23  0
35  -1
40  2
39  10
38  -7
37  11
25  3
42  6
18  2
22  -5
36  4
37  2
31  -9
29  -4
28  4
20  9
30  3
31  -7
27  3
45  -9
52  -3
36  9
28  -1
47  8
29  1
35  1
19  6
33  8
35  0
29  -3
38  -4
43  -4
45  -9
41  -4
51  1
36  6
39  3
28  3
28  6
34  3
42  2
35  8
35  4
19  -4
49  9
41  -4
30  -3
21  -11
28  0
21  -8
36  7
41  0
43  -4
36  5
34  1
19  3
32  0
31  -9
38  -9
44  3
26  5
31  -6
41  0
28  6
45  -11
36  9
26  3
33  6
32  -3
51  -2
33  8
23  -7
22  -4
42  2
29  0
40  1
51  -2
47  7
29  -1
27  -6
32  -1
32  -5
39  8
32  -5
27  -3
36  8
50  2
25  6
36  2
30  -7
30  -7
20  6
36  3
43  -8
33  7
21  -7
35  1
29  -5
31  0
33  1
29  -2
32  -1
47  12
39  9
26  2
37  5
42  -4
30  3
37  7
34  2
29  -5
36  7
38  -6
45  -7
21  -3
35  8
26  0
26  8
51  2
32  1
13  -10
27  -2
32  1
28  -2
55  0
38  -8
31  -3
26  6
25  1
39  7
40  -6
29  -3
24  8
42  4
37  10
25  1
52  -5
18  0
20  10
43  -7
26  -1
30  -1
23  -5
30  2
29  -5
20  1
46  -11
43  -5
14  5
29  -1
58  -4
21  -4
56  -2
35  3
32  -5
35  -1
31  -7
27  2
37  2
35  -1
35  6
31  -5
29  1
29  -4
37  6
40  -4
46  -1
34  1
50  8
31  -6
49  1
44  -3
28  3
25  4
27  -2
25  6
42  5
28  3
37  8
43  -1
44  -1
33  2
26  3
34  -4
38  -3
37  7
42  5
51  -3
35  -1
31  -9
34  -2
27  -1
47  2
34  3
27  2
26  4
33  6
50  3
30  -4
33  3
33  10
29  0
29  1
35  6
32  -4
31  0
36  3
40  1
37  9
31  -9
28  1
26  7
29  -4
40  -3
32  -8
33  3
45  -2
49  6
54  4
41  -8
31  -1
30  -5
42  -1
40  3
36  4
25  4
53  1
40  -2
26  6
29  -5
54  -2
37  8
20  10
53  3
39  9
44  1
43  -9
37  9
40  -5
20  3
37  4
19  2
26  0
24  6
29  5
17  -1
42  3
38  -6
35  -2
38  -7
25  4
34  3
29  -2
36  1
38  -3
29  -4
51  2
17  1
34  4
30  3
30  3
45  -2
32  -7
27  -6
30  -2
23  -10
52  -4
27  -1
46  -1
44  3
30  -3
27  -2
45  -8
36  6
29  -2
55  -6
27  -6
53  10
20  10
27  -4
28  -2
28  0
27  -3
34  2
38  1
14  7
52  -5
33  0
31  -6
24  4
22  1
28  5
25  2
45  -2
27  2
44  1
25  2
35  0
33  7
35  -2
40  -1
20  2
30  -4
39  7
23  -6
34  -3
26  5
35  4
29  4
28  -2
31  -9
31  -6
24  3
46  -9
25  9
32  -5
24  -2
28  4
36  7
22  1
30  -2
42  4
57  -4
30  -1
32  -8
29  -1
26  6
40  -2
42  -4
24  3
33  6
19  2
40  2
25  11
25  1
34  -1
30  -5
36  5
24  6
39  3
31  -5
58  -1
39  6
41  -7
33  3
30  -6
22  -7
41  -5
35  0
31  -5
29  -5
40  1
31  -7
25  5
28  -3
53  7
33  7
42  0
41  -4
50  6
47  6
22  2
35  -2
39  0
36  4
16  -5
38  -8
47  6
33  7
39  8
37  4
33  0
45  -2
43  -5
28  5
30  3
24  7
22  -8
25  5
35  8
32  -6
42  4
46  -6
64  3
23  -6
40  3
65  0
48  -4
36  7
35  6
46  -8
46  -9
25  11
33  10
33  2
32  -8
33  8
23  -3
29  -5
54  -4
31  -2
33  8
31  -9
35  0
41  -7
25  3
36  2
28  0
23  -6
44  -4
27  -1
28  3
30  1
25  8
29  1
42  1
48  -5
26  -1
60  -2
26  2
44  4
22  -8
51  -8
41  -2
43  -7
36  1
31  -3
39  5
32  -6
45  -9
19  6
33  0
23  -5
41  0
37  10
19  0
32  -5
27  -3
37  10
39  1
42  3
51  -1
38  -8
37  4
30  -4
36  7
36  10
32  1
36  6
20  6
37  9
34  0
38  -6
42  4
38  -6
39  4
40  -3
20  10
36  4
29  4
38  -3
23  0
36  8
33  1
26  1
26  2
21  -8
32  -5
20  4
34  -4
27  -5
37  4
45  -6
32  -2
34  3
31  1
37  6
23  -1
39  7
33  1
31  -5
33  8
55  -7
26  -1
31  -7
37  6
37  6
29  0
22  -4
24  1
27  0
39  5
33  7
26  2
23  -2
32  -4
24  4
50  9
21  -5
37  4
28  2
30  -7
35  7
46  -11
36  10
43  -5
32  -5
33  5
30  -2
41  -5
48  -1
40  -5
23  -9
46  -10
37  10
39  5
27  -2
29  -5
56  3
34  5
28  -1
31  -2
34  1
43  -1
52  -4
24  8
42  5
47  9
45  -1
30  -6
28  3
41  -3
34  -2
41  -3
24  2
30  3
23  0
43  -4
39  3
36  9
43  -3
29  -4
35  3
37  10
25  3
34  -1
35  1
34  6
34  -1
42  -4
36  10
38  1
46  -10
27  3
29  -3
32  -4
32  -9
38  -4
30  -4
21  -3
32  -2
38  -9
50  5
34  1
47  2
42  1
43  -3
26  4
41  -6
41  -9
51  -2
23  -4
32  -4
45  -8
23  -8
23  -9
32  -9
35  2
14  10
36  3
26  -2
51  2
40  0
42  -4
38  -5
40  2
21  -8
31  -7
31  -7
33  8
41  -2
27  -1
46  -9
27  -3
36  10
61  -9
22  2
36  2
40  0
27  4
35  5
27  -2
36  1
27  -5
47  2
43  -8
31  -3
48  -4
32  -1
46  -9
26  6
32  -1
42  0
30  -7
40  -2
56  -1
16  0
30  -1
24  2
30  -1
40  -5
34  2
31  -1
30  -5
39  0
17  2
42  1
26  1
33  6
30  1
24  3
37  4
35  5
40  1
20  8
39  7
43  -7
43  -2
21  -4
28  3
31  1
32  -7
37  8
33  7
34  1
39  10
33  2
35  4
45  -8
37  5
35  0
24  7
32  -2
43  0
32  -9
52  1
46  -11
27  0
21  -5
30  -3
52  -8
36  2
32  1
31  -4
34  1
27  -3
23  -3
32  -1
35  6
25  1
52  -2
34  1
32  -5
32  -2
49  1
26  0
38  -8
20  5
41  -9
35  7
32  1
41  -6
18  5
47  11
50  9
22  -1
26  0
37  11
17  8
29  1
34  -4
30  -4
49  -1
35  1
35  3
34  5
43  -6
27  4
23  -3
51  2
35  -2
42  5
31  -7
27  -5
33  5
43  -5
26  -2
45  -3
41  -4
29  1
40  -6
27  0
27  4
31  -2
45  -7
28  -2
25  11
44  0
21  -9
26  5
32  -9
39  7
33  5
43  -4
29  -5
48  -7
27  2
34  1
30  -2
26  8
43  -8
56  -4
25  1
31  -7
38  -6
25  10
35  8
28  5
39  3
36  9
16  -3
20  6
39  5
40  -7
42  6
25  6
23  -10
25  5
40  -3
35  1
32  -2
23  -6
26  0
28  4
36  8
52  -1
25  10
50  10
51  -2
36  6
31  -1
24  7
42  0
41  -1
35  8
23  -6
38  -1
23  -6
33  6
45  -4
22  2
39  10
29  -2
45  -3
27  2
47  10
27  -3
33  9
37  10
28  7
31  -9
42  3
22  0
40  -6
26  1
50  4
31  -6
33  1
31  -6
28  -1
49  6
26  5
51  -7
41  -2
34  0
39  5
29  1
40  1
51  -1
35  3
33  0
38  -8
41  0
24  3
46  -4
26  5
52  -7
34  4
29  3
16  -1
41  -7
32  -7
25  11
42  2
44  2
40  -2
35  2
21  -2
28  2
37  7
18  -3
28  7
50  6
28  -2
40  -4
27  2
39  8
27  -5
32  0
29  5
29  -4
31  -7
42  -4
37  5
45  -11
29  -1
25  7
26  2
54  -1
26  3
30  -3
26  8
27  -5
33  6
35  1
37  11
33  5
22  2
35  6
31  -6
27  0
35  0
35  8
23  -2
37  1
28  -3
36  7
40  -7
49  5
18  -2
33  5
48  0
23  -7
42  5
26  7
36  11
20  8
59  5
28  1
19  3
27  4
21  -10
30  -3
19  0
30  -3
45  -9
30  -4
30  3
28  2
