45  -7
30  -8
41  -4
44  8
28  4
27  -7
36  1
27  -4
27  -8
29  -3
38  -4
25  -1
34  -6
34  -3
33  1
24  -2
28  6
33  6
41  -5
37  4
34  -5
37  7
31  3
31  1
22  6
18  -3
32  -5
43  4
50  -4
38  0
30  -6
60  -4
45  -6
35  10
31  3
36  -4
48  3
43  2
34  -8
28  2
30  -8
32  -7
41  -3
53  -8
26  -10
36  -3
41  -4
32  -5
46  3
27  -5
28  5
43  -1
41  -4
40  -7
44  6
30  -4
39  -2
34  -9
40  -6
40  -6
28  3
34  -6
49  0
34  -7
54  1
34  -7
48  2
45  -4
20  -6
36  -1
20  -4
24  2
56  4
53  -8
36  -4
34  -8
18  -2
36  0
25  1
23  -1
51  -10
31  -2
28  8
38  -4
37  10
27  -8
30  -8
29  -2
32  -4
37  5
26  -4
33  6
63  -2
27  -4
26  -5
34  -7
30  -8
30  -4
37  9
28  8
32  -8
32  -5
29  2
20  -5
34  -6
32  -4
40  -6
38  0
30  -7
33  1
31  1
32  -5
32  -8
30  -7
25  3
38  -2
36  -3
32  -6
29  0
20  -9
39  4
40  -9
21  6
32  -9
23  0
31  0
31  3
33  2
35  6
17  -4
32  -7
36  -5
28  7
35  8
49  2
28  2
39  4
29  2
42  -3
23  -1
36  -2
33  0
26  -6
17  -2
29  0
23  0
28  3
32  -8
24  -1
33  0
38  -1
39  2
30  -9
40  -9
42  2
32  -8
28  4
42  -3
26  -7
33  2
19  6
35  8
27  -4
26  -10
27  -8
34  -9
32  -7
40  -4
28  4
25  2
23  -3
37  8
18  -3
31  2
42  0
56  1
20  -4
39  -2
30  -4
54  1
34  -3
26  -7
40  -3
28  4
32  -4
29  2
20  -8
37  8
50  -4
29  -2
21  4
19  5
41  -3
28  3
31  3
20  -9
31  -2
35  10
26  -6
24  -4
20  -3
25  3
22  6
37  9
45  -8
35  5
24  2
36  -3
27  -9
34  -7
47  1
38  -5
36  0
35  9
47  -3
15  -3
38  1
30  -7
52  4
25  4
38  -3
20  -8
36  -3
45  -9
40  -4
19  4
50  -1
25  5
44  5
25  5
33  3
58  5
42  0
36  0
54  5
34  -8
23  -1
31  -2
30  -5
22  4
33  2
34  -9
44  4
41  -4
24  -1
29  1
25  4
36  -3
40  -6
23  -3
47  -2
32  -5
39  3
18  -3
42  0
45  -6
22  0
28  5
40  -6
37  4
39  2
25  4
32  -9
29  1
30  -9
26  -4
23  -2
33  1
37  6
38  -2
25  3
34  -9
42  0
33  0
37  4
36  -5
16  5
41  -1
40  -9
34  -9
29  3
31  1
38  0
53  -8
23  -4
27  -6
41  -5
22  5
25  2
31  -2
32  -7
23  -5
41  -2
49  -1
34  -6
28  6
19  6
44  3
33  3
33  3
38  -4
26  -6
35  9
28  5
44  8
33  3
28  4
28  2
48  4
23  -5
16  8
31  -1
33  1
44  3
30  -6
30  -7
35  6
29  1
35  10
47  1
32  -5
31  3
20  -6
36  1
27  -7
41  -7
33  6
21  7
22  3
55  1
33  0
40  -6
29  -2
43  -2
16  4
41  -6
28  8
34  -6
34  -7
31  -2
29  2
34  -7
43  1
29  0
33  5
34  -5
45  -9
46  0
28  6
33  0
27  -5
51  -4
35  9
36  -5
29  0
40  -8
11  3
37  5
42  -3
43  1
31  3
12  -3
30  -5
52  7
30  -4
27  -3
36  -1
21  8
30  -8
29  -1
35  5
20  -4
33  6
35  6
24  0
28  4
33  4
46  5
25  -1
25  4
34  -3
23  -1
36  1
32  -8
18  0
24  -1
25  5
39  1
42  -1
25  2
45  -5
43  4
25  2
22  1
33  5
27  -5
22  1
30  -4
37  10
31  -3
28  7
26  -9
21  6
32  -3
39  0
41  -5
17  2
30  -6
22  1
42  -4
30  -9
46  0
40  -5
28  7
34  -9
39  2
23  0
30  -8
31  2
56  0
24  -4
24  1
34  -4
43  0
33  5
45  -5
52  1
43  -2
43  1
26  -5
37  7
31  -2
37  5
32  -4
44  9
34  -4
55  7
27  -9
53  -7
23  0
31  -1
48  3
24  0
48  3
25  0
28  8
37  5
29  -3
24  -3
31  2
22  4
32  -9
35  8
26  -6
37  5
38  0
26  -9
19  0
30  -8
40  -4
38  -2
33  1
19  6
15  0
40  -3
34  -7
27  -4
35  4
15  -2
22  4
34  -7
33  4
26  -10
40  -6
36  0
31  0
28  3
28  5
22  2
29  -3
36  1
39  -1
20  -7
24  0
40  -4
36  1
29  2
32  -4
25  5
24  2
21  7
34  -3
23  -1
26  -6
44  3
24  0
26  -9
26  -10
46  4
26  -5
43  -2
32  -6
27  -6
37  5
40  -9
38  -3
18  0
30  -6
26  -9
35  4
34  -9
33  5
28  8
37  5
16  6
35  6
30  -8
26  -10
31  2
22  6
24  -2
45  -7
26  -9
31  -1
20  -4
35  6
47  -2
28  3
15  2
31  1
26  -4
25  5
29  2
43  2
29  2
45  -7
35  9
38  -5
31  -1
43  2
14  -1
24  0
40  -8
27  -3
20  -7
37  10
20  -6
23  -1
31  -1
40  -4
22  4
22  1
33  4
29  -1
38  -1
27  -6
44  6
34  -9
43  -1
42  -2
57  -9
30  -10
30  -6
37  9
54  2
28  4
28  2
39  -1
37  8
29  -1
45  -9
20  -8
30  -7
33  0
21  5
38  -5
24  -2
39  -1
43  2
38  0
17  2
38  -2
47  -1
23  -6
25  4
27  -4
41  -2
33  6
35  8
33  0
23  -5
27  -8
28  6
37  5
40  -6
23  -1
41  -7
45  -7
32  -4
31  -3
40  -3
31  -3
30  -9
28  6
30  -5
40  -6
51  -4
32  -3
19  4
18  -3
42  -2
31  0
30  -4
38  1
27  -3
39  4
36  -4
33  0
40  -7
35  9
45  -5
51  -5
42  -4
29  0
34  -4
27  -3
22  6
39  4
33  6
37  9
41  -3
28  5
19  6
23  -5
25  4
21  8
38  -5
27  -3
24  -4
32  -6
17  -2
36  -4
28  7
24  1
50  -1
43  -1
42  -1
34  -9
28  7
40  -5
45  -4
32  -9
37  10
24  -1
31  -1
27  -3
37  9
35  10
33  1
38  1
34  -7
32  -8
45  -4
33  0
27  -3
33  5
34  -6
20  -9
39  -1
27  -4
32  -7
29  -3
53  -6
30  -9
41  -2
40  -3
21  5
34  -7
27  -7
37  5
26  -6
21  8
23  -2
41  -6
38  -3
35  7
24  2
20  -5
42  2
22  0
35  6
33  0
25  -1
30  -4
39  1
38  -5
24  2
26  -8
24  -3
30  -6
44  8
32  -8
34  -7
22  6
39  0
21  5
31  -2
29  0
31  3
22  6
23  -5
27  -7
18  -2
41  -5
29  -2
33  4
41  -2
23  -3
32  -7
40  -3
31  1
14  0
33  1
38  -3
22  0
42  -4
33  0
34  -9
19  1
40  -9
28  2
35  10
45  -10
39  2
34  -3
32  -4
36  -2
24  -3
32  -4
28  3
33  5
34  -8
32  -8
26  -6
29  1
34  -7
26  -5
29  0
30  -5
27  -9
53  -9
25  -1
35  8
44  9
35  4
23  0
26  -7
26  -7
26  -10
45  -5
41  -3
34  -5
30  -4
29  0
25  2
41  -7
27  -5
29  1
31  0
21  10
28  4
43  0
30  -10
31  2
28  7
42  -2
50  -2
19  4
28  4
36  1
25  1
32  -7
20  -7
48  4
29  1
28  4
27  -5
40  -3
40  -8
32  -6
31  1
40  -3
22  1
32  -8
17  -4
29  3
20  -4
28  3
40  -4
32  -6
24  -3
19  0
28  6
45  -10
36  1
34  -8
21  10
33  1
26  -6
36  -2
50  -5
25  2
33  4
31  -3
51  -7
38  0
23  -2
29  -3
28  6
26  -5
37  5
25  0
27  -3
33  3
41  -2
28  3
34  -8
34  -9
39  -1
12  -3
34  -4
55  7
20  -5
45  -10
25  1
24  -2
24  1
26  -5
22  5
36  0
32  -6
28  6
50  -3
31  -3
44  6
33  4
16  4
42  0
29  3
23  -4
26  -6
35  7
36  -5
38  -5
29  -1
26  -7
10  0
29  -2
23  -3
33  6
49  -4
21  6
32  -4
41  -5
48  1
34  -7
57  -3
25  4
23  -3
25  1
33  6
24  0
26  -8
52  6
23  -6
43  2
35  8
27  -5
45  -8
36  -4
14  -6
36  0
35  7
27  -8
36  1
20  -6
41  -1
33  2
38  -2
38  0
42  -3
24  -1
54  1
35  10
61  6
47  1
36  1
32  -5
53  -8
29  -3
21  9
27  -4
44  3
28  2
30  -7
33  2
34  -3
20  -5
35  8
29  0
24  -1
33  4
47  -1
25  2
17  -2
33  6
19  6
31  -3
23  -1
42  2
28  7
28  6
17  2
33  1
26  -10
39  0
49  2
26  -10
25  5
30  -10
47  -3
45  -6
42  -2
39  4
34  -4
50  -5
43  -1
41  -3
34  -6
19  6
38  -2
26  -10
31  -2
27  -9
30  -4
43  -1
39  0
27  -4
38  -3
19  3
37  6
29  3
26  -10
30  -6
35  10
28  6
24  -1
28  8
28  2
42  2
33  0
37  7
32  -7
47  0
42  -4
38  -3
34  -7
30  -6
39  0
20  -9
32  -4
40  -7
33  2
40  -7
47  1
26  -8
25  -1
56  5
35  8
15  2
32  -8
45  -5
19  0
33  6
40  -8
26  -8
26  -4
20  -7
31  -3
29  2
52  7
30  -7
36  -5
67  0
27  -3
42  2
17  -4
24  1
42  -3
34  -3
