159  2
111  -5
149  8
123  3
165  -5
120  5
142  -6
112  -1
100  -1
112  -6
132  -6
126  3
126  4
131  3
164  2
102  -7
192  0
146  0
107  -5
151  3
167  3
113  4
110  1
84  -5
140  -4
157  1
154  -6
154  -4
194  -6
137  1
143  -3
142  -5
120  5
141  -2
139  -9
149  5
95  -4
102  -2
145  -3
134  6
129  2
184  -9
120  4
120  4
98  2
134  7
135  9
129  -2
81  -5
138  -9
116  7
156  5
157  -1
144  2
110  7
121  3
181  -4
149  10
125  -6
158  3
134  0
117  -3
108  -4
79  -6
121  3
108  -4
218  8
118  0
154  -2
148  -8
112  -1
106  -1
131  6
167  5
161  0
171  -2
128  1
108  -2
168  1
150  1
171  2
153  6
141  2
88  5
167  9
140  -4
108  0
150  -3
119  8
85  -4
93  3
126  3
85  -1
128  4
131  0
143  1
166  10
126  8
154  -6
119  3
91  1
151  9
169  1
105  2
132  -7
115  -5
107  0
167  5
107  -8
95  -3
141  1
149  9
142  -3
141  3
150  -3
120  5
133  -8
162  -4
96  3
126  7
101  -3
124  6
133  -2
126  2
178  -3
96  1
114  4
94  -6
109  5
161  6
130  4
130  8
153  5
94  -11
121  1
157  3
125  -7
123  6
109  9
168  2
159  -5
107  -3
169  4
216  10
142  -6
152  -6
141  2
91  0
124  4
103  -4
111  -9
144  -1
141  1
174  10
196  -6
155  -3
158  6
122  -3
120  0
119  6
150  -1
178  -1
181  0
187  -4
161  8
133  -9
148  -8
123  5
139  -7
138  -5
102  -7
86  -3
159  2
178  -2
112  -4
155  -4
119  2
119  4
148  -5
134  2
114  -1
169  5
121  7
89  3
133  -6
219  -8
116  4
134  7
104  -5
115  -3
129  -3
161  1
158  8
94  -9
90  -3
162  0
123  0
118  3
142  0
173  -8
149  7
119  6
133  -2
129  -5
143  1
129  -1
143  0
82  4
125  -5
164  1
99  3
101  -3
162  -2
134  3
133  -3
164  -3
83  -3
152  0
133  -4
155  0
71  2
125  -1
107  -8
130  3
117  -7
79  -8
118  -3
152  -6
164  2
154  -6
117  -2
142  -7
141  -2
91  5
117  -8
131  -2
184  -3
163  8
127  0
142  1
143  4
146  -1
144  3
196  -10
132  -6
158  11
154  0
110  4
140  -8
114  2
175  -6
140  -1
139  -3
151  9
143  1
162  1
174  6
126  1
79  -6
128  2
140  -8
163  5
125  -3
120  5
98  4
170  6
105  0
105  1
127  3
134  8
137  5
212  5
108  4
104  -9
119  9
143  5
132  0
116  3
106  0
82  -1
171  1
112  -7
157  -1
108  2
155  -4
161  8
125  -3
128  6
175  -5
122  -7
116  10
154  0
119  4
112  1
90  -7
100  1
159  -3
116  5
159  3
71  0
116  7
106  -2
191  -8
135  4
97  -3
78  -1
173  -5
134  2
166  10
102  -8
145  -9
135  5
104  -3
111  -4
84  -4
109  7
127  4
112  -5
129  -1
156  2
151  10
122  -8
148  -7
132  -6
97  -6
103  0
132  -5
79  -3
161  4
114  3
101  -2
148  -5
156  2
172  -2
169  3
159  -2
166  11
142  -3
102  -3
123  2
107  -3
115  -10
128  6
154  -4
173  -4
125  -7
132  0
111  -4
145  -6
124  9
122  -2
104  -4
99  -1
122  -6
77  1
143  0
148  -11
91  -1
151  3
75  -1
112  0
152  -7
165  -5
139  -1
111  -3
203  -1
138  -9
104  -3
130  9
173  -2
142  -6
158  11
172  -7
166  8
124  5
138  -9
90  -2
219  -5
122  -3
122  -9
242  4
133  -4
161  6
122  -7
105  0
130  2
92  5
114  1
64  0
123  7
139  -6
118  -3
160  -3
100  2
154  -6
146  -4
148  -8
99  -1
130  1
121  6
145  -2
118  2
113  0
130  2
119  1
129  -6
113  -2
79  -7
122  -4
123  -1
94  -9
163  3
135  4
107  -1
101  2
117  -4
104  -11
129  -6
98  4
147  -6
147  -3
178  1
113  3
152  -7
137  9
179  -7
154  -7
87  -1
114  -4
117  -7
81  -6
137  8
236  -6
121  0
110  4
191  -2
143  -2
115  -5
89  1
130  8
112  -7
146  -1
158  4
184  -4
131  -1
144  -3
144  4
127  1
125  -6
118  4
208  5
171  0
129  -3
115  -5
152  0
134  5
114  -2
135  4
147  -5
141  4
95  -3
119  6
164  4
126  5
144  0
131  4
145  -5
136  -1
115  -7
185  -6
103  -2
125  -5
111  -4
103  -4
131  0
197  -5
99  -2
115  -9
93  5
103  2
134  1
117  -7
166  3
105  -1
163  1
126  7
126  4
164  2
173  -6
136  2
155  0
142  -4
98  7
166  11
141  5
146  2
146  -2
103  -4
115  -4
77  0
106  1
124  5
129  -1
175  -8
93  5
92  -2
82  4
130  5
110  -1
130  3
152  -6
117  -4
118  4
151  9
147  -6
149  2
119  1
112  -5
160  4
111  -4
194  -3
126  5
97  -6
148  -7
124  4
123  0
131  3
211  8
129  0
167  1
121  -1
178  -3
148  -10
167  2
94  -7
170  3
156  8
163  6
112  -5
149  2
134  7
124  4
121  7
138  -7
103  3
111  -8
132  -1
126  8
138  -7
119  4
140  -7
126  1
144  1
88  7
101  -4
156  0
93  -1
134  3
134  0
133  -2
90  -2
156  0
89  -1
152  -8
123  -1
115  -9
117  -10
102  -5
92  1
119  6
148  -6
171  0
167  6
140  -5
145  -8
143  -3
150  0
155  -2
128  4
104  -10
114  -4
108  -1
137  9
123  0
95  -6
125  -3
163  1
153  2
89  -2
128  6
146  -3
186  5
167  2
104  -5
168  7
159  -4
144  0
187  -1
99  1
95  -5
93  -2
166  11
159  -4
115  -8
159  -3
119  3
97  -9
99  -1
144  1
136  3
130  7
107  -7
105  3
129  -3
109  5
118  4
174  10
68  2
126  6
118  -4
123  4
121  3
167  5
106  2
158  4
171  -1
109  8
179  0
151  9
167  4
131  -2
140  -4
136  4
149  9
104  -6
122  -9
147  -7
145  -7
124  8
149  7
161  0
122  -1
148  -3
156  0
157  4
121  4
138  -7
85  -6
172  -5
117  -9
111  -8
140  -5
126  0
159  3
95  -6
150  0
144  0
169  1
130  4
116  4
125  -5
139  -7
113  2
88  6
145  -7
137  4
136  -2
183  5
119  2
98  7
116  11
126  7
120  5
142  -7
124  8
152  -1
123  1
139  -4
127  1
152  0
91  -1
127  0
150  -1
104  -4
119  6
133  -3
109  8
182  -5
174  10
137  6
141  -3
175  -4
149  2
106  -1
175  -8
143  -3
113  0
106  0
118  3
90  1
166  10
146  2
83  -7
123  1
126  6
182  -9
93  4
132  -4
124  7
147  -7
133  -3
113  -1
152  0
101  -1
94  -10
146  4
176  8
130  9
100  2
204  2
124  3
102  -6
126  6
91  -1
124  5
127  5
167  7
138  -10
102  -4
140  -2
141  -2
123  1
144  3
146  1
96  4
142  -4
133  -5
134  6
149  10
105  2
107  -5
109  2
180  3
147  -1
129  2
182  -3
110  4
120  2
124  8
127  0
127  -2
110  2
121  0
117  -6
134  3
99  -2
93  4
99  -5
118  -1
225  7
152  -7
177  -3
133  -8
132  -4
141  2
119  6
113  -2
93  5
97  -6
165  -8
108  3
149  8
106  2
157  4
182  -5
88  1
118  -4
142  0
158  6
107  -2
169  2
201  -1
123  0
132  -3
99  2
101  0
153  4
96  1
141  -3
124  9
143  3
171  -5
95  -10
107  0
135  5
236  -9
98  3
120  4
86  2
104  -6
94  -5
119  7
100  -1
96  3
147  -2
157  6
143  0
148  -6
146  -2
147  -9
126  6
121  2
139  -4
141  -1
116  5
143  3
141  -2
153  4
91  4
123  5
150  -3
140  -8
153  4
113  6
169  6
155  1
159  0
129  -4
126  2
127  4
104  -11
145  -4
161  8
142  -6
138  -10
171  2
133  -8
89  5
140  -6
101  -5
144  -2
80  0
102  -6
137  7
179  -4
124  9
150  -2
170  6
132  -3
143  5
123  1
131  -2
84  -4
79  -7
111  -8
136  0
129  -5
96  0
176  6
137  3
157  6
166  6
109  8
98  6
116  4
109  4
143  -2
156  8
114  0
113  5
74  -2
121  1
116  11
171  1
106  5
135  1
67  4
132  -1
109  4
162  -5
113  2
114  1
118  1
99  1
154  -2
156  7
146  4
124  8
140  -1
177  -3
153  3
108  4
126  6
128  4
119  3
126  2
155  -4
127  5
140  -7
113  2
121  6
166  9
171  -1
142  0
162  0
166  7
130  2
104  -5
99  -3
111  -3
105  6
142  1
133  -4
156  3
119  2
170  8
115  -5
104  -3
139  -4
176  11
129  1
121  3
136  5
126  2
108  -4
126  3
124  3
105  2
152  -8
126  1
120  -2
91  2
157  -2
111  -1
192  -5
162  -3
185  -1
173  -10
137  3
103  -4
104  -10
184  -5
126  5
96  3
145  -10
117  -3
123  3
86  2
148  -5
109  3
110  -1
164  -4
165  -4
143  0
158  4
99  2
93  -1
158  3
153  9
153  8
107  -8
92  5
120  -3
164  0
76  -5
157  1
189  -4
119  9
97  -3
128  -2
159  -4
109  1
132  -2
112  -4
126  8
90  0
142  -7
182  -9
84  -4
180  8
143  0
104  -4
162  -3
199  0
129  -3
86  3
94  -8
155  -3
102  -6
162  0
96  4
139  -4
97  -7
181  4
108  3
137  7
136  1
121  0
108  0
147  -4
