12  -6
7  -8
11  -4
10  -3
5  2
9  3
7  -3
13  -7
11  -5
12  -4
8  3
4  9
11  -6
14  -8
9  2
7  -7
11  -7
10  -7
8  6
10  -2
13  -4
13  -3
12  -2
8  2
8  4
14  -9
17  5
13  -5
10  -2
8  8
12  -1
13  -6
11  -4
8  3
14  -4
10  -8
8  6
12  -6
9  3
6  -2
6  -2
12  -5
13  -7
9  -2
13  -3
9  2
10  -5
12  -4
8  8
11  -6
7  -4
11  -4
10  -6
11  -5
11  -8
18  -5
12  -4
12  -3
14  -9
5  6
6  3
13  -4
12  -2
8  2
10  -7
9  -3
12  -6
16  3
5  3
9  -2
8  3
11  -10
9  2
7  -3
16  5
11  -8
14  -10
15  10
10  -6
10  -4
7  -8
11  -10
12  -1
12  -2
11  -6
8  5
14  -10
8  7
11  -8
11  -9
10  -8
9  -2
19  -1
11  -10
8  5
8  3
11  -6
8  3
12  -1
12  -7
9  -1
8  3
12  -5
17  4
13  -6
6  -1
10  -6
9  -1
13  -7
9  -3
12  -3
10  -3
7  -7
11  -8
8  7
19  -1
8  8
12  -7
14  -7
12  -3
10  -3
6  1
7  -6
5  4
9  -3
8  3
13  -6
10  -7
10  -8
10  -8
11  -8
16  0
9  -3
7  -5
18  -6
10  -8
10  -6
11  -8
13  -4
12  -6
12  -7
17  1
7  -3
13  -7
12  -1
8  2
10  -6
9  -3
13  -8
8  4
9  2
13  -8
10  -8
9  2
12  -5
11  -9
10  -3
14  -10
7  -5
12  -2
9  3
14  -4
13  -2
7  -3
7  -4
8  2
14  -9
18  -4
12  -6
9  -1
15  6
7  -4
7  -9
12  -6
10  -6
11  -8
10  -3
11  -4
13  -8
8  4
17  1
9  0
7  -3
6  -1
14  -7
10  -8
11  -8
15  7
14  -4
10  -5
13  -8
10  -4
13  -6
10  -7
8  7
4  9
8  8
10  -6
9  -1
11  -4
11  -7
11  -8
13  -4
14  -9
12  -4
8  5
9  -3
6  -2
16  4
13  -3
12  -4
9  0
5  5
15  5
8  5
5  3
14  -6
8  8
11  -5
10  -3
12  -1
9  3
6  1
7  -6
14  -10
13  -7
11  -8
9  2
8  8
12  -2
5  4
12  -3
7  -7
8  2
12  -4
7  -4
11  -6
12  -3
7  -9
14  -6
9  2
10  -6
2  4
11  -8
13  -7
14  -4
6  2
10  -2
9  -2
13  -6
4  4
8  6
11  -4
13  -2
13  -4
16  -1
17  3
12  -5
12  -1
10  -6
10  -8
5  5
11  -7
13  -5
9  2
8  4
9  -2
13  -4
8  6
10  -5
8  2
8  7
14  -5
17  4
5  5
11  -6
8  6
16  0
7  -9
15  9
10  -7
8  6
7  -6
10  -3
13  -7
12  -7
10  -7
16  3
14  -8
10  -4
8  6
8  4
12  -3
8  2
12  -2
9  1
2  5
8  5
11  -10
11  -10
14  -4
5  6
10  -8
5  2
17  0
9  -3
10  -8
11  -9
17  3
8  3
7  -5
8  7
14  -4
10  -4
7  -7
7  -9
15  6
6  3
4  7
14  -9
17  5
11  -10
7  -9
6  2
5  5
7  -9
13  -7
7  -8
11  -5
10  -7
9  1
8  4
7  -6
10  -6
15  7
11  -5
9  -3
15  8
7  -4
2  0
5  3
9  -3
7  -4
6  2
9  2
13  -3
15  8
9  -1
7  -6
10  -7
7  -5
11  -10
12  -2
11  -4
9  3
13  -3
8  7
13  -2
7  -6
10  -6
9  -2
13  -6
6  -3
13  -6
13  -3
12  -7
14  -9
11  -5
5  7
7  -7
18  -2
8  6
12  -3
10  -8
15  10
11  -6
8  7
10  -2
14  -8
6  -2
12  -4
7  -8
13  -2
5  3
7  -5
9  0
6  0
8  4
5  3
7  -3
9  -3
8  8
6  3
9  2
10  -3
11  -9
6  -2
13  -4
9  0
12  -5
12  -6
10  -5
9  1
13  -7
9  3
11  -9
7  -3
14  -6
8  2
7  -4
7  -8
7  -6
4  6
7  -6
7  -3
11  -5
11  -10
8  8
10  -8
11  -4
5  4
3  4
10  -5
13  -6
13  -4
10  -8
15  7
13  -7
14  -7
11  -10
8  7
13  -6
11  -6
10  -8
11  -10
11  -7
9  2
12  -7
8  5
10  -4
4  6
14  -7
6  0
11  -5
12  -3
10  -2
6  -3
8  3
9  0
10  -7
12  -6
8  3
10  -6
11  -9
7  -7
4  9
10  -7
11  -10
15  8
15  4
9  -1
11  -10
15  6
7  -5
2  4
14  -5
10  -3
14  -8
10  -2
10  -6
6  3
13  -2
11  -8
10  -3
10  -7
7  -8
8  8
13  -5
8  6
7  -5
10  -3
8  2
11  -4
11  -6
8  4
12  -2
10  -5
7  -4
12  -5
12  -5
6  -1
9  -3
9  0
12  -7
9  0
6  -1
8  3
9  0
6  0
11  -8
12  -7
12  -4
7  -6
9  0
11  -7
7  -9
10  -6
7  -5
12  -3
13  -3
9  1
8  4
11  -9
11  -4
14  -7
12  -2
6  -3
10  -7
6  1
11  -5
7  -3
9  -2
11  -9
8  2
12  -2
6  2
11  -4
14  -8
13  -5
15  5
3  7
15  9
11  -5
8  6
12  -1
12  -5
8  3
16  -1
14  -9
9  0
7  -9
3  7
12  -6
12  -4
14  -8
5  4
11  -8
11  -4
13  -5
10  -8
9  -1
8  3
9  2
10  -7
5  2
4  6
12  -4
8  2
11  -6
7  -7
14  -6
8  3
13  -7
11  -4
7  -7
12  -4
8  3
6  0
6  2
6  1
7  -9
5  2
6  0
7  -7
11  -8
8  7
9  -3
5  7
16  5
14  -10
12  -1
7  -6
4  10
8  2
11  -9
7  -6
9  -1
10  -2
12  -3
6  1
7  -8
9  -1
4  10
6  -1
9  2
12  -6
12  -7
9  3
10  -7
13  -4
12  -5
12  -3
13  -6
15  9
9  1
12  -6
9  -3
6  -2
8  6
11  -8
9  -1
7  -9
9  -1
6  3
5  2
5  4
9  -3
7  -4
17  4
9  -1
18  -4
11  -4
14  -7
7  -6
11  -8
10  -6
5  2
13  -4
11  -10
8  6
10  -5
11  -7
8  8
8  2
11  -10
3  1
9  2
12  -7
10  -8
9  1
9  1
9  -3
8  5
9  -1
7  -5
11  -9
11  -10
12  -6
11  -8
5  6
7  -5
13  -2
9  1
11  -8
10  -8
10  -5
9  2
6  1
13  -6
8  3
6  2
10  -7
8  7
11  -5
7  -8
21  6
13  -8
9  0
8  3
15  8
8  3
9  -2
9  2
12  -6
10  -3
9  -1
9  2
9  1
13  -5
10  -7
8  7
8  4
13  -6
4  6
10  -8
11  -7
8  5
10  -3
16  -1
8  8
19  4
9  -1
6  -2
7  -7
16  4
9  2
8  5
10  -4
9  3
14  -5
10  -7
19  1
9  -1
20  -3
13  -3
12  -4
11  -10
10  -6
13  -6
7  -4
8  2
13  -8
4  8
9  -1
14  -10
15  8
10  -6
7  -3
13  -2
9  1
10  -5
8  4
7  -4
11  -8
13  -4
12  -3
9  2
5  4
8  3
12  -5
8  3
13  -4
14  -6
9  -3
9  -3
14  -8
8  2
11  -4
4  6
14  -5
7  -3
11  -5
9  -2
11  -6
10  -7
9  3
14  -6
7  -6
9  -1
12  -4
6  3
18  -2
8  3
6  2
13  -2
6  1
7  -7
15  6
10  -5
4  9
12  -6
6  -1
8  7
15  9
11  -9
16  -1
7  -5
11  -4
7  -3
11  -6
8  6
14  -4
7  -4
17  4
10  -5
16  3
6  0
9  0
5  7
10  -6
6  -1
6  3
9  -1
11  -10
10  -2
12  -7
11  -8
9  1
11  -10
9  1
6  1
11  -6
9  -1
7  -5
9  -2
7  -4
11  -5
13  -8
8  6
9  2
10  -6
7  -3
10  -6
12  -2
16  -1
8  4
13  -2
10  -4
13  -8
11  -6
13  -6
11  -10
7  -3
16  4
8  4
7  -8
11  -7
8  2
6  -2
11  -10
6  1
6  0
9  -1
10  -3
7  -9
5  4
13  -2
9  0
11  -9
6  2
11  -5
8  5
8  2
7  -9
7  -3
9  -3
11  -9
9  -1
10  -3
5  4
8  4
6  -2
7  -3
8  5
10  -8
6  1
9  -2
7  -4
8  5
10  -6
10  -4
7  -5
8  4
15  8
11  -6
7  -3
7  -8
12  -5
14  -7
5  6
10  -3
15  5
16  -1
11  -10
8  7
9  2
13  -3
11  -7
11  -10
17  5
5  6
14  -5
12  -1
11  -4
7  -8
9  -3
7  -7
11  -4
7  -7
13  -4
8  7
7  -5
9  -1
11  -10
12  -1
6  1
7  -6
8  3
9  -3
12  -2
5  6
7  -6
5  7
9  0
7  -3
11  -8
8  4
14  -7
10  -6
9  2
13  -5
9  0
12  -3
10  -4
9  3
11  -6
12  -1
9  -2
6  0
12  -4
11  -10
7  -3
11  -10
12  -7
14  -10
11  -10
7  -3
7  -7
12  -2
11  -7
9  -2
12  -6
8  6
12  -3
14  -6
10  -2
15  8
11  -7
9  -1
9  3
11  -4
14  -9
13  -4
10  -3
12  -2
15  4
12  -3
11  -6
8  2
8  2
10  -5
10  -6
16  0
8  3
5  2
4  4
13  -8
7  -3
7  -6
15  5
14  -7
7  -3
5  7
6  2
10  -8
18  -6
7  -7
9  2
6  -3
9  2
11  -5
15  8
7  -6
15  6
9  -1
10  -2
11  -7
5  4
15  7
10  -6
8  6
15  9
14  -6
7  -7
8  8
9  3
15  9
6  -1
7  -5
11  -6
10  -6
9  1
14  -6
11  -6
17  2
14  -5
9  2
14  -5
15  8
12  -3
8  4
6  2
16  5
8  7
15  6
6  -3
17  3
16  3
8  6
10  -2
