10  -3
17  -4
8  5
9  -6
16  -1
13  -1
10  -4
12  -5
12  -5
5  -8
12  -6
14  4
11  -7
8  6
9  -4
11  -6
8  4
12  -5
8  6
15  -6
9  -4
11  -7
10  -5
5  -6
10  -3
10  -4
9  -4
13  1
13  0
13  1
7  -4
9  -4
12  -4
8  4
11  -5
17  -3
14  3
13  0
8  5
10  -3
13  -1
10  -5
8  6
8  6
15  -6
11  -5
13  -1
10  -5
11  -6
13  0
11  -6
13  0
9  -5
11  -7
6  4
11  -7
8  4
6  6
11  -7
11  -6
5  -6
15  -5
11  -7
13  1
15  -5
8  4
6  6
5  -8
16  0
10  -4
15  -7
12  -4
8  5
7  -4
6  4
9  -5
12  -5
9  -6
12  -6
13  0
15  -5
9  -5
8  6
9  -4
11  -6
8  6
10  -3
9  -6
8  4
14  4
11  -6
5  -8
11  -5
6  5
9  -6
14  4
6  4
15  -5
13  0
7  -4
9  -6
8  6
9  -4
9  -5
12  -6
5  -6
11  -7
6  6
12  -4
14  2
8  5
7  -2
18  -5
8  6
20  -4
10  -4
13  1
4  0
12  -5
13  1
6  6
4  0
10  -5
4  0
9  -5
8  6
12  -5
5  -6
16  0
7  -2
2  1
14  3
12  -5
5  -7
10  -3
12  -6
14  2
6  6
5  -6
9  -6
5  -8
13  0
12  -6
5  -6
7  -4
13  1
15  -5
5  -6
8  5
7  -3
10  -4
6  4
6  4
8  6
9  -5
14  4
15  -6
11  -6
18  -4
10  -5
5  -7
11  -7
7  -4
8  5
6  4
5  -6
14  4
14  3
11  -7
19  5
8  5
5  -6
10  -3
10  -4
10  -3
8  6
8  6
6  6
8  4
8  4
15  -5
9  -4
10  -5
11  -7
11  -5
11  -7
8  5
6  4
15  -5
9  -4
11  -6
11  -7
14  3
11  -6
11  -5
10  -5
10  -3
8  4
12  -5
4  1
9  -4
11  -5
15  -7
7  -2
13  -1
8  6
14  4
12  -4
13  0
10  -3
13  0
8  6
9  -4
13  0
13  1
12  -6
11  -6
10  -4
6  5
8  4
11  -5
6  6
5  -8
16  0
6  6
7  -2
11  -5
10  -4
10  -3
6  5
5  -7
6  5
8  4
12  -6
7  -4
14  4
13  0
11  -7
11  -5
12  -5
10  -3
8  4
9  -5
13  -1
12  -5
9  -4
8  6
11  -7
6  6
10  -5
11  -7
12  -5
8  5
11  -7
9  -6
9  -4
7  -3
7  -4
6  4
9  -5
9  -6
7  -3
10  -4
11  -7
12  -5
8  4
11  -7
10  -5
8  6
6  5
4  0
10  -5
11  -6
11  -6
10  -4
14  3
15  -5
15  -7
6  4
9  -5
7  -4
8  5
14  3
7  -2
11  -6
11  -5
10  -4
15  -5
15  -6
11  -6
19  5
12  -5
12  -5
12  -5
11  -7
8  4
13  1
10  -3
15  -7
13  1
14  2
12  -5
9  -5
9  -5
10  -4
14  3
9  -5
10  -4
6  5
6  4
10  -4
12  -5
2  2
10  -3
9  -5
7  -4
4  -1
10  -5
10  -3
9  -6
10  -5
8  4
5  -6
10  -4
14  2
8  5
6  6
9  -4
7  -3
10  -3
18  -4
8  6
12  -6
7  -3
11  -7
13  -1
14  3
5  -6
9  -4
13  0
17  -5
8  6
11  -7
9  -4
11  -5
10  -5
8  5
10  -3
14  4
10  -5
5  -7
11  -7
11  -5
4  -1
7  -4
9  -6
12  -4
4  0
5  -6
8  6
14  2
9  -5
11  -6
10  -5
9  -5
9  -4
11  -7
7  -2
10  -5
11  -6
16  1
9  -6
16  -1
11  -5
8  4
9  -6
12  -6
12  -6
7  -2
11  -6
6  4
10  -4
16  1
10  -3
9  -4
16  -1
14  4
12  -6
14  3
12  -4
15  -7
12  -5
12  -6
9  -4
6  5
11  -7
11  -5
5  -8
11  -6
14  4
11  -7
9  -6
6  5
8  5
11  -6
7  -2
9  -6
10  -4
8  4
12  -4
11  -5
11  -6
13  -1
7  -4
8  6
11  -5
12  -5
18  -5
11  -5
14  3
7  -2
10  -3
7  -4
6  5
7  -4
8  4
8  5
9  -4
12  -6
11  -7
15  -5
10  -3
12  -6
14  3
5  -6
8  6
10  -4
6  4
14  2
8  5
5  -8
14  2
13  0
12  -5
12  -5
13  1
6  6
7  -3
10  -3
10  -4
10  -4
14  2
11  -6
13  -1
12  -4
9  -4
9  -4
16  0
14  2
11  -7
12  -4
7  -2
11  -6
10  -5
11  -5
9  -6
9  -4
8  6
17  -4
14  3
9  -5
9  -5
7  -4
12  -6
8  6
9  -4
10  -5
10  -3
10  -5
12  -5
16  0
13  -1
11  -6
9  -6
9  -6
12  -6
4  -1
12  -6
10  -5
14  2
15  -5
9  -4
7  -4
12  -5
17  -4
10  -4
6  5
8  4
11  -7
8  5
6  6
5  -8
7  -4
10  -4
10  -3
8  5
12  -5
8  5
14  2
7  -2
5  -6
6  5
9  -5
9  -6
14  3
9  -4
22  8
10  -3
12  -6
10  -3
10  -3
7  -2
6  4
10  -3
8  6
8  5
11  -7
8  4
7  -3
10  -5
10  -3
12  -6
9  -6
8  6
13  -1
11  -6
13  -1
12  -4
7  -2
13  0
14  4
14  3
9  -6
13  1
13  1
11  -7
10  -3
4  1
6  6
16  -1
13  0
2  2
9  -6
10  -3
13  -1
10  -3
8  5
16  0
11  -6
12  -6
8  4
8  4
6  5
9  -5
7  -2
10  -3
7  -2
9  -6
4  0
12  -4
12  -6
12  -5
11  -5
7  -4
11  -5
9  -4
6  5
9  -4
8  4
12  -5
5  -8
10  -4
6  4
5  -6
12  -4
10  -4
5  -8
13  1
10  -4
9  -4
6  6
12  -4
11  -7
12  -5
12  -6
6  5
10  -5
7  -2
12  -5
12  -6
6  6
9  -4
6  6
7  -2
13  0
10  -4
6  5
13  -1
6  5
20  -3
10  -5
19  3
13  0
13  -1
11  -5
7  -4
2  1
12  -5
7  -4
14  3
10  -5
7  -3
5  -7
14  4
7  -3
7  -3
13  0
10  -3
10  -3
6  6
5  -8
5  -8
19  4
14  3
10  -4
8  6
14  3
10  -4
14  2
10  -5
11  -5
6  4
12  -4
9  -4
10  -4
7  -2
7  -4
13  1
4  1
7  -2
12  -4
8  5
12  -6
9  -4
13  -1
6  4
11  -5
10  -5
7  -2
12  -4
12  -6
10  -5
7  -4
8  4
7  -4
8  6
10  -5
5  -8
12  -4
8  4
8  4
14  2
7  -4
14  2
10  -5
8  6
6  6
9  -5
7  -2
8  4
13  -1
7  -2
12  -5
10  -3
11  -5
11  -6
13  -1
10  -4
7  -4
10  -4
10  -5
7  -3
11  -7
13  0
10  -5
6  4
7  -2
9  -4
8  4
11  -6
14  4
7  -3
15  -7
5  -8
15  -5
16  -1
10  -3
11  -5
5  -7
13  -1
10  -4
11  -7
8  4
5  -7
11  -6
7  -3
12  -4
8  6
8  6
15  -6
6  5
15  -6
8  6
11  -5
11  -6
14  4
10  -5
13  -1
8  4
13  1
14  3
12  -4
3  2
7  -4
8  6
3  4
13  -1
11  -6
8  4
10  -5
9  -5
10  -3
7  -4
10  -3
7  -2
12  -5
6  6
16  1
8  5
6  4
10  -5
7  -3
8  4
7  -2
12  -4
8  5
13  0
13  0
13  1
2  1
13  0
11  -7
8  4
9  -5
19  4
4  0
9  -5
13  1
6  4
15  -7
10  -3
6  6
8  4
12  -6
7  -2
12  -4
8  5
14  3
12  -4
10  -3
18  -4
21  -2
8  5
5  -8
11  -5
5  -7
10  -4
11  -6
6  6
9  -6
12  -6
10  -4
8  6
15  -5
11  -5
9  -6
8  6
11  -6
13  0
10  -5
13  0
9  -6
9  -4
8  4
10  -3
8  4
15  -6
6  5
6  5
11  -6
7  -2
9  -6
17  -4
10  -4
7  -4
16  1
10  -4
7  -3
10  -3
10  -5
13  -1
7  -3
6  6
10  -3
14  4
9  -6
15  -7
3  4
5  -7
10  -5
17  -3
13  -1
8  4
10  -5
12  -5
6  4
10  -5
12  -6
9  -4
16  0
16  -1
9  -5
8  5
7  -2
17  -4
10  -4
8  5
5  -6
14  3
9  -5
6  4
8  4
19  3
9  -5
11  -7
9  -6
8  4
11  -7
10  -4
5  -7
10  -5
8  5
5  -8
7  -2
14  2
13  -1
12  -5
6  6
13  -1
16  1
17  -3
5  -6
11  -7
9  -5
6  6
9  -5
6  6
12  -6
6  5
7  -2
11  -7
7  -4
6  4
12  -4
13  1
10  -4
8  5
12  -4
12  -6
9  -6
13  1
8  5
12  -6
10  -5
8  4
10  -5
10  -5
7  -4
11  -6
13  -1
11  -6
8  4
11  -5
12  -4
9  -6
15  -6
7  -3
9  -4
7  -2
2  3
16  -1
11  -5
14  4
8  4
9  -4
10  -4
15  -7
12  -5
10  -4
7  -2
12  -6
17  -5
10  -3
10  -4
11  -5
6  5
16  0
7  -2
17  -4
6  4
9  -5
17  -4
10  -3
14  4
15  -7
10  -4
7  -2
9  -6
13  -1
8  6
10  -5
10  -3
8  5
9  -6
11  -5
9  -6
5  -6
7  -4
12  -5
9  -5
10  -4
9  -5
10  -4
6  4
14  2
9  -4
8  6
11  -6
12  -6
11  -5
9  -4
8  4
12  -5
8  6
13  -1
11  -6
5  -8
10  -3
13  0
10  -5
9  -5
7  -4
6  5
11  -5
10  -3
12  -5
10  -5
9  -4
6  6
6  5
10  -4
10  -5
15  -6
13  -1
7  -4
4  1
8  6
8  6
10  -5
9  -6
10  -5
15  -5
9  -6
13  1
10  -5
17  -4
13  1
10  -5
9  -5
12  -5
