14  9
11  12
10  0
9  -2
10  -5
10  0
6  0
12  12
6  -8
5  3
14  2
4  -6
7  -1
10  -2
7  -5
9  -2
13  3
13  -1
8  -2
11  7
7  4
10  5
12  3
10  -2
9  -8
15  7
15  1
9  -8
14  4
7  -1
8  -6
14  5
7  2
4  -1
7  -1
11  9
4  1
9  -9
14  8
9  -9
8  -3
6  -1
5  3
8  -2
12  3
8  0
8  -3
11  11
10  -4
9  -2
14  4
12  12
11  10
8  -7
11  6
8  -7
17  5
6  -9
6  -3
9  -9
11  7
5  6
12  9
9  -2
10  2
9  -1
15  8
12  6
11  6
16  5
10  -3
5  1
11  8
8  2
8  1
12  2
11  3
8  -3
8  -8
13  2
9  -6
7  -6
10  -5
4  -7
13  7
12  9
15  2
10  0
7  4
12  6
10  -4
12  9
10  5
14  2
7  -4
9  -8
12  12
13  -1
5  5
8  2
15  5
15  3
10  -4
10  2
14  5
10  -2
11  4
7  -2
10  0
6  -4
12  2
14  -1
14  2
17  9
13  6
10  1
12  7
12  8
7  -6
9  1
12  3
11  10
12  7
6  -8
12  8
10  4
13  0
7  -1
5  1
16  3
5  4
13  -1
8  -3
7  3
14  2
12  9
13  1
13  4
6  -3
11  11
12  7
11  4
5  0
11  7
15  2
12  4
15  8
7  -4
12  10
15  4
8  2
18  6
7  2
12  4
8  -7
9  -6
11  6
11  3
5  4
13  6
17  8
5  7
8  -8
14  4
10  -5
9  -3
15  7
6  1
11  6
16  6
9  -7
9  -1
12  8
10  3
10  3
9  -3
5  2
9  0
9  -2
6  -8
4  2
13  5
7  0
16  -4
9  -3
9  -6
12  2
9  -4
7  -4
14  7
11  11
8  -5
6  -6
7  -4
6  1
6  -3
21  6
10  -4
11  4
13  4
6  -8
7  -4
9  -4
8  -3
9  -5
10  0
12  11
14  2
7  3
11  10
13  -3
7  -2
8  -8
14  1
9  -7
7  2
9  -8
11  2
11  2
4  2
8  -5
11  9
5  4
10  -4
11  10
9  -6
10  1
13  5
9  -2
5  -3
11  5
4  -7
14  5
12  10
9  -8
11  7
12  2
11  9
10  1
4  -1
11  12
13  7
8  0
10  -2
4  0
8  -1
9  0
12  8
6  -6
4  -7
16  -2
6  1
6  -7
13  0
15  1
9  -2
8  0
10  2
9  -1
5  6
12  7
10  -2
11  12
14  8
15  0
12  11
16  0
10  1
9  -9
9  -8
7  4
9  -5
9  -4
13  -1
11  3
10  4
8  -8
4  1
8  -4
14  2
7  3
9  -9
19  -5
9  -8
7  3
8  -3
7  -1
11  12
9  -7
14  9
5  7
14  0
13  -2
6  -9
15  -2
11  10
7  0
9  -1
7  1
11  7
15  4
5  6
10  -4
8  0
9  -7
10  -2
8  -4
9  -7
10  4
12  9
7  -2
12  10
13  -1
9  -8
12  10
12  6
8  -5
10  1
6  -5
11  3
15  0
5  -2
4  3
11  12
11  3
6  -6
8  -7
10  3
6  -8
5  -1
11  8
11  11
14  9
10  3
13  6
18  10
10  -4
15  5
8  0
13  1
5  2
12  12
16  1
10  -5
7  0
11  10
14  1
10  -3
7  0
9  0
12  4
11  10
10  4
10  -3
8  -3
10  4
11  8
9  -9
9  -5
9  -2
8  2
14  -1
10  3
6  -5
7  4
6  -8
8  -2
9  -4
13  3
5  -2
15  -2
15  2
17  4
6  -1
8  -2
9  -9
8  -8
11  7
9  -6
7  -5
11  6
8  -6
10  -3
11  11
13  0
12  10
8  2
8  2
10  2
9  -6
9  -5
12  7
10  1
13  -3
11  2
10  3
11  6
14  0
13  5
6  0
4  -1
6  -4
9  -3
12  11
14  1
7  -2
10  0
14  6
9  -3
13  3
12  12
13  1
6  1
7  -3
9  1
12  5
13  -1
13  2
12  6
5  4
8  -3
6  -7
8  2
8  1
11  7
9  -1
12  3
9  -1
10  3
14  7
5  5
7  3
14  5
5  6
6  1
11  10
10  5
10  -4
4  1
9  -2
7  -6
10  -2
12  11
6  -1
11  8
9  1
12  10
13  7
9  -1
11  12
11  7
4  -2
6  -7
8  -7
9  -5
8  -3
15  -1
14  8
11  10
3  -1
15  8
12  9
9  -9
8  -4
7  2
12  3
16  4
11  5
9  -4
9  -3
7  3
9  -1
9  -6
6  -2
10  5
11  7
9  -2
6  -8
13  3
7  3
15  5
8  2
9  -6
9  1
12  7
7  2
12  7
11  7
7  -2
6  -1
15  2
6  -6
7  -2
15  8
10  4
9  -9
15  3
9  -5
9  -5
11  5
13  2
10  3
4  0
6  0
15  8
11  9
13  0
6  -1
3  2
9  -4
12  4
9  -2
7  -2
9  -8
11  11
7  2
5  1
7  1
12  9
7  -6
18  5
11  9
10  -1
10  5
5  6
10  -1
9  -9
6  -3
11  6
5  2
15  6
5  3
14  7
10  1
5  2
10  0
8  -3
11  11
11  12
9  -4
7  3
10  -3
10  4
11  11
5  0
6  -7
17  7
13  -3
10  4
13  2
10  1
6  -4
11  5
10  3
10  -1
11  5
12  9
10  -2
15  4
7  2
11  6
13  2
5  1
12  11
10  5
12  10
12  8
13  7
8  -3
10  -1
7  -2
10  -2
9  -4
15  5
10  -5
14  4
12  9
9  -2
7  2
13  5
7  -5
12  9
12  2
10  1
15  1
3  0
13  5
16  4
8  0
13  7
8  -6
9  -2
10  -1
13  3
10  -3
11  3
7  3
12  9
8  -6
10  -2
5  0
7  2
11  3
14  1
12  9
16  4
10  0
12  8
11  8
9  1
8  -7
7  -6
10  3
15  4
12  10
8  -5
10  -4
8  0
10  0
8  1
8  2
11  10
11  3
13  5
7  2
11  2
10  -5
9  -2
7  0
16  5
12  12
14  0
13  -2
4  1
6  -5
9  -3
6  -5
12  12
5  -1
12  10
8  -8
11  4
12  8
15  -1
15  7
6  -7
9  -6
14  8
13  7
18  10
10  -3
9  -6
13  1
15  7
13  7
13  1
11  2
9  1
9  -3
13  5
12  3
8  -6
10  -3
9  -4
6  -9
12  10
7  -6
11  2
5  0
11  6
11  4
7  2
10  4
10  0
14  4
6  0
18  3
6  0
12  11
11  8
7  -2
10  2
5  -2
12  6
13  5
12  2
11  8
6  -2
13  2
12  6
17  8
4  1
9  -2
14  1
7  0
6  -2
10  -4
14  -1
11  8
5  3
9  -6
10  -4
15  0
9  -9
9  -7
8  0
13  -2
6  -6
9  -6
9  -6
9  1
7  4
10  1
14  9
11  4
9  -9
10  -3
14  -1
5  5
13  7
11  11
10  0
10  5
11  12
6  1
10  5
8  2
10  -2
7  1
14  4
10  -1
12  10
11  11
12  11
11  3
7  -5
13  1
10  -4
9  0
10  -2
12  7
14  1
8  -5
9  -4
5  7
14  6
10  -4
13  5
7  -6
17  9
4  2
8  -3
6  -4
14  5
15  3
6  -3
7  -6
14  9
9  -3
5  -1
8  -2
10  5
9  -3
11  3
14  1
7  -6
8  -1
6  -5
10  -5
10  4
10  -1
10  5
14  2
7  -4
6  -3
8  -6
15  5
9  -5
21  6
8  -3
4  0
10  -1
7  -3
10  4
11  5
9  -2
15  7
7  2
12  7
11  12
6  -2
9  -7
10  5
5  -1
8  -8
10  -5
15  5
16  -2
6  0
9  -7
12  6
9  -3
7  2
12  10
13  -3
19  1
8  -5
11  9
9  -5
14  0
7  -4
12  7
13  -1
11  8
6  -3
8  -2
9  -3
12  3
2  -2
4  0
15  -2
12  4
12  6
11  4
10  -2
13  -3
9  -1
11  6
17  12
10  2
12  11
14  5
9  -3
8  -3
8  -3
7  -3
9  -8
8  -8
14  1
12  6
10  0
15  0
10  -2
8  -6
6  -6
7  -4
12  6
9  -5
8  -2
8  2
9  0
15  4
8  0
3  -8
14  5
13  2
16  0
9  -4
10  -2
10  4
6  -2
10  -2
7  -5
11  3
5  3
9  -5
10  -2
8  2
13  -2
8  0
12  5
7  -2
8  2
10  1
11  3
6  1
12  8
7  -3
9  -1
14  4
7  -3
10  4
10  -2
8  -6
12  3
16  2
15  2
11  4
11  7
7  1
9  -9
7  2
16  4
14  -1
14  5
6  0
10  -2
6  -6
19  -6
7  -2
10  0
12  11
8  -8
6  -6
10  -2
11  10
15  1
8  -5
8  0
11  5
11  4
9  -2
9  -1
11  4
12  12
11  8
11  7
13  -3
7  3
10  0
9  -7
15  1
5  1
13  1
6  -8
10  5
8  -6
8  -7
9  -9
6  -2
8  -2
6  0
4  -6
12  6
12  9
9  -8
10  -1
10  4
10  2
11  2
12  9
10  4
13  4
16  -2
6  1
5  3
12  6
7  -3
10  2
10  0
11  11
4  -7
14  3
10  0
8  0
10  1
13  3
8  -7
9  -6
9  -3
9  -5
8  -4
10  -2
19  -2
16  4
8  -4
13  -1
11  12
11  5
5  4
13  7
12  12
15  -1
9  -6
11  7
7  -3
6  -6
10  -2
21  7
14  5
11  2
13  2
5  6
9  -9
15  2
10  -5
7  4
9  -4
6  -2
11  11
9  -6
9  -4
7  -2
10  4
11  9
7  -1
12  10
11  6
11  10
5  4
