8  8
7  -6
9  -6
8  6
8  7
3  -6
3  -6
9  -6
5  5
4  6
5  6
7  -6
6  -1
12  1
11  -4
5  6
9  -6
7  -8
5  6
6  0
7  -7
7  -7
4  6
8  7
7  -8
10  6
12  1
9  -8
9  -7
6  -2
12  1
6  -1
7  -8
5  7
6  -2
10  4
9  -8
9  -6
2  -1
9  -6
5  6
7  -7
5  5
3  -4
3  -6
6  -1
13  5
1  4
9  -7
10  5
8  7
8  6
12  1
11  -4
8  8
9  -8
9  -8
13  5
9  -6
6  0
9  -6
8  7
7  -7
5  6
4  6
5  6
15  5
10  6
8  6
9  -7
5  5
12  3
5  6
5  7
3  -4
3  -4
8  7
9  -8
4  7
6  -2
5  5
10  4
7  -7
10  5
8  8
5  6
8  6
7  -7
8  6
8  7
7  -6
2  -2
7  -7
7  -8
9  -6
10  6
16  5
8  8
14  -1
9  -7
6  -2
2  0
6  -2
6  -2
5  7
9  -6
10  5
11  -4
5  7
7  -6
4  7
7  -6
7  -8
6  -1
8  7
7  -7
8  7
11  -4
7  -8
12  3
5  7
8  6
7  -7
5  5
10  6
5  5
8  6
5  6
10  5
6  -2
8  6
6  0
1  2
4  8
6  -2
7  -7
7  -8
3  -4
5  5
7  -7
11  -4
7  -8
7  -7
11  -4
9  -8
6  -1
4  7
5  6
7  -7
11  -5
9  -6
9  -6
4  8
3  -4
5  6
9  -8
8  6
6  -1
6  0
3  -6
5  7
6  -1
6  0
7  -7
4  7
6  -2
9  -6
14  -1
5  7
10  6
6  -2
8  8
6  0
5  5
8  7
4  7
8  8
7  -7
6  -1
9  -8
7  -6
7  -6
9  -6
6  -1
11  -6
9  -7
6  -2
6  0
8  8
5  7
6  -1
7  -6
9  -8
5  6
7  -7
4  6
8  7
10  4
8  6
4  7
5  6
5  5
5  6
6  0
6  0
10  4
9  -7
10  6
11  -4
3  -6
12  2
12  2
10  4
5  6
9  -6
7  -8
6  0
12  3
7  -6
14  0
6  0
9  -8
14  -1
10  5
19  3
4  8
9  -7
8  8
7  -7
7  -6
9  -7
5  6
5  6
5  5
6  -2
9  -6
9  -6
8  8
10  4
6  0
4  8
5  7
10  5
6  0
8  8
8  6
9  -7
3  -4
4  7
7  -6
8  7
6  0
12  2
5  7
8  7
9  -8
11  -6
6  0
2  -1
8  8
9  -6
9  -8
10  4
5  6
7  -6
6  -1
8  8
11  -4
8  8
6  0
4  8
4  6
9  -8
8  7
8  7
4  7
6  -2
4  6
6  0
5  7
10  4
2  -1
6  0
5  5
6  -2
9  -8
12  1
7  -7
3  -4
6  -2
4  6
6  0
12  1
6  -2
6  -2
12  3
6  0
5  6
3  -6
6  0
6  0
4  7
11  -6
12  1
6  -1
5  6
7  -8
1  4
6  -2
7  -7
3  -4
8  6
9  -7
6  0
5  5
7  -8
10  5
5  7
11  -5
6  -2
8  6
7  -6
8  6
6  -1
7  -7
8  6
6  0
5  5
8  8
5  5
7  -6
5  6
7  -7
14  0
7  -7
4  8
9  -6
8  7
9  -6
6  0
5  5
3  -5
3  -6
4  6
2  0
8  6
7  -8
6  -1
6  0
8  6
14  -1
5  5
7  -7
6  0
4  6
7  -7
4  8
10  4
7  -7
3  -6
5  5
1  4
6  -1
3  -4
7  -6
4  6
13  5
3  -5
7  -6
8  8
6  -2
6  0
6  0
6  -2
13  4
7  -6
8  6
5  7
6  -2
13  5
6  0
8  8
8  8
9  -8
7  -6
6  0
4  8
6  -2
7  -7
3  -6
5  5
7  -8
4  6
6  0
15  7
5  6
7  -6
4  6
8  7
7  -7
8  8
5  7
2  0
8  6
5  5
12  2
2  -2
11  -6
5  7
9  -6
8  7
7  -7
10  6
12  3
4  6
7  -6
6  -2
7  -7
10  6
11  -4
8  8
9  -8
10  5
6  -1
11  -5
8  8
4  8
4  8
3  -5
9  -6
6  0
11  -5
2  0
6  -1
7  -6
10  6
11  -5
9  -8
9  -7
5  5
3  -5
5  5
7  -7
7  -7
6  0
8  8
8  7
6  -2
10  5
3  -4
3  -6
5  6
4  8
10  5
4  8
7  -7
10  5
2  -1
5  6
6  0
9  -7
7  -8
4  6
5  5
6  -1
9  -6
7  -7
7  -7
9  -6
11  -6
9  -6
7  -8
7  -7
6  0
7  -7
5  5
5  6
6  -2
6  0
10  4
10  6
9  -7
6  -1
4  6
7  -7
8  8
5  7
3  -6
5  7
10  4
8  7
5  7
9  -6
7  -6
5  5
5  5
5  5
6  -2
7  -6
6  0
4  6
6  0
5  5
12  2
12  1
15  5
5  6
12  2
10  4
6  -2
1  2
7  -7
6  -1
5  6
9  -8
8  6
12  3
9  -8
10  4
3  -5
5  6
6  -2
6  -2
9  -8
8  8
9  -7
6  -1
12  2
8  6
7  -8
6  -1
6  -1
7  -8
6  -1
10  6
11  -5
4  8
11  -6
8  7
10  6
8  6
11  -6
9  -8
4  6
11  -4
7  -8
7  -8
6  -1
4  6
4  7
6  -1
6  0
4  7
5  5
14  -1
8  6
8  6
6  -1
6  -1
10  5
11  -6
4  6
3  -6
6  -2
8  7
17  -2
7  -7
5  6
5  6
10  5
8  7
6  0
5  6
3  -6
6  0
4  7
5  5
6  0
6  -2
5  7
8  7
12  3
5  7
7  -8
11  -5
9  -8
6  0
7  -7
12  1
6  -2
8  8
5  7
8  7
8  7
2  0
3  -5
9  -7
3  -4
10  5
5  5
6  -1
9  -7
11  -6
8  6
10  5
11  -4
2  0
8  7
7  -8
9  -8
5  7
7  -7
4  6
5  6
6  -1
5  6
10  4
8  6
9  -7
7  -6
3  -6
9  -7
13  5
3  -5
4  8
10  6
9  -7
7  -8
5  5
10  4
3  -6
5  7
8  6
8  8
7  -7
5  5
12  2
10  5
4  7
9  -8
7  -7
6  -2
5  5
10  5
7  -7
9  -7
6  -1
4  6
8  6
7  -6
8  7
7  -6
10  5
11  -4
5  5
3  -6
10  5
4  6
6  0
7  -8
3  -5
5  7
9  -8
8  8
5  7
8  8
5  7
5  7
5  6
12  2
11  -4
7  -7
5  7
10  4
8  8
5  5
6  0
12  1
12  1
7  -8
5  6
5  6
3  -6
9  -6
7  -7
7  -6
11  -6
5  5
4  7
5  5
8  8
5  7
6  -2
7  -6
8  7
9  -7
3  -6
6  0
5  5
7  -7
10  5
7  -6
6  -2
12  1
7  -6
7  -6
8  6
3  -6
7  -6
8  7
7  -8
7  -8
7  -7
4  6
12  3
5  5
3  -5
6  -2
6  -1
9  -6
7  -6
10  4
15  6
5  6
6  -1
9  -8
7  -7
9  -8
7  -8
8  7
7  -8
8  6
5  6
8  7
6  0
9  -7
4  8
7  -6
3  -4
6  0
9  -7
7  -6
4  7
8  7
7  -6
12  2
7  -7
4  7
3  -4
5  7
3  -6
12  1
10  4
7  -8
7  -8
8  8
6  -2
8  6
4  8
7  -8
7  -6
10  4
7  -7
5  5
3  -5
11  -6
4  7
11  -5
6  0
6  -1
3  -5
5  6
8  8
7  -8
5  7
12  1
13  5
5  6
7  -8
4  8
9  -6
10  4
10  4
9  -8
7  -8
6  -2
8  7
12  1
7  -7
11  -5
7  -8
7  -8
9  -7
6  -1
5  7
13  6
7  -7
12  1
8  7
4  7
6  -2
9  -8
8  7
6  -2
10  4
4  8
11  -5
5  7
5  7
8  7
4  7
7  -8
10  4
5  5
8  8
3  -4
2  -1
11  -6
4  7
4  6
2  -1
8  6
9  -8
6  -2
6  -1
8  7
8  8
6  0
7  -6
5  6
9  -8
9  -6
6  -1
7  -7
6  0
11  -5
5  6
6  -2
9  -8
8  8
6  0
4  6
3  -4
7  -8
2  -2
9  -6
4  7
4  8
10  6
13  4
10  5
7  -6
8  6
8  6
4  6
8  6
9  -8
5  7
4  6
7  -7
5  6
3  -5
8  7
7  -6
11  -5
14  1
4  6
5  5
4  8
5  7
6  -2
6  -1
9  -6
4  6
7  -7
6  0
7  -6
4  6
2  -1
6  -2
6  0
7  -6
6  -1
1  3
7  -8
10  5
13  6
8  6
6  0
11  -5
3  -4
9  -8
6  -2
6  -1
5  7
5  5
10  5
4  7
4  8
8  8
5  6
6  0
8  7
6  -1
4  6
11  -6
11  -4
10  4
11  -5
11  -4
6  -2
9  -8
8  8
6  -1
4  6
7  -8
3  -5
11  -4
6  0
10  4
10  6
10  6
7  -8
4  7
5  5
5  5
9  -7
11  -6
8  7
7  -6
14  1
5  5
11  -6
6  -1
8  8
5  5
6  -2
3  -6
3  -6
10  4
7  -8
9  -6
4  7
6  0
6  -1
6  0
4  8
8  8
8  7
8  8
6  -1
9  -7
7  -6
7  -8
11  -4
6  0
7  -7
11  -4
5  5
3  -4
7  -7
6  0
5  6
4  8
14  1
4  8
10  6
11  -6
10  5
7  -7
8  8
7  -7
6  -2
4  7
3  -6
11  -6
5  6
5  5
8  7
8  8
7  -6
8  6
5  6
9  -6
6  -2
3  -4
8  8
5  7
11  -4
11  -6
4  6
6  0
8  8
8  7
10  4
7  -7
3  -6
8  6
6  -1
6  0
