14  -4
6  -7
8  8
7  -4
8  8
9  0
14  -2
10  3
8  6
14  -2
5  -5
12  -7
9  1
5  -6
15  -3
17  2
9  0
8  8
10  5
7  -4
7  -5
11  -5
8  7
6  -7
11  -5
14  -4
2  -1
10  4
10  4
10  5
6  -6
8  8
9  2
13  5
6  -6
11  -6
8  8
4  4
7  -6
15  -3
8  7
7  -6
11  -5
9  2
5  -6
3  -5
9  0
5  -5
11  -5
9  0
6  -5
13  6
12  -7
5  -4
4  4
13  7
10  5
7  -5
3  -7
4  6
8  6
15  -2
4  6
8  8
5  -5
11  -6
11  -4
8  8
5  -4
16  -7
12  -6
6  -7
9  2
10  3
11  -5
9  0
5  -4
9  2
8  6
8  7
10  5
9  0
7  -5
8  7
8  6
8  8
5  -6
6  -6
8  8
14  -4
6  -6
12  -6
8  6
5  -6
11  -6
12  -5
8  6
16  -5
8  7
14  -2
9  2
6  -6
11  -4
1  0
7  -6
8  6
5  -4
7  -6
5  -4
16  -5
8  7
9  2
6  -7
7  -4
12  -5
12  -6
6  -6
5  -5
7  -4
13  5
12  -6
9  1
8  7
10  4
7  -5
11  -4
10  3
11  -4
11  -6
9  0
12  -6
3  -7
11  -5
6  -5
13  5
5  -4
9  1
12  -6
7  -6
7  -5
12  -5
7  -6
11  -5
9  2
12  -7
12  -6
7  -5
9  2
5  -6
9  1
12  -6
5  -5
8  7
11  -6
9  0
11  -6
9  1
19  -2
6  -5
12  -7
9  2
8  8
11  -5
13  7
9  2
2  0
5  -4
13  7
5  -5
13  6
13  7
6  -6
9  1
6  -6
2  0
17  2
9  2
10  3
11  -4
7  -5
10  3
9  1
13  7
9  0
11  -6
7  -4
5  -6
5  -4
14  -4
9  1
9  0
10  4
6  -6
7  -6
6  -6
12  -7
6  -5
9  2
4  5
10  3
11  -4
10  5
10  4
8  7
3  -5
8  7
9  1
4  5
6  -7
8  8
7  -5
6  -5
6  -6
10  3
5  -6
5  -4
6  -7
12  -5
7  -6
9  2
10  3
8  7
12  -5
10  4
6  -7
8  6
10  3
10  3
10  5
11  -5
16  -7
10  3
8  7
14  -3
12  -7
7  -6
7  -5
10  3
10  4
11  -4
9  0
8  7
8  7
7  -4
6  -5
11  -4
7  -4
10  5
11  -4
12  -7
9  1
8  6
8  7
11  -6
9  1
11  -6
11  -4
11  -5
11  -6
7  -6
10  5
8  8
12  -5
4  5
19  -2
8  8
17  2
12  -5
11  -4
15  -2
12  -5
12  -6
10  4
7  -4
6  -7
5  -5
12  -6
13  7
10  5
8  7
5  -4
11  -5
7  -6
10  5
2  -1
6  -5
13  6
8  8
10  5
8  6
7  -6
6  -7
11  -6
11  -4
12  -6
3  -7
8  7
10  3
6  -6
13  6
7  -6
7  -4
9  1
6  -6
6  -6
8  7
8  6
11  -6
10  4
13  6
6  -7
10  5
10  5
10  3
7  -6
10  4
15  -1
10  5
5  -4
8  7
7  -5
11  -5
9  0
8  7
13  7
9  0
6  -5
11  -5
11  -6
9  1
13  5
4  4
6  -7
8  6
14  -3
8  8
8  7
4  5
5  -5
7  -4
12  -7
9  1
8  7
15  -1
9  1
15  -3
8  6
6  -6
12  -6
11  -4
5  -5
13  7
9  1
3  -7
8  7
12  -7
5  -4
9  2
8  7
10  5
4  5
10  4
10  5
10  3
10  5
12  -5
11  -4
14  -2
8  7
6  -7
6  -7
9  2
10  3
12  -5
15  -3
8  6
10  4
11  -5
7  -5
7  -5
4  5
11  -6
6  -6
9  1
16  -5
8  7
8  8
9  2
10  3
7  -5
11  -6
15  -2
8  8
14  -4
11  -4
6  -6
10  3
7  -4
11  -6
10  3
8  8
11  -6
12  -6
8  8
7  -4
8  7
5  -6
10  5
8  8
7  -4
7  -4
9  2
4  4
14  -3
16  -7
7  -4
10  4
8  7
3  -5
5  -4
7  -4
9  1
11  -6
8  8
12  -7
14  -4
7  -5
8  6
7  -6
9  0
10  5
10  3
7  -5
11  -5
8  8
10  5
8  8
11  -5
4  6
10  5
13  6
3  -6
8  6
11  -5
11  -6
13  7
8  8
12  -7
4  6
11  -6
6  -7
8  8
6  -6
13  5
10  4
7  -6
9  0
10  4
4  4
6  -7
8  6
4  5
12  -6
9  1
13  7
7  -6
11  -6
9  1
9  2
10  3
7  -6
10  4
8  6
8  6
8  6
8  7
9  1
4  4
13  5
11  -6
7  -6
11  -5
11  -4
10  3
12  -7
10  5
5  -5
14  -2
12  -6
13  6
7  -4
8  6
9  0
7  -5
6  -6
9  1
16  -7
9  2
6  -7
5  -4
8  6
9  0
8  8
12  -6
5  -6
6  -5
10  5
7  -5
10  3
8  8
6  -5
11  -4
7  -6
7  -6
9  1
8  7
11  -4
5  -6
18  1
12  -7
5  -4
16  -7
8  6
11  -4
7  -5
9  1
6  -7
6  -7
8  7
12  -5
10  5
11  -6
7  -5
9  1
10  4
10  5
10  5
8  8
9  0
6  -7
12  -5
6  -6
7  -6
12  -7
8  7
6  -6
6  -7
11  -5
11  -6
10  4
7  -5
10  3
6  -5
12  -5
11  -6
9  1
14  -3
9  2
7  -5
11  -4
5  -6
15  -1
6  -5
9  1
12  -7
6  -6
7  -5
10  3
10  4
11  -5
7  -5
12  -6
13  7
10  4
10  5
14  -3
9  2
4  6
8  7
7  -4
5  -5
8  8
10  3
8  8
9  1
9  0
13  6
12  -7
9  1
11  -6
6  -6
10  5
6  -5
5  -5
6  -5
11  -6
8  7
12  -7
7  -5
12  -7
9  0
13  5
15  -3
6  -7
9  2
11  -4
8  8
10  3
8  7
12  -7
9  1
10  5
11  -4
16  -6
10  3
12  -6
5  -5
5  -6
9  0
13  7
10  5
3  -7
13  5
3  -5
10  3
6  -5
8  7
12  -5
9  0
11  -6
9  1
5  -5
6  -7
9  2
14  -4
8  8
7  -6
10  5
9  2
11  -6
16  -6
9  1
9  1
6  -6
10  3
10  3
12  -5
7  -6
11  -6
12  -6
10  4
5  -5
7  -4
9  2
7  -5
7  -4
6  -6
5  -6
7  -6
8  6
12  -7
17  3
12  -6
5  -6
12  -5
7  -4
7  -6
8  6
9  0
8  6
6  -6
10  4
2  0
9  0
9  1
10  5
11  -4
4  5
10  5
6  -5
11  -6
13  5
6  -7
5  -4
10  5
5  -4
13  7
9  1
7  -4
6  -5
10  5
5  -6
6  -7
8  8
8  6
5  -6
10  5
5  -5
10  4
9  1
12  -7
7  -6
11  -4
9  2
11  -4
7  -4
9  1
7  -5
9  2
9  1
9  2
11  -4
7  -5
7  -5
11  -6
5  -4
13  6
13  5
7  -6
6  -5
6  -7
12  -7
11  -4
9  2
8  7
11  -4
7  -6
12  -7
6  -7
8  8
5  -5
10  4
9  0
7  -6
12  -6
10  4
3  -5
16  -7
6  -5
9  0
8  6
6  -5
9  0
9  0
6  -7
11  -5
9  2
8  6
6  -7
8  8
6  -5
9  0
11  -6
8  6
8  6
8  6
10  5
6  -6
7  -4
10  3
7  -5
7  -6
10  4
6  -6
5  -6
4  4
13  7
5  -6
6  -6
6  -7
7  -5
6  -7
7  -4
8  6
9  2
6  -7
16  -7
9  1
11  -6
17  4
4  4
9  1
6  -7
5  -5
5  -4
9  2
11  -4
11  -6
10  5
7  -6
10  3
7  -4
12  -7
12  -7
8  6
9  0
8  7
10  3
11  -5
4  6
4  5
9  2
13  5
9  1
4  5
9  2
9  2
9  0
8  8
4  6
12  -6
15  -3
5  -5
9  2
3  -5
7  -5
18  -1
10  3
11  -4
10  4
10  5
10  3
14  -3
8  6
8  8
2  -1
8  7
7  -4
8  7
4  6
14  -2
15  -2
12  -5
5  -6
8  7
3  -6
9  0
10  5
5  -6
16  -5
15  -1
11  -4
10  5
14  -4
8  6
10  5
11  -4
10  5
11  -4
8  6
5  -4
11  -5
12  -7
8  6
11  -6
7  -4
6  -6
7  -4
11  -4
9  0
6  -7
10  4
10  3
8  6
14  -2
6  -6
7  -6
10  4
13  5
14  -3
12  -7
5  -4
8  6
7  -5
6  -6
8  7
15  -2
10  5
9  2
3  -5
8  7
3  -7
7  -6
8  6
10  4
12  -5
8  7
13  6
5  -5
11  -5
5  -6
6  -5
4  4
15  -1
6  -6
6  -7
12  -7
7  -5
12  -6
10  5
10  3
11  -5
7  -6
8  6
8  7
6  -7
11  -5
6  -7
6  -5
4  4
9  2
11  -4
17  3
13  7
6  -6
7  -6
7  -5
5  -6
11  -4
8  8
10  5
12  -5
8  7
9  1
10  4
6  -7
12  -7
7  -4
13  7
11  -4
9  1
9  0
11  -5
9  0
8  7
8  6
6  -6
9  0
13  6
13  6
9  1
10  4
4  5
11  -6
4  5
8  7
7  -6
10  3
5  -4
10  3
7  -5
15  -1
6  -5
9  0
12  -6
3  -5
5  -5
7  -4
4  5
13  6
7  -5
7  -5
9  1
13  5
10  4
7  -6
8  6
11  -6
8  6
5  -5
13  5
9  1
12  -7
8  8
13  6
11  -6
10  4
8  6
5  -4
8  6
8  7
7  -5
12  -5
9  0
7  -6
6  -7
11  -5
11  -5
6  -7
12  -7
14  -4
9  2
6  -7
12  -5
7  -4
8  7
9  0
6  -5
8  6
14  -3
