11  -5
2  5
10  5
12  -8
11  -5
7  1
7  -6
7  -6
9  0
10  6
4  -11
9  5
4  -2
7  3
10  -2
5  2
6  -3
6  2
7  -1
9  -2
5  1
10  -2
6  4
11  -6
5  -5
10  3
4  -6
5  1
6  3
11  0
8  -5
10  -4
9  4
4  -6
10  4
5  2
10  0
8  -9
6  7
6  4
4  -9
11  -2
6  2
10  6
4  -12
9  -1
7  0
10  1
7  1
5  -5
8  -1
8  -5
10  -4
10  2
12  -8
7  1
6  0
9  -5
18  -9
6  0
4  -4
3  3
9  -5
9  -3
4  -4
13  4
8  -2
9  2
9  2
8  -8
9  2
5  0
9  5
9  -1
6  7
9  2
13  -1
8  -11
11  -2
7  -3
12  -1
8  -5
9  -4
11  -5
11  -1
11  -2
7  0
14  4
12  -5
8  -6
3  7
5  -1
10  2
10  -1
8  -2
15  2
10  6
8  -6
9  0
4  -3
8  -2
5  2
9  2
10  2
10  -4
4  -3
9  3
10  1
8  -1
11  1
14  1
10  -1
11  -1
10  4
7  1
12  -1
7  -1
6  -2
11  -8
7  -4
11  -8
7  1
9  5
10  -1
9  2
6  1
8  -5
7  -1
12  -2
6  4
10  3
5  3
9  2
4  -3
11  -7
9  2
6  6
7  -3
7  -7
5  -2
16  -1
13  6
6  -2
8  -3
10  3
7  0
6  6
9  0
9  2
11  -6
8  -11
10  3
9  0
10  -1
10  2
8  -4
7  -1
11  -5
8  -11
13  2
6  -2
10  1
9  -4
11  1
11  -1
11  -4
5  -2
4  -6
7  -7
2  6
5  -3
12  -8
7  -3
9  5
11  1
8  -10
10  2
5  4
9  0
8  -6
6  7
8  -6
6  -1
6  -2
7  2
14  8
10  -3
11  -2
12  -2
9  -1
4  -11
11  2
5  -2
9  -2
10  -3
16  0
10  3
10  6
8  -11
6  -2
6  -2
8  -7
7  3
7  1
2  0
4  -2
7  -4
12  -4
9  3
4  -8
9  1
7  -5
6  6
10  5
6  -1
4  -6
16  1
7  -4
11  -6
4  -6
6  2
6  5
3  5
8  -4
7  -6
3  5
4  -11
4  -10
4  -9
4  -3
4  -2
10  0
9  3
8  -10
8  -9
14  2
8  -5
11  -8
4  -8
11  -3
7  -3
7  -1
7  1
9  -1
7  -4
5  -2
6  -3
5  1
5  3
9  -5
13  0
6  1
4  -7
10  -2
5  5
7  2
10  4
10  6
6  0
7  -3
8  -10
11  2
9  -3
8  -3
7  -7
7  -5
7  -7
11  2
9  4
12  1
7  -6
11  2
8  -9
6  4
11  -8
13  2
5  -1
8  -5
6  5
7  -7
4  -5
10  2
5  -5
9  -1
7  -7
8  -8
8  -10
8  -3
6  0
8  -10
4  -7
5  5
9  1
5  0
6  7
14  4
9  -2
8  -1
9  -5
8  -11
8  -5
8  -3
5  5
7  -3
9  -2
3  8
9  -3
8  -5
10  -4
5  -2
9  -3
5  -3
11  -6
7  2
9  5
9  -4
7  -1
10  -1
7  -6
7  2
9  -4
6  7
9  5
11  -3
8  -4
8  -4
10  -4
3  8
9  -1
8  -4
7  -1
6  0
5  -5
9  -2
3  7
9  -1
7  -1
13  -2
6  6
6  4
7  -7
8  -10
12  -6
12  -4
7  -7
11  -2
12  -2
8  -10
11  -3
7  2
10  -1
8  -7
7  -7
7  -2
6  0
3  7
2  6
9  4
10  0
12  0
8  -2
5  1
8  -5
9  5
7  -1
11  2
3  5
7  -6
9  -5
14  6
10  3
12  -4
8  -11
4  -5
7  -5
8  -4
8  -10
4  -6
11  -3
8  -3
11  -3
7  -6
14  8
6  1
10  -1
11  -5
11  0
8  -7
7  3
8  -11
4  -6
2  1
9  -5
5  -4
2  9
6  7
10  6
6  4
7  -4
8  -8
5  4
8  -10
17  8
4  -3
11  -2
5  -4
7  2
4  -6
7  -6
8  -7
5  5
12  2
10  -3
6  -3
5  4
6  1
5  -4
7  -6
9  4
11  2
8  -2
6  4
10  0
6  4
7  3
7  -5
11  -7
9  3
5  -1
6  -2
9  3
8  -8
12  -5
10  0
13  1
7  -4
12  -8
8  -11
8  -8
5  -1
9  5
3  10
8  -4
11  -4
7  -7
7  -1
3  10
7  2
7  -2
15  0
7  -1
9  4
10  -4
11  -8
4  -9
12  0
5  4
6  7
6  3
10  0
8  -8
11  1
7  2
5  -5
10  -4
9  1
5  -2
6  7
9  5
6  -3
7  -5
8  -6
7  -1
6  5
3  4
8  -10
4  -10
15  3
9  4
10  6
11  2
4  -8
6  -1
6  3
9  4
8  -5
5  -5
2  9
5  3
13  -2
8  -8
10  -2
7  1
10  2
8  -9
13  6
8  -7
10  0
8  -10
5  3
5  -3
10  2
13  2
8  -6
4  -9
10  -2
9  -2
9  -2
13  6
7  -1
7  -4
6  1
9  2
8  -1
4  -5
7  -6
4  -10
8  -3
8  -11
8  -8
6  0
12  -4
8  -1
6  1
11  -5
4  -4
8  -1
10  -4
13  2
12  2
14  1
9  -4
4  -8
10  0
8  -1
5  4
6  1
12  -7
7  -2
5  -2
6  4
15  -5
2  2
6  5
11  0
9  2
6  5
12  -7
7  -6
4  -5
8  -9
7  -5
4  -5
15  -5
12  -1
6  2
4  -5
7  -5
4  -8
8  -4
3  2
9  3
11  -1
11  -2
6  2
9  1
9  -1
9  -2
9  -4
6  2
3  4
9  3
5  -1
4  -3
10  0
10  3
7  -4
8  -5
8  -9
9  5
11  -8
5  -4
3  2
9  4
6  -2
5  -3
9  2
4  -4
13  1
9  5
19  9
9  3
10  -1
10  6
6  -1
10  -4
4  -11
7  -7
7  -3
5  0
6  0
2  6
9  -1
7  3
8  -11
11  2
12  2
9  0
3  5
8  -5
7  -7
13  0
3  7
9  -1
10  0
8  -1
4  -4
10  -1
9  -5
14  7
11  -1
8  -3
4  -10
5  3
10  4
13  2
6  -3
11  -2
9  3
9  5
11  -1
7  3
6  4
7  -6
12  -3
6  -2
7  -6
8  -11
5  -2
8  -7
5  3
4  -3
10  -4
6  -1
8  -1
4  -9
12  -3
4  -3
6  7
11  2
9  3
13  6
5  0
8  -7
8  -7
8  -7
6  2
5  3
8  -11
8  -3
6  1
8  -3
9  -5
11  -8
9  1
9  -5
8  -3
14  10
7  0
7  2
8  -4
13  6
8  -1
5  5
8  -5
13  -1
5  -5
5  3
11  -4
10  1
11  -7
9  -5
9  -2
5  -5
9  -2
9  3
9  1
5  -2
7  -3
7  -7
7  -4
6  4
14  10
4  -2
4  -3
5  -5
5  3
6  0
12  -7
9  3
9  1
8  -8
8  -2
9  4
5  0
5  -4
7  -4
13  6
9  0
7  -2
8  -6
6  4
10  4
10  6
8  -4
8  -10
13  2
3  11
5  5
9  -3
16  -2
6  -3
9  -2
10  1
4  -5
5  0
6  -2
8  -4
6  2
10  5
10  1
11  0
11  -3
12  -2
8  -1
9  -5
10  -4
8  -8
10  -2
9  -5
14  8
7  -6
5  -3
5  -3
3  10
7  -3
4  -7
4  -8
4  -9
6  6
5  -3
6  1
7  1
8  -5
6  6
10  -3
8  -11
6  -3
13  5
11  -2
10  4
7  -2
7  -7
10  3
4  -11
10  6
7  -5
2  9
9  -4
8  -11
9  -4
7  -3
7  -4
8  -1
7  2
11  1
11  -5
6  -1
9  2
5  1
5  4
3  12
9  -1
11  -7
5  0
8  -5
5  4
6  -2
3  3
11  -3
14  3
4  -8
8  -7
12  1
10  5
6  4
14  7
8  -9
6  -3
5  3
14  8
11  -1
10  4
6  7
8  -2
8  -5
9  -1
5  4
5  -2
9  3
12  -3
11  -7
3  10
11  -2
6  6
11  -6
10  -4
4  -11
11  -4
7  -7
7  -4
7  -3
6  7
8  -3
4  -4
5  1
9  5
11  2
6  7
8  -3
14  2
6  1
7  2
10  4
10  2
10  -3
7  -3
9  -2
11  -2
8  -7
5  -1
10  -4
9  3
9  2
9  4
7  -3
10  1
8  -2
19  11
8  -7
19  7
9  1
4  -4
10  1
9  -5
4  -12
6  -3
2  6
9  -5
7  1
9  4
8  -1
14  3
5  5
10  3
8  -9
8  -8
9  -3
7  -4
7  3
7  0
6  7
7  -7
5  -2
6  1
6  -3
6  7
10  -2
7  -2
12  -5
2  1
7  1
9  -4
8  -3
7  2
6  -1
8  -8
10  0
11  1
9  3
6  5
4  -11
6  0
12  2
8  -6
8  -9
7  -7
7  2
4  -11
6  3
10  3
9  -5
7  0
6  1
11  0
12  2
9  5
3  5
6  4
7  -6
7  -3
13  6
13  -4
8  -9
6  -3
6  4
10  2
8  -4
5  -2
9  2
7  -6
5  -1
7  3
7  -1
8  -3
5  -4
11  -2
11  -5
9  5
7  -5
3  5
8  -2
16  5
4  -4
9  3
7  -5
8  -7
6  7
15  -5
11  -3
6  -3
9  4
8  -8
10  4
9  -3
4  -8
12  -4
11  -4
15  -4
6  0
4  -10
8  -6
4  -9
4  -11
8  -6
7  0
9  -5
8  -9
6  0
10  2
10  -3
11  -2
9  5
7  1
10  5
10  4
14  7
6  1
4  -3
10  -4
8  -6
9  -1
7  -1
5  -2
6  -2
14  2
8  -8
16  4
10  4
8  -5
13  -3
5  0
8  -1
9  -3
6  1
8  -7
15  -4
6  -2
2  1
7  0
7  -1
11  -6
10  -2
10  6
8  -4
3  5
6  -1
7  -4
15  -5
7  -4
