13  7
12  -11
6  -2
15  -6
12  -10
13  0
8  -5
13  -4
10  -8
7  4
9  -2
11  -1
4  -1
10  -12
13  2
11  -1
11  -11
10  -1
11  -8
6  9
15  -7
11  -9
14  0
11  -11
12  -11
17  -3
16  13
5  -9
9  -8
10  -10
10  -9
13  3
10  -11
7  10
4  1
10  -13
15  0
9  -9
6  -1
6  6
9  -6
12  -4
12  -6
8  7
12  -3
13  6
10  -8
9  1
6  -1
11  -2
4  3
15  -4
6  6
13  1
13  6
7  3
13  0
7  9
12  -7
10  -6
10  -11
7  4
8  -3
15  -1
14  -4
8  3
9  0
9  -9
10  -2
10  -9
10  -3
14  -4
5  3
10  -2
14  -10
10  -12
3  4
8  2
4  1
4  3
2  -6
11  -3
7  7
4  1
12  -4
14  1
9  2
8  3
11  -11
11  -3
7  12
13  0
9  -2
9  -4
12  -3
10  -6
12  -7
12  -11
15  0
12  -5
13  -5
13  3
11  -11
11  -11
14  -4
11  -11
13  5
11  -10
12  -4
12  -2
15  -5
9  0
9  -5
11  -5
10  -1
5  -3
12  -6
12  -9
7  12
11  -12
11  -8
12  -13
8  -3
9  -7
7  11
12  -11
15  -4
11  0
11  -3
9  -3
12  -1
11  -6
16  2
10  -7
7  5
6  3
15  -3
8  6
12  -4
9  -9
13  7
10  -10
13  -3
15  2
13  0
7  11
11  -11
15  -4
9  -5
17  -4
14  -7
15  -1
14  -5
8  4
8  6
13  -1
7  3
6  7
11  0
5  -7
15  -6
9  -2
14  -6
12  -13
16  10
10  -9
12  -10
9  -2
6  6
9  -9
13  2
7  12
12  -1
16  8
11  0
7  7
8  -1
11  -9
9  2
7  8
12  -6
16  6
14  -6
10  -8
5  1
14  -3
13  5
8  -5
10  -12
6  4
11  -5
4  5
9  -4
3  1
9  -3
14  0
11  -2
9  -2
8  0
14  -5
11  -1
12  -1
14  -8
5  -9
11  -3
12  -11
9  0
14  1
7  0
8  0
8  -4
12  -4
9  -4
14  1
12  -1
6  9
9  -3
10  -9
13  -1
11  -6
9  -2
13  1
8  -1
13  3
7  1
7  2
10  -2
6  3
10  -1
12  -6
9  2
11  -3
15  -7
14  -9
15  -1
12  -2
8  -1
9  -6
5  -1
5  -7
13  1
6  8
16  3
9  1
12  -10
12  -12
5  3
14  -11
8  -2
12  -1
10  -12
7  9
10  -12
8  1
19  -8
11  -9
8  -2
13  -1
6  5
8  -3
10  -4
17  -12
12  -2
6  -1
16  12
9  -5
7  5
9  -7
9  -3
14  -2
9  3
8  -4
6  -1
13  -2
7  4
10  -3
7  6
6  0
19  -7
13  1
12  -2
14  -9
11  -9
11  -4
14  0
11  -12
11  -8
3  2
13  -3
9  -8
6  10
8  0
10  -5
8  -2
9  1
11  -2
10  -12
13  4
9  2
17  -9
12  -3
14  -3
3  1
11  -10
5  -2
8  6
15  -5
11  -5
10  -1
10  -10
11  -1
8  0
6  4
11  -11
9  -5
10  -11
10  -6
13  -5
6  -2
18  -1
8  4
8  7
9  -3
9  0
11  -10
11  -3
11  -12
10  -2
7  3
7  12
10  -6
11  -2
0  3
4  0
7  4
8  2
7  8
10  -2
5  -1
6  0
9  1
7  0
12  -12
9  2
8  2
8  7
12  -8
18  -3
8  -1
10  -9
13  -3
7  8
5  3
12  -11
11  0
11  -11
9  -7
8  6
11  -1
12  -5
5  -1
11  -11
10  -12
11  -10
20  -3
16  9
14  -2
12  -2
13  3
10  -6
11  -3
8  4
7  11
8  3
9  -4
9  -5
11  -12
7  7
14  -7
8  1
12  -9
7  12
9  -6
7  0
15  0
9  -2
10  -8
12  -12
7  4
18  -10
7  2
9  1
10  -12
11  -7
10  -7
6  1
4  -1
11  -3
7  3
10  -2
6  5
16  3
4  10
15  -3
10  -6
7  11
10  -13
13  2
9  -7
9  -1
7  0
5  -3
9  -3
5  0
12  -11
9  -8
9  1
9  -1
14  -4
7  1
6  3
6  4
16  6
7  1
11  -10
10  -12
11  -11
11  -2
12  -2
7  8
15  -3
19  -9
16  10
5  1
7  9
10  -1
11  -7
6  6
11  -12
7  1
13  -5
11  -9
13  5
8  -3
13  6
11  -12
14  -7
8  4
12  -6
14  -10
7  12
9  -3
8  6
15  -1
7  3
12  -9
11  -1
7  4
10  -2
11  -11
13  5
11  -6
17  -11
6  5
12  -12
10  -13
10  -11
9  -8
8  -5
8  -3
16  8
5  0
8  1
8  -5
12  -4
13  0
9  -7
10  -4
7  8
5  -9
9  -7
13  -4
19  -7
9  -2
8  1
8  6
17  -4
10  -4
15  -4
10  -3
11  -3
10  -8
13  0
3  -3
15  -2
16  9
10  -3
6  6
5  1
16  9
9  -6
9  -9
6  6
13  6
13  0
9  -1
14  -6
7  4
11  -11
10  -7
9  -1
10  -3
11  -1
9  -2
12  -8
9  -6
8  -5
9  -8
8  4
9  2
14  -10
10  -8
9  0
13  3
11  -5
12  -3
3  -8
8  -5
6  7
11  -3
11  -7
8  3
13  7
5  2
13  -3
10  -9
10  -11
14  -1
13  -4
14  -4
6  -1
10  -9
15  -4
12  -6
5  -7
10  -4
16  6
5  -8
11  -6
14  -11
8  1
8  -4
11  -12
10  -1
6  1
9  -6
11  -10
16  9
18  -3
4  9
8  2
6  8
11  -11
17  -1
5  -3
14  -11
12  -9
7  4
13  6
7  8
13  0
15  -7
12  -12
11  -8
4  4
18  -6
12  -9
7  7
11  -12
14  -6
13  -2
9  0
9  -7
9  2
9  -5
13  2
13  -1
12  -13
5  -2
11  -1
12  -12
9  -6
12  -10
16  13
5  -5
8  6
7  9
14  0
13  0
6  10
6  0
11  -12
6  8
12  -10
14  -5
16  2
11  -6
11  -5
15  -2
12  -2
11  -10
10  -8
8  5
13  3
7  8
9  -3
13  -2
11  -4
7  9
4  8
12  -7
12  -12
9  -1
9  -7
10  -5
8  -3
6  5
8  2
10  -13
7  7
11  -1
6  8
8  1
9  0
8  0
6  10
8  -1
15  -9
10  -4
8  -4
11  -1
10  -13
9  0
6  10
10  -5
9  -5
10  -6
10  -3
11  -10
11  -2
10  -12
13  5
3  -5
8  -4
4  10
8  2
8  4
10  -12
14  -4
14  -7
6  3
9  -1
13  4
10  -4
7  11
9  -7
5  -6
7  4
10  -4
10  -11
10  -3
11  -12
12  -4
20  0
11  0
11  -5
9  -5
13  -4
10  -10
10  -2
6  10
8  -2
8  3
8  0
14  -3
11  -3
10  -4
10  -5
11  -9
8  5
11  -5
11  -4
6  -2
9  -6
12  -8
11  -4
11  -8
9  -8
8  0
10  -6
11  -2
10  -2
5  -1
7  7
13  5
7  3
12  -9
10  -7
6  4
13  1
13  7
13  2
9  -9
3  -7
9  -2
13  2
14  -6
8  -5
18  -6
10  -6
12  -5
8  -5
6  1
9  -1
17  -9
11  -1
10  -10
8  7
10  -6
10  -2
10  -9
8  6
13  -1
6  9
6  3
14  -1
6  6
11  -4
7  12
16  3
11  -9
14  -3
12  -2
8  0
6  -1
9  -2
10  -1
12  -7
6  1
8  6
9  2
8  -3
9  -9
4  8
6  3
11  -5
10  -9
8  2
7  3
7  3
11  -8
4  7
8  -5
5  2
9  -3
10  -1
9  -9
7  5
10  -4
16  4
10  -6
9  -1
7  11
9  1
8  0
7  5
10  -10
8  -2
14  -9
9  -6
10  -1
9  -5
15  2
7  3
14  -5
14  -11
14  -9
13  2
11  -2
7  3
7  6
13  6
8  7
5  1
12  -9
10  -12
8  2
15  -7
8  1
6  3
6  10
11  -8
15  -5
18  -8
11  -12
8  7
8  -5
12  -13
13  -5
8  -4
10  -13
11  -2
13  -2
10  -8
3  -6
9  -6
9  3
11  -3
6  10
10  -3
8  -5
8  2
7  5
8  -3
5  -2
14  -6
15  -8
14  -7
8  -1
10  -6
16  4
11  -9
8  4
5  -7
10  -11
9  -3
6  -2
12  -4
18  -2
9  1
10  -13
12  -4
12  -11
11  -9
9  -1
8  -1
4  3
13  -4
6  6
7  3
13  1
3  -4
10  -2
11  -10
9  -6
8  -1
12  -9
14  1
7  11
9  2
12  -3
10  -9
12  -10
9  -9
15  -6
11  -6
5  -7
9  -6
7  7
13  5
14  -11
9  -4
15  -5
9  3
12  -7
15  -2
13  1
10  -12
13  -4
8  3
7  11
6  1
13  6
14  -10
6  6
13  -4
6  1
3  3
11  -7
14  -9
6  6
11  -5
7  9
7  8
12  -12
11  -4
10  -13
16  1
11  -6
9  -5
8  2
8  -5
9  0
14  -7
10  -5
10  -1
10  -7
12  -4
5  1
11  -2
14  -5
10  -3
8  -4
12  -10
13  -5
5  1
9  -5
8  1
9  -9
14  -11
7  3
10  -1
11  -5
5  1
7  8
6  9
8  7
10  -6
11  -5
16  8
13  4
10  -12
13  -3
7  6
7  11
13  7
12  -2
11  -3
9  0
7  12
6  0
7  11
14  -3
10  -12
11  -6
10  -12
7  7
9  1
11  -6
7  0
12  -2
8  1
8  1
5  -3
10  -9
8  -5
8  -2
9  -9
10  -11
10  -5
7  8
9  2
12  -3
5  2
17  -8
8  -4
6  8
15  -4
9  2
11  -1
13  7
13  4
10  -4
9  3
11  -8
11  -7
16  9
8  4
14  -1
14  -1
12  -10
13  7
15  -5
16  1
10  -12
9  0
16  5
15  -9
10  -4
11  -12
15  -9
13  2
12  -6
9  -3
8  0
15  -9
12  -10
14  -11
10  -6
10  -11
