5  4
4  -3
3  2
5  2
5  3
2  -2
6  -4
5  3
5  3
4  -2
9  2
4  -3
4  -1
4  -3
12  2
6  -2
10  8
8  -6
6  -3
9  2
3  2
6  -4
5  3
7  -6
5  3
8  -6
2  -3
7  -6
8  -7
1  5
6  -2
4  -3
4  -2
11  0
6  -3
5  2
9  3
6  -3
8  -6
5  2
6  -3
7  -6
5  3
12  3
7  -8
5  3
7  -7
7  -7
6  -4
7  -8
6  -4
5  4
3  1
6  -3
3  2
7  -8
8  -6
6  -3
3  2
7  -6
5  3
8  -6
6  -3
5  2
6  -2
11  -2
5  3
4  -2
7  -8
12  1
4  -1
4  -2
4  -2
4  -1
5  2
9  2
6  -2
8  -6
3  2
4  -1
6  -4
10  8
4  -2
9  4
3  2
3  2
11  -1
3  1
5  2
2  -2
6  -3
7  -8
2  -3
8  -6
6  -4
7  -8
6  -2
5  3
11  0
2  -2
7  -8
6  -2
5  2
5  3
6  -4
8  -8
8  -8
4  -2
1  6
2  -3
6  -3
7  -7
9  4
2  -3
3  2
2  -3
7  -6
10  6
7  -7
6  -4
8  -7
4  -2
4  -2
6  -3
3  1
5  4
5  2
8  -7
2  -1
2  -1
6  -2
5  4
3  1
4  -1
11  0
7  -6
7  -8
10  8
5  2
2  -1
6  -3
4  -1
10  8
7  -7
5  3
5  3
2  -1
6  -4
6  -2
6  -2
2  -1
5  4
9  2
7  -8
5  4
4  -2
9  3
9  4
6  -3
6  -2
3  3
6  -2
5  2
6  -2
6  -3
5  2
2  -1
4  -2
13  5
6  -4
8  -6
2  -1
7  -7
7  -8
4  -1
8  -6
6  -2
6  -2
3  1
7  -7
6  -3
7  -8
7  -7
6  -3
9  4
7  -6
4  -3
6  -4
4  -2
9  4
5  4
2  -3
0  3
11  -1
5  4
7  -8
9  2
0  3
5  3
6  -3
8  -6
3  3
7  -6
11  -2
2  -3
5  4
7  -8
7  -6
10  7
3  2
3  1
11  -1
2  -3
5  4
3  3
4  -1
6  -2
5  4
4  -3
5  2
7  -6
3  1
9  2
6  -3
7  -8
11  0
13  5
6  -3
4  -2
6  -2
5  2
7  -7
6  -3
5  4
5  4
1  5
6  -3
7  -7
5  4
7  -7
2  -3
10  7
5  4
7  -8
4  -3
6  -3
5  3
5  3
7  -7
5  2
12  1
9  2
7  -6
7  -6
5  3
6  -4
8  -8
2  -3
6  -4
6  -3
5  4
7  -8
7  -8
3  3
8  -7
4  -3
5  2
10  6
4  -1
5  4
1  6
6  -3
4  -1
6  -2
10  6
9  3
4  -1
5  3
3  2
7  -8
5  3
4  -1
6  -3
5  4
5  3
3  3
8  -8
6  -4
8  -7
5  3
9  2
5  4
4  -3
6  -3
6  -4
10  8
3  1
7  -6
8  -7
5  2
7  -8
7  -7
3  2
9  4
7  -7
8  -8
5  3
9  4
7  -6
11  -2
7  -8
2  -1
4  -1
11  0
9  4
5  2
8  -8
7  -6
6  -4
4  -1
8  -6
9  3
6  -4
4  -2
11  -1
5  4
9  4
7  -8
7  -6
11  0
4  -1
9  4
4  -1
6  -3
7  -8
6  -3
5  2
4  -2
6  -3
6  -2
3  3
4  -1
5  3
9  4
8  -6
3  1
7  -6
5  3
7  -7
7  -7
11  0
7  -8
11  0
8  -6
5  4
7  -6
5  2
6  -3
4  -1
3  2
5  3
1  5
6  -3
7  -6
4  -2
4  -3
5  4
8  -6
7  -8
6  -3
6  -3
3  1
5  3
9  2
11  -2
5  4
4  -1
7  -7
4  -3
4  -3
2  -2
6  -4
6  -2
10  8
8  -8
6  -3
2  -3
10  7
3  3
6  -2
6  -2
2  -3
5  2
6  -4
5  3
4  -2
3  3
9  3
3  3
8  -7
7  -7
6  -3
2  -3
7  -8
11  0
10  7
9  4
7  -8
7  -7
8  -8
2  -3
3  1
6  -2
1  5
7  -7
6  -2
6  -3
4  -3
4  -2
7  -8
4  -3
5  4
3  2
5  4
5  3
9  4
7  -7
10  7
4  -3
2  -2
8  -6
1  4
7  -8
3  3
6  -2
12  1
4  -3
6  -2
2  -1
2  -1
9  3
6  -3
4  -1
9  2
7  -6
4  -1
6  -4
6  -4
8  -8
10  7
3  1
7  -8
6  -4
6  -2
10  8
1  4
10  6
4  -1
6  -4
6  -2
8  -8
6  -4
7  -6
6  -4
9  4
6  -2
5  4
4  -1
7  -7
8  -6
5  2
3  3
10  7
6  -2
3  3
3  1
4  -1
3  3
7  -6
4  -1
8  -8
8  -7
4  -3
11  -2
8  -7
8  -6
6  -4
11  0
7  -7
6  -2
2  -3
4  -2
5  4
3  2
9  4
2  -1
5  4
6  -2
5  3
7  -8
4  -3
3  3
3  1
1  5
6  -2
8  -8
5  4
8  -6
7  -7
7  -7
8  -8
3  3
2  -3
3  3
9  3
4  -1
5  2
3  3
8  -6
8  -7
4  -3
6  -3
4  -1
5  3
5  3
9  4
4  -1
4  -2
2  -1
2  -1
6  -3
9  4
8  -6
6  -4
11  0
8  -6
4  -2
6  -3
12  3
9  2
10  8
3  2
6  -3
3  1
7  -8
3  2
7  -8
6  -4
8  -6
6  -2
7  -8
4  -2
8  -7
8  -7
2  -2
5  2
6  -2
2  -3
4  -1
7  -6
2  -2
4  -1
6  -3
7  -8
3  3
9  2
3  3
9  2
5  3
4  -2
6  -3
8  -7
6  -2
7  -6
4  -2
2  -1
8  -6
11  -2
9  4
6  -4
7  -7
9  3
8  -8
2  -2
9  4
7  -8
9  3
6  -2
7  -8
5  2
9  2
6  -2
5  2
5  4
6  -3
7  -8
4  -3
7  -7
6  -3
15  5
9  2
7  -7
11  0
1  5
9  2
4  -3
7  -7
5  3
2  -3
5  3
6  -4
6  -4
3  2
7  -7
6  -4
8  -7
8  -6
5  2
5  3
4  -3
5  3
4  -2
3  2
8  -7
8  -7
8  -8
6  -3
6  -2
7  -7
6  -2
12  3
6  -4
7  -7
11  -2
3  2
5  2
5  4
7  -7
7  -6
5  2
7  -7
7  -8
7  -7
8  -7
7  -8
3  3
7  -6
9  3
9  4
3  3
8  -6
10  7
3  2
5  4
10  7
5  4
9  3
8  -7
3  1
7  -8
5  3
7  -7
6  -4
1  6
6  -3
4  -1
10  6
8  -8
5  3
4  -3
6  -2
4  -1
8  -7
5  2
3  3
4  -1
5  3
11  -1
5  3
8  -7
3  1
11  -1
7  -6
13  6
7  -7
7  -8
5  4
8  -8
4  -3
10  7
2  -2
5  3
6  -3
4  -1
4  -3
6  -3
7  -7
9  2
4  -1
6  -2
7  -8
5  3
6  -4
6  -4
8  -6
7  -6
6  -2
6  -3
8  -8
8  -8
4  -3
5  4
6  -4
4  -2
6  -3
4  -2
12  3
5  3
9  3
4  -3
5  4
5  3
1  6
7  -7
7  -8
4  -2
7  -6
4  -1
5  3
4  -1
4  -1
5  4
4  -2
4  -2
5  2
5  2
5  3
5  3
10  6
3  1
9  2
5  4
2  -3
9  4
5  4
5  3
5  3
8  -7
5  2
6  -3
2  -2
4  -3
6  -3
4  -1
8  -8
5  3
6  -2
7  -7
4  -2
4  -1
3  1
14  -6
7  -8
6  -3
5  3
7  -6
7  -6
6  -4
7  -7
5  4
7  -8
6  -4
5  3
9  2
9  4
7  -6
4  -3
6  -3
6  -3
15  3
4  -3
12  2
7  -8
4  -1
3  3
5  4
5  4
10  8
5  3
8  -6
5  3
3  3
2  -2
4  -1
5  4
4  -2
7  -7
2  -2
3  3
5  2
5  3
4  -2
4  -2
7  -6
5  4
6  -2
4  -2
5  4
6  -4
9  4
8  -7
6  -4
5  2
7  -6
2  -1
5  3
4  -3
6  -2
7  -7
8  -6
5  3
6  -3
8  -6
3  1
8  -7
6  -4
6  -2
8  -6
8  -6
2  -3
6  -2
6  -3
6  -2
0  3
6  -4
5  4
3  1
4  -1
4  -1
5  2
8  -7
6  -2
3  2
4  -2
3  2
6  -2
7  -7
3  2
3  1
8  -7
2  -1
10  6
4  -2
3  2
6  -3
7  -7
4  -2
5  3
7  -8
7  -6
7  -6
5  2
6  -4
10  8
3  1
3  2
8  -6
3  3
5  2
6  -4
5  4
5  3
6  -2
5  3
8  -6
5  2
3  1
6  -4
5  3
3  3
6  -3
5  3
6  -4
5  4
7  -6
2  -3
9  3
3  3
4  -3
9  3
7  -8
6  -3
2  -2
2  -1
6  -3
6  -3
3  2
4  -2
2  -2
1  5
9  4
5  2
5  4
5  4
3  2
4  -3
5  3
5  4
4  -1
8  -7
6  -3
7  -6
8  -8
7  -8
12  1
0  2
6  -2
4  -1
6  -4
11  -1
4  -1
1  5
6  -2
4  -2
8  -6
11  -2
7  -8
7  -7
8  -7
9  4
4  -1
8  -6
10  8
6  -4
5  3
7  -8
8  -6
3  3
7  -6
9  3
7  -6
9  2
4  -2
7  -8
6  -4
5  4
7  -7
3  1
6  -2
5  2
1  5
3  3
8  -7
5  2
6  -2
6  -3
4  -3
3  2
7  -8
5  4
7  -7
12  3
8  -7
4  -2
7  -7
7  -7
6  -2
4  -1
4  -2
7  -8
6  -2
8  -7
8  -6
3  3
8  -7
0  2
4  -1
6  -2
8  -6
9  2
2  -1
10  8
3  2
4  -2
13  7
5  4
7  -7
7  -6
5  3
13  5
6  -4
8  -6
8  -7
9  3
9  2
6  -3
6  -3
10  6
6  -2
8  -6
