8  -3
11  -5
4  4
14  -1
3  2
10  -7
11  -3
15  -2
13  2
6  -3
9  3
9  -1
11  -2
15  1
9  1
15  -1
10  -5
12  -4
9  -1
13  2
11  -3
9  3
9  1
6  0
11  -5
15  0
10  -6
7  2
19  -5
6  -3
9  -1
8  -5
5  4
6  1
5  7
8  -5
15  -3
11  -4
6  -3
3  3
13  1
10  -3
12  -5
16  -2
13  2
12  -5
11  -5
7  1
10  -4
3  5
11  -3
11  -3
8  -1
11  -6
11  -6
13  0
11  -2
13  0
13  -1
9  1
14  -1
10  -7
11  -6
13  -1
12  -4
10  -4
11  -4
12  -3
7  2
8  -1
6  0
11  -4
11  -6
9  2
10  -5
9  2
19  -2
8  -5
15  -3
15  -3
9  1
11  -2
11  -2
13  2
13  3
16  1
9  1
10  -6
6  -2
14  1
12  -5
6  -2
8  -1
1  5
8  -1
11  -3
8  -1
12  -4
13  2
5  6
7  0
10  -4
5  4
7  0
11  -3
12  -5
11  -4
7  2
11  -2
11  -4
14  2
9  2
13  -1
8  -3
11  -4
7  1
10  -6
12  -2
5  3
9  3
5  3
7  0
12  -5
8  -4
10  -5
10  -7
12  -3
4  4
13  1
12  -4
8  -1
7  1
14  -2
7  1
11  -2
9  1
9  3
10  -6
10  -4
6  -1
14  -2
8  -3
10  -5
10  -6
11  -4
5  6
11  -6
11  -6
7  3
13  0
12  -4
8  -4
12  -3
5  6
14  -2
8  -2
12  -2
7  2
8  -2
8  -1
9  0
6  -3
14  0
6  -1
9  0
7  1
11  -6
7  2
10  -7
2  -6
8  -2
11  -6
8  -3
14  1
15  -2
10  -5
11  -3
6  -1
10  -6
7  1
14  -2
9  0
7  0
12  -4
7  0
8  -1
10  -7
12  -2
10  -4
9  -1
11  -6
5  6
10  -7
8  -2
11  -3
11  -2
6  0
11  -6
6  -1
13  2
7  1
13  3
12  -4
9  3
4  3
15  0
16  -1
7  1
11  -3
11  -5
13  2
8  -5
8  -1
12  -3
8  -2
7  -1
9  0
12  -6
12  -5
8  -4
12  -3
10  -6
9  1
15  1
8  -1
12  -6
5  3
7  0
12  -5
10  -7
17  -7
6  1
11  -2
11  -3
15  -3
7  3
9  -1
8  -5
8  -5
12  -5
5  3
9  0
8  -1
15  1
9  3
3  5
3  3
12  -4
15  -2
7  3
11  -2
8  -1
4  2
10  -4
13  2
13  3
10  -5
20  -2
9  1
13  1
14  2
13  0
5  7
14  1
10  -6
7  -1
12  -2
11  -3
8  -4
12  -2
12  -2
16  -2
9  2
14  2
10  -6
7  -1
14  -2
6  1
11  -5
12  -4
12  -2
9  2
10  -4
10  -4
12  -6
6  0
14  -1
12  -4
10  -6
10  -7
10  -7
10  -5
14  0
8  -5
10  -4
11  -4
13  0
13  1
13  3
9  -1
10  -6
11  -2
11  -6
8  -3
8  -5
10  -7
11  -4
7  2
6  -3
10  -5
8  -2
13  0
16  -3
9  2
11  -2
9  2
2  -6
11  -5
9  -1
9  -1
8  -4
12  -3
7  0
13  3
8  -3
8  -5
12  -4
10  -5
7  -1
12  -6
7  2
10  -6
7  1
10  -7
10  -5
15  0
7  0
12  -3
9  2
9  3
7  3
8  -5
9  2
11  -4
8  -2
15  -1
12  -6
12  -4
10  -4
3  3
5  4
10  -6
12  -5
13  0
12  -4
12  -4
14  -2
9  0
6  -3
10  -3
11  -5
9  1
8  -1
8  -2
12  -3
8  -3
11  -4
10  -7
9  2
14  2
6  -2
10  -5
18  -3
7  3
8  -2
9  3
12  -3
9  2
16  0
14  2
9  -1
11  -3
8  -1
12  -6
13  -1
13  0
14  -1
8  -4
14  -1
14  2
9  2
8  -5
11  -5
12  -3
13  -1
9  -1
9  2
7  2
8  -5
14  1
10  -7
10  -4
9  3
10  -6
12  -2
16  -2
7  2
14  -2
9  2
15  -1
9  2
15  -2
11  -2
11  -6
7  1
14  1
8  -2
11  -3
15  -1
12  -4
9  1
9  0
15  1
8  -3
13  -1
8  -2
13  1
6  -3
10  -7
10  -6
11  -3
10  -5
11  -6
7  3
10  -5
12  -2
12  -6
13  3
6  -2
11  -3
10  -6
10  -6
10  -6
10  -6
8  -1
9  1
12  -5
12  -5
6  1
11  -4
8  -4
15  -2
10  -3
9  0
12  -5
9  2
9  -1
7  0
9  2
7  1
7  -1
12  -3
10  -4
7  2
11  -3
11  -6
6  0
4  4
7  -1
12  -4
17  -6
9  2
7  -1
12  -4
4  3
5  3
10  -4
5  4
8  -5
10  -7
9  0
10  -4
9  -1
8  -1
3  6
10  -3
5  4
10  -6
12  -4
10  -5
10  -5
7  2
14  1
17  -7
7  0
5  5
10  -5
12  -6
10  -6
10  -4
17  -4
8  -2
9  1
4  6
14  2
8  -2
11  -4
10  -4
8  -4
10  -5
16  -2
16  -3
7  0
9  0
10  -5
11  -5
17  -4
7  0
12  -3
14  -2
19  -1
5  3
10  -4
14  2
11  -2
12  -6
12  -5
5  5
7  -1
8  -1
11  -3
11  -6
10  -6
12  -4
10  -4
5  7
6  -1
14  -1
7  3
8  -3
11  -4
6  -3
9  3
15  0
5  3
12  -6
10  -5
12  -3
15  -3
12  -6
12  -4
10  -5
7  -1
7  -1
9  0
14  -1
8  -2
8  -4
13  1
3  3
4  4
12  -3
10  -4
13  1
8  -5
10  -5
10  -6
10  -7
16  -1
8  -1
14  -1
6  1
4  6
13  3
11  -2
16  -3
7  2
14  2
9  0
8  -4
13  1
9  1
16  0
9  1
17  -5
11  -2
7  1
7  2
8  -3
18  -2
11  -4
9  2
6  -1
10  -7
3  3
13  0
9  0
9  1
8  -3
9  0
10  -5
8  -4
7  0
11  -5
12  -6
9  3
8  -5
7  2
5  3
10  -7
6  0
15  1
5  7
7  2
7  3
9  1
11  -6
12  -5
7  0
4  4
8  -3
9  0
9  -1
10  -7
12  -5
12  -4
6  -1
7  0
9  0
8  -4
6  1
10  -7
11  -2
11  -4
9  3
11  -4
12  -2
12  -6
11  -4
11  -3
8  -5
12  -6
9  3
11  -5
5  3
14  1
16  -1
13  1
6  1
13  1
11  -2
9  2
11  -3
10  -7
6  -3
7  0
12  -2
18  -5
9  2
17  -6
9  1
10  -4
5  4
10  -5
14  0
6  1
4  2
11  -5
3  4
15  -3
5  4
12  -2
11  -5
14  2
12  -2
9  -1
9  1
9  -1
8  -4
9  1
12  -4
11  -5
10  -7
11  -4
8  -5
8  -3
9  1
10  -5
9  1
11  -5
11  -5
4  6
7  -1
13  -1
5  7
11  -4
8  -3
10  -5
10  -3
15  0
12  -3
8  -2
9  1
11  -3
11  -3
9  3
9  0
11  -5
6  1
10  -4
12  -3
4  2
13  3
5  5
8  -5
5  3
11  -6
5  4
11  -3
5  6
9  3
12  -3
11  -3
6  1
8  -5
9  0
10  -6
11  -6
11  -4
8  -3
10  -7
15  -3
15  -3
9  0
10  -3
11  -3
14  2
8  -2
9  1
10  -3
15  -1
10  -7
9  1
7  3
16  1
12  -5
11  -2
4  3
7  3
7  0
6  0
5  5
13  2
7  1
22  5
19  -1
11  -6
9  1
15  1
5  3
11  -2
5  3
10  -4
10  -7
5  3
13  2
9  -1
5  5
7  0
14  -1
11  -4
9  -1
16  -1
7  1
4  5
8  -3
11  -6
11  -2
12  -6
7  3
13  0
9  -1
10  -5
10  -3
13  3
10  -7
12  -2
14  0
5  6
10  -6
5  6
8  -3
9  0
5  4
17  -5
15  -2
10  -7
14  1
9  3
9  1
9  -1
10  -4
10  -7
14  0
9  3
13  3
10  -7
11  -6
5  7
9  -1
15  -3
10  -5
12  -2
10  -3
10  -5
8  -3
11  -5
13  2
10  -6
6  -2
14  -2
14  0
14  2
8  -5
10  -7
8  -4
9  -1
3  4
12  -3
9  -1
5  5
13  1
9  -1
6  1
6  0
9  1
9  -1
7  2
11  -3
14  2
8  -2
6  -3
8  -1
11  -4
8  -4
10  -7
11  -3
7  -1
11  -3
6  -3
16  -3
8  -4
10  -3
11  -6
6  -1
6  0
6  1
13  0
10  -7
13  1
6  -1
11  -4
10  -4
13  1
13  0
7  2
14  2
8  -1
9  2
10  -6
10  -4
9  -1
14  -1
13  0
11  -5
6  1
13  0
15  0
15  -1
12  -4
7  3
16  -3
7  -1
14  0
8  -1
12  -5
5  5
19  -4
15  -2
10  -7
9  0
14  2
6  -3
7  0
10  -7
9  0
9  -1
7  -1
4  6
9  0
12  -2
13  -1
15  -1
12  -6
11  -3
6  -2
13  3
14  -1
10  -6
14  0
10  -6
14  -2
15  -1
12  -4
7  3
9  -1
8  -3
9  3
9  2
11  -3
8  -1
8  -1
9  1
9  1
11  -5
14  2
15  0
15  1
9  0
10  -7
10  -3
15  1
9  -1
7  -1
15  0
7  1
12  -4
9  3
11  -6
8  -4
14  2
14  2
10  -3
6  -3
9  3
5  4
16  -3
8  -4
7  2
8  -1
9  -1
7  1
6  -2
13  0
11  -4
5  6
5  6
12  -4
13  2
17  -8
12  -4
8  -2
14  2
6  -2
11  -4
8  -2
10  -4
11  -2
10  -4
14  2
10  -5
12  -4
18  -2
10  -4
9  2
5  3
11  -3
11  -4
11  -4
12  -4
14  -2
10  -7
5  4
9  -1
8  -2
6  0
16  -2
18  -4
13  0
9  3
11  -6
13  1
9  3
15  -2
11  -5
10  -7
6  0
8  -1
10  -6
7  2
