10  4
6  -3
8  0
12  6
15  -6
8  -2
10  4
15  -9
5  2
12  5
4  -4
13  -8
16  -8
9  -2
6  1
13  -5
11  4
6  -3
4  -6
7  5
11  5
7  4
9  -3
10  7
11  1
10  8
8  -3
8  -3
12  5
9  -2
12  4
10  6
13  -6
12  6
7  4
8  -1
10  5
14  6
9  -2
11  5
13  -4
9  -4
10  7
9  -2
11  3
9  -1
11  1
17  -4
12  6
8  0
11  5
9  -2
13  -5
9  -3
9  -4
8  -2
12  7
7  5
11  2
8  -2
11  2
10  8
10  6
12  4
10  8
4  -5
13  -8
11  5
7  3
10  4
12  4
15  -8
9  -3
9  -4
9  -1
6  0
14  4
9  -5
8  -2
8  1
8  0
15  -5
6  -3
10  8
12  7
8  0
14  4
13  -7
10  7
9  -3
13  -4
7  6
4  -6
12  7
5  3
6  -2
8  -2
9  -1
12  4
11  2
9  -2
10  4
5  4
8  1
10  8
11  1
13  -8
14  7
11  5
6  0
16  -9
10  5
8  1
9  -3
11  1
5  6
14  5
11  5
8  1
9  -3
10  4
9  -4
12  7
8  0
8  -3
6  -1
7  4
10  7
8  0
10  4
10  5
10  5
10  8
7  7
13  -4
8  1
11  3
12  8
10  8
11  2
10  7
10  4
7  5
7  4
13  -6
13  -6
11  2
11  4
5  3
11  3
11  2
6  -3
12  7
4  -7
14  3
7  4
8  1
5  2
10  4
6  0
11  5
11  2
6  -3
9  -1
8  -2
9  -2
13  -6
9  -3
11  3
8  -1
7  5
7  3
8  -3
12  7
16  -6
11  3
17  -6
8  0
15  -8
9  -2
10  6
12  7
13  -7
12  4
16  -8
8  -1
10  4
13  -6
10  7
10  4
13  -5
10  5
8  -1
13  -7
9  -1
5  6
10  8
13  -5
13  -8
13  -5
10  7
10  8
7  3
5  2
9  -1
11  3
10  4
6  -2
10  5
5  4
11  5
3  -6
8  1
9  -5
15  -6
6  1
13  -5
8  1
12  4
10  7
12  4
13  -7
9  -2
12  6
7  3
10  7
6  -2
12  8
10  7
8  -2
9  -5
6  -3
8  -1
14  6
10  8
8  -1
16  -9
10  6
7  3
7  7
15  -7
9  -5
11  5
9  -1
9  -5
9  -5
11  5
8  -1
8  0
9  -2
12  4
6  0
8  -3
11  2
9  -4
10  8
10  4
11  3
11  1
9  -4
12  6
8  1
5  2
11  4
11  2
7  4
7  3
15  -7
7  5
19  3
8  0
14  4
9  -5
8  -2
3  -4
13  -5
5  2
6  -1
12  5
5  5
8  0
8  -1
7  7
5  4
16  -9
9  -2
14  3
11  3
13  -7
9  -1
10  7
13  -4
10  7
16  -6
6  0
13  -5
6  -1
4  -5
9  -2
12  8
8  -1
8  0
9  -2
12  6
7  5
7  5
11  2
8  -2
6  -1
11  2
9  -5
13  -5
11  2
11  5
17  -4
8  1
7  4
4  -8
10  5
6  -1
12  8
5  5
8  -3
9  -1
12  6
13  -6
9  -5
8  -2
19  2
8  -1
8  -1
8  -3
9  -3
11  4
9  -2
9  -4
18  -2
9  -5
16  -9
9  -3
12  7
7  5
5  4
9  -4
18  -3
10  7
7  3
17  -5
11  5
10  7
11  5
10  4
13  -8
13  -5
6  -2
8  -3
12  7
9  -2
12  4
11  3
9  -3
12  5
7  4
6  -1
7  7
13  -4
22  -2
9  -5
11  3
14  4
8  -3
10  5
10  5
7  5
16  -5
9  -1
14  7
8  -1
14  7
9  -1
12  6
7  5
10  8
6  1
8  0
9  -5
7  6
9  -4
14  3
7  6
11  2
7  4
11  2
6  -2
10  5
8  1
6  -2
12  4
6  -2
11  1
5  4
9  -5
7  3
13  -8
5  3
16  -9
10  6
11  1
18  -6
9  -3
9  -2
9  -3
10  4
6  -1
11  5
13  -6
6  -3
13  -7
9  -3
11  4
12  6
11  3
6  -3
5  6
12  6
11  1
19  3
9  -1
9  -1
8  0
5  6
9  -4
9  -3
11  5
5  4
10  5
6  0
6  0
8  0
14  4
15  -8
11  4
7  3
11  2
16  -7
12  8
10  4
16  -5
8  -3
14  5
13  -7
9  -4
11  4
13  -4
10  7
7  6
10  6
5  4
11  2
11  3
14  6
15  -7
12  4
10  7
6  -3
5  3
11  3
9  -4
14  6
10  5
6  -1
14  5
12  8
12  4
9  -4
11  2
11  1
8  1
11  2
7  5
4  -8
5  3
9  -1
13  -4
7  4
9  -1
15  -8
13  -8
9  -2
6  0
11  4
8  -3
10  5
15  -5
12  6
7  5
12  6
12  6
7  5
8  -3
16  -5
11  1
11  5
9  -5
9  -1
11  3
10  4
12  6
6  -3
10  6
4  -8
9  -2
7  3
9  -1
14  6
9  -1
11  3
12  5
9  -1
11  2
10  4
8  0
11  4
12  7
5  6
15  -9
7  7
12  4
7  4
4  -8
11  3
9  -3
8  -2
8  -2
9  -3
13  -8
17  -4
11  2
8  -2
5  2
7  6
5  4
9  -5
13  -4
6  -1
11  2
9  -5
11  2
13  -6
10  6
11  3
8  -1
7  6
9  -3
12  8
8  0
16  -5
7  3
11  4
12  7
13  -8
12  7
4  -8
7  4
11  2
9  -5
11  5
9  -1
10  4
9  -5
11  5
8  -3
7  4
18  -4
11  1
7  7
6  0
7  6
6  -1
10  5
8  -3
10  6
11  1
8  -2
8  -1
15  -7
11  5
14  5
14  6
13  -6
7  5
19  4
10  6
12  5
9  -1
9  -5
7  3
10  8
7  3
16  -9
4  -7
7  7
11  4
10  5
6  0
12  7
13  -5
13  -5
7  6
6  1
11  4
4  -7
10  8
16  -9
3  -4
7  3
8  -1
16  -8
10  5
6  -1
10  4
9  -5
10  7
7  5
12  6
8  0
12  4
9  -1
8  -2
6  1
9  -2
9  -5
5  2
12  6
11  1
9  -1
10  5
15  -6
11  1
11  5
13  -7
5  4
8  -1
14  5
10  5
15  -8
9  -5
10  5
4  -4
12  5
12  6
13  -6
12  6
9  -2
2  1
10  8
7  7
8  -3
7  5
12  4
14  7
7  4
5  6
6  0
11  5
9  -3
8  -1
11  2
9  -2
8  1
10  8
10  6
7  3
9  -3
11  1
6  0
12  4
13  -6
9  -3
10  8
6  -1
9  -5
8  0
9  -3
11  2
6  1
8  1
8  -3
10  5
8  1
23  -3
8  -2
10  4
12  7
8  1
11  1
12  4
14  6
13  -6
6  1
17  -4
16  -7
14  5
12  4
9  -4
14  4
19  4
12  4
10  5
10  5
5  6
10  5
14  5
8  -2
6  1
9  -4
11  5
12  4
5  3
9  -4
15  -6
9  -2
11  2
6  0
5  6
11  4
12  5
5  3
14  3
12  4
10  4
12  4
13  -4
5  5
14  6
6  1
10  4
11  4
10  4
4  -6
11  3
8  0
9  -3
10  6
12  7
12  5
6  -2
12  5
12  8
12  8
11  5
15  -9
8  -2
14  3
12  6
8  0
11  2
13  -7
8  1
13  -4
14  5
12  6
10  6
6  -3
6  0
16  -5
5  2
8  0
13  -8
7  3
8  1
9  -3
10  5
6  -3
14  5
6  -2
10  8
11  1
8  1
12  6
7  3
10  5
9  -4
16  -9
10  7
11  1
6  1
15  -6
9  -4
14  3
15  -6
9  -2
13  -4
10  6
7  3
11  5
8  0
5  2
6  0
14  3
13  -4
5  2
6  0
8  -3
9  -4
9  -2
14  6
7  6
9  -3
7  6
10  7
10  6
9  -5
5  5
6  -3
10  7
10  4
5  3
9  -3
12  8
11  4
10  8
14  3
19  3
10  4
10  6
12  5
13  -7
14  3
7  4
12  7
5  2
5  5
18  -5
12  5
12  8
15  -7
11  2
12  4
11  2
9  -1
10  5
7  7
12  8
12  5
8  -1
10  4
15  -6
13  -4
7  5
14  5
10  5
13  -8
11  3
7  3
8  1
16  -9
7  5
6  -3
10  4
7  4
9  -2
11  2
11  4
12  5
8  0
6  1
6  0
8  1
13  -8
6  -1
16  -9
11  2
6  -3
9  -4
6  -1
6  0
7  4
15  -6
8  -3
14  5
16  -6
8  -2
15  -6
11  5
13  -6
9  -4
10  6
9  -5
12  5
11  5
6  1
8  -3
10  8
8  1
6  0
5  5
12  6
6  -1
8  -3
8  0
13  -4
9  -1
8  0
10  8
23  0
10  8
8  -3
9  -5
9  -1
12  6
11  1
9  -3
5  3
6  -1
11  1
15  -6
13  -5
8  -1
8  1
7  3
6  1
6  0
8  1
10  5
12  6
10  5
7  3
11  3
9  -4
13  -6
10  4
8  -3
11  2
15  -9
14  5
10  4
11  3
15  -6
5  5
4  -4
8  -2
11  2
10  5
9  -4
13  -5
7  7
10  4
6  -1
13  -5
15  -8
12  7
15  -7
12  7
12  6
9  -1
10  4
5  6
8  0
8  0
12  8
11  4
13  -4
12  8
7  7
8  0
8  1
5  3
9  -5
12  5
8  1
14  4
9  -1
6  1
14  4
10  7
16  -5
3  -7
12  7
7  4
10  7
16  -5
6  -3
9  -3
12  6
7  7
13  -6
15  -5
14  6
11  1
14  4
11  3
7  5
7  7
4  -8
13  -4
10  4
12  6
16  -8
12  7
