7  -5
9  -6
6  1
5  -3
9  -5
5  -3
12  -2
11  1
8  -8
12  -2
10  6
6  2
9  -4
11  1
6  0
7  -5
7  -3
6  1
11  -1
14  8
15  -1
11  0
11  -1
6  2
4  -1
11  -1
13  -1
3  5
8  -7
11  1
6  0
10  4
4  0
17  1
10  4
12  -2
11  0
8  -6
8  -7
10  6
10  4
8  -7
6  2
11  1
4  -2
12  -2
14  8
8  -7
4  -1
8  -6
7  -3
11  -1
9  -6
9  -6
8  -8
8  -6
5  -4
8  -7
12  -1
9  -4
8  -6
8  -7
12  0
10  5
6  2
7  -4
5  -3
5  -4
8  -7
12  0
4  0
10  4
10  6
6  0
11  -1
9  -5
7  -3
8  -8
7  -4
8  -8
6  2
10  6
9  -5
12  0
10  5
11  -1
12  0
12  -2
6  0
9  -5
6  2
5  -3
3  5
13  1
7  -4
8  -6
7  -5
3  4
10  5
3  4
7  -5
12  -2
10  5
14  8
9  -4
9  -4
12  -2
6  2
4  -1
11  1
7  -5
8  -7
14  7
12  -2
8  -6
10  4
5  -2
7  -5
5  -3
23  7
14  6
9  -5
10  5
4  -1
11  -1
7  -4
6  0
11  -1
13  0
4  -2
9  -6
15  -2
6  1
7  -3
11  -1
5  -4
4  -1
12  -1
9  -6
7  -3
9  -6
11  -1
16  3
10  5
11  1
7  -5
12  -2
7  -3
10  5
13  0
9  -5
8  -8
12  -1
8  -7
6  0
14  8
8  -6
10  6
11  1
8  -6
7  -5
9  -6
11  -1
7  -4
3  3
7  -5
7  -5
7  -3
9  -4
5  -3
9  -6
7  -4
10  4
8  -7
7  -4
8  -7
9  -4
7  -3
9  -4
11  -1
10  5
2  5
8  -8
11  1
11  -1
8  -7
8  -7
7  -3
12  -1
7  -4
6  2
6  0
11  0
12  0
8  -8
9  -6
11  1
12  0
11  0
9  -5
9  -6
11  -1
12  0
4  -1
8  -6
7  -5
14  7
10  5
7  -5
6  2
6  2
8  -6
9  -6
7  -4
10  6
11  0
11  1
7  -4
9  -4
7  -4
12  -2
9  -4
4  -2
8  -6
9  -4
15  -1
8  -7
6  1
9  -4
13  -1
8  -8
10  4
6  2
5  -3
10  6
5  -3
17  2
11  -1
16  5
8  -8
8  -7
7  -4
8  -8
7  -4
4  -2
8  -6
8  -6
8  -6
12  -1
11  -1
8  -6
8  -7
13  0
10  4
5  -3
6  2
9  -4
11  -1
3  5
10  5
8  -6
6  0
10  5
6  1
6  1
7  -5
7  -3
7  -5
11  -1
6  2
6  2
7  -3
9  -4
11  0
8  -8
8  -7
12  -2
15  -2
11  -1
6  0
8  -7
10  5
9  -6
12  0
5  -2
8  -8
11  -1
8  -8
6  1
9  -5
13  -1
11  0
6  2
8  -6
15  -1
8  -6
8  -7
13  0
5  -2
1  -3
13  1
9  -4
9  -4
11  1
6  2
12  0
8  -7
11  0
9  -5
8  -8
12  -2
8  -7
7  -3
10  6
10  4
12  0
8  -7
9  -6
9  -6
12  -1
7  -4
9  -4
4  0
8  -8
14  6
6  0
8  -7
9  -6
12  -2
5  -4
8  -6
9  -4
3  3
10  5
12  -1
10  4
15  -1
11  0
11  1
6  2
11  0
13  -1
4  0
8  -7
14  7
7  -3
12  -1
8  -8
9  -4
10  5
4  0
7  -4
13  0
9  -4
7  -3
7  -4
10  4
16  4
7  -4
10  5
7  -5
7  -3
7  -4
13  1
6  1
8  -8
9  -5
12  -1
11  1
8  -8
10  6
3  3
3  3
13  -1
13  0
9  -4
8  -6
9  -5
15  0
9  -6
10  5
11  -1
8  -7
11  -1
11  -1
12  -1
6  0
12  0
13  -1
5  -3
12  -1
7  -4
7  -4
13  -1
10  5
7  -4
6  0
6  0
9  -6
12  0
8  -6
6  2
11  -1
9  -4
8  -6
9  -4
16  3
5  -4
6  2
7  -4
4  -2
7  -5
11  1
7  -5
5  -2
9  -4
8  -7
9  -4
9  -6
9  -4
10  6
6  0
6  0
6  2
4  -1
8  -7
8  -6
11  0
6  0
11  1
7  -5
4  -1
10  5
7  -4
8  -7
7  -3
10  5
11  -1
10  4
13  1
10  4
11  0
11  0
11  1
7  -3
9  -4
9  -5
7  -4
7  -4
17  2
6  1
7  -5
13  0
13  -1
7  -3
6  1
12  0
6  2
7  -3
8  -8
10  5
8  -8
5  -2
9  -4
9  -6
9  -5
4  -2
11  0
11  -1
8  -6
8  -6
9  -4
7  -4
10  6
11  -1
7  -3
7  -3
9  -5
8  -6
10  5
8  -8
11  0
9  -5
11  1
8  -7
10  5
8  -8
10  5
8  -6
6  0
5  -3
9  -5
11  1
9  -6
11  -1
8  -7
9  -6
8  -7
12  0
13  0
6  1
9  -5
6  1
4  -1
6  0
3  3
9  -5
4  0
7  -3
12  -1
7  -5
8  -6
17  3
7  -3
14  6
8  -7
9  -6
11  -1
10  6
14  8
11  -1
10  4
9  -6
11  1
14  8
11  0
6  1
3  4
8  -8
13  0
7  -5
7  -5
10  6
10  4
8  -6
11  -1
11  0
1  -4
12  -2
8  -6
10  4
7  -3
12  -2
7  -3
12  -1
9  -5
13  1
11  -1
4  0
10  5
6  1
8  -7
9  -5
9  -4
10  4
5  -4
8  -8
13  1
5  -3
11  0
11  0
7  -3
3  5
7  -3
15  -1
13  0
7  -4
9  -4
5  -3
9  -4
6  0
8  -7
7  -3
12  -2
10  5
5  -3
8  -8
11  0
11  0
6  2
8  -7
8  -7
11  -1
5  -2
4  0
8  -6
11  1
8  -6
10  4
11  -1
9  -5
5  -4
10  4
12  0
10  5
12  0
10  5
5  -3
20  2
7  -5
8  -6
16  3
5  -2
12  0
8  -6
10  5
7  -4
12  -1
14  8
12  -1
12  -2
15  0
9  -5
8  -7
10  5
14  7
7  -3
12  0
12  -2
8  -6
3  5
3  3
10  6
9  -5
13  0
11  -1
8  -7
14  7
7  -4
2  4
8  -8
6  1
8  -7
7  -4
9  -6
8  -8
12  -1
10  4
8  -6
8  -7
12  -1
6  0
8  -8
8  -6
8  -7
7  -4
10  6
11  1
9  -6
10  5
8  -7
13  1
11  1
6  0
6  1
9  -6
7  -4
8  -7
10  4
8  -6
6  1
8  -7
16  5
12  -2
10  5
5  -2
13  0
7  -4
10  5
14  7
4  0
10  6
11  -1
11  0
7  -4
13  0
9  -6
7  -5
6  1
8  -7
10  4
10  6
6  2
13  1
10  5
9  -6
9  -5
8  -6
10  5
12  -1
11  -1
10  4
7  -5
10  4
8  -6
9  -6
9  -6
11  -1
4  -2
5  -2
7  -3
9  -6
10  4
7  -3
5  -3
12  -1
12  -2
10  5
13  0
10  6
10  6
6  0
11  1
7  -4
4  -2
7  -5
7  -5
5  -4
11  0
7  -5
9  -6
12  -1
12  -2
5  -4
13  1
13  -1
6  2
11  1
11  0
6  1
10  5
7  -3
11  1
12  -1
9  -5
10  5
8  -7
8  -8
9  -5
11  0
9  -6
8  -8
10  4
12  0
7  -5
9  -4
9  -5
11  0
6  2
1  -5
7  -5
10  5
7  -4
6  0
10  4
8  -8
6  1
12  -1
5  -2
7  -5
8  -8
9  -6
8  -7
14  6
9  -4
9  -5
6  0
10  4
10  5
4  -1
11  -1
5  -4
10  6
11  -1
12  0
5  -2
12  -2
16  5
9  -4
9  -4
6  0
11  0
12  -2
17  1
7  -3
10  5
7  -5
15  -1
3  5
10  5
9  -6
14  7
4  -1
4  0
7  -5
4  -1
14  7
9  -5
4  0
10  6
9  -6
10  5
10  5
7  -4
8  -8
10  6
8  -7
14  7
5  -2
4  -1
11  -1
8  -6
12  -1
9  -5
6  0
5  -4
6  1
5  -3
6  0
8  -8
12  0
8  -8
5  -2
12  -2
11  0
9  -4
8  -6
7  -3
12  -2
4  0
14  8
12  0
5  -3
6  0
14  6
8  -7
7  -5
8  -8
10  5
15  -2
8  -7
15  0
9  -6
3  3
12  0
4  0
16  5
11  1
8  -6
8  -6
12  -2
9  -6
10  5
6  0
9  -6
8  -7
15  0
8  -8
8  -8
11  -1
5  -4
10  4
10  6
13  0
6  2
9  -5
5  -3
13  0
9  -4
12  0
11  -1
13  1
11  0
10  5
8  -6
8  -6
10  6
11  0
11  1
9  -4
6  2
9  -6
3  5
20  2
15  -1
22  5
5  -3
10  5
7  -4
11  1
6  0
7  -3
9  -6
7  -5
7  -3
14  6
3  3
6  2
5  -3
9  -4
10  6
14  7
7  -3
10  4
13  1
7  -4
12  -1
7  -5
18  8
8  -6
8  -6
10  4
8  -6
11  -1
12  -2
8  -8
6  1
10  4
8  -7
7  -5
10  4
6  0
7  -5
7  -5
10  4
6  2
11  0
5  -2
7  -4
9  -4
11  0
6  0
12  -2
9  -6
11  -1
8  -8
7  -4
10  4
12  -1
9  -4
7  -4
6  2
9  -5
5  -2
9  -5
9  -4
9  -5
13  0
6  1
8  -8
6  1
12  0
10  5
7  -5
5  -4
10  4
8  -7
10  4
5  -3
11  1
7  -5
13  -1
7  -3
9  -6
7  -3
16  4
6  2
7  -4
16  4
9  -5
10  5
6  2
14  8
18  7
5  -2
11  0
8  -7
6  2
13  1
9  -6
10  5
5  -2
7  -5
5  -3
8  -6
9  -4
13  1
7  -4
7  -4
11  -1
12  0
8  -6
6  0
13  -1
4  -2
3  5
8  -6
6  1
4  -1
10  5
