10  -7
6  4
7  1
5  0
9  3
6  2
4  -3
14  -3
9  4
16  5
15  7
12  2
5  -1
14  -4
9  4
9  2
7  2
16  3
11  -3
6  3
10  -7
8  3
8  4
9  4
10  -8
10  -7
7  0
6  3
4  -4
9  3
12  0
11  -3
7  1
11  -2
13  -5
12  2
7  2
6  4
8  3
6  2
12  1
13  -5
11  -2
10  -8
10  -7
6  3
14  -2
12  1
8  2
13  -6
10  -8
12  0
6  3
4  -3
12  1
9  3
12  1
6  2
11  -2
8  3
15  6
8  3
10  -6
11  -2
9  2
8  4
6  2
6  2
10  -7
4  -3
10  -8
9  3
13  -5
13  -6
7  2
14  -2
8  2
7  2
11  -2
10  -6
11  -1
12  0
10  -6
10  -8
11  -3
8  4
11  -1
7  0
8  2
14  -3
4  -3
8  3
13  -7
11  -2
12  1
10  -7
13  -5
7  2
15  8
12  1
13  -7
11  -3
13  -6
9  4
11  -1
13  -5
12  1
10  -6
10  -6
2  -2
14  -3
5  -2
11  -3
10  -8
9  4
8  4
10  -7
10  -8
16  4
8  3
17  -1
4  -2
12  0
17  -1
7  2
17  -1
9  2
5  -1
16  4
9  4
9  3
11  -1
5  -1
8  3
16  4
8  3
11  -2
8  2
9  4
15  8
6  2
10  -8
9  2
12  1
15  7
13  -6
10  -7
10  -7
7  0
10  -7
8  4
10  -6
7  0
13  -7
11  -2
11  -1
10  -7
14  -4
9  2
9  3
3  0
6  2
12  1
11  -2
7  2
19  4
5  -1
7  1
9  4
9  3
12  1
5  0
7  0
9  2
9  4
7  1
8  4
7  2
13  -6
7  1
13  -5
14  -4
11  -2
12  1
11  -2
9  4
16  4
10  -7
7  0
16  3
7  1
20  4
10  -8
13  -5
9  2
10  -8
10  -7
12  0
12  1
15  7
15  7
9  4
14  -4
16  5
12  0
12  2
5  -1
11  -1
8  3
8  3
8  2
11  -3
13  -7
10  -6
4  -3
14  -3
5  -2
8  4
8  2
7  0
9  3
6  2
14  -2
13  -7
10  -6
13  -7
13  -7
11  -3
15  8
17  -2
14  -4
8  4
10  -7
11  -1
11  -2
6  2
5  0
15  7
8  4
16  5
12  2
14  -3
17  0
12  1
10  -7
9  2
8  2
12  2
14  -4
10  -6
9  2
13  -6
6  3
14  -3
8  2
9  3
13  -6
8  2
13  -5
16  3
8  3
7  0
10  -8
8  2
9  4
10  -7
11  -2
7  1
7  1
8  2
14  -4
9  3
12  1
8  3
8  4
10  -8
13  -6
2  -4
8  2
6  4
8  4
11  -1
6  4
10  -7
7  2
5  -1
12  2
5  -1
16  4
10  -7
4  -3
15  6
8  3
13  -7
8  2
7  0
12  1
13  -6
10  -8
12  0
14  -3
14  -2
7  1
9  3
7  0
10  -7
7  1
13  -6
11  -2
12  2
11  -2
5  -2
9  3
8  3
16  5
6  4
11  -1
6  2
7  0
7  0
8  3
16  4
9  4
9  2
14  -4
11  -1
9  3
11  -1
6  3
11  -1
9  3
10  -7
10  -7
11  -2
11  -3
11  -3
13  -6
11  -2
15  7
5  -1
13  -7
10  -7
14  -3
12  1
8  3
12  1
8  4
11  -2
5  -1
9  4
7  1
8  4
12  1
10  -8
7  1
10  -8
7  2
10  -6
8  2
15  8
13  -7
8  2
11  -1
8  2
8  2
12  0
12  1
7  2
10  -8
14  -4
4  -4
8  4
5  0
9  4
8  3
8  2
13  -5
16  4
8  4
22  -2
10  -7
11  -2
10  -8
7  1
12  1
11  -1
8  3
11  -1
13  -5
9  2
10  -8
8  2
9  4
12  1
9  3
10  -8
10  -6
11  -3
12  1
8  3
10  -7
10  -8
7  2
14  -2
10  -8
7  0
14  -4
5  -1
5  -1
10  -6
12  0
7  1
12  1
10  -7
4  -2
9  2
10  -8
8  2
8  2
11  -1
8  2
10  -7
17  -1
14  -4
5  0
11  -2
15  6
12  2
14  -4
9  3
11  -1
12  2
6  2
8  4
7  2
16  5
5  0
6  3
13  -5
14  -2
14  -3
14  -3
13  -7
7  1
11  -2
18  1
7  0
10  -7
9  3
13  -7
11  -3
9  2
11  -1
9  4
11  -2
7  2
13  -5
10  -8
9  2
7  1
6  3
6  3
14  -4
14  -4
11  -3
9  2
14  -2
7  1
9  2
9  3
9  2
11  -2
14  -3
16  4
10  -6
15  6
14  -3
8  4
8  3
13  -7
8  4
9  3
10  -6
10  -8
5  0
8  3
7  1
8  4
6  3
12  1
7  0
6  4
9  4
11  -2
11  -3
10  -7
9  2
8  4
12  2
9  2
18  2
12  0
13  -5
10  -8
12  2
13  -5
14  -2
7  1
11  -3
6  2
15  6
11  -3
7  1
16  3
11  -3
12  2
6  2
9  3
17  -2
8  3
11  -3
13  -5
6  4
5  0
8  2
7  1
12  2
7  2
7  2
9  3
10  -8
16  5
9  3
11  -2
11  -1
8  4
8  4
12  0
16  5
6  3
8  2
11  -2
14  -4
17  -2
11  -3
17  -2
16  4
11  -1
12  2
10  -6
16  3
9  4
13  -5
13  -7
8  3
9  4
14  -4
7  1
14  -2
11  -1
10  -8
10  -8
11  -1
5  -1
9  3
12  0
12  2
14  -4
11  -1
8  3
15  8
11  -3
10  -7
15  8
11  -1
7  0
6  2
17  -1
12  2
10  -6
13  -7
11  -3
11  -1
12  2
5  0
8  4
12  1
5  -1
14  -4
9  2
18  1
7  1
16  4
9  2
15  7
14  -4
4  -3
12  0
14  -4
10  -6
12  2
12  1
9  4
16  4
8  4
10  -7
11  -1
10  -6
8  4
14  -3
13  -6
7  2
18  3
17  -2
11  -1
9  3
12  0
15  7
4  -2
6  2
2  -2
9  2
9  2
17  -2
11  -2
10  -6
7  0
9  4
9  3
15  8
13  -7
7  0
9  4
11  -2
7  0
9  2
11  -2
9  2
13  -5
16  4
9  4
9  2
9  3
12  2
9  2
5  -1
9  3
7  2
8  2
7  1
8  3
9  3
9  2
7  1
9  2
11  -2
5  0
4  -4
9  4
10  -7
8  4
11  -1
9  3
8  4
12  0
7  0
10  -6
12  2
12  1
9  3
9  2
7  1
10  -8
8  3
8  2
6  2
16  3
7  1
6  4
12  2
14  -3
14  -2
14  -3
10  -6
9  4
13  -7
9  4
14  -2
11  -3
6  2
12  1
15  8
11  -2
12  1
11  -3
8  3
11  -1
10  -7
9  2
8  2
5  -2
7  2
13  -5
5  -1
10  -7
8  2
12  2
9  4
10  -8
8  2
7  0
14  -4
11  -2
17  -2
16  3
12  1
12  0
11  -1
10  -8
14  -3
11  -1
11  -3
14  -2
6  3
13  -5
13  -5
9  2
15  8
13  -7
6  4
13  -7
7  2
4  -4
8  3
10  -8
11  -3
13  -6
10  -6
9  4
6  3
16  3
19  3
12  1
10  -7
7  0
10  -6
15  8
11  -1
4  -2
9  2
13  -5
9  3
9  3
11  -2
14  -3
1  1
9  3
12  2
10  -6
8  4
15  8
8  4
7  0
10  -7
11  -2
7  2
9  4
8  3
11  -2
12  0
5  0
9  2
8  4
9  2
8  4
5  -2
8  2
12  2
13  -7
9  2
6  3
11  -1
10  -6
17  -2
16  4
14  -3
9  4
13  -6
8  3
8  3
11  -2
6  2
11  -2
10  -7
8  3
17  -2
10  -7
18  3
11  -3
12  1
12  2
11  -2
12  0
12  0
10  -6
11  -1
11  -1
6  3
11  -3
9  3
5  -1
10  -7
15  7
12  2
10  -7
14  -2
10  -7
4  -3
11  -3
7  0
10  -6
9  2
14  -4
8  4
10  -6
15  8
16  3
11  -3
9  3
8  3
9  4
11  -1
14  -2
18  2
6  3
12  1
10  -8
14  -2
9  3
9  4
12  0
8  2
9  3
9  2
15  7
13  -7
9  4
9  3
9  3
11  -3
12  2
9  2
12  2
5  -2
7  0
12  0
6  4
10  -7
12  0
9  2
11  -3
14  -4
10  -8
10  -8
10  -7
10  -8
13  -6
6  3
12  1
12  0
13  -6
9  2
9  2
12  2
7  1
10  -8
4  -3
10  -6
6  2
13  -5
8  2
5  -2
9  4
10  -7
8  3
7  1
8  3
7  1
14  -3
9  3
10  -8
13  -6
6  2
15  7
9  4
12  0
16  3
8  2
11  -1
8  3
6  4
7  0
16  4
8  3
14  -2
17  0
9  2
12  2
8  3
11  -2
13  -7
6  2
10  -8
9  2
10  -8
10  -7
7  0
10  -8
14  -4
9  4
7  2
9  2
8  3
13  -6
9  2
5  0
7  0
12  0
10  -8
7  2
14  -3
10  -6
12  2
14  -4
9  2
9  3
15  6
8  3
16  3
14  -2
13  -7
8  3
9  2
10  -6
8  3
10  -6
13  -5
13  -7
6  3
12  2
8  3
7  1
16  5
6  3
9  3
4  -3
8  3
11  -2
15  6
8  3
6  2
9  4
10  -7
9  4
9  2
9  4
11  -2
8  2
10  -7
17  -2
13  -7
8  3
7  0
9  2
9  3
14  -4
9  2
10  -8
14  -3
15  8
9  4
7  1
15  6
10  -7
6  2
10  -7
10  -6
5  -1
7  2
9  3
9  4
4  -3
7  1
15  7
5  0
7  0
16  4
10  -7
6  4
9  2
