6  -1
9  -1
7  -8
10  2
8  -7
5  -4
11  6
5  -2
5  -2
11  5
7  -7
5  -2
7  -7
7  -9
5  -5
6  -1
9  1
8  -8
9  0
5  -2
8  -8
8  -5
7  -5
3  2
9  0
10  4
7  -7
12  0
12  -2
7  -5
13  -4
6  -2
11  4
8  -6
11  4
6  1
5  -3
8  -4
7  -5
7  -8
6  1
7  -9
12  -3
6  -1
10  5
13  -4
6  1
8  -4
4  -4
12  -1
7  -7
10  4
9  1
11  4
9  -2
7  -6
10  5
15  3
8  -4
14  3
13  -5
19  -6
13  -5
12  1
7  -5
7  -9
6  0
4  0
7  -9
6  0
2  -5
6  -1
5  -2
11  5
9  0
4  -1
3  0
12  1
10  6
7  -5
13  -5
10  4
7  -7
8  -4
11  5
11  7
5  -6
9  -3
10  3
10  4
10  4
7  -6
5  -3
10  6
10  5
11  4
8  -5
7  -8
5  -4
8  -8
7  -6
8  -8
8  -5
9  0
9  -3
11  5
7  -6
8  -7
8  -6
9  -2
6  2
6  1
12  0
10  4
8  -7
14  5
6  -2
12  -2
6  0
6  2
13  -6
9  -2
7  -8
10  3
13  -4
8  -7
4  -3
7  -8
8  -5
2  -7
15  6
9  0
8  -7
14  6
14  4
12  -1
8  -6
6  2
12  -2
7  -7
7  -8
8  -8
11  6
10  4
3  1
6  -1
7  -9
11  7
7  -6
6  -2
9  -2
6  -2
6  2
10  5
4  -1
6  -2
9  -3
14  2
7  -9
9  -1
7  -8
10  4
10  2
5  -2
8  -6
10  6
7  -9
13  -3
10  2
8  -4
8  -5
3  4
7  -8
5  -6
7  -7
5  -3
6  0
7  -8
14  6
9  0
2  -6
5  -4
10  2
6  0
7  -8
8  -8
5  -2
7  -6
8  -7
13  -3
8  -8
11  6
10  4
12  -3
2  -5
14  4
10  2
10  4
10  2
8  -8
9  -1
8  -7
5  -6
8  -8
9  -1
5  -3
10  2
5  -6
7  -5
9  -3
9  0
6  -1
10  6
10  5
9  -3
11  6
7  -5
3  4
13  -4
7  -9
11  8
8  -6
6  2
7  -5
7  -9
6  1
7  -5
8  -6
8  -4
6  -2
8  -7
9  -1
5  -3
6  1
10  2
11  5
13  -3
7  -7
6  2
6  1
7  -8
4  -4
10  4
11  4
12  0
9  1
7  -6
7  -6
11  5
8  -5
8  -8
10  5
9  1
9  -3
10  5
10  4
12  -2
4  -1
11  8
7  -6
10  2
10  6
6  -1
8  -8
7  -7
6  1
6  -1
2  -9
7  -8
2  -6
7  -7
7  -7
10  5
7  -5
8  -4
12  1
4  -2
3  4
10  6
5  -4
10  6
8  -8
7  -9
9  1
15  2
4  -4
10  6
7  -5
6  0
4  -4
9  -2
12  0
12  0
7  -6
5  -6
4  -1
8  -7
6  0
5  -6
8  -4
6  -2
7  -5
10  3
4  -1
8  -4
6  -2
7  -6
9  -3
4  -2
9  -1
7  -7
6  -1
4  -1
14  4
5  -4
10  2
5  -4
11  7
12  -3
12  0
6  0
8  -6
14  3
9  1
9  0
3  0
2  -5
5  -6
7  -7
13  -2
5  -6
8  -7
9  1
5  -4
6  1
17  0
12  -3
4  0
10  2
6  2
11  6
7  -6
7  -7
10  6
9  -1
4  -2
11  7
8  -5
11  7
1  -5
7  -5
12  -1
11  4
9  -2
6  -2
9  -2
11  7
10  6
10  4
15  2
9  1
11  8
8  -8
9  -3
8  -7
9  -1
12  1
9  0
12  -2
4  -3
7  -8
5  -2
13  -3
12  -2
2  -7
7  -8
7  -8
6  -1
14  3
6  -2
7  -6
8  -4
10  3
13  -6
12  -1
8  -7
9  -3
5  -5
11  7
7  -7
9  -3
3  4
11  4
14  4
6  -1
6  0
8  -6
13  -5
12  -2
11  8
3  4
6  -2
12  1
7  -6
11  6
8  -5
10  4
6  2
4  -1
12  -2
8  -6
6  1
8  -8
9  1
2  -8
5  -5
15  4
9  -2
7  -8
8  -6
7  -6
11  7
7  -9
7  -6
4  -1
4  -1
10  3
8  -8
7  -5
11  4
3  2
11  5
8  -8
8  -8
11  6
8  -4
9  1
5  -2
11  7
16  5
7  -7
7  -8
10  5
8  -7
13  -6
5  -4
7  -9
8  -4
9  -2
9  -2
10  6
6  2
7  -7
10  4
12  -2
4  0
6  -2
14  3
11  8
9  -3
6  -1
6  1
11  5
6  0
11  7
7  -7
10  5
6  -1
5  -6
14  3
14  4
10  2
9  0
5  -6
7  -8
19  -3
7  -6
4  0
11  5
14  6
5  -2
7  -9
9  0
9  0
9  1
7  -5
8  -5
7  -7
10  3
3  4
9  1
7  -8
8  -4
6  2
7  -5
11  5
7  -6
9  -1
8  -7
6  -2
8  -8
11  6
7  -8
8  -6
4  0
10  3
8  -8
9  1
8  -8
12  -3
6  2
9  -2
7  -7
12  0
13  -5
7  -5
9  -2
7  -5
7  -7
12  0
3  4
8  -8
7  -9
3  4
8  -8
6  -2
11  8
8  -4
3  4
10  3
8  -7
8  -5
5  -5
9  -1
5  -6
5  -2
10  2
13  -5
4  -2
5  -3
10  6
8  -4
10  6
6  0
7  -7
7  -9
7  -9
8  -5
5  -3
11  5
8  -5
10  4
8  -4
6  1
9  -2
10  3
12  0
8  -5
12  0
6  2
7  -7
12  1
7  -6
5  -2
10  2
8  -6
9  -1
10  3
6  0
8  -8
6  -1
7  -8
10  5
10  4
9  -2
4  0
8  -6
3  2
10  6
7  -9
8  -7
7  -7
9  1
10  2
6  -1
11  8
4  0
8  -5
11  4
7  -9
8  -4
6  0
8  -8
9  0
7  -7
9  -1
8  -8
7  -7
5  -4
9  0
8  -6
7  -8
3  3
6  0
4  -1
12  -3
10  5
10  4
11  5
12  -2
9  1
9  0
11  4
9  0
4  -1
5  -3
7  -5
7  -6
8  -8
3  2
5  -6
9  1
6  -1
7  -9
8  -7
9  -2
9  -1
11  8
11  4
9  0
11  7
8  -7
6  2
9  1
8  -5
5  -5
4  -1
3  2
13  -5
7  -9
11  4
8  -5
10  6
5  -3
2  -6
8  -7
6  -2
6  -1
6  2
11  8
18  2
8  -7
4  -3
14  3
5  -3
6  2
7  -6
8  -4
8  -7
3  1
11  6
7  -8
7  -6
14  3
10  4
12  -2
11  4
10  5
11  6
4  -4
8  -7
6  -2
8  -5
12  -2
8  -6
4  -1
6  1
8  -4
7  -7
7  -5
9  0
14  3
8  -6
9  -3
6  2
8  -4
16  5
8  -8
4  -3
9  1
13  -3
7  -6
6  0
13  -6
9  1
12  0
12  1
6  2
14  6
11  7
8  -7
9  -2
11  6
12  -3
9  -3
14  6
7  -5
7  -8
7  -5
8  -4
6  -1
6  1
7  -6
11  8
8  -6
13  -2
6  -2
8  -6
7  -6
10  5
9  1
10  6
15  4
3  1
12  1
8  -4
4  -3
9  -3
9  -2
10  5
4  -2
6  1
7  -5
9  1
8  -8
3  1
9  -3
7  -8
9  1
6  -1
6  1
11  8
7  -7
7  -9
6  -2
11  4
13  -2
6  -1
10  2
6  -2
10  2
9  1
13  -3
7  -6
7  -8
9  -1
6  1
5  -2
7  -6
8  -8
5  -3
7  -7
10  3
9  -2
6  2
8  -6
5  -5
9  -2
5  -4
6  0
6  -2
8  -5
4  -1
11  4
7  -5
11  6
10  3
12  1
11  4
9  0
10  2
10  4
7  -8
6  -2
7  -5
13  -4
6  0
8  -7
2  -8
6  -2
10  4
7  -7
6  0
6  0
8  -6
6  1
5  -6
7  -7
8  -8
8  -5
11  5
5  -2
6  1
10  2
9  0
17  1
10  5
5  -2
7  -8
9  -1
10  6
8  -8
9  1
6  -2
5  -2
9  -2
3  1
3  0
9  1
8  -7
9  -1
11  7
10  4
4  0
4  -4
8  -5
6  2
4  -1
7  -9
13  -3
6  -1
8  -8
6  2
7  -7
2  -9
9  1
12  -1
5  -4
8  -8
12  0
9  1
7  -5
11  7
12  -3
11  8
7  -8
10  2
8  -8
5  -6
10  3
8  -5
7  -5
13  -2
8  -5
5  -3
14  6
8  -7
14  2
12  1
6  -2
4  -1
10  3
5  -5
7  -9
9  1
7  -8
3  1
11  7
7  -6
5  -6
6  2
12  0
6  -1
9  1
5  -4
9  -3
10  5
7  -7
8  -6
12  -2
10  6
7  -8
5  -3
5  -3
5  -4
9  -1
9  1
11  6
8  -4
5  -2
5  -4
12  -3
5  -6
8  -4
3  4
12  -1
8  -7
10  5
7  -5
9  -3
12  0
5  -6
10  6
6  -2
7  -8
9  -1
6  2
6  -1
11  8
7  -6
4  -1
14  6
12  -2
8  -4
12  -2
10  3
11  5
6  -1
9  1
5  -5
9  -2
6  2
11  5
11  4
12  1
10  5
5  -3
8  -8
8  -4
12  0
11  4
9  1
7  -9
5  -6
9  -1
12  -2
2  -8
8  -7
5  -2
7  -7
7  -6
6  -1
6  1
6  -2
7  -9
6  0
11  5
5  -5
11  8
6  0
9  -3
7  -9
9  -3
4  -4
7  -9
11  5
8  -5
4  0
8  -6
7  -8
4  0
6  -2
3  1
4  0
9  -2
9  1
7  -7
8  -8
6  -1
13  -5
11  6
8  -5
6  -1
4  -2
13  -5
8  -7
4  -2
4  0
8  -8
8  -5
5  -3
4  -1
9  1
5  -4
8  -6
6  1
4  -4
13  -2
9  -3
10  5
13  -6
6  2
13  -6
6  2
8  -7
5  -5
4  0
10  4
10  3
7  -8
