9  0
9  0
11  1
6  6
4  7
7  6
10  -6
10  -5
7  5
8  8
8  7
4  5
16  4
9  1
8  8
9  1
10  -7
9  1
5  1
12  6
8  8
13  0
11  4
10  -5
7  4
7  7
6  2
6  5
7  7
11  3
15  1
4  7
6  2
10  -6
4  5
8  7
12  5
6  3
13  0
6  4
7  3
11  4
12  3
7  6
9  -1
10  -3
9  -2
8  8
12  3
11  4
11  4
11  5
12  6
12  4
13  2
7  3
9  2
13  4
12  3
8  5
10  -5
11  3
10  -7
11  1
11  1
11  4
8  5
10  -5
10  -3
10  -6
12  6
9  2
11  1
9  1
8  6
10  -3
13  2
9  -2
8  6
11  2
13  4
10  -4
8  8
9  2
7  3
6  4
11  3
9  0
5  -1
12  3
6  2
7  5
7  6
8  7
12  6
4  5
10  -7
7  4
16  2
12  4
4  3
12  5
7  7
11  5
7  4
6  5
12  4
7  3
10  -7
8  9
10  -6
10  -5
5  -3
7  3
9  -2
6  3
8  8
8  5
6  5
17  3
12  7
11  1
4  3
10  -5
9  0
10  -6
7  7
7  6
4  5
16  0
10  -5
4  7
6  2
7  5
6  5
9  0
12  4
9  -1
11  4
3  -2
14  -3
10  -5
6  6
12  3
11  1
10  -6
9  -1
16  2
6  6
5  -3
8  6
10  -4
11  4
5  -2
15  4
15  2
10  -7
6  2
12  5
10  -4
7  4
11  3
10  -5
9  -2
11  2
13  1
5  -2
12  7
8  9
6  3
17  1
11  1
2  -1
9  2
13  2
9  2
17  3
3  0
6  4
9  2
10  -5
9  1
16  4
9  -1
6  3
7  6
6  4
14  0
4  4
8  8
13  4
8  5
10  -7
11  3
13  3
8  8
10  -3
7  4
8  9
6  2
4  4
9  0
10  -7
12  7
6  5
13  2
7  7
6  3
7  6
12  6
7  4
11  1
12  3
6  4
10  -3
10  -5
8  5
10  -3
10  -7
7  4
6  2
11  5
9  1
14  -4
8  8
6  3
7  4
9  -1
8  5
7  7
7  4
5  0
9  2
6  6
4  6
12  4
12  7
12  7
10  -6
8  5
8  9
10  -3
14  -3
8  5
9  -1
9  2
7  6
10  -6
12  4
11  2
8  6
12  3
14  0
12  6
9  0
8  6
8  7
5  1
10  -4
8  9
7  6
7  7
6  2
9  2
17  1
11  4
11  5
4  7
9  -1
8  9
4  5
11  3
7  5
5  -2
8  5
11  4
10  -4
7  3
12  4
12  6
13  0
8  6
5  0
6  2
10  -4
8  9
10  -4
9  0
7  6
7  6
10  -3
7  4
13  3
10  -4
9  1
12  3
8  6
9  0
8  9
9  -1
7  4
10  -6
6  5
11  3
7  5
3  0
16  0
9  -1
7  4
4  4
11  5
20  6
9  0
7  7
4  5
5  -3
7  7
8  7
3  2
12  4
7  6
8  8
10  -4
13  2
17  3
9  0
3  -2
16  1
10  -3
12  3
13  0
12  5
11  4
14  -1
7  5
7  4
6  4
9  0
13  4
16  2
6  3
8  6
6  6
4  5
10  -6
9  2
6  4
9  2
13  0
5  -3
13  4
9  2
5  1
15  2
13  0
7  6
10  -6
9  1
9  -1
12  7
8  7
15  2
11  5
9  0
10  -6
14  -1
6  2
9  -2
8  6
11  5
4  5
7  4
6  2
7  4
4  3
12  5
8  6
7  6
10  -6
9  2
8  6
11  2
4  6
9  1
9  2
11  3
13  0
9  2
7  3
11  2
13  4
7  5
6  6
11  1
13  0
9  1
6  2
14  -2
11  3
11  4
8  5
12  6
7  4
8  6
19  5
7  5
9  2
6  5
11  1
8  5
11  1
10  -4
12  4
10  -6
7  3
11  5
5  0
3  2
10  -5
13  4
13  4
8  8
3  2
9  -2
7  5
6  5
7  3
11  3
11  3
8  9
6  6
7  6
11  4
7  3
8  6
8  7
9  2
7  4
6  4
9  0
12  4
8  9
14  -4
6  4
10  -4
8  7
8  5
11  1
4  5
15  1
10  -3
11  5
12  7
12  7
16  2
12  3
15  1
9  0
10  -5
9  0
16  2
7  7
10  -3
9  0
6  5
8  7
9  -2
12  4
10  -4
11  4
12  4
8  5
12  4
5  1
6  3
7  7
9  0
12  6
7  3
13  2
6  3
8  9
11  2
8  8
7  3
13  3
9  2
12  5
7  7
8  5
13  2
8  6
19  6
15  3
12  7
7  5
15  0
9  -2
12  3
7  6
10  -6
9  0
7  4
11  5
11  1
10  -3
8  8
10  -3
10  -4
4  3
8  8
5  0
7  3
10  -7
13  2
10  -5
4  3
7  5
12  5
10  -5
14  -1
9  0
10  -7
5  -3
9  2
6  4
8  6
10  -5
6  5
16  0
11  4
11  4
14  0
9  1
8  9
10  -7
7  6
4  5
7  7
11  5
6  2
5  1
10  -6
9  0
14  -3
10  -7
6  5
14  -2
9  1
6  5
11  1
6  2
12  6
7  5
13  3
12  5
8  5
10  -4
12  7
11  2
10  -4
10  -7
9  2
10  -4
11  1
14  -1
12  3
9  -1
13  4
7  4
9  -2
9  -2
8  5
12  4
6  2
8  9
7  6
13  4
10  -3
9  2
11  3
5  -3
16  1
9  0
7  4
6  3
7  4
7  3
4  5
14  -3
7  5
14  -3
7  5
10  -3
11  4
9  2
6  4
8  5
13  0
6  3
15  4
8  5
7  6
8  5
12  7
10  -3
5  -2
8  5
14  -1
8  5
10  -7
12  3
13  1
16  1
7  6
7  4
9  -1
12  3
11  5
6  5
14  -1
8  9
12  6
5  -1
11  2
10  -5
10  -3
2  1
7  3
6  5
8  8
10  -3
8  6
11  4
9  1
6  4
10  -7
9  -2
8  8
8  7
11  4
3  -1
7  7
8  5
11  5
12  6
6  5
12  3
6  5
11  3
12  4
5  0
9  2
10  -5
12  3
7  3
8  8
8  5
6  5
10  -6
9  2
8  8
6  3
11  5
11  3
11  4
13  3
10  -3
2  -1
10  -5
9  0
6  6
7  3
8  8
5  -1
9  0
10  -7
7  3
6  3
5  0
9  2
11  2
15  3
3  2
6  3
9  -1
7  5
10  -6
6  2
9  2
4  5
9  -1
8  8
12  4
11  2
9  0
15  1
10  -6
7  5
6  2
12  7
10  -5
10  -3
8  9
11  3
10  -4
11  5
6  6
9  2
10  -5
9  -2
11  2
8  7
6  5
7  4
11  1
9  1
7  5
8  5
8  7
8  7
8  8
5  1
7  3
9  0
18  4
7  7
8  7
13  4
7  5
8  7
10  -3
10  -3
10  -4
12  3
7  3
5  -1
14  -2
5  -1
9  -1
4  6
9  2
8  7
11  2
9  1
7  7
8  6
14  -3
11  2
16  1
11  2
17  4
6  3
6  2
7  6
10  -3
6  2
7  5
10  -6
10  -6
9  2
7  4
10  -4
7  5
13  0
7  4
3  -1
10  -7
11  5
8  5
8  5
9  1
3  -1
15  2
7  3
10  -6
13  1
6  2
11  4
8  5
10  -6
8  7
13  0
10  -7
7  4
7  5
9  0
4  4
8  6
12  7
9  2
16  0
9  1
7  6
5  0
9  0
10  -4
17  1
9  0
16  3
8  9
10  -3
11  4
10  -4
7  3
9  1
7  6
8  7
8  5
11  1
12  4
6  6
11  3
6  3
6  3
10  -7
10  -3
9  -1
8  8
9  -1
9  -1
8  5
10  -6
5  -3
9  1
8  8
11  1
7  3
11  2
7  6
13  3
5  0
5  -1
10  -5
14  -2
10  -3
9  1
6  3
8  9
10  -4
5  -3
10  -6
11  5
9  1
11  3
10  -7
5  0
12  5
8  6
7  4
13  4
10  -3
7  5
7  5
7  3
9  0
10  -3
9  -2
10  -4
6  2
11  4
8  7
10  -5
11  2
6  5
10  -5
5  1
6  5
9  0
9  -1
4  6
5  -3
18  7
6  5
8  5
13  2
6  3
7  5
7  5
6  5
7  4
13  3
7  5
7  5
13  1
8  6
9  -1
11  5
8  7
8  8
9  -1
8  7
4  4
14  -2
9  -2
9  1
7  7
9  -1
10  -6
13  2
12  5
13  3
12  3
4  7
4  5
9  2
11  1
7  4
6  3
7  4
10  -4
11  2
6  3
8  6
6  6
8  8
10  -4
9  0
10  -5
9  1
14  -1
4  4
12  4
7  6
7  6
8  6
9  0
6  5
13  0
8  5
7  3
5  -1
11  4
7  5
10  -5
10  -3
11  5
10  -4
11  1
8  7
14  0
11  3
10  -5
16  3
10  -7
15  3
8  5
7  5
6  5
3  1
11  4
6  4
10  -4
8  7
5  0
13  4
8  6
10  -3
5  0
10  -5
4  7
4  3
6  4
4  5
3  0
8  6
9  0
13  4
8  9
14  -1
7  7
13  3
11  2
8  7
10  -3
8  9
4  3
10  -5
6  2
10  -5
8  7
9  -1
7  7
11  1
3  1
7  7
11  4
4  5
11  1
8  5
5  -1
8  8
7  7
8  6
3  1
11  2
14  -1
10  -7
11  1
5  -2
