8  -3
12  3
13  -7
8  -3
11  5
9  -1
12  3
9  0
11  4
9  1
13  -6
8  -2
8  -1
8  -3
9  1
9  -1
11  3
7  -5
11  3
11  3
8  -2
7  -7
13  -6
12  3
13  -6
12  2
7  -5
6  1
6  1
12  1
8  -2
10  -3
3  4
6  0
13  -8
9  1
8  -1
10  -5
12  2
9  -1
10  -4
5  6
10  -4
8  -3
12  1
10  -5
6  0
11  5
15  -6
15  -6
8  -2
5  7
7  -6
4  2
4  3
10  -5
12  1
8  -2
8  -1
7  -5
6  2
8  -2
7  -6
14  7
12  3
6  2
10  -5
17  0
13  -7
10  -4
14  7
6  0
13  -8
9  0
9  -1
9  1
6  0
16  -7
12  1
11  3
11  5
10  -3
12  2
9  0
9  1
11  5
10  -5
16  -6
12  1
11  4
7  -5
13  -8
7  -6
12  3
12  2
8  -3
11  3
9  1
13  -6
7  -6
5  8
10  -4
7  -6
7  -6
8  -2
4  2
8  -2
9  -1
6  1
5  7
12  3
9  -1
8  -2
15  -6
9  1
16  -6
12  1
10  -3
12  1
6  1
12  2
7  -7
7  -7
8  -3
13  -6
13  -6
10  -3
6  0
10  -4
10  -3
11  4
7  -6
11  4
10  -4
11  3
7  -6
10  -4
17  -1
12  3
7  -6
7  -7
7  -5
13  -7
13  -6
14  6
9  -1
6  1
8  -3
11  5
13  -8
7  -6
7  -6
13  -6
7  -6
9  0
13  -8
10  -5
10  -3
9  1
12  3
6  0
17  0
9  -1
9  1
13  -7
10  -4
14  5
11  5
9  1
14  7
9  1
8  -2
9  -1
15  -6
8  -3
10  -3
7  -7
10  -5
8  -2
4  4
17  -1
13  -7
11  4
6  1
8  -1
10  -5
8  -1
6  0
16  -6
10  -4
10  -3
13  -7
12  3
11  4
13  -8
6  0
12  3
6  1
10  -5
11  3
10  -5
9  -1
10  -4
18  6
10  -5
15  -7
5  7
11  3
10  -5
11  4
10  -3
16  -6
11  5
10  -4
12  2
12  3
9  -1
7  -5
11  4
9  0
17  -2
11  3
6  1
10  -3
10  -4
12  3
13  -7
10  -3
7  -7
5  6
11  4
9  -1
4  3
7  -7
12  3
9  1
9  0
10  -4
10  -4
8  -3
11  4
13  -8
10  -3
11  3
11  5
8  -1
7  -7
13  -6
7  -5
13  -8
12  2
9  0
12  1
6  2
12  2
16  -7
8  -2
16  -6
11  5
9  -1
6  2
10  -5
14  7
11  3
10  -4
13  -7
9  0
11  4
9  0
10  -3
8  -2
19  1
7  -7
16  -5
14  5
10  -3
12  1
12  2
7  -5
6  1
9  1
9  1
13  -7
10  -4
10  -4
11  3
10  -4
10  -3
16  -5
11  4
9  -1
10  -3
12  1
8  -1
10  -3
7  -5
12  3
12  1
6  2
12  3
9  -1
11  3
6  2
13  -6
4  4
11  3
9  0
10  -5
6  2
10  -5
11  5
13  -7
9  0
6  1
9  0
8  -2
11  5
7  -7
7  -5
14  6
15  -7
13  -6
15  -7
10  -4
10  -3
12  2
8  -2
16  -6
11  3
8  -3
18  7
15  -6
14  6
5  7
9  0
7  -6
11  4
12  3
15  -7
9  0
11  5
8  -3
7  -7
11  3
9  1
14  5
10  -5
10  -4
11  3
8  -3
5  6
13  -7
5  8
9  1
14  5
8  -2
17  -1
7  -6
10  -3
3  2
8  -1
13  -8
9  0
9  0
10  -3
17  -1
10  -4
6  2
14  7
14  5
10  -4
8  -2
6  0
13  -7
9  0
10  -3
10  -3
9  1
12  3
10  -5
9  1
9  -1
14  7
13  -6
13  -7
10  -4
6  0
11  4
13  -8
7  -5
10  -3
6  0
11  5
12  3
10  -3
6  2
15  -7
6  1
11  3
10  -5
8  -1
10  -3
11  3
4  4
5  7
9  0
14  6
7  -7
8  -3
8  -2
4  3
7  -6
11  4
10  -5
9  1
9  -1
12  2
11  5
13  -7
11  4
7  -6
11  5
10  -4
14  5
8  -2
12  1
8  -1
14  6
13  -7
8  -1
9  0
10  -5
8  -3
13  -6
9  -1
10  -5
9  -1
19  0
9  0
12  1
13  -7
7  -5
12  3
9  -1
12  1
14  6
9  -1
15  -6
8  -1
8  -2
7  -6
6  1
8  -1
8  -2
9  0
9  -1
11  5
8  -1
15  -7
11  4
10  -5
6  2
9  -1
11  3
8  -2
14  7
8  -1
10  -5
11  3
12  2
7  -5
11  4
13  -8
8  -1
13  -8
8  -1
11  4
8  -2
7  -7
9  0
8  -1
12  1
10  -3
8  -1
9  1
12  2
5  7
12  3
12  2
9  0
15  -6
10  -4
10  -5
7  -7
5  8
7  -5
3  3
12  2
11  4
12  1
16  -6
11  4
8  -1
13  -6
12  2
6  0
14  6
9  -1
12  2
8  -1
7  -6
17  -2
13  -7
4  3
11  5
12  2
6  0
9  0
12  2
5  8
10  -3
9  -1
8  -3
10  -5
10  -3
20  4
9  1
10  -3
9  -1
11  4
15  -6
11  5
6  0
15  -5
16  -7
7  -7
12  2
6  0
12  2
11  5
10  -5
9  0
9  0
9  0
5  7
6  1
11  4
16  -6
13  -6
10  -3
13  -8
4  4
14  6
8  -2
12  2
8  -3
8  -3
10  -3
13  -6
7  -5
9  -1
13  -8
11  4
10  -4
9  1
10  -5
7  -5
7  -7
8  -2
13  -6
15  -5
12  3
10  -5
11  4
15  -6
12  1
10  -3
10  -5
10  -3
11  5
6  2
9  0
5  8
7  -7
8  -2
9  -1
7  -6
8  -3
6  1
8  -1
11  5
7  -5
14  7
12  3
6  0
13  -7
8  -3
10  -4
8  -1
9  -1
14  6
10  -5
8  -3
10  -3
8  -3
12  1
3  2
17  -2
10  -5
13  -8
8  -1
18  6
10  -4
10  -3
9  1
10  -4
12  2
7  -6
13  -7
10  -4
8  -1
12  3
9  0
13  -7
8  -1
16  -7
4  4
12  1
7  -7
11  4
9  0
11  4
8  -2
11  5
7  -7
8  -3
9  -1
18  7
9  1
6  2
15  -6
5  7
13  -7
9  0
14  6
12  1
8  -1
7  -6
18  6
10  -4
9  0
15  -7
5  7
10  -4
12  3
9  1
14  5
12  2
12  2
11  5
6  2
12  3
15  -6
8  -3
8  -2
3  4
11  4
7  -5
14  6
9  0
11  4
4  3
7  -7
5  7
12  1
7  -6
11  3
8  -2
8  -3
8  -2
12  2
15  -6
12  3
13  -7
11  3
9  1
12  2
8  -3
8  -1
11  5
8  -3
8  -3
10  -4
11  5
8  -2
6  0
16  -7
6  1
11  5
10  -3
9  -1
10  -5
8  -2
13  -7
8  -2
4  2
15  -5
8  -2
7  -7
11  5
6  1
8  -3
18  6
12  3
3  2
11  5
8  -3
15  -6
13  -7
16  -5
13  -6
14  5
11  3
10  -3
7  -7
12  1
5  6
12  2
9  -1
8  -2
6  2
6  1
16  -6
7  -7
15  -7
9  0
8  -1
9  0
9  1
8  -3
10  -3
12  3
7  -5
14  7
7  -7
16  -7
8  -3
6  0
9  0
9  0
9  -1
9  0
11  4
9  -1
12  2
10  -4
5  8
7  -7
9  0
8  -2
13  -8
10  -4
7  -7
8  -3
9  1
11  5
12  3
9  0
10  -5
10  -3
7  -6
11  3
13  -8
11  5
11  4
6  1
7  -7
5  7
8  -2
11  3
6  0
7  -6
8  -3
10  -4
15  -5
11  3
12  1
11  5
12  3
12  3
5  7
11  3
7  -5
8  -1
10  -4
17  -2
7  -5
9  -1
9  -1
12  1
12  3
9  1
7  -5
10  -5
9  -1
12  1
13  -6
9  0
7  -7
14  6
11  3
14  5
6  2
8  -2
7  -5
13  -8
10  -5
14  6
11  3
7  -7
8  -2
12  2
7  -7
6  2
8  -2
13  -8
7  -5
5  7
9  -1
11  5
10  -3
12  3
7  -5
11  5
9  -1
16  -6
11  3
13  -6
7  -7
9  1
12  1
10  -5
8  -1
8  -2
6  1
12  1
9  0
11  3
8  -2
9  -1
13  -6
10  -4
9  1
11  5
4  3
9  1
5  7
10  -3
6  2
13  -8
14  5
7  -6
11  3
13  -6
10  -5
4  2
10  -4
15  -6
10  -3
9  1
13  -8
9  1
6  1
10  -4
10  -5
14  5
10  -4
17  -2
12  3
14  7
12  2
5  7
19  0
10  -5
11  4
11  5
5  6
10  -5
10  -5
11  3
11  3
7  -5
11  5
5  6
5  8
9  1
11  3
10  -5
9  1
10  -3
10  -3
8  -2
7  -6
8  -1
7  -7
12  3
11  3
12  1
9  0
6  2
9  1
10  -5
13  -8
19  1
6  2
14  5
8  -3
10  -4
9  -1
15  -5
9  -1
11  3
6  2
5  8
10  -5
9  0
11  3
13  -7
14  5
10  -5
9  0
7  -7
8  -1
8  -2
22  4
5  6
10  -3
6  2
9  0
7  -5
11  3
8  -2
10  -5
5  7
10  -4
14  7
11  5
11  4
12  1
12  2
10  -5
8  -3
11  3
8  -2
7  -6
12  1
11  5
8  -1
9  1
11  3
10  -4
11  5
15  -6
9  0
6  0
6  1
15  -6
13  -7
6  0
12  1
13  -8
9  -1
12  2
6  0
10  -3
13  -8
9  1
9  1
13  -8
13  -6
11  5
19  0
7  -6
6  1
10  -3
10  -4
7  -5
10  -4
13  -6
13  -6
12  2
13  -7
7  -6
13  -6
8  -2
9  0
12  2
7  -7
14  7
15  -6
