7  -6
9  5
5  -2
13  -6
6  1
7  -9
5  -3
2  6
10  -1
12  -4
10  0
12  -3
8  -6
7  -9
7  -8
13  -4
11  -1
9  7
12  -3
8  -4
9  7
4  -3
15  4
11  -1
4  -3
9  6
10  -4
9  5
5  -5
7  -6
6  2
10  0
9  5
11  -2
6  4
6  2
7  -7
6  0
8  -5
7  -8
7  -5
10  -4
14  -4
10  -4
9  4
4  -3
9  8
6  4
8  -3
9  5
3  -5
9  5
9  8
7  -8
9  4
7  -8
7  -5
7  -8
7  -8
7  -9
13  -6
8  -6
4  -1
12  0
5  -2
6  0
10  0
9  7
12  -1
5  -2
10  -1
6  0
8  -5
8  -5
9  4
3  -5
5  -4
8  -2
16  7
8  -6
10  -4
7  -7
5  -3
7  -5
11  -1
10  -2
9  4
15  3
4  -1
4  1
8  -4
9  8
8  -2
12  0
4  -3
10  -2
10  -3
5  -4
9  6
6  3
5  -2
6  1
12  -1
5  -4
6  2
10  0
10  -4
10  -4
9  6
6  1
9  7
7  -7
14  -5
6  0
13  -7
12  -4
11  -1
13  -6
10  -3
9  6
10  -1
12  -1
17  5
10  0
8  -3
11  1
8  -5
10  -4
12  0
8  -5
9  5
10  -4
6  4
6  2
10  -1
6  3
5  -4
8  -5
7  -7
4  1
10  -3
6  3
12  0
9  4
7  -7
3  -9
4  1
3  -9
5  -3
10  -4
8  -3
13  -4
10  -3
5  -2
8  -5
9  6
12  -3
7  -9
17  8
6  0
5  -5
8  -4
2  5
8  -4
7  -5
9  8
4  0
6  2
13  -7
8  -2
6  2
8  -6
4  -1
4  -1
6  1
4  -3
4  -2
5  -5
7  -8
8  -5
9  5
10  -3
4  -1
11  -1
8  -5
16  7
7  -9
7  -5
11  2
10  -2
5  -4
3  -9
5  -3
10  -4
11  -2
8  -2
3  -5
7  -6
9  7
10  0
7  -9
6  2
9  7
9  8
6  1
7  -8
9  6
6  1
5  -5
6  4
9  4
4  -1
9  7
14  -4
12  -2
11  -1
8  -6
10  -3
11  -2
5  -2
5  -5
10  0
4  0
12  -4
9  6
11  -1
8  -4
10  -4
7  -5
10  -1
5  -3
7  -5
6  4
15  7
6  4
8  -2
4  0
12  -1
8  -2
9  4
7  -5
7  -8
5  -3
10  -3
10  -3
6  3
15  5
10  -3
12  -1
7  -9
7  -6
5  -6
9  6
5  -2
18  7
9  4
14  -3
9  4
10  -1
8  -6
8  -4
11  1
9  4
10  0
6  3
8  -5
8  -5
6  0
5  -6
12  -1
9  8
7  -7
6  0
7  -5
11  2
9  4
8  -3
9  6
8  -4
10  0
8  -5
8  -4
5  -3
6  4
8  -6
9  8
10  -2
4  1
9  5
10  -2
6  3
9  7
11  0
6  1
12  -2
8  -4
4  -2
10  0
8  -2
7  -9
10  -3
7  -9
4  0
6  4
4  1
8  -2
12  -1
8  -4
6  3
8  -3
9  8
11  2
11  -1
6  4
5  -3
14  -6
5  -6
9  7
8  -5
9  6
4  -3
6  1
9  4
6  4
7  -7
6  4
9  5
4  -2
13  -4
8  -5
7  -6
5  -4
9  8
11  1
14  -5
9  8
4  -1
8  -5
7  -9
8  -6
13  -7
3  -6
10  -1
9  8
5  -2
3  -7
8  -6
16  4
7  -5
7  -5
3  -7
8  -3
6  4
10  -1
6  1
8  -4
4  -3
10  0
4  -2
13  -5
9  4
8  -6
7  -6
6  0
10  -1
6  4
9  5
6  3
6  2
8  -5
9  7
6  3
5  -3
6  4
9  5
10  0
8  -4
8  -6
6  1
8  -4
5  -3
8  -6
5  -2
8  -5
5  -4
7  -6
6  2
18  8
8  -5
8  -4
8  -6
7  -8
7  -9
16  6
13  -5
9  8
10  0
10  -4
2  3
10  -3
12  -1
8  -5
6  0
8  -4
12  -1
9  7
10  -2
6  0
11  1
5  -3
2  6
5  -3
8  -3
9  6
7  -9
7  -6
11  1
3  -8
12  0
9  7
9  8
2  3
11  -2
4  -3
11  -1
6  1
10  0
11  0
7  -9
5  -3
9  4
10  -1
7  -7
9  8
3  -5
6  3
5  -5
9  7
9  6
5  -6
9  6
6  2
4  1
6  2
7  -7
11  0
10  -4
7  -7
9  5
6  3
11  0
6  2
11  -2
8  -5
5  -5
7  -5
13  -7
8  -2
11  0
6  1
5  -2
7  -9
5  -2
9  4
6  4
6  1
3  -9
6  4
3  -6
10  0
7  -6
9  7
4  0
6  4
5  -6
15  4
5  -6
10  0
9  8
8  -6
5  -4
8  -4
7  -6
8  -5
7  -9
13  -7
13  -4
7  -8
3  -5
9  5
7  -5
4  -2
12  0
11  1
7  -8
11  0
6  3
7  -6
9  8
10  -4
8  -2
7  -6
5  -3
6  0
13  -7
6  3
13  -5
5  -6
8  -5
6  3
6  3
11  -2
6  1
14  -6
9  8
10  -3
3  -5
14  -4
6  4
9  7
8  -6
6  2
7  -9
5  -5
10  0
10  -1
13  -7
7  -5
12  -4
8  -5
14  -3
5  -5
7  -5
8  -3
7  -9
10  -2
1  7
11  -2
2  6
5  -2
7  -6
14  -6
8  -4
7  -6
5  -3
8  -6
8  -5
8  -5
6  3
7  -8
5  -2
8  -6
4  1
4  -3
9  6
9  8
6  2
5  -5
5  -3
3  -5
3  -9
10  -4
11  1
6  2
11  -1
11  -1
12  -1
1  9
13  -5
8  -2
17  7
10  -1
14  -4
7  -6
5  -4
9  7
9  8
8  -6
7  -8
4  -3
6  4
7  -8
5  -4
8  -4
7  -5
9  4
0  -5
5  -4
7  -5
7  -8
5  -2
13  -7
5  -2
6  3
3  -5
9  6
9  6
10  -1
7  -8
10  0
5  -2
6  1
6  3
6  0
5  -5
11  0
6  1
11  -1
4  -1
5  -5
5  -6
5  -5
4  1
7  -9
9  5
7  -9
10  -3
5  -6
12  0
6  2
12  -4
4  1
10  0
13  -4
6  1
6  1
11  1
8  -6
11  -2
5  -6
6  4
6  4
9  8
14  -6
5  -6
13  -4
8  -6
8  -6
6  3
9  5
2  7
6  1
7  -5
4  -2
7  -9
7  -9
5  -6
7  -5
10  -1
14  -4
7  -6
4  0
10  -3
3  -7
5  -6
9  5
9  7
10  0
9  6
11  -2
12  -1
8  -3
12  -1
10  -2
6  0
14  -3
10  -1
10  -2
5  -6
9  6
9  8
11  0
4  -2
12  -4
6  4
10  0
11  -2
4  -2
9  7
5  -4
7  -5
9  6
6  2
8  -3
7  -7
13  -6
7  -8
12  -3
10  0
16  6
7  -5
9  8
9  8
5  -5
12  0
7  -8
9  6
6  3
5  -2
13  -4
9  7
9  7
6  1
5  -2
9  7
8  -2
9  4
13  -6
6  0
13  -4
7  -9
9  8
5  -6
9  8
7  -6
8  -5
10  -2
8  -4
7  -9
8  -6
5  -4
10  -3
3  -7
10  -1
13  -7
5  -6
7  -9
8  -5
5  -6
7  -9
5  -2
10  0
5  -6
9  4
11  1
8  -6
7  -6
6  3
7  -5
14  -2
2  3
9  6
11  2
6  2
3  -7
6  4
7  -9
7  -9
6  4
6  0
7  -9
8  -5
6  0
7  -9
15  3
6  2
7  -5
8  -2
9  4
8  -5
7  -5
9  4
10  0
9  7
15  5
8  -5
2  4
11  -2
11  -2
7  -8
5  -4
7  -6
8  -6
7  -8
6  3
4  -1
9  6
3  -9
8  -4
5  -3
8  -3
7  -6
5  -5
11  -2
4  0
12  -1
11  2
10  0
13  -7
9  5
6  2
8  -3
7  -6
8  -6
9  8
10  0
10  -2
8  -3
9  7
8  -3
9  8
3  -7
7  -9
11  0
14  -2
7  -6
9  5
4  -3
5  -2
5  -2
10  -1
9  4
9  6
6  1
11  1
9  6
8  -3
7  -9
12  -1
7  -6
7  -5
3  -9
9  5
7  -8
7  -9
16  6
7  -6
11  -1
7  -9
9  8
7  -7
3  -5
11  -2
8  -5
12  -3
11  -1
14  -4
9  4
10  0
9  6
2  6
8  -3
9  4
8  -5
12  -2
8  -4
9  4
8  -3
7  -6
6  0
5  -4
8  -5
7  -7
8  -6
10  0
7  -7
4  1
10  -4
11  -2
9  4
11  0
5  -2
5  -6
5  -2
6  0
3  -7
8  -6
6  2
7  -7
3  -7
5  -4
5  -3
11  2
5  -6
7  -5
11  2
4  -3
10  -3
11  1
8  -2
11  0
6  0
8  -5
7  -9
12  -1
7  -5
7  -7
7  -8
8  -5
9  6
13  -5
8  -3
5  -5
8  -2
2  5
7  -9
10  -3
10  -4
11  0
9  8
5  -5
4  0
7  -5
5  -4
6  2
10  -2
8  -3
8  -4
6  0
7  -9
11  -2
4  -1
9  7
12  -4
8  -6
5  -2
9  8
5  -4
7  -9
15  7
7  -6
4  -1
6  3
10  -3
7  -5
8  -4
6  0
7  -7
6  1
9  5
8  -6
11  -1
7  -7
6  2
11  2
5  -6
7  -5
9  7
7  -5
10  -2
6  1
14  -2
9  4
2  4
8  -4
6  1
5  -3
9  8
8  -3
14  -6
8  -6
11  -2
9  5
6  0
9  7
10  -4
8  -5
10  -1
6  3
12  -4
9  4
10  -1
8  -2
4  -3
6  0
10  -3
6  4
7  -5
6  1
4  -3
9  8
12  -4
12  -1
6  4
7  -7
12  -4
9  8
10  -1
4  -1
9  8
6  2
5  -4
11  0
7  -8
11  1
7  -5
5  -2
9  6
12  0
10  -3
5  -6
5  -4
10  -4
8  -3
13  -3
6  3
9  6
6  1
9  6
8  -5
