3  -8
8  -4
13  4
19  1
13  3
11  -8
9  -1
10  -1
3  -7
11  -6
10  -1
14  -3
17  5
9  -2
8  -3
10  -1
3  -6
10  3
11  -7
8  -4
10  0
7  -5
10  0
8  -1
7  -7
14  -3
8  -1
16  -2
7  -4
5  5
10  3
8  -3
10  2
12  -3
10  -1
17  9
4  5
5  3
13  7
5  4
10  3
6  1
13  6
12  0
12  -3
13  4
11  -4
10  0
7  -7
8  -4
10  2
7  -4
9  -2
13  7
8  -4
4  4
12  0
9  1
15  -4
9  1
5  5
16  -4
11  -8
7  -5
11  -8
17  7
13  4
15  -5
14  -2
11  -5
14  0
6  -1
12  -2
11  -4
15  -4
8  -4
3  -5
9  2
5  5
8  -2
8  -1
11  -8
9  0
8  -1
7  -6
7  -8
12  -1
9  -1
13  5
16  -1
8  -4
7  -4
2  -1
11  -7
13  7
8  -2
6  -1
13  7
7  -4
15  -1
11  -8
11  -8
11  -6
13  4
13  6
8  -5
7  -7
4  6
13  4
15  -3
6  0
14  -1
9  2
9  1
9  -1
7  -7
11  -8
5  2
8  -5
10  3
7  -7
15  -1
10  3
12  1
5  2
8  -2
11  -6
11  -5
11  -8
14  -3
9  2
8  -5
5  3
8  -2
7  -7
7  -7
12  1
13  4
8  -5
8  -2
16  -4
8  -3
10  0
11  -8
7  -5
16  -3
12  -2
19  3
10  1
11  -7
12  -2
11  -5
8  -3
12  -3
11  -5
10  2
8  -1
12  -3
7  -5
10  2
11  -5
12  0
15  -4
6  -2
7  -8
10  1
9  1
9  2
6  1
3  -9
11  -5
10  2
9  2
4  5
9  2
19  3
5  5
9  -1
12  1
7  -4
6  0
13  7
6  1
13  6
12  -1
13  5
8  -1
14  -4
12  -3
10  3
6  2
7  -5
12  -2
9  0
3  -8
12  -3
17  7
16  -2
12  1
9  0
14  -3
7  -6
11  -7
5  5
11  -8
10  1
11  -6
9  -2
5  2
8  -5
8  -3
9  1
10  3
12  -2
8  -1
11  -7
11  -8
11  -5
17  8
11  -8
11  -5
12  0
9  0
7  -5
10  0
7  -7
11  -7
8  -3
6  1
14  -3
8  -5
11  -6
14  -4
8  -5
13  7
11  -8
11  -4
14  -4
13  6
11  -5
12  -3
9  1
13  5
9  2
15  -3
14  -3
16  -3
12  0
14  -1
13  6
14  -4
15  -3
12  -1
11  -6
11  -4
8  -3
11  -8
10  -1
9  -2
6  2
6  -1
13  5
10  0
8  -4
7  -6
7  -8
9  0
17  7
7  -6
10  -1
12  -2
17  6
8  -3
12  -3
10  3
15  -5
10  3
5  2
12  0
10  -1
7  -5
11  -8
18  -8
6  1
10  2
10  1
11  -8
12  -2
8  -1
11  -7
12  -1
10  3
15  -5
8  -4
7  -4
12  -2
7  -8
12  -2
16  -3
11  -4
8  -1
4  8
14  -4
14  -2
9  2
13  6
11  -5
12  0
11  -7
11  -6
6  2
11  -4
8  -5
10  3
5  4
5  2
15  -2
8  -4
6  1
14  -1
8  -4
6  2
10  2
12  -3
10  3
11  -7
6  -2
8  -3
14  0
12  1
6  0
13  4
16  -2
7  -8
7  -8
11  -6
6  0
10  0
7  -7
13  4
8  -5
10  -1
9  -2
11  -5
11  -4
10  2
10  0
9  -2
11  -4
10  2
9  -1
8  -5
11  -7
14  -4
8  -5
6  1
15  -5
13  7
7  -5
5  2
10  3
7  -7
11  -6
8  -4
8  -5
4  8
13  6
9  1
5  4
10  0
19  0
10  1
10  2
11  -8
8  -5
11  -7
13  6
4  5
11  -4
9  -2
18  -5
11  -7
9  -1
6  -2
13  6
8  -5
5  6
11  -7
14  0
3  -7
10  0
10  -1
16  -2
15  -1
11  -7
11  -7
13  6
14  -3
18  -8
7  -8
10  3
8  -5
12  -3
9  0
10  1
11  -5
4  6
8  -1
10  -1
12  -2
13  3
11  -6
5  2
13  5
9  0
9  2
18  -6
10  0
12  -2
6  1
14  -1
10  0
12  1
8  -2
9  1
12  0
13  3
14  -4
9  0
12  1
6  -2
12  -3
9  2
4  8
12  -1
5  3
10  2
10  1
9  -1
8  -5
7  -6
12  0
14  -2
5  5
7  -7
7  -7
11  -4
16  -1
7  -8
10  1
10  2
9  0
10  1
8  -3
8  -2
8  -4
14  -1
5  2
13  4
6  1
9  -1
9  -1
8  -4
5  2
10  3
5  6
10  -1
9  -2
4  4
14  -3
15  -4
10  -1
9  1
18  -8
11  -8
7  -7
12  -3
13  3
8  -1
6  1
10  0
12  1
7  -6
7  -7
7  -8
8  -1
13  6
7  -7
18  -7
11  -6
12  1
10  -1
12  0
5  3
6  1
7  -6
13  5
9  2
18  -7
9  2
9  -2
12  0
7  -7
8  -3
6  -2
7  -5
14  -4
9  0
11  -6
11  -8
12  0
13  7
10  2
17  5
11  -6
11  -5
10  -1
9  -1
10  0
14  -2
15  -5
5  3
11  -8
6  1
12  -1
8  -4
7  -7
10  2
6  0
6  0
14  0
13  5
13  7
12  -1
5  3
4  4
8  -4
7  -4
15  -5
8  -4
14  -4
9  -1
11  -4
16  -5
10  -1
9  -1
9  0
10  1
7  -4
10  -1
7  -4
14  -2
11  -5
13  4
8  -5
14  -4
13  3
13  3
8  -3
11  -7
10  1
10  3
13  6
7  -6
7  -4
9  -1
7  -5
15  -1
9  0
9  1
12  0
9  1
7  -6
15  -2
6  0
1  4
10  0
9  2
11  -4
7  -8
8  -5
12  1
6  -1
7  -4
14  -4
10  -1
9  -1
9  -1
16  -1
10  0
9  -1
9  -2
6  2
8  -4
14  -1
10  2
15  -4
10  0
9  -1
12  -1
13  7
8  -5
8  -1
5  6
8  -3
14  -1
5  5
13  6
11  -5
7  -8
15  -4
7  -8
15  -5
9  -1
5  6
6  0
10  1
11  -7
14  -1
12  1
11  -8
11  -8
7  -4
14  -4
6  0
7  -4
8  -1
10  3
7  -5
10  2
11  -6
7  -6
6  2
10  -1
12  -1
10  1
16  -5
10  2
5  5
10  1
9  0
12  -1
9  -1
11  -8
12  1
7  -7
9  0
13  5
9  2
12  1
11  -5
11  -6
6  -2
8  -3
10  2
10  0
11  -5
7  -4
7  -7
6  -2
9  0
5  3
11  -5
11  -4
10  2
17  6
11  -8
16  -1
5  2
11  -6
7  -8
12  0
9  1
8  -1
12  -2
7  -5
9  1
9  0
10  -1
7  -6
9  1
7  -6
8  -5
10  2
15  -1
14  -3
14  -1
14  -1
6  1
16  -1
6  1
13  3
13  6
13  7
8  -4
11  -7
5  3
13  7
10  3
8  -1
13  7
6  0
11  -8
8  -3
12  -3
13  7
6  2
8  -2
16  -2
13  5
8  -2
12  0
12  -3
10  2
14  -4
9  -1
7  -8
7  -7
10  2
9  2
12  1
13  7
11  -7
15  -2
18  -9
14  -4
13  4
13  6
13  7
8  -3
5  3
6  1
8  -4
9  -2
7  -5
12  -1
12  -2
11  -8
10  3
6  -1
17  5
10  0
11  -6
14  -2
5  4
5  5
13  7
15  -1
6  0
11  -7
15  -4
9  1
13  5
8  -1
7  -5
11  -4
11  -4
10  2
10  3
17  7
11  -8
9  2
6  1
13  5
9  -1
10  0
6  -1
12  -2
7  -7
9  -2
8  -5
11  -8
11  -4
11  -4
9  1
10  2
9  -2
8  -3
10  -1
4  8
11  -8
12  1
8  -3
9  -1
7  -8
13  4
9  -1
7  -7
16  -2
11  -8
14  -1
11  -4
11  -7
8  -3
6  0
13  7
11  -6
9  1
8  -1
11  -5
7  -5
8  -5
12  -1
15  -5
11  -8
8  -4
6  -1
8  -4
8  -4
8  -2
10  0
9  -2
7  -5
9  1
9  1
8  -5
7  -8
9  -1
17  9
12  -3
7  -6
7  -6
3  -9
6  0
14  -3
5  6
8  -1
10  0
12  1
5  6
4  5
13  4
7  -6
13  6
11  -8
12  -1
16  -2
8  -2
5  3
15  -4
9  2
8  -3
10  2
12  -3
13  7
8  -2
10  0
10  0
13  3
16  -1
6  2
13  4
14  -4
7  -7
4  4
13  4
9  0
8  -5
5  5
11  -8
9  2
10  2
7  -6
11  -8
9  -2
15  -4
13  3
8  -5
8  -3
8  -2
3  -8
7  -7
11  -7
9  -2
4  6
13  6
14  -2
11  -6
13  7
9  1
5  2
9  -1
12  1
10  1
9  -2
12  1
9  1
17  7
9  0
9  0
12  1
5  6
15  -5
11  -7
13  7
6  1
7  -4
14  -3
9  -2
10  1
5  2
9  1
4  6
5  3
12  1
10  0
10  2
8  -1
10  2
14  -1
13  7
12  -2
15  -1
9  2
8  -2
9  2
12  -1
12  -3
10  0
15  -4
13  4
11  -6
11  -8
9  -1
6  -2
7  -7
8  -4
9  2
5  4
9  1
6  -2
12  -2
9  0
11  -5
11  -7
15  -3
7  -5
14  -4
7  -8
11  -4
15  -1
9  2
9  1
6  1
16  -5
11  -4
12  -3
10  0
6  2
14  -3
9  1
9  1
5  3
12  -1
9  0
6  0
11  -6
14  -1
12  1
11  -7
11  -8
13  4
14  -4
5  3
7  -6
7  -6
14  -3
4  5
8  -2
14  -1
6  1
13  6
8  -4
8  -5
10  2
8  -3
10  0
10  -1
11  -8
9  -1
10  3
8  -3
12  0
12  1
7  -5
19  2
14  -3
12  -2
4  7
13  4
16  -5
12  -2
15  -4
10  0
11  -5
14  -4
9  -1
11  -5
13  7
8  -5
