8  -3
5  1
9  -6
7  -2
13  5
12  -2
5  0
11  -6
14  -5
10  -2
8  -1
12  -3
8  -3
8  -3
9  -6
6  4
9  -5
4  -5
13  7
10  -4
13  5
10  -3
14  -4
6  3
6  0
9  -4
14  -10
14  -5
5  3
5  4
12  -1
10  -7
9  -4
12  -5
7  -1
11  -2
11  -4
9  -10
10  -1
10  -1
10  -3
9  -10
12  -6
10  -7
11  -6
10  -3
10  -6
8  1
11  -6
10  -2
8  -4
10  -3
7  -3
13  5
13  4
16  6
10  -1
10  -5
10  -3
11  -6
13  4
8  -2
5  0
8  -5
11  0
8  -2
13  5
15  2
9  -9
13  8
7  -3
10  -6
7  -1
6  0
9  -4
15  0
18  6
12  -3
16  9
10  -3
8  -5
11  -5
7  -2
11  0
6  1
13  8
11  0
8  -2
10  -6
7  0
7  0
12  -6
11  -1
12  -5
4  -7
6  5
7  -3
12  -3
13  10
8  -1
12  -4
7  0
12  -3
12  0
14  -9
6  2
12  -2
11  -4
12  -1
15  3
7  2
3  9
12  0
14  -7
9  -5
4  -8
9  -8
11  -2
5  0
6  0
8  -3
10  -3
15  2
12  -2
15  -1
5  1
15  -1
9  -5
9  -8
8  -5
8  -4
10  -1
7  -3
7  -3
11  -1
2  7
12  -6
8  -3
7  0
10  -1
13  7
14  -8
10  -5
10  -4
5  0
6  -1
7  -1
4  -10
11  -3
14  -9
9  -10
7  2
7  0
15  1
12  -1
9  -6
11  -2
11  0
7  -1
10  -4
8  1
8  -1
9  -6
16  8
9  -5
12  0
8  1
10  -4
10  -4
8  -2
13  4
6  2
12  -2
9  -7
3  4
11  -6
6  1
13  6
9  -10
11  -4
14  -10
15  2
12  -4
17  2
10  -6
13  7
12  -3
8  -2
7  2
15  -1
11  -2
10  -1
17  -3
11  -2
10  -2
4  -8
15  -2
10  -4
9  -7
13  5
11  -4
7  1
8  -2
10  -5
9  -6
13  4
11  -5
12  -3
10  -3
10  -7
11  -4
9  -4
11  0
13  7
16  6
11  -4
9  -5
9  -9
11  0
7  1
6  3
10  -5
7  -2
7  1
13  7
14  -5
12  -5
11  -5
11  -6
14  -8
5  -2
9  -9
11  0
7  3
7  0
15  -3
7  -2
6  1
13  10
11  0
14  -4
9  -7
15  3
15  -3
8  -2
10  -1
8  -1
7  0
7  2
11  -6
8  -5
8  -1
11  -1
10  -7
16  9
5  1
18  6
7  -2
13  9
10  -6
7  1
11  0
9  -5
13  9
10  -5
9  -4
10  -4
11  -3
9  -10
10  -4
13  9
10  -4
10  -2
14  -5
13  5
12  -2
10  -3
13  5
11  -4
10  -7
12  -2
10  -4
10  -1
14  -7
8  -5
16  8
8  0
7  -2
15  3
13  6
11  -4
8  -1
17  0
13  6
16  7
13  4
11  -4
10  -1
10  -1
11  -1
7  2
13  6
11  -3
6  2
8  -4
16  9
5  0
24  5
9  -4
9  -5
5  4
9  -9
14  -9
6  4
11  -5
8  -3
13  8
16  3
13  4
5  1
7  2
8  0
10  -1
9  -7
7  -3
10  -7
4  -8
8  0
9  -8
5  1
13  6
12  -3
12  -2
8  1
5  1
7  0
8  1
11  -5
8  -4
7  -2
6  -1
10  -3
9  -8
10  -5
10  -5
10  -3
9  -9
5  -2
10  -6
10  -6
8  -5
14  -9
7  -1
6  4
12  -1
10  -7
13  10
5  0
4  -10
8  -3
14  -7
10  -5
8  -5
9  -8
9  -4
7  -2
10  -6
13  10
13  8
17  -2
11  -4
8  0
11  -3
8  -4
5  2
11  -1
11  -2
6  1
5  -2
13  4
12  -5
9  -9
9  -4
18  6
8  0
5  0
13  6
12  -3
8  -4
9  -10
7  0
6  4
10  -4
6  1
13  9
9  -5
9  -10
15  -2
8  1
9  -5
8  0
7  -3
11  -4
7  3
11  -3
6  -1
12  -2
5  3
8  -1
6  1
11  0
6  -1
17  -3
9  -10
13  9
12  -4
8  -3
9  -10
8  0
11  -2
17  0
16  3
14  -5
17  -1
13  5
10  -2
11  -4
6  -1
11  -1
8  -4
14  -8
12  0
9  -7
9  -10
2  10
11  0
11  -2
12  -2
17  -3
6  2
9  -8
8  -5
11  -1
9  -7
15  -3
14  -9
9  -4
8  0
11  -2
9  -10
7  1
11  -5
8  -4
6  0
13  10
9  -4
6  1
13  10
13  10
14  -10
12  -4
6  3
15  -3
9  -5
7  -2
7  -3
11  -6
5  0
8  0
10  -6
14  -4
9  -7
10  -7
10  -3
11  0
13  4
12  -4
12  -5
8  -1
11  0
2  6
10  -3
6  -1
14  -8
15  -3
11  0
8  -5
15  -1
9  -10
12  -1
12  0
11  -2
11  -2
11  -6
8  -1
7  -3
17  3
8  -4
12  -3
11  -6
9  -5
15  -2
11  0
5  4
10  -1
9  -4
12  -4
11  -6
7  -3
11  -6
12  -3
9  -6
7  -1
5  0
11  0
7  2
12  -5
8  -3
12  -5
11  -6
10  -4
14  -8
17  -1
14  -9
9  -5
6  2
13  5
8  1
9  -7
9  -5
13  7
7  3
8  -1
14  -9
10  -2
10  -1
10  -5
6  2
12  -6
11  -6
12  -2
13  8
8  -1
11  -6
10  -3
7  -1
12  -2
4  -7
16  7
12  0
5  3
8  1
13  4
15  1
14  -6
11  -1
9  -8
11  -2
11  -3
9  -9
7  2
14  -4
7  3
16  6
8  -3
10  -1
12  -4
9  -9
10  -1
6  4
11  -1
13  6
7  -2
12  0
10  -3
10  -5
9  -9
10  -7
10  -5
10  -5
9  -4
8  -3
17  -1
16  8
13  6
14  -5
11  -1
13  5
9  -10
18  8
6  -1
13  7
11  -1
6  3
11  -3
8  -4
10  -6
6  1
3  9
11  -3
9  -8
13  6
11  -5
9  -7
12  -5
11  0
15  -2
15  -1
8  1
10  -3
11  0
12  -6
4  -8
14  -5
6  -1
10  -1
7  0
12  -1
5  0
6  0
7  3
13  4
14  -9
8  -1
16  6
8  -1
9  -5
8  -3
7  0
11  -1
10  -7
12  -5
5  4
11  0
2  10
11  -4
9  -6
6  0
10  -7
12  -4
12  -6
11  -4
11  -3
8  -4
18  5
15  -1
12  -2
7  3
12  -6
10  -2
9  -4
11  -2
11  0
10  -5
15  2
9  -4
9  -7
12  -1
9  -7
10  -5
7  3
15  -3
8  -5
12  -6
10  -6
11  -6
8  -5
15  3
9  -10
10  -6
8  -5
14  -10
5  -2
8  -2
12  -6
11  -1
9  -8
11  -6
20  -4
9  -5
11  -3
6  2
16  6
3  5
10  -6
13  9
10  -4
11  -5
5  -2
8  -3
9  -8
7  3
9  -9
18  4
10  -1
11  -5
10  -2
11  -5
10  -2
9  -6
5  3
12  -6
13  4
9  -6
8  1
12  -6
13  4
9  -7
13  10
11  -1
13  9
7  -2
8  -5
12  -5
15  1
11  -2
6  3
9  -4
11  -1
9  -4
12  -4
14  -4
8  -1
9  -8
6  5
13  9
14  -5
7  0
8  -5
10  -4
15  2
11  0
12  -2
13  4
11  0
14  -8
8  0
10  -5
5  0
8  -1
10  -2
17  3
7  -2
13  7
9  -9
9  -10
9  -10
12  -6
6  5
12  -6
10  -6
6  1
7  0
8  1
13  9
7  3
11  -3
10  -1
10  -7
7  -3
9  -8
13  4
7  -3
6  0
9  -8
8  -3
15  -2
10  -3
9  -8
13  8
10  -5
17  -3
8  0
9  -5
3  10
10  -3
9  -5
14  -10
9  -5
16  3
13  6
10  -5
10  -7
9  -10
6  -1
14  -6
10  -7
12  0
4  -7
12  -2
12  -3
8  -3
6  3
12  -1
5  2
7  2
10  -5
11  -2
12  0
14  -6
16  8
6  5
17  3
8  -4
13  8
13  5
7  -1
9  -8
10  -2
5  3
10  -2
12  0
5  1
9  -5
3  10
7  0
5  4
9  -7
6  1
8  -2
16  5
10  -1
8  -5
10  -6
12  -1
9  -5
12  -5
11  -5
17  2
15  2
12  -5
13  10
9  -8
11  -3
11  -6
8  -4
10  -5
8  -1
10  -1
14  -10
9  -7
8  -2
9  -7
10  -2
13  8
8  1
8  -1
8  -5
22  -2
7  1
8  -4
13  7
12  0
5  1
10  -3
9  -4
10  -1
7  1
9  -7
9  -8
9  -10
7  -1
11  -1
8  -3
5  -1
8  -5
16  4
11  -3
8  0
11  0
10  -7
6  4
12  -5
12  -1
10  -4
11  -3
15  -2
10  -1
10  -4
10  -5
7  2
7  2
10  -7
10  -5
8  -1
5  3
12  -1
10  -4
10  -2
10  -3
10  -4
11  -6
14  -4
14  -5
8  -2
9  -6
9  -10
9  -7
7  0
11  -6
6  5
15  -1
10  -2
10  -7
11  -2
8  1
13  7
11  -3
10  -5
14  -8
11  -3
9  -4
12  -4
7  -3
6  2
14  -6
7  -2
11  -2
8  -2
10  -2
11  -3
7  -2
21  -2
6  3
7  -3
10  -6
13  10
5  4
11  -5
9  -9
15  2
15  1
8  1
12  0
11  -1
9  -6
9  -9
9  -9
10  -7
8  -3
8  -3
16  7
11  -1
14  -9
14  -8
12  -3
10  -4
5  0
15  1
9  -7
9  -10
11  -6
7  -2
13  6
7  0
6  1
13  9
10  -6
9  -5
10  -5
10  -5
14  -7
9  -6
11  0
18  8
6  1
14  -4
5  3
9  -4
7  1
4  -10
7  0
12  -5
8  -4
8  -1
7  -1
12  0
9  -4
9  -7
14  -4
8  -4
13  9
8  1
11  -1
6  -1
12  0
9  -10
9  -10
15  2
8  -4
8  0
12  -5
14  -9
12  -1
7  3
14  -4
3  8
11  -6
6  5
3  7
