8  0
11  3
11  3
12  1
8  2
10  1
8  2
14  -3
7  6
11  4
5  -5
5  -5
12  -1
5  -3
7  7
5  -5
1  8
6  1
13  1
9  0
4  3
9  0
9  -2
7  8
2  -4
8  1
6  0
14  -3
5  -3
3  -1
8  2
6  2
16  5
6  2
5  -3
10  0
9  -1
8  0
3  -1
8  1
3  0
9  0
5  -5
5  -5
5  -5
9  -1
7  6
7  7
6  1
8  2
15  -5
6  0
9  -1
4  5
10  -1
3  -2
15  -6
7  8
12  1
5  -5
7  8
12  0
7  6
7  8
6  0
7  6
3  -2
10  1
8  2
8  2
9  0
10  -1
11  3
5  -4
8  0
9  0
11  3
6  1
7  6
12  1
7  8
9  0
6  1
7  7
6  0
5  -4
10  1
13  2
10  -1
11  3
7  8
7  6
5  -4
10  -1
8  0
14  -3
7  7
4  3
11  3
5  -4
6  2
8  0
10  0
3  0
9  0
4  5
9  0
7  8
4  4
6  1
11  3
13  1
13  1
12  -1
13  1
6  1
12  -1
8  0
9  -2
7  8
2  -6
11  4
11  3
3  -2
8  2
7  6
8  2
4  5
9  -1
13  2
10  1
11  4
10  1
6  0
7  6
11  3
7  6
7  8
10  -1
6  2
6  1
7  8
7  6
6  1
8  2
3  -2
10  1
11  2
13  1
11  2
11  3
7  7
13  0
9  0
6  1
9  -2
7  7
10  0
7  7
14  -1
13  2
5  -4
13  2
7  8
8  1
7  8
2  -4
8  2
12  1
6  1
10  1
11  3
6  1
4  5
14  -2
11  4
7  8
6  1
5  -3
13  0
11  3
3  -2
11  3
10  -1
7  8
7  7
6  2
14  -1
6  0
9  -2
13  0
10  1
12  0
6  2
5  -4
12  0
8  0
7  7
6  2
10  1
12  -1
12  1
11  3
7  8
10  1
4  5
8  1
6  1
7  7
4  5
5  -5
12  1
3  -2
12  0
4  5
10  0
6  0
14  -1
9  -1
10  -1
4  3
10  1
8  2
7  6
3  0
10  1
0  1
9  0
13  1
6  0
6  2
9  0
9  0
8  1
10  0
9  -2
10  0
5  -5
5  -4
6  0
10  0
9  0
5  -5
5  -5
6  0
10  0
1  8
5  -5
11  4
10  -1
8  2
7  6
8  0
5  -5
7  6
6  1
6  1
10  1
13  2
4  4
7  6
9  -2
5  -5
12  0
9  -2
4  3
6  2
10  1
3  -2
10  0
12  0
7  6
6  1
10  -1
10  0
10  -1
13  0
8  1
9  0
15  -5
6  2
9  -2
6  0
5  -5
1  7
6  2
12  0
7  8
7  8
9  -2
13  2
8  1
10  1
4  3
9  -1
15  -4
10  0
11  3
8  2
3  -2
8  0
11  2
6  2
5  -4
7  6
8  1
5  -5
8  0
5  -4
11  3
6  2
12  0
8  1
6  2
8  1
7  8
6  1
12  1
7  7
9  -2
11  3
7  7
12  1
8  0
4  4
14  -1
10  1
6  2
6  0
6  1
3  -1
6  1
9  -2
9  -1
10  0
7  6
8  0
6  1
6  2
5  -4
13  1
3  -1
7  8
5  -5
4  3
8  1
10  0
2  -4
6  2
9  -2
9  -1
8  1
7  6
10  1
6  2
12  1
8  1
7  8
7  8
3  -2
8  2
4  3
9  -1
8  0
4  4
9  0
9  -2
11  4
6  2
7  7
7  8
9  0
11  4
7  8
7  8
4  4
10  1
5  -5
6  2
8  0
9  -2
8  2
6  0
14  -3
14  -3
4  5
12  1
10  -1
9  0
10  -1
7  7
5  -5
8  0
12  -1
13  1
11  4
4  3
3  -2
10  0
5  -3
7  8
9  -2
9  -2
4  5
8  2
12  0
8  0
12  0
12  1
13  2
11  2
14  -3
7  7
9  -1
12  1
4  3
13  1
11  4
11  3
9  -1
15  -6
7  7
10  0
9  0
11  4
10  1
3  -2
6  0
10  -1
11  2
12  -1
4  4
5  -4
12  0
16  6
7  6
5  -5
6  2
8  2
9  -2
16  6
7  7
8  1
8  2
6  1
5  -3
6  0
9  -1
7  6
9  0
7  8
6  0
9  0
8  2
7  8
9  -2
9  0
6  1
7  8
11  3
5  -5
5  -5
6  2
9  0
9  0
11  3
5  -5
3  -1
9  0
9  -2
11  3
8  0
11  4
8  1
10  -1
6  2
8  2
10  1
12  1
4  5
11  3
10  1
15  -5
8  1
4  5
8  1
10  0
7  7
6  0
8  2
10  0
12  -1
9  0
9  -2
5  -3
5  -4
8  2
7  6
3  0
10  -1
6  0
6  1
8  0
8  0
9  -2
14  -3
7  7
6  1
8  0
5  -5
9  0
8  0
4  3
11  4
9  -2
8  2
5  -5
10  0
13  0
15  -5
11  4
9  -2
7  8
4  4
9  -2
6  1
5  -4
7  6
6  0
8  2
9  -2
7  8
7  8
11  4
6  2
4  5
3  0
13  2
6  1
7  8
6  2
6  0
7  6
5  -3
9  0
10  -1
3  0
9  0
3  -1
10  0
6  1
7  8
4  3
8  0
8  0
4  5
3  -1
5  -3
8  2
6  1
6  2
10  0
8  0
7  7
7  6
10  1
11  3
10  1
5  -3
6  2
8  0
3  -1
10  1
6  2
7  7
6  2
7  7
7  6
13  2
10  -1
10  -1
9  -1
2  -6
8  1
8  0
8  1
8  2
7  6
6  2
11  3
13  0
6  2
6  2
7  7
7  8
5  -5
7  7
10  0
11  3
8  0
4  5
6  1
9  0
11  4
10  -1
5  -5
11  4
6  0
6  0
9  0
8  1
7  7
7  8
6  0
8  0
4  3
10  -1
8  0
5  -5
7  7
5  -5
9  -1
11  2
7  7
10  -1
11  4
9  -1
7  7
4  3
8  2
8  1
7  7
5  -4
2  -6
10  -1
8  0
5  -4
8  0
10  1
11  2
8  1
3  0
9  -1
7  7
3  -2
10  -1
6  0
9  -1
8  1
7  6
6  2
12  -1
5  -5
9  0
8  2
6  2
13  1
3  -2
13  0
5  -5
7  6
9  -2
11  4
8  1
13  1
9  0
9  -2
10  -1
9  -2
8  0
13  2
6  0
9  -1
5  -4
6  0
15  -5
12  1
4  4
5  -5
6  1
8  0
6  2
11  2
3  0
4  3
8  0
15  -6
9  0
4  4
11  4
7  6
5  -5
12  1
7  7
9  0
12  0
5  -4
10  1
8  1
5  -4
3  0
8  1
13  0
7  7
7  7
16  6
8  0
8  0
11  2
6  2
9  0
7  8
5  -3
12  1
9  -2
5  -5
3  -2
12  0
9  0
10  0
10  1
5  -3
6  2
8  0
7  6
8  2
12  -1
19  4
7  8
12  -1
12  1
10  -1
12  1
12  1
8  2
7  7
10  0
13  2
1  6
9  0
9  -2
6  1
6  0
13  0
7  8
7  6
8  2
2  -6
8  2
6  2
6  0
11  2
9  0
6  0
9  -1
7  7
4  4
11  4
9  -2
1  6
4  4
7  7
8  0
7  6
7  6
9  -1
9  -2
8  2
5  -5
9  0
5  -4
13  0
6  0
10  -1
7  7
7  8
9  -2
10  1
9  -1
8  1
12  1
9  -2
8  0
12  1
8  2
13  0
10  -1
9  -2
8  1
10  1
11  3
6  0
5  -4
7  7
10  1
8  1
3  0
7  7
7  7
7  8
6  2
6  2
5  -3
7  6
10  0
7  7
6  2
5  -4
16  6
8  0
10  1
8  1
8  2
10  -1
7  7
4  5
2  -4
12  0
7  6
8  0
9  0
5  -3
6  0
9  -2
5  -5
8  0
12  -1
10  0
10  1
9  -1
8  1
3  0
5  -5
10  1
7  7
8  2
9  -1
10  1
12  1
8  1
6  1
6  1
11  3
12  -1
7  8
3  -2
14  -2
6  0
7  7
12  -1
6  0
10  1
12  -1
4  3
8  1
12  -1
7  8
11  4
7  8
14  -3
8  1
10  0
4  3
8  0
12  -1
6  1
10  1
4  3
5  -3
6  0
6  2
8  2
11  2
11  4
7  7
10  0
6  0
10  1
6  2
6  0
10  0
5  -5
11  2
5  -4
12  1
9  -2
9  -1
9  0
10  1
12  -1
8  0
7  7
3  -1
10  1
10  -1
6  2
9  -2
5  -4
9  -1
9  -1
8  1
3  0
14  -1
12  1
10  0
4  3
3  -2
5  -3
6  2
12  -1
7  7
5  -4
10  1
14  -3
11  4
6  0
7  7
9  0
7  8
8  1
8  0
7  8
4  4
9  -1
9  -1
11  4
10  0
4  4
8  0
6  2
9  -1
7  8
5  -4
10  1
8  2
5  -5
8  2
7  6
8  0
6  0
8  0
5  -3
9  -1
3  0
7  7
9  -2
7  8
11  2
9  -2
5  -4
7  7
4  3
9  0
7  8
11  2
8  0
6  0
9  -2
9  -2
10  1
10  -1
7  7
7  7
9  -1
6  1
7  8
13  2
13  2
5  -5
9  -1
9  0
9  -1
9  0
6  1
10  1
10  1
7  8
9  -1
9  -2
11  2
8  1
7  6
11  3
3  0
11  2
5  -3
6  1
6  0
12  0
5  -4
7  7
8  2
6  1
5  -5
7  6
6  0
9  -1
16  5
3  -2
10  0
