9  0
9  0
7  -5
10  5
15  3
10  7
14  -5
7  -3
13  -3
16  2
9  -1
13  -3
10  6
8  2
13  -5
10  7
11  -5
11  -3
6  0
12  4
10  6
8  2
6  1
13  -5
13  -4
12  4
7  -5
6  0
9  -1
9  -2
10  5
11  -3
11  -5
8  1
15  5
11  -5
5  7
10  6
8  2
16  2
6  1
12  5
8  3
5  6
17  2
9  -2
15  5
11  -3
9  -2
14  -4
15  5
11  -3
15  3
6  0
9  0
10  7
8  3
10  5
11  -5
7  -5
12  6
7  -5
13  -5
9  -1
8  1
10  5
10  6
9  0
9  0
10  7
10  7
15  3
8  3
12  4
10  7
2  2
9  -2
11  -4
7  -4
15  3
10  5
7  -3
10  7
11  -5
6  1
9  -2
17  2
10  6
9  -1
13  -4
15  3
6  0
7  -5
19  -5
7  -4
14  -6
5  6
9  -2
4  1
10  6
12  5
13  -4
6  1
7  -3
7  -5
7  -4
13  -5
3  3
17  2
14  -5
16  3
14  -4
7  -3
11  -3
14  -6
9  -2
3  2
7  -4
9  -2
11  -5
7  -4
10  5
11  -3
10  5
10  7
14  -5
9  -2
15  5
12  6
12  4
12  4
10  6
10  6
14  -6
11  -3
4  -1
10  7
11  -4
11  -4
12  5
17  1
18  4
12  6
9  -1
12  5
6  0
11  -5
8  2
5  7
9  -1
8  2
9  0
10  6
12  4
11  -5
8  3
13  -5
10  7
9  -2
10  6
9  0
12  5
12  6
5  6
16  4
12  5
9  -2
9  -1
6  0
9  -2
9  -2
9  -2
7  -3
15  4
13  -3
10  5
9  -1
7  -5
13  -4
6  0
11  -4
4  1
8  2
15  4
9  -2
12  5
7  -3
6  1
7  -5
12  6
11  -3
13  -4
8  3
10  7
7  -5
10  6
13  -5
12  4
13  -3
14  -6
7  -3
6  1
11  -5
9  -1
17  3
12  6
10  7
11  -5
14  -6
9  -2
11  -4
11  -3
12  5
3  4
6  2
7  -3
7  -4
7  -4
14  -4
11  -3
8  1
9  -1
11  -5
10  6
13  -4
13  -5
12  5
12  4
13  -3
10  6
10  7
9  -1
6  0
13  -5
16  3
10  7
11  -3
8  1
9  0
12  5
12  6
4  1
14  -4
11  -3
9  -1
10  5
11  -3
7  -3
10  6
14  -4
7  -5
12  6
9  -1
11  -3
15  3
10  7
6  0
11  -3
8  1
12  6
10  5
16  3
8  3
14  -4
13  -3
10  7
6  1
8  1
10  6
8  3
12  4
5  5
7  -5
7  -5
15  3
10  7
16  2
10  7
8  3
11  -3
10  6
13  -3
12  6
11  -3
14  -5
10  6
12  5
8  1
10  7
12  6
9  -2
14  -4
10  5
12  5
16  4
5  6
10  7
11  -3
11  -3
9  0
14  -4
13  -3
13  -5
9  0
6  0
8  3
11  -3
10  5
11  -3
7  -5
10  5
8  3
8  2
10  6
14  -5
10  7
5  6
15  5
9  -1
13  -5
15  5
13  -3
8  3
13  -5
8  2
6  1
14  -5
11  -5
11  -3
9  0
10  5
10  5
6  0
8  3
7  -5
10  7
13  -4
9  -1
10  5
11  -5
13  -4
13  -3
14  -5
13  -5
6  2
10  6
11  -3
11  -3
11  -5
11  -3
6  2
16  4
10  6
12  6
8  3
12  6
5  6
13  -3
4  1
11  -3
8  1
13  -5
13  -4
13  -5
7  -3
11  -3
12  5
12  6
14  -4
7  -3
7  -5
11  -4
8  3
11  -4
9  -2
15  3
7  -3
13  -5
13  -5
10  7
10  5
7  -3
4  -1
13  -3
12  5
11  -3
14  -4
7  -4
10  5
10  7
8  1
8  1
19  -6
12  6
7  -5
8  2
9  -2
7  -4
10  5
6  2
15  3
8  1
13  -4
6  2
11  -4
8  2
11  -3
9  -1
7  -4
14  -5
6  2
17  3
12  6
9  0
14  -6
7  -4
6  2
13  -3
5  5
14  -6
15  4
9  -1
13  -3
10  6
11  -5
5  6
7  -3
11  -3
10  7
11  -4
10  6
15  5
9  0
14  -6
5  5
7  -5
8  3
9  0
7  -4
13  -5
6  2
9  0
8  2
12  4
10  6
11  -5
12  4
13  -5
12  6
9  0
12  5
14  -4
10  6
14  -5
9  -2
11  -4
12  4
10  7
10  5
4  -1
8  3
12  5
8  1
6  2
6  1
15  3
10  6
9  -1
14  -6
11  -5
6  1
6  2
5  7
9  0
11  -5
14  -6
12  6
2  3
8  3
9  -2
11  -4
13  -3
13  -5
11  -5
14  -5
5  7
16  3
7  -4
10  7
12  6
10  6
11  -4
11  -5
10  6
11  -5
9  -1
6  0
7  -4
16  2
8  2
5  6
13  -4
10  7
13  -4
9  -1
8  1
6  2
8  1
6  1
7  -3
9  0
12  5
12  4
8  3
4  0
8  2
8  1
5  6
8  2
13  -4
16  2
12  5
16  3
14  -5
6  0
6  0
7  -4
10  6
15  5
7  -4
8  1
7  -4
8  1
17  1
8  2
6  2
9  -2
9  -2
10  5
10  7
6  1
9  -1
14  -6
6  1
10  7
9  -1
7  -5
13  -4
10  6
6  2
6  1
6  2
12  4
12  4
8  1
12  6
8  2
9  -1
9  -2
11  -3
14  -5
9  0
6  1
7  -3
8  2
11  -3
8  2
6  1
13  -5
5  5
11  -4
15  3
12  6
10  6
10  7
13  -5
11  -4
12  5
13  -4
11  -3
13  -4
12  4
8  2
12  4
15  4
11  -5
11  -4
11  -4
8  1
13  -4
11  -5
11  -5
7  -3
10  6
13  -3
4  -1
11  -5
16  2
12  5
9  -1
8  1
14  -6
9  -1
7  -5
10  7
13  -3
13  -4
8  1
12  6
4  0
11  -4
14  -5
9  0
10  6
8  2
10  6
3  3
7  -5
12  6
11  -3
13  -4
11  -4
14  -6
13  -3
6  0
8  3
11  -3
10  6
12  6
7  -5
11  -4
7  -4
13  -4
9  -2
15  5
14  -5
4  0
12  4
11  -5
11  -5
15  5
6  0
6  2
10  6
8  2
9  -1
11  -3
6  0
6  2
12  4
9  -2
8  1
12  6
13  -5
8  1
6  2
10  7
6  0
5  6
10  6
10  5
10  6
8  2
9  -1
7  -5
8  1
13  -3
9  -1
8  3
13  -3
9  -2
9  -2
7  -5
9  0
7  -5
11  -4
10  5
8  3
13  -4
7  -4
11  -3
7  -3
19  -5
10  5
6  0
6  2
10  5
4  1
11  -3
6  2
10  5
10  7
7  -4
9  -2
8  2
15  4
9  -2
7  -4
8  2
9  0
8  1
6  2
8  3
10  7
10  6
9  -2
8  3
11  -5
5  5
8  1
12  5
10  6
10  7
6  0
8  2
12  5
8  2
15  5
12  5
11  -5
14  -6
5  7
10  7
15  4
9  -1
6  0
6  0
8  2
11  -3
13  -4
13  -5
14  -5
8  1
6  1
4  0
7  -3
15  3
15  4
12  6
12  4
15  5
10  7
10  5
7  -4
5  7
7  -5
7  -4
7  -5
13  -5
20  -6
6  2
8  2
8  3
9  -1
9  -1
6  0
5  5
7  -5
12  5
9  -2
13  -4
12  6
13  -4
3  3
3  3
10  5
10  6
8  3
6  2
11  -5
6  0
6  1
4  -1
4  -1
8  1
14  -6
4  0
7  -5
15  5
13  -3
13  -4
12  6
11  -3
15  3
9  -1
7  -4
5  7
9  -1
12  5
10  6
12  5
9  -2
14  -5
6  1
11  -4
8  1
3  2
7  -5
9  0
7  -4
10  5
13  -5
15  5
17  3
9  -2
9  -2
7  -4
9  -1
5  5
16  3
17  2
11  -4
12  5
9  -1
12  4
19  -7
5  5
9  0
12  6
10  5
10  6
13  -5
6  0
9  -2
11  -3
9  0
8  1
12  4
10  7
10  7
17  1
14  -6
13  -4
9  -1
9  -1
9  -2
10  6
10  5
9  -1
11  -3
8  3
9  0
9  0
17  2
6  2
16  3
9  -1
15  3
8  3
7  -3
15  4
12  5
10  6
6  1
9  -2
11  -3
13  -5
7  -4
13  -5
9  0
10  6
10  6
18  6
10  7
12  4
11  -3
5  6
10  7
12  4
10  6
11  -4
11  -3
10  6
11  -5
17  2
13  -3
9  -1
8  1
12  6
12  4
6  2
16  3
16  2
7  -5
11  -4
6  1
6  2
10  5
8  3
7  -4
13  -5
7  -4
11  -5
13  -4
12  6
9  -1
16  3
13  -4
15  5
10  6
16  2
10  7
12  4
10  6
6  0
16  2
13  -3
12  6
12  5
10  7
8  2
4  0
11  -4
4  -1
10  6
13  -5
10  5
12  5
12  5
9  0
9  -1
7  -4
15  5
6  2
12  5
9  -1
14  -6
4  -1
12  4
9  0
9  -2
9  0
11  -4
13  -4
15  4
9  0
12  6
8  1
8  2
13  -4
11  -4
13  -3
14  -4
13  -3
14  -6
4  1
12  4
7  -3
13  -4
5  7
8  2
9  0
10  5
10  5
9  -1
8  3
6  0
12  6
8  3
4  0
7  -3
5  6
8  2
14  -5
12  4
11  -3
9  0
14  -5
13  -5
9  0
7  -3
20  -6
10  7
15  5
8  1
18  5
6  1
7  -5
20  -5
10  5
13  -5
2  4
6  0
12  6
15  5
13  -4
12  5
7  -4
10  6
9  -2
9  0
12  6
13  -3
9  -1
4  0
17  2
10  7
9  -1
4  0
10  6
