7  -6
7  -4
10  0
7  -4
7  -4
5  -6
5  -5
9  -4
12  5
7  -4
10  -2
7  -4
10  0
13  4
11  -1
9  -3
10  -1
8  -4
6  4
6  4
8  -3
8  -3
8  -5
5  -5
12  5
10  0
8  -3
5  -5
5  -5
10  0
13  5
13  5
8  -5
7  -4
11  0
5  -5
7  -5
13  6
6  5
7  -6
4  2
7  -5
7  -6
7  -6
5  -5
9  -3
11  1
10  -2
7  -5
11  -1
7  -4
6  3
11  1
13  6
7  -5
14  -5
8  -3
9  -4
5  -4
10  0
10  0
14  -3
7  -6
7  -4
11  1
12  5
4  0
13  6
4  1
6  5
8  -5
9  -3
14  -4
12  4
10  -1
14  -3
4  0
5  -4
13  4
12  3
7  -6
4  1
6  4
9  -2
8  -3
7  -4
5  -5
10  -1
10  -2
9  -3
3  5
11  -1
6  5
7  -5
6  4
5  -4
3  5
15  6
8  -3
7  -4
11  -1
6  3
6  5
14  -5
7  -5
7  -5
8  -5
9  -4
7  -4
12  5
6  5
15  4
8  -4
12  3
6  3
8  -4
9  -4
6  5
5  -5
12  3
6  5
6  4
8  -5
4  2
14  -4
3  4
7  -5
7  -5
3  6
6  5
7  -4
5  -6
7  -6
10  -1
8  -4
8  -5
8  -4
8  -5
7  -4
6  4
4  2
9  -4
4  0
9  -3
8  -4
8  -5
6  5
8  -5
6  5
3  5
5  -4
9  -4
5  -6
7  -6
12  4
10  -1
9  -2
13  6
7  -6
10  -2
9  -2
11  -1
10  0
8  -4
9  -2
9  -3
9  -2
8  -3
12  5
4  2
13  5
8  -5
11  0
11  0
9  -3
11  1
9  -2
10  -2
5  -6
9  -2
7  -5
10  0
6  3
8  -3
3  4
9  -3
9  -3
7  -6
9  -3
8  -3
4  0
13  5
12  3
7  -4
12  4
9  -3
8  -5
5  -5
9  -4
11  0
7  -5
12  4
8  -4
10  -1
10  -1
6  5
6  5
6  5
6  3
12  5
10  -2
10  0
8  -3
9  -2
9  -3
8  -4
8  -5
8  -5
9  -3
12  5
10  0
8  -5
11  1
9  -2
5  -6
8  -5
6  4
8  -3
7  -4
7  -5
6  5
9  -2
12  3
10  -2
6  5
9  -2
5  -4
7  -4
6  5
12  4
10  0
8  -5
9  -2
11  0
9  -3
10  0
4  2
8  -3
7  -6
4  0
8  -3
9  -3
12  4
5  -6
7  -6
8  -5
6  4
4  1
9  -4
13  5
7  -6
8  -3
11  0
10  -1
5  -5
7  -5
16  6
10  -2
13  6
3  6
7  -6
13  6
6  3
3  5
6  5
8  -4
7  -6
13  6
8  -3
7  -5
8  -5
9  -2
9  -4
9  -2
9  -4
4  2
7  -5
4  1
7  -5
8  -4
9  -4
8  -5
5  -4
9  -4
7  -5
5  -6
6  4
13  6
7  -5
6  3
12  4
3  6
4  1
2  -4
7  -4
7  -5
8  -3
11  1
10  -1
10  -1
6  3
10  -2
6  4
6  5
9  -4
8  -5
5  -4
7  -6
12  3
5  -4
7  -6
6  5
6  5
9  -2
11  -1
11  -1
6  5
5  -6
9  -4
5  -5
2  -6
9  -3
7  -6
6  3
5  -4
7  -6
11  0
9  -2
6  5
5  -4
8  -4
6  3
9  -2
7  -4
9  -2
9  -3
12  3
12  3
8  -4
16  7
3  6
8  -3
4  1
9  -3
8  -5
6  5
8  -4
10  -2
8  -4
9  -3
5  -5
11  -1
8  -3
7  -5
10  0
4  1
14  -5
2  -5
8  -3
10  -2
9  -4
6  5
10  0
10  -2
11  0
7  -4
4  0
7  -6
7  -5
4  1
4  1
8  -4
11  0
5  -4
8  -3
11  1
9  -3
4  1
8  -3
12  4
6  5
6  5
7  -5
4  1
7  -4
4  1
10  0
9  -3
3  4
7  -4
8  -3
4  0
11  -1
8  -3
9  -2
6  4
7  -6
7  -4
15  4
7  -5
11  -1
11  -1
12  4
8  -4
13  5
7  -6
8  -3
6  3
9  -2
6  4
5  -4
8  -3
9  -2
8  -4
8  -4
5  -6
10  -2
12  4
7  -4
7  -6
10  0
6  3
9  -3
15  4
11  0
7  -5
11  0
7  -5
4  0
8  -4
12  3
5  -5
8  -4
9  -3
6  4
12  4
6  5
9  -4
8  -4
10  0
11  1
7  -4
7  -4
12  5
10  0
10  -2
7  -4
8  -4
12  3
7  -6
7  -6
4  0
5  -5
9  -4
6  5
8  -3
7  -6
6  3
10  -1
5  -4
12  4
7  -5
7  -6
11  0
9  -4
4  1
6  5
10  -1
7  -4
10  -1
10  -2
7  -5
14  -3
6  5
7  -5
6  3
9  -3
7  -5
9  -3
7  -4
6  3
12  5
6  3
7  -4
3  5
7  -6
9  -3
11  -1
5  -4
3  6
10  0
9  -4
8  -3
5  -6
11  1
6  3
8  -3
7  -4
4  2
9  -3
6  3
9  -2
8  -5
6  3
7  -5
6  3
11  0
12  4
10  -1
3  5
13  4
7  -5
9  -3
13  6
7  -4
7  -5
11  1
4  2
6  3
7  -6
2  -6
7  -4
11  0
4  0
11  -1
11  -1
5  -6
8  -3
8  -3
11  -1
10  -1
3  4
10  -1
7  -6
11  -1
6  4
13  5
12  5
6  3
10  -1
8  -4
12  3
12  3
8  -3
8  -5
4  0
9  -3
13  5
5  -4
5  -4
10  0
9  -4
6  5
6  4
6  3
4  2
10  -2
9  -2
7  -5
9  -3
11  1
10  -2
11  0
8  -5
11  -1
11  -1
13  5
5  -4
10  0
4  1
4  1
7  -5
7  -4
1  5
3  4
6  5
6  3
12  5
10  -1
9  -2
8  -3
9  -3
7  -5
9  -4
3  6
6  5
13  5
5  -4
8  -3
9  -2
6  5
10  0
8  -3
7  -5
3  6
7  -6
11  -1
10  -2
5  -4
3  6
7  -4
5  -6
11  0
5  -6
6  5
8  -5
8  -5
6  4
7  -6
5  -5
6  4
4  2
11  1
6  3
11  0
7  -4
8  -4
12  3
8  -4
5  -6
9  -4
8  -4
8  -3
12  4
10  0
10  -2
13  4
3  6
10  0
8  -4
9  -2
7  -5
6  5
12  3
15  6
9  -4
9  -3
5  -5
6  3
6  4
10  -1
5  -4
10  -1
9  -2
9  -3
9  -4
3  4
10  -1
11  1
12  3
6  4
7  -6
7  -6
9  -2
5  -5
8  -3
7  -6
6  4
8  -5
4  1
10  -1
9  -3
11  1
8  -4
7  -5
11  0
11  0
5  -6
6  4
9  -4
7  -5
5  -4
9  -2
11  1
4  1
6  3
9  -3
12  4
3  5
12  4
15  5
6  3
10  0
5  -5
6  3
7  -4
9  -4
8  -3
4  1
3  4
9  -3
10  -1
9  -3
8  -5
8  -3
6  3
7  -5
11  -1
7  -6
14  -3
8  -5
6  5
4  2
15  6
9  -4
11  -1
8  -3
7  -4
1  4
8  -5
7  -6
8  -3
12  3
6  4
3  5
10  -1
7  -6
6  3
7  -6
9  -2
9  -4
7  -6
12  3
9  -3
8  -5
8  -4
11  1
9  -4
6  5
11  -1
8  -4
5  -6
7  -4
10  0
5  -6
11  1
7  -4
4  1
9  -3
7  -6
10  -2
11  0
6  3
10  0
10  -1
12  3
5  -6
9  -4
7  -4
11  0
14  -3
9  -4
3  4
12  3
10  0
9  -4
8  -4
9  -3
8  -4
5  -6
8  -5
8  -4
5  -6
12  4
6  3
3  6
5  -5
7  -5
8  -3
3  6
9  -3
11  -1
4  1
4  2
6  3
12  5
6  5
11  1
14  -5
13  5
9  -4
8  -5
8  -5
16  7
5  -4
5  -5
9  -4
12  3
7  -4
8  -4
6  3
8  -5
5  -5
10  0
7  -6
8  -3
8  -3
9  -2
11  1
12  3
8  -3
8  -3
9  -3
10  -2
10  -2
4  0
9  -3
5  -5
6  4
9  -2
6  5
12  4
8  -3
8  -4
9  -3
6  3
8  -3
6  5
6  3
4  2
4  1
5  -4
10  -1
10  -2
14  -3
8  -5
7  -4
9  -4
9  -2
6  5
6  3
13  6
8  -5
8  -5
5  -4
8  -3
9  -2
8  -5
6  5
5  -5
5  -6
8  -5
8  -3
6  3
5  -5
13  4
5  -6
5  -4
10  -2
6  5
13  6
5  -6
7  -4
10  -1
14  -4
11  -1
6  4
10  -1
4  1
3  4
7  -4
8  -5
8  -3
9  -2
8  -5
12  5
10  0
10  -1
9  -2
8  -5
10  -1
8  -4
5  -6
11  1
10  -2
11  0
5  -6
9  -2
8  -3
4  2
8  -4
8  -5
8  -3
7  -5
6  3
12  3
10  0
5  -6
5  -5
3  5
7  -4
7  -4
7  -5
6  3
9  -3
6  3
8  -5
12  3
6  5
8  -5
9  -2
6  5
4  0
15  6
7  -6
5  -4
8  -3
5  -6
3  5
6  5
10  0
10  -1
7  -6
8  -5
7  -4
12  4
7  -5
9  -3
10  0
6  4
11  1
9  -4
9  -4
11  1
9  -2
10  -1
2  -6
11  -1
13  6
7  -4
9  -2
15  4
7  -4
12  4
7  -5
7  -4
8  -4
3  5
6  5
9  -2
3  4
11  -1
7  -4
3  5
4  0
10  0
9  -3
12  3
4  2
9  -3
9  -3
6  3
11  0
7  -5
5  -5
6  5
6  3
11  1
10  -2
10  -2
6  5
8  -5
6  4
9  -2
7  -6
4  0
8  -5
6  5
9  -4
10  -2
8  -4
7  -5
8  -5
8  -3
11  -1
10  -1
7  -4
13  6
5  -5
12  3
11  -1
6  5
9  -3
9  -2
10  -2
12  4
10  -2
3  5
5  -5
7  -5
