6  -8
11  1
9  1
6  -7
5  0
14  7
13  6
6  -5
11  3
7  1
8  7
5  -1
12  -3
8  4
7  0
14  9
12  -5
11  1
10  1
9  0
11  5
10  1
12  -3
13  8
12  -3
16  1
5  -4
7  -1
16  2
11  1
7  -2
2  3
10  2
8  4
9  1
6  -8
9  2
7  0
13  4
12  -4
13  7
13  4
8  7
15  3
14  7
7  2
9  0
13  6
10  1
13  4
14  7
13  5
9  1
9  0
12  -4
7  2
14  9
5  -3
10  2
18  1
8  7
15  7
12  -1
10  1
15  6
8  4
5  -4
8  4
9  -2
9  2
11  2
11  1
13  7
13  5
13  8
10  2
11  5
18  2
12  -4
15  5
7  -2
9  1
12  -5
6  -6
9  -1
11  4
8  8
12  -1
8  8
12  -5
7  1
13  4
9  0
9  0
9  -1
5  0
14  5
11  4
15  6
10  3
9  1
10  4
12  -5
13  4
9  2
8  8
11  4
14  5
8  5
15  7
12  -1
11  4
14  5
14  7
12  -1
8  4
3  0
7  -2
13  5
7  -1
8  5
13  6
11  5
9  -2
5  -4
9  -1
14  7
11  1
9  -2
8  4
12  -2
11  3
7  0
8  5
9  1
6  -7
6  -6
10  0
14  8
5  -3
9  1
13  7
11  5
9  1
5  -1
17  -4
6  -8
13  8
9  0
4  2
11  1
8  6
13  7
7  1
13  6
11  1
9  0
7  2
14  9
4  1
10  1
7  -1
9  -2
17  -4
8  5
8  5
9  2
10  4
6  -7
16  -2
8  6
13  6
13  6
11  2
9  0
8  5
7  2
9  -1
9  0
11  2
10  4
7  2
8  5
10  1
11  4
8  8
3  1
8  4
11  2
13  5
13  4
15  3
14  5
15  4
16  0
10  1
7  -2
10  2
7  2
10  3
14  9
7  -1
12  -1
5  -2
5  -2
5  -3
13  8
13  8
9  -1
7  1
19  -1
9  2
12  -5
8  4
7  2
10  1
9  2
11  4
5  -4
12  -3
7  0
12  -2
11  1
10  1
17  -3
10  4
4  1
8  7
14  5
9  2
10  2
11  3
13  5
8  6
10  0
17  -3
12  -1
6  -8
7  -2
8  7
13  4
8  8
15  3
16  0
13  5
9  -1
8  8
9  -2
11  5
13  5
10  3
6  -7
14  9
7  0
4  1
12  -1
11  2
5  -3
7  2
11  5
5  -3
8  4
7  -1
11  5
6  -4
12  -2
13  6
7  0
12  -5
15  3
4  0
11  4
14  9
11  2
6  -4
9  1
15  4
12  -2
10  3
7  0
9  0
14  5
15  3
10  2
9  0
5  -4
7  1
9  -2
3  1
9  -1
7  1
6  -7
7  1
10  1
7  0
8  8
9  -1
14  9
12  -2
10  1
10  0
11  3
11  2
16  0
7  0
6  -7
6  -6
7  -1
9  0
12  -3
6  -5
9  -2
9  -2
7  0
11  3
8  5
12  -4
7  0
6  -4
11  2
13  4
9  0
8  5
6  -7
14  5
9  2
12  -1
10  2
13  4
8  7
12  -4
13  6
9  1
14  6
8  8
16  -1
10  3
11  4
7  -1
9  2
10  1
10  1
7  0
4  -2
6  -5
13  4
13  7
15  4
15  5
13  8
8  6
8  8
17  0
12  -4
10  3
6  -5
3  0
3  -1
15  3
8  8
14  5
11  1
8  8
5  0
7  -2
7  2
12  -1
13  7
8  5
9  -1
9  -2
12  -3
3  -1
11  4
7  -2
8  4
12  -3
12  -4
6  -7
9  0
9  0
7  0
14  5
17  -4
8  4
13  5
10  2
7  2
9  -2
7  0
6  -7
9  -1
11  5
7  -2
11  1
10  2
12  -5
16  -2
15  4
11  4
10  3
8  6
10  1
7  1
13  8
15  7
13  7
10  3
6  -5
6  -8
14  7
7  1
12  -3
3  -2
11  2
10  3
12  -2
7  2
7  -1
12  -2
11  3
6  -4
8  7
10  3
7  2
14  9
11  5
8  7
5  -4
9  2
13  7
9  2
9  1
8  7
15  4
10  2
10  4
4  -2
8  4
6  -6
9  0
8  6
3  1
9  2
12  -1
6  -4
12  -1
10  1
7  1
16  -1
11  5
6  -7
10  1
13  6
7  0
11  4
8  8
5  0
13  7
5  -4
9  1
11  1
8  7
8  7
8  8
6  -6
14  6
4  1
11  4
11  5
17  -4
14  5
7  1
13  7
8  6
7  2
7  0
12  -1
8  6
10  1
6  -6
10  1
7  -1
14  9
12  -2
16  -2
8  6
14  9
12  -4
11  1
15  4
7  -1
15  5
8  6
8  7
7  -1
8  8
9  -1
5  0
12  -5
11  1
10  0
10  3
12  -3
10  0
10  1
8  6
10  2
8  7
8  8
11  4
10  0
9  1
19  -3
5  0
13  4
11  4
10  4
13  6
8  8
10  3
9  -2
9  -2
9  2
11  4
8  8
9  0
13  5
15  7
12  -5
13  6
10  4
10  0
9  -2
5  -2
6  -7
8  4
7  -1
8  8
6  -8
10  2
11  2
15  4
10  3
14  7
11  4
10  2
11  4
15  7
12  -1
10  4
11  4
12  -1
13  7
12  -2
6  -6
11  3
10  0
7  1
9  2
13  6
13  8
10  0
11  3
8  5
12  -3
11  3
11  1
10  3
8  7
13  6
14  8
10  3
11  3
12  -3
7  2
9  -1
11  4
10  0
8  8
13  7
7  -1
7  2
12  -3
12  -3
13  5
4  -2
8  8
4  -2
9  2
9  1
10  2
13  8
12  -1
9  -2
8  5
11  1
10  4
6  -8
6  -7
16  2
5  -2
12  -1
18  -1
11  2
10  3
9  -2
8  5
8  5
8  4
7  0
12  -5
4  -2
4  0
13  8
10  4
10  0
10  4
11  3
10  1
11  1
8  8
14  8
15  5
9  -1
12  -2
5  -4
11  1
10  1
19  -1
8  5
14  7
13  6
11  2
13  4
6  -5
21  -2
13  5
3  -2
8  7
5  -4
13  8
9  0
9  -2
10  4
14  5
12  -2
6  -6
12  -5
5  0
14  6
13  4
14  7
10  1
10  3
9  2
8  7
9  -1
8  5
21  -3
12  -2
10  0
7  -2
9  1
11  3
13  8
11  3
10  1
10  0
6  -8
6  -8
11  2
11  2
16  0
8  4
11  4
14  5
5  -2
10  1
11  3
12  -4
7  0
17  -2
7  1
10  1
12  -5
7  1
10  0
13  5
8  7
7  -1
14  7
5  -2
8  7
12  -4
9  0
10  3
11  1
9  2
8  7
12  -3
10  4
5  -3
7  -1
4  2
10  4
10  3
7  -1
9  2
9  -1
7  -2
6  -4
16  2
11  3
14  6
13  8
13  7
7  0
5  -1
10  2
6  -8
10  2
9  1
12  -3
8  5
9  0
9  -1
11  5
13  7
9  -2
6  -6
10  2
13  5
15  4
10  2
6  -4
10  1
8  7
6  -6
10  3
5  -3
14  5
8  5
9  2
7  0
13  7
9  -2
10  2
14  8
7  -1
6  -8
10  3
2  5
15  3
10  4
16  -1
11  3
9  -1
7  2
17  -1
10  1
6  -4
9  1
11  2
13  7
13  4
11  5
14  5
9  1
11  2
13  4
11  1
3  0
13  6
8  8
9  1
12  -5
6  -7
10  2
11  4
13  8
13  8
10  3
8  6
4  1
13  8
13  6
12  -1
11  4
9  2
7  1
4  -1
8  4
5  0
11  1
7  1
8  7
9  1
10  4
8  8
8  6
4  2
12  -2
5  -2
9  1
5  0
7  0
17  -1
9  0
14  9
7  -2
8  4
10  2
3  0
6  -6
3  1
7  -1
14  5
10  4
6  -4
9  2
9  0
11  4
8  7
11  2
13  5
14  7
5  -1
15  3
12  -3
8  7
16  2
12  -5
11  3
10  4
14  8
10  1
14  8
8  5
5  -3
11  1
10  4
15  3
9  -1
7  -2
11  2
8  4
8  6
8  8
10  3
12  -1
5  0
12  -5
12  -4
7  1
14  5
11  3
16  1
10  2
8  4
12  -1
9  0
7  1
13  5
14  8
16  -1
12  -2
12  -1
20  4
9  -1
9  0
8  4
14  5
5  -2
10  1
11  1
14  8
5  -3
13  8
8  6
9  1
17  -3
3  0
12  -3
14  7
13  8
8  4
6  -5
4  -1
7  1
8  5
13  4
10  0
9  -1
10  3
13  6
14  6
18  0
9  -2
12  -2
13  7
14  8
12  -3
13  8
9  -1
10  1
14  8
8  5
9  0
13  6
5  -2
11  4
3  0
12  -5
8  8
7  1
9  -1
7  -1
4  0
8  6
6  -7
6  -4
9  1
8  7
10  0
8  6
11  4
6  -5
12  -3
9  0
14  8
13  4
8  6
6  -5
12  -5
10  0
8  7
9  1
9  0
7  2
12  -5
8  4
8  8
11  1
5  -2
6  -4
7  2
6  -4
7  0
7  -2
9  1
10  0
15  6
1  2
9  -2
14  6
7  1
9  0
5  -1
11  3
10  4
11  2
10  3
6  -8
16  1
7  -2
16  -2
4  0
12  -3
10  4
18  1
9  0
18  0
6  -5
8  7
10  3
13  4
10  1
6  -5
11  5
13  4
13  6
11  5
11  3
9  0
11  3
11  4
7  2
6  -6
9  -2
11  2
8  8
14  7
9  0
13  7
7  1
11  1
14  7
13  6
9  -1
