6  -1
7  6
8  -5
11  1
10  -1
7  7
12  0
10  -3
11  2
10  -3
10  -2
8  -5
9  -1
10  -2
9  -1
8  -3
14  -8
4  5
6  -2
8  -3
8  -5
8  -4
6  -2
7  7
12  0
9  -2
6  -1
5  4
7  6
9  -2
7  6
10  -3
9  -3
13  -3
10  -2
5  4
6  -1
10  -2
10  -2
8  -4
8  -3
5  4
12  0
15  -7
9  -2
4  5
8  -5
11  3
7  6
11  2
9  -2
9  -2
6  -2
3  -1
12  1
8  -5
10  -1
10  -2
9  -1
13  -3
10  -2
9  -2
13  -2
9  -1
7  6
10  -3
9  -2
4  7
5  5
7  8
8  -5
6  -1
9  -2
10  -3
8  -4
13  -2
7  7
11  3
5  6
8  -5
10  -2
6  -2
11  2
9  -3
8  -3
8  -3
7  7
5  4
7  8
10  -2
6  -2
12  -1
4  6
6  -2
8  -5
13  -4
10  -1
9  -2
8  -3
6  -1
7  8
5  4
9  -3
12  1
4  6
5  4
6  -2
8  -3
5  4
8  -4
7  7
6  -3
3  -2
9  -2
6  -1
7  7
6  -3
10  -2
5  6
12  0
8  -5
8  -3
10  -3
7  7
8  -3
6  -2
6  -1
7  7
8  -5
7  7
6  -3
6  -3
9  -3
7  7
10  -3
6  -2
13  -3
9  -3
9  -1
6  -2
12  -1
9  -2
7  6
7  7
6  -2
2  0
9  -2
5  4
11  2
7  8
8  -4
8  -4
8  -4
5  4
7  7
6  -1
6  -1
10  -2
7  8
8  -3
8  -4
5  5
4  5
12  0
3  -1
9  -3
8  -5
8  -4
11  2
6  -3
9  -1
9  -3
8  -4
6  -1
6  -2
14  -8
6  -3
12  -1
3  -2
7  8
7  8
14  -8
14  -8
8  -4
4  5
5  5
4  6
5  5
12  1
4  7
6  -2
7  6
8  -3
8  -3
9  -2
4  6
11  2
7  6
10  -1
7  6
6  -2
9  -2
5  4
12  0
6  -3
7  8
6  -2
8  -5
8  -5
10  -3
11  3
7  7
6  -2
11  1
7  7
8  -5
11  3
6  -2
7  6
9  -2
7  8
14  -6
8  -3
6  -2
5  6
9  -2
11  3
12  -1
10  -1
5  5
3  -1
9  -2
9  -1
12  0
11  3
5  5
12  0
3  -1
8  -5
11  2
9  -3
10  -3
8  -5
12  1
11  2
9  -2
13  -4
8  -5
12  -1
11  3
13  -3
9  -1
8  -3
9  -1
6  -3
7  6
2  0
5  6
10  -3
5  4
13  -4
5  5
9  -1
8  -3
8  -5
9  -2
4  7
7  6
6  -2
17  -8
8  -4
6  -1
7  7
8  -5
5  5
7  6
13  -2
14  -8
7  7
7  8
11  2
8  -4
14  -8
13  -2
7  6
9  -1
12  1
9  -3
10  -2
9  -1
5  6
3  -2
7  8
11  1
8  -3
7  7
3  0
3  0
13  -4
8  -4
5  5
5  6
11  3
6  -1
12  1
10  -3
9  -3
9  -3
7  8
15  -6
10  -2
6  -2
5  5
7  6
6  -3
6  -1
8  -5
10  -3
6  -1
8  -3
11  1
5  5
5  5
4  6
9  -1
7  7
8  -4
8  -3
9  -2
11  1
9  -3
7  8
16  5
7  7
11  1
13  -4
9  -3
9  -3
6  -3
6  -3
9  -2
4  5
12  1
4  5
18  -3
9  -1
10  -3
10  -3
9  -1
8  -4
10  -3
9  -3
14  -7
7  6
7  8
8  -3
8  -4
6  -1
9  -3
6  -1
10  -1
8  -3
12  0
7  8
12  -1
3  -2
9  -3
4  6
10  -1
6  -1
9  -3
8  -3
10  -3
6  -2
10  -2
12  0
8  -5
9  -2
6  -3
10  -1
10  -1
16  3
10  -3
7  8
10  -3
7  7
10  -2
7  8
12  -1
10  -3
8  -4
8  -4
8  -3
4  7
9  -3
17  -6
11  1
5  5
11  1
11  3
6  -3
9  -2
12  1
5  4
8  -4
4  6
10  -3
9  -1
5  6
8  -5
8  -3
10  -3
7  6
7  7
9  -1
9  -2
6  -3
5  6
5  5
10  -1
12  1
4  7
12  1
5  6
4  5
9  -3
14  -8
5  5
14  -7
6  -2
8  -3
7  6
6  -1
9  -3
10  -2
8  -4
11  3
9  -3
11  1
10  -2
9  -1
4  6
10  -3
14  -6
4  6
8  -4
12  -1
7  8
6  -3
8  -4
13  -2
9  -3
9  -1
10  -1
15  -6
5  4
9  -2
8  -3
8  -3
9  -1
11  3
7  7
7  6
7  8
5  4
9  -3
10  -3
0  7
6  -3
3  -2
3  -1
11  1
8  -5
8  -3
6  -1
6  -1
12  0
6  -3
11  3
9  -2
9  -3
7  7
9  -2
8  -5
5  4
5  6
12  1
8  -5
7  7
15  -7
8  -4
6  -3
8  -4
8  -5
12  1
5  4
6  -2
8  -3
11  2
9  -3
7  8
9  -1
11  2
11  1
14  -8
9  -1
11  1
2  1
10  -1
3  0
9  -3
5  5
8  -5
4  7
4  5
7  8
6  -1
10  -3
11  3
6  -3
4  6
9  -1
9  -1
6  -2
11  3
11  2
10  -3
11  2
5  5
4  7
4  5
9  -2
1  -2
6  -3
16  4
9  -1
6  -2
5  6
8  -4
6  -2
5  6
10  -2
14  -6
8  -5
7  6
8  -3
8  -5
8  -4
5  5
11  3
10  -1
7  8
11  1
10  -2
9  -3
5  5
8  -3
11  2
6  -3
8  -5
9  -1
6  -2
9  -1
8  -4
11  2
12  0
8  -5
11  1
7  6
10  -1
7  6
9  -3
13  -4
7  6
8  -5
7  7
5  5
14  -8
13  -4
5  5
6  -3
5  6
9  -2
9  -2
12  0
10  -2
6  -2
4  5
6  -3
9  -1
7  7
8  -5
11  3
6  -1
5  6
9  -2
7  6
7  8
8  -4
8  -3
5  4
6  -3
12  1
4  5
12  -1
12  -1
12  1
6  -3
9  -1
9  -3
8  -4
7  6
8  -4
9  -2
8  -3
14  -6
7  8
8  -3
4  5
7  6
3  -1
10  -2
9  -2
6  -3
8  -5
6  -1
9  -1
8  -3
6  -3
6  -3
13  -2
10  -1
7  8
9  -1
4  5
9  -3
4  6
5  4
7  7
11  2
8  -5
6  -2
9  -3
8  -3
14  -8
5  4
6  -3
11  3
4  5
7  6
10  -1
5  5
7  6
5  5
12  1
12  1
7  8
7  6
13  -4
9  -1
7  8
9  -1
6  -2
3  -2
8  -3
8  -5
7  7
8  -3
11  2
12  -1
10  -2
4  5
7  8
9  -2
6  -3
8  -4
9  -3
10  -3
10  -3
6  -3
8  -5
8  -4
12  -1
4  7
7  7
11  2
8  -4
5  4
6  -3
5  4
5  6
10  -2
11  2
5  5
8  -4
7  8
7  8
5  5
8  -3
4  6
7  7
12  -1
13  -3
4  7
6  -2
7  8
8  -4
2  -1
8  -5
7  6
6  -1
7  6
3  -2
7  7
8  -3
11  1
4  6
7  6
10  -3
10  -2
8  -5
5  6
6  -3
4  5
4  5
5  5
4  5
12  1
6  -1
6  -1
7  8
5  5
6  -1
8  -4
9  -1
6  -1
6  -1
9  -2
13  -2
12  0
6  -2
7  8
8  -5
10  -1
8  -5
10  -3
11  2
8  -4
12  1
11  3
10  -1
7  6
5  6
7  7
10  -1
13  -2
12  0
11  3
9  -2
9  -1
6  -2
9  -2
5  6
9  -3
8  -4
10  -2
6  -2
8  -5
12  -1
7  7
4  5
8  -3
5  6
9  -2
8  -5
5  6
4  6
7  8
5  6
12  0
8  -5
8  -3
11  1
10  -3
10  -1
7  6
7  7
8  -5
8  -5
11  2
4  7
11  3
8  -3
7  6
4  7
5  6
8  -5
9  -3
8  -5
8  -3
7  7
7  6
8  -3
9  -1
7  6
3  0
3  -2
6  -1
8  -5
10  -3
9  -3
11  1
12  -1
16  5
12  -1
7  6
15  -7
13  -2
4  7
3  -2
7  7
8  -4
7  6
7  8
8  -4
9  -1
6  -2
10  -2
7  6
7  6
8  -3
8  -4
5  6
4  6
7  8
8  -4
7  6
11  3
8  -4
7  6
4  7
7  7
7  8
8  -3
11  1
5  5
8  -5
9  -2
5  5
12  -1
14  -7
9  -3
9  -2
8  -4
9  -1
9  -1
7  7
8  -3
11  1
10  -3
7  7
6  -2
14  -8
9  -1
8  -4
6  -2
7  8
8  -4
9  -2
11  3
11  2
9  -1
11  2
7  7
9  -1
2  -1
10  -3
7  6
11  3
9  -1
10  -3
9  -3
8  -5
8  -5
11  3
5  4
11  1
12  1
4  7
6  -1
8  -3
4  6
14  -8
10  -3
7  8
8  -5
9  -2
5  6
12  -1
4  7
5  4
6  -1
7  7
12  0
11  3
7  8
3  -1
7  6
6  -3
7  8
8  -5
6  -1
12  -1
10  -1
17  -6
11  2
7  7
7  8
6  -2
9  -3
4  6
7  7
5  5
10  -2
9  -1
12  0
14  -7
6  -2
6  -3
9  -1
7  7
11  3
9  -3
5  5
9  -1
5  4
7  8
9  -2
7  6
10  -3
6  -1
8  -3
5  5
9  -1
11  2
8  -4
6  -2
6  -3
7  8
4  7
9  -1
11  2
3  -1
7  7
7  6
11  1
9  -1
8  -5
5  4
16  3
9  -3
5  4
9  -2
10  -3
9  -1
7  8
6  -1
5  5
7  7
7  8
7  7
10  -1
8  -5
4  5
6  -3
4  7
9  -2
4  7
9  -2
9  -3
11  3
6  -2
7  7
8  -5
7  8
7  6
8  -5
12  0
10  -2
6  -2
10  -3
7  7
4  5
3  -1
7  6
7  7
12  0
13  -4
6  -2
12  -1
