11  0
12  -4
6  1
14  4
8  -6
7  -4
10  2
10  4
11  1
10  2
15  -5
10  3
12  -5
6  -1
6  -1
9  3
7  -8
4  -2
14  8
12  -2
9  0
6  1
13  6
10  3
9  1
3  -4
13  6
9  0
7  -6
7  -4
8  -6
11  3
12  -2
9  3
5  1
4  -2
15  -3
9  0
10  2
12  -2
16  2
10  4
16  3
8  -4
13  7
8  -3
9  0
10  2
5  -1
14  5
11  4
17  1
10  5
12  -3
12  -3
12  -6
6  1
14  4
10  2
7  -4
9  1
7  -7
10  4
10  5
7  -4
6  2
11  1
11  0
8  -2
17  0
14  4
9  1
14  8
9  2
16  3
11  2
13  5
7  -8
8  -4
11  1
7  -6
11  3
13  6
7  -8
13  5
5  -2
9  3
11  0
10  1
4  -3
13  6
20  6
11  1
15  -3
13  5
16  -1
11  1
14  6
5  1
11  1
5  -3
15  -3
7  -4
14  4
10  3
13  3
9  4
14  7
9  4
16  -1
7  -6
6  1
7  -8
9  3
6  0
14  4
8  -3
12  -3
12  -2
11  2
8  -4
11  1
8  -2
12  -3
13  6
8  -6
7  -8
14  8
10  3
8  -4
13  3
11  3
8  -3
13  7
9  0
8  -2
14  4
12  -6
9  0
11  3
7  -5
12  -6
9  0
9  1
9  0
8  -2
10  2
8  -5
16  -1
2  -1
6  0
4  1
9  3
13  5
14  5
13  3
7  -6
9  3
4  -1
3  -6
7  -5
5  -2
7  -8
9  3
7  -8
11  1
6  1
14  5
14  7
8  -4
6  2
11  1
9  4
16  3
9  2
9  3
9  3
5  -2
10  1
3  -4
13  3
13  5
8  -4
16  0
7  -8
8  -3
11  2
12  -3
10  2
9  0
6  -1
8  -5
12  -4
8  -4
12  -6
14  6
14  8
8  -4
6  0
7  -7
13  6
8  -2
13  5
6  0
10  4
17  1
8  -4
11  0
8  -3
18  5
8  -6
11  0
10  5
8  -6
12  -4
11  2
8  -4
8  -6
5  0
6  2
9  1
4  -3
7  -6
14  6
17  4
5  1
13  6
12  -2
6  0
14  6
9  0
8  -6
7  -6
8  -2
12  -3
12  -5
8  -6
11  4
15  -1
10  1
13  4
9  2
11  3
16  2
11  3
8  -4
6  -2
11  4
11  0
11  0
10  3
10  2
10  1
12  -2
15  -4
9  3
9  2
6  2
8  -5
10  1
16  -1
11  3
8  -5
12  -3
11  3
11  2
9  2
9  4
14  8
9  1
8  -3
11  1
5  -3
9  0
16  3
8  -2
7  -4
14  6
11  2
14  4
16  0
15  -3
3  -3
11  0
6  -2
10  5
9  0
9  2
11  2
5  0
11  4
7  -5
8  -4
7  -5
9  2
9  3
6  1
14  6
6  -1
11  0
16  0
8  -2
5  -3
11  2
12  -5
16  0
9  0
12  -4
9  2
14  6
10  1
9  3
9  1
9  1
10  3
8  -4
11  1
8  -6
8  -6
9  2
13  5
10  1
8  -3
6  -1
14  8
9  4
12  -6
4  -3
3  -2
9  3
12  -3
10  3
11  3
18  8
7  -5
12  -5
9  1
9  2
13  6
15  -2
10  1
15  -3
11  3
10  5
7  -7
10  4
4  -3
12  -6
12  -6
9  3
12  -2
9  1
14  4
8  -2
4  -1
6  0
12  -6
13  6
19  -2
9  0
8  -6
11  0
10  5
5  0
4  -1
10  4
7  -4
9  1
6  -2
11  2
13  7
14  7
9  0
12  -3
7  -8
9  4
8  -6
12  -6
13  4
4  -1
11  2
12  -5
13  6
6  -2
14  5
10  5
10  1
9  3
14  7
8  -2
13  3
12  -6
6  0
5  1
14  7
11  1
8  -3
11  3
6  1
15  -2
13  5
10  5
10  4
13  4
12  -4
9  3
7  -4
11  4
11  2
5  1
9  3
9  0
7  -7
9  1
11  1
9  3
7  -5
15  -1
7  -5
10  4
9  4
14  7
12  -3
16  3
11  4
18  9
11  0
10  3
10  3
5  1
10  1
4  0
13  7
12  -4
13  7
8  -4
10  3
8  -6
8  -6
8  -6
8  -5
10  4
14  6
10  2
12  -2
12  -3
11  3
18  7
12  -4
9  3
14  5
10  4
12  -3
9  1
8  -4
8  -5
10  3
9  1
12  -6
10  3
12  -6
12  -4
8  -6
12  -2
8  -5
10  4
15  -4
12  -3
5  -2
7  -7
11  0
5  -1
10  4
8  -4
10  2
5  1
8  -4
13  7
8  -5
12  -3
7  -4
12  -4
8  -2
10  3
9  1
10  4
6  0
7  -8
16  0
1  -5
11  3
5  1
12  -3
14  8
6  -1
9  4
14  7
5  -2
13  3
6  2
7  -4
5  1
9  2
8  -4
6  -1
14  6
12  -2
10  5
9  0
6  -1
9  0
6  2
17  3
12  -6
14  5
12  -4
9  0
11  4
8  -2
10  4
11  1
10  5
11  1
7  -6
9  4
10  1
14  8
19  -1
6  2
10  5
8  -5
6  2
13  7
10  1
12  -6
4  -3
8  -4
11  1
10  2
11  2
15  -5
11  4
8  -5
12  -5
8  -4
12  -5
13  4
13  7
5  0
14  5
8  -6
11  1
15  -3
10  5
7  -5
5  1
8  -3
9  0
6  -1
13  7
9  2
19  0
10  5
10  1
13  4
10  1
5  -1
6  -1
7  -6
7  -8
8  -5
10  1
9  0
12  -5
12  -3
11  1
7  -4
12  -2
14  5
12  -4
12  -4
4  -2
7  -7
9  4
6  -2
8  -5
16  2
13  3
9  4
11  0
16  -1
7  -8
10  3
6  2
9  2
11  1
11  2
5  -2
11  4
9  2
5  1
11  0
9  4
10  1
7  -6
12  -3
9  4
9  4
11  0
8  -3
8  -5
8  -2
8  -5
15  -3
12  -2
9  1
7  -5
14  4
8  -4
11  1
8  -2
12  -4
9  4
10  1
6  0
11  2
8  -5
10  5
15  -4
12  -5
11  2
8  -2
7  -7
9  4
15  -5
10  3
10  2
13  6
7  -7
8  -5
8  -2
3  -4
9  0
9  4
10  4
15  -4
11  2
15  -3
13  7
10  2
9  4
10  1
10  3
12  -5
13  6
10  2
10  2
8  -6
12  -4
7  -5
16  2
9  3
8  -4
9  3
14  5
12  -6
6  2
10  5
11  0
13  7
13  4
7  -6
8  -2
10  5
12  -2
18  6
13  6
3  -2
13  5
18  7
11  0
4  1
10  3
11  2
9  2
13  3
8  -6
13  3
10  4
12  -2
6  2
10  3
12  -6
9  1
7  -8
14  6
8  -4
9  4
14  8
5  1
11  3
6  2
13  6
12  -4
8  -6
8  -3
9  3
8  -4
9  0
6  -2
10  5
5  1
11  2
12  -2
7  -8
10  2
14  4
8  -3
12  -2
7  -6
13  3
7  -8
10  3
7  -4
16  -1
13  6
17  4
8  -4
12  -2
10  2
13  7
14  5
9  0
6  -1
10  1
11  3
6  1
9  2
9  0
6  -1
22  1
8  -2
7  -5
11  1
14  7
7  -7
8  -4
9  2
14  5
12  -3
4  -2
13  5
12  -4
6  -1
9  2
16  0
15  -3
17  2
7  -5
15  -4
9  2
14  4
12  -3
15  -1
14  7
14  7
14  4
9  1
9  1
8  -5
8  -5
10  3
12  -5
13  4
11  4
5  1
10  4
11  4
8  -3
14  8
6  0
16  -1
7  -4
11  1
15  -4
16  0
6  0
8  -2
12  -3
19  1
9  3
9  3
4  -1
11  0
13  7
15  -2
10  2
10  1
8  -5
9  4
9  2
9  4
13  7
4  -3
7  -5
11  4
9  0
9  3
11  1
17  0
7  -8
10  1
8  -2
8  -6
10  3
9  3
8  -4
13  3
8  -5
11  4
8  -6
3  -5
6  -1
8  -3
14  6
12  -2
11  1
7  -5
12  -4
12  -4
14  5
7  -5
13  6
10  2
10  5
11  0
9  0
10  4
9  4
10  5
7  -5
9  3
4  1
11  1
19  0
10  3
16  0
16  -1
14  6
11  3
6  2
7  -8
8  -2
7  -4
8  -6
9  0
5  -1
16  -1
12  -6
4  -1
9  2
13  6
8  -5
12  -6
9  4
13  6
10  4
17  2
7  -4
5  -1
9  3
2  -3
9  3
9  4
8  -4
11  0
12  -6
5  -1
6  1
10  4
5  1
5  -3
10  4
13  7
15  -2
11  4
17  3
17  1
11  3
11  0
10  2
10  4
9  3
10  2
8  -3
11  1
7  -5
11  0
11  4
9  0
11  1
11  3
12  -4
8  -6
7  -4
7  -4
4  1
12  -5
4  0
11  0
11  2
12  -4
10  2
8  -5
10  4
10  3
12  -5
9  0
7  -6
9  1
3  -6
13  3
12  -3
8  -3
18  9
12  -2
8  -5
14  6
9  0
12  -5
6  -2
7  -4
13  6
14  6
7  -5
17  2
20  6
14  6
12  -5
10  5
12  -3
16  1
11  1
8  -5
6  -2
13  7
9  0
11  2
10  5
10  4
5  -1
10  5
4  -1
14  6
13  3
8  -3
9  3
7  -8
10  2
13  3
9  1
11  1
11  0
13  3
10  4
7  -6
14  4
9  1
4  1
9  3
16  0
14  4
10  5
9  2
8  -3
12  -2
5  -2
10  4
7  -5
12  -5
11  0
12  -3
9  1
8  -3
10  4
10  5
11  0
10  1
8  -5
13  6
6  -1
7  -7
8  -5
12  -4
11  1
9  4
14  4
9  1
11  1
11  1
