8  7
9  5
7  0
9  3
12  5
4  8
5  5
12  5
12  4
8  5
15  0
14  0
7  0
5  5
8  7
8  5
12  5
8  7
16  -1
13  -3
13  -1
13  -3
10  4
7  1
8  7
11  0
8  5
13  -3
12  5
13  -3
4  8
6  6
8  7
4  8
18  -7
9  3
10  2
9  3
7  1
8  6
12  5
6  8
7  1
4  6
9  3
10  4
5  7
8  7
11  -2
10  3
8  5
16  -1
10  2
14  1
8  6
5  7
11  -1
9  4
5  7
9  3
10  2
4  6
4  7
13  -2
4  7
6  8
6  8
12  3
15  1
10  3
6  8
11  0
7  1
10  3
7  1
5  5
12  5
9  5
13  -2
14  1
7  1
9  3
12  5
4  6
13  -3
9  4
9  3
7  0
8  6
10  4
12  5
8  7
10  3
12  3
6  8
7  -1
7  -1
15  -1
7  0
8  6
9  3
13  -2
5  6
4  8
10  2
5  5
5  6
10  4
7  -1
14  1
10  2
12  3
7  1
8  7
9  3
6  7
8  6
10  3
8  7
8  5
6  8
6  6
13  -3
9  3
14  1
12  4
8  6
10  3
6  7
5  6
9  3
9  3
16  -1
3  4
8  5
6  8
8  6
5  7
9  3
12  4
9  5
12  3
9  3
8  6
11  -2
8  7
6  6
11  0
8  6
10  2
13  -1
9  3
10  4
6  7
10  2
12  4
19  -2
10  2
12  3
5  5
7  1
14  2
10  3
7  1
6  7
5  7
5  6
9  4
10  3
11  -2
6  6
13  -2
8  5
9  5
9  3
15  0
9  3
12  4
9  4
8  6
9  4
12  4
3  3
14  2
3  4
13  -1
9  3
14  2
8  7
10  3
11  -1
5  6
14  2
10  3
6  7
10  3
7  0
9  3
12  5
4  8
13  -2
7  -1
12  3
10  2
9  4
10  2
8  7
5  5
9  3
14  2
18  -8
11  -1
4  8
4  8
9  4
7  -1
8  5
10  2
6  6
6  6
6  6
13  -1
5  7
8  7
14  2
8  7
7  -1
9  4
11  0
8  7
6  6
10  3
6  7
8  6
12  4
12  5
6  7
7  0
6  8
5  5
10  4
10  2
9  5
12  3
8  7
8  7
15  -1
6  7
13  -1
9  3
12  3
8  7
12  4
1  -4
8  6
9  3
7  1
13  -1
7  -1
11  -1
9  5
9  3
6  8
6  7
10  4
5  5
10  4
4  7
10  2
10  3
6  8
11  0
15  -1
10  3
6  7
7  1
7  1
9  5
5  6
8  7
14  0
9  5
12  5
8  7
11  -2
12  5
11  -2
11  0
14  0
7  1
12  3
9  3
9  5
16  1
11  0
8  7
7  -1
10  3
7  0
5  7
9  4
4  6
4  8
9  3
3  4
8  6
12  3
14  1
13  -3
7  -1
8  6
7  1
15  1
9  3
10  2
5  6
8  5
11  -1
9  3
7  1
11  -1
13  -2
10  2
3  4
15  1
8  7
14  2
10  2
10  2
7  1
8  5
8  6
9  5
9  3
7  -1
6  7
10  2
8  6
11  0
8  7
9  4
8  6
10  4
11  -1
5  7
8  7
11  0
6  7
10  3
3  4
13  -2
7  0
6  6
10  3
11  -2
10  2
4  8
10  3
10  2
8  6
6  6
12  3
11  -1
8  6
4  8
7  0
10  4
9  5
6  6
8  7
6  8
10  2
6  6
6  7
6  8
10  3
11  0
1  -5
13  -3
14  2
11  -2
14  2
15  1
5  5
11  -2
11  -2
10  3
9  4
7  1
9  5
7  0
2  1
8  7
5  7
12  3
10  4
11  -2
5  5
6  7
9  5
5  5
5  5
10  4
8  6
10  4
12  3
12  5
2  -1
7  1
5  5
7  0
10  2
5  7
10  3
7  0
5  7
9  4
10  2
7  0
6  7
12  3
11  -1
9  3
11  -2
7  1
8  7
16  -1
8  5
13  -3
5  6
9  3
12  4
7  -1
8  7
4  8
11  -1
8  7
11  -1
11  0
8  6
8  5
8  5
11  0
12  4
10  2
6  6
10  4
7  1
9  3
7  -1
11  -2
14  0
9  3
10  4
14  0
6  7
10  2
10  2
4  6
11  0
9  5
11  -2
10  3
10  2
9  3
8  5
9  3
7  0
4  6
6  6
7  1
9  5
6  6
9  3
5  5
8  6
8  7
9  3
13  -1
14  0
10  3
11  -1
9  5
11  0
5  6
10  4
10  2
4  8
6  8
8  7
6  7
9  5
11  -1
5  5
8  5
8  5
16  1
16  1
9  4
9  5
16  -1
12  5
11  -1
9  5
7  0
8  7
7  1
9  5
12  5
6  7
10  4
5  6
7  0
10  4
16  -1
12  3
6  8
8  6
7  -1
6  8
10  4
5  5
6  7
7  1
5  6
6  6
13  -1
4  7
11  0
14  2
11  0
11  -2
5  7
6  8
12  4
8  7
8  5
9  4
6  6
13  -2
10  4
11  -1
12  4
7  1
8  7
10  4
10  4
10  4
8  6
6  8
15  -1
15  -1
11  -1
9  5
11  -1
5  7
14  0
12  3
6  7
14  0
10  2
5  5
13  -1
11  0
8  5
10  3
9  4
11  -2
12  5
9  3
11  -2
9  4
11  -2
2  1
6  6
4  6
11  -1
5  6
12  5
6  8
10  4
9  3
10  3
4  6
5  7
11  -2
9  5
9  3
16  0
8  7
11  -2
13  -3
6  8
8  5
8  6
9  3
8  7
3  4
7  0
7  1
7  -1
9  3
7  0
15  -1
9  4
14  1
7  -1
11  0
11  0
9  3
9  4
6  7
11  0
10  3
8  7
9  4
13  -3
9  4
8  7
6  6
11  0
6  8
10  2
8  5
4  7
6  7
11  -2
4  8
10  2
9  5
9  3
10  3
4  6
10  3
13  -2
4  7
14  1
10  4
8  6
10  3
6  8
8  5
6  6
12  5
10  2
6  8
9  3
6  7
11  -1
7  -1
5  7
7  1
8  5
13  -2
8  5
10  2
8  6
9  3
7  1
11  -2
7  -1
12  5
8  7
6  6
10  3
11  -1
12  4
9  4
13  -3
7  1
9  4
13  -2
10  2
15  -1
8  6
11  -2
8  6
12  4
13  -3
6  6
8  6
7  1
13  -1
15  -1
5  5
9  3
11  -2
11  0
7  0
13  -1
4  6
13  -3
10  4
13  -1
7  0
10  2
9  3
13  -2
11  0
14  1
12  3
7  -1
3  5
5  7
8  7
7  1
7  0
12  5
11  0
13  -2
15  0
18  -6
9  5
8  6
4  6
10  2
13  -1
9  4
8  7
7  0
7  0
13  -2
7  0
5  6
7  1
11  -1
5  6
10  4
6  8
8  7
6  7
8  7
11  -2
12  3
11  -1
6  7
11  -2
8  5
6  8
4  8
11  0
13  -1
9  5
10  4
8  5
9  3
13  -1
9  5
11  0
8  5
6  8
5  5
8  5
13  -2
3  4
6  6
10  2
10  2
12  5
5  7
9  4
12  4
9  5
8  6
5  5
8  5
11  -1
4  8
7  0
13  -3
8  7
8  6
10  4
15  -1
9  5
8  5
8  6
10  3
15  0
11  -2
10  4
9  5
7  -1
13  -2
5  5
10  2
4  7
7  -1
11  0
9  3
16  -1
11  -2
12  4
11  0
12  5
2  -1
11  0
12  4
7  1
9  3
8  5
10  3
10  3
14  2
8  7
17  6
8  6
7  1
9  5
9  3
5  7
14  0
5  6
7  -1
7  1
7  1
11  -1
9  5
9  3
7  1
8  5
7  0
7  1
10  3
7  -1
9  3
7  1
12  4
12  4
4  6
10  4
11  -1
8  7
3  5
5  7
10  4
12  5
8  6
15  1
7  0
9  3
12  5
10  2
9  3
7  0
10  4
12  5
8  7
4  8
10  3
12  3
10  2
7  0
7  -1
3  4
9  5
8  5
14  0
10  4
9  5
12  3
6  7
4  7
9  3
11  -2
14  0
8  7
15  1
7  0
7  -1
9  4
12  4
8  7
14  1
13  -1
17  6
13  -3
7  -1
8  6
14  1
12  5
11  0
12  3
13  -3
10  3
4  8
6  8
8  5
13  -1
5  5
13  -2
10  2
10  2
13  -3
11  0
7  0
9  3
4  8
8  5
12  5
7  1
8  6
7  0
9  5
5  6
12  5
10  2
6  7
14  1
10  3
11  -1
12  4
6  6
6  7
14  1
9  3
16  0
12  4
7  1
11  -2
8  5
15  -1
11  0
6  7
8  5
12  4
8  5
7  0
8  5
12  4
6  8
8  5
8  6
11  -2
9  5
12  3
12  4
4  7
6  8
12  5
6  8
6  7
9  4
13  -3
11  -1
14  0
6  7
5  5
8  5
9  3
7  -1
6  6
10  4
9  3
10  3
13  -1
10  2
6  8
13  -2
3  3
6  8
5  5
15  -1
11  -2
11  -2
13  -3
9  4
4  7
13  -2
6  7
12  5
9  5
13  -2
16  -1
5  5
9  4
10  4
10  4
10  3
7  -1
9  5
7  1
5  5
5  7
14  1
10  4
12  4
14  0
10  4
8  5
7  0
17  6
7  1
12  3
9  5
10  4
9  4
6  8
13  -3
14  0
