2  -5
7  -3
7  -3
4  2
9  6
6  4
10  0
5  2
3  -1
4  1
3  -3
8  -6
4  0
4  0
6  4
5  3
5  3
4  0
4  1
3  -2
7  -2
8  -6
7  -4
5  1
8  -5
6  5
4  2
6  6
4  1
8  -4
6  5
6  5
7  -2
5  3
5  3
5  3
5  2
3  -3
10  1
6  5
6  6
6  6
8  -5
13  -4
8  -6
4  1
5  2
11  -2
4  2
7  -2
3  -1
7  -3
5  2
10  0
7  -4
5  2
6  4
4  1
8  -6
7  -3
12  0
4  2
7  -4
8  -4
3  -1
1  -3
7  -4
3  -2
6  5
6  6
1  -4
4  2
7  -4
9  5
4  2
5  2
6  6
3  -3
10  -1
3  -2
8  -4
8  -5
3  -3
5  2
7  -2
4  2
8  -5
4  2
3  -3
10  0
8  -4
5  2
6  6
3  -1
6  6
9  5
8  -4
8  -6
3  -1
3  -1
2  -4
6  6
6  6
5  1
4  2
6  6
10  -1
8  -6
5  3
5  1
4  0
8  -6
8  -5
7  -2
3  -1
9  7
4  2
6  4
4  0
10  -1
5  2
9  7
7  -2
6  6
7  -4
3  -1
4  2
9  6
6  4
8  -5
3  -2
6  4
3  -1
5  2
5  3
9  6
6  4
5  3
7  -3
2  -5
7  -3
3  -3
6  6
7  -2
3  -1
5  2
2  -3
6  4
9  5
4  0
3  -2
6  5
8  -6
7  -2
2  -3
9  6
4  1
4  0
11  -2
5  2
6  6
5  3
6  6
9  7
2  -4
7  -2
5  3
8  -4
5  2
15  -5
7  -4
4  0
4  0
5  2
8  -5
6  4
8  -6
3  -1
5  3
2  -4
5  2
4  0
11  -2
10  0
10  0
4  0
5  3
6  4
8  -4
9  6
3  -2
3  -1
9  5
7  -2
6  4
10  1
13  -4
3  -3
3  -2
8  -6
6  6
6  4
8  -5
10  -1
1  -4
8  -5
4  1
9  7
5  1
6  5
5  3
6  4
8  -5
4  2
5  1
5  2
8  -4
4  1
11  0
3  -3
7  -4
12  0
6  6
6  6
6  5
7  -4
6  5
8  -4
4  2
6  4
4  2
5  2
4  0
5  2
12  2
5  3
9  5
7  -4
5  3
7  -2
18  8
10  0
4  1
8  -5
1  -4
5  1
4  1
5  2
6  6
10  -1
7  -3
5  3
4  1
8  -6
7  -2
3  -1
5  2
5  2
8  -4
4  0
4  2
7  -3
6  6
4  1
3  -1
6  4
8  -4
7  -2
5  1
6  5
7  -4
8  -6
9  6
2  -3
1  -3
5  1
6  6
1  -4
4  2
5  3
5  1
1  -3
1  -2
6  5
7  -4
3  -3
2  -5
8  -4
2  -5
4  0
3  -2
5  2
3  -1
4  1
9  5
3  -1
3  -2
7  -3
4  1
2  -5
4  0
5  2
6  4
10  1
4  1
6  4
7  -2
3  -2
8  -6
7  -4
3  -2
3  -1
1  -4
8  -5
7  -4
6  6
7  -3
4  2
9  7
3  -1
6  6
7  -2
6  6
5  1
7  -4
6  6
2  -5
7  -3
6  5
9  6
3  -1
3  -3
10  1
4  2
8  -5
8  -6
9  5
3  -3
12  1
6  5
8  -4
5  2
8  -5
7  -4
7  -3
4  0
5  2
6  6
6  6
5  3
6  4
4  1
9  6
6  6
8  -6
4  1
2  -4
8  -4
9  5
4  1
8  -6
6  4
7  -2
9  6
5  2
7  -3
8  -4
5  3
6  4
7  -3
3  -2
6  6
8  -6
6  4
6  6
4  2
9  5
9  5
3  -3
2  -4
1  -2
2  -4
5  1
7  -2
4  2
2  -5
10  0
6  5
8  -5
6  4
5  1
8  -6
10  0
9  5
5  1
5  3
6  6
4  0
8  -5
3  -3
5  3
4  0
8  -6
5  3
3  -2
2  -5
5  2
8  -6
7  -2
2  -5
7  -3
9  6
11  0
10  -1
10  0
10  1
8  -4
6  4
11  0
9  7
7  -4
5  2
8  -5
4  1
6  5
11  -2
9  5
8  -5
10  1
5  1
4  1
11  -2
6  5
3  -2
11  0
8  -5
6  4
7  -4
4  0
7  -2
3  -3
3  -2
2  -3
8  -4
5  2
10  -1
2  -4
5  3
7  -2
5  3
6  5
10  -1
11  -2
6  4
8  -5
10  1
4  0
5  2
9  5
4  0
4  2
7  -4
4  0
3  -3
10  1
5  3
6  4
8  -5
7  -4
6  4
2  -3
5  1
6  6
9  7
7  -4
8  -5
4  0
7  -3
1  -3
6  5
5  3
6  5
7  -3
6  5
8  -4
3  -2
2  -3
8  -6
8  -5
9  6
2  -5
9  6
3  -3
4  2
6  4
9  5
3  -2
4  1
6  4
1  -4
5  1
12  1
4  0
8  -4
5  1
3  -1
7  -2
5  2
3  -2
4  1
5  1
5  3
8  -6
7  -2
2  -3
5  2
8  -6
4  2
6  4
6  6
4  1
7  -4
6  5
5  3
5  1
8  -5
4  1
8  -5
4  2
8  -5
4  2
5  1
6  5
3  -1
5  1
1  -3
3  -1
2  -4
4  2
4  0
5  3
5  1
11  0
4  0
2  -5
7  -4
6  4
5  2
8  -5
5  1
7  -2
3  -1
5  1
5  1
6  5
6  6
9  6
5  3
2  -3
10  -1
7  -3
4  1
3  -2
4  1
4  2
7  -4
10  1
4  0
4  0
8  -6
5  1
6  4
5  3
3  -3
11  0
3  -2
6  5
6  6
3  -2
8  -4
8  -6
6  5
7  -3
5  3
3  -2
4  1
6  4
8  -6
3  -1
7  -3
5  3
7  -4
5  2
6  5
2  -3
3  -3
1  -3
4  2
5  1
6  4
6  5
9  6
8  -4
5  3
3  -1
9  7
3  -2
6  4
8  -6
7  -2
7  -2
7  -4
9  7
9  7
5  3
8  -4
5  2
4  2
6  6
5  3
10  -1
4  0
5  2
4  0
4  1
8  -5
4  2
12  1
7  -4
7  -2
5  2
4  0
8  -5
7  -3
5  1
3  -2
7  -2
9  7
4  0
8  -5
10  0
4  2
9  6
5  2
4  1
8  -5
3  -3
3  -3
5  1
3  -2
4  0
5  3
9  5
6  4
3  -2
5  1
9  6
7  -3
7  -2
6  6
4  0
8  -4
4  2
2  -3
5  3
8  -6
9  6
4  0
6  6
5  2
7  -2
5  1
9  5
5  3
4  1
9  5
6  4
6  4
10  1
7  -2
5  2
4  1
3  -2
1  -2
9  5
5  3
11  -2
10  1
8  -4
4  1
9  7
6  4
5  3
10  1
7  -4
6  6
2  -5
9  7
5  1
6  5
5  1
6  4
6  5
6  6
7  -3
6  4
4  1
3  -1
3  -1
6  5
4  2
3  -1
3  -1
7  -2
9  5
4  1
7  -2
5  1
12  1
5  2
6  4
7  -3
2  -4
5  3
5  3
8  -6
6  4
5  2
6  5
4  2
6  6
6  5
8  -5
0  -3
8  -5
4  1
5  2
4  1
10  1
4  0
4  0
4  1
8  -5
7  -3
8  -4
11  0
10  0
6  4
6  5
7  -2
9  5
8  -5
7  -2
10  0
7  -4
3  -1
7  -2
4  0
13  -3
5  1
11  -2
3  -2
8  -6
7  -2
5  1
5  1
4  1
6  6
6  4
4  2
4  1
12  0
6  5
4  1
9  6
2  -3
7  -3
7  -3
3  -3
8  -5
7  -3
4  0
6  5
8  -4
8  -5
3  -1
6  5
4  2
6  5
9  6
7  -2
7  -2
5  2
9  7
4  1
6  5
10  -1
5  3
7  -4
7  -3
6  4
9  7
6  4
4  1
4  2
9  6
5  3
6  5
6  4
3  -2
7  -2
5  1
8  -4
5  3
5  2
5  3
5  2
6  6
4  0
5  3
4  1
8  -5
4  0
4  1
10  1
2  -5
7  -3
8  -4
7  -2
9  5
5  1
8  -5
2  -5
7  -3
9  6
8  -5
6  5
4  1
5  2
8  -5
6  5
2  -5
7  -3
5  3
10  0
8  -4
1  -3
7  -3
7  -4
8  -6
3  -3
3  -1
7  -2
9  7
9  6
5  3
8  -6
7  -2
6  5
2  -3
6  4
6  6
5  1
4  0
5  1
5  2
3  -1
9  6
6  6
4  1
6  6
12  0
6  4
5  2
5  3
6  4
3  -3
8  -5
4  1
7  -3
6  5
14  5
3  -2
4  2
5  1
4  0
7  -4
6  5
7  -2
10  -1
11  -2
7  -2
10  -1
7  -4
5  2
5  1
3  -2
5  1
2  -5
9  5
6  6
6  4
6  4
6  4
8  -6
10  1
10  0
6  4
4  1
4  2
6  4
8  -4
5  2
4  2
5  3
6  6
3  -3
7  -2
5  2
5  3
7  -4
4  2
6  5
9  6
11  0
1  -4
8  -4
6  6
8  -6
7  -2
8  -5
7  -4
5  1
7  -3
7  -4
4  0
4  2
8  -4
9  5
6  5
10  -1
5  3
9  6
4  0
3  -2
8  -4
5  3
5  1
4  2
10  0
5  1
2  -3
4  1
6  5
6  5
6  5
10  1
6  4
10  1
3  -1
5  1
5  2
8  -6
8  -4
5  2
4  2
2  -4
9  7
10  0
3  -3
1  -4
7  -2
6  4
5  3
7  -3
10  1
1  -2
7  -2
9  7
4  1
10  1
7  -2
7  -3
7  -3
5  2
7  -4
10  1
5  2
6  4
6  5
4  0
6  4
5  3
9  7
6  5
6  6
2  -3
6  5
9  6
6  5
