13  0
12  -2
10  -5
8  -12
14  -6
16  -4
9  -5
15  9
11  7
12  -2
11  1
17  5
13  -2
12  -1
7  -1
11  7
7  -5
13  -6
12  -2
9  -5
8  -13
12  5
11  12
11  2
7  -10
20  -6
18  -4
12  6
5  -4
7  -5
7  -12
14  -3
8  -4
12  3
12  0
5  1
8  -2
12  6
8  -10
11  10
10  -2
16  0
8  -9
8  -2
10  -5
7  -10
16  5
12  -2
12  3
9  2
5  6
9  3
14  1
8  -8
14  -1
7  -12
10  1
12  6
8  -11
12  -3
16  7
14  -1
13  -12
13  -5
10  -1
7  -7
6  -3
11  5
5  7
10  2
9  -4
10  -2
9  -5
8  -3
10  -8
8  -4
8  -4
6  0
10  -2
13  -11
12  3
5  1
10  -8
8  -10
6  -8
13  0
16  -4
11  9
11  2
12  2
8  -7
3  11
10  -6
5  8
10  2
8  -7
12  4
10  -9
8  -3
12  -1
15  0
11  6
9  2
9  -3
6  -8
9  -8
11  4
9  -4
17  -1
14  0
10  -8
6  -1
13  -9
6  0
7  -13
13  -7
15  10
15  6
12  5
12  6
11  2
9  3
13  -11
7  -9
16  7
6  -9
3  8
11  1
8  -12
18  2
8  -7
7  -8
12  -4
12  -5
8  -2
9  0
5  -3
10  -5
9  -6
3  9
8  -11
10  -4
3  8
12  4
8  -10
9  -3
8  -11
11  7
10  -3
9  2
12  -4
11  9
5  -2
9  4
10  3
7  -6
13  -7
15  10
11  3
11  10
4  0
9  -3
10  2
9  2
7  -4
15  10
9  0
11  0
8  -11
8  -1
16  -3
10  -3
14  3
8  -3
7  -3
6  -9
16  -3
14  2
11  10
9  -2
12  3
10  -8
12  5
11  12
5  8
9  -1
11  0
7  -6
8  -9
10  -6
14  1
13  -5
10  -5
12  -4
8  -8
6  -10
9  1
8  -2
5  4
4  -5
7  -8
8  -8
13  -2
7  -12
8  -3
7  -9
8  -9
6  1
16  -3
5  6
12  -3
9  -3
10  -6
7  -4
12  -3
10  -4
10  -5
10  -6
12  0
16  1
12  -2
9  -8
10  -2
7  -4
4  -7
11  3
11  6
7  -13
4  0
9  -6
12  4
5  3
11  11
6  -2
12  2
8  -10
7  -5
10  0
7  -1
12  5
8  -11
14  0
13  -3
9  -4
7  -12
14  -3
9  -3
9  -5
11  6
6  -11
12  -1
8  -3
10  -2
13  -9
9  2
12  7
7  -3
9  2
10  -1
5  6
8  -3
12  4
10  -5
10  1
6  -2
10  -3
9  2
9  2
7  -1
16  -4
9  3
5  -1
8  -13
8  -1
11  3
12  -3
8  -9
10  -1
9  -4
13  -1
8  -13
5  -3
14  2
6  1
8  -4
13  -1
11  4
7  -2
12  -5
13  -5
3  3
10  -2
6  -3
7  -9
16  -2
10  2
12  2
9  -8
17  -2
12  1
9  -7
2  -6
8  -8
12  -2
10  1
9  0
9  -3
12  -1
13  -8
6  -9
4  -1
9  -6
16  -1
9  4
12  6
11  3
10  0
7  -11
11  8
10  -9
16  -1
6  -10
13  -5
8  -6
12  0
10  3
8  -3
4  3
6  -10
11  9
6  -11
10  -6
14  -7
6  -11
9  1
16  -5
8  -12
14  0
9  -7
13  -5
11  6
7  -7
14  2
10  -2
15  10
13  -4
12  -1
9  1
7  -3
6  -4
14  3
8  -4
10  -5
11  9
4  1
10  -7
5  1
13  -9
18  0
9  3
12  2
13  -9
8  -1
9  0
4  -3
6  -3
18  -2
9  0
8  -13
13  -12
11  10
14  5
9  -6
11  2
10  -7
10  -4
8  -13
10  -9
8  -2
6  0
7  -11
11  6
13  -6
11  8
7  -1
7  -3
8  -3
14  2
9  -7
8  -4
4  -6
11  8
10  3
11  8
12  -2
14  -2
8  -6
16  -2
9  3
11  6
13  0
14  -4
8  -10
10  -2
6  0
13  -4
5  -1
12  -1
7  -2
8  -5
10  -1
18  2
14  -6
7  -4
10  0
12  2
10  -8
11  1
9  -4
15  12
10  -2
14  -3
8  -7
14  4
14  -6
12  2
8  -13
8  -2
6  -2
8  -11
12  3
8  -3
11  9
10  -2
10  -2
13  -3
4  5
14  -3
10  -3
9  -8
10  -5
12  -5
8  -6
14  0
6  1
6  1
10  -3
17  2
8  -1
7  -13
11  1
12  -3
8  -7
9  -5
7  -8
7  -8
6  -5
12  -1
14  2
2  2
6  -1
11  11
15  3
11  2
9  -5
7  -11
12  0
4  -3
4  -4
5  2
8  -9
10  -8
8  -6
11  1
13  -3
7  -8
7  -11
8  -2
10  -1
8  -12
12  0
7  -6
11  5
8  -12
6  -8
10  1
13  -10
11  12
15  4
6  -5
11  3
12  -1
9  -6
9  -4
7  -3
8  -3
10  -9
12  7
7  -8
7  -10
7  -13
12  4
13  -11
13  -12
8  -9
15  3
15  6
7  -13
7  -5
11  5
7  -4
11  8
8  -1
12  -5
10  -2
18  3
7  -5
11  4
12  -5
6  -6
11  4
8  -3
6  -1
9  -2
5  -2
5  6
14  -5
5  -4
9  -3
13  -3
13  -12
16  -5
7  -10
11  10
10  -2
12  5
11  3
6  -7
9  -4
3  11
10  0
11  0
16  4
15  3
11  12
11  10
15  3
8  -9
9  -1
7  -11
15  1
14  3
11  7
12  1
12  7
5  2
9  -8
7  -8
9  0
8  -4
5  -1
9  -5
10  -3
11  7
9  1
15  12
11  0
15  3
8  -10
9  2
8  -7
10  -9
10  3
9  1
12  4
9  2
8  -7
10  -2
15  8
5  2
3  4
10  -7
8  -5
11  0
7  -9
11  5
14  3
13  -10
4  3
13  -4
8  -2
11  3
8  -10
9  2
14  -1
4  -1
8  -3
4  5
10  -1
11  9
6  -11
14  -7
9  1
11  8
11  1
6  -10
16  -5
12  -2
7  -9
17  4
7  -13
15  0
9  -3
7  -9
7  -5
16  7
11  10
9  -4
6  -2
13  0
9  -3
9  2
11  7
9  4
10  -3
8  -4
11  2
8  -12
5  1
15  1
10  2
9  3
9  -4
9  -1
15  2
8  -12
15  11
13  -12
9  -6
16  -3
7  -9
8  -10
12  1
9  1
11  12
9  1
11  11
9  0
10  3
8  -12
11  6
11  8
4  1
5  2
14  -5
6  -9
11  5
10  -9
7  -7
9  -6
6  -10
10  0
11  10
10  -9
11  11
11  9
14  -5
12  1
10  -4
12  2
11  4
11  4
10  1
7  -3
11  12
10  2
12  -2
8  -2
7  -11
8  -13
11  8
4  0
9  -1
9  -3
17  5
8  -13
4  0
4  -7
10  -4
6  -8
11  2
7  -6
16  2
7  -1
12  2
9  -2
9  -4
14  -4
14  -5
9  1
14  -6
11  1
17  2
6  -7
11  11
10  0
13  -5
9  4
20  -4
7  -13
11  0
14  1
10  -5
15  3
5  2
15  0
10  -8
14  2
10  -7
6  -9
10  -3
4  3
7  -11
8  -4
11  8
9  0
10  1
5  4
13  -7
8  -10
13  -12
7  -1
9  -8
9  -2
12  6
9  1
9  0
11  9
11  9
13  -5
8  -7
17  5
11  12
5  -1
5  3
8  -9
8  -8
6  -6
10  1
11  11
11  9
8  -9
24  -2
11  11
11  12
7  -3
9  -8
11  4
8  -6
12  1
15  7
10  2
12  7
11  1
16  4
10  -4
12  7
9  2
10  0
17  -3
11  11
6  -8
9  -7
6  -3
13  0
8  -11
13  -5
6  1
9  1
4  -6
1  4
11  7
8  -5
16  -1
9  -6
2  1
9  -4
11  2
7  -5
8  -3
7  -13
11  11
9  -3
10  -9
8  -4
6  -2
9  -4
8  -12
9  -3
8  -9
10  -6
6  -1
10  2
9  -5
13  -3
9  -8
15  1
9  1
8  -1
11  8
13  -1
7  -2
15  9
6  -5
8  -5
15  1
13  0
11  11
9  -5
9  4
17  1
6  -10
6  -8
13  0
8  -10
7  -1
11  12
11  5
8  -3
9  -2
10  2
10  1
12  7
9  -4
6  -3
13  -1
20  2
6  -2
9  4
10  -3
10  -8
9  -3
4  -6
12  4
8  -5
13  -7
4  -2
10  -7
8  -4
15  12
11  9
7  -11
11  6
14  -1
5  6
11  0
17  -2
8  -3
16  -3
6  1
12  3
10  -5
8  -4
16  7
6  -7
9  4
11  2
9  -7
13  -12
7  -10
11  10
8  -7
12  7
6  -6
11  3
12  2
11  4
6  -2
13  -2
8  -2
12  5
6  1
13  -2
12  2
9  -7
10  2
14  -5
16  -1
9  3
12  3
4  4
10  -3
6  -6
12  2
9  -4
9  3
10  -7
11  6
11  7
12  7
8  -10
16  5
6  -10
9  -7
9  1
12  -5
17  5
9  -7
9  -7
12  6
9  -4
9  -2
10  -2
13  -7
10  -9
11  5
12  6
13  -4
4  5
9  1
9  2
15  3
10  -1
7  -7
14  -1
6  -1
10  -5
8  -13
10  -3
13  -12
15  3
9  -3
15  12
13  -1
10  -6
9  -5
5  0
8  -11
11  4
12  -2
6  -4
11  2
8  -1
10  1
9  -4
13  -12
11  0
7  -8
8  -4
5  4
7  -8
8  -4
7  -2
10  -4
16  0
13  0
13  -11
9  -4
6  -8
8  -8
6  -2
9  -8
5  0
12  5
6  -7
8  -8
9  -3
13  -1
12  -5
11  2
10  0
4  -1
2  0
15  3
11  1
8  -8
14  0
15  6
7  -7
8  -7
13  -5
9  4
16  7
9  -2
13  -8
15  0
16  5
8  -6
7  -10
11  12
3  11
9  -2
14  -3
14  2
9  -8
9  -2
9  -4
8  -2
14  -2
9  -7
