3  4
14  -8
8  -5
9  -8
8  -9
10  -5
10  -6
8  -11
6  6
11  3
10  -4
7  -2
8  -8
7  -1
12  -2
8  -3
10  -2
8  -3
10  -2
17  3
11  4
8  -7
8  -3
7  -1
8  -7
9  -4
8  -6
7  -7
12  -8
9  -9
12  -9
7  0
10  -2
15  8
9  -1
11  3
5  0
10  -7
5  -2
11  5
6  4
11  10
12  -7
9  -2
8  -3
10  1
9  -4
8  -9
9  -9
8  -11
8  -10
6  2
7  -1
6  3
7  -7
11  3
3  4
13  2
12  -3
10  -5
9  -8
11  5
7  -3
11  10
9  -9
13  3
9  -9
10  -1
7  -5
11  2
19  -10
8  -6
11  4
4  0
11  8
7  -5
14  -6
9  -6
10  -7
13  -2
9  -7
9  -9
7  -1
5  4
9  -2
10  -2
9  -8
9  -4
12  -2
3  5
12  -1
15  3
9  -1
8  -9
3  1
6  5
12  -5
10  -7
7  0
9  -1
8  -9
11  2
5  3
13  -1
6  1
17  3
12  -9
10  -7
9  -1
10  -3
7  -7
11  8
10  0
6  6
11  10
10  -7
11  6
11  4
6  5
11  6
10  1
9  -8
10  -7
10  1
14  -1
10  -5
7  -5
9  -8
6  0
15  7
8  -5
10  1
12  -5
9  -3
12  -7
8  -3
10  -5
10  -6
7  -6
7  -5
16  1
10  0
14  -7
6  -1
7  0
11  5
8  -9
10  -5
11  3
8  -7
8  -8
10  -2
10  -2
11  9
5  5
9  -6
7  -3
5  4
5  4
12  -4
3  4
9  -5
12  -2
18  4
7  -4
13  -2
6  5
10  -3
7  -5
14  -9
9  -4
3  6
14  -2
10  -4
5  2
11  8
7  -3
8  -10
7  1
4  2
7  0
8  -9
13  -1
8  -3
9  -7
15  4
9  -8
12  -7
15  4
8  -8
11  2
4  -2
9  -3
7  -3
11  6
8  -10
7  -3
12  -6
5  6
9  -5
9  -4
14  -3
7  -2
6  6
6  4
5  6
13  1
15  10
6  6
12  -4
7  -7
14  -2
5  3
5  -2
13  -1
18  7
9  -9
10  1
6  5
14  -8
7  -4
20  5
7  -5
6  0
13  2
13  1
7  -5
11  9
10  -6
8  -11
5  4
11  3
8  -10
8  -3
6  1
4  -1
8  -11
10  -7
10  -7
15  4
5  -2
12  -5
15  8
1  -3
5  -2
3  1
6  3
10  -7
7  1
8  -3
8  -3
11  8
10  -6
10  -5
8  -3
6  4
9  -5
8  -7
6  3
6  7
13  3
9  -9
8  -4
12  -1
11  3
10  -6
9  -1
13  3
12  -4
5  6
15  3
7  -1
10  -3
14  -9
12  -5
9  -3
9  -1
7  -1
12  -5
10  -6
10  -1
5  2
7  -2
10  1
10  -3
7  -5
11  6
10  -2
16  1
12  -3
7  0
9  -5
7  -3
4  0
3  6
13  2
9  -8
9  -1
6  1
11  9
5  6
10  -6
10  -2
11  7
4  -4
11  3
7  -6
13  -3
11  5
9  -1
12  -5
7  -2
16  4
15  7
10  -6
7  -1
7  -1
8  -4
13  5
13  1
6  3
12  -6
10  -6
9  -1
12  -5
13  4
8  -4
4  3
7  -2
7  -7
10  -2
8  -11
6  7
10  0
11  2
8  -4
11  2
9  -4
5  6
7  -3
6  0
8  -4
14  -8
9  -1
12  -8
8  -3
16  5
7  -4
9  -2
6  7
4  4
9  -6
11  5
15  6
8  -5
6  -1
10  -6
4  -2
7  -5
9  -7
10  -1
6  5
10  -7
5  -2
8  -3
11  3
3  -2
12  -7
6  3
9  -9
9  -6
7  1
9  -1
10  0
9  -7
9  -9
16  7
12  -8
12  -1
12  -4
6  2
8  -10
7  -5
10  -2
5  0
12  -3
3  0
13  2
9  -3
9  -4
5  6
10  -6
6  6
6  0
5  3
9  -3
8  -10
9  -1
11  5
12  -7
7  1
10  1
8  -8
7  -1
12  -1
9  -9
10  -1
11  8
9  -3
7  0
4  0
8  -11
11  3
8  -7
13  -3
9  -1
9  -1
9  -5
10  -7
5  6
13  -3
9  -9
9  -9
11  6
6  3
5  2
8  -8
11  9
6  1
12  -4
7  -1
6  -1
9  -7
4  0
10  -2
12  -9
6  4
10  -6
11  4
6  7
7  -7
7  -3
11  10
6  5
8  -6
11  8
9  -4
5  2
10  -5
7  -6
10  -5
8  -9
8  -6
12  -1
9  -1
7  -2
10  -1
8  -5
9  -9
10  0
10  -5
8  -4
6  3
12  -9
14  -7
5  -2
15  2
7  -6
8  -9
5  6
11  4
8  -10
9  -4
15  3
13  5
9  -5
18  5
7  -6
11  10
14  -3
11  8
9  -8
13  1
11  6
8  -9
7  -5
3  1
10  1
11  10
8  -5
9  -9
9  -7
4  0
12  -1
10  -4
12  -5
9  -9
6  4
11  6
9  -4
12  -4
9  -2
5  -2
2  0
8  -6
10  0
9  -9
8  -8
9  -8
6  -1
6  7
17  5
12  -1
8  -4
8  -4
11  6
13  5
12  -1
12  -5
7  -5
6  6
9  -6
10  1
5  3
12  -2
9  -5
11  7
10  -2
11  7
5  1
11  3
8  -3
10  1
9  -8
7  -7
9  -9
9  -5
7  1
8  -6
13  4
11  3
9  -5
12  -4
11  3
8  -8
9  -5
7  0
12  -7
10  -1
12  -2
4  3
11  2
20  6
9  -5
4  -3
6  0
8  -10
12  -9
9  -2
5  1
9  -5
6  7
11  9
8  -9
6  0
8  -6
17  7
11  2
6  5
14  -5
5  1
11  5
8  -10
6  6
14  -4
15  3
10  -3
10  -5
11  5
12  -2
14  -9
6  4
9  -8
12  -9
6  7
9  -8
10  -4
2  -5
8  -9
4  0
5  -1
8  -5
4  -1
9  -4
6  5
7  -3
11  2
4  -3
7  -7
14  -9
10  -3
11  9
11  2
9  -9
6  2
4  0
14  -4
9  -7
4  2
10  -1
11  2
9  -9
11  7
8  -4
14  -4
5  1
9  -2
3  3
4  3
7  -6
10  -6
10  -2
7  -7
10  -1
13  -2
8  -4
12  -6
7  -2
9  -1
6  5
5  4
13  1
3  -1
6  3
5  4
9  -7
7  -5
11  7
5  2
8  -5
6  3
5  4
8  -6
5  3
8  -9
7  -5
5  5
6  3
10  -4
14  -5
9  -6
6  3
4  0
8  -8
7  -6
10  0
15  3
9  -3
8  -11
8  -9
8  -10
9  -6
13  1
14  -5
9  -1
13  -3
12  -2
11  8
12  -6
11  7
8  -4
6  6
9  -8
5  6
8  -7
18  1
9  -1
7  -1
13  -1
10  -3
6  6
11  3
6  4
9  -3
13  4
9  -8
8  -8
10  1
7  -4
14  -5
10  1
6  7
8  -3
8  -9
8  -3
12  -3
7  -1
7  -4
7  -3
16  5
11  10
7  -3
12  -4
11  8
15  5
9  -1
7  -4
10  1
10  -3
11  2
9  -7
9  -2
8  -5
10  1
10  -5
5  6
9  -4
4  4
8  -4
5  6
9  -5
13  2
6  -1
8  -10
10  -6
7  -2
7  -4
10  0
8  -8
5  -2
8  -9
11  7
10  -2
5  -1
6  6
8  -10
8  -3
8  -4
8  -3
10  -3
13  4
10  -5
10  -3
5  1
11  4
5  -2
6  4
11  9
6  3
3  6
9  -2
12  -4
9  -4
6  -1
10  -3
6  6
6  -1
8  -10
7  -6
6  2
9  -2
13  0
5  -2
11  5
6  0
13  -1
9  -8
9  -2
14  -8
9  -8
7  -2
4  -2
8  -8
9  -5
2  -2
6  2
8  -9
9  -8
8  -5
7  1
14  -2
11  7
8  -3
9  -4
10  -6
9  -6
10  -3
7  -6
5  6
12  -7
9  -2
3  2
5  2
11  6
5  4
12  -1
10  -2
10  -5
9  -4
14  -6
6  -1
8  -4
12  -8
14  -7
5  1
3  3
8  -6
10  -5
11  9
9  -4
9  -7
8  -6
9  -6
7  -4
8  -10
4  1
9  -3
6  4
8  -8
7  -7
14  -9
5  3
12  -5
6  7
7  0
11  9
9  -5
5  6
12  -1
12  -1
9  -3
13  5
6  3
17  7
8  -7
10  0
8  -7
15  2
9  -3
5  4
11  6
11  4
7  1
9  -3
9  -4
3  0
10  -7
8  -10
5  3
10  0
6  5
11  5
12  -8
6  4
10  -4
12  -9
7  -2
12  -5
10  -1
9  -6
12  -9
13  4
8  -6
8  -5
7  -2
8  -4
7  -4
12  -8
7  -4
11  4
8  -11
9  -8
13  -2
9  -2
15  8
6  0
8  -8
15  2
17  2
7  -1
13  -1
13  2
10  1
7  1
11  10
7  -5
7  1
6  6
9  -5
8  -8
9  -5
12  -7
10  -2
8  -9
10  1
3  2
11  9
9  -9
9  -2
10  -3
7  -1
11  5
2  -4
8  -9
9  -5
11  8
10  -5
6  4
16  5
2  0
15  7
15  10
8  -5
8  -11
11  7
10  1
9  -8
8  -9
11  3
12  -3
6  4
14  -1
7  1
14  -7
12  -9
12  -5
7  1
9  -1
7  -4
6  7
6  5
10  -5
9  -8
13  3
9  -8
9  -6
4  -1
7  -6
8  -7
6  5
10  -1
6  0
11  7
17  7
4  -2
9  -5
6  3
15  8
13  4
11  9
9  -8
18  6
8  -4
9  -2
8  -10
9  -2
8  -3
5  5
9  -1
10  -1
8  -11
7  -1
10  -5
12  -9
11  5
6  2
12  -1
4  -4
11  7
6  1
10  -6
10  -4
11  8
7  -3
6  7
9  -3
10  1
9  -8
9  -4
12  -9
11  3
7  -3
9  -9
13  4
9  -9
14  -8
14  -6
6  5
11  9
9  -8
16  1
8  -4
10  -6
3  1
7  -3
6  5
8  -9
7  -4
8  -6
7  -2
