12  0
6  5
9  7
10  9
8  4
5  -9
10  9
9  -7
13  2
8  1
8  5
14  6
8  7
8  3
14  7
9  -7
7  8
5  -5
10  5
12  1
11  1
14  7
13  8
7  6
14  12
6  12
8  14
9  1
11  4
13  0
10  3
7  -1
5  1
6  0
13  5
5  -4
17  7
9  0
7  2
8  10
9  -2
16  -6
10  2
14  0
5  -3
10  2
4  -3
16  1
14  1
7  1
8  3
6  3
10  8
6  2
11  -7
13  3
9  -4
11  0
7  -1
9  0
8  13
12  4
9  -7
8  8
7  1
15  4
11  -6
14  7
8  14
8  5
12  5
15  0
9  -7
12  5
9  1
13  -6
14  7
9  6
13  4
7  -1
8  3
5  -10
11  -7
11  -3
14  9
15  0
8  0
4  0
7  8
10  11
11  -5
15  1
13  8
14  1
9  -1
10  10
8  8
10  11
12  -1
9  -2
14  8
10  9
9  -4
10  4
11  -1
8  3
13  -4
12  0
12  4
12  2
10  0
8  11
12  2
9  6
11  0
12  0
12  -4
10  12
10  11
15  2
15  4
7  7
4  2
13  -4
12  6
10  6
11  -9
9  3
7  6
10  -2
9  -7
11  -5
14  7
13  -5
7  9
11  -1
7  7
10  12
12  -1
8  6
8  6
15  -2
9  -3
12  -2
7  3
14  0
3  9
12  -2
14  10
10  4
13  -2
9  3
8  0
8  10
10  12
7  8
10  10
12  -3
9  -3
11  -5
7  0
5  0
11  -7
9  -3
4  4
8  0
22  6
9  4
7  12
13  -3
6  3
10  11
11  4
8  12
10  8
8  1
18  3
10  8
7  5
12  3
7  10
11  -6
5  -9
11  -6
9  0
10  10
13  -3
16  7
10  9
11  -6
11  -9
9  5
13  5
8  2
8  11
5  -10
11  2
7  4
10  11
12  -3
4  3
6  9
8  0
10  10
7  12
10  0
6  12
10  12
9  1
6  1
7  0
9  0
13  -3
7  8
8  14
10  -1
6  14
11  3
6  2
7  1
14  2
11  -4
10  -2
11  -5
9  -5
12  2
14  5
9  7
12  5
12  -1
11  -1
6  14
12  8
11  -7
9  -2
8  4
14  1
8  5
4  4
13  6
5  3
8  0
9  6
10  5
13  1
12  8
10  6
11  -2
12  2
11  -6
11  -3
8  13
16  5
16  -2
12  -4
9  3
11  -8
8  2
9  -5
14  6
2  2
12  -1
7  11
10  7
14  10
12  3
10  4
8  2
8  7
10  11
7  12
9  6
9  1
12  9
4  7
9  -7
13  -1
13  4
5  2
12  8
7  10
9  -7
9  -2
7  1
8  10
9  -4
14  8
8  1
19  -3
7  7
10  0
14  8
12  -3
11  -5
9  -7
14  2
10  -1
6  7
8  11
8  3
6  8
15  3
14  -2
8  6
6  14
9  -3
11  3
10  11
13  8
14  0
10  0
9  -3
13  8
7  12
8  12
6  2
11  -9
8  7
11  4
13  -2
10  8
10  9
10  4
7  10
6  9
10  7
13  3
11  -8
7  2
12  -4
12  -1
14  -1
6  9
7  4
13  -2
8  9
10  -2
11  3
8  1
12  4
12  7
4  6
14  -1
4  8
6  13
15  7
12  -5
9  6
12  6
16  -1
10  11
5  1
11  -1
12  -1
15  0
15  -3
16  6
8  11
14  4
5  3
10  7
6  0
11  2
8  10
9  -1
10  -1
6  8
7  12
12  8
13  8
13  -4
10  -1
12  3
13  2
7  1
8  4
10  2
16  -5
12  -1
14  2
7  8
8  4
11  4
15  -1
5  -4
10  9
11  -8
12  -5
9  -2
12  -3
10  1
6  4
9  0
13  3
7  7
12  6
11  3
12  8
5  -5
10  9
17  0
13  -4
9  -5
9  -2
10  3
11  -5
11  -1
19  -2
13  3
10  10
6  5
12  6
8  7
13  -5
9  -1
7  6
13  -1
10  12
10  0
8  6
11  -5
16  8
4  4
5  -2
8  4
13  -4
12  -2
11  5
12  6
13  7
9  5
8  2
9  2
8  6
4  7
10  8
14  7
11  4
9  2
15  0
8  8
10  0
7  5
7  10
9  -7
10  5
9  -1
5  -10
8  10
12  -4
13  -2
8  1
12  -5
10  8
9  1
8  6
10  3
9  1
13  -6
11  4
12  0
10  10
14  3
10  6
10  9
14  8
6  1
11  2
7  6
12  6
9  7
5  3
8  1
15  6
10  7
11  -7
8  4
6  14
18  -1
17  1
14  6
5  0
14  5
7  8
9  -1
10  0
8  2
8  14
7  10
7  0
11  5
14  8
7  8
7  8
8  12
9  -7
13  -4
8  10
15  -3
9  -1
7  8
10  3
11  2
5  0
10  2
11  -6
13  7
12  3
10  2
9  4
8  3
8  11
14  -2
6  9
11  -7
8  14
12  -5
11  -5
12  6
11  -8
11  -2
11  -4
11  4
8  0
9  3
6  10
8  10
12  8
7  6
5  -2
12  -1
14  7
9  2
11  1
8  5
13  6
8  11
9  -2
17  3
12  7
9  5
16  0
13  0
15  5
9  -7
8  12
13  1
7  10
12  -1
7  5
8  3
7  10
14  10
8  9
8  10
7  -1
8  9
6  9
10  9
10  5
7  7
8  2
8  0
9  -3
20  -1
8  8
11  -5
11  5
14  0
22  -3
6  13
11  -2
14  8
8  9
7  5
6  8
9  -1
10  4
12  -1
5  2
13  -1
6  3
7  9
9  -5
11  -8
3  6
11  5
10  10
7  -2
9  -3
7  4
8  12
15  -3
9  2
9  4
9  -7
6  3
7  12
8  5
10  4
13  1
14  0
7  5
7  9
9  6
12  8
7  4
14  9
9  5
10  1
9  -6
10  3
12  -1
10  7
11  2
8  9
9  0
10  2
13  3
10  6
12  8
4  -6
6  14
9  0
11  5
9  5
9  -2
5  3
15  -2
9  -4
9  4
10  3
10  10
13  3
6  14
16  4
12  -1
12  4
8  10
14  10
8  14
11  -9
4  8
8  6
10  11
7  12
10  12
14  -2
6  3
12  -5
15  6
11  -1
10  1
14  6
9  1
15  9
12  2
11  1
10  4
4  -1
10  7
17  1
6  2
10  -2
6  5
12  7
10  3
11  3
7  -2
5  -2
9  -3
16  -3
11  -2
13  6
13  -1
7  7
6  5
9  1
10  11
3  4
12  5
8  9
7  11
8  0
9  6
11  -2
15  6
10  7
10  0
8  14
8  1
14  1
13  6
10  6
8  12
2  2
8  4
15  1
7  11
11  4
16  -6
9  5
12  5
10  9
17  5
9  -6
11  3
8  4
7  8
12  -1
10  5
16  -4
8  9
12  8
16  0
17  5
11  5
10  -2
8  8
10  1
9  -6
9  -5
8  0
12  2
11  3
13  5
7  4
5  3
14  7
9  6
9  4
10  1
8  14
12  1
9  -2
12  -2
11  1
8  9
10  12
16  3
9  -6
9  2
6  6
7  6
6  0
11  3
7  1
18  1
6  10
6  14
9  4
5  -3
13  -4
6  10
9  7
14  6
13  4
8  6
14  2
10  1
18  2
5  -6
9  -1
6  8
11  4
9  6
7  8
10  12
9  5
12  -3
11  -2
4  0
10  11
12  7
12  2
22  2
4  -5
8  9
9  -1
8  1
11  -6
12  3
11  3
12  7
6  11
16  -5
8  7
5  -3
14  4
11  0
12  6
9  5
12  5
6  5
7  2
7  4
13  4
10  9
5  -3
18  0
11  -8
9  -5
10  3
13  -3
17  12
7  2
5  -9
10  9
12  8
13  5
6  9
12  8
11  -2
17  3
11  2
10  0
11  -5
14  -2
14  11
12  -5
14  2
12  1
7  5
7  4
16  5
15  2
10  12
13  2
8  8
5  -2
13  2
10  7
10  11
6  6
6  10
9  3
5  -9
11  0
6  11
9  -7
9  4
8  0
11  -1
9  0
16  -6
10  8
8  0
15  6
9  -3
5  -9
6  11
14  3
13  -3
8  12
14  4
7  0
5  -7
6  1
10  -1
12  -4
5  -9
10  7
6  2
7  1
4  0
6  0
12  8
12  2
5  -8
11  -1
9  -2
11  -5
8  4
10  -2
8  10
16  -4
10  0
15  10
8  7
8  14
10  3
11  -8
5  -3
12  8
7  1
4  7
2  -8
9  6
11  0
15  9
11  3
11  -4
11  -5
7  0
8  5
13  -5
9  2
11  -3
7  -2
11  5
7  -2
10  9
9  -4
8  8
12  5
12  -5
12  4
12  -1
7  -1
13  3
10  3
18  2
10  4
7  9
5  3
6  4
9  7
10  9
14  0
12  -2
8  10
8  5
9  -1
16  8
11  -8
8  11
9  -5
8  12
15  4
10  2
15  -2
10  6
14  -1
9  -5
12  5
12  0
9  6
8  0
5  -5
10  -1
16  -4
8  12
5  -10
13  -4
11  3
15  2
15  2
7  12
8  7
12  -4
11  -5
16  -5
14  9
10  9
9  7
9  -7
6  2
10  9
7  8
13  -4
14  10
8  10
16  3
10  10
10  8
9  4
8  6
3  4
10  6
10  7
9  -3
10  6
7  4
11  4
8  7
8  0
8  4
6  2
7  0
7  7
13  3
8  4
9  0
10  5
11  -4
5  0
12  5
11  0
5  -1
8  11
13  6
10  8
7  6
10  5
18  6
18  9
10  4
10  2
10  11
13  4
