10  -2
8  2
9  2
11  -1
10  -4
15  1
6  0
5  -2
8  -1
12  -4
7  -9
9  -1
14  -2
9  -3
9  -1
6  -1
9  0
10  0
9  1
8  0
11  -7
12  -9
6  2
10  0
12  -8
10  0
6  0
8  0
9  -1
17  -2
8  3
9  0
9  0
13  0
7  -8
8  4
8  4
17  -5
10  -2
8  1
6  1
12  -5
8  -1
10  -2
6  3
8  -1
6  1
15  0
14  -1
7  -7
11  -2
12  -7
15  2
13  1
10  -4
9  -1
6  3
10  -2
8  -1
13  3
10  -5
6  2
19  -5
13  3
12  -3
5  0
7  -4
5  -1
16  4
14  0
9  1
12  -5
12  -7
9  1
10  -6
11  -7
9  2
10  -1
8  3
10  -1
8  3
14  -6
6  -3
10  -2
13  -1
17  -6
15  2
10  -1
9  -2
9  1
8  4
5  2
13  -1
8  -1
11  -7
7  -5
8  -1
9  0
16  4
6  1
15  0
11  -6
13  4
5  -3
16  4
7  -6
10  -5
11  -3
11  -4
13  0
8  0
5  -2
14  -6
8  -2
10  -2
7  -8
10  -3
10  -2
6  3
9  1
7  -7
11  -6
12  -5
6  3
13  1
8  2
13  2
11  -3
8  0
7  -4
11  -3
7  -7
7  -10
9  1
9  2
8  -1
9  -2
14  -5
7  -4
13  -1
12  -9
14  -2
7  -10
9  -3
8  -1
12  -6
6  -1
20  -2
9  -3
7  -10
11  -2
13  -1
4  9
11  -4
9  1
6  -1
11  -2
11  -7
8  3
12  -6
15  5
7  -5
11  -5
11  -2
4  6
13  1
11  -7
7  -9
8  0
5  3
13  1
8  0
6  3
14  -5
12  -3
9  3
8  4
10  -6
6  0
10  0
13  -1
10  -5
11  -6
6  -1
12  -6
10  -3
14  0
13  2
6  -1
1  -4
9  0
6  -1
13  5
10  -5
9  2
7  -9
9  -1
14  0
13  3
7  -7
12  -3
12  -5
15  1
10  -2
3  -7
13  5
10  -5
6  -1
8  -1
7  -9
8  -2
4  5
18  -3
8  0
8  4
9  2
9  -1
13  3
9  3
7  -4
16  3
7  -5
9  1
15  1
11  -7
8  0
15  0
6  0
12  -8
8  -2
11  -4
4  10
9  2
16  3
9  3
8  3
8  -1
16  2
6  0
7  -9
10  -4
11  -5
7  -9
12  -8
6  -1
12  -4
11  -5
14  -1
15  6
15  5
9  0
5  2
7  -10
14  -3
14  -2
13  5
13  3
8  -2
12  -6
7  -9
5  0
12  -3
8  3
6  3
9  1
8  1
6  3
8  1
5  -1
7  -4
13  3
12  -7
14  -5
12  -4
10  0
14  -2
11  -5
16  2
15  2
19  -3
12  -9
14  -2
8  -1
12  -3
20  -2
12  -5
11  -1
12  -3
10  -4
13  0
11  -3
9  1
5  -1
9  0
13  4
13  3
9  -3
15  6
5  3
11  -6
9  3
8  3
14  0
8  -1
9  0
16  6
8  1
8  -1
12  -9
10  -6
11  -4
10  -1
8  -1
12  -8
10  -4
14  -2
8  0
13  2
5  3
12  -7
15  4
9  -1
14  -5
14  -5
12  -5
10  -5
9  2
13  1
7  -9
13  4
8  1
6  3
7  -5
7  -9
13  5
9  -2
13  3
6  -2
9  -2
10  -1
14  -6
14  0
7  -9
16  2
11  -3
6  -3
11  -3
7  -7
8  -1
12  -6
9  -2
10  0
11  -7
18  3
8  0
13  4
11  -3
9  2
9  3
8  2
8  2
9  -2
6  2
10  -4
9  2
5  -1
10  -4
18  0
14  0
16  4
12  -5
7  -5
7  -10
9  -1
12  -5
13  3
8  -2
10  -4
12  -8
5  -1
9  -1
8  0
6  0
15  0
16  6
13  1
7  -9
10  -4
6  -3
14  -1
13  3
7  -4
12  -4
6  2
13  2
4  5
8  4
9  -3
10  -3
13  3
9  3
9  3
7  -8
9  0
4  7
6  0
5  3
10  -2
12  -6
8  3
11  -7
7  -6
9  -2
7  -6
6  0
11  -2
7  -5
8  -2
10  0
7  -6
11  -1
10  -4
14  0
8  3
10  -3
6  1
8  2
9  -1
14  -2
10  -6
12  -8
10  -4
10  -6
7  -8
6  3
11  -6
8  4
9  -3
5  2
10  -2
5  0
12  -3
8  1
8  1
11  -2
6  -2
12  -9
13  2
8  -2
2  -4
13  -1
13  0
15  1
6  -1
14  -6
6  -2
11  -3
17  -2
9  1
9  1
7  -5
11  -1
8  3
10  -2
14  -3
7  -5
6  2
14  -1
9  0
11  -7
10  0
11  -5
10  -3
9  1
4  7
14  -2
9  3
12  -5
6  -2
10  -3
19  -8
10  -3
9  1
13  2
6  3
11  -1
12  -7
14  -5
11  -6
8  1
10  -3
13  -1
3  -5
13  4
9  3
6  1
12  -8
14  0
9  3
9  1
21  -4
12  -3
7  -9
11  -4
8  1
10  -2
7  -9
11  -4
8  2
5  -1
10  -6
17  -5
7  -7
5  -2
16  0
13  -1
17  -5
11  -3
13  0
9  -3
11  -5
15  1
3  -2
5  2
10  -5
10  -1
10  -4
5  2
11  -6
11  -5
12  -7
8  -1
10  0
12  -4
10  -4
7  -10
5  -2
8  -1
8  2
9  -2
17  -2
7  -4
4  4
14  -6
11  -6
9  3
9  -1
7  -6
10  -5
4  10
9  2
7  -9
9  -2
11  -3
9  3
11  -3
19  -8
15  2
11  -5
12  -3
14  -4
10  -5
4  10
6  3
12  -4
7  -6
9  -1
14  0
6  -1
15  2
8  0
12  -4
12  -5
8  1
8  0
13  -1
6  -2
10  -2
9  -2
11  -3
12  -7
9  -2
11  -4
9  2
14  0
7  -10
10  -3
7  -9
10  0
13  4
7  -5
12  -5
7  -4
7  -5
10  -4
7  -5
9  1
13  1
7  -6
8  3
3  -4
8  1
10  -6
13  3
12  -7
12  -8
11  -5
7  -9
11  -2
6  -3
11  -1
8  3
11  -7
13  5
8  0
9  -3
9  1
10  -3
5  -3
17  -4
12  -4
8  1
8  0
6  -1
11  -1
11  -6
14  -2
16  6
10  -1
11  -6
6  -2
11  -5
7  -7
9  2
9  -1
7  -6
6  0
15  5
14  -2
9  -3
7  -9
14  0
11  -4
7  -8
10  -2
10  -5
6  0
20  -6
7  -4
11  -3
10  -1
11  -6
8  3
11  -5
8  3
7  -4
11  -4
7  -10
7  -8
11  -1
6  -1
9  1
8  2
11  -5
10  -3
6  3
11  -4
12  -3
12  -7
7  -8
11  -6
9  3
12  -6
4  10
18  0
6  3
10  -3
7  -5
10  -5
12  -6
7  -6
11  -4
15  3
8  4
11  -7
10  0
7  -9
9  -3
7  -5
8  -1
6  1
9  -1
12  -4
12  -3
6  3
14  -6
8  -1
6  -1
10  0
12  -3
9  0
10  -4
14  -6
6  0
10  -2
13  0
11  -7
10  -6
11  -5
11  -7
13  5
18  3
12  -8
7  -10
9  0
10  -1
8  4
10  0
12  -9
10  -4
4  5
15  3
13  1
4  5
8  -1
14  0
4  4
5  -1
6  1
18  -1
11  -7
11  -5
12  -6
11  -1
7  -10
14  -2
13  4
11  -4
9  0
4  10
10  -3
7  -6
5  -2
20  -4
10  -2
9  -1
11  -6
13  5
4  8
9  2
15  2
8  3
9  1
7  -7
8  -1
9  1
11  -4
12  -5
14  -4
6  1
15  6
8  0
9  -3
10  -5
8  2
9  3
7  -8
9  2
13  3
13  4
11  -6
10  -2
16  4
10  0
11  -3
9  -2
14  -4
12  -7
14  -6
18  3
14  -4
10  -3
11  -5
6  -3
8  4
11  -5
12  -7
9  0
7  -5
7  -7
7  -8
13  -1
6  1
12  -4
8  -2
8  4
8  -1
5  1
15  5
7  -7
9  -3
8  1
11  -1
13  2
11  -3
11  -5
12  -8
12  -6
9  -1
17  -1
5  -2
9  0
11  -7
18  -1
3  -7
8  3
8  0
7  -6
10  -3
12  -5
8  0
11  -6
7  -4
6  -2
14  -4
8  1
12  -3
9  -3
5  3
9  -3
10  -4
10  -6
8  4
8  1
11  -6
3  -7
11  -1
6  -2
14  -6
9  3
11  -4
11  -7
10  -5
14  -2
8  -1
8  -2
9  0
12  -7
7  -8
4  9
12  -3
16  3
6  2
6  -3
9  1
17  -3
7  -8
17  -3
11  -6
15  6
8  1
9  1
7  -7
12  -7
10  -3
9  3
16  6
6  0
13  1
9  -1
12  -9
10  -4
9  1
13  1
9  -1
7  -5
9  -2
14  -3
13  3
9  1
10  -4
5  3
11  -3
15  1
13  -1
17  -2
10  -2
12  -3
14  -4
11  -4
16  1
11  -1
9  -3
8  -2
6  1
11  -3
9  -1
4  8
8  -2
8  3
15  5
13  4
10  -5
10  -5
10  -6
8  0
13  0
18  1
8  -1
13  4
7  -6
15  2
7  -8
8  0
13  2
6  1
17  -6
13  0
15  2
11  -5
14  -3
17  -1
8  2
9  1
8  -2
5  -1
11  -5
10  -3
12  -6
14  -4
11  -2
5  3
18  0
6  0
6  2
8  0
16  3
14  -1
9  0
8  2
12  -5
9  -1
11  -1
7  -4
8  0
10  0
8  -1
9  -3
12  -7
7  -6
5  -2
8  4
13  3
15  0
9  -1
7  -7
13  4
12  -6
6  1
15  3
8  -2
13  5
7  -4
9  1
8  3
10  -2
3  -6
12  -5
12  -8
12  -5
4  4
9  3
6  2
9  3
10  -2
9  -3
14  -1
13  1
10  0
10  -3
7  -4
13  5
12  -5
10  -1
9  -2
10  -1
11  -7
8  4
11  -3
14  -6
11  -1
14  -4
13  2
11  -2
6  1
7  -10
12  -9
4  7
15  0
14  0
