9  4
2  -5
3  -3
4  0
9  5
6  2
5  0
6  1
3  -3
7  -4
5  1
5  1
9  5
2  -4
10  -3
7  -6
6  0
4  1
7  -6
5  0
5  1
8  -6
14  -5
8  -7
9  4
6  0
4  1
3  -5
5  2
5  0
9  4
2  -6
10  -5
6  1
4  0
6  2
5  2
8  -7
5  2
3  -4
5  0
8  -7
0  -2
7  -5
6  1
9  3
1  4
2  -6
1  5
8  -7
2  -5
12  4
6  1
2  -4
6  2
3  -4
8  -6
5  0
7  -6
2  -4
8  -5
7  -5
4  2
7  -5
4  2
3  -4
5  1
6  2
5  2
1  3
10  -3
2  -5
7  -4
2  -4
5  0
4  0
8  -5
7  -6
12  4
5  2
2  -5
6  0
4  1
14  -6
4  0
7  -5
4  1
9  5
9  5
9  3
3  -3
7  -5
6  1
9  5
4  1
4  1
3  -3
3  -5
8  -6
7  -6
3  -4
6  2
5  2
6  2
6  0
7  -4
17  2
7  -5
3  -4
6  1
7  -6
7  -4
4  1
6  1
10  -3
10  -3
11  7
3  -4
9  4
6  0
6  1
5  2
6  1
4  0
6  0
6  0
7  -6
8  -7
8  -7
5  1
6  1
6  0
2  -4
8  -7
6  1
3  -3
8  -6
4  1
9  4
4  0
2  -4
4  2
5  0
7  -4
10  -5
10  -5
6  0
9  5
4  0
6  2
5  2
9  4
5  2
6  1
2  -4
12  5
8  -6
7  -5
6  2
7  -5
5  2
4  1
7  -4
9  4
5  2
4  2
2  -6
2  -4
6  0
8  -5
8  -6
8  -6
9  3
7  -5
6  1
1  4
7  -4
11  7
5  2
5  1
8  -6
6  2
9  3
6  0
7  -5
10  -4
8  -6
1  4
6  0
7  -6
2  -4
8  -6
3  -5
11  7
7  -4
4  2
5  0
2  -4
4  2
7  -4
4  0
6  0
3  -3
7  -4
5  0
2  -5
9  4
5  1
6  0
2  -5
3  -3
4  1
6  2
5  2
6  2
4  1
4  2
8  -7
3  -4
4  1
5  1
3  -3
9  5
3  -5
5  1
6  0
8  -6
6  0
7  -5
6  1
6  0
6  2
5  0
11  6
6  0
5  2
5  0
6  0
10  -5
1  3
7  -6
7  -6
7  -5
5  2
8  -5
4  2
7  -5
9  3
6  2
7  -5
6  0
9  3
9  3
2  -5
4  1
2  -4
5  2
4  1
4  0
10  -5
4  0
7  -4
7  -4
5  0
6  0
8  -5
6  1
5  1
5  2
4  2
4  1
6  0
5  2
11  5
4  1
3  -4
3  -3
4  0
7  -5
6  1
5  1
4  1
9  5
7  -6
4  1
7  -4
2  -5
8  -5
7  -5
5  0
7  -5
7  -6
6  0
9  3
4  0
7  -5
6  0
8  -5
5  0
5  0
6  0
9  3
6  1
7  -6
9  4
3  -5
2  -5
5  2
4  2
5  0
13  2
8  -6
6  1
6  0
2  -4
5  1
8  -5
3  -3
7  -6
6  2
6  0
6  2
7  -6
9  3
8  -7
6  1
10  -5
9  3
8  -7
4  1
2  -6
10  -4
5  1
5  0
6  1
6  0
5  1
7  -4
7  -4
6  2
3  -4
5  0
6  1
7  -4
10  -5
7  -6
9  5
7  -4
10  -5
5  1
6  1
5  2
5  1
7  -4
4  0
6  0
9  3
6  2
9  5
9  5
3  -3
12  5
2  -6
9  3
12  4
5  2
5  0
6  1
7  -6
9  5
8  -5
5  0
3  -4
4  2
7  -5
7  -4
6  2
11  6
8  -6
9  4
2  -5
2  -4
5  2
7  -6
7  -4
8  -6
5  1
5  0
7  -5
6  1
1  3
7  -6
7  -6
6  1
9  5
6  2
6  1
2  -4
7  -5
4  1
5  0
5  0
9  5
5  0
11  6
10  -5
8  -7
6  2
12  4
6  0
5  0
6  2
6  1
4  2
8  -6
8  -5
4  2
5  0
3  -5
6  2
5  2
5  1
9  4
6  1
4  0
6  2
8  -7
7  -6
9  3
7  -4
8  -6
5  2
2  -4
6  0
8  -5
9  3
3  -3
4  0
3  -5
9  4
1  5
7  -6
4  0
6  2
2  -5
7  -5
6  0
3  -3
6  2
12  5
2  -6
5  0
5  2
8  -6
4  0
11  7
4  1
7  -6
4  1
6  2
8  -6
3  -4
4  0
9  5
1  5
4  2
9  3
2  -4
9  3
12  4
6  0
5  2
8  -6
4  1
7  -5
6  0
3  -4
5  0
10  -5
9  5
7  -5
7  -5
6  0
9  4
8  -5
3  -3
4  0
5  2
8  -5
3  -4
7  -5
9  5
10  -4
7  -5
8  -7
5  1
11  7
7  -5
10  -5
1  5
6  0
6  2
4  1
3  -4
8  -5
5  2
2  -5
8  -5
4  0
1  3
12  5
2  -4
7  -4
5  1
4  2
3  -4
12  4
8  -5
6  1
9  4
9  3
7  -5
9  5
11  7
6  0
8  -7
7  -5
9  3
1  5
6  2
7  -4
4  1
7  -6
6  0
7  -6
3  -4
12  5
8  -6
2  -4
7  -4
4  0
3  -5
3  -3
7  -4
4  0
6  1
8  -6
6  1
6  1
6  0
7  -4
6  0
5  0
8  -5
3  -4
11  7
4  1
5  0
9  3
9  3
9  4
4  2
5  1
5  0
4  1
6  2
2  -6
7  -4
9  5
6  1
7  -5
3  -5
6  1
6  1
7  -6
4  2
6  2
6  0
3  -5
8  -6
8  -6
8  -5
7  -4
4  2
11  5
5  2
6  2
10  -4
5  1
9  4
1  4
5  1
3  -3
8  -5
9  5
10  -4
6  1
9  3
6  1
4  0
6  1
2  -5
10  -4
9  5
7  -5
5  2
2  -5
3  -4
5  1
6  1
12  4
6  2
7  -4
7  -4
10  -5
5  0
8  -6
6  1
2  -6
5  2
8  -5
4  2
8  -7
5  1
6  1
11  5
9  4
5  2
4  2
5  2
3  -5
4  2
5  2
4  2
7  -4
5  2
4  2
6  0
6  1
7  -4
7  -6
9  4
4  2
4  1
4  1
5  2
2  -6
8  -6
6  2
7  -4
8  -6
6  0
11  5
4  1
8  -6
6  2
9  4
9  3
6  0
9  3
4  1
9  3
3  -5
4  0
7  -6
5  1
2  -5
7  -4
5  1
6  2
6  1
5  0
4  1
8  -6
7  -4
5  1
7  -6
12  4
14  -7
5  2
4  2
8  -7
2  -5
6  0
6  1
3  -4
7  -6
5  2
7  -5
8  -7
7  -5
4  0
2  -5
9  5
3  -5
9  5
4  1
8  -5
6  0
6  0
2  -6
10  -3
5  1
6  1
3  -4
6  1
3  -4
5  0
5  2
3  -3
10  -4
3  -4
5  2
4  0
3  -4
4  2
2  -6
6  2
11  6
8  -6
8  -7
8  -6
5  0
5  1
12  5
4  2
8  -5
2  -6
9  4
1  4
8  -6
3  -5
4  2
5  0
8  -6
6  2
8  -6
9  3
11  6
2  -5
6  1
8  -5
9  3
3  -4
2  -4
7  -6
5  1
8  -7
10  -3
12  6
9  3
5  1
7  -5
1  5
4  0
8  -5
6  1
6  2
5  0
5  2
6  1
9  5
2  -6
8  -7
5  0
9  4
9  5
7  -6
7  -5
15  -4
4  1
6  1
4  2
12  4
7  -6
10  -3
2  -6
4  2
4  1
6  0
6  2
3  -5
5  0
5  0
10  -5
11  5
3  -3
8  -6
4  1
7  -5
9  5
5  1
7  -4
5  1
2  -6
5  1
3  -4
6  0
5  0
11  6
6  2
4  2
8  -7
14  -7
2  -4
6  1
5  0
5  0
4  2
11  5
5  2
2  -5
7  -6
1  4
2  -6
6  0
10  -4
5  2
3  -3
3  -3
7  -4
5  0
2  -4
3  -5
7  -5
6  1
5  1
8  -6
8  -5
3  -4
8  -6
6  2
4  2
7  -6
5  1
3  -3
5  0
7  -4
3  -5
2  -5
5  2
6  0
6  1
4  0
5  0
3  -3
8  -7
6  2
11  5
5  0
7  -6
5  1
9  5
5  1
9  4
5  2
6  1
3  -5
9  3
5  2
7  -6
4  1
9  4
6  0
8  -7
5  2
5  0
8  -6
7  -5
5  0
10  -4
3  -4
6  0
10  -3
6  0
6  0
10  -3
8  -6
8  -7
5  1
8  -6
5  2
8  -7
5  1
4  1
7  -5
6  0
6  1
5  1
4  2
6  0
7  -6
11  7
3  -4
6  1
1  4
4  1
0  -3
7  -6
7  -5
3  -4
4  2
8  -7
11  5
10  -3
5  2
10  -5
9  5
7  -5
7  -5
8  -5
8  -7
5  1
6  0
3  -3
8  -7
8  -5
8  -5
6  0
2  -6
5  2
5  1
2  -5
4  1
7  -6
1  3
5  0
7  -4
5  0
3  -3
11  7
6  0
4  0
5  1
6  0
5  0
5  0
7  -5
10  -4
9  4
9  4
2  -5
5  0
4  2
7  -6
10  -3
6  0
2  -4
7  -4
7  -4
5  2
3  -5
6  1
3  -4
2  -6
6  2
2  -6
5  0
3  -3
8  -6
7  -5
9  5
7  -4
5  0
13  3
4  1
5  2
9  5
9  4
7  -5
3  -5
12  6
6  1
5  0
6  1
5  2
6  0
11  6
15  -4
6  2
2  -5
6  1
8  -5
4  1
10  -5
10  -4
2  -6
9  5
2  -4
8  -7
6  2
6  0
7  -5
4  1
5  2
6  2
6  1
10  -4
7  -4
9  5
