11  -7
8  -4
12  4
10  -5
19  -4
11  -6
17  -5
6  -5
9  -4
11  -7
13  4
13  4
13  6
13  5
10  -5
14  3
5  -1
4  -5
8  -5
5  -1
12  3
10  -5
12  2
5  1
4  -7
17  -5
13  4
19  -6
11  -7
10  -3
5  -1
6  -6
13  6
14  3
8  -5
9  -3
7  -3
6  -5
6  -5
12  4
8  -3
9  -2
11  -7
9  -3
11  -6
9  -4
13  6
8  -4
12  4
9  -2
9  -4
5  1
16  -6
13  4
9  -3
8  -4
10  -3
9  -3
8  -3
4  -5
8  -4
9  -3
16  -7
10  -5
13  4
11  -7
8  -3
10  -3
11  -6
16  -7
16  -7
13  6
9  -2
11  -8
14  4
9  -2
12  4
9  -4
13  5
11  -6
8  -5
10  -3
6  -7
10  -4
10  -3
10  -3
13  6
7  -2
10  -3
13  6
10  -4
6  -5
14  4
5  0
6  -7
14  4
6  -6
10  -5
10  -5
11  -8
7  -1
15  -2
11  -6
10  -4
8  -5
10  -3
9  -2
11  -6
10  -4
11  -8
8  -5
13  5
9  -2
12  3
12  4
12  4
16  -6
6  -5
6  -5
12  4
15  -2
9  -4
7  -1
13  5
11  -6
11  -6
14  5
7  -2
9  -4
10  -5
8  -4
15  0
10  -5
9  -3
6  -7
4  -5
12  4
9  -2
13  4
8  -4
8  -5
6  -5
8  -4
17  -4
11  -8
10  -3
12  2
5  1
8  -5
7  -3
14  4
7  -2
9  -2
8  -4
9  -3
12  3
15  -2
7  -1
4  -6
7  -1
6  -5
15  0
14  5
10  -5
11  -7
10  -3
7  -3
14  5
10  -5
10  -3
16  -6
15  -1
7  -2
16  -6
13  5
12  3
13  4
10  -3
8  -3
10  -4
9  -2
9  -4
13  5
19  -5
8  -4
8  -5
10  -4
13  5
12  2
11  -8
10  -3
12  2
10  -4
9  -4
11  -8
9  -2
11  -6
13  5
13  4
9  -2
8  -3
13  6
12  3
9  -4
8  -5
8  -3
6  -5
10  -4
6  -7
13  4
4  -7
7  -1
10  -4
11  -6
13  4
12  2
10  -5
6  -7
9  -3
12  2
12  4
8  -4
6  -7
6  -5
3  4
10  -5
11  -6
11  -6
13  4
12  4
8  -3
11  -7
8  -3
9  -4
8  -4
10  -4
11  -6
7  -2
10  -4
8  -4
7  -1
16  -6
8  -5
10  -3
5  -1
7  -1
9  -4
11  -8
13  6
13  4
8  -4
12  2
13  4
14  5
13  5
10  -5
10  -4
8  -4
9  -3
12  4
9  -4
12  4
8  -4
8  -3
12  2
13  4
12  3
13  5
8  -4
7  -3
10  -4
11  -6
10  -3
8  -4
13  5
12  2
8  -5
11  -8
7  -2
12  4
6  -5
6  -5
11  -7
14  5
5  0
6  -7
8  -3
9  -4
12  4
6  -7
13  5
13  4
7  -2
12  3
11  -7
8  -4
8  -4
8  -5
5  0
8  -3
9  -3
11  -6
14  4
9  -2
11  -7
14  4
10  -4
7  -2
9  -3
16  -6
14  5
10  -5
16  -8
7  -1
15  0
11  -8
10  -4
15  -2
7  -2
7  -2
13  6
6  -6
8  -3
6  -6
10  -5
11  -7
10  -3
11  -6
10  -4
11  -6
11  -8
8  -3
9  -3
9  -3
18  5
11  -7
11  -6
13  4
7  -2
11  -8
5  -1
5  -1
7  -3
8  -3
8  -3
15  -2
17  -3
7  -1
7  -2
8  -4
8  -3
9  -4
14  5
12  4
8  -5
16  -6
11  -7
11  -6
7  -2
5  1
5  1
15  0
10  -4
9  -3
12  2
7  -1
7  -3
8  -4
13  5
8  -4
11  -7
6  -5
7  -2
8  -4
10  -4
10  -5
6  -7
6  -5
13  4
13  4
15  -1
10  -4
6  -6
12  3
8  -4
11  -8
13  4
11  -6
9  -3
8  -4
8  -4
9  -4
9  -3
6  -5
5  0
6  -6
8  -3
5  -1
14  4
7  -1
11  -6
8  -4
6  -5
9  -3
12  4
10  -3
5  -1
7  -2
15  -2
11  -6
8  -3
19  -6
14  5
7  -3
11  -7
10  -3
12  3
12  2
10  -3
14  4
3  3
17  -5
13  5
10  -3
11  -6
16  -6
12  3
8  -3
14  3
9  -4
10  -5
13  5
14  3
11  -6
2  2
7  -1
7  -2
8  -3
8  -3
12  3
12  3
13  4
3  4
13  5
12  2
10  -3
9  -2
14  3
8  -4
10  -5
15  0
8  -5
9  -3
9  -2
11  -8
14  5
12  4
6  -6
18  7
9  -3
5  1
14  4
12  2
10  -3
15  0
15  -2
9  -3
12  2
11  -6
5  -1
11  -8
12  2
10  -4
10  -4
5  1
9  -4
12  2
11  -8
12  4
9  -4
5  0
11  -7
11  -8
9  -4
10  -4
8  -5
4  -5
12  2
14  5
14  4
11  -8
10  -4
14  3
12  2
18  7
11  -6
14  3
8  -3
10  -5
12  3
10  -4
8  -4
13  5
12  2
8  -4
12  4
13  5
16  -8
7  -3
18  5
8  -4
13  4
4  -5
15  -1
8  -5
8  -3
12  3
8  -3
9  -3
8  -4
11  -7
2  1
9  -4
7  -1
14  4
10  -5
13  5
6  -7
10  -4
11  -7
10  -5
11  -7
11  -7
10  -3
15  0
7  -1
11  -6
7  -1
11  -8
9  -2
17  -4
17  -3
13  5
6  -5
16  -8
15  -2
12  2
17  -3
17  -5
7  -1
12  3
10  -5
14  3
13  4
8  -5
6  -7
8  -3
11  -7
5  0
5  -1
10  -4
10  -5
12  3
7  -3
10  -4
8  -5
10  -5
9  -4
12  2
13  6
13  5
13  4
7  -2
10  -5
10  -3
11  -6
7  -1
14  3
4  -5
9  -4
11  -6
10  -4
7  -2
12  2
10  -3
8  -3
13  5
13  4
12  3
14  5
11  -8
13  6
4  -7
13  6
14  3
13  5
5  -1
12  4
7  -3
10  -5
12  3
11  -8
18  7
9  -4
7  -1
11  -6
11  -6
12  4
7  -1
9  -2
8  -3
13  6
7  -1
9  -2
11  -8
10  -5
6  -7
7  -1
11  -7
10  -4
11  -7
14  5
10  -3
9  -4
13  4
12  4
5  -1
13  4
8  -4
8  -4
10  -3
10  -3
10  -4
12  3
10  -5
6  -5
15  -1
6  -6
7  -1
11  -7
11  -6
6  -5
9  -4
5  1
12  2
12  2
10  -5
12  3
13  6
12  4
12  3
8  -5
6  -5
18  5
11  -7
12  3
11  -8
9  -2
6  -7
11  -7
4  -7
12  4
7  -1
10  -4
13  5
9  -3
9  -4
5  -1
13  5
9  -2
9  -3
8  -4
8  -4
11  -6
13  5
6  -5
10  -5
10  -4
7  -1
10  -5
6  -5
5  1
13  6
10  -5
10  -5
6  -5
8  -3
8  -3
8  -3
5  1
14  4
10  -5
4  -7
13  4
16  -7
11  -6
11  -8
9  -3
11  -8
11  -8
7  -3
12  2
12  3
15  -1
11  -8
16  -6
8  -4
10  -5
8  -4
17  -4
8  -3
14  3
11  -6
8  -5
6  -6
14  4
16  -7
13  5
10  -3
9  -4
10  -5
10  -3
14  3
11  -6
7  -3
12  3
6  -6
9  -2
4  -6
12  4
13  6
7  -1
7  -1
13  5
8  -5
9  -2
13  4
14  3
9  -4
13  4
10  -4
11  -6
9  -4
10  -5
13  4
11  -7
14  5
12  3
6  -6
5  -1
9  -4
11  -7
10  -4
7  -1
16  -6
8  -3
8  -5
12  3
16  -7
14  5
10  -4
10  -3
8  -5
14  5
11  -7
14  4
8  -4
14  4
10  -4
7  -1
9  -3
7  -3
11  -6
9  -2
10  -4
8  -5
15  0
9  -4
5  0
8  -5
3  5
15  -1
8  -3
13  6
14  5
9  -3
6  -7
6  -7
10  -4
12  3
15  -1
6  -5
10  -4
8  -4
15  0
13  6
8  -3
10  -5
4  -5
8  -5
10  -5
11  -6
12  2
9  -4
13  4
11  -6
11  -8
13  5
12  3
12  3
9  -3
12  2
18  7
6  -5
8  -5
7  -2
6  -6
4  -5
14  4
9  -2
9  -3
11  -6
5  0
12  3
8  -5
11  -8
14  5
8  -5
6  -6
7  -2
13  6
10  -3
8  -3
16  -6
9  -2
8  -4
9  -2
12  4
15  -1
5  -1
13  5
10  -5
8  -4
10  -3
15  -2
9  -4
9  -4
21  -2
9  -3
6  -7
8  -4
13  4
7  -2
11  -7
7  -2
10  -3
8  -4
13  6
9  -4
7  -1
9  -4
8  -4
8  -4
11  -6
6  -5
13  6
12  4
8  -5
15  -2
8  -4
11  -7
10  -3
8  -4
7  -2
7  -3
7  -2
7  -1
12  3
6  -6
7  -3
10  -3
13  4
10  -3
10  -5
7  -3
8  -5
11  -6
9  -2
10  -4
10  -5
7  -3
7  -2
10  -5
6  -7
7  -3
17  -3
16  -8
13  6
11  -7
6  -7
12  4
12  2
16  -8
9  -4
9  -2
7  -1
7  -2
9  -3
12  3
5  1
10  -4
9  -4
11  -6
9  -4
9  -4
9  -3
11  -8
10  -5
8  -5
7  -3
8  -4
8  -5
10  -5
13  6
8  -3
10  -3
7  -2
16  -7
6  -7
7  -2
5  -1
9  -2
10  -5
6  -5
14  3
10  -5
6  -5
10  -3
13  6
9  -3
4  -6
12  3
12  4
17  -4
13  5
15  -1
9  -4
11  -8
10  -3
8  -5
9  -4
6  -5
9  -2
17  -5
6  -5
8  -3
8  -3
4  -5
5  0
6  -5
13  6
9  -4
10  -3
12  3
5  -1
6  -6
9  -4
9  -2
13  4
10  -3
6  -5
10  -5
14  4
10  -3
5  1
6  -5
4  -6
4  -5
8  -4
13  6
13  5
12  3
17  -3
6  -7
6  -5
6  -7
13  6
9  -3
13  5
7  -1
9  -3
9  -2
9  -4
8  -5
12  3
11  -6
12  4
10  -5
12  4
4  -5
