10  3
9  0
10  2
10  4
13  1
10  3
7  -1
15  5
7  1
9  -1
9  0
8  4
6  -3
6  -2
7  0
8  3
11  2
7  0
15  4
8  4
6  -3
11  3
6  -2
12  -5
12  -7
15  3
9  0
11  3
14  1
9  0
10  3
8  2
8  3
8  2
8  2
14  3
16  2
5  -6
7  1
10  3
11  4
6  -2
6  -2
7  1
6  -3
11  2
10  2
11  2
11  3
10  3
8  3
10  4
5  -8
8  4
14  2
10  3
11  3
9  -2
5  -8
15  5
9  -1
13  3
15  4
9  -1
10  2
14  2
7  -1
11  4
14  2
8  3
6  -2
16  1
7  -1
10  3
12  -5
13  1
9  -1
5  -6
15  5
5  -6
11  3
12  -5
13  3
7  0
6  -2
18  -1
8  3
14  3
14  3
7  -1
10  3
13  1
9  0
4  4
9  0
13  1
12  -5
8  3
13  3
12  -6
7  0
12  -6
7  1
11  3
3  -3
10  4
6  -4
10  3
11  3
12  -5
18  -1
8  4
7  0
7  0
13  1
12  -7
11  3
11  2
11  4
5  -6
12  -6
11  2
11  4
18  -1
14  2
12  -6
10  4
15  3
7  1
13  1
12  -7
11  2
8  4
11  2
9  -2
11  2
10  2
14  3
9  -2
16  3
9  0
6  -3
13  2
10  4
9  0
9  -1
3  -4
13  1
3  -3
13  1
14  3
6  -2
7  0
7  1
7  0
6  -4
12  -7
8  4
12  -6
9  -1
11  3
11  2
10  4
9  -2
17  2
9  -2
14  3
7  -1
8  3
8  2
11  4
7  -1
7  0
13  3
15  4
12  -5
8  4
7  1
6  -2
8  4
11  2
4  3
8  3
10  3
10  2
5  -8
10  4
10  4
13  1
13  1
11  2
6  -4
5  -6
11  4
14  1
15  4
8  2
16  2
12  -6
6  -3
10  3
7  0
10  2
6  -2
10  3
16  3
9  -1
6  -3
10  4
8  4
8  2
9  -2
12  -6
10  2
9  -1
7  1
7  -1
12  -7
9  0
14  3
12  -7
6  -3
6  -4
8  3
12  -7
9  -1
11  2
13  1
11  2
9  0
5  -6
10  3
6  -3
8  2
9  -2
8  3
5  -8
9  -2
6  -4
8  3
8  3
14  2
14  3
12  -5
11  3
12  -6
6  -4
13  1
11  2
14  2
13  2
12  -6
3  -3
6  -4
8  2
9  -2
17  1
7  0
16  2
9  0
9  -2
12  -5
9  -2
10  2
9  -2
18  0
8  4
9  -1
6  -3
9  0
14  2
3  -5
8  3
8  2
9  -1
11  3
12  -6
5  -7
8  4
5  -6
16  2
11  3
6  -2
12  -7
10  3
10  4
6  -4
16  3
10  4
8  2
12  -5
10  4
12  -7
8  4
8  4
10  3
17  3
6  -4
11  4
14  2
6  -4
10  2
10  4
10  2
12  -6
14  1
9  -2
7  -1
12  -6
10  2
6  -2
12  -5
10  4
17  3
7  -1
9  -2
14  3
13  1
9  -2
4  3
15  3
7  1
10  2
10  4
9  -2
9  -2
12  -5
7  -1
12  -5
9  -1
11  4
11  3
12  -6
22  -4
10  2
6  -4
14  2
8  3
7  0
11  3
14  2
17  3
10  4
9  0
10  4
16  1
14  3
10  2
6  -3
9  -2
11  3
14  1
6  -2
12  -5
14  1
12  -5
12  -5
8  2
8  2
17  3
13  2
19  6
7  0
4  4
10  2
8  3
16  2
7  0
1  -6
10  2
11  4
13  3
7  -1
12  -5
11  4
15  3
11  2
9  -2
12  -6
12  -5
10  4
12  -6
9  0
7  -1
10  2
13  1
8  2
13  1
7  -1
9  -2
8  3
13  2
9  -2
9  0
5  -7
5  -7
11  4
12  -5
10  4
14  2
6  -3
8  3
8  2
10  3
9  -2
6  -2
10  4
16  3
10  2
9  0
11  4
14  1
12  -5
12  -7
10  3
17  1
8  2
20  -7
7  1
17  1
8  3
8  3
17  1
8  4
8  2
11  4
10  4
8  4
11  2
10  2
6  -4
10  2
11  4
8  3
10  3
4  4
9  -1
8  2
8  2
6  -4
8  4
8  3
7  1
8  4
10  4
14  1
6  -2
10  4
4  3
11  3
8  4
8  3
11  3
11  2
8  4
13  2
10  2
20  -6
11  4
9  0
12  -5
12  -5
16  1
12  -6
12  -7
14  2
5  -6
11  3
7  1
10  3
6  -4
10  4
3  -3
8  2
12  -6
8  3
7  -1
14  1
12  -6
9  -2
5  -8
4  2
7  0
9  -1
10  2
9  -1
6  -3
8  4
9  0
9  -1
14  1
4  2
6  -3
14  2
14  1
15  5
7  0
6  -4
10  2
16  3
11  4
7  0
8  3
10  2
9  -1
8  4
12  -6
8  2
13  1
9  -2
11  4
11  3
8  2
9  -1
5  -6
10  3
9  0
11  2
12  -5
9  -2
13  3
9  -1
6  -3
8  3
9  -2
9  -1
11  2
13  3
10  4
6  -4
11  2
10  4
13  3
11  2
9  0
8  4
4  4
5  -8
15  4
8  3
8  2
11  4
7  1
8  2
10  2
7  0
15  4
9  -1
4  2
6  -2
8  2
8  4
10  4
11  4
12  -6
8  3
10  2
10  3
9  -1
8  4
11  3
11  3
11  4
10  3
10  4
7  1
10  3
9  -2
10  4
14  2
11  4
9  0
6  -3
11  2
18  0
7  -1
10  4
9  -2
10  4
6  -2
14  2
11  4
10  4
13  2
10  2
8  2
6  -2
11  2
10  4
10  2
8  2
14  1
7  1
10  3
5  -7
6  -3
10  2
4  4
12  -7
12  -7
14  1
5  -6
7  -1
10  4
7  1
14  3
10  2
7  -1
7  -1
8  4
4  3
8  3
6  -4
9  0
13  3
4  3
7  1
13  1
18  0
10  4
10  3
10  3
9  -2
8  3
10  4
7  0
11  3
10  2
15  4
6  -2
12  -6
13  3
8  3
9  -1
13  3
13  1
2  4
10  3
11  3
10  3
7  0
5  -6
12  -6
5  -6
10  3
10  4
9  0
7  0
10  3
14  1
6  -3
10  4
4  4
12  -6
8  4
8  2
8  2
7  -1
7  0
11  4
10  2
7  1
6  -4
12  -5
10  4
18  0
11  2
14  1
6  -3
15  5
9  -2
7  -1
10  3
12  -7
8  3
8  4
8  3
8  3
9  0
9  0
10  2
10  3
12  -5
8  2
8  3
10  2
13  2
12  -7
10  2
7  1
10  3
9  0
10  2
12  -5
14  3
13  2
13  1
8  4
14  2
6  -2
7  0
12  -5
9  -1
9  0
10  3
7  0
6  -4
14  3
9  0
12  -7
7  1
10  4
8  3
8  2
6  -4
13  3
5  -8
11  3
6  -3
13  3
8  4
12  -5
9  -1
3  -5
9  0
10  3
8  2
7  1
6  -2
8  2
9  -1
16  1
13  2
7  1
13  2
16  3
7  0
15  3
10  4
9  -1
11  4
10  3
5  -6
7  1
8  4
7  0
13  3
16  3
12  -5
11  4
12  -7
8  3
12  -5
14  2
6  -3
13  2
5  -6
11  3
10  4
8  3
8  2
12  -7
11  2
10  2
17  3
15  3
4  2
10  4
14  2
14  3
12  -5
11  2
3  -4
7  -1
8  2
7  -1
13  2
8  2
11  4
7  0
7  -1
11  4
12  -6
18  -2
6  -2
9  -1
7  0
12  -7
8  2
10  3
9  -1
11  2
7  0
8  2
13  2
9  0
12  -6
12  -5
10  4
7  1
9  -1
6  -4
10  2
10  4
13  1
11  3
11  4
11  3
16  3
12  -6
14  1
7  -1
19  6
7  0
10  3
15  5
8  2
10  3
13  1
9  -1
12  -7
6  -2
10  2
11  2
11  4
10  4
11  3
7  0
8  4
9  -2
10  4
5  -6
16  1
12  -5
7  -1
8  4
10  3
16  2
10  2
6  -4
6  -3
15  4
6  -2
5  -6
10  3
12  -7
22  -4
11  2
4  3
5  -6
12  -5
11  4
5  -7
6  -2
15  5
7  0
14  1
12  -5
9  -1
9  0
5  -7
18  -1
7  1
14  3
11  4
9  -1
10  2
15  5
10  2
9  -1
10  4
10  3
11  4
16  1
12  -6
5  -6
6  -4
11  4
8  3
7  -1
12  -7
14  3
12  -7
8  4
5  -6
10  2
5  -6
10  3
13  1
12  -5
16  3
8  3
10  2
8  2
14  1
7  -1
12  -6
9  0
18  0
9  0
9  0
11  2
9  0
8  2
8  2
4  3
15  3
3  -4
10  2
7  1
9  -1
10  2
11  4
7  1
14  3
5  -8
6  -4
8  3
12  -5
13  3
8  2
10  3
12  -7
14  2
9  0
10  3
7  1
8  4
8  2
5  -6
8  3
14  1
10  2
8  3
11  3
12  -7
5  -7
13  3
5  -6
10  4
9  -2
12  -5
6  -4
8  4
8  4
9  0
15  3
13  2
9  -2
11  3
9  0
10  4
11  4
11  2
6  -3
10  4
10  2
13  1
10  2
14  3
7  0
10  3
7  0
9  -2
11  2
12  -5
16  3
2  4
11  3
9  -1
7  1
12  -6
14  2
8  4
9  -1
7  -1
8  4
7  0
8  2
4  2
13  1
5  -6
7  0
6  -4
9  0
14  1
7  -1
10  3
10  2
16  1
10  3
9  -1
9  -2
8  4
12  -6
9  -2
14  2
13  3
4  2
13  1
