3  -1
6  -6
7  -2
7  -2
10  6
11  -4
7  -2
5  -1
6  -4
7  -1
8  4
6  -4
6  -6
13  3
13  4
9  1
9  1
6  -4
9  3
11  -4
4  -8
14  -3
7  -2
6  -4
3  0
10  4
6  -4
10  5
10  4
12  3
6  -6
13  4
9  1
12  2
4  -6
7  -1
11  -4
4  -8
9  1
2  6
3  0
7  -3
8  5
7  -1
7  -2
5  1
5  -1
9  3
6  -4
10  5
12  4
7  -3
9  2
11  -4
4  -8
8  3
5  0
9  3
7  -3
9  2
6  -6
6  -6
4  -8
9  3
8  3
8  5
5  0
4  -8
10  6
6  -6
7  -3
2  6
3  -1
5  -1
10  4
5  -1
15  -7
8  3
9  2
11  -4
8  5
9  1
9  2
9  3
9  2
9  3
11  -6
7  -2
9  2
9  1
5  -1
10  6
6  -5
7  -3
9  3
9  1
7  -1
9  1
5  1
8  3
4  -7
4  -7
8  4
13  3
4  -8
9  2
5  -1
11  -6
9  1
8  4
6  -6
8  4
10  5
7  -3
9  2
6  -4
9  2
6  -5
7  -3
7  -3
6  -5
5  1
12  4
6  -5
9  2
6  -6
14  -4
8  5
5  0
5  1
11  -5
2  7
7  -3
8  3
9  1
7  -2
11  -4
8  5
14  -5
7  -2
12  3
8  4
13  4
7  -2
11  -4
10  4
14  -4
8  3
10  4
5  1
8  5
6  -5
11  -4
9  1
9  2
2  6
14  -4
11  -5
3  1
7  -2
8  5
10  4
6  -4
9  1
6  -6
9  1
6  -4
6  -4
6  -4
10  5
8  4
10  6
6  -4
10  4
14  -4
8  4
11  -4
5  1
7  -1
9  2
13  2
6  -4
1  4
8  3
9  2
5  0
4  -7
3  0
14  -4
9  2
4  -6
10  5
8  3
10  6
4  -7
6  -4
12  2
12  2
7  -1
7  -2
10  4
10  4
8  5
6  -5
13  4
4  -7
6  -5
13  3
12  3
11  -4
13  2
11  -4
11  -6
9  1
5  1
8  5
9  3
11  -6
11  -4
5  0
4  -7
8  5
13  2
8  5
11  -4
6  -4
5  0
15  -6
10  4
7  -2
8  5
10  5
9  2
8  3
8  4
5  -1
11  -4
9  2
12  4
5  0
7  -3
11  -4
7  -2
10  6
7  -2
6  -6
10  4
5  1
12  2
6  -6
6  -4
8  5
8  4
8  4
9  2
7  -2
10  5
4  -8
11  -6
14  -5
5  0
6  -6
6  -4
3  1
10  4
11  -4
11  -4
6  -4
9  1
5  -1
6  -5
3  1
6  -4
6  -5
7  -3
5  0
7  -3
8  5
11  -4
8  4
10  6
7  -1
10  6
3  -1
14  -3
12  4
9  2
4  -6
6  -5
7  -3
11  -4
8  3
10  4
9  1
9  2
8  5
6  -4
9  1
6  -6
9  1
13  3
5  0
8  5
13  3
11  -6
8  5
5  -1
7  -1
7  -1
7  -2
6  -4
12  3
12  2
13  2
10  6
7  -3
7  -1
5  -1
15  -7
11  -5
8  4
5  -1
10  5
2  6
5  -1
8  3
8  3
8  4
6  -5
10  5
17  -6
9  3
4  -7
9  2
6  -5
9  3
11  -4
7  -3
7  -2
8  5
13  2
10  4
5  -1
5  1
4  -8
9  3
10  4
8  3
12  3
4  -8
6  -5
7  -3
1  3
5  0
8  3
6  -4
5  -1
8  4
8  4
6  -4
10  6
5  0
6  -4
7  -2
7  -2
8  5
10  4
12  4
8  3
7  -1
8  5
10  6
6  -5
10  6
8  3
13  2
11  -5
8  3
6  -4
5  0
6  -4
8  5
9  1
10  4
5  -1
7  -3
14  -3
9  2
10  6
7  -3
9  2
10  6
7  -2
4  -7
11  -6
8  5
5  0
12  3
6  -6
5  0
5  -1
8  3
12  4
10  4
10  4
6  -6
8  5
5  1
10  6
10  4
7  -3
8  4
9  1
8  4
6  -6
10  5
9  1
11  -6
11  -6
9  1
4  -7
6  -6
6  -6
7  -1
12  2
6  -6
7  -2
6  -5
7  -3
4  -8
4  -8
9  2
9  2
3  0
8  3
8  5
13  2
6  -5
10  6
7  -3
8  4
5  -1
12  2
3  1
6  -6
11  -6
7  -2
8  5
8  3
3  -1
6  -6
9  1
12  3
18  6
8  3
5  1
9  3
6  -5
9  2
5  0
7  -3
8  3
6  -6
9  1
6  -5
8  3
11  -5
8  4
7  -2
12  2
9  1
5  0
8  4
3  1
12  3
6  -4
7  -3
7  -3
3  0
3  0
9  1
6  -6
11  -6
9  2
5  -1
6  -5
3  -1
9  1
8  3
17  -5
8  5
10  4
12  4
8  4
12  2
7  -3
5  1
7  -3
8  5
8  5
9  3
5  1
12  4
8  3
5  1
9  2
5  1
11  -6
9  2
6  -6
11  -6
10  6
10  5
6  -6
12  2
9  3
4  -7
6  -6
8  4
6  -4
5  1
9  3
7  -1
7  -2
3  0
7  -3
8  3
5  0
12  3
9  1
3  0
4  -8
7  -2
5  0
9  3
9  3
5  0
4  -6
10  6
4  -8
4  -6
8  4
4  -8
4  -8
10  6
5  1
7  -1
5  1
6  -6
9  2
5  1
9  2
3  0
13  2
8  3
4  -8
8  4
8  4
9  2
7  -3
4  -8
3  0
10  5
12  2
12  3
8  3
8  4
14  -3
13  4
9  2
8  5
7  -1
7  -3
8  5
10  6
8  3
11  -5
6  -6
10  6
7  -1
6  -6
15  -6
12  2
7  -1
11  -5
7  -2
10  6
5  0
9  3
7  -2
5  0
7  -1
7  -3
3  0
8  5
8  4
12  2
10  5
8  5
12  2
7  -3
9  3
11  -5
12  3
6  -4
6  -6
4  -8
7  -1
9  1
5  1
5  1
6  -6
6  -5
4  -6
11  -4
10  5
10  6
9  3
7  -2
12  3
10  6
8  5
4  -8
9  3
5  -1
10  5
7  -2
9  1
11  -4
6  -4
14  -5
10  4
6  -4
3  -1
10  5
9  1
9  3
7  -2
13  3
7  -2
2  5
6  -4
7  -1
13  2
9  3
5  1
12  3
10  6
6  -4
8  4
12  3
5  -1
11  -6
1  3
11  -6
10  5
4  -7
4  -7
6  -6
8  3
12  2
8  3
10  5
8  4
3  -1
12  4
4  -8
5  1
13  4
8  4
10  4
8  4
11  -5
8  4
5  1
7  -2
12  2
12  2
7  -2
8  3
8  3
3  -1
5  1
14  -3
5  0
9  2
4  -8
10  4
7  -2
7  -2
4  -6
10  6
7  -1
6  -5
8  4
9  1
6  -4
5  1
9  2
13  3
12  3
13  4
8  5
10  6
12  4
10  6
6  -6
9  2
5  0
6  -5
3  0
10  5
12  4
8  3
14  -4
3  1
4  -7
11  -6
7  -1
8  4
7  -1
6  -6
4  -7
11  -5
10  6
9  2
5  -1
10  6
8  3
12  4
12  3
10  5
7  -3
7  -1
12  4
10  4
11  -4
6  -4
9  2
6  -4
9  2
8  4
12  2
10  5
13  3
7  -3
11  -6
7  -2
6  -6
6  -5
8  5
8  3
8  3
17  -4
11  -5
6  -5
5  -1
8  5
8  5
12  4
12  3
3  1
4  -6
3  1
4  -8
10  5
5  1
9  2
12  2
10  4
5  -1
10  6
9  1
5  0
7  -3
8  4
10  4
11  -6
11  -5
8  4
5  1
10  4
2  5
10  6
10  6
10  5
12  4
13  3
5  -1
11  -5
9  2
2  6
9  2
8  4
3  -1
6  -6
9  3
6  -5
8  4
8  4
11  -4
7  -3
8  3
10  5
9  2
9  2
11  -4
11  -6
8  4
12  4
9  3
4  -8
6  -4
7  -3
14  -3
5  1
11  -6
11  -6
6  -6
6  -4
5  0
4  -7
7  -3
3  -1
7  -3
8  5
6  -6
14  -4
8  4
2  7
7  -1
4  -6
10  4
7  -1
10  6
12  3
6  -4
6  -4
13  4
6  -5
6  -5
3  1
3  -1
13  2
6  -6
8  3
7  -3
7  -2
9  1
14  -3
7  -2
7  -1
9  1
5  1
7  -3
8  4
12  4
6  -4
9  2
6  -4
7  -3
12  3
4  -8
7  -3
5  1
7  -1
8  5
10  4
10  6
8  4
8  4
6  -4
3  1
11  -6
10  4
2  6
15  -8
8  4
10  4
13  4
7  -3
10  5
12  2
8  4
3  0
13  4
6  -5
6  -6
9  3
4  -6
4  -7
10  5
7  -3
12  3
11  -4
7  -3
10  5
7  -3
10  4
4  -8
7  -1
3  0
5  0
12  4
6  -5
4  -7
7  -3
8  4
3  0
7  -2
11  -4
9  2
6  -4
8  5
11  -5
9  3
6  -5
10  4
5  0
8  3
10  4
13  2
11  -6
7  -3
10  6
13  3
6  -6
9  3
10  5
9  3
8  3
9  3
9  1
5  0
10  6
8  3
8  5
5  1
4  -8
5  1
7  -3
10  5
9  1
9  2
4  -8
6  -4
12  3
7  -1
15  -7
3  -1
11  -4
7  -1
7  -2
5  0
7  -2
17  -6
11  -4
9  2
8  4
6  -4
6  -6
10  6
7  -3
9  2
7  -3
11  -4
10  6
10  5
5  1
4  -6
2  7
10  6
12  3
4  -7
2  6
11  -5
3  1
9  1
5  0
9  3
7  -3
6  -6
9  1
3  1
7  -2
9  1
14  -3
10  4
13  2
10  5
8  3
3  -1
7  -1
4  -6
6  -5
7  -1
7  -1
9  3
6  -5
6  -6
