7  4
7  3
6  -4
6  -5
6  -4
7  3
5  -1
11  0
5  -1
6  -6
7  2
6  -4
9  4
10  7
9  3
8  1
4  8
9  3
6  -5
6  -6
5  -2
8  1
16  -7
6  -4
6  -6
12  3
12  2
10  5
5  -3
2  -7
11  1
6  -5
3  2
6  -5
8  2
7  2
12  1
6  -6
8  3
8  2
6  -4
5  -1
11  0
6  -5
5  -3
4  8
11  0
8  1
9  4
8  1
6  -6
8  2
6  -4
10  7
5  -1
7  2
6  -5
10  7
4  7
8  2
3  2
2  -6
5  -1
3  3
10  7
4  7
8  1
10  6
6  -4
6  -4
8  3
8  1
11  1
9  3
5  -1
6  -6
10  7
8  1
3  4
10  7
10  7
8  2
4  6
10  6
7  2
8  3
6  -5
6  -4
3  3
6  -4
4  7
7  2
10  5
8  1
9  2
8  2
6  -5
2  -8
5  -1
4  8
6  -4
7  2
5  -2
7  3
12  3
6  -6
7  3
3  4
8  2
12  2
6  -6
8  1
9  4
7  4
3  2
7  4
6  -5
12  3
6  -5
5  -2
8  2
8  1
6  -4
4  7
1  6
5  -1
6  -4
4  7
11  1
3  3
13  5
7  3
10  6
8  3
4  6
2  -8
5  -1
5  -2
10  7
8  2
6  -5
9  4
2  -8
9  4
9  4
7  4
4  6
7  2
8  2
5  -1
6  -6
7  3
9  2
4  7
6  -6
2  -8
5  -1
7  3
9  2
6  -5
8  2
7  4
5  -1
4  8
10  5
10  7
10  7
9  2
3  2
6  -5
6  -5
13  4
6  -6
10  6
13  4
7  2
12  3
4  7
5  -2
7  4
7  3
10  6
9  3
9  3
3  2
4  6
7  2
6  -5
7  3
6  -6
5  -3
2  -8
6  -4
9  4
8  3
2  -6
8  1
10  5
11  1
9  3
3  4
8  1
6  -5
9  4
9  3
8  3
10  5
11  2
8  1
8  3
9  4
5  -3
6  -5
8  1
7  4
11  1
5  -3
6  -6
8  1
15  -2
6  -4
5  -2
9  4
3  3
0  2
6  -5
10  5
5  -2
7  2
5  -2
12  3
3  3
11  2
4  6
15  -1
9  2
6  -4
10  5
11  1
8  1
8  3
7  4
3  4
10  6
3  4
4  7
6  -4
8  1
6  -5
8  3
3  3
10  5
9  4
7  4
5  -3
5  -1
2  -7
6  -4
7  2
5  -3
10  6
6  -6
4  6
8  2
5  -3
7  2
10  5
8  1
9  4
3  2
3  4
5  -1
6  -4
10  6
8  2
7  4
8  2
16  -6
8  2
9  4
6  -4
8  2
10  7
13  3
5  -3
4  8
6  -6
5  -2
12  2
11  1
7  4
12  2
4  8
12  3
9  2
7  4
13  3
9  3
10  5
6  -4
3  3
3  3
6  -6
13  5
7  4
6  -5
9  2
14  2
5  -1
7  4
9  4
9  3
8  3
4  6
4  8
5  -2
8  3
3  4
8  3
4  6
7  3
7  3
8  1
9  2
1  8
7  3
3  4
9  4
8  3
9  2
9  4
6  -4
4  8
9  3
7  2
5  -1
8  3
8  1
12  1
10  6
6  -6
7  2
2  -8
8  3
7  4
7  2
1  7
8  1
2  -8
7  3
12  2
7  2
12  2
6  -5
9  3
14  2
11  0
10  7
2  -8
3  3
7  3
10  5
7  3
9  2
11  0
6  -5
6  -5
5  -2
12  2
6  -5
8  3
7  4
10  7
6  -5
13  3
9  3
6  -5
4  7
11  2
3  4
7  3
7  3
2  -7
9  3
8  3
10  6
6  -5
5  -1
7  2
9  3
9  3
13  5
5  -2
5  -1
6  -6
8  1
5  -1
11  1
13  3
8  3
8  3
2  -8
7  3
9  3
7  4
7  4
7  4
1  6
6  -5
8  1
3  3
12  3
10  5
3  2
11  0
5  -3
7  2
6  -4
4  8
7  3
10  7
9  3
11  0
7  4
6  -5
8  2
9  3
7  4
6  -4
7  3
5  -1
2  -8
2  -7
3  4
11  1
2  -7
8  2
5  -3
7  2
9  4
3  2
9  3
4  7
7  3
5  -1
5  -2
7  3
2  -8
8  3
6  -4
9  3
9  3
7  2
4  6
7  3
9  3
8  2
10  5
8  3
11  2
9  3
6  -5
10  7
6  -6
6  -6
9  3
7  2
5  -2
4  8
5  -1
7  4
6  -6
7  4
13  5
9  2
4  7
8  1
4  8
5  -2
4  6
7  2
13  4
6  -6
8  2
11  1
6  -5
6  -4
10  6
5  -1
7  3
5  -1
8  2
5  -1
7  3
8  3
6  -5
11  0
7  2
5  -2
2  -8
9  2
7  4
5  -2
5  -1
11  1
8  3
4  7
8  2
5  -3
10  6
8  3
7  3
9  4
15  0
9  2
7  3
8  3
4  6
5  -1
8  3
8  3
8  3
8  2
10  7
10  5
7  2
4  8
4  6
5  -1
8  1
11  2
4  8
8  1
6  -6
1  6
4  7
9  4
9  3
10  7
5  -3
3  3
7  4
6  -4
9  3
7  2
11  1
7  3
9  2
9  2
9  2
5  -3
7  3
9  3
10  5
8  1
10  6
9  2
3  4
9  3
4  7
14  3
7  3
7  3
7  4
5  -1
12  2
4  8
2  -6
8  1
7  2
7  2
5  -1
4  7
3  4
7  4
10  7
6  -5
8  1
5  -3
6  -4
8  1
9  2
8  2
7  2
3  3
7  2
6  -6
8  2
4  8
2  -6
9  4
3  2
5  -2
6  -5
5  -1
10  7
5  -3
8  2
9  2
7  3
8  1
4  7
8  1
8  2
4  8
5  -3
5  -3
6  -5
7  2
11  2
3  2
5  -1
3  2
9  4
12  2
8  2
10  7
11  1
11  2
9  4
11  1
2  -7
6  -6
11  0
5  -3
6  -4
13  5
4  7
6  -5
11  0
8  1
5  -1
8  2
6  -5
3  4
9  3
8  2
3  2
6  -4
2  -7
8  2
6  -6
6  -5
3  3
12  2
8  2
5  -2
4  8
4  6
8  1
5  -2
9  4
5  -1
1  7
12  1
5  -1
5  -2
4  7
8  1
12  2
6  -5
11  2
11  0
14  1
4  6
4  8
2  -7
8  1
3  2
11  1
4  8
10  7
6  -5
8  2
4  8
8  1
7  3
7  2
8  2
11  2
9  4
9  2
13  5
5  -1
11  0
7  3
6  -5
6  -5
10  6
8  3
11  0
6  -6
9  3
6  -6
8  1
10  5
8  3
12  3
7  4
4  6
13  4
11  1
8  3
5  -2
11  1
8  3
11  1
8  2
14  2
7  2
12  2
4  8
6  -6
7  2
4  6
5  -3
9  2
5  -1
7  3
4  6
11  1
7  3
6  -5
6  -5
6  -5
8  3
6  -4
6  -5
2  -8
9  3
5  -2
8  3
6  -6
5  -2
8  2
7  2
8  3
11  1
4  7
9  3
4  8
5  -3
13  4
8  1
7  2
7  3
4  6
11  0
9  2
2  -7
10  7
8  2
8  3
9  3
15  -1
8  3
6  -4
7  3
4  6
7  4
6  -4
8  2
10  7
5  -1
9  2
9  4
9  4
7  2
7  3
9  2
6  -4
4  6
4  6
6  -4
4  8
5  -2
9  2
6  -6
9  4
7  3
5  -2
11  0
10  7
8  1
11  2
4  7
6  -5
12  1
7  3
5  -2
2  -6
10  6
11  0
3  4
5  -1
10  7
6  -4
10  7
2  -6
10  7
7  4
10  5
9  3
7  4
7  3
7  3
13  4
4  7
7  4
6  -4
8  2
7  2
7  2
10  7
7  2
6  -5
8  2
12  1
2  -7
6  -4
11  0
7  2
2  -8
4  6
6  -6
11  1
6  -5
4  8
8  3
5  -1
9  4
13  4
2  -6
7  4
11  0
9  3
5  -3
7  4
6  -4
6  -5
8  3
5  -3
7  2
10  6
11  0
6  -6
3  2
1  8
10  5
10  6
6  -5
9  2
9  3
5  -1
4  8
11  0
6  -6
5  -3
8  3
7  2
3  3
9  3
8  3
9  3
6  -5
7  2
4  7
4  8
5  -3
5  -2
8  3
8  1
2  -7
5  -1
5  -2
3  2
8  2
7  2
7  2
7  4
8  3
5  -1
12  3
13  4
7  3
3  3
5  -1
6  -4
8  3
4  6
6  -5
9  2
12  1
11  2
4  6
2  -8
9  4
4  8
12  1
5  -3
6  -4
10  5
7  2
9  2
6  -6
8  1
9  4
13  3
5  -2
8  1
9  2
13  5
6  -5
9  2
9  3
6  -6
12  2
9  2
9  4
12  3
10  5
6  -6
4  7
5  -3
10  6
8  2
5  -3
5  -1
3  3
7  3
5  -3
5  -3
9  2
2  -7
9  4
12  1
7  2
12  3
8  3
5  -1
6  -4
9  3
7  4
5  -1
8  2
5  -1
8  1
11  1
4  8
7  4
6  -5
5  -1
7  3
9  4
10  7
7  2
5  -1
13  3
9  2
7  3
1  8
1  8
6  -6
9  3
8  1
5  -3
9  3
7  2
7  4
6  -6
8  2
6  -4
4  7
3  3
7  2
5  -1
7  3
4  7
8  1
13  5
9  3
5  -3
5  -2
3  3
7  3
9  3
9  3
5  -1
9  2
9  3
8  3
6  -5
5  -2
5  -2
4  6
7  3
6  -5
6  -6
10  6
13  4
