14  0
11  -7
9  -9
10  -10
6  -6
9  -5
7  -7
4  -7
6  0
16  -3
6  -8
9  -2
4  -7
12  -3
9  -1
6  1
10  -7
10  -9
8  -3
9  -3
9  -10
10  -9
6  2
5  5
5  10
12  -2
12  7
16  2
6  -6
13  -3
7  0
12  3
14  8
9  1
12  5
8  -7
13  0
11  -3
15  1
5  1
11  -5
13  -8
10  -7
8  -2
8  -2
4  -6
3  -6
4  -3
7  -2
14  2
14  10
9  -9
13  -4
6  -10
6  -3
11  -1
11  0
8  -6
9  1
9  -1
10  1
9  -3
8  -6
6  -1
8  -2
11  -6
14  3
10  -9
6  2
5  2
10  0
7  -6
5  7
9  -7
4  0
8  -2
13  -4
13  -1
9  -4
6  -8
12  3
9  -6
8  -12
6  2
9  -8
10  1
8  -6
6  0
13  -2
7  2
4  -6
10  -10
3  -1
10  -5
12  -5
8  -1
8  -10
9  -3
6  -7
4  -6
9  -5
7  -9
14  8
6  -4
6  -6
9  0
6  -7
11  -4
7  -2
6  0
8  -11
9  -2
10  -9
7  2
6  -6
11  -9
14  4
5  2
8  -5
8  -4
7  0
7  -2
12  7
7  -1
16  -4
10  -4
8  -4
8  -11
10  -3
8  -3
5  11
11  -7
12  -5
6  -7
9  -1
9  -5
7  2
5  4
10  -10
8  0
10  -11
12  -4
8  -6
9  1
7  -1
12  -2
13  -4
13  -2
6  -10
10  -7
9  -3
7  -1
6  -5
5  6
9  -4
6  -7
9  -7
10  1
7  3
8  -10
9  -8
10  0
7  -5
10  0
8  -9
7  3
8  -4
7  3
14  2
7  -1
13  1
10  -8
9  -10
7  -1
11  -2
12  -2
4  -10
10  -7
5  4
8  -8
9  -9
8  -5
12  7
15  -1
9  -8
10  -2
11  -4
12  -3
10  -9
7  -4
12  -2
3  0
7  -1
8  -7
7  2
8  -3
11  -12
4  -5
4  2
13  -6
7  3
11  -11
10  -11
17  2
8  -5
7  -9
9  1
11  -10
10  0
11  -9
11  0
15  2
10  1
10  -11
15  -5
16  -5
9  -9
6  -6
8  -6
9  -10
15  2
6  -7
10  -9
9  -8
8  -12
7  -2
7  -5
7  -5
11  -5
12  -5
10  -4
13  1
7  3
17  -1
8  -4
6  -2
11  -5
15  -4
9  -10
11  -9
7  -4
9  -5
13  1
4  -2
3  2
13  -9
7  -2
14  4
8  -7
11  -12
7  -8
9  -10
6  2
8  -9
9  -4
4  -6
6  -6
11  -3
9  -3
11  -12
10  -6
11  -11
9  -2
6  -3
6  0
7  2
10  -8
16  -1
15  -8
7  -4
14  5
12  -2
11  0
8  -11
7  -8
5  10
2  4
5  13
9  -8
10  -8
9  -2
10  -9
5  2
9  -7
15  -8
10  -10
8  -2
10  -5
13  -2
10  -9
10  0
12  3
10  -10
6  -9
9  0
7  0
9  0
7  0
11  -3
6  -4
9  -2
7  -8
13  -7
5  7
9  -7
9  -4
16  -5
5  5
8  -4
2  -2
10  -8
8  -5
10  -8
10  1
6  -9
7  1
8  -1
7  -1
7  -4
9  2
10  -9
8  0
6  0
9  -2
7  -1
13  -1
7  3
13  -5
8  -12
8  0
8  0
8  -3
9  1
8  -8
7  1
10  -10
7  -9
5  4
15  -7
8  -1
9  -2
14  1
4  -8
10  -7
9  -3
9  -6
11  -3
4  -6
6  2
12  -4
2  5
12  -1
10  -10
7  -4
10  0
6  -4
13  -6
8  -1
4  -9
11  -7
11  -12
8  -7
14  8
7  -2
9  -6
11  -12
5  7
14  2
4  -7
13  -7
8  -4
9  -2
8  -6
17  4
11  -10
8  -1
2  1
10  1
5  4
6  0
7  0
13  -5
7  -5
11  -12
4  -3
11  -2
9  -3
9  -4
8  -9
13  -8
12  -1
12  -5
11  -2
10  -1
5  9
5  11
11  -5
11  -7
8  -4
9  1
10  -7
4  -5
8  0
9  2
9  -7
10  -9
11  -6
8  -1
6  -4
14  11
12  -2
8  -8
15  -9
10  -3
8  -4
9  -6
9  1
6  -5
9  1
10  -3
15  -8
9  -10
9  -2
7  -6
6  -8
9  -9
4  0
10  -8
13  -11
10  -6
13  -3
11  -8
6  -8
9  -5
5  9
11  -10
8  -11
5  9
15  -5
6  -9
11  -7
10  -7
16  5
11  -9
9  1
10  -5
7  -1
8  -11
10  -1
7  1
11  -1
8  -8
10  1
10  -10
7  -4
6  -6
5  6
8  -9
10  -8
8  -4
8  -11
10  -2
12  0
11  -8
3  2
7  3
7  -6
10  -6
12  -1
11  -9
14  9
12  3
11  -10
6  -5
5  12
8  -3
7  1
9  -9
10  -5
10  -2
14  2
9  -6
12  -4
8  -11
9  -2
10  -2
7  -5
6  -2
10  1
6  -1
5  2
7  -1
13  -7
8  -5
14  9
10  -3
7  -3
11  -2
13  -7
10  -6
8  -7
9  -6
8  -4
8  -10
10  -9
15  -6
8  -3
13  1
6  -10
7  -4
7  -3
9  -1
10  -10
9  2
11  -6
12  -5
4  -7
5  13
13  1
15  -6
9  0
12  -1
5  11
9  2
12  -5
9  -3
5  1
8  -12
11  -2
8  -10
10  -2
11  -10
4  -3
6  -5
6  -9
6  2
6  -7
7  3
9  -9
10  -11
8  -7
12  0
6  -7
11  0
9  0
5  4
11  -11
13  -5
3  1
11  -8
7  -4
8  -2
16  -1
11  -7
10  -3
8  -8
7  -8
11  0
9  -9
6  -3
7  3
8  -5
8  0
13  -4
7  3
9  -8
9  -8
6  -7
15  -2
5  9
3  -5
10  -6
8  -6
6  1
8  -10
6  -6
6  -5
11  -6
11  -9
9  -1
6  -3
9  -6
6  -1
6  1
5  3
6  -9
7  -6
6  -6
7  1
7  -3
9  -10
14  7
5  5
15  -2
13  -9
7  -1
6  -1
7  -7
12  -3
5  3
10  -3
6  0
14  3
3  -1
10  -4
12  -2
6  -2
11  0
6  1
9  -8
6  -9
9  -7
7  -8
6  -5
15  -7
14  9
8  -11
11  -1
7  -1
5  5
10  -9
7  -1
4  -7
4  -8
7  -2
12  0
8  -12
8  -3
7  -8
7  -6
4  -3
10  -9
5  6
4  -1
4  2
12  7
7  -2
6  -5
5  1
7  -7
8  -12
14  4
9  -10
8  0
9  -5
8  -8
5  6
11  -6
4  -5
11  -12
10  1
9  -2
14  6
6  -7
9  1
15  -8
6  2
10  -5
18  -5
13  -1
14  12
8  -9
10  -3
6  -1
15  -5
8  -5
7  3
9  0
6  -9
5  8
5  10
5  6
9  -6
7  -1
4  -7
4  -3
10  -6
12  0
14  4
15  -8
9  -6
7  -5
6  2
6  0
9  -6
5  2
9  -9
7  -9
9  -4
9  -10
11  -2
11  0
9  -1
14  6
14  6
12  7
14  10
12  5
9  -10
5  9
13  -11
10  -6
3  -6
7  -6
10  -11
6  -4
10  -2
8  -12
8  0
11  -4
10  -5
10  -3
9  -5
8  -12
9  -5
9  -7
4  1
13  -9
8  -1
11  -10
9  -2
10  0
12  -3
3  0
12  -5
5  1
7  -1
11  -2
12  -2
4  -3
8  0
14  8
9  1
3  -7
8  -11
12  -2
8  -5
6  1
5  1
6  -3
12  4
7  1
10  -11
11  -11
3  -8
3  -7
8  0
16  -3
12  2
8  -9
11  -4
4  -6
12  4
9  -4
16  4
2  5
4  -9
5  1
7  -5
9  1
8  -1
12  -1
8  0
5  4
9  -8
9  -4
5  11
6  -3
12  1
13  -10
15  -8
10  -6
8  -5
9  -1
10  -8
7  -6
9  -1
12  6
14  6
15  1
11  -6
7  -8
19  -2
11  -5
13  -5
12  -2
12  7
11  -7
8  -9
5  8
6  -9
10  -2
9  -7
6  -1
8  0
12  6
6  -10
6  -2
5  4
15  -5
14  10
9  -10
5  3
5  8
10  -10
15  -1
9  -1
10  -1
7  2
10  1
11  -1
7  2
11  -10
10  -9
9  2
4  1
15  -2
18  -5
7  -9
11  -6
10  0
7  0
15  -5
11  -6
10  -5
6  -9
9  2
10  -8
10  -11
8  -6
8  0
11  -8
12  -5
12  -5
7  -6
7  -8
11  -2
11  -8
8  -6
4  -9
17  6
8  -1
14  0
8  -6
6  0
10  1
13  -3
8  -5
12  -4
12  -4
12  0
13  -4
11  -12
13  -7
8  -10
9  1
4  -1
12  7
14  3
15  -9
10  -11
12  -1
12  3
7  -3
6  -2
11  -8
8  -3
10  -5
8  0
15  -4
10  -11
8  -9
12  3
12  3
11  0
12  7
15  0
8  -6
11  -5
6  -7
6  -5
6  -7
7  3
7  -4
2  6
6  -1
8  -6
9  1
13  -1
5  2
9  1
10  -2
10  -5
4  -10
11  -5
8  0
4  0
8  -8
7  -2
11  -4
10  -3
12  -2
7  0
3  -4
8  -1
10  1
12  -4
11  -8
7  -1
7  -4
11  -3
9  -3
3  0
8  -10
6  -5
6  0
12  7
10  -4
4  1
15  -9
13  -2
19  -7
10  -1
12  7
9  0
9  -7
3  2
9  1
8  -9
6  -3
10  -11
4  -9
10  -2
8  0
7  0
6  -8
11  -9
13  -10
13  0
6  -6
12  1
7  -3
8  -9
8  -4
12  7
8  -2
12  6
10  -7
14  4
7  -8
7  -2
4  1
12  5
4  1
9  0
11  -4
10  -5
5  8
8  -9
5  6
10  -11
8  -10
12  7
7  0
7  0
8  -11
11  0
9  -1
10  -11
8  -10
9  -7
9  -1
14  11
8  -8
6  -7
12  -5
8  -4
11  -7
14  3
6  2
5  7
10  -3
11  -12
14  1
7  -2
11  -11
8  -10
10  -1
6  -10
9  -6
10  -10
11  -7
7  0
9  -3
11  -1
7  -5
10  -7
10  -7
5  13
3  -2
