8  -3
9  3
7  -4
11  -5
6  0
6  0
9  2
8  -4
6  0
7  -4
10  5
6  -1
9  3
8  -5
8  -5
1  -3
5  0
8  -3
8  -3
5  0
7  -4
6  -1
11  -6
4  8
3  2
10  7
8  -4
6  -1
11  -7
8  -5
8  -5
10  5
10  7
7  -6
11  -7
3  4
5  -1
6  -2
4  6
7  -5
8  -3
9  2
6  -1
2  7
3  3
10  7
7  -5
10  5
10  7
7  -5
9  3
7  -5
6  -1
10  6
4  8
8  -5
12  6
6  0
5  0
4  8
4  7
7  -5
7  -5
7  -6
5  -1
4  7
7  -6
7  -6
3  2
4  6
5  -1
11  -5
9  3
3  3
7  -6
5  -1
6  -1
8  -4
4  7
5  -1
11  -5
6  0
8  -4
6  -2
12  7
10  6
10  7
6  -1
3  4
10  7
4  7
5  -2
4  6
9  1
8  -5
11  -5
5  -2
5  -1
3  4
7  -6
8  -3
11  -6
11  -7
2  7
10  5
9  2
12  6
9  2
3  4
7  -6
8  -4
9  2
7  -5
10  6
5  -2
7  -4
4  8
6  -1
7  -4
10  5
6  -2
6  0
4  6
4  6
5  -1
7  -5
12  5
4  8
7  -6
10  5
4  8
4  7
4  8
7  -5
8  -5
11  -6
5  -1
7  -6
8  -5
4  8
2  6
3  3
2  7
5  -2
11  -7
4  8
15  3
3  3
5  0
6  -2
4  6
4  6
4  7
7  -6
12  6
2  5
6  -2
8  -5
9  3
6  0
11  -5
5  0
9  1
2  6
7  -5
8  -5
8  -4
5  -2
8  -4
9  1
4  8
6  -1
9  1
4  8
6  -2
7  -5
5  0
5  -2
10  5
8  -5
4  6
7  -5
5  0
5  0
7  -4
6  -1
8  -3
4  8
5  -1
10  5
5  0
7  -5
6  -1
3  3
8  -5
5  -1
5  -2
1  -2
6  0
9  2
9  2
7  -5
4  7
4  8
7  -5
5  0
8  -4
5  -1
6  0
7  -4
6  0
11  -7
11  -7
5  -1
6  -1
3  2
8  -4
6  -1
8  -3
6  -2
7  -6
11  -7
6  -1
10  6
6  -1
8  -5
7  -6
8  -3
5  -2
11  -6
5  -2
7  -6
8  -5
7  -4
11  -7
9  3
8  -3
4  7
11  -5
6  -1
5  0
7  -6
7  -4
5  0
8  -5
5  0
4  7
8  -5
6  0
5  0
6  0
3  2
7  -4
5  -1
7  -5
7  -4
2  7
8  -5
11  -6
5  -2
8  -4
10  7
7  -5
6  -2
6  -1
3  3
10  5
5  -1
6  -1
9  3
10  6
6  -1
7  -4
10  5
13  -5
4  6
2  7
8  -4
3  3
4  6
11  -7
13  -4
8  -5
6  -1
6  0
10  6
8  -4
9  2
8  -5
6  -1
9  1
9  2
6  -2
4  8
8  -5
9  2
8  -3
10  6
6  -2
10  5
9  1
3  2
6  0
6  -2
10  7
4  6
6  -1
10  7
7  -4
4  8
5  0
11  -6
6  -2
4  7
13  -3
6  0
6  -2
11  -7
8  -3
2  6
9  3
6  0
3  2
9  1
12  5
3  2
9  2
7  -6
4  7
8  -4
8  -4
4  7
5  0
5  0
5  -2
11  -7
4  7
7  -5
7  -4
9  1
4  8
8  -4
11  -7
6  0
5  0
13  -5
10  5
9  1
11  -5
10  6
6  -1
4  7
8  -5
8  -5
9  3
7  -6
7  -5
8  -3
4  7
5  -1
7  -5
9  2
6  -1
7  -6
9  2
10  7
6  0
7  -5
7  -6
8  -4
7  -4
8  -4
8  -4
8  -4
5  -2
4  6
10  6
7  -4
9  3
5  -2
1  -3
11  -7
13  -5
7  -5
6  -2
2  7
2  7
4  7
10  5
11  -6
7  -4
3  4
8  -4
8  -4
7  -4
5  0
6  -2
12  6
3  2
11  -7
5  -1
9  3
8  -4
4  8
12  7
8  -5
13  -5
9  2
4  6
8  -4
8  -3
7  -5
7  -4
5  0
5  -2
4  8
7  -4
10  6
3  4
4  8
7  -6
14  -6
13  -4
4  7
7  -4
10  6
11  -7
6  -1
6  0
6  -1
6  -1
8  -4
9  1
6  -1
6  -1
3  4
9  3
8  -3
7  -5
8  -4
6  0
3  4
7  -4
7  -5
9  3
4  8
11  -5
4  7
10  7
10  6
7  -5
8  -4
2  5
8  -5
6  -2
5  0
5  -2
3  3
8  -5
6  0
12  7
6  -1
8  -4
9  2
7  -5
7  -4
1  -3
5  -1
4  7
12  7
16  5
9  1
7  -6
12  5
7  -5
6  0
8  -3
6  0
6  -2
6  0
8  -4
7  -6
7  -6
6  0
6  -2
4  8
8  -4
10  5
4  6
11  -6
7  -6
4  7
2  5
6  0
4  8
8  -4
10  7
5  0
4  6
5  -1
10  5
3  3
10  5
8  -5
7  -6
10  5
6  -1
11  -6
5  -1
5  0
10  5
3  4
5  -1
8  -4
11  -5
5  0
7  -4
11  -5
7  -4
4  6
6  0
8  -5
12  7
4  7
10  5
6  0
4  8
10  7
6  -1
6  0
5  -1
7  -6
10  7
11  -5
8  -4
3  4
7  -6
7  -5
7  -6
9  2
10  7
3  4
9  3
5  -2
2  7
9  3
9  3
5  0
12  7
7  -4
8  -5
6  0
8  -5
4  6
5  0
4  6
11  -6
4  6
12  6
5  -2
8  -4
9  2
12  5
6  -1
2  6
9  1
5  0
7  -4
7  -4
11  -6
3  3
4  7
4  8
7  -5
5  -2
7  -5
7  -5
9  2
8  -4
6  0
6  -2
6  0
10  6
8  -3
8  -4
5  0
4  6
11  -6
6  -2
6  0
6  -1
6  0
6  -2
6  -1
8  -5
7  -5
9  1
10  5
8  -5
10  6
4  8
6  -2
6  -1
7  -6
3  3
4  7
8  -4
3  2
8  -3
10  5
4  6
9  2
6  -1
6  -2
8  -3
9  2
13  -4
5  -2
8  -3
4  8
6  0
9  3
8  -3
7  -5
3  3
11  -7
5  -1
9  2
6  -1
5  0
10  7
8  -5
3  2
8  -5
7  -5
8  -3
7  -6
7  -5
2  7
6  -1
7  -6
6  0
10  5
3  3
11  -6
9  3
6  -2
7  -5
9  2
8  -5
7  -6
7  -6
8  -5
4  7
8  -5
9  1
4  8
8  -3
7  -4
4  6
6  0
5  -1
9  3
7  -4
6  0
11  -5
4  7
6  -1
10  6
8  -5
8  -3
5  -1
8  -3
1  -2
4  8
3  4
11  -6
10  6
5  -2
8  -3
13  -3
5  0
7  -5
10  7
7  -6
11  -6
4  8
8  -5
10  6
7  -5
3  3
6  -2
7  -4
6  -1
9  2
12  6
10  5
2  7
4  8
5  0
4  7
6  0
8  -5
5  -2
8  -3
6  0
7  -6
3  3
7  -5
13  -4
12  6
10  7
9  2
4  7
7  -4
6  0
7  -5
3  3
4  8
8  -4
10  6
7  -6
8  -5
6  0
5  0
9  1
9  1
6  -1
7  -5
8  -5
9  3
4  7
9  3
9  3
3  3
8  -3
2  6
7  -6
7  -6
5  -1
5  0
9  3
4  7
6  -1
6  -2
5  -1
5  -2
4  6
5  -1
9  2
4  8
10  6
5  -1
7  -5
6  0
6  -2
7  -5
7  -5
12  7
5  -2
6  0
9  1
9  1
4  7
6  0
7  -6
9  2
3  3
10  5
5  -2
8  -4
10  6
3  4
5  0
5  -2
9  3
4  7
9  1
7  -6
9  1
5  -2
12  7
11  -6
3  3
9  1
7  -6
6  0
9  3
7  -4
6  -2
3  3
6  0
5  0
13  -5
9  1
7  -6
9  3
6  -1
3  4
6  -1
9  3
4  8
9  3
7  -4
11  -7
5  -2
11  -7
7  -5
11  -7
8  -3
11  -6
10  6
9  3
6  -1
8  -5
4  6
7  -4
5  0
7  -4
8  -4
5  0
8  -5
5  -2
10  6
8  -4
5  -1
8  -5
4  7
4  6
8  -4
12  7
10  7
10  7
7  -4
14  -8
13  -5
6  -1
5  -1
3  4
8  -5
5  0
13  -3
11  -7
3  3
4  6
7  -4
6  -1
6  0
6  0
8  -5
5  0
4  7
5  -2
7  -6
9  3
5  0
8  -3
8  -3
7  -4
8  -4
9  1
5  0
6  -2
8  -5
6  -2
7  -5
9  3
6  0
6  -2
12  5
6  0
4  8
4  6
9  2
9  1
5  0
11  -5
6  0
9  3
6  -2
9  3
12  7
5  -2
11  -7
3  4
4  8
8  -3
9  1
6  -1
7  -4
8  -5
5  0
5  0
5  0
9  1
9  1
9  2
9  1
6  -1
12  6
6  -1
9  2
8  -3
4  7
7  -6
5  -2
14  -7
6  0
8  -3
9  1
8  -4
2  5
7  -4
5  -1
4  8
10  5
7  -5
7  -4
11  -7
8  -3
10  7
5  0
12  6
11  -5
9  2
4  8
11  -5
12  5
4  6
4  8
11  -7
9  1
11  -6
8  -3
9  2
7  -5
4  7
4  7
11  -5
7  -6
7  -4
5  -2
5  -2
8  -4
5  -1
4  7
13  -3
9  1
5  0
4  7
7  -5
0  -1
7  -5
4  8
6  0
7  -5
11  -5
5  -1
7  -6
5  0
4  8
4  7
6  -2
6  -1
6  -2
7  -4
5  0
3  4
13  -5
4  8
5  -1
9  1
9  2
4  7
12  5
14  -7
8  -5
4  7
2  7
13  -4
7  -5
17  3
5  -1
6  -1
4  6
10  5
2  5
8  -3
10  5
10  5
10  5
7  -5
5  -2
8  -5
7  -6
5  -2
7  -5
5  -1
4  7
5  0
