8  6
15  5
9  -2
14  -7
6  -2
7  5
9  -1
12  5
10  2
6  -1
7  5
7  4
5  -2
9  -1
15  7
14  -6
8  6
10  3
11  0
9  -1
7  3
10  3
10  3
15  7
6  -2
6  -2
14  -7
13  1
6  -1
10  1
12  5
8  7
9  -1
7  4
11  1
5  -1
4  -1
13  3
7  5
8  8
7  3
9  -1
12  7
12  6
12  6
10  2
10  2
12  5
5  0
2  -6
3  4
6  0
8  8
10  3
8  8
11  2
15  6
14  -6
7  4
9  -1
8  7
12  7
14  -6
6  0
9  -1
4  -3
11  1
12  7
6  -2
8  6
10  1
17  6
10  1
9  -2
11  1
7  3
7  5
9  -2
10  1
13  3
10  1
5  0
9  -1
12  7
9  -2
8  8
9  -1
6  0
7  4
11  1
17  6
9  -1
10  1
9  -1
8  8
9  -2
8  8
6  -2
10  1
10  1
7  5
9  -2
11  0
14  -7
11  0
8  7
6  0
10  2
8  6
9  -3
12  5
8  8
16  -1
6  0
11  2
13  3
14  -5
5  0
10  1
10  3
4  -1
10  2
10  3
7  5
8  6
10  2
5  -2
16  1
12  6
7  4
4  -3
2  -6
6  -2
7  4
11  2
17  6
7  5
7  5
6  -1
8  7
7  3
7  4
13  1
8  8
11  0
11  2
9  -3
7  3
8  7
9  -3
11  0
13  1
10  3
14  -6
8  7
11  0
7  5
9  -1
12  6
11  1
9  -1
12  7
11  1
2  -6
9  -3
10  2
11  1
6  -1
5  -2
9  -3
9  -3
9  -3
8  8
6  -1
7  5
7  5
7  4
7  4
8  7
16  -1
16  1
8  6
4  -1
7  3
9  -2
15  7
10  3
3  5
15  5
6  -1
6  -1
3  4
9  -1
8  6
5  0
7  5
7  3
8  7
9  -3
12  6
10  2
10  2
9  -2
6  -1
9  -2
7  4
12  6
12  5
9  -1
5  0
3  4
5  -1
12  5
9  -3
5  0
11  1
8  8
5  0
14  -6
9  -2
7  3
7  3
14  -5
14  -6
10  2
5  -1
5  -2
9  -1
10  2
10  3
10  3
6  -1
5  0
12  5
6  -2
9  -2
5  0
11  2
6  -2
10  3
10  1
8  8
11  2
5  0
5  -2
11  0
9  -1
9  -3
16  -1
13  3
13  1
8  8
9  -2
2  -5
9  -3
9  -3
10  2
7  3
7  5
9  -3
10  2
6  -1
5  -2
10  2
10  1
11  2
10  1
9  -1
4  -3
13  2
9  -1
12  6
7  4
11  0
9  -1
10  3
9  -2
7  4
10  3
15  7
10  3
8  8
10  1
8  8
6  -1
9  -3
5  -1
9  -1
9  -2
11  1
9  -1
13  1
7  4
6  -2
11  1
15  5
4  -2
11  1
6  -1
11  1
8  8
18  2
9  -3
9  -3
5  -2
9  -2
12  6
11  0
8  8
11  0
7  5
8  7
8  6
14  -5
13  3
6  -1
7  5
10  2
7  4
3  5
6  0
9  -1
5  0
13  3
6  0
12  7
10  1
10  1
15  7
11  1
11  2
10  2
11  0
15  7
8  8
9  -1
8  8
8  8
5  -2
6  -2
9  -2
12  5
8  8
10  3
7  3
7  5
11  1
8  7
7  3
7  4
14  -6
11  1
4  -1
5  0
12  6
9  -3
9  -3
9  -3
9  -2
11  2
8  8
8  6
10  2
10  2
6  -1
6  -2
8  8
2  -5
4  -1
6  -2
9  -1
9  -1
4  -1
13  2
8  8
14  -6
6  0
9  -2
5  -1
5  0
9  -3
12  6
15  6
21  -2
7  4
6  -1
13  2
14  -5
11  0
11  2
10  3
9  -3
9  -1
11  2
10  2
10  2
10  3
7  4
9  -1
12  6
5  -1
12  5
9  -1
12  6
9  -3
11  0
12  7
4  -1
6  -1
12  7
6  -1
9  -2
8  7
8  8
13  2
8  8
13  3
9  -2
6  -1
7  5
6  -1
12  6
13  2
9  -1
14  -7
11  1
7  3
12  6
11  1
9  -2
3  5
10  1
8  7
11  0
11  0
12  5
13  2
14  -5
10  2
12  6
11  0
9  -2
14  -7
13  1
11  2
11  1
8  7
8  7
2  -6
10  1
10  3
9  -2
16  1
11  2
4  -1
6  0
9  -3
16  1
7  5
7  3
6  -1
6  -1
10  2
8  6
9  -1
11  1
8  6
12  7
14  -5
8  6
12  6
8  7
5  0
9  -3
12  5
9  -1
19  3
14  -5
13  1
5  -1
5  0
7  4
7  3
10  2
11  2
10  2
8  7
6  -2
6  -1
7  3
12  5
11  1
8  8
10  1
15  5
10  1
7  3
7  4
8  8
12  5
6  -2
10  1
14  -5
13  3
7  5
6  0
7  5
11  2
12  5
9  -1
8  7
5  -1
9  -3
5  -2
8  7
11  1
4  -2
11  1
7  5
11  1
12  5
9  -3
10  2
9  -3
9  -3
10  2
8  8
8  7
8  6
13  1
7  4
10  2
7  3
3  4
5  0
9  -1
20  4
8  6
7  4
8  8
12  7
3  5
11  1
5  -2
4  -3
7  5
10  1
7  3
15  5
9  -2
6  -2
8  7
9  -2
6  0
11  1
5  -2
5  -2
12  5
8  7
4  -2
11  2
13  2
11  0
6  0
12  7
7  3
11  0
13  2
11  1
4  -2
9  -2
14  -7
8  8
9  -3
7  4
13  3
10  3
9  -1
8  7
6  0
5  0
9  -2
12  5
7  4
9  -1
13  2
11  0
5  -1
5  -1
9  -1
7  4
7  5
12  6
5  0
8  7
9  -2
9  -2
15  7
6  -2
10  1
7  5
9  -2
9  -2
4  -2
3  3
9  -1
9  -1
8  7
13  2
14  -5
14  -5
12  7
10  3
10  1
8  6
2  -7
10  1
9  -3
11  2
12  5
6  -2
9  -3
12  7
9  -2
7  4
8  6
8  8
12  6
6  0
11  0
10  2
8  6
4  -2
5  -2
12  5
4  -1
3  5
16  0
10  1
13  2
11  2
12  5
13  1
11  0
7  3
3  4
10  1
6  -1
2  -7
12  5
7  5
14  -5
5  -2
14  -5
8  7
5  -1
8  6
7  4
11  1
9  -2
2  -5
12  7
9  -2
12  6
14  -5
6  -1
5  -2
6  -1
7  4
10  2
7  4
9  -1
10  2
10  3
6  -2
6  -2
12  6
10  2
6  -1
16  -1
9  -2
5  0
7  3
9  -3
8  8
9  -3
7  3
5  -2
8  6
9  -2
6  0
8  8
13  2
6  0
7  5
8  7
10  3
10  3
11  1
7  4
13  3
5  0
9  -3
8  6
9  -2
9  -1
3  3
9  -2
11  2
14  -7
9  -2
6  -1
8  6
8  7
12  5
5  -1
10  3
10  3
6  -1
4  -2
5  -1
10  3
4  -1
9  -1
12  6
12  7
11  2
2  -6
11  0
7  3
8  6
6  -1
9  -1
8  7
14  -5
8  7
12  6
7  4
8  6
7  3
12  5
12  7
9  -3
11  1
10  1
8  7
6  0
13  3
6  0
9  -2
9  -3
9  -2
8  6
10  3
9  -3
14  -6
12  5
8  7
13  2
5  -1
10  2
6  -1
14  -5
10  1
9  -1
9  -3
7  3
8  8
8  6
12  5
5  -2
15  6
11  2
9  -3
11  2
17  5
11  1
10  2
7  5
10  3
7  4
9  -1
10  1
12  6
7  3
12  7
9  -2
9  -3
10  3
5  -2
11  2
10  2
7  5
8  7
10  3
8  7
11  1
9  -1
5  -2
9  -1
10  2
8  7
9  -2
8  8
7  5
9  -1
6  -1
9  -3
11  0
6  0
7  5
15  5
10  3
14  -7
10  1
8  6
10  2
11  1
10  1
8  8
8  6
12  7
9  -3
7  4
5  -1
15  5
13  2
10  1
10  1
10  1
10  1
7  5
11  0
11  1
6  -1
10  2
8  6
9  -3
7  3
10  3
11  2
7  3
10  3
6  -1
10  2
8  7
15  5
9  -3
7  5
9  -3
8  8
11  1
11  1
10  1
6  -2
8  6
10  1
8  8
9  -3
6  -2
11  2
7  3
8  6
12  7
7  3
7  3
6  -1
15  5
14  -6
9  -2
11  0
5  -2
5  -1
9  -1
8  7
8  8
7  5
11  0
11  2
14  -6
18  3
9  -1
8  7
5  0
9  -3
14  -6
10  2
13  2
9  -2
7  5
6  0
8  8
7  4
9  -3
16  0
9  -1
6  0
4  -3
9  -1
8  7
7  4
10  1
14  -5
7  3
8  6
7  4
13  2
11  0
9  -1
13  2
8  8
8  8
6  0
9  -3
9  -3
14  -6
4  -3
11  2
10  2
14  -7
8  8
3  3
10  2
6  0
3  3
11  0
11  1
12  5
13  1
12  5
5  -2
12  5
13  3
6  -1
8  7
10  3
5  0
9  -3
13  1
9  -1
8  8
10  1
7  5
9  -2
11  0
11  0
5  0
8  6
10  2
13  1
7  4
8  7
6  0
3  3
14  -6
9  -1
10  2
14  -7
10  1
7  4
6  -2
11  2
6  -2
6  0
9  -2
10  1
8  6
5  -2
10  2
8  8
8  6
13  2
7  4
12  6
12  7
7  4
10  2
7  5
10  3
13  2
9  -3
7  5
7  5
7  4
9  -3
12  7
10  1
10  3
10  1
6  -2
12  7
9  -1
11  1
4  -2
15  6
9  -2
7  4
6  -1
12  6
7  3
