11  -2
10  9
8  1
13  1
12  0
6  3
8  -3
10  7
10  8
9  3
12  2
9  -5
3  7
9  2
8  -3
7  2
4  0
7  2
13  2
15  -8
4  -6
7  0
12  2
8  5
12  -2
10  10
12  -5
12  2
12  3
12  -3
11  7
5  -1
4  2
13  -3
8  -1
5  9
8  6
7  -1
3  9
10  5
6  -1
11  1
12  -1
13  7
7  -8
11  6
8  -3
10  8
9  -7
12  -3
8  -1
10  10
9  2
11  4
14  8
9  3
14  5
13  2
6  6
12  -5
11  4
9  -5
11  4
11  2
15  -6
17  -5
11  6
9  -7
7  1
12  1
9  2
7  0
5  1
11  0
9  -7
8  -1
12  -1
13  2
17  -11
14  6
11  4
13  2
10  7
12  -3
10  8
7  -8
14  5
14  8
15  0
11  5
16  2
10  4
12  0
15  -6
13  7
10  10
9  -4
12  -3
9  2
11  1
10  6
5  6
9  0
7  -8
9  -4
13  -3
6  5
8  3
14  3
13  -3
10  3
10  5
8  0
12  -4
11  3
15  -3
13  -2
14  9
8  -2
11  4
9  -5
13  1
14  1
8  0
15  -6
9  0
9  0
8  2
9  -1
13  -1
11  -2
7  -1
15  2
11  7
10  2
6  4
14  4
12  3
7  -5
9  2
10  4
10  11
14  -1
8  -3
15  -4
15  1
13  -2
6  1
10  9
12  -2
13  -3
12  -6
10  4
7  -8
7  0
14  9
11  6
8  6
17  -7
12  -1
14  4
11  1
3  9
7  -5
12  3
14  3
8  6
10  10
17  -5
10  10
11  -2
5  4
9  -3
11  -1
4  -4
11  -2
11  5
10  6
7  -4
13  2
10  1
9  -2
10  3
11  -3
7  -1
11  5
13  4
5  6
12  -6
8  -1
12  -3
6  -2
11  4
11  1
16  8
6  3
11  0
9  -2
12  4
15  1
11  5
13  6
7  -8
21  -2
11  -2
9  -4
11  3
10  3
6  0
10  10
12  3
9  0
6  7
5  6
8  -1
12  3
14  0
9  -2
16  5
6  2
8  5
10  1
8  -2
9  2
8  -1
14  2
7  -4
9  2
11  0
6  4
8  6
15  -2
7  1
8  -1
13  4
4  -7
10  7
10  11
10  2
16  -2
7  -5
9  -3
6  -1
9  -7
15  -8
10  4
15  -3
11  2
9  -5
11  -1
15  -6
8  6
10  9
6  1
7  1
10  11
10  10
6  -3
18  -7
14  3
12  3
8  -3
14  4
14  6
8  7
15  -7
9  1
12  -3
9  -5
9  -6
13  -1
10  9
12  -3
11  6
16  8
10  3
7  -7
9  -3
13  6
6  -2
6  -2
10  10
7  -8
9  -1
14  3
11  -2
8  -3
9  -2
7  1
9  -2
12  -2
8  -1
9  -5
9  3
10  9
9  -1
11  7
11  4
9  -1
9  -2
7  -7
10  3
15  -3
8  6
7  0
14  8
6  -3
14  7
7  -7
11  -2
9  -6
10  10
10  7
9  -7
10  11
13  6
9  -3
9  -3
10  7
7  1
8  0
9  1
12  -3
14  -1
9  -3
4  -3
16  8
8  3
9  0
7  -1
13  6
7  -3
17  -6
5  -1
11  0
16  -2
9  -3
13  6
8  -1
5  3
9  -1
13  5
10  9
10  10
7  -7
8  7
12  3
7  -8
12  -4
9  -6
9  -6
14  7
13  6
7  -8
7  -8
8  0
8  0
10  4
5  2
7  -1
10  3
9  -4
15  -3
10  5
13  6
8  5
10  7
8  4
5  4
8  1
10  6
10  10
8  -1
14  4
7  -6
18  -2
8  6
7  1
7  -8
8  5
11  1
8  4
11  3
11  7
9  0
11  -3
9  3
16  4
9  0
7  -3
9  3
6  5
14  3
10  1
15  0
4  -8
8  -1
8  -3
14  1
5  7
6  4
13  2
16  1
7  -4
13  -3
10  6
15  -6
14  6
8  4
10  4
12  -4
4  -4
9  -7
10  10
14  6
12  2
7  -3
11  0
8  6
9  3
7  -5
8  -1
11  -2
6  4
13  5
14  5
5  -1
14  -1
14  0
12  2
6  4
14  6
9  -7
12  -2
7  -4
13  7
11  3
14  6
7  1
6  5
9  -6
10  8
10  2
8  7
11  3
8  0
13  -2
7  -5
15  0
11  -1
9  1
12  4
12  -3
12  -6
16  0
5  8
7  1
10  4
12  -5
8  3
12  -1
13  -3
5  6
9  -5
7  -3
16  5
7  -5
8  2
11  0
16  3
7  -6
5  9
4  -8
10  3
11  2
9  2
11  2
10  6
9  3
7  0
10  8
10  5
10  8
7  1
8  -3
8  2
9  -4
11  -1
9  -6
14  8
11  -2
9  1
9  -7
16  1
10  4
4  -5
12  -6
14  6
8  1
13  -3
14  4
8  3
14  5
11  0
10  8
8  -3
17  -8
14  1
8  1
6  -2
12  2
7  -1
7  -5
11  -3
17  -9
5  1
6  4
7  -4
14  1
10  6
9  -1
11  6
9  2
10  9
8  7
12  -3
10  8
12  -2
10  9
12  -4
9  -3
7  -7
8  -1
9  -2
11  1
12  -4
6  0
12  0
11  1
11  2
9  2
11  6
9  2
15  -1
11  -1
9  -2
14  5
14  7
10  1
13  -2
17  -3
14  1
6  -1
9  -2
5  1
14  9
7  0
8  -3
7  2
9  2
10  11
7  -5
13  6
7  -4
12  3
12  4
13  1
16  -2
6  2
11  4
14  5
5  9
6  5
12  -2
7  -5
6  1
9  1
9  -3
8  5
13  1
5  -1
12  -2
9  -4
16  -1
12  -1
9  -4
12  4
15  1
8  -3
11  5
7  -8
11  3
6  1
8  5
11  7
9  2
12  -5
17  -11
10  11
9  3
11  7
5  3
9  -2
7  0
16  2
12  1
9  1
11  1
7  0
13  1
6  3
12  -1
7  1
8  0
10  8
8  6
8  -1
12  1
9  0
9  3
5  4
11  6
6  6
9  -4
11  -3
8  0
10  9
8  1
11  4
12  -5
9  -3
11  5
6  -2
7  1
8  6
11  7
1  -11
6  6
7  -1
17  -2
9  -5
13  -3
16  -1
7  -2
5  8
8  -1
9  2
9  3
16  -2
10  10
20  7
5  9
9  1
3  8
12  0
16  2
14  7
12  -4
9  0
10  6
6  -2
14  0
13  4
8  1
10  4
8  -2
18  -9
13  4
11  -3
6  -3
7  -5
9  2
9  -3
10  2
9  -1
10  10
12  -1
8  2
12  1
13  -3
10  4
10  2
4  1
7  -7
17  -4
9  0
6  -3
5  0
9  2
8  3
11  0
17  -11
7  -3
8  5
11  3
9  -2
20  1
7  -8
13  3
11  2
11  -3
13  -1
18  -7
10  10
9  -3
11  0
12  -6
15  0
9  -1
9  -7
11  -2
11  2
10  6
6  6
10  11
14  5
12  -6
5  -1
13  -2
17  -10
14  9
11  3
13  3
10  6
8  3
4  -5
10  1
11  -1
10  10
11  4
16  -2
10  5
11  -2
11  3
12  2
12  -5
5  6
11  0
11  6
9  -1
10  3
7  -2
9  2
7  1
5  8
7  1
15  -5
9  2
11  2
3  3
8  2
11  7
11  -2
16  0
11  -1
12  -6
13  6
11  5
9  3
8  0
13  6
13  1
4  0
10  11
8  5
14  0
12  1
10  6
12  -1
11  6
14  9
8  -2
10  3
14  -1
11  2
9  -7
13  5
6  3
7  2
12  -6
14  6
11  4
8  2
12  -5
11  -1
8  -1
9  2
11  5
12  -2
4  1
13  4
8  2
11  7
8  6
6  -2
10  6
9  2
9  -3
7  -7
13  1
13  3
7  -4
9  3
9  -6
6  6
9  -3
15  2
9  -6
14  6
11  -3
16  2
13  6
8  -1
13  0
10  3
10  1
7  -7
12  -4
10  3
12  4
13  -1
17  -7
12  3
16  4
12  -6
12  -3
10  4
13  7
5  6
7  1
13  5
10  11
14  7
9  -5
10  4
10  4
13  4
13  4
7  0
5  6
10  2
9  3
11  6
11  -3
11  4
6  0
13  -1
6  3
11  4
9  -5
11  -1
15  -2
9  2
7  2
13  7
14  0
9  0
8  -1
11  2
9  2
11  7
13  -3
11  2
12  1
14  7
11  -1
12  0
12  1
7  1
6  -2
6  2
10  4
9  -5
16  7
15  -6
12  0
7  -1
10  8
7  -6
7  2
8  4
14  4
9  -7
7  -7
11  4
8  2
15  -7
13  6
10  2
14  2
10  8
11  -3
7  -4
13  3
13  -3
7  0
11  -2
5  1
11  4
8  7
14  5
11  -3
7  1
15  -6
10  6
4  1
6  4
12  3
7  -4
10  8
11  7
15  0
9  -7
8  6
8  0
11  4
13  3
5  -1
8  7
12  -4
9  -1
9  -2
10  6
9  -5
12  -6
7  -3
9  -3
8  0
10  3
13  2
12  4
9  2
12  -6
14  6
10  7
11  5
13  -1
6  1
11  5
8  2
8  -2
16  0
6  -1
12  -4
8  2
7  -5
15  -6
9  0
10  2
7  -5
8  4
12  -6
11  1
12  -3
11  5
9  -2
9  -7
11  2
12  3
16  6
8  2
4  -8
6  4
14  5
7  -6
8  5
12  -3
12  -5
13  -2
9  1
14  0
13  1
2  -8
12  -2
5  5
14  1
9  0
7  -2
7  1
8  -2
3  0
4  -8
11  2
9  -7
12  -4
8  2
7  -2
8  0
10  7
6  -1
11  5
10  2
7  -1
18  -5
6  -3
6  6
14  4
7  -2
6  4
9  -3
