6  -1
11  0
12  -5
5  -5
8  2
6  -1
12  -4
9  -3
5  -2
4  5
10  4
11  1
7  2
11  1
15  2
6  -1
7  -1
7  3
10  6
7  2
4  6
8  1
9  -2
5  -3
10  6
18  -5
14  3
4  5
6  2
12  -7
7  -1
10  4
4  6
8  0
7  2
8  -1
9  -4
12  -7
14  5
10  5
9  -3
13  0
12  -7
6  3
13  1
18  -4
8  1
4  7
11  1
7  -1
9  -3
13  2
9  -3
11  -2
10  4
4  4
13  3
8  -1
10  2
8  0
3  5
10  4
3  7
12  -8
7  -1
10  2
6  3
10  6
5  -2
10  4
5  -6
6  3
13  1
12  -7
12  -4
9  -2
6  0
5  -2
3  6
5  -4
6  0
9  -4
5  -4
15  -1
13  1
8  2
13  2
10  5
7  3
9  -2
16  3
9  -3
9  -4
11  2
8  -1
8  2
8  0
9  -2
4  3
10  3
8  2
8  0
11  -2
9  -3
7  1
10  2
10  3
11  -1
9  -2
7  0
12  -4
4  7
9  -2
10  3
10  6
9  -5
9  -5
16  3
8  -1
10  3
9  -4
9  -3
7  2
8  2
9  -5
15  0
10  3
4  3
4  3
5  -5
8  2
11  1
10  4
7  3
9  -2
8  2
13  3
4  5
8  2
4  7
8  -2
4  5
5  -5
9  -4
9  -1
7  2
8  1
4  4
8  -1
11  -2
4  5
11  -2
13  4
5  -4
7  1
6  -1
15  -2
8  -1
10  2
6  3
2  3
15  -1
9  -3
11  0
10  6
12  -4
11  0
7  -1
11  -2
11  0
11  1
13  0
12  -5
8  2
13  3
5  -5
11  0
6  3
4  6
13  0
13  1
16  5
8  -2
7  0
9  -5
10  5
9  -1
10  5
13  1
8  2
8  -2
5  -4
10  6
3  5
12  -6
9  -4
7  3
14  2
8  2
9  -2
8  0
14  3
12  -4
4  5
14  3
9  -2
12  -6
10  5
5  -5
12  -8
18  -1
7  0
5  -2
8  0
10  4
9  -5
10  6
13  0
9  -1
7  1
10  2
8  1
11  1
13  1
7  0
8  -1
9  -5
8  2
11  -2
5  -5
10  6
14  5
19  -5
11  1
8  1
8  -1
7  2
12  -6
7  0
12  -6
6  0
9  -2
9  -5
6  2
8  2
12  -7
12  -5
5  -6
10  6
15  -1
10  5
9  -1
9  -5
11  -1
14  2
14  5
5  -4
14  4
13  1
8  -2
11  2
9  -3
7  0
12  -6
6  2
6  2
13  1
8  2
10  4
12  -4
8  1
7  3
5  -2
8  -2
7  2
11  -1
8  -2
11  2
12  -5
8  0
10  4
8  -1
4  7
9  -3
10  6
9  -2
3  8
6  -1
7  0
12  -7
3  4
6  2
16  3
10  6
8  1
8  0
9  -1
14  4
11  -2
7  0
6  1
7  3
7  0
8  0
6  3
11  -2
10  2
7  3
8  1
11  -1
7  3
6  3
14  4
10  6
10  3
10  4
6  -1
13  4
10  4
9  -2
11  2
10  4
9  -4
10  6
3  5
10  5
11  0
9  -1
5  -3
7  2
10  2
12  -5
9  -3
8  -1
11  -2
3  8
15  1
9  -1
17  7
13  2
3  5
11  -2
8  1
7  3
14  2
10  5
13  0
8  1
9  -5
4  7
9  -3
14  2
10  3
6  0
10  5
4  4
7  3
5  -2
7  3
8  -2
16  5
9  -3
9  -1
8  1
11  -2
7  0
8  1
14  2
11  -2
11  2
11  1
16  1
12  -6
12  -4
6  3
15  -2
16  4
4  4
6  2
9  -1
9  -4
6  1
11  -1
11  -2
13  4
11  -1
9  -3
7  -1
5  -2
15  -2
6  1
12  -7
10  2
10  4
8  -1
12  -5
10  4
8  0
7  2
8  1
7  2
6  2
6  2
7  0
10  2
4  4
11  -2
11  -1
6  2
10  4
8  2
6  1
8  2
12  -6
10  6
11  -1
10  6
7  1
7  1
14  5
8  0
4  3
7  2
11  -1
6  -1
11  1
11  1
4  5
7  1
9  -3
6  -1
12  -5
12  -6
16  2
12  -6
6  2
7  1
9  -4
14  1
9  -1
9  -1
13  3
5  -6
5  -2
7  2
13  3
6  2
9  -4
7  2
9  -4
7  3
4  4
16  2
15  -1
9  -4
9  -1
8  1
16  5
8  1
13  2
8  1
9  -1
8  -2
12  -4
8  -1
9  -3
9  -5
9  -1
13  2
11  2
8  -2
8  -2
8  1
17  8
4  3
6  2
9  -1
7  -1
2  5
12  -7
7  2
8  1
9  -4
3  7
6  -1
10  4
10  3
6  0
13  2
9  -1
5  -2
7  2
11  -2
14  2
8  0
10  4
8  0
5  -4
5  -2
9  -5
13  4
9  -2
9  -3
6  3
10  3
16  3
7  3
4  3
3  7
10  3
10  2
12  -6
13  3
6  1
11  2
9  -4
13  3
7  0
7  2
12  -8
11  2
12  -6
9  -5
10  6
15  1
13  0
4  5
8  2
12  -6
16  3
9  -4
9  -5
8  2
8  0
9  -3
5  -5
6  0
12  -6
15  1
7  3
8  -1
8  -2
12  -6
9  -1
11  -2
5  -5
8  2
7  1
7  0
5  -4
11  2
8  0
9  -1
11  -1
9  -3
10  2
11  2
13  3
5  -5
7  2
10  6
8  -2
7  3
5  -2
4  3
6  0
14  1
9  -3
16  2
8  -1
6  3
10  3
9  -4
13  4
7  1
6  0
7  0
9  -5
6  3
9  -4
11  1
11  -1
14  4
5  -6
10  4
9  -1
8  2
6  1
8  -2
8  0
8  2
8  -2
9  -2
13  1
5  -2
3  4
9  -2
8  1
9  -1
5  -5
6  1
4  3
15  2
7  1
14  1
10  4
6  2
11  1
10  5
10  3
10  6
4  5
18  -1
11  1
10  3
17  6
13  0
10  2
7  2
10  6
7  2
8  0
5  -2
15  -1
7  3
14  2
6  1
8  0
11  1
8  1
9  -2
8  -1
12  -6
6  -1
9  -4
7  0
6  2
15  -1
8  -1
6  0
10  6
7  0
13  4
12  -8
9  -1
10  5
8  1
7  2
7  1
9  -2
9  -1
4  4
10  5
7  0
7  -1
11  0
12  -5
8  0
6  2
7  0
10  3
6  2
5  -3
8  0
10  6
7  -1
11  2
8  2
9  -3
13  0
7  3
9  -5
9  -5
8  0
14  4
9  -1
6  1
12  -6
11  -1
16  2
14  2
4  5
7  0
11  2
5  -3
8  -1
12  -6
8  -1
10  6
8  2
8  1
10  2
11  2
8  0
6  -1
16  3
6  3
6  0
11  -2
8  1
7  3
12  -8
10  6
10  2
6  2
6  -1
7  3
4  7
9  -3
9  -3
11  0
13  2
13  0
8  -1
11  2
12  -6
12  -7
10  3
7  2
6  3
11  2
13  2
14  2
14  2
5  -3
10  3
15  0
14  2
7  0
7  0
7  3
11  -2
9  -1
12  -5
9  -5
13  1
12  -4
6  2
7  0
11  1
10  3
15  -1
10  4
16  3
4  7
9  -4
12  -5
11  1
13  0
16  2
11  0
8  -1
9  -5
13  3
4  7
9  -5
10  4
5  -5
10  4
7  2
11  -2
6  2
7  1
11  0
11  -2
9  -5
12  -7
9  -2
5  -4
6  3
12  -5
7  3
8  -2
6  0
11  -2
6  1
9  -4
4  7
10  3
10  6
4  6
6  0
14  4
10  4
13  3
15  0
7  3
10  5
12  -8
7  -1
7  -1
5  -4
6  0
14  4
8  -2
8  -1
9  -5
7  2
10  5
4  6
6  -1
10  2
8  -1
6  -1
15  -1
8  0
9  -5
10  5
8  -1
8  -2
15  2
6  3
9  -2
8  2
4  6
7  0
3  5
12  -8
8  2
8  1
11  -2
4  6
11  2
9  -4
5  -6
5  -2
10  6
13  1
12  -6
10  2
14  5
11  -1
5  -6
4  6
9  -3
10  2
10  5
12  -5
8  0
13  2
8  1
9  -4
10  2
8  -2
14  1
11  0
17  6
4  7
5  -6
9  -1
5  -2
9  -2
7  3
8  1
8  2
10  3
7  1
11  0
11  -2
12  -8
9  -1
11  -1
4  4
12  -5
8  1
5  -3
10  3
11  -1
7  3
12  -5
10  5
11  2
7  3
5  -3
10  6
8  0
13  4
10  2
9  -1
9  -3
8  0
11  0
9  -5
9  -4
12  -6
9  -4
13  1
8  2
8  2
13  1
5  -4
7  1
12  -5
10  5
13  0
8  1
8  -2
9  -5
9  -3
9  -4
9  -5
9  -1
10  5
11  2
10  4
10  5
14  2
5  -4
8  -1
8  2
14  1
3  8
6  3
17  8
8  1
7  3
9  -4
10  3
11  -2
7  -1
4  4
5  -6
12  -8
4  5
11  -1
11  0
11  1
11  0
10  3
10  6
9  -5
14  5
8  -2
4  5
3  5
11  -1
12  -5
6  3
5  -5
12  -8
10  5
8  1
9  -1
10  5
9  -1
14  3
9  -4
8  2
12  -8
12  -8
7  2
10  2
7  -1
10  4
9  -2
9  -4
11  -2
5  -6
10  6
8  0
13  0
14  1
5  -2
6  0
10  3
8  -2
9  -3
10  2
5  -5
12  -7
14  2
8  -2
3  8
7  2
12  -6
10  4
7  0
9  -1
8  1
15  0
11  -1
6  -1
7  3
12  -4
9  -3
8  1
6  -1
14  1
8  -1
9  -2
9  -1
10  3
8  -1
9  -2
8  -1
4  3
7  1
9  -5
10  4
14  4
