15  0
13  6
11  -6
8  3
9  -1
13  6
10  3
14  1
6  6
9  -2
12  -5
14  1
10  3
14  1
12  -7
5  2
9  -1
5  3
13  5
13  3
10  1
14  5
15  -2
8  5
10  3
9  -4
10  -1
13  3
13  3
10  -1
13  4
11  -3
10  3
11  -4
13  2
11  -3
8  3
10  1
11  -4
9  -3
10  -1
6  5
7  7
12  -7
10  1
7  8
5  2
11  -6
9  -1
10  2
5  3
13  2
10  1
8  4
18  1
7  8
9  -3
10  -1
9  -2
10  1
12  -8
8  4
15  -3
13  3
6  4
9  -4
12  -7
9  -2
9  -5
7  6
8  6
5  1
4  4
11  -6
9  -4
7  7
11  -4
10  -1
7  6
12  -7
10  -1
15  -1
11  -3
14  4
16  -5
12  -6
12  -6
12  -4
9  -2
9  -2
10  3
8  6
10  0
18  3
10  -1
11  -5
14  1
14  5
12  -6
13  3
11  -3
11  -6
9  -5
9  -2
12  -8
9  -4
11  -6
8  6
11  -2
14  5
6  3
7  5
9  -5
10  2
5  -1
9  -2
8  6
8  4
10  -1
14  2
15  -3
6  4
11  -2
10  2
8  4
9  -2
11  -5
9  -3
14  3
5  3
6  4
8  4
9  -4
8  5
8  4
10  -1
10  -1
11  -5
8  4
10  3
6  2
17  7
9  -1
14  2
10  3
16  -3
8  5
9  -1
12  -5
6  4
9  -5
19  8
10  0
10  0
13  4
13  6
13  6
6  5
7  7
9  -5
12  -8
10  1
9  -5
5  0
14  2
13  4
7  9
14  5
12  -7
5  0
13  5
8  4
8  4
15  -3
10  -1
4  4
9  -4
8  5
14  4
11  -5
10  -1
18  3
8  7
9  -1
7  5
12  -7
17  7
7  6
11  -4
9  -4
6  4
6  4
14  1
12  -6
8  7
7  9
17  6
10  2
9  -5
6  3
12  -4
14  4
14  3
12  -6
6  5
9  -2
10  3
11  -3
11  -6
8  5
5  2
12  -5
10  0
11  -5
10  2
6  4
6  3
11  -3
16  -3
11  -4
7  6
10  0
9  -5
15  1
8  5
12  -8
14  3
10  2
8  3
8  7
12  -5
7  9
8  5
9  -2
10  -1
11  -2
13  6
8  3
9  -5
8  3
6  5
12  -4
5  0
15  -1
9  -4
14  4
7  7
10  0
9  -4
10  -1
12  -7
8  5
9  -4
9  -3
7  8
14  1
7  6
9  -4
10  0
13  2
3  -6
6  4
12  -8
6  5
9  -4
6  3
8  7
8  5
9  -1
6  5
9  -1
11  -4
13  3
11  -2
9  -5
9  -3
10  3
11  -2
7  5
18  2
16  -2
9  -4
10  3
10  3
13  4
7  6
10  2
13  6
10  -1
11  -3
12  -8
17  5
6  2
9  -2
11  -3
8  5
11  -6
14  1
6  6
14  2
9  -1
14  1
9  -5
12  -7
9  -5
12  -7
17  3
13  2
15  -3
14  1
10  1
8  5
7  6
8  5
14  4
14  4
11  -6
8  5
8  3
8  3
12  -8
10  3
6  4
16  -3
14  4
8  7
11  -6
10  3
14  5
5  3
9  -1
8  7
13  3
8  7
13  4
11  -6
10  -1
8  5
10  1
10  0
14  3
13  2
13  4
14  2
9  -3
8  5
7  5
4  2
8  7
7  7
11  -2
9  -1
14  2
7  7
15  1
9  -5
6  4
9  -4
11  -2
12  -6
17  5
3  -7
11  -4
4  2
13  5
13  2
13  3
4  4
13  5
10  -1
9  -4
4  5
8  6
9  -5
12  -5
9  -5
12  -7
9  -1
13  4
18  1
12  -7
4  5
11  -3
11  -2
10  3
16  -4
7  9
8  5
13  4
12  -8
10  3
8  3
8  3
8  5
8  4
16  -2
11  -2
6  3
20  -1
5  0
6  5
12  -5
4  1
13  3
15  0
5  -1
14  1
17  6
9  -1
8  3
14  3
17  6
11  -4
7  8
16  -3
4  3
9  -4
13  6
13  5
12  -8
10  -1
6  5
10  3
10  3
10  0
10  2
5  2
12  -6
7  7
9  -3
5  0
11  -3
11  -4
12  -7
12  -5
8  7
11  -6
12  -7
8  5
10  0
15  -1
13  2
11  -2
13  4
7  9
5  -1
8  4
16  -2
11  -5
9  -3
10  -1
6  5
10  0
7  9
8  4
10  2
14  3
6  3
12  -5
6  5
11  -6
10  1
8  4
13  4
12  -6
13  2
8  6
7  7
8  7
8  3
11  -5
10  2
9  -5
12  -6
11  -5
10  2
8  3
9  -3
7  6
7  6
10  0
13  4
5  2
13  5
8  3
14  3
13  6
14  2
8  5
10  1
12  -4
6  4
13  3
9  -2
6  4
9  -5
10  0
11  -2
8  7
9  -5
5  -1
12  -5
10  -1
13  6
5  2
9  -1
6  6
16  -6
12  -4
11  -2
13  2
15  1
7  8
7  9
11  -2
11  -6
13  3
10  2
9  -4
9  -3
11  -6
8  4
7  8
12  -5
12  -4
11  -5
6  4
8  7
5  3
10  2
10  2
14  4
6  3
9  -4
8  5
10  2
10  2
10  1
7  9
9  -5
9  -2
4  3
10  1
12  -6
4  1
6  2
5  -1
17  4
9  -3
8  5
12  -8
9  -3
8  7
5  -1
8  5
9  -1
8  4
11  -6
5  2
8  6
11  -4
7  5
10  3
10  -1
7  8
9  -1
11  -5
11  -2
7  9
14  3
9  -3
12  -8
8  7
15  1
12  -4
7  5
9  -3
9  -5
18  4
9  -4
14  5
17  7
10  2
9  -1
14  3
11  -4
3  -9
9  -1
12  -4
11  -6
9  -2
9  -5
5  3
13  5
7  6
12  -5
8  5
18  0
5  2
13  3
6  2
8  4
11  -2
8  6
14  5
15  -3
10  2
7  9
14  3
11  -4
8  6
7  5
12  -7
14  4
8  4
7  9
10  0
18  1
10  0
13  2
6  2
7  9
5  2
10  -1
9  -5
8  4
10  0
7  7
12  -4
11  -6
9  -2
10  1
12  -6
9  -2
8  6
15  -2
4  1
8  3
13  2
9  -5
12  -6
13  6
10  3
11  -5
15  0
10  3
10  2
11  -3
9  -2
13  5
6  5
11  -4
7  6
12  -8
14  4
6  6
14  3
5  3
15  0
7  6
8  4
11  -3
8  7
10  -1
10  3
7  5
20  -4
7  9
12  -6
5  3
12  -6
8  5
13  2
6  3
10  -1
8  6
10  0
9  -2
9  -4
15  -1
12  -8
8  3
9  -1
8  5
5  2
14  1
11  -5
4  1
15  -1
7  8
11  -6
10  3
9  -5
12  -7
7  6
11  -4
13  3
14  4
7  7
9  -2
13  3
8  4
6  5
4  5
13  3
6  6
11  -5
16  -5
7  6
10  1
11  -6
15  -2
8  3
14  4
9  -2
13  2
8  5
10  0
14  1
16  -6
5  0
8  6
11  -6
5  1
13  2
11  -4
12  -4
11  -6
12  -6
10  -1
11  -5
10  -1
10  -1
17  3
7  6
9  -2
10  1
8  4
11  -2
17  4
17  3
10  1
11  -6
13  2
11  -3
8  6
12  -7
7  6
6  2
9  -5
5  1
10  2
8  5
14  3
10  2
13  4
3  -5
8  3
12  -6
8  6
9  -3
9  -5
5  3
13  3
11  -2
11  -6
14  5
8  3
9  -3
7  6
9  -1
11  -3
9  -4
9  -2
16  -6
9  -2
11  -5
11  -4
7  8
14  5
11  -2
8  7
11  -6
16  -2
13  4
4  3
9  -5
14  1
13  2
3  -9
7  6
15  -1
10  1
12  -8
17  4
13  3
12  -8
5  2
8  7
11  -2
6  6
10  0
11  -5
6  3
14  3
6  3
9  -3
13  6
5  2
12  -6
13  5
16  -5
10  -1
15  -3
14  5
7  8
10  3
13  3
8  7
13  6
9  -4
11  -4
4  1
8  5
10  3
8  6
5  1
12  -6
10  0
13  6
8  4
11  -4
12  -5
10  0
9  -3
7  6
13  4
11  -5
12  -8
7  5
8  5
9  -4
13  2
6  3
13  5
8  6
9  -2
9  -1
11  -5
4  3
12  -5
10  -1
9  -5
13  3
7  8
4  5
10  1
16  -5
18  1
7  9
8  3
15  -1
8  3
7  6
5  0
10  0
18  4
10  2
6  5
10  3
17  6
13  3
13  5
8  4
15  -1
8  5
10  -1
11  -3
10  0
9  -2
12  -7
7  7
14  3
5  3
7  7
14  1
11  -3
10  0
7  8
7  5
10  -1
11  -4
9  -2
6  4
11  -3
7  8
9  -2
9  -2
10  3
14  2
6  3
6  6
15  -3
15  1
9  -3
8  5
8  5
8  6
8  3
10  3
15  0
9  -3
15  -3
7  6
10  3
10  1
12  -5
6  5
7  8
11  -4
14  2
11  -2
11  -4
7  9
14  4
12  -4
10  2
9  -5
10  3
12  -6
11  -3
7  6
11  -4
13  5
11  -3
12  -4
14  4
8  6
14  4
8  4
15  -2
13  3
12  -7
6  4
10  1
9  -3
9  -3
10  2
9  -5
8  4
15  0
5  0
9  -5
11  -3
9  -1
8  4
12  -4
12  -8
8  5
6  3
13  6
14  3
12  -7
14  4
10  0
10  1
9  -5
16  -5
12  -8
10  3
14  4
8  4
8  7
10  0
12  -4
8  4
11  -2
13  3
9  -1
6  5
10  -1
13  6
11  -6
9  -4
7  6
12  -7
12  -7
11  -2
9  -1
12  -5
7  8
9  -2
9  -1
9  -5
8  3
10  2
5  1
12  -8
8  6
9  -1
