8  -7
8  -5
8  -7
8  -7
13  -1
7  0
4  6
7  -4
11  -3
4  6
11  -7
12  7
6  6
8  -7
12  6
13  2
11  -6
11  -5
14  1
15  -2
13  2
18  0
12  6
11  -6
8  -8
8  -5
6  9
11  -3
9  4
10  -6
8  -4
11  -5
10  -9
8  -8
14  2
11  -4
10  -9
6  9
8  -5
18  2
4  7
11  -3
12  6
7  0
7  -3
7  -3
8  -8
16  -3
8  -8
14  1
8  -7
10  -9
9  5
9  4
8  -6
12  5
13  1
5  4
18  0
10  -9
10  -9
8  -6
13  -1
11  -7
6  6
3  -6
12  6
5  3
11  -5
16  -4
11  -7
13  -1
10  -5
12  5
18  3
8  -4
8  -6
16  -1
14  3
7  0
11  -4
10  -6
6  8
9  7
11  -7
10  -8
8  -5
19  -5
9  4
9  3
8  -4
11  -3
6  9
11  -7
14  4
11  -7
9  7
8  -5
12  6
11  -4
10  -7
4  5
7  -2
15  -6
13  1
6  9
11  -6
11  -6
8  -5
5  3
5  5
12  6
13  0
6  8
13  -2
10  -8
15  -3
9  3
9  4
11  -7
6  6
13  0
7  0
18  1
9  6
12  6
15  -2
8  -5
10  -7
11  -3
16  -3
11  -3
8  -6
18  0
8  -7
10  -5
17  -8
9  5
9  4
8  -4
11  -3
14  2
8  -8
16  0
10  -5
10  -7
8  -6
10  -9
6  6
10  -7
12  7
8  -8
10  -7
14  0
12  4
13  2
8  -8
3  -2
9  6
8  -4
6  5
9  4
10  -6
10  -7
16  -1
9  3
8  -6
11  -3
9  7
12  6
12  7
12  6
10  -6
9  6
7  -1
13  1
10  -7
12  7
9  7
7  -3
8  -4
11  -6
11  -6
9  6
19  -9
13  1
9  7
11  -7
8  -6
15  -6
12  6
9  5
12  3
6  8
6  6
5  4
8  -4
7  -4
15  -4
6  6
7  -2
12  5
4  9
11  -5
8  -8
7  0
7  -2
6  7
6  5
10  -6
9  4
18  -1
8  -5
12  7
13  -1
11  -5
8  -7
10  -8
14  1
6  5
8  -8
12  7
10  -9
12  6
10  -5
15  -6
10  -7
7  -1
7  -4
8  -5
7  -4
12  4
7  -3
9  7
14  1
10  -5
10  -8
19  -7
7  -1
9  7
16  -1
9  4
7  -4
15  -5
13  1
10  -6
14  2
6  9
7  -3
10  -7
8  -6
10  -7
9  3
6  7
15  -4
12  4
8  -5
13  -1
9  5
4  8
9  6
12  4
6  7
6  7
11  -5
7  -2
7  0
8  -7
9  5
6  5
7  -1
9  6
13  1
7  0
13  2
7  -3
9  5
11  -3
11  -7
6  7
16  0
17  -6
9  3
9  4
9  6
11  -3
16  -4
9  3
11  -4
14  4
7  -4
7  0
6  9
12  5
11  -4
7  -2
13  -1
6  6
14  0
6  9
4  5
13  2
11  -4
9  7
8  -8
8  -6
9  3
15  -6
11  -7
16  -3
7  -4
5  4
11  -6
10  -5
17  -9
9  3
17  -5
3  -2
9  6
9  4
10  -7
9  4
10  -8
6  6
14  2
9  5
15  -6
11  -6
4  7
8  -4
11  -7
12  7
9  5
8  -7
13  2
5  5
6  7
10  -9
5  3
14  1
13  -1
12  4
11  -7
12  6
6  6
16  -3
13  2
10  -8
9  4
14  1
14  3
5  3
9  7
10  -7
8  -4
13  -1
12  4
3  -5
11  -6
13  2
15  -4
10  -6
7  -4
14  1
9  3
7  -2
9  4
10  -6
7  -3
14  1
6  5
15  -2
13  0
15  -3
12  5
11  -6
8  -7
6  7
11  -4
13  2
11  -5
9  3
12  7
12  7
9  7
28  2
13  -2
8  -4
14  1
4  8
9  7
17  -5
15  -4
12  4
12  6
12  7
11  -4
13  1
16  -3
10  -5
8  -5
13  -2
8  -7
5  6
7  -1
10  -5
13  0
7  -4
14  2
14  2
12  4
10  -9
14  4
20  8
9  6
15  -2
9  3
12  6
7  -4
8  -7
9  3
8  -7
7  -4
11  -4
6  6
10  -7
10  -9
9  3
14  2
7  -4
11  -7
7  -1
3  -5
6  5
5  5
14  1
5  6
8  -6
11  -6
13  2
12  4
14  4
14  1
8  -6
16  0
12  7
6  6
15  -4
8  -5
9  6
8  -7
8  -8
6  9
14  4
8  -4
11  -6
8  -5
11  -7
9  5
6  8
12  5
10  -9
10  -5
7  0
14  0
11  -7
8  -5
11  -5
7  -1
7  -1
7  -2
12  4
9  6
13  0
4  5
16  -2
12  4
11  -5
9  7
10  -7
7  0
13  -2
6  8
13  2
9  4
9  3
15  -2
11  -4
15  -4
12  5
8  -8
12  6
9  3
9  3
15  -4
11  -6
6  7
5  4
8  -6
9  5
7  -2
7  -4
7  -2
9  4
10  -8
12  7
12  6
11  -7
6  7
11  -7
8  -5
11  -3
6  8
18  3
9  6
8  -8
11  -6
12  7
10  -8
6  9
7  -4
8  -4
9  4
10  -6
12  6
10  -5
5  2
14  3
9  5
9  4
6  6
13  -2
12  7
12  4
10  -5
9  5
18  -1
13  1
17  -6
4  8
9  4
12  4
8  -4
12  4
4  6
10  -6
9  5
18  3
10  -7
7  0
7  0
9  7
9  6
6  5
11  -4
12  7
8  -6
8  -5
14  4
9  3
7  -3
13  2
14  2
12  4
8  -4
8  -7
9  5
14  2
13  -2
6  7
11  -7
7  0
14  1
12  5
14  0
12  5
10  -8
11  -3
15  -3
15  -4
11  -4
11  -5
16  -4
16  -1
7  -2
10  -5
11  -6
13  -1
8  -6
6  6
17  -6
12  5
11  -6
8  -8
6  8
6  9
5  4
3  -3
9  7
12  6
17  -5
18  2
7  -4
6  7
11  -6
8  -8
4  8
8  -7
7  -1
8  -4
11  -4
7  -4
13  2
12  6
8  -7
9  3
12  5
9  7
12  4
13  -1
10  -7
10  -5
13  0
16  -3
12  5
6  6
16  -2
11  -4
8  -4
8  -7
10  -8
5  2
9  3
12  7
12  4
7  0
4  5
15  -6
13  1
11  -6
4  7
11  -3
11  -7
12  7
8  -5
5  3
11  -6
15  -6
13  -2
11  -7
4  9
11  -3
11  -7
4  7
7  -2
14  4
11  -5
14  2
8  -7
9  3
10  -8
9  3
6  9
7  -1
12  7
7  -3
8  -6
6  9
16  -3
10  -9
7  -2
6  9
10  -9
6  5
3  -4
11  -6
12  3
9  4
9  7
11  -7
9  6
17  -8
8  -5
6  7
10  -7
8  -7
16  0
11  -5
12  3
14  0
11  -4
9  3
11  -5
13  -2
10  -9
5  4
11  -6
10  -9
14  0
9  5
10  -7
9  7
12  5
10  -6
5  4
8  -8
10  -5
4  5
10  -8
10  -6
11  -3
12  4
12  4
11  -6
11  -3
7  -3
10  -8
9  5
19  -8
8  -6
4  5
7  -3
13  0
7  -3
8  -4
14  4
11  -7
10  -6
10  -5
13  -1
11  -4
6  5
6  7
12  4
13  2
7  -2
9  3
11  -3
11  -3
7  -4
8  -8
7  -1
13  -2
7  -3
15  -5
6  7
8  -4
15  -2
7  -2
7  -4
9  6
12  6
17  -9
12  5
14  1
11  -3
14  4
10  -7
9  6
12  5
8  -6
13  -2
13  1
10  -5
9  7
7  -4
8  -7
9  4
9  5
12  4
10  -6
13  -1
8  -6
12  5
10  -6
8  -6
7  -3
13  2
8  -5
4  7
9  6
10  -8
7  -4
13  1
9  6
11  -7
14  1
12  3
10  -6
4  6
5  5
8  -4
6  9
6  9
9  5
12  6
14  0
7  -2
11  -5
6  9
5  2
9  5
13  -2
8  -5
10  -9
11  -4
7  -4
10  -5
7  -1
8  -8
11  -6
12  7
7  -1
13  1
12  6
11  -4
6  6
11  -6
12  5
12  3
7  -1
7  -3
7  0
6  6
8  -7
12  6
6  9
13  -1
8  -8
7  -1
5  3
7  -1
7  -4
13  2
11  -6
10  -6
5  5
8  -7
15  -3
8  -5
4  7
17  -9
11  -5
7  0
8  -4
8  -7
11  -5
11  -3
7  0
9  4
11  -5
7  -3
6  5
4  5
11  -7
15  -5
10  -7
11  -5
12  4
13  -1
10  -9
5  2
11  -4
6  9
5  3
6  7
17  -8
10  -9
13  2
12  6
9  6
5  5
11  -6
8  -4
9  7
10  -6
9  7
7  -1
13  -2
9  3
13  1
4  6
12  7
13  0
17  -8
11  -6
17  -8
7  -2
11  -3
11  -7
11  -5
14  1
8  -8
7  -4
6  8
6  9
6  7
6  6
9  5
6  9
8  -6
13  2
6  5
6  9
8  -4
11  -3
9  5
8  -5
16  -4
12  6
12  3
10  -7
8  -8
9  4
7  -1
9  6
8  -6
8  -4
11  -7
12  3
18  2
8  -5
18  -1
10  -5
9  7
18  -1
8  -4
9  3
14  0
3  -5
22  5
9  7
11  -3
6  9
14  3
13  0
6  6
8  -5
2  1
9  4
11  -4
16  -2
8  -7
7  -1
10  -9
8  -7
7  -2
9  6
12  3
13  0
3  -2
8  -5
10  -5
10  -8
8  -6
13  -2
13  2
10  -8
13  0
4  9
9  5
14  0
14  2
10  -6
7  -2
11  -7
17  -8
9  6
7  0
11  -7
10  -6
7  -3
8  -6
9  7
6  8
10  -8
14  4
11  -4
10  -9
4  6
6  8
9  5
8  -6
14  2
11  -3
8  -4
8  -8
9  4
7  -3
12  4
10  -7
15  -6
11  -6
11  -6
10  -8
8  -4
12  5
5  4
12  5
10  -5
