9  -4
8  4
9  -2
11  -3
8  5
6  4
4  4
3  -4
6  2
10  -3
11  -3
9  -4
13  -1
5  -2
9  -4
9  -2
10  -4
7  -2
6  2
8  6
9  -4
13  1
7  -2
6  2
5  -1
10  -4
2  -2
11  -4
10  -3
9  -4
8  4
8  5
7  -3
7  -2
5  0
9  -4
11  -5
7  -3
6  2
5  -1
6  4
9  -3
5  -2
5  -1
7  -3
5  0
8  6
6  3
8  4
10  -5
6  4
8  6
9  -3
8  4
8  5
10  -5
11  -3
9  -3
10  -3
6  2
4  4
16  6
12  4
5  -2
5  -1
6  3
8  4
8  6
7  -2
12  3
6  4
6  3
6  2
10  -4
6  2
9  -2
6  4
11  -4
8  6
4  5
9  -3
9  -2
14  3
11  -5
10  -3
7  -1
7  -2
4  6
8  4
16  7
10  -5
11  -4
7  -1
10  -5
5  0
8  5
4  6
9  -2
6  4
8  4
6  2
10  -4
7  -3
7  -3
8  4
7  -2
10  -4
6  4
7  -3
10  -3
9  -3
11  -3
12  5
7  -2
7  -1
14  4
7  -2
11  -3
15  -4
8  4
7  -3
8  6
8  6
8  5
12  5
15  -3
5  0
14  2
10  -3
13  1
10  -5
11  -4
5  -1
6  3
5  -2
9  -2
8  5
13  0
8  4
14  4
8  4
2  -3
9  -3
11  -5
5  -2
10  -5
6  4
8  6
11  -4
6  2
10  -4
12  5
9  -3
5  -1
5  0
5  -1
7  -1
11  -3
2  -3
7  -1
10  -3
5  -1
8  5
6  2
9  -4
6  4
5  0
6  2
10  -4
7  -2
6  4
7  -1
11  -5
7  -2
7  -1
9  -3
7  -2
4  5
10  -4
8  6
4  6
13  -1
6  2
5  -1
6  2
7  -3
15  -2
10  -3
7  -2
5  0
6  2
5  -1
11  -5
9  -3
3  -4
5  -2
6  4
8  6
10  -4
5  -1
3  -5
7  -3
8  4
7  -2
6  2
6  2
11  -5
10  -5
10  -3
8  4
8  4
5  -2
5  -1
9  -3
5  -1
7  -2
11  -4
8  5
10  -4
9  -3
7  -2
6  3
6  4
7  -1
11  -5
13  0
10  -3
11  -4
9  -2
10  -3
7  -2
5  -2
11  -3
6  2
8  6
7  -1
5  -1
12  3
8  5
8  4
7  -1
9  -3
12  4
7  -3
4  5
10  -4
6  2
11  -4
10  -4
10  -4
6  3
10  -5
12  4
11  -5
7  -2
5  -1
7  -3
5  -2
11  -3
8  6
9  -4
8  6
14  2
16  7
12  3
9  -4
12  3
8  4
7  -3
10  -3
2  -2
7  -3
8  5
8  4
10  -5
12  5
6  3
11  -5
6  3
8  4
12  4
11  -5
11  -3
5  0
10  -4
7  -3
7  -3
5  0
7  -2
8  5
7  -3
14  4
10  -3
15  -2
6  2
10  -3
8  5
8  5
15  -4
6  4
10  -4
4  5
3  -5
7  -3
6  4
7  -3
6  4
7  -2
8  5
8  6
6  4
11  -3
10  -4
7  -3
8  4
5  0
9  -2
6  3
8  4
6  3
7  -2
9  -3
12  5
3  -5
11  -4
6  3
9  -3
7  -1
5  0
7  -3
14  4
10  -4
7  -3
3  -5
9  -4
10  -5
5  -1
9  -2
6  3
8  6
5  -1
12  5
13  1
7  -1
4  5
5  -2
7  -2
8  5
7  -1
7  -3
9  -2
5  -2
6  2
8  4
11  -3
7  -1
8  4
7  -1
9  -2
9  -4
9  -3
7  -3
14  3
6  2
2  -2
3  -4
7  -3
9  -4
8  5
9  -4
3  -5
5  -2
8  6
3  -5
19  1
11  -5
5  -1
6  4
5  0
10  -5
11  -3
9  -3
6  4
8  6
8  4
9  -4
7  -3
5  -2
14  2
8  4
8  4
11  -4
12  3
4  5
7  -1
8  6
9  -3
8  6
7  -2
7  -3
10  -4
4  5
6  2
13  -1
8  6
9  -3
7  -2
8  4
14  4
10  -4
12  3
10  -4
7  -2
11  -3
19  3
7  -1
11  -4
9  -2
6  2
10  -3
5  0
11  -3
3  -5
8  4
7  -1
11  -4
9  -3
6  4
10  -3
7  -1
7  -2
6  4
9  -2
8  4
12  4
12  4
9  -4
6  2
12  4
12  5
11  -3
8  6
11  -5
12  3
9  -3
10  -3
12  3
6  2
8  5
9  -3
11  -5
11  -5
11  -5
8  4
9  -2
7  -3
7  -2
7  -2
7  -1
9  -3
7  -3
8  4
7  -2
13  -1
9  -2
5  0
6  2
7  -1
6  2
5  -1
5  -2
11  -3
11  -5
6  3
6  2
10  -5
5  -1
6  4
5  -2
9  -3
1  0
3  -4
10  -4
5  0
8  5
7  -1
7  -1
6  3
15  -2
6  2
7  -2
5  -2
9  -3
6  2
6  3
4  5
10  -5
12  5
17  3
7  -1
7  -1
5  0
10  -5
5  -1
2  -3
7  -2
8  4
3  -5
6  2
8  5
5  0
15  -3
7  -3
4  5
9  -2
13  1
11  -3
5  -2
10  -4
8  6
11  -5
4  4
11  -3
9  -4
12  5
10  -4
10  -5
9  -4
10  -5
9  -2
13  0
8  4
9  -2
8  6
4  6
14  3
6  4
5  -2
10  -4
4  4
8  6
11  -3
6  2
3  -4
8  4
4  4
13  1
8  6
9  -2
6  3
8  5
8  6
9  -4
9  -3
7  -1
6  4
6  4
9  -3
8  4
4  4
9  -2
6  4
9  -2
5  -2
7  -3
5  0
6  2
5  0
13  0
8  4
10  -3
10  -3
6  3
5  -2
6  3
5  -2
8  5
3  -6
11  -4
8  6
4  6
14  4
2  -2
10  -4
5  -1
15  -4
12  3
8  4
8  5
10  -4
15  -2
8  4
10  -5
5  -2
10  -4
7  -2
12  5
13  1
10  -3
9  -2
8  5
11  -4
8  4
4  6
12  5
10  -3
10  -5
12  5
5  -1
6  4
5  -1
5  0
7  -3
9  -2
8  5
7  -1
5  -2
14  4
7  -1
6  3
8  4
5  -1
6  4
9  -3
3  -5
7  -2
10  -4
8  5
9  -3
8  4
13  0
7  -2
14  4
8  5
6  4
7  -1
8  4
11  -5
8  5
7  -2
10  -4
10  -5
7  -3
7  -1
6  4
12  3
7  -2
10  -5
9  -3
11  -5
8  4
10  -5
11  -5
8  4
11  -4
3  -5
8  6
5  -2
13  1
10  -4
9  -2
9  -4
15  -3
8  4
3  -4
12  3
4  5
6  3
5  -2
5  0
11  -3
8  6
10  -3
5  0
8  4
9  -3
7  -1
9  -3
8  6
7  -2
5  -1
3  -5
7  -1
6  3
4  5
9  -4
8  6
9  -4
8  6
6  3
8  5
6  4
6  2
8  4
8  6
4  5
8  6
10  -4
17  2
5  0
7  -1
4  6
9  -3
10  -3
14  2
11  -5
9  -2
8  6
10  -4
5  -2
8  5
3  -5
11  -4
7  -3
8  6
13  -1
6  4
7  -2
13  1
5  -1
9  -4
6  2
8  6
5  -1
10  -3
15  -2
7  -1
11  -4
12  5
14  2
4  4
11  -5
13  -1
5  -1
6  3
8  6
5  -1
10  -3
9  -2
8  6
6  4
15  -2
7  -1
9  -3
6  3
6  2
7  -1
11  -5
7  -1
8  5
11  -5
8  5
12  5
6  3
3  -4
8  4
7  -2
9  -4
6  3
8  6
5  -1
7  -3
9  -2
3  -5
8  6
10  -4
5  -2
6  4
11  -4
8  6
11  -3
8  6
10  -3
8  6
8  5
10  -5
13  0
10  -4
5  0
10  -4
7  -1
9  -2
8  5
9  -2
9  -3
4  4
15  -3
15  -3
9  -4
9  -4
8  6
3  -4
8  4
7  -2
7  -1
5  -2
7  -3
7  -1
4  6
6  4
9  -3
6  2
10  -4
13  1
8  6
10  -5
11  -4
8  6
11  -4
7  -3
4  5
5  0
3  -5
6  4
5  -2
6  2
10  -4
8  4
7  -3
14  4
3  -6
8  4
9  -4
5  -2
5  -2
5  -1
10  -4
3  -6
3  -4
8  6
8  4
7  -2
5  -1
7  -1
8  6
11  -5
12  4
6  2
6  2
9  -2
8  4
9  -2
12  5
4  5
9  -3
5  -1
11  -3
11  -5
4  4
7  -3
7  -1
11  -5
12  5
6  4
9  -4
6  3
12  5
11  -3
12  5
11  -3
11  -5
8  4
8  6
5  -1
7  -1
8  6
10  -3
14  2
6  4
8  6
10  -3
6  3
8  4
6  2
7  -3
11  -3
5  -1
6  2
7  -1
13  1
4  5
4  4
12  5
8  4
9  -3
6  3
7  -3
11  -5
7  -1
12  4
6  2
8  4
8  6
9  -2
8  6
6  4
10  -4
11  -5
4  4
10  -3
5  0
7  -1
7  -2
8  4
8  5
8  5
10  -3
14  4
6  4
9  -4
4  6
5  0
10  -3
7  -3
9  -2
3  -6
13  -1
10  -4
6  2
4  5
6  4
5  0
8  6
6  2
6  2
5  -2
9  -2
8  5
12  3
8  6
10  -4
9  -3
5  0
5  -1
3  -4
5  0
8  6
4  5
8  5
5  -1
6  2
5  -1
15  -2
11  -3
6  4
7  -2
7  -1
11  -4
8  6
12  5
11  -3
6  2
6  3
15  -2
11  -3
6  4
13  0
8  4
7  -1
7  -1
6  4
10  -4
7  -1
11  -3
13  0
8  5
6  4
8  4
11  -4
13  -1
7  -3
12  3
8  6
8  5
9  -4
7  -1
11  -3
8  4
8  6
5  -2
8  4
12  5
8  4
5  0
9  -2
11  -3
9  -3
9  -2
8  4
9  -4
7  -3
8  5
7  -1
9  -2
4  6
9  -2
5  -1
8  4
9  -3
11  -4
