19  -8
9  8
10  6
7  6
5  7
8  -11
14  3
8  -10
13  2
9  9
8  -2
15  -11
9  -1
5  3
4  4
7  11
9  1
10  0
10  -1
12  0
8  -9
5  5
8  -9
9  5
15  -2
10  0
6  3
8  -11
8  -7
6  8
12  2
13  2
8  -8
12  -6
9  5
7  10
9  7
10  7
11  2
12  1
10  -2
9  6
12  -1
12  -1
11  7
6  3
10  5
13  5
8  -12
11  8
5  11
12  -2
9  3
6  5
9  0
5  2
6  1
8  -10
10  7
7  11
9  2
12  0
7  1
7  6
12  -3
16  0
8  -10
5  8
6  -2
11  6
3  -4
6  7
7  5
8  -10
9  6
7  8
6  0
8  -12
7  2
10  7
12  0
3  -8
10  5
6  8
5  7
8  -2
8  -5
8  -7
11  4
11  0
11  -1
7  11
14  1
12  3
12  3
10  3
5  10
6  2
7  10
3  -5
14  4
10  7
12  -6
10  4
7  8
13  -4
10  1
9  5
7  11
12  -6
11  2
11  4
6  4
7  10
13  6
16  -10
8  -4
11  -2
10  1
12  -3
11  -1
7  3
9  9
8  -2
9  8
4  -2
9  6
10  5
8  -7
8  -8
11  3
8  -7
10  -2
6  3
9  -1
13  2
10  1
10  5
4  2
11  0
4  5
10  4
10  5
7  6
4  6
4  6
9  7
8  -4
8  -4
10  1
6  0
8  -9
11  5
14  1
11  3
13  6
7  9
2  2
13  3
13  6
7  6
8  -11
6  5
12  -3
11  6
12  -2
11  3
11  1
8  -11
10  -2
11  5
9  2
15  -11
9  0
10  8
9  4
13  1
7  6
6  -1
11  7
20  2
12  2
7  5
9  0
3  -2
4  3
8  -4
12  -1
13  6
10  7
8  -5
7  6
9  3
9  1
6  4
6  1
12  -6
6  -2
7  1
10  2
4  3
10  8
11  7
6  -2
11  8
14  0
11  0
5  8
10  5
8  -3
17  0
6  0
8  -8
10  3
11  8
9  4
6  7
9  2
13  1
10  -2
8  -8
8  -10
13  3
16  0
10  5
7  7
11  5
7  10
12  -2
14  -4
15  -10
11  1
9  7
8  -2
11  8
12  -1
8  -2
8  -10
11  4
8  -6
8  -5
8  -7
5  6
6  6
5  6
7  4
4  3
15  -9
10  6
11  0
6  6
7  2
15  -10
12  1
13  6
12  1
9  0
10  2
9  9
5  3
6  6
8  -4
9  0
8  -9
4  -2
10  2
10  0
10  5
9  5
8  -6
9  3
6  2
4  5
10  2
9  1
9  4
5  5
9  0
10  7
7  4
9  3
12  -1
7  4
7  2
9  4
9  2
5  1
4  1
2  0
4  0
15  -7
9  -1
8  -6
7  1
9  -1
8  -5
8  -11
5  9
7  7
5  9
8  -11
8  -5
7  4
9  7
8  -2
7  2
9  2
10  0
8  -4
12  3
7  7
7  11
4  0
7  3
11  0
3  0
7  8
12  -3
8  -2
8  -5
9  5
10  1
10  8
9  3
13  1
10  -2
8  -10
6  7
12  4
8  -2
6  -2
5  11
12  2
7  2
11  2
11  1
13  2
5  3
10  -2
11  -1
10  8
14  3
10  8
9  0
16  -4
10  5
14  4
9  2
9  2
8  -11
3  -8
10  8
8  -6
10  3
6  8
13  1
9  1
7  9
12  1
5  3
8  -11
7  5
10  7
7  5
10  6
16  -2
10  7
7  1
6  6
6  0
12  -2
9  4
6  0
12  -5
11  -2
11  6
6  5
8  -6
12  -2
11  7
9  3
12  -5
9  2
5  7
12  1
12  -4
11  2
11  6
9  3
6  7
11  1
8  -3
2  -4
3  -5
11  3
13  -3
14  -5
7  3
11  -1
4  -4
10  5
14  -3
9  3
11  -2
2  -2
11  -2
11  6
9  8
7  8
8  -12
5  10
15  -10
12  -3
11  6
11  2
16  -8
12  -6
8  -7
9  0
8  -6
8  -6
10  2
6  1
10  -2
11  2
6  3
8  -5
9  -1
3  0
13  1
9  7
10  -2
7  3
9  3
8  -2
9  -1
9  4
7  9
7  10
11  8
12  3
14  -2
6  7
11  4
6  8
6  -2
12  -5
9  4
12  -2
8  -5
3  -2
13  4
9  9
4  1
8  -12
9  -1
8  -11
7  4
8  -10
6  -2
6  3
15  -11
3  1
9  3
11  5
9  2
5  4
6  6
12  4
9  6
10  -2
8  -8
9  3
11  3
14  0
9  8
9  3
7  4
20  6
10  6
7  11
3  -3
8  -9
15  -4
10  4
12  -6
14  -2
8  -2
7  3
13  -4
5  3
15  -1
7  10
10  0
7  1
12  0
4  3
13  6
5  6
12  -6
7  2
13  2
14  4
7  5
8  -2
11  8
6  8
8  -7
9  8
10  5
11  2
13  2
6  3
6  5
7  3
11  1
5  8
13  1
8  -11
11  6
16  -9
9  2
8  -12
6  6
8  -2
12  1
6  -1
12  0
10  7
7  3
9  5
15  -11
6  4
5  8
5  5
12  4
9  -1
11  5
7  2
13  1
9  -1
9  0
6  5
8  -4
8  -11
10  4
8  -10
9  8
10  1
8  -3
9  7
15  -2
10  4
11  2
5  10
11  2
8  -6
5  4
6  7
9  4
12  2
5  2
8  -10
6  4
15  -8
13  1
9  1
8  -8
14  3
3  -2
16  -3
12  2
8  -5
7  2
9  6
4  -4
14  5
6  -1
6  6
11  5
11  3
9  4
11  0
7  3
10  1
12  2
7  4
3  -3
13  -3
9  3
7  2
15  -6
11  -1
11  4
10  1
10  7
10  -2
11  2
15  -6
11  -2
6  1
11  8
8  -3
10  2
11  5
9  1
9  7
12  4
11  -1
12  0
4  3
5  5
11  5
8  -9
8  -3
7  11
10  1
14  2
9  8
15  -6
17  -2
12  0
13  1
12  -2
10  3
4  1
11  3
9  1
12  -5
17  -7
10  8
11  5
9  8
10  4
5  10
6  8
16  -8
12  2
9  5
11  0
9  7
7  10
11  1
3  -4
10  6
10  1
13  0
9  2
12  -1
9  6
8  -12
9  -1
10  2
10  0
7  7
9  0
11  7
11  2
11  0
12  -3
16  0
7  2
11  6
11  2
16  0
7  10
10  -2
11  -2
9  2
5  2
15  -8
13  5
7  6
8  -2
9  5
16  -10
13  -1
6  3
4  -1
7  2
11  3
7  2
5  10
15  -8
11  2
12  -3
6  8
6  3
8  -10
8  -8
9  8
9  0
9  7
7  3
8  -12
7  5
8  -3
8  -10
11  7
10  2
11  8
4  0
10  4
6  0
6  7
8  -6
13  -2
12  0
8  -8
8  -11
6  8
12  2
7  10
8  -7
9  5
8  -11
15  -9
12  4
13  -1
11  -2
10  -2
7  6
10  6
6  4
11  2
8  -8
11  3
7  6
7  5
7  7
10  0
6  2
15  -2
5  10
5  10
14  3
13  -3
2  -8
13  6
10  0
8  -2
7  11
8  -12
7  9
12  -4
10  4
14  -2
16  -8
9  9
11  7
2  -5
1  -5
3  2
12  -3
10  6
7  5
13  -4
6  4
9  3
9  7
3  -4
7  5
8  -6
12  -2
10  5
11  6
13  4
11  4
9  8
7  1
6  -1
13  4
11  8
8  -4
6  0
11  8
7  6
11  7
10  7
14  -4
8  -7
14  -3
7  2
14  3
10  8
7  10
10  4
11  -2
10  2
4  -4
6  0
12  -4
6  3
12  3
8  -9
3  -2
3  -4
8  -12
9  1
11  3
11  0
14  5
12  2
7  5
11  6
12  -3
6  8
9  2
11  5
8  -2
13  -3
6  -2
13  4
7  3
7  11
7  7
9  9
10  -1
4  -3
14  -2
5  10
6  1
13  -1
13  4
11  7
10  8
5  8
19  -9
9  6
9  1
8  -12
8  -9
9  2
10  7
15  -7
9  0
7  5
16  -8
3  -3
5  9
6  4
4  -1
6  -2
7  11
6  -2
9  6
10  7
13  1
6  8
10  6
11  1
16  -6
11  -2
11  8
3  -4
9  -1
4  5
11  6
9  -1
7  3
14  2
7  8
13  3
6  8
15  -9
7  2
13  5
11  7
8  -7
8  -2
12  4
11  4
13  6
7  7
10  8
11  3
10  2
8  -11
5  7
5  11
7  8
13  -2
7  10
3  1
10  2
11  6
7  7
5  1
8  -10
8  -2
13  -2
16  -8
10  1
9  7
9  7
9  2
4  -3
4  -1
9  0
5  6
10  8
10  2
8  -3
9  2
14  0
10  3
6  5
11  -1
12  -1
5  7
6  6
5  1
15  -6
15  -10
10  5
16  -10
11  0
11  6
8  -2
10  7
7  4
12  -6
9  9
9  8
5  10
12  2
9  4
11  1
6  0
6  3
11  2
9  4
6  1
8  -11
13  3
4  3
8  -6
9  5
8  -3
6  -2
9  3
6  6
12  -4
7  4
6  6
11  7
17  -2
5  2
3  -6
16  -7
9  6
10  1
10  5
8  -4
5  1
7  6
14  5
12  -6
9  9
11  5
12  3
12  -1
10  3
11  4
10  6
12  1
10  5
9  2
17  1
18  -1
14  -1
7  10
6  3
7  5
8  -5
10  8
8  -11
8  -2
9  8
8  -2
10  4
10  8
6  0
9  -1
7  8
13  0
10  1
6  5
4  -3
11  -1
10  5
10  4
11  0
10  8
10  0
9  4
5  9
9  6
9  3
6  2
