6  0
4  5
11  -6
9  -2
8  -11
8  -9
5  6
5  4
4  7
7  -7
12  0
10  0
11  -10
4  11
10  1
7  -4
5  5
7  -9
12  1
6  0
7  -7
9  3
7  -6
8  -4
17  6
10  -5
9  -3
7  -11
10  -7
10  -6
17  8
10  -4
7  -9
8  -5
7  -11
8  -8
7  -10
10  -1
7  -7
10  -6
3  6
5  -1
10  -5
10  1
7  -8
7  -6
6  -3
7  -9
10  -1
10  -1
8  -10
9  -4
8  -3
9  3
11  -4
6  -4
8  -4
9  1
9  3
10  -1
9  -1
10  -1
7  -3
4  10
10  0
9  3
5  2
5  -2
9  0
10  -3
12  -3
3  7
6  1
7  -7
12  2
11  -9
12  3
12  2
12  -3
12  -3
12  1
8  -11
12  -2
9  -3
6  -5
5  -2
9  -1
15  9
13  0
11  -7
7  -10
7  -7
11  -3
15  1
4  7
8  -5
5  -1
4  6
5  2
8  -5
10  -2
8  -6
3  4
9  1
5  0
10  1
4  7
14  6
13  -1
11  -8
11  -9
9  3
9  -4
11  -10
4  5
3  10
10  -1
7  -6
6  -2
9  1
4  4
9  -3
11  -9
8  -6
9  0
9  1
10  -6
9  -4
12  -4
7  -6
5  5
10  -6
10  -1
7  -10
15  8
6  -1
6  1
7  -11
7  -7
9  -1
8  -3
7  -11
7  -9
10  -2
8  -7
10  0
11  -8
9  -2
5  2
12  3
15  8
11  -10
7  -4
10  -4
10  -1
16  -2
7  -6
8  -7
7  -5
6  -4
8  -11
11  -3
6  -2
6  -2
11  -2
5  4
8  -8
6  -1
11  -10
5  4
8  -11
17  3
12  1
6  -4
12  1
8  -10
9  -1
9  -4
11  -7
6  -3
10  0
8  -9
5  0
12  0
12  -4
10  -6
12  2
10  -1
8  -10
8  -3
2  -5
14  4
9  -2
17  5
11  -4
10  -4
8  -5
7  -5
9  2
11  -3
10  -6
7  -4
11  -6
10  -1
12  4
6  -5
10  -6
8  -7
5  6
4  9
6  -5
9  3
6  -3
11  -8
11  -8
11  -10
10  -6
5  -2
11  -8
11  -4
12  1
13  -3
14  6
4  10
9  0
5  3
7  -3
12  4
8  -9
9  0
6  2
10  -4
13  1
8  -10
15  8
10  -2
3  6
7  -9
9  -4
4  4
9  0
12  -2
9  3
10  -2
9  4
8  -8
13  1
7  -7
6  -1
8  -10
9  4
8  -3
11  -7
6  -5
6  2
2  -3
10  1
9  -1
13  -2
10  -6
3  5
10  1
7  -7
6  -1
7  -11
6  2
14  5
6  -1
10  0
6  -1
6  -1
2  -10
7  -11
11  -2
7  -6
8  -5
9  4
5  0
7  -8
10  -2
5  -1
11  -6
11  -5
9  -4
12  -2
10  -2
14  5
12  1
10  -2
12  2
5  6
7  -8
6  2
12  4
8  -3
6  2
14  10
10  0
15  3
6  -6
8  -8
11  -5
11  -5
8  -10
7  -7
7  -4
13  -3
6  2
5  2
2  -6
12  -1
11  -8
13  -3
7  -10
11  -9
6  2
8  -9
6  0
9  -4
11  -4
7  -11
5  2
8  -9
11  -3
9  3
10  -3
11  -5
10  1
7  -5
16  -6
4  8
9  0
9  2
11  -9
10  -4
13  -3
6  -5
8  -7
13  -1
9  0
9  0
18  6
10  -1
9  4
9  4
11  -3
6  -2
13  2
11  -7
12  3
8  -4
11  -10
17  2
10  -1
11  -3
10  -1
6  -1
5  6
7  -10
2  -10
7  -4
4  9
8  -6
13  -6
3  11
12  4
11  -5
12  -2
14  3
6  -5
6  -6
9  4
9  2
9  1
10  -6
6  -3
10  -3
7  -7
8  -8
8  -7
11  -7
10  1
7  -5
11  -5
4  7
13  -3
9  -2
12  -4
7  -10
14  11
8  -5
10  -1
9  -2
4  5
12  4
9  1
10  0
8  -11
10  0
14  10
11  -6
19  -1
10  -7
4  4
8  -10
7  -3
7  -5
8  -11
13  -2
5  3
10  -5
5  4
7  -9
7  -3
11  -4
14  6
8  -6
8  -8
6  -5
4  8
9  3
12  -3
11  -10
12  4
6  -1
6  -2
11  -8
9  2
15  4
12  -4
11  -6
10  -2
14  5
9  -2
7  -3
9  1
8  -3
10  -4
8  -5
9  0
9  1
11  -5
10  -3
6  -2
6  -3
6  -1
8  -3
7  -5
9  4
5  -2
7  -6
9  0
10  -2
7  -11
9  -1
11  -7
9  -1
3  4
12  -3
10  -1
7  -8
8  -3
7  -10
8  -11
8  -5
16  -7
5  -2
5  2
7  -5
7  -7
8  -8
7  -8
11  -5
10  -2
6  2
7  -11
4  5
8  -11
5  5
10  -4
7  -4
17  4
12  1
6  2
7  -6
9  4
10  -2
10  1
8  -8
8  -9
10  -7
3  8
8  -11
11  -6
12  4
9  3
8  -11
9  -3
17  5
4  11
9  1
6  -3
11  -9
8  -3
10  -7
6  -5
8  -6
10  -1
13  -1
11  -3
12  -3
8  -7
6  2
14  9
7  -4
15  8
9  2
17  7
8  -7
4  11
8  -7
5  5
8  -5
7  -4
16  1
11  -7
11  -10
7  -8
11  -7
8  -7
9  2
13  1
7  -8
9  1
7  -9
6  -2
7  -6
8  -10
9  2
8  -9
9  -4
7  -4
8  -3
11  -7
7  -3
9  2
11  -5
8  -5
4  4
14  3
6  -4
9  2
9  2
8  -3
10  0
7  -4
6  -5
6  -6
8  -4
6  -4
12  0
8  -10
8  -5
9  4
11  -6
12  -2
10  -2
6  -5
9  4
5  0
7  -10
7  -3
11  -10
8  -10
10  -3
11  -5
13  0
6  0
9  -3
14  5
9  -3
6  -1
17  2
9  2
5  4
12  -1
7  -5
8  -10
10  -6
14  6
8  -3
12  3
6  -6
11  -4
10  0
12  3
12  1
14  3
11  -5
11  -10
7  -8
9  4
17  4
8  -4
9  2
9  -1
6  -1
11  -10
9  1
10  -2
12  -2
8  -7
2  -8
14  8
11  -5
8  -6
13  2
10  -3
9  -4
13  -3
10  -3
11  -7
6  -5
9  -1
6  -6
11  -8
10  1
3  5
7  -7
11  -5
5  5
8  -6
9  -3
6  2
10  -3
11  -4
8  -10
12  3
10  -3
6  -3
16  -3
8  -8
8  -6
8  -6
7  -10
6  0
10  1
7  -5
10  -5
14  6
8  -8
8  -7
11  -4
10  1
7  -5
12  4
12  0
10  0
6  1
9  -2
13  2
10  -4
6  2
8  -7
8  -4
12  3
11  -9
11  -3
3  5
7  -10
13  -2
6  1
9  1
4  6
10  -1
5  1
13  0
9  1
6  -4
5  3
9  0
10  -2
13  2
7  -8
10  -2
7  -5
7  -3
9  1
9  -1
6  -2
6  -5
13  2
3  11
10  0
8  -7
9  -3
7  -8
10  -7
12  2
14  5
6  -6
7  -7
11  -8
7  -5
12  -4
8  -4
4  9
15  8
8  -11
6  -6
13  -2
1  -1
10  1
9  2
7  -11
10  1
9  -1
11  -6
9  -3
12  -3
14  7
8  -8
8  -6
11  -7
9  4
11  -7
10  -2
7  -4
6  0
12  2
6  -5
9  -4
4  11
12  4
15  5
11  -10
12  -3
10  -7
8  -9
10  -5
6  -4
13  2
11  -5
9  -1
3  5
8  -3
9  4
6  -1
8  -4
7  -6
8  -4
12  3
8  -8
5  2
10  -6
11  -7
13  0
16  0
7  -9
13  0
7  -8
14  9
13  -3
13  -6
13  1
11  -7
6  0
9  1
6  0
10  -1
8  -4
12  1
14  4
4  10
10  -7
7  -10
7  -9
7  -8
13  2
9  4
9  -3
15  5
13  1
6  -2
8  -7
15  1
12  -4
7  -5
11  -3
8  -10
11  -3
7  -7
10  1
9  -3
15  2
2  -8
10  -6
13  -5
10  -6
10  -3
5  6
9  3
8  -11
12  -4
12  3
11  -10
16  0
5  2
14  3
12  -3
8  -6
4  5
11  -8
10  -1
8  -6
6  -1
10  1
7  -7
6  -6
6  -5
5  -2
8  -7
13  -6
13  0
8  -6
5  -2
9  -1
6  2
10  0
11  -2
11  -4
7  -10
9  -4
9  1
7  -5
11  -6
11  -7
12  2
6  0
9  4
14  7
8  -5
9  1
8  -10
13  -2
10  0
9  -3
8  -6
12  2
8  -10
9  1
5  4
6  -2
9  1
10  -3
9  -1
7  -10
11  -7
9  -1
11  -6
7  -5
4  7
11  -5
8  -9
4  3
9  -4
13  2
6  -6
12  1
9  -1
10  -6
11  -3
6  -5
9  -2
5  5
9  3
8  -10
12  -4
10  0
6  -5
16  -7
12  2
7  -11
6  -1
11  -2
4  11
6  -4
8  -5
9  1
9  -3
5  0
10  -2
4  4
8  -6
9  0
9  1
7  -3
13  -5
8  -4
16  -2
9  2
6  -1
10  -3
14  4
7  -8
6  -3
8  -9
7  -7
8  -9
8  -5
11  -6
11  -9
5  5
8  -3
7  -5
12  -3
9  1
9  0
12  1
7  -10
8  -8
7  -3
8  -9
4  5
10  -2
13  -4
7  -10
9  -1
12  -3
10  -4
10  -7
14  6
6  -6
12  0
11  -6
8  -4
11  -3
10  1
8  -8
5  3
5  6
7  -7
11  -10
12  4
8  -4
11  -10
14  7
8  -8
5  2
11  -2
8  -7
11  -2
11  -10
8  -9
7  -6
10  0
7  -6
12  -2
11  -10
5  -2
10  -7
6  -5
7  -10
16  -4
11  -9
7  -6
10  -6
3  11
6  -2
6  0
6  -6
6  -3
8  -11
12  0
11  -8
3  7
8  -8
7  -5
8  -6
11  -10
10  -4
9  -1
15  5
5  2
10  -4
8  -4
7  -11
2  -7
10  -4
7  -9
15  7
11  -7
11  -3
11  -7
10  0
12  -3
8  -11
9  -4
10  0
6  -4
