10  2
8  -3
9  -6
9  -7
10  2
8  -2
13  -5
6  1
10  1
13  -6
13  -6
9  -7
10  3
10  2
11  0
9  -7
4  2
2  -3
19  2
8  -1
10  3
7  -4
12  2
13  -7
13  -7
7  -5
6  0
9  -7
11  0
11  1
6  2
7  -6
8  -2
7  -5
4  2
8  -2
9  -6
9  -5
8  -3
8  -2
5  -5
15  0
8  -1
5  -7
10  3
6  2
10  1
9  -7
10  1
14  -3
14  -2
7  -5
12  2
11  -1
16  4
8  -2
11  1
8  -3
9  -7
9  -6
6  1
13  -7
9  -7
12  3
8  -3
10  3
14  -4
6  0
7  -5
5  -7
9  -7
10  3
9  -7
5  -6
5  -5
13  -5
7  -6
18  -2
5  -7
15  0
15  0
5  -6
5  -6
9  -7
11  1
14  -4
15  0
12  1
6  0
10  1
10  2
10  1
11  0
13  -6
7  -6
8  -3
7  -4
11  -1
8  -3
13  -5
10  2
9  -5
10  3
9  -6
13  -6
6  0
8  -1
10  2
10  3
8  -1
3  2
9  -6
12  1
7  -6
11  -1
11  0
7  -5
10  2
8  -3
12  1
15  1
13  -7
6  2
6  0
12  2
9  -7
10  3
9  -5
6  2
6  1
8  -1
5  -6
8  -2
13  -7
9  -5
5  -6
10  3
13  -5
15  0
13  -7
8  -1
10  2
12  1
9  -5
8  -2
6  0
13  -6
6  2
5  -5
9  -7
9  -7
14  -4
10  1
9  -7
12  3
8  -2
6  1
9  -7
11  0
5  -7
8  -1
10  1
5  -7
9  -7
12  1
12  2
10  1
6  1
5  -5
8  -1
6  0
7  -6
6  1
5  -7
10  1
8  -3
16  4
3  2
10  2
6  0
10  2
6  2
4  0
11  0
8  -2
8  -3
10  3
8  -3
10  2
10  1
10  1
7  -4
7  -4
8  -1
12  2
7  -5
9  -7
7  -5
12  3
8  -1
13  -5
15  -1
9  -7
11  1
11  0
9  -5
9  -6
11  -1
10  3
12  3
13  -7
8  -2
16  4
9  -7
11  1
10  3
6  2
12  1
13  -5
7  -5
11  0
10  3
8  -1
12  1
8  -2
12  2
16  4
13  -7
11  0
10  1
9  -7
10  1
14  -4
10  3
10  2
6  1
7  -4
8  -1
9  -6
9  -5
5  -5
3  2
14  -3
12  3
11  1
14  -4
2  -5
11  0
12  2
15  -1
11  0
9  -5
7  -5
6  0
9  -7
3  4
8  -3
10  3
6  0
8  -2
13  -6
7  -4
4  2
8  -1
6  0
10  3
7  -5
5  -6
14  -2
10  3
9  -7
11  -1
9  -7
5  -6
8  -3
6  0
7  -5
6  2
4  0
6  0
8  -3
7  -4
6  1
7  -5
10  2
11  1
9  -6
10  3
8  -2
10  3
12  1
6  1
10  2
7  -5
9  -7
12  1
10  1
7  -6
11  0
13  -7
9  -7
10  3
7  -4
6  1
8  -3
9  -5
11  0
11  -1
14  -4
11  0
7  -6
9  -7
6  0
10  3
13  -5
6  0
10  2
13  -5
10  1
11  0
9  -6
6  1
6  2
9  -7
5  -6
9  -6
7  -6
8  -2
13  -7
9  -6
8  -1
9  -7
13  -6
12  1
3  4
12  1
11  -1
9  -6
14  -2
11  0
6  2
13  -6
8  -3
9  -5
9  -6
14  -4
5  -7
13  -7
6  1
11  1
11  0
14  -3
6  2
14  -2
12  2
7  -6
8  -1
12  1
11  1
9  -5
8  -3
9  -6
6  0
8  -3
10  1
7  -5
9  -7
9  -7
13  -6
5  -7
11  -1
8  -2
12  2
10  3
6  0
10  3
10  3
10  1
8  -3
6  2
10  1
8  -1
11  0
11  -1
7  -5
12  2
8  -3
16  6
12  3
3  4
8  -2
16  5
5  -7
10  2
5  -7
9  -6
7  -5
9  -7
5  -6
14  -2
14  -2
9  -5
11  0
9  -5
10  3
4  1
3  2
9  -6
7  -6
3  2
7  -6
8  -1
11  0
6  2
6  2
12  2
8  -3
10  3
12  3
12  2
6  1
12  2
9  -7
11  -1
12  2
7  -5
8  -3
3  2
2  -3
5  -6
11  -1
9  -5
10  3
10  2
7  -6
11  1
8  -1
15  0
10  2
5  -5
9  -5
6  0
7  -4
8  -1
2  -5
8  -2
7  -4
7  -5
11  1
6  0
6  0
7  -4
14  -3
7  -6
7  -6
9  -6
8  -1
6  2
10  3
12  3
7  -4
12  3
4  2
7  -6
11  0
10  1
9  -5
9  -6
6  1
11  1
6  1
11  -1
8  -3
12  3
5  -5
11  1
6  1
9  -7
7  -4
6  0
10  3
7  -5
5  -5
10  3
8  -3
5  -5
11  0
8  -3
10  3
10  3
5  -5
9  -7
8  -1
13  -6
10  2
11  0
5  -5
5  -5
6  2
8  -1
13  -5
7  -4
8  -1
7  -4
14  -4
7  -6
12  3
10  2
9  -6
8  -2
7  -5
8  -1
17  -1
11  -1
13  -5
8  -2
10  3
4  0
8  -1
12  1
18  -1
9  -6
4  0
7  -5
6  2
11  0
7  -5
9  -5
11  1
7  -4
9  -7
10  2
7  -5
8  -1
16  4
7  -6
14  -3
7  -6
3  4
9  -7
10  1
13  -5
7  -6
6  1
6  0
7  -5
8  -3
6  2
13  -6
7  -5
6  1
10  1
11  1
5  -6
4  2
9  -6
8  -3
11  -1
12  2
8  -1
8  -2
9  -5
5  -5
9  -5
11  1
10  2
6  1
7  -5
11  -1
9  -6
10  3
12  1
8  -2
9  -5
12  1
7  -4
7  -6
6  0
7  -6
9  -7
6  2
5  -7
10  3
9  -5
13  -5
7  -6
4  2
12  2
6  2
7  -5
12  2
4  2
12  1
10  1
11  0
10  2
10  3
5  -6
9  -5
7  -4
15  1
10  2
6  0
11  -1
5  -6
2  -4
5  -5
10  3
10  3
10  3
4  1
7  -5
11  -1
10  2
5  -7
10  1
9  -7
10  3
15  0
12  3
16  6
3  2
11  -1
10  2
12  1
7  -4
12  2
12  1
3  3
13  -6
12  2
5  -7
9  -7
12  3
14  -3
7  -4
13  -6
18  -2
11  1
9  -6
13  -6
12  2
9  -7
10  1
8  -3
8  -1
15  0
11  1
5  -7
9  -6
11  -1
9  -7
7  -5
10  3
12  2
7  -5
2  -5
14  -4
7  -4
13  -5
11  1
4  1
12  2
6  1
8  -3
8  -2
11  -1
10  1
9  -6
11  1
15  1
12  3
10  2
14  -4
5  -5
8  -1
4  0
8  -1
9  -5
8  -3
9  -5
5  -7
9  -7
9  -6
8  -3
10  1
11  0
10  1
11  0
11  -1
10  2
11  0
6  0
8  -1
8  -1
10  3
5  -5
17  -2
10  1
5  -5
7  -4
18  -2
8  -1
15  -1
8  -3
11  1
9  -5
9  -6
15  0
16  4
12  2
11  0
8  -3
8  -3
11  1
16  6
10  2
6  2
3  2
10  1
10  2
11  0
5  -6
10  1
7  -4
10  3
8  -2
11  0
7  -6
4  1
7  -4
11  1
5  -6
6  0
10  1
12  3
18  -2
12  2
13  -7
11  1
8  -2
10  1
9  -5
13  -7
14  -3
14  -4
9  -6
8  -2
7  -6
9  -5
11  1
9  -7
8  -3
7  -5
6  0
10  2
10  2
10  1
10  1
5  -6
6  1
10  1
6  1
7  -6
10  2
7  -6
9  -6
9  -6
9  -6
10  2
9  -6
6  0
9  -7
7  -4
14  -4
6  2
10  3
6  2
10  3
10  2
12  1
5  -6
5  -7
10  2
8  -1
9  -7
11  -1
9  -6
18  -1
12  3
5  -5
10  1
8  -1
6  0
4  2
16  6
9  -6
8  -2
8  -3
11  0
10  3
8  -1
11  1
14  -4
8  -3
4  2
3  3
15  -1
9  -7
12  2
12  3
7  -4
9  -5
5  -7
6  2
11  -1
15  0
13  -7
8  -2
9  -7
12  2
10  2
6  0
16  6
8  -3
9  -6
14  -4
10  3
3  4
7  -4
8  -3
5  -6
9  -5
7  -4
12  1
8  -1
12  2
9  -7
8  -2
14  -4
7  -5
7  -4
7  -6
9  -5
10  3
12  3
8  -3
7  -6
6  1
9  -7
8  -1
9  -7
15  -1
8  -1
7  -6
11  -1
7  -4
6  2
11  -1
10  2
7  -4
11  1
12  1
9  -6
11  1
9  -7
16  6
8  -3
10  1
14  -2
9  -6
16  6
10  1
13  -5
11  0
10  1
13  -5
9  -6
6  2
7  -5
13  -7
7  -6
11  -1
9  -5
10  3
8  -1
12  1
5  -5
9  -5
6  0
8  -1
4  0
12  2
6  0
12  1
8  -3
10  2
12  2
6  0
13  -6
9  -7
8  -1
13  -5
6  2
5  -6
7  -5
6  1
11  -1
7  -6
7  -6
14  -3
12  3
10  1
10  2
6  2
8  -3
8  -1
9  -6
12  3
10  3
7  -6
7  -6
10  3
14  -4
11  0
9  -5
10  3
8  -3
16  4
9  -5
8  -3
9  -7
8  -1
8  -3
12  2
11  0
7  -6
3  4
12  1
8  -2
6  0
10  1
9  -5
9  -5
10  1
11  1
11  1
5  -5
11  1
9  -7
7  -5
11  0
5  -5
11  0
13  -5
12  1
16  6
10  2
13  -5
14  -4
18  0
11  -1
10  2
8  -3
8  -1
10  2
9  -6
9  -5
14  -4
10  3
10  1
10  3
9  -6
12  1
7  -4
8  -2
9  -7
7  -6
9  -7
9  -6
9  -7
6  1
12  3
8  -3
11  0
12  2
10  2
9  -7
9  -7
9  -7
11  -1
13  -7
16  4
7  -6
11  1
6  2
13  -7
4  0
10  1
18  -2
