3  6
7  -7
6  0
12  5
15  -8
5  0
11  1
11  2
9  6
4  8
7  -7
7  -6
7  -6
5  0
6  1
6  0
8  5
4  6
11  3
9  4
7  -7
6  1
9  5
4  7
7  -6
17  -7
7  -5
8  5
8  4
4  6
8  5
8  4
9  6
7  -5
12  6
5  -2
7  -7
12  7
7  -6
9  4
8  5
8  4
11  2
1  -2
3  8
7  -6
5  0
5  -1
9  6
3  6
10  6
4  6
8  3
9  6
8  5
8  3
6  0
7  -6
6  -1
5  -2
5  -1
9  6
12  7
6  1
7  -6
13  -6
10  8
3  7
7  -7
13  -6
9  6
5  0
8  4
6  -1
7  -5
4  6
7  -7
5  -2
5  -2
11  1
7  -5
4  6
8  4
9  5
7  -6
6  0
7  -5
8  3
6  -1
9  5
8  3
5  -2
13  -6
9  4
5  -2
7  -5
10  8
7  -5
9  4
4  6
5  -1
4  6
3  7
7  -7
7  -5
4  7
6  0
9  6
6  1
3  6
6  -1
11  1
4  8
7  -7
7  -7
4  8
5  -2
5  -1
8  5
6  -1
12  5
4  7
6  0
5  -1
3  7
6  0
6  -1
8  3
8  4
9  4
7  -7
7  -6
7  -6
4  7
9  4
6  0
8  3
6  0
10  6
6  0
5  0
3  8
11  1
4  8
8  3
5  -1
3  6
5  -1
2  -1
9  6
5  -2
3  7
6  1
9  5
4  6
3  7
2  0
11  2
12  6
11  3
6  0
9  6
5  -2
7  -6
8  3
11  2
8  3
6  -1
10  6
14  -1
6  -1
7  -5
17  -8
9  5
5  -2
5  0
7  -5
10  6
8  3
5  -2
7  -7
8  5
6  0
8  4
6  -1
0  -7
10  7
8  4
4  7
6  1
13  -4
9  6
5  0
4  8
8  4
6  1
4  8
5  -2
4  6
10  8
8  3
6  1
2  -1
9  6
5  -2
8  4
5  0
4  6
6  -1
7  -5
7  -5
12  6
6  0
4  6
5  -2
3  8
6  -1
4  7
5  0
2  -2
9  4
13  -4
8  4
8  3
11  2
6  -1
5  -2
7  -5
6  1
5  -1
10  7
5  -2
10  7
3  6
9  4
6  1
4  8
7  -7
3  6
4  6
7  -7
3  8
6  -1
11  1
6  -1
5  -1
5  0
7  -6
2  -1
4  8
13  -6
3  8
6  0
10  8
2  -2
6  -1
11  1
5  -2
11  1
10  6
11  3
5  -1
6  1
7  -5
4  7
8  4
5  0
6  -1
7  -5
8  5
6  -1
5  0
13  -6
14  -1
10  8
4  8
6  0
7  -6
1  -1
10  7
8  4
5  0
6  0
17  -7
8  3
6  1
11  3
7  -5
7  -6
7  -5
8  4
5  0
7  -7
6  1
4  7
2  -2
8  5
8  5
9  4
3  8
6  0
6  -1
8  5
5  -1
4  8
8  5
7  -7
10  6
6  1
12  5
8  3
10  6
6  0
11  1
5  -1
7  -6
5  -2
2  -2
10  7
11  2
7  -5
12  6
12  7
7  -5
3  6
10  7
10  7
10  8
10  6
4  7
4  7
8  5
6  0
6  -1
8  3
6  1
8  3
4  6
4  8
10  7
6  1
3  6
7  -5
5  0
9  4
5  -2
7  -5
8  5
9  6
7  -6
8  4
4  8
11  3
7  -7
5  -2
6  -1
11  3
6  -1
6  -1
3  8
8  5
4  8
8  5
5  0
6  0
8  3
4  8
6  1
8  3
13  -4
5  0
5  -1
6  0
6  0
4  7
5  -2
9  4
11  3
4  6
8  3
10  7
9  5
2  -1
5  -2
10  8
10  7
5  -2
14  -1
4  6
7  -6
7  -7
9  4
11  3
8  4
3  6
8  5
6  0
5  -2
6  1
8  5
5  -2
7  -7
4  6
4  7
9  4
6  -1
7  -6
7  -6
10  7
10  8
5  0
11  2
7  -5
6  -1
7  -7
9  6
3  8
7  -7
5  -2
8  5
6  1
7  -5
6  -1
5  -2
8  4
9  6
7  -7
6  -1
7  -5
7  -7
10  6
7  -5
3  8
6  0
5  0
3  6
5  -1
13  -5
8  5
3  6
5  -2
8  5
8  3
2  -2
9  6
5  0
8  3
7  -6
6  1
9  4
17  -8
3  6
9  5
3  8
3  7
5  -1
9  4
6  -1
4  6
12  6
6  1
6  1
7  -7
9  4
13  -6
9  5
1  -3
7  -6
7  -6
4  6
2  0
4  7
5  -2
8  4
6  -1
7  -5
8  5
11  2
7  -5
7  -6
5  0
11  3
7  -5
8  3
8  5
6  -1
7  -6
6  1
8  5
9  4
11  1
8  4
7  -5
6  -1
11  1
6  -1
8  5
6  1
10  6
12  6
4  7
8  5
4  8
6  -1
8  3
11  2
8  3
7  -5
8  4
7  -5
3  7
11  1
4  7
8  5
7  -7
8  4
5  -1
4  8
5  0
6  -1
9  4
5  -2
5  -2
3  7
4  8
4  8
3  6
5  -1
8  4
6  1
5  -1
7  -6
7  -7
8  5
4  6
7  -7
10  6
4  8
6  -1
9  6
5  -1
5  -1
5  -1
6  1
6  1
10  6
9  6
8  3
10  8
7  -6
6  0
6  0
8  3
10  7
9  4
7  -5
8  4
7  -5
5  -1
5  -2
8  4
5  -1
7  -5
3  8
10  8
3  7
13  -6
7  -5
6  -1
7  -5
15  -8
8  5
5  -2
8  3
6  -1
10  6
3  8
5  -1
9  5
4  6
9  5
4  7
8  4
7  -5
5  -1
6  -1
12  7
4  6
14  -1
3  8
10  6
10  7
6  0
8  3
10  6
6  -1
8  3
2  -2
10  8
5  -1
9  6
8  4
8  4
5  -2
13  -5
7  -6
5  0
7  -5
6  0
13  -4
4  8
9  5
8  3
9  6
5  -2
7  -5
5  -1
6  0
7  -7
5  -1
7  -5
8  5
12  7
8  3
9  6
14  0
5  -1
10  6
9  4
4  7
6  1
11  3
10  7
6  0
5  -1
5  -1
11  3
7  -6
7  -7
9  5
5  -1
3  7
9  4
4  8
3  7
9  6
10  8
6  1
4  7
5  0
7  -6
5  -2
10  7
3  6
6  1
4  8
9  4
7  -5
5  -2
7  -6
6  1
11  1
10  6
11  2
2  -1
3  6
7  -5
8  4
8  5
4  6
8  5
6  0
10  6
7  -6
6  0
10  6
5  0
5  -1
13  -5
13  -5
5  0
1  -2
4  8
5  -2
8  5
6  1
5  0
8  3
10  7
7  -7
10  8
3  8
7  -5
5  -2
8  3
11  2
9  4
10  6
4  7
9  6
9  4
9  6
4  7
5  -1
6  1
7  -6
6  0
6  1
9  4
3  6
11  3
3  6
8  5
4  6
10  8
4  8
9  6
6  0
11  2
5  -2
4  7
8  3
9  6
4  6
9  6
3  8
9  4
8  3
7  -6
6  1
8  3
8  4
8  3
8  3
9  4
5  0
10  8
11  2
7  -5
5  -1
6  0
8  3
9  4
8  4
8  4
11  1
10  7
9  6
7  -6
10  6
16  7
11  1
7  -7
15  -8
11  2
7  -5
3  6
11  3
7  -7
11  1
5  -2
4  8
7  -5
6  -1
2  0
3  7
8  3
5  -1
8  4
13  -6
6  0
9  6
10  6
10  8
5  -2
7  -7
5  -1
4  8
11  3
3  7
7  -7
6  0
10  7
12  7
10  6
6  1
12  7
15  -7
11  1
6  -1
9  4
5  -1
2  0
3  8
10  7
5  0
4  6
7  -7
4  8
7  -6
11  1
9  6
9  4
5  -2
5  0
10  6
12  5
9  6
7  -7
4  8
6  -1
10  7
13  -6
12  6
8  3
10  7
4  6
4  7
5  -2
8  4
5  -1
6  1
5  -2
5  0
4  7
7  -6
5  0
11  2
5  0
8  4
8  5
6  1
8  5
8  3
9  4
6  -1
6  -1
8  5
8  3
4  8
7  -5
4  7
10  7
6  1
8  5
6  -1
9  4
6  1
8  5
8  5
4  6
6  1
1  -3
2  -1
11  1
6  1
6  0
7  -7
8  3
6  -1
8  4
5  -2
6  1
11  2
5  -2
7  -6
4  7
7  -5
6  1
5  -2
4  6
3  6
4  8
11  3
5  -2
7  -6
7  -6
8  3
6  0
7  -5
4  8
8  5
6  0
8  4
9  5
9  5
10  7
2  -1
5  0
6  0
6  0
5  0
8  3
6  1
10  6
10  6
8  3
11  3
9  5
9  6
7  -7
14  -2
9  4
8  3
7  -6
7  -7
6  0
7  -6
7  -5
3  8
7  -6
12  6
4  8
12  6
5  -2
10  7
7  -6
10  7
11  1
8  4
11  3
8  3
7  -7
8  4
9  6
8  4
5  -2
1  -3
7  -6
4  8
10  7
5  -1
4  6
10  6
7  -7
10  6
9  6
2  -2
2  0
7  -5
7  -5
6  1
10  7
10  8
8  3
13  -6
7  -5
3  6
8  3
10  7
8  5
6  0
4  8
11  1
10  8
6  0
4  7
7  -5
7  -5
9  6
4  8
4  7
7  -6
6  1
8  3
8  3
8  5
4  8
14  -2
5  0
2  0
9  5
3  8
7  -5
5  0
7  -7
8  3
9  5
6  0
10  6
7  -5
8  5
7  -6
5  0
12  5
12  7
8  4
8  3
4  7
8  4
8  5
3  7
4  8
8  4
9  6
8  4
7  -6
7  -6
7  -7
8  5
