+150  -18  -16  -15  -9  -4  -2  +9  +27  +30  
+155  -20  -20  -15  -13  -12  -12  -12  -10  -8  -6  -3  +1  +5  +5  +5  +6  +11  +12  +13  +15  +17  +18  +19  
+156  -35  -33  -31  -24  -15  -4  -1  +1  +1  +3  +9  +11  +12  +12  +12  +14  +19  +23  +23  
+157  -20  -19  -7  -2  +0  +3  +4  +5  +9  +23  
+158  -15  -13  -10  -9  +0  +1  +3  +15  +28  
+160  -33  -32  -24  -23  -22  -21  -19  -19  -19  -18  -18  -17  -16  -16  -14  -14  -14  -14  -13  -13  -12  -11  -10  -10  -10  -10  -9  -9  -9  -9  -7  -6  -5  -5  -5  -5  -2  -1  -1  +0  +1  +1  +2  +2  +4  +4  +5  +5  +5  +5  +6  +9  +9  +9  +10  +10  +10  +11  +11  +14  +14  +15  +15  +15  +15  +16  +17  +17  +17  +17  +18  +20  +20  +21  +21  +23  +23  +24  +29  +31  +34  
+162  -19  -18  -18  -16  -14  -8  -3  +2  +3  +4  +5  +6  +13  +28  +32  
+163  -29  -22  -20  -12  -11  -1  +2  +2  +3  +3  +6  +6  +14  +18  +19  +23  
+164  -18  -15  -11  +0  +4  +6  +7  +13  +18  
+165  -37  -30  -30  -27  -18  -16  -16  -15  -15  -15  -14  -14  -11  -9  -7  -6  -4  -3  -3  -3  -3  -3  -2  -1  +2  +2  +3  +4  +7  +7  +7  +8  +8  +10  +10  +13  +13  +18  +21  +22  +23  +23  +24  +24  +28  +32  
+166  -23  -15  -8  +3  +5  +5  +5  +13  +14  
+167  -24  -21  -17  -1  +12  +13  +15  +19  
+168  -21  -15  -13  -10  -9  -4  -2  +0  +1  +3  +4  +10  +20  +21  +22  
+169  -29  +2  +3  +3  +3  +5  +11  
+170  -33  -31  -22  -21  -18  -14  -13  -12  -11  -10  -10  -8  -7  -6  -4  -4  -3  -3  -2  +0  +1  +1  +2  +3  +6  +6  +7  +8  +8  +9  +9  +10  +13  +14  +14  +14  +16  +23  +24  +26  
+171  -17  -17  -16  -6  +0  +8  +12  +14  +19  
+172  -18  -11  -11  -9  -8  -7  -5  -4  +3  +7  +7  +10  +18  +27  
+173  -22  -10  -9  +1  +2  +10  +26  
+175  -30  -26  -26  -10  -7  -7  -7  -3  +1  +1  +3  +3  +3  +9  +11  +13  +13  +13  +14  +19  +21  
+176  -23  -11  -10  -7  -4  -4  +0  +15  +20  +22  
+178  -27  -7  -5  -3  -1  +1  +6  +15  +23  
