+27  -6  -6  -1  +0  +1  +6  +9  
+30  -7  -5  -5  -5  +2  +5  +16  
+32  -6  -4  -3  -1  +2  +3  +12  
+33  -12  -2  -2  +1  +3  +3  +6  
+34  -13  -8  -4  +2  +2  +2  +4  +7  +12  
+35  -6  -6  -6  -3  -1  -1  -1  -1  +1  +3  +4  +4  +9  
+36  -18  -14  -9  -7  -7  -1  +1  +3  +4  +4  +5  +5  +9  +18  
+37  -14  -13  -12  -10  -9  -1  +1  +2  +6  +6  +6  +7  +13  +21  
+39  -6  -4  -1  -1  -1  -1  +3  +11  
+40  -14  -11  -4  -4  -4  -4  -2  +1  +6  +8  +12  +14  
+42  -13  -10  -5  -2  +0  +2  +8  +18  
+43  -10  -7  -4  -2  +5  +9  +9  
+44  -11  -9  -6  -6  -6  -6  +2  +3  +4  +4  +7  +12  +13  
+45  -18  -10  -6  -3  +1  +1  +1  +2  +2  +5  +7  +7  +9  
+46  -13  -8  -4  -3  -3  -1  -1  -1  -1  -1  +2  +4  +11  +11  +12  
+47  -17  -7  -5  -4  -4  -2  -1  +1  +2  +4  +8  +8  +8  +9  
+48  -9  -8  -7  -6  -4  -4  -2  +1  +6  +14  +18  
+49  -6  -4  +0  +0  +0  +2  +4  +4  
+50  -8  -7  -7  -4  -4  -3  +0  +1  +3  +5  +7  +17  
+51  -10  -6  -6  -1  -1  +4  +20  
+53  -10  -9  -9  -5  -5  +0  +4  +6  +10  +13  
+54  -5  -5  -5  -5  -1  +5  +5  +7  +7  
+56  -5  -3  -2  -2  -2  +1  +3  +3  +6  
+57  -16  -5  -4  -4  -3  +1  +1  +3  +6  +6  +6  +8  
+58  -15  -13  -8  -3  -3  -3  +0  +3  +7  +12  +23  
+59  -7  -2  -2  -2  -1  -1  +3  +3  +12  
+62  -12  -10  -4  -2  -2  +3  +3  +3  +9  +11  
+63  -9  -5  -5  -2  -1  +2  +9  +10  
+64  -6  -5  -5  -5  -1  -1  -1  -1  +6  +9  +12  
+66  -6  -5  -1  -1  -1  -1  +6  +7  
+72  -10  -4  -4  +1  +1  +6  +7  
