+27  +155  +155  +160  +161  +162  +167  +170  
+30  +158  +160  +160  +160  +167  +170  +181  
+32  +155  +157  +158  +160  +163  +164  +173  
+33  +150  +160  +160  +163  +165  +165  +168  
+34  +150  +155  +159  +165  +165  +165  +167  +170  +175  
+35  +155  +155  +155  +158  +160  +160  +160  +160  +162  +164  +165  +165  +170  
+36  +149  +153  +158  +160  +160  +166  +168  +170  +171  +171  +172  +172  +176  +185  
+37  +155  +156  +157  +159  +160  +168  +170  +171  +175  +175  +175  +176  +182  +190  
+39  +155  +157  +160  +160  +160  +160  +164  +172  
+40  +150  +153  +160  +160  +160  +160  +162  +165  +170  +172  +176  +178  
+42  +157  +160  +165  +168  +170  +172  +178  +188  
+43  +157  +160  +163  +165  +172  +176  +176  
+44  +155  +157  +160  +160  +160  +160  +168  +169  +170  +170  +173  +178  +179  
+45  +150  +158  +162  +165  +169  +169  +169  +170  +170  +173  +175  +175  +177  
+46  +153  +158  +162  +163  +163  +165  +165  +165  +165  +165  +168  +170  +177  +177  +178  
+47  +150  +160  +162  +163  +163  +165  +166  +168  +169  +171  +175  +175  +175  +176  
+48  +155  +156  +157  +158  +160  +160  +162  +165  +170  +178  +182  
+49  +160  +162  +166  +166  +166  +168  +170  +170  
+50  +159  +160  +160  +163  +163  +164  +167  +168  +170  +172  +174  +184  
+51  +156  +160  +160  +165  +165  +170  +186  
+53  +155  +156  +156  +160  +160  +165  +169  +171  +175  +178  
+54  +160  +160  +160  +160  +164  +170  +170  +172  +172  
+56  +162  +164  +165  +165  +165  +168  +170  +170  +173  
+57  +153  +164  +165  +165  +166  +170  +170  +172  +175  +175  +175  +177  
+58  +148  +150  +155  +160  +160  +160  +163  +166  +170  +175  +186  
+59  +155  +160  +160  +160  +161  +161  +165  +165  +174  
+62  +155  +157  +163  +165  +165  +170  +170  +170  +176  +178  
+63  +156  +160  +160  +163  +164  +167  +174  +175  
+64  +155  +156  +156  +156  +160  +160  +160  +160  +167  +170  +173  
+66  +155  +156  +160  +160  +160  +160  +167  +168  
+72  +154  +160  +160  +165  +165  +170  +171  
