+150  +31  +33  +34  +40  +45  +47  +58  +76  +79  
+155  +27  +27  +32  +34  +35  +35  +35  +37  +39  +41  +44  +48  +52  +52  +52  +53  +58  +59  +60  +62  +64  +65  +66  
+156  +17  +19  +21  +28  +37  +48  +51  +53  +53  +55  +61  +63  +64  +64  +64  +66  +71  +75  +75  
+157  +19  +20  +32  +37  +39  +42  +43  +44  +48  +62  
+158  +30  +32  +35  +36  +45  +46  +48  +60  +73  
+160  +16  +17  +25  +26  +27  +28  +30  +30  +30  +31  +31  +32  +33  +33  +35  +35  +35  +35  +36  +36  +37  +38  +39  +39  +39  +39  +40  +40  +40  +40  +42  +43  +44  +44  +44  +44  +47  +48  +48  +49  +50  +50  +51  +51  +53  +53  +54  +54  +54  +54  +55  +58  +58  +58  +59  +59  +59  +60  +60  +63  +63  +64  +64  +64  +64  +65  +66  +66  +66  +66  +67  +69  +69  +70  +70  +72  +72  +73  +78  +80  +83  
+162  +24  +25  +25  +27  +29  +35  +40  +45  +46  +47  +48  +49  +56  +71  +75  
+163  +15  +22  +24  +32  +33  +43  +46  +46  +47  +47  +50  +50  +58  +62  +63  +67  
+164  +32  +35  +39  +50  +54  +56  +57  +63  +68  
+165  +12  +19  +19  +22  +31  +33  +33  +34  +34  +34  +35  +35  +38  +40  +42  +43  +45  +46  +46  +46  +46  +46  +47  +48  +51  +51  +52  +53  +56  +56  +56  +57  +57  +59  +59  +62  +62  +67  +70  +71  +72  +72  +73  +73  +77  +81  
+166  +21  +29  +36  +47  +49  +49  +49  +57  +58  
+167  +27  +30  +34  +50  +63  +64  +66  +70  
+168  +25  +31  +33  +36  +37  +42  +44  +46  +47  +49  +50  +56  +66  +67  +68  
+169  +13  +44  +45  +45  +45  +47  +53  
+170  +15  +17  +26  +27  +30  +34  +35  +36  +37  +38  +38  +40  +41  +42  +44  +44  +45  +45  +46  +48  +49  +49  +50  +51  +54  +54  +55  +56  +56  +57  +57  +58  +61  +62  +62  +62  +64  +71  +72  +74  
+171  +36  +36  +37  +47  +53  +61  +65  +67  +72  
+172  +29  +36  +36  +38  +39  +40  +42  +43  +50  +54  +54  +57  +65  +74  
+173  +32  +44  +45  +55  +56  +64  +80  
+175  +14  +18  +18  +34  +37  +37  +37  +41  +45  +45  +47  +47  +47  +53  +55  +57  +57  +57  +58  +63  +65  
+176  +24  +36  +37  +40  +43  +43  +47  +62  +67  +69  
+178  +20  +40  +42  +44  +46  +48  +53  +62  +70  
