+29  +88  
+30  +87  
+31  +103  +89  +100  +98  +90  +92  
+32  +86  +88  +87  
+33  +92  +96  
+34  +100  +106  +88  +87  +84  
+35  +91  +89  +92  
+36  +91  +95  +111  +98  +91  
+37  +89  +107  +99  +113  +98  +95  
+38  +94  +95  +92  +103  +88  
+39  +93  +96  +90  +96  +100  +91  +104  +84  +86  
+40  +85  +95  +91  +89  +97  +91  +92  
+41  +94  +94  +92  
+42  +88  +94  +100  +90  
+43  +99  +97  +95  +92  +88  
+44  +106  +92  +93  +100  +100  +93  +86  +99  
+45  +92  +103  
+46  +91  +93  +93  
+47  +101  +98  +98  +115  
+48  +107  +89  +94  +96  
+49  +96  +97  +90  +94  +101  +96  +94  +87  
+50  +93  +96  +101  +97  +90  +93  +93  +92  
+51  +94  +104  +94  +98  +100  +94  +93  
