+21  +66  +50  +55  +82  +96  +56  +76  +70  +75  +52  +64  +74  +62  +58  +80  +64  +60  +64  +64  +52  +62  +78  +88  +68  +75  +78  +64  +64  +64  +60  +64  +74  +60  +68  +64  +64  +70  +56  +62  +90  +60  +50  +62  +60  +64  +70  +72  +96  +80  +90  +24  +60  +70  +64  +68  +78  +65  +58  +58  +66  +86  +60  
+22  +66  +58  +70  +80  +64  +75  +48  +44  +65  +48  +60  +60  +60  +52  +70  +74  +66  +78  +86  +80  +70  +54  +62  +70  +60  +70  +68  +46  +86  +82  +60  +68  +66  +84  +84  +68  +74  +66  +64  +52  +70  +66  +62  +66  +60  +54  +58  +60  +56  +82  +78  +82  +50  +70  +58  +76  +100  +56  +64  +64  +46  +84  +88  +52  +86  +56  +58  +70  +58  
+23  +86  +50  +76  +74  +76  +58  +62  +82  +56  +60  +64  +62  +68  +90  +90  +86  +64  +86  +64  +70  +82  +80  +62  +86  +62  +62  +60  +76  +60  +54  +58  +74  +70  +64  +70  
+24  +58  +66  +68  +62  +72  +85  +72  +64  +74  +85  +65  +52  +80  +80  +50  +70  +64  +48  +84  +72  +62  +72  +54  +64  +54  +68  +64  +68  +65  +54  +58  +74  +76  +56  +68  +78  +88  +54  +78  +70  +80  +64  +60  +88  
+25  +66  +66  +58  +62  +48  +76  +80  +60  +62  +68  +68  +70  +62  +58  +68  +50  +74  +58  +82  +58  +62  +70  +58  +70  +70  +62  +72  +78  +68  +64  +72  +70  +90  +68  +44  +52  +62  +52  +60  +52  +74  +60  +78  +62  
+26  +50  +64  +50  +64  +68  +30  +68  +110  +64  +66  +76  +72  +56  +68  +76  +62  +48  +88  +94  +80  +74  +62  +80  +38  +80  +76  +70  +76  +44  +88  +76  
+27  +88  +68  +85  +72  +74  +65  +122  +80  +60  +70  +72  +76  +84  +74  +76  +68  +78  +72  +80  +60  +82  +72  +86  +72  +60  +54  +82  +80  +76  +94  +70  
+28  +76  +92  +66  +72  +82  +70  +62  +98  +66  +50  +52  +68  +68  +90  +64  +75  +72  +82  +58  +72  +72  +70  +68  +64  +66  +86  +76  +74  +74  +88  +80  +60  +78  
+29  +80  +56  +80  +66  +90  +70  +84  +60  +68  +76  +60  +86  +70  +76  +74  +80  +76  +64  +72  +75  +80  +88  +66  +78  +66  +88  +50  
+30  +74  +92  +66  +70  +64  +56  +68  +80  +64  +84  +74  +54  +62  +68  +70  +74  +96  +74  +72  
+31  +66  +84  +74  +66  +88  +90  +60  +76  +70  +78  +60  +78  +64  +78  +88  +76  +65  +62  +70  +74  +78  
+32  +64  +70  +74  +88  +80  +68  +68  +74  +84  +75  +92  +60  +76  +74  +74  
+33  +40  +30  +60  +72  +70  +56  +64  +98  +50  +72  +78  +86  +70  +68  +66  +74  +62  
+34  +74  +80  +64  +68  +70  +68  +84  +98  +72  +64  +80  +50  +86  +78  
+35  +76  +62  +82  +100  +74  +84  +70  +90  +74  +44  
+36  +62  +78  +88  +90  +82  +72  +66  +82  +70  +74  +78  +68  +68  +58  +70  
+37  +84  +108  +58  +65  +82  +88  +76  +70  +70  +80  +72  +82  +78  +90  +110  +70  +72  +88  
+38  +92  +88  +74  +82  +70  +86  +78  +64  +74  +62  +82  +74  +72  +62  +78  
+39  +72  +54  +74  +76  +56  +74  +70  +74  +74  +70  +88  +90  
+40  +64  +72  +88  +74  +70  +78  +78  +88  +80  +60  +70  +78  
+41  +90  +70  +68  +78  +80  +74  +68  +84  +66  +68  +66  +84  +64  +85  +104  +68  +64  +60  +66  +80  
+42  +66  +66  +90  +78  +66  +86  +78  +55  +52  +66  +90  +68  +76  +84  +68  +86  +72  +74  
+43  +76  +70  +78  +74  +80  +90  +82  +74  +106  +58  +68  +90  +74  
+44  +82  +62  +80  +76  +80  +114  
+45  +78  +72  +74  +102  +100  +70  +70  +84  +94  +80  +78  +78  +94  +94  +78  
+46  +76  +62  +80  +78  +72  +82  +72  +72  +90  +62  +76  +82  +84  
+47  +72  +78  +86  +68  +106  +60  
+48  +92  +74  +72  +74  +80  
+49  +85  +88  +88  +68  +78  
+50  +72  +84  +90  +82  +74  +82  +80  +62  
+51  +72  +94  +84  +76  +74  +84  +86  +106  
+52  +104  +70  +80  +76  +86  +88  +76  +72  
+53  +70  +88  +76  +86  +75  
+54  +96  +110  +92  +76  +78  +84  
+55  +78  +72  +61  +70  
+56  +72  +85  +72  
+57  +80  +82  +76  +74  +72  
+58  +90  +72  +82  +82  +78  +68  +76  
+59  +60  +78  +84  
+60  +75  +72  +68  +95  +90  
+61  +92  +60  
+62  +84  +54  +70  +78  
+63  +80  +70  +86  +76  
+64  +78  
+65  +78  +50  +108  
+66  +90  +74  +88  +92  
+67  +78  +80  +60  
+68  +82  
+69  +80  +82  
+70  +82  
+81  +74  
