+24  +21  
+30  +33  +26  
+38  +26  
+40  +33  
+44  +22  +25  +35  +26  
+46  +22  +22  
+48  +22  +22  +25  +24  +26  
+50  +26  +26  +21  +23  +33  +24  +65  +25  +28  +21  +22  +29  +34  
+52  +22  +21  +24  +42  +21  +28  +22  +25  +25  +25  +22  
+54  +39  +22  +30  +24  +24  +62  +24  +22  +24  +23  +27  
+55  +21  +42  
+56  +29  +21  +33  +23  +30  +26  +39  +21  +24  +22  +22  +22  
+58  +22  +24  +37  +25  +23  +21  +25  +25  +25  +25  +28  +24  +22  +36  +22  +43  +21  +23  +21  +22  +22  
+60  +59  +33  +22  +22  +31  +22  +23  +27  +29  +25  +21  +61  +29  +31  +22  +22  +21  +21  +21  +41  +21  +22  +67  +32  +22  +27  +21  +23  +23  +27  +40  +25  +25  +24  +28  +21  +47  
+61  +55  
+62  +36  +24  +46  +25  +23  +21  +23  +25  +44  +35  +21  +22  +25  +28  +26  +24  +25  +25  +30  +38  +26  +21  +21  +22  +23  +46  +25  +23  +23  +31  +38  +50  +25  +33  
+64  +32  +26  +40  +22  +26  +24  +30  +34  +21  +33  +23  +26  +21  +21  +21  +24  +23  +30  +29  +21  +21  +21  +21  +31  +41  +28  +21  +21  +38  +24  +22  +23  +25  +24  +41  +21  +28  +21  +34  +22  +22  +23  +24  
+65  +22  +27  +37  +24  +24  +31  +21  
+66  +31  +21  +22  +25  +31  +30  +42  +42  +25  +28  +24  +42  +22  +29  +36  +41  +26  +41  +28  +42  +22  +22  +22  +22  +29  +28  +33  +41  +29  +21  
+68  +27  +41  +26  +24  +26  +34  +41  +60  +32  +32  +29  +23  +41  +25  +25  +34  +47  +21  +25  +30  +26  +22  +22  +28  +28  +22  +27  +21  +36  +25  +24  +24  +33  +30  +41  +58  +28  +25  +42  +24  +36  +21  +49  +43  +42  
+70  +53  +32  +41  +22  +43  +30  +33  +21  +22  +29  +40  +27  +38  +31  +22  +34  +24  +52  +25  +28  +29  +22  +36  +37  +37  +22  +63  +25  +25  +25  +21  +33  +23  +39  +22  +35  +45  +55  +28  +25  +45  +21  +37  +30  +39  +62  +21  +24  +22  +40  +31  +23  +26  +36  +22  +27  +23  
+72  +50  +51  +56  +39  +27  +45  +60  +40  +33  +24  +24  +28  +47  +36  +55  +27  +26  +33  +58  +24  +46  +57  +29  +24  +37  +46  +25  +28  +48  +28  +25  +28  +46  +27  +21  +37  +34  +27  +38  +27  +56  +42  +52  +30  
+74  +30  +34  +31  +32  +27  +38  +23  +39  +24  +22  +45  +41  +21  +40  +32  +43  +57  +51  +27  +29  +25  +36  +48  +30  +35  +39  +21  +38  +22  +26  +81  +39  +66  +39  +24  +43  +35  +38  +30  +50  +48  +28  +30  +33  +28  +25  +23  +31  +32  +42  +32  +43  
+75  +60  +22  +21  +21  +32  +29  +28  +53  
+76  +43  +28  +35  +46  +23  +21  +25  +23  +31  +57  +26  +27  +29  +51  +39  +37  +29  +26  +44  +29  +27  +31  +24  +53  +58  +54  +42  +52  +46  +28  +23  +32  +22  +26  +26  +27  +52  +26  +63  
+78  +45  +41  +36  +42  +55  +65  +43  +42  +47  +22  +40  +21  +31  +46  +59  +33  +21  +67  +31  +38  +36  +31  +25  +37  +27  +58  +40  +64  +29  +62  +24  +54  +22  +21  +24  +45  +49  +45  +40  +31  +38  +25  +34  +28  +45  
+80  +57  +29  +22  +34  +69  +29  +41  +27  +32  +25  +21  +24  +46  +22  +24  +63  +52  +43  +30  +44  +37  +29  +26  +29  +67  +26  +23  +27  +21  +44  +26  +45  +50  +41  +40  +24  +27  +34  +28  +48  
+82  +57  +44  +21  +38  +23  +36  +37  +28  +36  +35  +46  +25  +58  +22  +58  +37  +43  +28  +23  +38  +50  +22  +27  +50  +22  +27  +70  +68  +69  +46  
+84  +31  +50  +37  +62  +29  +41  +51  +32  +27  +34  +24  +41  +30  +35  +22  +22  +51  +59  +45  +42  +54  +22  +46  
+85  +27  +24  +24  +49  +41  +56  
+86  +23  +42  +22  +23  +38  +47  +29  +23  +33  +22  +63  +51  +23  +52  +28  +27  +53  +34  +42  +22  +21  
+88  +27  +31  +38  +40  +36  +32  +37  +21  +49  +49  +26  +31  +29  +53  +66  +24  +40  +29  +28  +52  +22  +24  +39  +26  +37  
+90  +41  +58  +42  +31  +36  +29  +66  +23  +23  +43  +28  +50  +42  +21  +35  +60  +46  +25  +37  +21  +43  +39  
+92  +30  +38  +28  +48  +54  +61  +32  +66  
+94  +51  +26  +45  +45  +45  +27  
+95  +60  
+96  +54  +21  +21  +30  
+98  +33  +28  +34  
+100  +35  +45  +22  
+102  +45  
+104  +52  +41  
+106  +51  +43  +47  
+108  +37  +65  
+110  +54  +26  +37  
+114  +44  
+122  +27  
