+53  +37  +40  +41  +45  +46  +55  +56  +61  
+56  +30  +37  +38  +45  +46  +54  +61  
+60  +22  +25  +34  +36  +46  +46  +49  +59  
+61  +36  +45  +48  +54  +64  +67  +68  +72  +74  
+62  +18  +34  +35  +35  +36  +37  +41  +47  +48  +64  
+63  +39  +41  +44  +44  +45  +46  +46  +46  +50  +53  +56  +59  +63  +64  +65  +65  +67  +68  +72  +75  +76  
+64  +24  +34  +42  +42  +44  +45  +55  +62  +63  +66  +73  
+65  +27  +36  +37  +39  +39  +45  +47  +53  +56  +59  +63  +64  +64  +75  
+66  +30  +30  +31  +32  +35  +42  +43  +45  +52  +57  +59  +62  +66  +73  
+67  +19  +27  +30  +31  +47  +47  +48  +48  +49  +55  +57  +80  
+68  +12  +24  +30  +32  +35  +40  +40  +41  +43  +47  +50  +50  +52  +64  +65  +71  +72  
+69  +16  +21  +31  +34  +37  +46  +52  +53  +57  +59  +67  +68  
+70  +7  +26  +27  +33  +37  +38  +40  +41  +43  +44  +45  +46  +50  +50  +58  +58  +58  +62  +62  +64  
+71  +20  +29  +42  +44  +48  +49  +51  +51  +55  +55  +58  +58  +66  +72  
+72  +18  +19  +32  +32  +36  +36  +39  +40  +44  +45  +46  +48  +49  +49  +53  +56  +57  +57  +58  +59  +75  
+73  +25  +26  +28  +33  +33  +34  +35  +37  +37  +39  +44  +46  +50  +50  +51  +51  +54  +58  +61  
+74  +11  +32  +46  +48  +49  +52  +53  +58  +79  
+75  +20  +31  +35  +42  +51  +54  +56  +56  +59  +59  +59  +62  +63  +78  +78  
+76  +28  +31  +38  +40  +46  +47  +47  +50  +54  +58  +60  +81  
+77  +33  +36  +36  +44  +44  +45  +47  +57  +62  +75  
+78  +9  +25  +27  +29  +34  +37  +42  +43  +44  +44  +48  +54  +57  +64  +64  +65  
+79  +30  +33  +40  +44  +55  +56  +56  
+80  +8  +15  +31  +32  +35  +36  +39  +43  +50  +53  +60  +61  +69  +73  +80  
+81  +32  +35  +37  +39  +39  +42  +43  +47  +50  +51  +54  +57  +58  +64  +66  +67  +67  +69  
+84  +13  +36  +36  +37  +40  +60  +61  +72  +83  
+86  +17  +28  +40  +44  +45  +46  +47  +57  +68  
+89  +17  +27  +37  +40  +48  +62  +63  +70  +75  
+92  +18  +19  +33  +35  +47  +57  +70  +71  
+93  +11  +17  +22  +24  +25  +38  +45  +47  +50  +67  +70  
